#t	Le	U	B	V	R	I	J	H	K	g	r	i	z
#----------------------------------------------- 
3.222521072820162	0.0	0.0	0.0	0.0	0.0	0.0	0.0	0.0	0.0	0.0	0.0	0.0	0.0
3.3005802423756188	0.0	0.0	0.0	0.0	0.0	0.0	0.0	0.0	0.0	0.0	0.0	0.0	0.0
3.4568482879082647	0.0	0.0	0.0	0.0	0.0	0.0	0.0	0.0	0.0	0.0	0.0	0.0	0.0
3.641698189112179	0.0	0.0	0.0	0.0	0.0	0.0	0.0	0.0	0.0	0.0	0.0	0.0	0.0
3.8444714222370715	0.0	0.0	0.0	0.0	0.0	0.0	0.0	0.0	0.0	0.0	0.0	0.0	0.0
4.06374535891814	0.0	0.0	0.0	0.0	0.0	0.0	0.0	0.0	0.0	0.0	0.0	0.0	0.0
4.299887980567692	0.0	0.0	0.0	0.0	0.0	0.0	0.0	0.0	0.0	0.0	0.0	0.0	0.0
4.553811138947324	0.0	0.0	0.0	0.0	0.0	0.0	0.0	0.0	0.0	0.0	0.0	0.0	0.0
4.826674548597407	0.0	0.0	0.0	0.0	0.0	0.0	0.0	0.0	0.0	0.0	0.0	0.0	0.0
5.1197955034357205	0.0	0.0	0.0	0.0	0.0	0.0	0.0	0.0	0.0	0.0	0.0	0.0	0.0
5.43461757550367	0.0	0.0	0.0	0.0	0.0	0.0	0.0	0.0	0.0	0.0	0.0	0.0	0.0
5.772700008163771	0.0	0.0	0.0	0.0	0.0	0.0	0.0	0.0	0.0	0.0	0.0	0.0	0.0
6.135715625417332	0.0	0.0	0.0	0.0	0.0	0.0	0.0	0.0	0.0	0.0	0.0	0.0	0.0
6.525452798051347	0.0	0.0	0.0	0.0	0.0	0.0	0.0	0.0	0.0	0.0	0.0	0.0	0.0
6.943819668751166	0.0	0.0	0.0	0.0	0.0	0.0	0.0	0.0	0.0	0.0	0.0	0.0	0.0
7.3928498752179115	0.0	0.0	0.0	0.0	0.0	0.0	0.0	0.0	0.0	0.0	0.0	0.0	0.0
7.874709459259138	0.0	0.0	0.0	0.0	0.0	0.0	0.0	0.0	0.0	0.0	0.0	0.0	0.0
8.39170486515434	0.0	0.0	0.0	0.0	0.0	0.0	0.0	0.0	0.0	0.0	0.0	0.0	0.0
8.946292046496291	0.0	0.0	0.0	0.0	0.0	0.0	0.0	0.0	0.0	0.0	0.0	0.0	0.0
9.54108677223283	0.0	0.0	0.0	0.0	0.0	0.0	0.0	0.0	0.0	0.0	0.0	0.0	0.0
10.178876273900972	0.0	0.0	0.0	0.0	0.0	0.0	0.0	0.0	0.0	0.0	0.0	0.0	0.0
10.862632418533414	0.0	0.0	0.0	0.0	0.0	0.0	0.0	0.0	0.0	0.0	0.0	0.0	0.0
11.595526631164681	0.0	0.0	0.0	0.0	0.0	0.0	0.0	0.0	0.0	0.0	0.0	0.0	0.0
12.380946830060454	0.0	0.0	0.0	0.0	0.0	0.0	0.0	0.0	0.0	0.0	0.0	0.0	0.0
13.222516679167505	0.0	0.0	0.0	0.0	0.0	0.0	0.0	0.0	0.0	0.0	0.0	0.0	0.0
14.124117507075535	0.0	0.0	0.0	0.0	0.0	0.0	0.0	0.0	0.0	0.0	0.0	0.0	0.0
15.089913291880602	0.0	0.0	0.0	0.0	0.0	0.0	0.0	0.0	0.0	0.0	0.0	0.0	0.0
16.124379168099576	0.0	0.0	0.0	0.0	0.0	0.0	0.0	0.0	0.0	0.0	0.0	0.0	0.0
17.232333977858033	0.0	0.0	0.0	0.0	0.0	0.0	0.0	0.0	0.0	0.0	0.0	0.0	0.0
18.41897746629229	0.0	0.0	0.0	0.0	0.0	0.0	0.0	0.0	0.0	0.0	0.0	0.0	0.0
19.689932813855414	0.0	0.0	0.0	0.0	0.0	0.0	0.0	0.0	0.0	0.0	0.0	0.0	0.0
21.05129530964762	0.0	0.0	0.0	0.0	0.0	0.0	0.0	0.0	0.0	0.0	0.0	0.0	0.0
22.509688105223816	0.0	0.0	0.0	0.0	0.0	0.0	0.0	0.0	0.0	0.0	0.0	0.0	0.0
24.072326153180956	0.0	0.0	0.0	0.0	0.0	0.0	0.0	0.0	0.0	0.0	0.0	0.0	0.0
25.74708963625261	0.0	0.0	0.0	0.0	0.0	0.0	0.0	0.0	0.0	0.0	0.0	0.0	0.0
27.542608440131712	0.0	0.0	0.0	0.0	0.0	0.0	0.0	0.0	0.0	0.0	0.0	0.0	0.0
29.46835952750225	0.0	0.0	0.0	0.0	0.0	0.0	0.0	0.0	0.0	0.0	0.0	0.0	0.0
31.534779446123142	0.0	0.0	0.0	0.0	0.0	0.0	0.0	0.0	0.0	0.0	0.0	0.0	0.0
33.75339466884015	0.0	0.0	0.0	0.0	0.0	0.0	0.0	0.0	0.0	0.0	0.0	0.0	0.0
36.13697304058322	0.0	0.0	0.0	0.0	0.0	0.0	0.0	0.0	0.0	0.0	0.0	0.0	0.0
38.699700327691126	0.0	0.0	0.0	0.0	0.0	0.0	0.0	0.0	0.0	0.0	0.0	0.0	0.0
41.45738676756554	0.0	0.0	0.0	0.0	0.0	0.0	0.0	0.0	0.0	0.0	0.0	0.0	0.0
44.427709653354356	0.0	0.0	0.0	0.0	0.0	0.0	0.0	0.0	0.0	0.0	0.0	0.0	0.0
47.63049942856959	0.0	0.0	0.0	0.0	0.0	0.0	0.0	0.0	0.0	0.0	0.0	0.0	0.0
51.08807860147873	0.0	0.0	0.0	0.0	0.0	0.0	0.0	0.0	0.0	0.0	0.0	0.0	0.0
54.8256651435934	0.0	0.0	0.0	0.0	0.0	0.0	0.0	0.0	0.0	0.0	0.0	0.0	0.0
58.871855076936015	0.0	0.0	0.0	0.0	0.0	0.0	0.0	0.0	0.0	0.0	0.0	0.0	0.0
63.259202913369705	0.0	0.0	0.0	0.0	0.0	0.0	0.0	0.0	0.0	0.0	0.0	0.0	0.0
68.02492380010149	0.0	0.0	0.0	0.0	0.0	0.0	0.0	0.0	0.0	0.0	0.0	0.0	0.0
73.21174809478157	0.0	0.0	0.0	0.0	0.0	0.0	0.0	0.0	0.0	0.0	0.0	0.0	0.0
78.86896826225879	0.0	0.0	0.0	0.0	0.0	0.0	0.0	0.0	0.0	0.0	0.0	0.0	0.0
85.05373034449055	0.0	0.0	0.0	0.0	0.0	0.0	0.0	0.0	0.0	0.0	0.0	0.0	0.0
91.83263908408514	0.0	0.0	0.0	0.0	0.0	0.0	0.0	0.0	0.0	0.0	0.0	0.0	0.0
99.28376895818884	0.0	0.0	0.0	0.0	0.0	0.0	0.0	0.0	0.0	0.0	0.0	0.0	0.0
107.49920567161871	0.0	0.0	0.0	0.0	0.0	0.0	0.0	0.0	0.0	0.0	0.0	0.0	0.0
116.58828823796813	0.0	0.0	0.0	0.0	0.0	0.0	0.0	0.0	0.0	0.0	0.0	0.0	0.0
126.68178701712644	0.0	0.0	0.0	0.0	0.0	0.0	0.0	0.0	0.0	0.0	0.0	0.0	0.0
137.9373478738075	0.0	0.0	0.0	0.0	0.0	0.0	0.0	0.0	0.0	0.0	0.0	0.0	0.0
150.54667267155978	0.0	0.0	0.0	0.0	0.0	0.0	0.0	0.0	0.0	0.0	0.0	0.0	0.0
164.74511700057081	0.0	0.0	0.0	0.0	0.0	0.0	0.0	0.0	0.0	0.0	0.0	0.0	0.0
180.82470938575884	0.0	0.0	0.0	0.0	0.0	0.0	0.0	0.0	0.0	0.0	0.0	0.0	0.0
199.15210358627363	0.0	0.0	0.0	0.0	0.0	0.0	0.0	0.0	0.0	0.0	0.0	0.0	0.0
220.19379162361662	0.0	0.0	0.0	0.0	0.0	0.0	0.0	0.0	0.0	0.0	0.0	0.0	0.0
244.55225450644656	0.0	0.0	0.0	0.0	0.0	0.0	0.0	0.0	0.0	0.0	0.0	0.0	0.0
273.01902995302936	0.0	0.0	0.0	0.0	0.0	0.0	0.0	0.0	0.0	0.0	0.0	0.0	0.0
306.65474795442526	0.0	0.0	0.0	0.0	0.0	0.0	0.0	0.0	0.0	0.0	0.0	0.0	0.0
346.91368948749096	0.0	0.0	0.0	0.0	0.0	0.0	0.0	0.0	0.0	0.0	0.0	0.0	0.0
395.8449399269729	0.0	0.0	0.0	0.0	0.0	0.0	0.0	0.0	0.0	0.0	0.0	0.0	0.0
456.4319445324779	0.0	0.0	0.0	0.0	0.0	0.0	0.0	0.0	0.0	0.0	0.0	0.0	0.0
533.1975565669211	0.0	0.0	0.0	0.0	0.0	0.0	0.0	0.0	0.0	0.0	0.0	0.0	0.0
633.3578169308977	0.0	0.0	0.0	0.0	0.0	0.0	0.0	0.0	0.0	0.0	0.0	0.0	0.0
769.2243581254495	0.0	0.0	0.0	0.0	0.0	0.0	0.0	0.0	0.0	0.0	0.0	0.0	0.0
934.2391520584359	0.0	0.0	0.0	0.0	0.0	0.0	0.0	0.0	0.0	0.0	0.0	0.0	0.0
1134.6558593793832	0.0	0.0	0.0	0.0	0.0	0.0	0.0	0.0	0.0	0.0	0.0	0.0	0.0
1378.0701044770308	0.0	0.0	0.0	0.0	0.0	0.0	0.0	0.0	0.0	0.0	0.0	0.0	0.0
1673.7072316968015	0.0	0.0	0.0	0.0	0.0	0.0	0.0	0.0	0.0	0.0	0.0	0.0	0.0
2032.7719791303864	0.0	0.0	0.0	0.0	0.0	0.0	0.0	0.0	0.0	0.0	0.0	0.0	0.0
2468.8731788508762	0.0	0.0	0.0	0.0	0.0	0.0	0.0	0.0	0.0	0.0	0.0	0.0	0.0
2998.5395850162863	7.6367809681898395e+31	8.471626983410114e+28	4.728554268316632e+28	2.462337612829676e+28	1.5776562162497846e+28	8.480706885726786e+27	2.1268867732620142e+27	1.0451529140483268e+27	3.9377921077514316e+26	2.9022388648239133e+28	1.3786440542400487e+28	8.480706885726786e+27	5.58290830844301e+27
3641.846381741027	2.6751115027125565e+36	4.364160270342069e+33	2.442728641938311e+33	1.275185636861346e+33	8.181629430215087e+32	4.405069658914255e+32	1.1075361042159219e+32	5.447290341604522e+31	2.0542458969110636e+31	1.5021421921158162e+33	7.152264076188712e+32	4.405069658914255e+32	2.9024786595853394e+32
4423.176125799385	2.3945193702813836e+39	6.194739749570751e+36	3.48101122762578e+36	1.8235602455912716e+36	1.1722789848472297e+36	6.325809248425003e+35	1.5960674699480635e+35	7.859868347611677e+34	2.9678686344241414e+34	2.1463943401163284e+36	1.0253324791018806e+36	6.325809248425003e+35	4.173262018874464e+35
5372.142943481548	2.0216631728660064e+41	7.758680933929032e+38	4.377221690538378e+38	2.3011497563377374e+38	1.4822019014045953e+38	8.01625767915433e+37	2.0297630180130934e+37	1.0008130471512648e+37	3.78391770772541e+36	2.7063429472643968e+38	1.2970982808769657e+38	8.01625767915433e+37	5.295145737055846e+37
6524.7151171671385	1.432779727181328e+42	8.313136321648517e+39	4.71312252522263e+39	2.488522124932156e+39	1.6067605471929064e+39	8.714007365813529e+38	2.216038862063844e+38	1.0943348367641774e+38	4.144029345433081e+37	2.9237951212452364e+39	1.407023864512414e+39	8.714007365813529e+38	5.764939573858281e+38
7924.578360880272	1.3705075784830897e+42	1.2448227355433802e+40	7.102727036918361e+39	3.771416961582907e+39	2.4426973169885476e+39	1.3295062919370117e+39	3.400018810114155e+38	1.6823261880278068e+38	6.383544262518879e+37	4.425369761770528e+39	2.1408598696980373e+39	1.3295062919370117e+39	8.813180558387161e+38
9624.79173498212	1.8237528286278432e+42	2.5699590041274574e+40	1.4775661477424063e+40	7.898256047194666e+39	5.1345437632726094e+39	2.806466298566843e+39	7.224662759845103e+38	3.583054228280657e+38	1.3628175434359593e+38	9.253618858593577e+39	4.504599636099921e+39	2.806466298566843e+39	1.8647628747620393e+39
11689.799035600932	2.011939803403381e+42	4.437149576389867e+40	2.5754633111664207e+40	1.3882252374700535e+40	9.06621977926081e+39	4.9815316020312123e+39	1.2929002726808243e+39	6.430463451491418e+38	2.453001677329282e+38	1.6233534896357213e+40	7.963821588604587e+39	4.9815316020312123e+39	3.319641891658011e+39
14197.87275414214	2.2638471980558824e+42	7.64823862178719e+40	4.489275984081015e+40	2.4435872086921803e+40	1.6044578002496258e+40	8.869999078823744e+39	2.3240535110145438e+39	1.1597435141351108e+39	4.439029125735224e+38	2.851096842649618e+40	1.4114170701171837e+40	8.869999078823744e+39	5.930948642427345e+39
17244.07843816651	2.476341264408101e+42	1.2690983701427705e+41	7.551604318844106e+40	4.159567648201695e+40	2.748996578700612e+40	1.5310142781688734e+40	4.057480887995287e+39	2.0328061800518883e+39	7.812325356135985e+38	4.840133399163777e+40	2.422506090275165e+40	1.5310142781688734e+40	1.027905193764182e+40
20943.878958995236	2.694175999736588e+42	2.0470228178611906e+41	1.2379495902083232e+41	6.915250570942655e+40	4.605346595703184e+40	2.587243541433267e+40	6.948771748973233e+39	3.497476688892497e+39	1.3504611095628146e+39	8.021036611154247e+40	4.066782860849857e+40	2.587243541433267e+40	1.7453734470706777e+40
25437.511128176906	2.834046172962645e+42	3.1655443743433077e+41	1.95363222630362e+41	1.1105954112923416e+41	7.467074219188298e+40	4.240342805475637e+40	1.1577719664902064e+40	5.860526504637972e+39	2.2759778343012687e+39	1.2830708802396641e+41	6.610803265637853e+40	4.240342805475637e+40	2.8775384699270587e+40
30895.301268488078	2.9175337629645287e+42	4.693050530960038e+41	2.9699281396009575e+41	1.7251770561279773e+41	1.1735814707603761e+41	6.752872584932883e+40	1.8811454453216755e+40	9.58796072670685e+39	3.7495937378405103e+39	1.983364862235795e+41	1.042279475429684e+41	6.752872584932883e+40	4.615780900549084e+40
37524.12134377182	2.9961131641829645e+42	6.6853603748970164e+41	4.360008249591144e+41	2.5989983573415353e+41	1.7929343553527707e+41	1.0480129749048422e+41	2.9897981839295475e+40	1.536307955175482e+40	6.057603628007954e+39	2.9705060183545243e+41	1.5983339522534817e+41	1.0480129749048422e+41	7.225268721451261e+40
45575.23032544635	3.002958374254981e+42	9.015120159243174e+41	6.100638427131277e+41	3.753888052969168e+41	2.6344742081028854e+41	1.5698287368824415e+41	4.610332284942373e+40	2.392508096504688e+40	9.527647654240174e+39	4.259739926830765e+41	2.3593733323389315e+41	1.5698287368824415e+41	1.0936936814305204e+41
55353.79799070693	2.952811727806551e+42	1.1399634409847455e+42	8.067898539370098e+41	5.160508186849729e+41	3.6984938222355146e+41	2.2563779698487485e+41	6.865896014507663e+40	3.6061012101363863e+40	1.4534681859213783e+40	5.804670253246935e+41	3.33100471669114e+41	2.2563779698487485e+41	1.5923171532297942e+41
67230.47206123869	2.8592998454406055e+42	1.3423081777624904e+42	1.0012864719236618e+42	6.706870254008169e+41	4.9295940674989275e+41	3.0942876841418257e+41	9.83010883234175e+40	5.238982616487633e+40	2.1427721412134748e+40	7.465160399437907e+41	4.470061868973125e+41	3.0942876841418257e+41	2.217891431747826e+41
81655.42715238895	2.98288328830534e+42	1.5539832235636634e+42	1.2180729934852037e+42	8.535184970634052e+41	6.434466493459681e+41	4.1584712807691976e+41	1.3822457074744825e+41	7.482562349026319e+40	3.1089292754481156e+40	9.401740801977708e+41	5.87511779859091e+41	4.1584712807691976e+41	3.0293788268262697e+41
99175.42840957719	3.2700035556512473e+42	1.7936925890923203e+42	1.4683992611422906e+42	1.071891482423578e+42	8.274613777436666e+41	5.499588070314871e+41	1.9121609206260545e+41	1.0517427466573477e+41	4.441459949370887e+40	1.1694503468290914e+42	7.605046843253175e+41	5.499588070314871e+41	4.070575483287646e+41
120454.55618686294	3.01831673222769e+42	1.752056349197918e+42	1.5285700790598087e+42	1.1827783831769928e+42	9.440258795071316e+41	6.52554141068586e+41	2.4173492539564775e+41	1.3600444888996484e+41	5.878052657674671e+40	1.2730544445631614e+42	8.756599461972608e+41	6.52554141068586e+41	4.938990412908017e+41
146299.3774545347	2.2369133828290177e+42	1.2623151152357712e+42	1.223768200810171e+42	1.0415145967595202e+42	8.77179037105574e+41	6.455644396698398e+41	2.644791662653616e+41	1.5427536354328051e+41	6.9205193053829145e+40	1.0966132325456392e+42	8.257400416056934e+41	6.455644396698398e+41	5.062461584075097e+41
177689.51804315584	1.404372442832207e+42	5.812902030761537e+41	6.691716113404837e+41	6.653156095803356e+41	6.116535040053475e+41	4.98416275415489e+41	2.4035889750959267e+41	1.486698651354957e+41	7.08591972274724e+40	6.7579738790532066e+41	5.897697246658912e+41	4.98416275415489e+41	4.1397323585212785e+41
215814.7948581295	5.748065176752852e+41	1.1962118333966284e+41	1.8631476722419833e+41	2.4509542155612585e+41	2.6423127261450144e+41	2.5917767868254516e+41	1.675973221788213e+41	1.1491615607563101e+41	6.082353655132999e+40	2.3327806806662215e+41	2.6615862592913063e+41	2.5917767868254516e+41	2.3890653961212446e+41
262120.31536026747	2.8228215187596624e+41	1.8444016000719962e+40	3.8637377827334305e+40	7.003880612713899e+40	9.129655508226669e+40	1.121320793049419e+41	1.0425335626709326e+41	8.139154635762169e+40	4.920856749145676e+40	6.176089234901701e+40	9.693622397474063e+40	1.121320793049419e+41	1.1746487744501137e+41
318361.25120710407	1.753987473163444e+41	5.016282582872589e+39	1.0629900092570585e+40	2.363941187910857e+40	3.577723963213849e+40	5.318802559880274e+40	6.897231989068683e+40	6.100898230847374e+40	4.202261927448377e+40	1.9714898956590091e+40	3.96771324653778e+40	5.318802559880274e+40	6.245063406673373e+40
386669.36751166044	1.1626695166904964e+41	2.300608743022582e+39	3.3007533168410825e+39	7.820835156703309e+39	1.3535890459114818e+40	2.428329745189253e+40	4.406019920281347e+40	4.438096321596011e+40	3.515574296556521e+40	6.260536992044221e+39	1.5656940976002862e+40	2.428329745189253e+40	3.1960944730196637e+40
469633.82552273036	7.762943752573809e+40	1.7243622424981184e+39	1.4254536023563518e+39	2.3586962884167843e+39	4.344339272123848e+39	9.456511580505215e+39	2.531081010659929e+40	2.961877405584815e+40	2.75781664382707e+40	1.93812880621927e+39	5.2204077587386847e+39	9.456511580505215e+39	1.419249873899577e+40
570399.3224911203	5.147200943950495e+40	1.5278253913032025e+39	1.0352379386931447e+39	8.922028956322368e+38	1.2792032972579955e+39	3.0031009794920865e+39	1.2441924905382968e+40	1.7417010139827718e+40	1.9674441792466532e+40	8.683362558552228e+38	1.518326624948305e+39	3.0031009794920865e+39	5.1616498064641097e+39
692785.2886230109	3.3819196625683297e+40	1.3543073454238635e+39	9.150835429476602e+38	5.944308705755734e+38	5.261366324485338e+38	8.43778217169615e+38	5.043585789324032e+39	8.74072114109323e+39	1.2455801652407505e+40	6.554548138817784e+38	5.440404339273991e+38	8.43778217169615e+38	1.523523294860871e+39
841430.6591718362	2.2026706769147884e+40	1.1645817126661835e+39	8.132681347295962e+38	5.194955097469556e+38	3.8299954055909765e+38	3.1744191610999845e+38	1.6362207233806686e+39	3.622274630984994e+39	6.818984681328234e+39	5.833972162812675e+38	3.5382497338760756e+38	3.1744191610999845e+38	4.2460573909371836e+38
1021969.709122534	1.4232343376191434e+40	9.650186534964065e+38	7.019309354437762e+38	4.640239732152911e+38	3.4031156310720586e+38	2.212607481677382e+38	4.329880387808534e+38	1.1990237901434243e+39	3.13253410514977e+39	5.176430352086507e+38	3.0898579620032667e+38	2.212607481677382e+38	1.865377237718075e+38
1241245.6153208294	9.130729620486401e+39	7.668974923851297e+38	5.8434074592178186e+38	4.0361493889770414e+38	3.031130444749349e+38	1.9608696489938518e+38	1.2382427835733883e+38	3.159779984128839e+38	1.1656378940651186e+39	4.456761271218679e+38	2.766231696078455e+38	1.9608696489938518e+38	1.4522953845678385e+38
1507569.840923816	5.82060147353626e+39	5.818078810113048e+38	4.66929935413718e+38	3.3915986941486817e+38	2.623265110933066e+38	1.753800461541407e+38	6.778609661963517e+37	8.112512858626279e+37	3.3997412578079788e+38	3.700813791022614e+38	2.4135356515713118e+38	1.753800461541407e+38	1.3051487649992802e+38
1831037.1739004115	3.6893800970254096e+39	4.196083854761452e+38	3.564590634703217e+38	2.739825609513582e+38	2.1921078859923334e+38	1.5263857791711503e+38	5.791659511838801e+37	3.7591986519375753e+37	8.0325199522104165e+37	2.9495760128906116e+38	2.0360614097069073e+38	1.5263857791711503e+38	1.16195407263034e+38
2223908.3608251824	2.3265656497801834e+39	2.8667851451084634e+38	2.5885423902933075e+38	2.1175295275335917e+38	1.760115096491056e+38	1.2842748237931893e+38	5.239958425858433e+37	3.0842747884178568e+37	2.2595990961322533e+37	2.2456589090655184e+38	1.6525817535603637e+38	1.2842748237931893e+38	1.0046563656951822e+38
2701074.8393456344	1.4604399891078353e+39	1.8500108189375295e+38	1.7814861999922524e+38	1.558650691849492e+38	1.3513686002005431e+38	1.0395092006642838e+38	4.644183588904186e+37	2.801001006342194e+37	1.3711026031212608e+37	1.6261120812490085e+38	1.2842404147839059e+38	1.0395092006642838e+38	8.390863181642782e+37
3280623.1845767996	9.130158770889458e+38	1.1245282264701023e+38	1.1584906126503713e+38	1.0883316626348457e+38	9.876239730625485e+37	8.054435704792785e+37	3.9941078028765125e+37	2.505272844625974e+37	1.2143391665250876e+37	1.1157562186110257e+38	9.510787393703597e+37	8.054435704792785e+37	6.736161805871383e+37
3984520.6642403477	5.687400674419869e+38	6.41352273885221e+37	7.0992779361289445e+37	7.185840326973043e+37	6.843872634725011e+37	5.946287587386008e+37	3.316864697223344e+37	2.1787228584755195e+37	1.1061059031380732e+37	7.232839937134725e+37	6.684869229516854e+37	5.946287587386008e+37	5.172379035842065e+37
4839447.88787942	3.531808526350253e+38	3.409289215342953e+37	4.085335579997231e+37	4.474445351046116e+37	4.4828331290240265e+37	4.1656636464192276e+37	2.6464498120225396e+37	1.833233538426237e+37	9.856064858744724e+36	4.417867354913116e+37	4.444618135306513e+37	4.1656636464192276e+37	3.7812324056528485e+37
