#t	Le	U	B	V	R	I	J	H	K	g	r	i	z
#----------------------------------------------- 
3.15197801850754	0.0	0.0	0.0	0.0	0.0	0.0	0.0	0.0	0.0	0.0	0.0	0.0	0.0
3.2477375556013466	0.0	0.0	0.0	0.0	0.0	0.0	0.0	0.0	0.0	0.0	0.0	0.0	0.0
3.4311540798379045	0.0	0.0	0.0	0.0	0.0	0.0	0.0	0.0	0.0	0.0	0.0	0.0	0.0
3.630463441504366	0.0	0.0	0.0	0.0	0.0	0.0	0.0	0.0	0.0	0.0	0.0	0.0	0.0
3.846883765229043	0.0	0.0	0.0	0.0	0.0	0.0	0.0	0.0	0.0	0.0	0.0	0.0	0.0
4.082068334841016	0.0	0.0	0.0	0.0	0.0	0.0	0.0	0.0	0.0	0.0	0.0	0.0	0.0
4.33786493287242	0.0	0.0	0.0	0.0	0.0	0.0	0.0	0.0	0.0	0.0	0.0	0.0	0.0
4.616312851234087	0.0	0.0	0.0	0.0	0.0	0.0	0.0	0.0	0.0	0.0	0.0	0.0	0.0
4.919655379873117	0.0	0.0	0.0	0.0	0.0	0.0	0.0	0.0	0.0	0.0	0.0	0.0	0.0
5.2503554856992976	0.0	0.0	0.0	0.0	0.0	0.0	0.0	0.0	0.0	0.0	0.0	0.0	0.0
5.611112614530752	0.0	0.0	0.0	0.0	0.0	0.0	0.0	0.0	0.0	0.0	0.0	0.0	0.0
6.004879954690478	0.0	0.0	0.0	0.0	0.0	0.0	0.0	0.0	0.0	0.0	0.0	0.0	0.0
6.4348817630511395	0.0	0.0	0.0	0.0	0.0	0.0	0.0	0.0	0.0	0.0	0.0	0.0	0.0
6.9046303939609714	0.0	0.0	0.0	0.0	0.0	0.0	0.0	0.0	0.0	0.0	0.0	0.0	0.0
7.41794266250683	0.0	0.0	0.0	0.0	0.0	0.0	0.0	0.0	0.0	0.0	0.0	0.0	0.0
7.978955162803598	0.0	0.0	0.0	0.0	0.0	0.0	0.0	0.0	0.0	0.0	0.0	0.0	0.0
8.592138167543789	0.0	0.0	0.0	0.0	0.0	0.0	0.0	0.0	0.0	0.0	0.0	0.0	0.0
9.262307766658674	0.0	0.0	0.0	0.0	0.0	0.0	0.0	0.0	0.0	0.0	0.0	0.0	0.0
9.994635965692105	0.0	0.0	0.0	0.0	0.0	0.0	0.0	0.0	0.0	0.0	0.0	0.0	0.0
10.794658559874136	0.0	0.0	0.0	0.0	0.0	0.0	0.0	0.0	0.0	0.0	0.0	0.0	0.0
11.66828072489247	0.0	0.0	0.0	0.0	0.0	0.0	0.0	0.0	0.0	0.0	0.0	0.0	0.0
12.621780413097593	0.0	0.0	0.0	0.0	0.0	0.0	0.0	0.0	0.0	0.0	0.0	0.0	0.0
13.661809803215064	0.0	0.0	0.0	0.0	0.0	0.0	0.0	0.0	0.0	0.0	0.0	0.0	0.0
14.795395208934428	0.0	0.0	0.0	0.0	0.0	0.0	0.0	0.0	0.0	0.0	0.0	0.0	0.0
16.029935991903603	0.0	0.0	0.0	0.0	0.0	0.0	0.0	0.0	0.0	0.0	0.0	0.0	0.0
17.373203133683052	0.0	0.0	0.0	0.0	0.0	0.0	0.0	0.0	0.0	0.0	0.0	0.0	0.0
18.83333818795231	0.0	0.0	0.0	0.0	0.0	0.0	0.0	0.0	0.0	0.0	0.0	0.0	0.0
20.418853352276567	0.0	0.0	0.0	0.0	0.0	0.0	0.0	0.0	0.0	0.0	0.0	0.0	0.0
22.138633367609646	0.0	0.0	0.0	0.0	0.0	0.0	0.0	0.0	0.0	0.0	0.0	0.0	0.0
24.00193987837099	0.0	0.0	0.0	0.0	0.0	0.0	0.0	0.0	0.0	0.0	0.0	0.0	0.0
26.018418776617303	0.0	0.0	0.0	0.0	0.0	0.0	0.0	0.0	0.0	0.0	0.0	0.0	0.0
28.198110923616106	0.0	0.0	0.0	0.0	0.0	0.0	0.0	0.0	0.0	0.0	0.0	0.0	0.0
30.551466505181924	0.0	0.0	0.0	0.0	0.0	0.0	0.0	0.0	0.0	0.0	0.0	0.0	0.0
33.08936314683044	0.0	0.0	0.0	0.0	0.0	0.0	0.0	0.0	0.0	0.0	0.0	0.0	0.0
35.82312780163215	0.0	0.0	0.0	0.0	0.0	0.0	0.0	0.0	0.0	0.0	0.0	0.0	0.0
38.76456233494321	0.0	0.0	0.0	0.0	0.0	0.0	0.0	0.0	0.0	0.0	0.0	0.0	0.0
41.92597266931812	0.0	0.0	0.0	0.0	0.0	0.0	0.0	0.0	0.0	0.0	0.0	0.0	0.0
45.32020131992872	0.0	0.0	0.0	0.0	0.0	0.0	0.0	0.0	0.0	0.0	0.0	0.0	0.0
48.960663143423645	0.0	0.0	0.0	0.0	0.0	0.0	0.0	0.0	0.0	0.0	0.0	0.0	0.0
52.86138413696114	0.0	0.0	0.0	0.0	0.0	0.0	0.0	0.0	0.0	0.0	0.0	0.0	0.0
57.03704315438257	0.0	0.0	0.0	0.0	0.0	0.0	0.0	0.0	0.0	0.0	0.0	0.0	0.0
61.503016448164864	0.0	0.0	0.0	0.0	0.0	0.0	0.0	0.0	0.0	0.0	0.0	0.0	0.0
66.27542499450482	0.0	0.0	0.0	0.0	0.0	0.0	0.0	0.0	0.0	0.0	0.0	0.0	0.0
71.37118461091269	0.0	0.0	0.0	0.0	0.0	0.0	0.0	0.0	0.0	0.0	0.0	0.0	0.0
76.80805892852939	0.0	0.0	0.0	0.0	0.0	0.0	0.0	0.0	0.0	0.0	0.0	0.0	0.0
82.60471533306904	0.0	0.0	0.0	0.0	0.0	0.0	0.0	0.0	0.0	0.0	0.0	0.0	0.0
88.7807840379827	0.0	0.0	0.0	0.0	0.0	0.0	0.0	0.0	0.0	0.0	0.0	0.0	0.0
95.35692050067554	0.0	0.0	0.0	0.0	0.0	0.0	0.0	0.0	0.0	0.0	0.0	0.0	0.0
102.35487143775067	0.0	0.0	0.0	0.0	0.0	0.0	0.0	0.0	0.0	0.0	0.0	0.0	0.0
109.79754473851149	0.0	0.0	0.0	0.0	0.0	0.0	0.0	0.0	0.0	0.0	0.0	0.0	0.0
117.70908361835498	0.0	0.0	0.0	0.0	0.0	0.0	0.0	0.0	0.0	0.0	0.0	0.0	0.0
126.11494539585081	0.0	0.0	0.0	0.0	0.0	0.0	0.0	0.0	0.0	0.0	0.0	0.0	0.0
135.04198532034482	0.0	0.0	0.0	0.0	0.0	0.0	0.0	0.0	0.0	0.0	0.0	0.0	0.0
144.5185459215929	0.0	0.0	0.0	0.0	0.0	0.0	0.0	0.0	0.0	0.0	0.0	0.0	0.0
154.57455240047608	0.0	0.0	0.0	0.0	0.0	0.0	0.0	0.0	0.0	0.0	0.0	0.0	0.0
165.2416146309663	0.0	0.0	0.0	0.0	0.0	0.0	0.0	0.0	0.0	0.0	0.0	0.0	0.0
176.55313639936733	0.0	0.0	0.0	0.0	0.0	0.0	0.0	0.0	0.0	0.0	0.0	0.0	0.0
188.54443256843984	0.0	0.0	0.0	0.0	0.0	0.0	0.0	0.0	0.0	0.0	0.0	0.0	0.0
201.2528549223105	0.0	0.0	0.0	0.0	0.0	0.0	0.0	0.0	0.0	0.0	0.0	0.0	0.0
214.7179275243305	0.0	0.0	0.0	0.0	0.0	0.0	0.0	0.0	0.0	0.0	0.0	0.0	0.0
228.98149250533913	0.0	0.0	0.0	0.0	0.0	0.0	0.0	0.0	0.0	0.0	0.0	0.0	0.0
244.08786729567518	0.0	0.0	0.0	0.0	0.0	0.0	0.0	0.0	0.0	0.0	0.0	0.0	0.0
260.0840144220185	0.0	0.0	0.0	0.0	0.0	0.0	0.0	0.0	0.0	0.0	0.0	0.0	0.0
277.01972511168003	0.0	0.0	0.0	0.0	0.0	0.0	0.0	0.0	0.0	0.0	0.0	0.0	0.0
294.9478180840885	0.0	0.0	0.0	0.0	0.0	0.0	0.0	0.0	0.0	0.0	0.0	0.0	0.0
313.92435506420384	0.0	0.0	0.0	0.0	0.0	0.0	0.0	0.0	0.0	0.0	0.0	0.0	0.0
334.0088747280884	0.0	0.0	0.0	0.0	0.0	0.0	0.0	0.0	0.0	0.0	0.0	0.0	0.0
355.26464699055674	0.0	0.0	0.0	0.0	0.0	0.0	0.0	0.0	0.0	0.0	0.0	0.0	0.0
377.7589497733719	0.0	0.0	0.0	0.0	0.0	0.0	0.0	0.0	0.0	0.0	0.0	0.0	0.0
401.5633706457599	0.0	0.0	0.0	0.0	0.0	0.0	0.0	0.0	0.0	0.0	0.0	0.0	0.0
426.7541360132914	0.0	0.0	0.0	0.0	0.0	0.0	0.0	0.0	0.0	0.0	0.0	0.0	0.0
453.4124708741791	0.0	0.0	0.0	0.0	0.0	0.0	0.0	0.0	0.0	0.0	0.0	0.0	0.0
481.62499254159343	0.0	0.0	0.0	0.0	0.0	0.0	0.0	0.0	0.0	0.0	0.0	0.0	0.0
511.48414216671983	0.0	0.0	0.0	0.0	0.0	0.0	0.0	0.0	0.0	0.0	0.0	0.0	0.0
543.0886583786745	0.0	0.0	0.0	0.0	0.0	0.0	0.0	0.0	0.0	0.0	0.0	0.0	0.0
576.544097947005	0.0	0.0	0.0	0.0	0.0	0.0	0.0	0.0	0.0	0.0	0.0	0.0	0.0
611.9634091058587	0.0	0.0	0.0	0.0	0.0	0.0	0.0	0.0	0.0	0.0	0.0	0.0	0.0
649.4675638238792	0.0	0.0	0.0	0.0	0.0	0.0	0.0	0.0	0.0	0.0	0.0	0.0	0.0
689.1862562301212	0.0	0.0	0.0	0.0	0.0	0.0	0.0	0.0	0.0	0.0	0.0	0.0	0.0
731.2586754218001	0.0	0.0	0.0	0.0	0.0	0.0	0.0	0.0	0.0	0.0	0.0	0.0	0.0
775.8343621142935	0.0	0.0	0.0	0.0	0.0	0.0	0.0	0.0	0.0	0.0	0.0	0.0	0.0
823.0741599375513	0.0	0.0	0.0	0.0	0.0	0.0	0.0	0.0	0.0	0.0	0.0	0.0	0.0
873.1512738041637	0.0	0.0	0.0	0.0	0.0	0.0	0.0	0.0	0.0	0.0	0.0	0.0	0.0
926.2524496775042	0.0	0.0	0.0	0.0	0.0	0.0	0.0	0.0	0.0	0.0	0.0	0.0	0.0
982.5792922858005	0.0	0.0	0.0	0.0	0.0	0.0	0.0	0.0	0.0	0.0	0.0	0.0	0.0
1042.3497399630744	0.0	0.0	0.0	0.0	0.0	0.0	0.0	0.0	0.0	0.0	0.0	0.0	0.0
1105.7997188748445	0.0	0.0	0.0	0.0	0.0	0.0	0.0	0.0	0.0	0.0	0.0	0.0	0.0
1173.185002561864	0.0	0.0	0.0	0.0	0.0	0.0	0.0	0.0	0.0	0.0	0.0	0.0	0.0
1244.7833070969946	0.0	0.0	0.0	0.0	0.0	0.0	0.0	0.0	0.0	0.0	0.0	0.0	0.0
1320.89665735894	0.0	0.0	0.0	0.0	0.0	0.0	0.0	0.0	0.0	0.0	0.0	0.0	0.0
1401.854066133943	0.0	0.0	0.0	0.0	0.0	0.0	0.0	0.0	0.0	0.0	0.0	0.0	0.0
1488.014575236126	0.0	0.0	0.0	0.0	0.0	0.0	0.0	0.0	0.0	0.0	0.0	0.0	0.0
1579.7707168829495	0.0	0.0	0.0	0.0	0.0	0.0	0.0	0.0	0.0	0.0	0.0	0.0	0.0
1677.5524644454654	0.0	0.0	0.0	0.0	0.0	0.0	0.0	0.0	0.0	0.0	0.0	0.0	0.0
1781.8317550150769	0.0	0.0	0.0	0.0	0.0	0.0	0.0	0.0	0.0	0.0	0.0	0.0	0.0
1893.1276823783655	0.0	0.0	0.0	0.0	0.0	0.0	0.0	0.0	0.0	0.0	0.0	0.0	0.0
2012.0124789003264	0.0	0.0	0.0	0.0	0.0	0.0	0.0	0.0	0.0	0.0	0.0	0.0	0.0
2139.1184293262168	0.0	0.0	0.0	0.0	0.0	0.0	0.0	0.0	0.0	0.0	0.0	0.0	0.0
2275.1458899715117	0.0	0.0	0.0	0.0	0.0	0.0	0.0	0.0	0.0	0.0	0.0	0.0	0.0
2420.8726244416875	0.0	0.0	0.0	0.0	0.0	0.0	0.0	0.0	0.0	0.0	0.0	0.0	0.0
2575.9067346972734	0.0	0.0	0.0	0.0	0.0	0.0	0.0	0.0	0.0	0.0	0.0	0.0	0.0
2740.8193006923248	0.0	0.0	0.0	0.0	0.0	0.0	0.0	0.0	0.0	0.0	0.0	0.0	0.0
2916.236422079939	0.0	0.0	0.0	0.0	0.0	0.0	0.0	0.0	0.0	0.0	0.0	0.0	0.0
3102.8238487612293	0.0	0.0	0.0	0.0	0.0	0.0	0.0	0.0	0.0	0.0	0.0	0.0	0.0
3301.289529960245	0.0	0.0	0.0	0.0	0.0	0.0	0.0	0.0	0.0	0.0	0.0	0.0	0.0
3512.386333538548	0.0	0.0	0.0	0.0	0.0	0.0	0.0	0.0	0.0	0.0	0.0	0.0	0.0
3736.914945857364	0.0	0.0	0.0	0.0	0.0	0.0	0.0	0.0	0.0	0.0	0.0	0.0	0.0
3975.7269663285006	0.0	0.0	0.0	0.0	0.0	0.0	0.0	0.0	0.0	0.0	0.0	0.0	0.0
4229.728209559803	0.0	0.0	0.0	0.0	0.0	0.0	0.0	0.0	0.0	0.0	0.0	0.0	0.0
4499.88222971847	0.0	0.0	0.0	0.0	0.0	0.0	0.0	0.0	0.0	0.0	0.0	0.0	0.0
4787.214081467983	6.153500528145212e+33	1.317938623195984e+30	7.294752656825833e+29	3.770306331134679e+29	2.4055995863177945e+29	1.2868979931383159e+29	3.2028724135640688e+28	1.5696305856994753e+28	5.897330489342059e+27	4.451542573078446e+29	2.0997477379217192e+29	1.2868979931383159e+29	8.448832337234118e+28
5092.814334762122	5.2283854912335295e+35	1.2630905283907541e+32	6.994272162766963e+31	3.6164367464244165e+31	2.3079373627937573e+31	1.2349696520591075e+31	3.0748809123274304e+30	1.5071236312931217e+30	5.663327801957189e+29	4.269481190279692e+31	2.0146245902959433e+31	1.2349696520591075e+31	8.109076180542441e+30
5417.843359426972	2.3805321472313835e+37	6.380153542889141e+33	3.5343686395946366e+33	1.8281193707003541e+33	1.1669012079900212e+33	6.2454856244214184e+32	1.5555940990236855e+32	7.625583199876653e+31	2.865852965910611e+31	2.1580586704120188e+33	1.0186565640941551e+33	6.2454856244214184e+32	4.101448911852856e+32
5763.535895080526	6.335133815243268e+38	1.8644734883589e+35	1.0332323030371464e+35	5.346069788144128e+34	3.413066214535056e+34	1.8271320159152324e+34	4.55247242767279e+33	2.2319089491921362e+33	8.389022929099681e+32	6.310447928554239e+34	2.979616712028879e+34	1.8271320159152324e+34	1.2000330833726248e+34
6131.205928782697	9.893294890634885e+39	3.335990208157225e+36	1.8497424133564587e+36	9.57561278911739e+35	6.115035916407845e+35	3.2746553269666104e+35	8.163317170148735e+34	4.0029053587311354e+34	1.5048468232552848e+34	1.1301648855335312e+36	5.338854622248524e+35	3.2746553269666104e+35	2.1511373749769733e+35
6522.251899621416	1.1200250731389031e+41	4.0565732029547423e+37	2.2499789135043726e+37	1.1650706536251638e+37	7.441337178059784e+36	3.985603999000101e+36	9.938397500820008e+35	4.873804051719782e+35	1.832438772480121e+35	1.3749921739868126e+37	6.497079151980723e+36	3.985603999000101e+36	2.6184219086464652e+36
6938.162249055027	1.1273986817201553e+42	3.687225188437852e+38	2.0442141545886836e+38	1.0581039165638832e+38	6.75664169821177e+37	3.6179533386520135e+37	9.017983540511553e+36	4.421795828447557e+36	1.6622472771162512e+36	1.2488660030615322e+38	5.898910668930157e+37	3.6179533386520135e+37	2.376545671500657e+37
7380.521344933342	1.0492259196346548e+43	2.608996381112739e+39	1.4448410639277863e+39	7.471243454640755e+38	4.768209457662069e+38	2.5515841247952942e+38	6.353561025128106e+37	3.114227503904192e+37	1.170270116685556e+37	8.820215272784054e+38	4.162274366589066e+38	2.5515841247952942e+38	1.6754732253660514e+38
7851.015817699513	7.640228594356728e+43	1.3890210415567036e+40	7.683551681725436e+39	3.9691138880052204e+39	2.53168080523043e+39	1.3538729402239426e+39	3.3676969130494352e+38	1.650081128642529e+38	6.198334425339761e+37	4.686854301347606e+39	2.2096163482992062e+39	1.3538729402239426e+39	8.88679807135315e+38
8351.441418463652	3.9620058324102475e+44	5.278158908905936e+40	2.916738543318924e+40	1.5053481361579454e+40	9.596938631523413e+39	5.1291770042555944e+39	1.2746777642960444e+39	6.243520566297802e+38	2.3445062379994585e+38	1.7779319587238266e+40	8.374919966214008e+39	5.1291770042555944e+39	3.3656781555740233e+39
8883.71078778413	1.0139784391551902e+45	1.2109001817179365e+41	6.689286171226948e+40	3.4513631822175197e+40	2.199958048841251e+40	1.1755633699154452e+40	2.9205639992977716e+39	1.4303715762795486e+39	5.370592179767497e+38	4.076603376910653e+40	1.9197411442439768e+40	1.1755633699154452e+40	7.713015135959847e+39
9449.862077306207	1.5973703659558354e+45	1.7453426547167286e+41	9.639163007865173e+40	4.972207029476631e+40	3.168956958823668e+40	1.6930995994930622e+40	4.2053234992236595e+39	2.0594185249023113e+39	7.731784828420391e+38	5.8732740656738005e+40	2.765216589993898e+40	1.6930995994930622e+40	1.1107693732623837e+40
10052.067480216047	1.8682388438328902e+45	1.99471670398507e+41	1.1015664557711386e+41	5.681911746451288e+40	3.6211540144216756e+40	1.9346225391343423e+40	4.8049218444812827e+39	2.3530003228456882e+39	8.833794035215328e+38	6.711684896192127e+40	3.159772499019706e+40	1.9346225391343423e+40	1.269194369010409e+40
10692.641551268778	2.1600671014016447e+45	2.337739817877109e+41	1.2910481900381441e+41	6.659494743869745e+40	4.2442623932259377e+40	2.2675727440297683e+40	5.632053579850812e+39	2.758086875955467e+39	1.0354733158649431e+39	7.866379413483863e+40	3.7035085126050054e+40	2.2675727440297683e+40	1.4876425698281943e+40
11374.050998140197	2.6284524281011568e+45	3.009016201846443e+41	1.6620355850639258e+41	8.574353558870664e+40	5.465088644264314e+40	2.92009219742291e+40	7.253808177799064e+39	3.5524665270371964e+39	1.333780858547529e+39	1.0127929273088127e+41	4.768896088439068e+40	2.92009219742291e+40	1.9158282776559177e+40
12098.925801479378	3.2282747998059825e+45	4.003050900108418e+41	2.2116158269278136e+41	1.1412026866321094e+41	7.274617682151131e+40	3.887489060554501e+40	9.659023504107817e+39	4.7307587308262425e+39	1.776315254509208e+39	1.3479098941767285e+41	6.348116782227313e+40	3.887489060554501e+40	2.5507193278031623e+40
12870.071174122631	3.444548720196348e+45	4.844241839965062e+41	2.6773851576224003e+41	1.3820156272976743e+41	8.811377800799854e+40	4.709766659487647e+40	1.1706213615274904e+40	5.734142404907034e+39	2.1533467370861053e+39	1.6322125449637033e+41	7.689557646945683e+40	4.709766659487647e+40	3.090630388941236e+40
13690.477855213614	3.435146515336542e+45	5.649211154849079e+41	3.1238563310945995e+41	1.613200827348323e+41	1.0287946330023228e+41	5.500608886705627e+40	1.3678177657034122e+40	6.701184596360135e+39	2.5169276279703554e+39	1.9050536980064187e+41	8.978754515387154e+40	5.500608886705627e+40	3.610184749637516e+40
14563.33351026693	3.503319302123745e+45	6.7625333797552054e+41	3.7415403241836776e+41	1.9331276540328322e+41	1.2331613768295126e+41	6.595378744520609e+40	1.6408745988945627e+40	8.040375800850303e+39	3.0204778058763594e+39	2.2826027534368656e+41	1.0763161388456673e+41	6.595378744520609e+40	4.3294794208411733e+40
15492.036554546554	3.4785865831587735e+45	7.936361486788233e+41	4.3936450647832096e+41	2.271275741918903e+41	1.449308020062721e+41	7.754119594463035e+40	1.9302287725455362e+40	9.460091243339417e+39	3.5545366854764154e+39	2.6815482024547288e+41	1.2650757361964398e+41	7.754119594463035e+40	5.091124030669268e+40
16480.20961562114	3.301124710833601e+45	9.153995309676401e+41	5.071552295358339e+41	2.6234806651385384e+41	1.674681311176361e+41	8.963815760864935e+40	2.232894992407244e+40	1.0946144658029868e+40	4.1139466237802146e+39	3.09689426511088e+41	1.4619503837996449e+41	8.963815760864935e+40	5.886810639679624e+40
17531.713206547392	3.027746820174547e+45	1.0437376100653559e+42	5.787814696318026e+41	2.9964208806505638e+41	1.913610926870493e+41	1.0248055625231405e+41	2.554913291113618e+40	1.2528433268640443e+40	4.710055983351846e+39	3.5364741021376e+41	1.6707356700755857e+41	1.0248055625231405e+41	6.732183377699995e+40
18650.660482071653	2.6547597285353608e+45	1.169547072581143e+42	6.4926685280565336e+41	3.3646671509244515e+41	2.1499769503719458e+41	1.1521257158001221e+41	2.875243317978608e+40	1.4104300365371438e+40	5.304472591142592e+39	3.970184305666578e+41	1.87738628788074e+41	1.1521257158001221e+41	7.571297063905158e+40
19841.432507121655	2.265261513261592e+45	1.2953143061046835e+42	7.20019742485033e+41	3.735651825209513e+41	2.3885774217352017e+41	1.2809439425404266e+41	3.2005023810718e+40	1.570642660359586e+40	5.90957342735991e+39	4.406758042442625e+41	2.0861037024922338e+41	1.2809439425404266e+41	8.421365099111779e+40
21108.69519570782	1.953048492756041e+45	1.4305129286460315e+42	7.962657310615477e+41	4.136304083815655e+41	2.6465668601708504e+41	1.4204208038304954e+41	3.5534275774712566e+40	1.7446135385681966e+40	6.567144675945435e+39	4.878011373617566e+41	2.3118549787456973e+41	1.4204208038304954e+41	9.342470119348494e+40
22457.418485942446	1.8020956525404385e+45	1.5993701137079682e+42	8.913250198463004e+41	4.635054508733593e+41	2.9674579002360247e+41	1.5937416377408689e+41	3.9913591164251736e+40	1.960379742263706e+40	7.382278544532421e+39	5.464852231128689e+41	2.592585002788308e+41	1.5937416377408689e+41	1.0486490183677952e+41
23892.89830014829	1.6271726369424498e+45	1.7742252866953162e+42	9.900752624520749e+41	5.154620309331912e+41	3.3022570999011395e+41	1.774893543928564e+41	4.450336582261418e+40	2.186733334029594e+40	8.23825619022742e+39	6.0757945689227995e+41	2.885605008799704e+41	1.774893543928564e+41	1.1683371266269071e+41
25420.776832790198	1.3168355764581809e+45	1.8992470253086798e+42	1.0619284634585933e+42	5.538395713596277e+41	3.551584967008281e+41	1.911051461013862e+41	4.800246576889471e+40	2.3601500056050184e+40	8.897346900354411e+39	6.525528204296978e+41	3.1043006960112435e+41	1.911051461013862e+41	1.2587564054644224e+41
27047.06190372521	1.057857839193318e+45	2.013288021771991e+42	1.1281976313891873e+42	5.895657406571058e+41	3.784851655815155e+41	2.0391545632409114e+41	5.132270839041644e+40	2.5251844861285853e+40	9.526443718084495e+39	6.943312975210946e+41	3.3091830062095345e+41	2.0391545632409114e+41	1.3440878204060715e+41
28778.151642099456	8.846598512100604e+44	2.144433211164593e+42	1.2042967648108226e+42	6.3054630037400826e+41	4.052279865822897e+41	2.1859338902014253e+41	5.512399162135763e+40	2.7140819423212013e+40	1.0246329182043095e+40	7.422657245424393e+41	3.544036900112675e+41	2.1859338902014253e+41	1.4418307410933203e+41
30620.861292869962	7.620704881287361e+44	2.2881840306473042e+42	1.2877554254898322e+42	6.7551427706206134e+41	4.34582338294302e+41	2.3471093672164417e+41	5.930080979434571e+40	2.9216904709650645e+40	1.1037720820784094e+40	7.948574350382185e+41	3.8018483727315926e+41	2.3471093672164417e+41	1.5491844768653281e+41
32582.451026393723	6.6801150884154976e+44	2.4367771834519233e+42	1.374286550240361e+42	7.22259678530736e+41	4.651405471571002e+41	2.515166803370654e+41	6.366687313287297e+40	3.138894437909536e+40	1.186642615503715e+40	8.494954329944749e+41	4.070336462854424e+41	2.515166803370654e+41	1.6612222309060548e+41
34670.65527090082	5.905315261413205e+44	2.5820507405932512e+42	1.459351942264923e+42	7.684287915438896e+41	4.953983140436617e+41	2.6820448660174596e+41	6.802109581822006e+40	3.3558327460036344e+40	1.2695373320014946e+40	9.034028002056767e+41	4.336365117267555e+41	2.6820448660174596e+41	1.77264693174128e+41
36893.71378865499	5.238723292111652e+44	2.716882902543691e+42	1.5389475946996737e+42	8.119247443675753e+41	5.240083228966696e+41	2.8404793444124335e+41	7.218054706823311e+40	3.5635046427719983e+40	1.3490608863940677e+40	9.54111106981107e+41	4.588152085760448e+41	2.8404793444124335e+41	1.878669111690074e+41
39260.40469840754	4.653516620623111e+44	2.835371239477676e+42	1.609701094612792e+42	8.509569080290173e+41	5.498113989989891e+41	2.984167488546088e+41	7.598444340077888e+40	3.7539635903474646e+40	1.4222019100498182e+40	9.995190053182843e+41	4.815540001595446e+41	2.984167488546088e+41	1.975113904690744e+41
41780.07961794596	4.1359841707995545e+44	2.9327258144877777e+42	1.668816766745468e+42	8.84014682638468e+41	5.718205960976571e+41	3.1076881668006246e+41	7.929238524143652e+40	3.9202349838306036e+40	1.4863037521224909e+40	1.0378606800822374e+42	5.009859478857984e+41	3.1076881668006246e+41	2.058370659401893e+41
44462.70108489483	3.6794521128356916e+44	3.005596946791525e+42	1.714266460335516e+42	9.099710634646457e+41	5.892892384500545e+41	3.20687901441035e+41	8.199432106141893e+40	4.056815430375558e+40	1.5392565124179266e+40	1.0678267109147604e+42	5.1645279271787835e+41	3.20687901441035e+41	2.125645718999703e+41
47318.88242476532	3.292963541862666e+44	3.053189831399248e+42	1.7454194979952074e+42	9.284158349202883e+41	6.019267509720034e+41	3.280013942628016e+41	8.404092942786006e+40	4.161183113324297e+40	1.5800733993533343e+40	1.088955216611716e+42	5.2769418001613106e+41	3.280013942628016e+41	2.175744875979045e+41
50359.93033724843	3.0336909610414304e+44	3.0796453544763565e+42	1.764362522495179e+42	9.403414279729039e+41	6.103388151191495e+41	3.3301813644387583e+41	8.550425173664287e+40	4.2368027680475296e+40	1.6100346283726e+40	1.1024402246923883e+42	5.352326297788451e+41	3.3301813644387583e+41	2.2106461886070004e+41
53597.890822304886	2.8155662375637392e+44	3.096900043147633e+42	1.7773987217669115e+42	9.488665000837838e+41	6.164705593035628e+41	3.3675534932076646e+41	8.663157605503244e+40	4.295749858655454e+40	1.6336741029941703e+40	1.112000367750101e+42	5.4075619495343384e+41	3.3675534932076646e+41	2.236959248835836e+41
57045.59741974988	2.3606222393020715e+44	3.121785378490384e+42	1.7938560008729776e+42	9.585814972788401e+41	6.2311295821489844e+41	3.4060319679296605e+41	8.77274328460569e+40	4.352356370126661e+40	1.6562004865186696e+40	1.1231407211663478e+42	5.466634814943012e+41	3.4060319679296605e+41	2.2634095766913305e+41
60716.719749347125	2.092695801729854e+44	3.154891466139037e+42	1.8168281262264397e+42	9.725691982140585e+41	6.327538322071074e+41	3.461669478013078e+41	8.923916460679929e+40	4.427984207240845e+40	1.6850429477672303e+40	1.1390914342164129e+42	5.552420280453217e+41	3.461669478013078e+41	2.3012702676705396e+41
64625.82023589371	1.8739636230761414e+44	3.185021333486984e+42	1.8386549342573437e+42	9.863594922564395e+41	6.4248280764248954e+41	3.519631578801117e+41	9.092377367034698e+40	4.514888541676155e+40	1.7194052440581348e+40	1.1546786215539648e+42	5.639594513379098e+41	3.519631578801117e+41	2.3415527261422007e+41
68788.4121602003	1.6765113983695783e+44	3.2111727283949196e+42	1.85851897594019e+42	9.992619555121566e+41	6.5169482100499434e+41	3.575154967212428e+41	9.256169995339978e+40	4.599766029370523e+40	1.7531124914576188e+40	1.1691815391446999e+42	5.722379078138707e+41	3.575154967212428e+41	2.3803608451882835e+41
73221.02153342355	1.4981993871114124e+44	3.232975783310179e+42	1.876216168807357e+42	1.0111732317740686e+42	6.6032518459666135e+41	3.6279038097249124e+41	9.414512312259141e+40	4.682244526280967e+40	1.7860277604583704e+40	1.182477392913185e+42	5.8002128929543665e+41	3.6279038097249124e+41	2.4174786665578842e+41
77941.25307179068	1.3369623489591573e+44	3.249906592542457e+42	1.891455601750152e+42	1.0219446339663237e+42	6.682802021986843e+41	3.677386939261424e+41	9.566237264771847e+40	4.761764047727975e+40	1.8179457726285413e+40	1.194389962397607e+42	5.872281554336669e+41	3.677386939261424e+41	2.4525883161548808e+41
82967.86045923093	1.1908455653611538e+44	3.2612526842335194e+42	1.9038397384019942e+42	1.0313716686312113e+42	6.754304191088831e+41	3.722921441159927e+41	9.709701517775238e+40	4.837531767187088e+40	1.8485740732081404e+40	1.2046772910261402e+42	5.937458285359625e+41	3.722921441159927e+41	2.4852460183491045e+41
88320.82117371078	1.0580669522955595e+44	3.266111538476134e+42	1.9128626582156347e+42	1.039192768770678e+42	6.8160970782910304e+41	3.763627220335309e+41	9.842770444921523e+40	4.908514498250868e+40	1.8775301638479806e+40	1.2130302792578191e+42	5.994295728158405e+41	3.763627220335309e+41	2.514878365782687e+41
94021.41617129637	9.370837127494885e+43	3.2634302442297986e+42	1.917930881139361e+42	1.0450996039637413e+42	6.866217048904068e+41	3.7984606683874486e+41	9.96289952464658e+40	4.973478262047567e+40	1.9043562638820561e+40	1.2190849733721411e+42	6.041081815239165e+41	3.7984606683874486e+41	2.5408041750287116e+41
100092.3147421794	8.266393737249804e+43	3.2520818334095535e+42	1.9184044237945682e+42	1.0487577968197798e+42	6.902528653182403e+41	3.8262835800064946e+41	1.006730278952973e+41	5.031070389477801e+40	1.9285500013639063e+40	1.2224471561398206e+42	6.075953347131208e+41	3.8262835800064946e+41	2.562279423772708e+41
106557.66487504829	7.257741126295239e+43	3.230962677578462e+42	1.9136495677345527e+42	1.0498336948477742e+42	6.922893763403201e+41	3.845952667176209e+41	1.0153172255985706e+41	5.0799265456475975e+40	1.9496044415161474e+40	1.2227240884888187e+42	6.097043240529662e+41	3.845952667176209e+41	2.578555687779684e+41
113443.18948999795	6.337947086591317e+43	3.199090993479273e+42	1.9030923854679028e+42	1.0480215778142403e+42	6.925343598270334e+41	3.8564106666821735e+41	1.0217901430734275e+41	5.118779762186028e+40	1.9670488718065524e+40	1.2195567553538466e+42	6.102630318151984e+41	3.8564106666821735e+41	2.588939636980365e+41
120776.28892532551	5.502132678645808e+43	3.15568935234363e+42	1.8862635975104386e+42	1.0430664498889517e+42	6.908222772078245e+41	3.856762590240854e+41	1.0259272223440515e+41	5.146551599590314e+40	1.9804828973837836e+40	1.21264688237264e+42	6.091264723617665e+41	3.856762590240854e+41	2.59284281432733e+41
128586.15008980219	4.746711132926414e+43	3.100241184238402e+42	1.8628292195701968e+42	1.034779554371185e+42	6.8702871217188085e+41	3.846327371151365e+41	1.02755811092851e+41	5.162413625457957e+40	1.9895994189707547e+40	1.2017753433197584e+42	6.0618530392447865e+41	3.846327371151365e+41	2.5898153066073905e+41
136903.8627192627	4.068647473137842e+43	3.032518926493652e+42	1.8326056751080833e+42	1.0230459148916111e+42	6.810750832431269e+41	3.824662491357359e+41	1.0265698477337958e+41	5.16581623305182e+40	1.9941953750400815e+40	1.1868111394351135e+42	6.013699188825525e+41	3.824662491357359e+41	2.579561715034304e+41
145762.543204697	3.4648641032463006e+43	2.952587188125247e+42	1.7955612140685378e+42	1.0078248385981367e+42	6.7292887686331835e+41	3.791564709400601e+41	1.0229068786322245e+41	5.156488512888052e+40	1.9941716352729659e+40	1.1677120597895899e+42	5.946506265641265e+41	3.791564709400601e+41	2.5619414602267454e+41
155197.4664886892	2.931854131698497e+43	2.8607872805169477e+42	1.7518071400061816e+42	9.89145177966336e+41	6.626005410212821e+41	3.7470529447674364e+41	1.0165666419789345e+41	5.134416444800813e+40	1.9895247642665979e+40	1.1445191482435074e+42	5.860349220517716e+41	3.7470529447674364e+41	2.5369573805147304e+41
165246.20655831558	2.4655059255211083e+43	2.7577100853303195e+42	1.70158271272872e+42	9.670973432267372e+41	6.50138305709469e+41	3.691340055896892e+41	1.007592383910755e+41	5.099807514038445e+40	1.9803336882328314e+40	1.1173473316782754e+42	5.755629449639715e+41	3.691340055896892e+41	2.5047370315333353e+41
175948.7860957979	2.0611027518962075e+43	2.644163353954224e+42	1.645237133092878e+42	9.418238282789289e+41	6.3562205274544015e+41	3.624799492143752e+41	9.960646782614038e+40	5.053048952832759e+40	1.9667439600651234e+40	1.0863742915234904e+42	5.633021072254671e+41	3.624799492143752e+41	2.465510601681183e+41
187347.8358836003	1.7134430090001394e+43	2.521137982981779e+42	1.583211183917662e+42	9.13509592216423e+41	6.191570918028067e+41	3.547931392670828e+41	9.820927799510572e+40	4.994665119677991e+40	1.9489516858253488e+40	1.0518291614696305e+42	5.493416375126199e+41	3.547931392670828e+41	2.419588438458065e+41
199488.76459850153	1.4170253310953068e+43	2.3897761610486387e+42	1.5160202121294318e+42	8.82373188903038e+41	6.008684153942914e+41	3.461331199603474e+41	9.658065702316768e+40	4.925277719217747e+40	1.9271884982394757e+40	1.0139821009132045e+42	5.337875426743985e+41	3.461331199603474e+41	2.3673401965776084e+41
212419.93966969298	1.166252153611045e+43	2.251342843051527e+42	1.4442393622716126e+42	8.486591461108282e+41	5.808957589226414e+41	3.365662547185858e+41	9.473495310751432e+40	4.845570997364791e+40	1.901708375518188e+40	9.731353297053585e+41	5.167582717447286e+41	3.365662547185858e+41	2.3091767656697537e+41
226192.87991931863	9.556189742142457e+42	2.10720089336142e+42	1.368491372790978e+42	8.126317957582466e+41	5.593896033517915e+41	3.261635193481401e+41	9.268729417240175e+40	4.756262853362801e+40	1.872776657080885e+40	9.296158531737562e+41	4.983812041584944e+41	3.261635193481401e+41	2.245535485817303e+41
240862.46075026036	7.798701702947863e+42	1.958789452864583e+42	1.2894368234743607e+42	7.745705473613758e+41	5.3650812735870624e+41	3.149988075910857e+41	9.045313230477144e+40	4.658081993420743e+40	1.840661301780877e+40	8.837698566484013e+41	4.787899703155167e+41	3.149988075910857e+41	2.1768687130118987e+41
256487.13269554017	6.341134298424341e+42	1.8076045787990675e+42	1.2077664459542055e+42	7.347664625205927e+41	5.124150332244957e+41	3.0314771449541742e+41	8.804790522570132e+40	4.551750747881573e+40	1.8056262460359063e+40	8.359585876664035e+41	4.581225411890792e+41	3.0314771449541742e+41	2.103635520208188e+41
273129.15419662005	5.1389277969534576e+42	1.6551809243118268e+42	1.1241949430922677e+42	6.935199096091845e+41	4.872781237586482e+41	2.9068673955816685e+41	8.548680155540246e+40	4.437972906751139e+40	1.76792661935346e+40	7.865554487268145e+41	4.36519983392804e+41	2.9068673955816685e+41	2.026296169885166e+41
290854.83953432	4.1522499423629305e+42	1.5030731191115392e+42	1.0394556750744724e+42	6.511390368569689e+41	4.6126848465924325e+41	2.776928411849125e+41	8.2784614436169e+40	4.3174258233246444e+40	1.7278055356159904e+40	7.359439729215163e+41	4.141257569087256e+41	2.776928411849125e+41	1.945308930696476e+41
309734.82289622864	3.346064583330403e+42	1.3528355532934861e+42	9.542955364119495e+41	6.079387844879135e+41	4.345601185598534e+41	2.642432716523725e+41	7.99556679641339e+40	4.1907560329440946e+40	1.685492177848575e+40	6.8451633251419026e+41	3.910854263701863e+41	2.642432716523725e+41	1.8611288012083637e+41
329844.33962856664	2.6899808921880888e+42	1.2059994409872507e+42	8.694693547024438e+41	5.642401525820676e+41	4.0732987686168425e+41	2.5041562378529657e+41	7.701380194855922e+40	4.058577689900968e+40	1.641200915707349e+40	6.326720254201991e+41	3.675466574517274e+41	2.5041562378529657e+41	1.7742077238425088e+41
351263.5257887216	2.1579537352670895e+42	1.0640463496603009e+42	7.857331836654803e+41	5.203694448600297e+41	3.7975753879991354e+41	2.3628802440913583e+41	7.39724021392512e+40	3.9214732097220446e+40	1.5951312272501315e+40	5.808163901652198e+41	3.4365937352657372e+41	2.3628802440913583e+41	1.6849959051379127e+41
374077.7371873466	1.727894775736603e+42	9.283778316666595e+41	7.03835941835692e+41	4.766572170682855e+41	3.5202589150063184e+41	2.2193941369996983e+41	7.084446483410724e+40	3.77999559702083e+40	1.5474682324306342e+40	5.293586141698847e+41	3.195759519452803e+41	2.2193941369996983e+41	1.5939438934830972e+41
398377.8891862949	1.3812410724345804e+42	8.00281389913729e+41	6.245089718815382e+41	4.334366723424422e+41	3.24320669038169e+41	2.0744985289405884e+41	6.764268645029696e+40	3.6346720288245e+40	1.4983836807945776e+40	4.787089245206192e+41	2.9545134297876407e+41	2.0744985289405884e+41	1.5015050959563334e+41
424260.818601041	1.1025155322362504e+42	6.80893736273558e+41	5.48453273930139e+41	3.910412674744048e+41	2.9683021296762607e+41	1.9290080503538336e+41	6.437957007182229e+40	3.4860083430872044e+40	1.4480372676197753e+40	4.292746889715957e+41	2.7144299761336147e+41	1.9290080503538336e+41	1.4081384383282314e+41
451829.6691439352	8.789027617157764e+41	5.7116311775618236e+41	4.76324408728854e+41	3.498013279678322e+41	2.6974472287649538e+41	1.783753345546883e+41	6.10675421062774e+40	3.334494148917938e+40	1.3965781801821724e+40	3.814552140880698e+41	2.4771049386156163e+41	1.783753345546883e+41	1.3143108854567439e+41
481194.3019380052	6.998551051232805e+41	4.718133095951701e+41	4.087153763303641e+41	3.1003952186888734e+41	2.4325497546698354e+41	1.6395817183217421e+41	5.77190729647205e+40	3.1806083275480306e+40	1.3441467985463668e+40	3.356351143261402e+41	2.244147566796531e+41	1.6395817183217421e+41	1.2204995435736988e+41
512471.732730414	5.5673696748041246e+41	3.833125800423627e+41	3.4613814535190975e+41	2.7206511870555184e+41	2.1755040766065123e+41	1.497355891807895e+41	5.434679612219709e+40	3.024824731272112e+40	1.2908764933880017e+40	2.9217624694566007e+41	2.017167763038596e+41	1.497355891807895e+41	1.1271930631982546e+41
545786.5975405049	4.425106849556465e+41	3.058513554971634e+41	2.8900491169552922e+41	2.361670655018155e+41	1.928164868590067e+41	1.3579503590500803e+41	5.096362004355755e+40	2.8676179122307435e+40	1.236895477220925e+40	2.514083665445025e+41	1.797757467355247e+41	1.3579503590500803e+41	1.034892054925173e+41
581271.6485900296	3.5146390128223435e+41	2.393322803135746e+41	2.376105573187329e+41	2.0260604877200076e+41	1.6923133350194734e+41	1.222244835531366e+41	4.7582827302845e+40	2.709468724850866e+40	1.1823286754292446e+40	2.136188474384144e+41	1.5874657341196466e+41	1.222244835531366e+41	9.441082248791716e+40
619068.2824831067	2.789763042973436e+41	1.8337572645077555e+41	1.921180904722346e+41	1.7160587621398018e+41	1.4696162043773298e+41	1.0911143975638671e+41	4.42181548262644e+40	2.5508696457045404e+40	1.127299589967973e+40	1.7904204087369695e+41	1.387767397831228e+41	1.0911143975638671e+41	8.553619384477964e+40
659327.1027311652	2.2132236510963177e+41	1.3734250216049289e+41	1.5254899418276485e+41	1.4334469325668605e+41	1.2615785167977516e+41	9.654160191734612e+40	4.0883848621561464e+40	2.392329643884382e+40	1.0719321319562504e+40	1.47849054484613e+41	1.2000257873798468e+41	9.654160191734612e+40	7.691779382629214e+40
702208.5188541069	1.755061463232578e+41	1.0037361188402044e+41	1.1878030374251474e+41	1.1794672655520498e+41	1.0694921808541057e+41	8.459714221366839e+40	3.759468572135276e+40	2.2343784154184606e+40	1.0163524000859472e+40	1.2013892829604349e+41	1.0254506684115808e+41	8.459714221366839e+40	6.860789850951171e+40
747883.3844336865	1.3912410000932246e+41	7.144467395880299e+40	9.054981240164956e+40	9.547538752432997e+40	8.943833281534584e+40	7.33546441432145e+40	3.4365955464213143e+40	2.0775697669613765e+40	9.606903794524657e+39	9.593228926752169e+40	8.65053441212054e+40	7.33546441432145e+40	6.065772682159804e+40
796533.6766492518	1.102519060272848e+41	4.943040231767447e+40	6.747005378329742e+40	7.592863573008017e+40	7.369625326713343e+40	6.288274870658707e+40	3.121339188422582e+40	1.9224839017689926e+40	9.0508153121741e+39	7.5168546416311945e+40	7.196025272488258e+40	6.288274870658707e+40	5.311635560658622e+40
848353.219990098	8.735169274379324e+40	3.317287241440347e+40	4.905068934293971e+40	5.92374546153346e+40	5.975828025112586e+40	5.323961396642063e+40	2.8153049047394313e+40	1.769728325463725e+40	8.49668236566923e+39	5.770750014466164e+40	5.895827164556916e+40	5.323961396642063e+40	4.602942349949908e+40
903548.4570134139	6.919635637628789e+40	2.1546546030881819e+40	3.4727783149706394e+40	4.526810109092071e+40	4.762106723663051e+40	4.447034187472278e+40	2.5201111976083786e+40	1.6199370572839347e+40	7.946010498245277e+39	4.3335865900615053e+40	4.751628516443009e+40	4.447034187472278e+40	3.9437661607152743e+40
962339.2692028357	5.480809838596858e+40	1.3513471337936826e+40	2.389738498263221e+40	3.3828448267471143e+40	3.724154916392854e+40	3.6604574713886743e+40	2.2373637626638917e+40	1.4737678097555314e+40	7.400397051926713e+39	3.177867459893731e+40	3.7617639664367346e+40	3.6604574713886743e+40	3.337531688740148e+40
1024959.8511806846	4.3408698561716145e+40	8.163674632344906e+39	1.5950100853604024e+40	2.4678272846338725e+40	2.8538093496096236e+40	2.9654501369283394e+40	1.968622353686893e+40	1.3318967940846498e+40	6.861538097100105e+39	2.2714877375993977e+40	2.921189826673408e+40	2.9654501369283394e+40	2.786856449076963e+40
1091659.6417378304	3.437941464100465e+40	4.738195425949925e+39	1.0303102544361255e+40	1.7542809314182155e+40	2.139408038224384e+40	2.3613530230712927e+40	1.7153606543200254e+40	1.195010832816571e+40	6.33123143254114e+39	1.5795859004559344e+40	2.2216583251446917e+40	2.3613530230712927e+40	2.293403443176692e+40
1162704.3153696258	2.7228736503115307e+40	2.6349479537367712e+39	6.42640539459338e+39	1.2128397064978214e+40	1.5663847292121512e+40	1.8455869769410625e+40	1.4789200455123364e+40	1.0637965245453051e+40	5.811374745797724e+39	1.0665082649214588e+40	1.6521002969650193e+40	1.8455869769410625e+40	1.857760021834676e+40
1238376.8382453735	2.1566520192363974e+40	1.400018646670037e+39	3.8611739135204084e+39	8.138691581313886e+39	1.1180622085132267e+40	1.4137201849684025e+40	1.2604589718746117e+40	9.389263241832475e+39	5.3039579351179745e+39	6.976867758742241e+39	1.1992011515121212e+40	1.4137201849684025e+40	1.4793586048287454e+40
1318978.5927932202	1.7083283770518385e+40	7.086416281494356e+38	2.2291042831341012e+39	5.2897878730867817e+39	7.765771601784758e+39	1.0596534680459919e+40	1.0609005373902665e+40	8.210415853983456e+39	4.81104854551333e+39	4.4124134904087407e+39	8.48128252489542e+39	1.0596534680459919e+40	1.156453826349805e+40
1404830.5753532785	1.3533665584265418e+40	3.406891059177031e+38	1.2332973089654483e+39	3.322759214904994e+39	5.238473546498925e+39	7.75918951613869e+39	8.808819093125302e+39	7.107328683409324e+39	4.3347692992867555e+39	2.6916177247313534e+39	5.833443609296624e+39	7.75918951613869e+39	8.861671292115491e+39
1496274.671640136	1.0723229350546006e+40	1.5511740967622401e+38	6.521808319991026e+38	2.0125276253992774e+39	3.424832641103345e+39	5.540725612903332e+39	7.207099302668683e+39	6.085181430975041e+39	3.877266835509125e+39	1.5799204030833357e+39	3.894267821011006e+39	5.540725612903332e+39	6.646037435002264e+39
1593675.0150629028	8.497953565937217e+39	6.670824220320203e+37	3.2874739933365238e+38	1.1725703897498918e+39	2.1655376081421584e+39	3.851468026152354e+39	5.803278433389125e+39	5.1481990245598714e+39	3.44067105351703e+39	8.901723180480345e+38	2.5180938007723946e+39	3.851468026152354e+39	4.8703883746547936e+39
1697419.4332777392	6.735869243840827e+39	2.7042866668192015e+37	1.5755264827524173e+38	6.556012123974664e+38	1.3213861198349012e+39	2.6012023942953747e+39	4.5929801529238186e+39	4.299426025495582e+39	3.027044919860191e+39	4.802290639311545e+38	1.5737613551205736e+39	2.6012023942953747e+39	3.4816052527664514e+39
1807920.9886956646	5.3404137877450165e+39	1.0329054851469828e+37	7.162625147427091e+37	3.5090944479564306e+38	7.763445593252243e+38	1.703565233392579e+39	3.568048175450304e+39	3.540522208212174e+39	2.6383252714229246e+39	2.4745473517815723e+38	9.485855962636677e+38	1.703565233392579e+39	2.4234896960489037e+39
1925619.619038737	4.2351535528516055e+39	3.726566962181898e+36	3.0841699609245544e+37	1.7939113437340955e+38	4.381850640584664e+38	1.0797003726563883e+39	2.7168030228113153e+39	2.8715998424397256e+39	2.276256047215587e+39	1.215166270096944e+38	5.502013697137685e+38	1.0797003726563883e+39	1.6396482664054497e+39
2050983.8844318269	3.359596451851942e+39	1.2808112464818478e+36	1.2578649821528344e+37	8.74143073319507e+37	2.3707358095761705e+38	6.6086706490861285e+38	2.0245304367334545e+39	2.2911238816182603e+39	1.942316471529364e+39	5.676612516408739e+37	3.0642379114234483e+38	6.6086706490861285e+38	1.076182543563182e+39
2184512.8279367317	2.6658716444163167e+39	4.2739347551210146e+35	4.874177003317642e+36	4.054617774676882e+37	1.227050016911841e+38	3.898502074750947e+38	1.474177476007331e+39	1.7958941818102188e+39	1.6376479303144258e+39	2.520594339648923e+37	1.6352480739692113e+38	3.898502074750947e+38	6.839239352512372e+38
2326737.9568818794	2.1160982269865165e+39	1.4321082212934114e+35	1.810369135552092e+36	1.7901491059020396e+37	6.066288471674111e+37	2.212027731429267e+38	1.0472039047025762e+39	1.3811234918808817e+39	1.362984489445536e+39	1.0650388190885154e+37	8.34736020361646e+37	2.212027731429267e+38	4.200230727270293e+38
2478225.3528161077	1.680300937711674e+39	5.037946420669272e+34	6.5649130818512236e+35	7.54207491406411e+36	2.862813481195247e+37	1.2050714829024746e+38	7.245127303391611e+38	1.0406162969970821e+39	1.118593017655717e+39	4.30281184378168e+36	4.0714908050380667e+37	1.2050714829024746e+38	2.4880431001135474e+38
2639577.9184207674	1.3347597977623448e+39	1.9246622097932273e+34	2.3977127230230436e+35	3.053899853764448e+36	1.291112119776125e+37	6.294565315900688e+37	4.873699914110225e+38	7.67042374413711e+38	9.042294308443974e+38	1.680856284226101e+36	1.8979939394696663e+37	6.294565315900688e+37	1.4190503719964935e+38
2811437.7702526366	1.0607037669604534e+39	7.971905153017619e+33	9.174492980946366e+34	1.2061891600169805e+36	5.588880737038696e+36	3.150681248087537e+37	3.1822395249887193e+38	5.5228671599984605e+38	7.19117435416574e+38	6.483924707591715e+35	8.47846607178881e+36	3.150681248087537e+37	7.781447879784264e+37
2994488.786762939	8.432769786007688e+38	3.464547650560296e+33	3.786880474170729e+34	4.765947001630564e+35	2.3450785106301547e+36	1.5126620179756067e+37	2.0134863688225143e+38	3.878464116166176e+38	5.619550905092466e+38	2.5499557640084783e+35	3.6543189988838267e+36	1.5126620179756067e+37	4.098938704697146e+37
3189459.3216472375	6.7072083871687135e+38	1.521807743710798e+33	1.6843165180491631e+34	1.948604616515628e+35	9.712794382366037e+35	6.991392733239361e+36	1.2326360345250788e+38	2.6523747929055584e+38	4.309524229448055e+38	1.058696058566321e+35	1.5406545048874428e+36	6.991392733239361e+36	2.0746018685916207e+37
3397125.093229547	5.3372701713717685e+38	6.582509444188029e+32	7.849115252058837e+33	8.492836485933489e+34	4.081511808184886e+35	3.136356876362465e+36	7.291561301513641e+37	1.7637239096956127e+38	3.2390032707911883e+38	4.731137484363954e+34	6.499335601596545e+35	3.136356876362465e+36	1.0111270673936513e+37
3618312.2612740146	4.249256772784363e+38	2.7637907440524643e+32	3.7065845476491565e+33	3.976130282904842e+34	1.7952920137222903e+35	1.3862441158919833e+36	4.164127589761713e+37	1.1387301945722788e+38	2.3826736412103158e+38	2.2552658397430885e+34	2.826827346036046e+35	1.3862441158919833e+36	4.771843866596094e+36
3853900.7033517025	3.3848070808568395e+38	1.118154721416909e+32	1.731014769593935e+33	1.9631451429294553e+34	8.435924779454645e+34	6.177370205395255e+35	2.29562830228102e+37	7.12934336652033e+37	1.713174027071126e+38	1.1147513940633173e+34	1.3022474159220169e+35	6.177370205395255e+35	2.2041749151643505e+36
4104827.503670951	2.6976959043751066e+38	4.3410529631934785e+31	7.883133741602228e+32	9.925076395605338e+33	4.221637800931343e+34	2.8531627421764044e+35	1.223185644577098e+37	4.3240510257044955e+37	1.2023797429254579e+38	5.55048979020734e+33	6.410476089055492e+34	2.8531627421764044e+35	1.0143351848324264e+36
