#t	Le	U	B	V	R	I	J	H	K	g	r	i	z
#----------------------------------------------- 
6.231070087889746	0.0	0.0	0.0	0.0	0.0	0.0	0.0	0.0	0.0	0.0	0.0	0.0	0.0
6.475563181342443	0.0	0.0	0.0	0.0	0.0	0.0	0.0	0.0	0.0	0.0	0.0	0.0	0.0
9.188621956573881	0.0	0.0	0.0	0.0	0.0	0.0	0.0	0.0	0.0	0.0	0.0	0.0	0.0
11.384965494414297	0.0	0.0	0.0	0.0	0.0	0.0	0.0	0.0	0.0	0.0	0.0	0.0	0.0
14.946810631513747	0.0	0.0	0.0	0.0	0.0	0.0	0.0	0.0	0.0	0.0	0.0	0.0	0.0
20.011099621644934	0.0	0.0	0.0	0.0	0.0	0.0	0.0	0.0	0.0	0.0	0.0	0.0	0.0
26.874088888346893	0.0	0.0	0.0	0.0	0.0	0.0	0.0	0.0	0.0	0.0	0.0	0.0	0.0
35.7586457644193	0.0	0.0	0.0	0.0	0.0	0.0	0.0	0.0	0.0	0.0	0.0	0.0	0.0
46.65742864270495	0.0	0.0	0.0	0.0	0.0	0.0	0.0	0.0	0.0	0.0	0.0	0.0	0.0
59.37331782497897	0.0	0.0	0.0	0.0	0.0	0.0	0.0	0.0	0.0	0.0	0.0	0.0	0.0
73.66949082234255	0.0	0.0	0.0	0.0	0.0	0.0	0.0	0.0	0.0	0.0	0.0	0.0	0.0
89.36899953057652	0.0	0.0	0.0	0.0	0.0	0.0	0.0	0.0	0.0	0.0	0.0	0.0	0.0
106.36955016315554	0.0	0.0	0.0	0.0	0.0	0.0	0.0	0.0	0.0	0.0	0.0	0.0	0.0
124.62334107387126	0.0	0.0	0.0	0.0	0.0	0.0	0.0	0.0	0.0	0.0	0.0	0.0	0.0
144.1159376786191	0.0	0.0	0.0	0.0	0.0	0.0	0.0	0.0	0.0	0.0	0.0	0.0	0.0
164.85221152524562	0.0	0.0	0.0	0.0	0.0	0.0	0.0	0.0	0.0	0.0	0.0	0.0	0.0
186.84815653403172	0.0	0.0	0.0	0.0	0.0	0.0	0.0	0.0	0.0	0.0	0.0	0.0	0.0
210.12631224004383	0.0	0.0	0.0	0.0	0.0	0.0	0.0	0.0	0.0	0.0	0.0	0.0	0.0
234.71321272255997	0.0	0.0	0.0	0.0	0.0	0.0	0.0	0.0	0.0	0.0	0.0	0.0	0.0
260.63794900928985	0.0	0.0	0.0	0.0	0.0	0.0	0.0	0.0	0.0	0.0	0.0	0.0	0.0
287.931346661087	0.0	0.0	0.0	0.0	0.0	0.0	0.0	0.0	0.0	0.0	0.0	0.0	0.0
316.6254886718441	0.0	0.0	0.0	0.0	0.0	0.0	0.0	0.0	0.0	0.0	0.0	0.0	0.0
346.7534359362178	0.0	0.0	0.0	0.0	0.0	0.0	0.0	0.0	0.0	0.0	0.0	0.0	0.0
378.3490635915918	0.0	0.0	0.0	0.0	0.0	0.0	0.0	0.0	0.0	0.0	0.0	0.0	0.0
411.4469663237718	0.0	0.0	0.0	0.0	0.0	0.0	0.0	0.0	0.0	0.0	0.0	0.0	0.0
446.0824052117638	0.0	0.0	0.0	0.0	0.0	0.0	0.0	0.0	0.0	0.0	0.0	0.0	0.0
482.2912803509547	0.0	0.0	0.0	0.0	0.0	0.0	0.0	0.0	0.0	0.0	0.0	0.0	0.0
520.1101195918981	0.0	0.0	0.0	0.0	0.0	0.0	0.0	0.0	0.0	0.0	0.0	0.0	0.0
559.5760774776649	0.0	0.0	0.0	0.0	0.0	0.0	0.0	0.0	0.0	0.0	0.0	0.0	0.0
600.7269408089081	0.0	0.0	0.0	0.0	0.0	0.0	0.0	0.0	0.0	0.0	0.0	0.0	0.0
643.6011383422775	0.0	0.0	0.0	0.0	0.0	0.0	0.0	0.0	0.0	0.0	0.0	0.0	0.0
688.2377538905628	0.0	0.0	0.0	0.0	0.0	0.0	0.0	0.0	0.0	0.0	0.0	0.0	0.0
734.6765405522423	0.0	0.0	0.0	0.0	0.0	0.0	0.0	0.0	0.0	0.0	0.0	0.0	0.0
782.9579367036878	0.0	0.0	0.0	0.0	0.0	0.0	0.0	0.0	0.0	0.0	0.0	0.0	0.0
833.123083136182	0.0	0.0	0.0	0.0	0.0	0.0	0.0	0.0	0.0	0.0	0.0	0.0	0.0
885.2138399238128	0.0	0.0	0.0	0.0	0.0	0.0	0.0	0.0	0.0	0.0	0.0	0.0	0.0
939.2728042684803	0.0	0.0	0.0	0.0	0.0	0.0	0.0	0.0	0.0	0.0	0.0	0.0	0.0
995.3433295231819	0.0	0.0	0.0	0.0	0.0	0.0	0.0	0.0	0.0	0.0	0.0	0.0	0.0
1053.4695431664707	0.0	0.0	0.0	0.0	0.0	0.0	0.0	0.0	0.0	0.0	0.0	0.0	0.0
1113.6963669869633	0.0	0.0	0.0	0.0	0.0	0.0	0.0	0.0	0.0	0.0	0.0	0.0	0.0
1176.0695353509898	0.0	0.0	0.0	0.0	0.0	0.0	0.0	0.0	0.0	0.0	0.0	0.0	0.0
1240.635614257369	0.0	0.0	0.0	0.0	0.0	0.0	0.0	0.0	0.0	0.0	0.0	0.0	0.0
1307.4420210932806	0.0	0.0	0.0	0.0	0.0	0.0	0.0	0.0	0.0	0.0	0.0	0.0	0.0
1376.5370469577238	0.0	0.0	0.0	0.0	0.0	0.0	0.0	0.0	0.0	0.0	0.0	0.0	0.0
1447.9698755749544	0.0	0.0	0.0	0.0	0.0	0.0	0.0	0.0	0.0	0.0	0.0	0.0	0.0
1521.7906047857239	0.0	0.0	0.0	0.0	0.0	0.0	0.0	0.0	0.0	0.0	0.0	0.0	0.0
1598.0502674397555	0.0	0.0	0.0	0.0	0.0	0.0	0.0	0.0	0.0	0.0	0.0	0.0	0.0
1676.8008527745376	0.0	0.0	0.0	0.0	0.0	0.0	0.0	0.0	0.0	0.0	0.0	0.0	0.0
1758.095329916389	0.0	0.0	0.0	0.0	0.0	0.0	0.0	0.0	0.0	0.0	0.0	0.0	0.0
1841.9876695254572	0.0	0.0	0.0	0.0	0.0	0.0	0.0	0.0	0.0	0.0	0.0	0.0	0.0
1928.5328660238354	0.0	0.0	0.0	0.0	0.0	0.0	0.0	0.0	0.0	0.0	0.0	0.0	0.0
2017.786962096146	0.0	0.0	0.0	0.0	0.0	0.0	0.0	0.0	0.0	0.0	0.0	0.0	0.0
2109.807073186006	0.0	0.0	0.0	0.0	0.0	0.0	0.0	0.0	0.0	0.0	0.0	0.0	0.0
2204.6514120928978	0.0	0.0	0.0	0.0	0.0	0.0	0.0	0.0	0.0	0.0	0.0	0.0	0.0
2302.379314994179	0.0	0.0	0.0	0.0	0.0	0.0	0.0	0.0	0.0	0.0	0.0	0.0	0.0
2403.051266497622	0.0	0.0	0.0	0.0	0.0	0.0	0.0	0.0	0.0	0.0	0.0	0.0	0.0
2506.7289269379444	0.0	0.0	0.0	0.0	0.0	0.0	0.0	0.0	0.0	0.0	0.0	0.0	0.0
2613.475159657414	0.0	0.0	0.0	0.0	0.0	0.0	0.0	0.0	0.0	0.0	0.0	0.0	0.0
2723.3540579038354	0.0	0.0	0.0	0.0	0.0	0.0	0.0	0.0	0.0	0.0	0.0	0.0	0.0
2836.430973249896	0.0	0.0	0.0	0.0	0.0	0.0	0.0	0.0	0.0	0.0	0.0	0.0	0.0
2952.7725451998845	1.2623526526734918e+31	2.4415978227082386e+28	1.3684963021786775e+28	7.152707656895667e+27	4.5923121443737106e+27	2.4744778337739056e+27	6.22906457063218e+26	3.0650288053495757e+26	1.1563817691461145e+26	8.423385606577544e+27	4.0152757208945377e+27	2.4744778337739056e+27	1.6311332986409035e+27
3072.4467322565893	1.6125862561656136e+32	3.365197139464024e+29	1.887376079410119e+29	9.870350419311134e+28	6.3391526253625294e+28	3.4169759381001966e+28	8.606582724155034e+27	4.235754584368922e+27	1.598410823903178e+27	1.16222976446843e+29	5.54309970062533e+28	3.4169759381001966e+28	2.252871493506331e+28
3195.522841679753	1.619955348523369e+33	3.7492045291356227e+30	2.104650250983193e+30	1.1015464799173797e+30	7.077756840269682e+29	3.81706754689698e+29	9.622110777082408e+28	4.736906483122777e+28	1.7880536153482181e+28	1.296827375304024e+30	6.189705700291876e+29	3.81706754689698e+29	2.517382648496657e+29
3322.0715617163232	1.362987201745054e+34	3.426195680078147e+31	1.9247672325079987e+31	1.008067766841139e+31	6.479525098609659e+30	3.4959259926545716e+30	8.818475209974864e+29	4.342309648437737e+29	1.6395036164910496e+29	1.186595813987689e+31	5.667105256740596e+30	3.4959259926545716e+30	2.306135866226343e+30
3452.164993613722	9.23294241726886e+34	2.5687846502318387e+32	1.4444680609582445e+32	7.571585724439897e+31	4.869055247539636e+31	2.6284451133989074e+31	6.635901671153088e+30	3.2685713152412733e+30	1.2344801628881313e+30	8.910777482394232e+31	4.2591060713306185e+31	2.6284451133989074e+31	1.7344146043738977e+31
3585.876685449449	5.381243879117688e+35	1.631816613698662e+33	9.183672781237318e+32	4.8174668946325244e+32	3.099249165809265e+32	1.6738541032537675e+32	4.2290598650432875e+31	2.0836117378972187e+31	7.871567627261811e+30	5.6685667615899394e+32	2.711310250160561e+32	1.6738541032537675e+32	1.104808861052734e+32
3723.2816649265224	2.635583268035715e+36	8.824614676220129e+33	4.971372380233837e+33	2.6101446015229904e+33	1.6800294859243674e+33	9.078722366886065e+32	2.2958241132085077e+32	1.1314843175767082e+32	4.27596260943995e+31	3.070651566439698e+33	1.4699346543119432e+33	9.078722366886065e+32	5.994211025831205e+32
3864.4564742736725	1.139214857585181e+37	4.162858239958875e+34	2.3473130078588785e+34	1.2334244834896618e+34	7.942573823064088e+33	4.2943238909231674e+33	1.0868338445029825e+33	5.357945371122064e+32	2.0254076148161298e+32	1.4507663897926154e+34	6.950176246831023e+33	4.2943238909231674e+33	2.836142648192296e+33
4009.479206519241	4.274303279366549e+37	1.7205363318163686e+35	9.711834204792447e+34	5.107970036383395e+34	3.290958042057529e+34	1.7803885366166844e+34	4.510135602077612e+33	2.2241713070191044e+33	8.410658333300774e+32	6.006759505805741e+34	2.8801705373612666e+34	1.7803885366166844e+34	1.1762307769748519e+34
4158.429542502683	1.4455535003415333e+38	6.35110592585815e+35	3.588533258341146e+35	1.8890556867334447e+35	1.2176716794006858e+35	6.591216038834696e+34	1.6711733944466597e+34	8.243937162001484e+33	3.118421129946069e+33	2.2210040741502885e+35	1.065819300697791e+35	6.591216038834696e+34	4.355909053274849e+34
4311.388788851152	4.352474508601876e+38	2.1017600571013325e+36	1.1888652896145469e+36	6.2645035846516136e+35	4.0402546767803126e+35	2.1883452436420434e+35	5.553900059835213e+34	2.740700673861674e+34	1.0370896752274608e+34	7.36365657448792e+35	3.53693008994855e+35	2.1883452436420434e+35	1.446707269716546e+35
4468.439916475028	1.2020217364393477e+39	6.332011624935315e+36	3.585516818175766e+36	1.891093141932197e+36	1.2202840860989068e+36	6.613440456869376e+35	1.6800273926619347e+35	8.293222902533684e+34	3.139246879982654e+34	2.2224215877110804e+36	1.0684153596361459e+36	6.613440456869376e+35	4.373578343186691e+35
4629.6676005567115	3.015255979340251e+39	1.7420222979339605e+37	9.875771294704178e+36	5.2141122756363177e+36	3.3664877707107283e+36	1.82569782213372e+36	4.642639813690945e+35	2.2926069879037316e+35	8.681479626574957e+34	6.126200087821506e+36	2.9479751195004826e+36	1.82569782213372e+36	1.2078066760466814e+36
4795.158262898184	7.036769576189394e+39	4.431124278267915e+37	2.514909477757112e+37	1.3291237535584513e+37	8.586231216504186e+36	4.659403933318119e+36	1.1860381361124038e+36	5.858893123648083e+35	2.2194031307182996e+35	1.5612657437472977e+37	7.519946042647525e+36	4.659403933318119e+36	3.083561795063041e+36
4965.000114118554	1.5153294173556702e+40	1.0445240933612108e+38	5.935561950455319e+37	3.1403429090941065e+37	2.0299061013054868e+37	1.1023103929685284e+37	2.8089379159006747e+36	1.3881122854838155e+36	5.260357429015524e+35	3.687909926473721e+37	1.7781124397950596e+37	1.1023103929685284e+37	7.297824661000728e+36
5139.283197457159	3.0697896105698795e+40	2.304606250569286e+38	1.3111858091333672e+38	6.944513535072597e+37	4.491556555669335e+37	2.44072321985855e+37	6.226104017142832e+36	3.077943559922627e+36	1.1668566175208806e+36	8.153407553569222e+37	3.9350454105638913e+37	2.44072321985855e+37	1.616484835381102e+37
5318.099432710562	5.80656190487857e+40	4.765898405379279e+38	2.7150672378312187e+38	1.4396576422354378e+38	9.317335965114447e+37	5.06677305199367e+37	1.293977460506548e+37	6.399500147359065e+36	2.4270718521582104e+36	1.6898252753342355e+38	8.164319892008582e+37	5.06677305199367e+37	3.3570795288815885e+37
5501.542664324353	1.041204336204368e+41	9.309127627651736e+38	5.3101956610403445e+38	2.8189518269707743e+38	1.8255600729998705e+38	9.934636548178905e+37	2.540045339846126e+37	1.256708840543845e+37	4.7681478143153573e+36	3.307928328955782e+38	1.5999239261909025e+38	9.934636548178905e+37	6.585035742231381e+37
5689.708708452563	1.7562072085833147e+41	1.7177777240213503e+39	9.812635320522645e+38	5.21562396510111e+38	3.379990331940506e+38	1.8408386209894138e+38	4.712412446149099e+37	2.3325217281783205e+37	8.853905796270093e+36	6.118575149467064e+38	2.9627862355503244e+38	1.8408386209894138e+38	1.2207128222768736e+38
5882.695400385545	2.8177914018033723e+41	3.010886202768502e+39	1.7224408774914278e+39	9.166858453310944e+38	5.944796230574854e+38	3.2403282098434897e+38	8.305501623583528e+37	4.1128352788588057e+37	1.5618832369463215e+37	1.0750716252298839e+39	5.212010101347384e+38	3.2403282098434897e+38	2.1497227814243703e+38
6080.602646057852	4.262294007579975e+41	5.0066649581596875e+39	2.8688137942146625e+39	1.5289652149540736e+39	9.923302552612041e+38	5.413770563440329e+38	1.3895936056474586e+38	6.884587289878967e+37	2.615804692209107e+37	1.7925564445420273e+39	8.701965986749188e+38	5.413770563440329e+38	3.593445318794408e+38
6283.532474329283	6.576520408290269e+41	8.104729324874249e+39	4.6479381757927694e+39	2.4790145627147954e+39	1.6095943740964818e+39	8.785460659152583e+38	2.2566876464484154e+38	1.1183391925863852e+38	4.2502627869603135e+37	2.905897633758609e+39	1.4116469604666416e+39	8.785460659152583e+38	5.832965386067375e+38
6491.5890905671295	1.032318846261895e+42	1.2774833027360508e+40	7.326708555998088e+39	3.9080098472424834e+39	2.5375142152491002e+39	1.3850781200967032e+39	3.558023180291906e+38	1.7632770417964255e+38	6.701510796038136e+37	4.5808964892229854e+39	2.2254730152646875e+39	1.3850781200967032e+39	9.196211763237489e+38
6704.878930628194	1.390168790133034e+42	1.8595642515097318e+40	1.068021668843908e+40	5.703839760406167e+39	3.7061132734879916e+39	2.0245378238882064e+39	5.207061545775103e+38	2.5816140714802165e+38	9.816010599255454e+37	6.684031998107507e+39	3.25097428939909e+39	2.0245378238882064e+39	1.3447771691914986e+39
6923.510716403494	1.798681111003081e+42	2.591631594092561e+40	1.4905615450732388e+40	7.970230054019593e+39	5.1822321449753433e+39	2.8330934628997275e+39	7.295458534774856e+38	3.6185563074101034e+38	1.3764731741775645e+38	9.337272303527109e+39	4.546651118660029e+39	2.8330934628997275e+39	1.8826624562932316e+39
7147.595515039129	2.1468317639017885e+42	3.4162759770602013e+40	1.9686776958017828e+40	1.0544769606718959e+40	6.862656466407645e+39	3.755812066818588e+39	9.687766514834017e+38	4.807969429888768e+38	1.8300193621706093e+38	1.234857216457785e+40	6.022516291189754e+39	3.755812066818588e+39	2.4973250117379536e+39
7377.246799061944	2.4449368157475e+42	4.3101866034600713e+40	2.489030240872518e+40	1.335650036109091e+40	8.70139737783604e+39	4.767651029161591e+39	1.231993278760699e+39	6.118163816297377e+38	2.33021755029626e+38	1.5634697850436196e+40	7.638258047517226e+39	4.767651029161591e+39	3.17216204618383e+39
7612.580507844789	2.6233030135877666e+42	5.19235168645006e+40	3.0059620604299708e+40	1.616578350820069e+40	1.0544281237533519e+40	5.78536091426579e+39	1.498180478359019e+39	7.445647037715192e+38	2.8379915995093013e+38	1.891369420813747e+40	9.259004343068699e+39	5.78536091426579e+39	3.852238358747142e+39
7853.715111288593	2.7032460934699153e+42	6.024192934580403e+40	3.4969763707538016e+40	1.8850973776823396e+40	1.2311754197705936e+40	6.765174226743195e+39	1.7559633517243592e+39	8.733826692095614e+38	3.331748592969047e+38	2.204340439524072e+40	1.0814851433364944e+40	6.765174226743195e+39	4.508371034663775e+39
8100.771676784633	2.678063179775836e+42	6.754583519376731e+40	3.932706927504354e+40	2.1255360815480684e+40	1.3902070279558485e+40	7.651574795758386e+39	1.991097804113173e+39	9.912154078838073e+38	3.7846945702220364e+38	2.4840142379375983e+40	1.221657065599824e+40	7.651574795758386e+39	5.103712757500322e+39
8353.873936774131	2.589081886692525e+42	7.382977632648154e+40	4.3121353523525914e+40	2.3370272761483424e+40	1.530845411727026e+40	8.440158075080556e+39	2.2021740133552723e+39	1.0973164631480224e+39	4.193807679527928e+38	2.729460536314522e+40	1.3457949323096893e+40	8.440158075080556e+39	5.635081057850546e+39
8613.148358622346	2.457926016203205e+42	7.91568409625318e+40	4.638628813793932e+40	2.521258764577254e+40	1.654150161031621e+40	9.13649290715276e+39	2.3905429602679053e+39	1.1923424342905084e+39	4.561534934055441e+38	2.942685835747541e+40	1.4548196610817659e+40	9.13649290715276e+39	6.106097733650717e+39
8878.724216190894	2.3153775032695662e+42	8.388718054133222e+40	4.932633405970013e+40	2.6890445144030585e+40	1.7671116895492613e+40	9.778549232640625e+39	2.5658883014043452e+39	1.281080776725678e+39	4.906027871171676e+38	3.1363900528108794e+40	1.5548548052008367e+40	9.778549232640625e+39	6.54190660274907e+39
9150.733664736288	2.1752064152031992e+42	8.83558940043917e+40	5.213720108846034e+40	2.8510023643808233e+40	1.876692052471047e+40	1.0404769286514887e+40	2.7382711296306565e+39	1.3685512444929192e+39	5.246498628235296e+38	3.32296992863479e+40	1.6520228083066575e+40	1.0404769286514887e+40	6.968199228352795e+39
9429.311818535969	2.049535071099876e+42	9.295878900856374e+40	5.505152333082788e+40	3.019821605674177e+40	1.9912357379507794e+40	1.1061378877710022e+40	2.9198494635981246e+39	1.460830056696432e+39	5.6062425106583784e+38	3.5172226758069065e+40	1.753667543774217e+40	1.1061378877710022e+40	7.415924041038859e+39
9714.596831650717	1.9381701319982486e+42	9.791843336070814e+40	5.820673109638212e+40	3.203322851149071e+40	2.1160049168680033e+40	1.1778290667069004e+40	3.118805603416271e+39	1.56206194775165e+39	6.00136805679077e+38	3.7281809537050677e+40	1.864448811399374e+40	1.1778290667069004e+40	7.905392692696682e+39
10006.729979954525	2.0453790149159197e+42	1.0671935221178065e+41	6.355541406015653e+40	3.5033439042833526e+40	2.316253033878723e+40	1.2906049466586704e+40	3.422824551727028e+39	1.715275386078178e+39	6.593717888868983e+38	4.0758525275881674e+40	2.041384029868146e+40	1.2906049466586704e+40	8.667209731419479e+39
10305.85574558277	2.560110440910715e+42	1.2590817159267245e+41	7.477816302335351e+40	4.112127120214359e+40	2.715183617542477e+40	1.5106267528109883e+40	3.997090262599475e+39	2.001442890222924e+39	7.687453168810915e+38	4.786732538239546e+40	2.392123207513665e+40	1.5106267528109883e+40	1.0136404159513597e+40
10612.121902591165	2.477776547379876e+42	1.346274318313675e+41	8.0242156411613055e+40	4.426261356946508e+40	2.927545498790095e+40	1.6319008856617375e+40	4.330734791635426e+39	2.1707280391184372e+39	8.346369586807638e+38	5.148777478335414e+40	2.580394576077215e+40	1.6319008856617375e+40	1.0961740009201275e+40
10925.679608451723	2.5032736776651915e+42	1.4620112340315262e+41	8.73836839112754e+40	4.831867503102372e+40	3.200041938636799e+40	1.7864737452197015e+40	4.751887334006659e+39	2.3837323840693633e+39	9.172836876849481e+38	5.61750003584716e+40	2.8215847626576953e+40	1.7864737452197015e+40	1.2009952402766867e+40
11246.68598289249	2.4811667296651147e+42	1.5770576830151553e+41	9.457712965005193e+40	5.244866538471491e+40	3.479084572440841e+40	1.9457514850187219e+40	5.189886127672777e+39	2.605945661593458e+39	1.0037721155413088e+39	6.093616268259005e+40	3.0689410454466516e+40	1.9457514850187219e+40	1.309370630047792e+40
11576.450680312426	2.4049706099892505e+42	1.6797314758507609e+41	1.011488289567447e+41	5.629296354630204e+40	3.741350479337345e+40	2.097039293149928e+40	5.612365815494243e+39	2.821385633265639e+39	1.0880533472201574e+39	6.534965847213486e+40	3.302019308756694e+40	2.097039293149928e+40	1.412890376232148e+40
11915.018900757748	2.3581346487338134e+42	1.796433516975067e+41	1.085994267705425e+41	6.06439470711043e+40	4.0379555545247906e+40	2.2680082017921057e+40	6.089369428083131e+39	3.0645666598244723e+39	1.1831646127599784e+39	7.03466250380161e+40	3.5655653001887048e+40	2.2680082017921057e+40	1.5298351410439335e+40
12262.332484703382	2.264621292837546e+42	1.8985203298370473e+41	1.1531822821435994e+41	6.466171509507963e+40	4.315166058126712e+40	2.4298830270646443e+40	6.549499496163244e+39	3.300586974145291e+39	1.276037358489615e+39	7.493697605346628e+40	3.8126560428000183e+40	2.4298830270646443e+40	1.6413211181562582e+40
12618.564954056204	2.212089354061958e+42	2.0174638340283505e+41	1.230769267608849e+41	6.927207334586894e+40	4.632311876816674e+40	2.614513621347299e+40	7.072181508599487e+39	3.5683566531783424e+39	1.3812766457840737e+39	8.021142367607551e+40	4.095128777142653e+40	2.614513621347299e+40	1.7682836798304356e+40
12984.077694963931	2.1240901123016386e+42	2.1191223967779416e+41	1.2994483251777184e+41	7.346370024618801e+40	4.924542639555169e+40	2.7870856313611385e+40	7.570732408967504e+39	3.8254548016868336e+39	1.4829814271288115e+39	8.497899589150648e+40	4.356318728332876e+40	2.7870856313611385e+40	1.8878462048849917e+40
13359.074365289747	2.0699397091536323e+42	2.2371253453922465e+41	1.3783520740466102e+41	7.824573851040777e+40	5.256864936304192e+40	2.982705684348761e+40	8.133534605585543e+39	4.1153268775778824e+39	1.5975168054484034e+39	9.042604787239471e+40	4.653103260222497e+40	2.982705684348761e+40	2.023162392648809e+40
13743.702653323875	1.992354693817354e+42	2.3399422725477907e+41	1.449626862820829e+41	8.268347915173913e+40	5.569404849471314e+40	3.169294482522775e+40	8.681106520451608e+39	4.399166282485238e+39	1.7103761637121853e+39	9.545152971510019e+40	4.933186452209653e+40	3.169294482522775e+40	2.1531840332619073e+40
14138.215292798946	2.4656745672374902e+42	2.7286868071312047e+41	1.684512589686998e+41	9.57914206053137e+40	6.441815845765794e+40	3.659032989736746e+40	9.994721208783535e+39	5.060016233310408e+39	1.9654151597818422e+39	1.106591578351285e+41	5.703439577943703e+40	3.659032989736746e+40	2.483416526288521e+40
14542.85748169035	2.5757342198544597e+42	3.0029641615330498e+41	1.8566830413544592e+41	1.0571310185219218e+41	7.113602800290927e+40	4.043442290940717e+40	1.105597438861013e+40	5.599178221701042e+39	2.1755635836656507e+39	1.2208721450109345e+41	6.29929094755102e+40	4.043442290940717e+40	2.745340484758094e+40
14957.864642247088	2.5067469154658262e+42	3.149490968444274e+41	1.9571962075390195e+41	1.1192660649916223e+41	7.549757072191341e+40	4.3029637790862646e+40	1.1814251165499355e+40	5.991713847820788e+39	2.331443475743507e+39	1.2913419030854489e+41	6.689826242862809e+40	4.3029637790862646e+40	2.925883284041053e+40
15383.447648278037	2.4428066685910206e+42	3.3068865170480195e+41	2.0655111277225156e+41	1.1864101096671197e+41	8.021783079384812e+40	4.584306437976292e+40	1.2638399902419518e+40	6.418723349886709e+39	2.501163154592345e+39	1.3674445759640908e+41	7.112652650546602e+40	4.584306437976292e+40	3.1217880517004236e+40
15819.872145626314	2.377943069661343e+42	3.4600717793720847e+41	2.1728993589610083e+41	1.2539328515696891e+41	8.499886902906005e+40	4.871467786389907e+40	1.348887426856653e+40	6.860956185863015e+39	2.6775575337697036e+39	1.4437392757158347e+41	7.541724903038502e+40	4.871467786389907e+40	3.322554759788594e+40
16267.209521733816	2.3124388373097322e+42	3.6143384489569946e+41	2.2826485410144284e+41	1.323711337213901e+41	8.99671326477453e+40	5.17164214782023e+40	1.4385366800366948e+40	7.328388291465038e+39	2.864503771037973e+39	1.5223926325663838e+41	7.9882430868336625e+40	5.17164214782023e+40	3.5330701919284254e+40
16726.353565491372	2.2311282817363584e+42	3.7515921823285664e+41	2.3840020533296945e+41	1.3898834042174346e+41	9.473910564039233e+40	5.463798897794021e+40	1.5273950799568071e+40	7.794384114027525e+39	3.0519287239061896e+39	1.5965608548540146e+41	8.418521663896726e+40	5.463798897794021e+40	3.739362103249347e+40
17196.075655142646	2.164735383195689e+42	3.901048819317535e+41	2.4946325291956054e+41	1.4623214136540995e+41	9.99722593340644e+40	5.784875062683604e+40	1.6253844292200437e+40	8.308886630639827e+39	3.259118740282404e+39	1.6776949299047447e+41	8.890619247194833e+40	5.784875062683604e+40	3.966349255621765e+40
17676.19116788596	2.0856004368485243e+42	4.0354996606305136e+41	2.598389327502272e+41	1.5322256098066334e+41	1.050907497803371e+41	6.103275050518198e+40	1.724390914057061e+40	8.831792595513426e+39	3.470895487000719e+39	1.755521852386233e+41	9.353951883139047e+40	6.103275050518198e+40	4.193030798756006e+40
18167.876813651532	2.4558425222449738e+42	4.6077046254431574e+41	2.9578772716925475e+41	1.7397894184789706e+41	1.191660204904605e+41	6.910379458970218e+40	1.948096711074541e+40	9.970100827624523e+39	3.915325460394911e+39	1.9944710026787586e+41	1.060295759663624e+41	6.910379458970218e+40	4.743692539318115e+40
18671.210199047728	2.3664313958803528e+42	4.7970645150109575e+41	3.099564292065027e+41	1.8332162970327586e+41	1.2593680732134228e+41	7.327087075571186e+40	2.075776456412138e+40	1.0641285745614691e+40	4.185911478027069e+39	2.0989625098807684e+41	1.1214247068878791e+41	7.327087075571186e+40	5.038736153601903e+40
19186.035921377854	2.4252772036675103e+42	5.1450083945070954e+41	3.336268183600099e+41	1.9791243947106754e+41	1.361766966351751e+41	7.936827757258893e+40	2.2544230283162537e+40	1.1567315598577088e+40	4.554208086311051e+39	2.2645001620927383e+41	1.2131213093265502e+41	7.936827757258893e+40	5.463249069651916e+40
19712.921175596355	2.3963843868814237e+42	5.3626222418521706e+41	3.498066066912477e+41	2.085803854033349e+41	1.439191669368844e+41	8.414582211246577e+40	2.4016145147242657e+40	1.2342786252250034e+40	4.8675805521820466e+39	2.383775049083154e+41	1.28306049772066e+41	8.414582211246577e+40	5.802122799923234e+40
20252.102110718464	2.310319555817482e+42	5.521017826898507e+41	3.627866737168614e+41	2.176910208715169e+41	1.507207963088401e+41	8.846234027194108e+40	2.5395652061710563e+40	1.307772772515722e+40	5.167755799264977e+39	2.484334544503561e+41	1.3449347958390825e+41	8.846234027194108e+40	6.112600106179309e+40
20803.97332894038	2.2561439361875286e+42	5.693874926312591e+41	3.767639798022342e+41	2.2745698435170446e+41	1.5800601239523278e+41	9.30864269029763e+40	2.687600791732324e+40	1.3867108446535025e+40	5.490499163732913e+39	2.5921957669581625e+41	1.4112047424185818e+41	9.30864269029763e+40	6.445347341184789e+40
21369.073506630197	2.165692623464108e+42	5.816976662976069e+41	3.8804199320549714e+41	2.359187270911844e+41	1.6451216218169452e+41	9.733766292898758e+40	2.8287519856605433e+40	1.4627952028512672e+40	5.804759566082383e+39	2.6843373630745898e+41	1.470825684974554e+41	9.733766292898758e+40	6.755599479716185e+40
21946.790963699666	2.1091612500890472e+42	5.9744932094538646e+41	4.0156790669911105e+41	2.4575967154791448e+41	1.7199488112435806e+41	1.0218145204875721e+41	2.988047235017459e+40	1.5484622716653682e+40	6.157918404757995e+39	2.7921048082007123e+41	1.5392238818720857e+41	1.0218145204875721e+41	7.107684057481008e+40
22538.069061114453	2.1035843101764218e+42	6.1978560069389116e+41	4.191884147991327e+41	2.5796437850129244e+41	1.8108695917033937e+41	1.0795584831432273e+41	3.173684678919952e+40	1.6476618738192667e+40	6.5644876719482e+39	2.9270628370558992e+41	1.621926303131641e+41	1.0795584831432273e+41	7.523669271155011e+40
23144.001737346556	2.3417327758827134e+42	6.993758032505489e+41	4.723082843595629e+41	2.9016739672360467e+41	2.034797375265605e+41	1.2114938477238557e+41	3.5538877119894765e+40	1.843600470108746e+40	7.339143567230548e+39	3.2938119996967644e+41	1.8219480365916137e+41	1.2114938477238557e+41	8.4368252163320005e+40
23764.583584493714	2.406567580858842e+42	7.377082467001935e+41	5.003690287084199e+41	3.0859507390829604e+41	2.1686321176458626e+41	1.2943044732592196e+41	3.810915897938095e+40	1.9794568003189872e+40	7.890127157337287e+39	3.49990084236554e+41	1.9429013435663826e+41	1.2943044732592196e+41	9.025536698805345e+40
24400.523404352363	2.2743172951698073e+42	7.447876451594857e+41	5.101513263098941e+41	3.172880466193551e+41	2.239868109121748e+41	1.3436223355165435e+41	3.9863705394556104e+40	2.075928808701215e+40	8.296045927228356e+39	3.591643700423029e+41	2.0091642256771286e+41	1.3436223355165435e+41	9.395331365606833e+40
25054.472672106447	2.2517566804347197e+42	7.636284288136072e+41	5.266897228691683e+41	3.2961116696225038e+41	2.3348873740528434e+41	1.4061360007950347e+41	4.1971577278859554e+40	2.190258202717279e+40	8.771407987613205e+39	3.725830905305614e+41	2.096353367543346e+41	1.4061360007950347e+41	9.853832060452544e+40
25726.562070720738	2.150888409377827e+42	7.6892901872363e+41	5.354939676688326e+41	3.3796182074289832e+41	2.4050986888152416e+41	1.4559613985753071e+41	4.380206375536487e+40	2.291906369569716e+40	9.20319595537849e+39	3.812889659180632e+41	2.1620720865631965e+41	1.4559613985753071e+41	1.0232021675547787e+41
26416.831053901813	2.097051990864849e+42	7.814835786712892e+41	5.487701318260567e+41	3.489079145271944e+41	2.493164662753868e+41	1.516311293038171e+41	4.59443130226718e+40	2.409892478644211e+40	9.700908954131693e+39	3.929725441133225e+41	2.2437211736546113e+41	1.516311293038171e+41	1.068350547572839e+41
27124.33352103734	2.1245939868477397e+42	8.203277390488036e+41	5.795483067699306e+41	3.703440188228677e+41	2.6534006548149927e+41	1.61849100946467e+41	4.925039778496632e+40	2.5869554381439226e+40	1.042823941220742e+40	4.1664434154674225e+41	2.3896119708158197e+41	1.61849100946467e+41	1.142129124945009e+41
27850.253741715012	2.285918641640701e+42	8.947327950386802e+41	6.327227848233823e+41	4.046088579135895e+41	2.8998829506423068e+41	1.7694566790862676e+41	5.386971252614373e+40	2.830008291667248e+40	1.1409620181939502e+40	4.5512438803580276e+41	2.6118163848451268e+41	1.7694566790862676e+41	1.2488843075160224e+41
28596.118576463832	2.2968201353237705e+42	9.21269020901829e+41	6.557557937554419e+41	4.218343737907474e+41	3.03341822928718e+41	1.8580219387923434e+41	5.690146830345198e+40	2.9953876024951883e+40	1.2101319605848607e+40	4.738509234579876e+41	2.7345627256111444e+41	1.8580219387923434e+41	1.3141750896241407e+41
29362.179487138943	2.1983557106806773e+42	9.26815685755954e+41	6.667441726707902e+41	4.32848481999523e+41	3.1280662661932944e+41	1.9266296644322995e+41	5.949350993509586e+40	3.140583450655006e+40	1.2723295488752342e+40	4.852154296787039e+41	2.8236284108386095e+41	1.9266296644322995e+41	1.3668042089089128e+41
30146.803192394338	2.1642427091503163e+42	9.371065001004188e+41	6.798155302420806e+41	4.44779189359542e+41	3.228544274971029e+41	1.9987574375290626e+41	6.22200241409007e+40	3.293741112768809e+40	1.3381812919049054e+40	4.97688792507133e+41	2.9178644312518126e+41	1.9987574375290626e+41	1.4220534258583869e+41
30948.618170268506	2.0882494317389233e+42	9.422734845822416e+41	6.908697892360871e+41	4.562680136885463e+41	3.3290349482371067e+41	2.073011502553457e+41	6.510507285462465e+40	3.456851605081435e+40	1.4086937227676535e+40	5.09452502382689e+41	3.0128682357470707e+41	2.073011502553457e+41	1.4796007148886982e+41
31770.151910207707	2.0760766493445873e+42	9.603701366082817e+41	7.094651991983372e+41	4.718297068171864e+41	3.4563028483665e+41	2.16225539734145e+41	6.840538109871502e+40	3.641364179475202e+40	1.4877340486524946e+40	5.259735623656471e+41	3.131467681805231e+41	2.16225539734145e+41	1.547313380374767e+41
32611.801740131577	2.2342449599216702e+42	1.0474687203266521e+42	7.755050715891375e+41	5.1650330470005894e+41	3.785806309975036e+41	2.3695514363982827e+41	7.4990764416311005e+40	3.9920068742148175e+40	1.6309501558372865e+40	5.756056208028982e+41	3.430465333583902e+41	2.3695514363982827e+41	1.6959668364081971e+41
33474.61304968746	2.2210733405926488e+42	1.0698167685966513e+42	7.987968510245304e+41	5.360208632901692e+41	3.94509214405319e+41	2.4807860307470367e+41	7.906773311986526e+40	4.2191301984391823e+40	1.7278786428893912e+40	5.963336648384719e+41	3.5787783339228916e+41	2.4807860307470367e+41	1.7801195064769933e+41
34359.14816951879	2.1725526761123088e+42	1.0754995567299119e+42	8.1039834019664e+41	5.4838924741234004e+41	4.055434265262534e+41	2.5643615373996763e+41	8.244784767467757e+40	4.412908919812738e+40	1.8128258547162023e+40	6.089054237245658e+41	3.6836935966915234e+41	2.5643615373996763e+41	1.8458198217672434e+41
35264.6013791543	2.1265864953994898e+42	1.0827567930149113e+42	8.245083131676443e+41	5.6317757622782706e+41	4.1862816579339474e+41	2.6625520296976195e+41	8.636265652829486e+40	4.636248268851264e+40	1.9102561030791178e+40	6.239900551954122e+41	3.807831094869215e+41	2.6625520296976195e+41	1.922613771943746e+41
36192.97661336631	2.072369751700249e+42	1.0810497053985282e+42	8.314321003936397e+41	5.731455798098481e+41	4.282742343785154e+41	2.740563172293076e+41	8.97512248237576e+40	4.834339098534051e+40	1.9986555751445704e+40	6.336795401031197e+41	3.9011753797930805e+41	2.740563172293076e+41	1.985726839300523e+41
37144.67741721323	2.0741934171511907e+42	1.1058049690338574e+42	8.58200912104613e+41	5.963183666881658e+41	4.4751788764238274e+41	2.877538896085675e+41	9.491184224558742e+40	5.124404197760817e+40	2.1235251659713308e+40	6.581092104409009e+41	4.081184502141699e+41	2.877538896085675e+41	2.090411493595727e+41
38117.55914453251	2.1775473743991768e+42	1.1807318888170153e+42	9.202017359168364e+41	6.414809853244063e+41	4.8219501158502215e+41	3.105860149573352e+41	1.0269023661867963e+41	5.548652562478657e+40	2.301062709556591e+40	7.074504087097449e+41	4.399281289561212e+41	3.105860149573352e+41	2.2583026021873747e+41
39116.35655367117	2.1677608714116204e+42	1.1966878989270688e+42	9.406139977954785e+41	6.608240297977849e+41	4.989196089231042e+41	3.2299364651775093e+41	1.0764226911353242e+41	5.832210683972493e+40	2.425367050094433e+40	7.274731397900515e+41	4.557332024597671e+41	3.2299364651775093e+41	2.3551793871190224e+41
40141.856812881495	2.112235038581009e+42	1.1850391979253465e+42	9.416491454832455e+41	6.683454738215294e+41	5.075628922244813e+41	3.3083937505101006e+41	1.1144391198151001e+41	6.060639181070042e+40	2.529812566664844e+40	7.340003348234926e+41	4.643750925229e+41	3.3083937505101006e+41	2.421626195975058e+41
41195.60161638559	2.0755733606927287e+42	1.1845937223473499e+42	9.506572171006921e+41	6.8088484285151755e+41	5.197597332850794e+41	3.4083277854743734e+41	1.1590748517517134e+41	6.324410914168407e+40	2.6488517486054464e+40	7.461989321525268e+41	4.76208174123553e+41	3.4083277854743734e+41	2.5032227927853317e+41
42278.872689544565	2.0482646081428578e+42	1.1837453706341074e+42	9.592043055276042e+41	6.9334152613409534e+41	5.320872893008061e+41	3.510966030773391e+41	1.2057805148119191e+41	6.601779624553161e+40	2.774567064351253e+40	7.582167015737037e+41	4.882175646706257e+41	3.510966030773391e+41	2.5876558786327656e+41
43388.49423529036	2.140793602816934e+42	1.2533881562346276e+42	1.0212929906167879e+42	7.415435872355896e+41	5.703753971748061e+41	3.7726333362011005e+41	1.2998633718813685e+41	7.123988610354503e+40	2.9968679316073563e+40	8.101283235939566e+41	5.2365722889808156e+41	3.7726333362011005e+41	2.783926134958972e+41
44527.975624523446	2.1268333820364126e+42	1.2616167731531571e+42	1.0384225591977885e+42	7.608465493275799e+41	5.881888690858896e+41	3.91305415965997e+41	1.3603437378479517e+41	7.478327666668492e+40	3.155615334825067e+40	8.294848898923572e+41	5.407543138043016e+41	3.91305415965997e+41	2.8968216147014e+41
45695.632647634	2.0981934553441418e+42	1.2535361626299894e+42	1.0410149710208493e+42	7.695484445051563e+41	5.98114179542047e+41	4.005111998021704e+41	1.4075068397832276e+41	7.767932193768183e+40	3.291012112803695e+40	8.371918132684015e+41	5.507104170167625e+41	4.005111998021704e+41	2.9762089101509363e+41
46891.62420604273	2.0755965606983723e+42	1.2493592691172822e+42	1.0485429171256926e+42	7.82764918995352e+41	6.118174119300578e+41	4.123898824137715e+41	1.4644511975538704e+41	8.111827235826092e+40	3.449483840112472e+40	8.496227060613217e+41	5.641998797312195e+41	4.123898824137715e+41	3.0758525379265903e+41
48119.84012939112	2.0874631316678654e+42	1.259199199326086e+42	1.0652923561152065e+42	8.01637697988302e+41	6.2956510239187665e+41	4.267880799862079e+41	1.5296802827996186e+41	8.50081462801993e+40	3.6268425545528193e+40	8.684539929983105e+41	5.813415317415726e+41	4.267880799862079e+41	3.1936758962506038e+41
49380.65100683381	2.2294531248305457e+42	1.3420217755120461e+42	1.1383865892223369e+42	8.586996127949754e+41	6.7526174918178454e+41	4.584370993693884e+41	1.6467356348606906e+41	9.158151790199012e+40	3.910217271028301e+40	9.297629020401365e+41	6.237567050222212e+41	4.584370993693884e+41	3.4332400903423697e+41
50674.202551857146	2.3622189585507387e+42	1.4041596868708748e+42	1.1936066079488848e+42	9.02795958675399e+41	7.112606511674152e+41	4.840674228578713e+41	1.7467071347056946e+41	9.731296483579542e+40	4.1627266148839245e+40	9.768311093089025e+41	6.5737234414235284e+41	4.840674228578713e+41	3.630712623700942e+41
52002.03479492963	2.5815967709921252e+42	1.485085869881109e+42	1.257886949102774e+42	9.506050312055451e+41	7.492900017188674e+41	5.10650955101439e+41	1.8495154135745374e+41	1.0321454406612435e+41	4.42346623155609e+40	1.0285596446052759e+42	6.926923809586853e+41	5.10650955101439e+41	3.8344045359616846e+41
53362.998439641415	2.9972227094232834e+42	1.6503328513061894e+42	1.3841108280806888e+42	1.0384688045096416e+42	8.158662971371689e+41	5.543493584847152e+41	2.0019660910185423e+41	1.1166983510723183e+41	4.784890536350874e+40	1.1253319904147786e+42	7.536440394701287e+41	5.543493584847152e+41	4.157130962239288e+41
54759.21451139498	3.794070341100183e+42	1.980321989618311e+42	1.6343415219349467e+42	1.2098527897282565e+42	9.437564796656497e+41	6.361882060826478e+41	2.270522414258131e+41	1.2614787428546459e+41	5.383932747543761e+40	1.3150071742085778e+42	8.701245219966985e+41	6.361882060826478e+41	4.750428352503674e+41
56193.46514041329	5.061815839323648e+42	2.441171605213405e+42	1.9670488817196893e+42	1.4277595619706383e+42	1.1024951025454357e+42	7.35175116820518e+41	2.58439401468825e+41	1.4290356302404236e+41	6.071174350944967e+40	1.558639951224029e+42	1.0137886807470415e+42	7.35175116820518e+41	5.458626746350766e+41
57666.82353710825	6.958088870545497e+42	3.0800779213015274e+42	2.4256199544880468e+42	1.7254677277006786e+42	1.3177529253759466e+42	8.678787630623769e+41	2.9950822062835798e+41	1.6460669556866618e+41	6.951585898276129e+40	1.8923236485110336e+42	1.2081334618760777e+42	8.678787630623769e+41	6.400687773500747e+41
59180.852772873506	9.611527366750022e+42	3.8828281815438986e+42	2.9893569435943934e+42	2.0843447116508007e+42	1.5745114735517038e+42	1.024355161238966e+42	3.471570255755418e+41	1.8965917549064076e+41	7.962897216235953e+40	2.296365736233697e+42	1.4392996930605493e+42	1.024355161238966e+42	7.504822221840805e+41
60733.8679263023	1.3434208134319204e+43	4.963670890778603e+42	3.747646419165872e+42	2.5681372619344626e+42	1.9211854869298046e+42	1.2358171727098535e+42	4.112790645799383e+41	2.232346573516724e+41	9.310151994648648e+40	2.840686940269824e+42	1.751527418695977e+42	1.2358171727098535e+42	8.996253071700086e+41
62328.67738901106	1.9098064679041658e+43	6.451102744619548e+42	4.762747132831264e+42	3.1961862628348064e+42	2.362802567127193e+42	1.499257614696743e+42	4.885798820607758e+41	2.6330572173039163e+41	1.0903425815432581e+41	3.5526247406161255e+42	2.147176616857582e+42	1.499257614696743e+42	1.0831747658653773e+42
63967.402881801885	2.6278401604365556e+43	8.083577930111007e+42	5.871991595547236e+42	3.883034820519213e+42	2.846680871646498e+42	1.788721153697016e+42	5.738528220099058e+41	3.0754385475018873e+41	1.2662902437447066e+41	4.330809083194255e+42	2.580960841103104e+42	1.788721153697016e+42	1.285176422752212e+42
65648.98244882282	3.5121403130144336e+43	9.867609881227309e+42	7.067491033876481e+42	4.614187332538028e+42	3.3584653259189146e+42	2.0929029308236463e+42	6.62859774324694e+41	3.536721470757273e+41	1.4497217629837056e+41	5.161500678390459e+42	3.039009586542174e+42	2.0929029308236463e+42	1.4968202798626e+42
67376.11202978303	4.656745987521153e+43	1.2118940588642569e+43	8.572002666231651e+42	5.5319051596492954e+42	3.9996041765074027e+42	2.4728094616533813e+42	7.731750087382022e+41	4.106252115072662e+41	1.6751520571479487e+41	6.204854323086061e+42	3.612472480008648e+42	2.4728094616533813e+42	1.76055751657189e+42
69150.97525232146	6.14980730730862e+43	1.472627705771341e+43	1.0284916139579608e+43	6.56081674866055e+42	4.712544536579189e+42	2.8915889888637456e+42	8.934334939799795e+41	4.725315161432123e+41	1.9196137777178096e+41	7.378712929821325e+42	4.2487877145927996e+42	2.8915889888637456e+42	2.050009883916404e+42
70974.69659853405	7.8571547484467e+43	1.743620559438668e+43	1.205985470379875e+43	7.624752456911701e+42	5.4491312520754027e+42	3.3240217553733496e+42	1.0176737311771469e+42	5.365313782111329e+41	2.1726016778957696e+41	8.59304442984633e+42	4.906092127538605e+42	3.3240217553733496e+42	2.3488859918731794e+42
72847.09015531416	9.739953499174391e+43	2.017371637874924e+43	1.3846383959705483e+43	8.694448844621362e+42	6.190017240088309e+42	3.759621679989088e+42	1.1433851136755384e+42	6.014297825300728e+41	2.429788628795195e+41	9.814013949363841e+42	5.5673999137792036e+42	3.759621679989088e+42	2.650340952558713e+42
74772.17124577488	1.2183400567950074e+44	2.3865596626805327e+43	1.6251419770743873e+43	1.0128316212857527e+43	7.179264851550652e+42	4.3376833535151454e+42	1.3079279347581762e+42	6.858538576372034e+41	2.7620115700977997e+41	1.1452730771842615e+43	6.449259376189114e+42	4.3376833535151454e+42	3.048673392333165e+42
76750.3068651671	1.4779133770048088e+44	2.732935739381673e+43	1.849875732480664e+43	1.1466362871273697e+43	8.102889056002622e+42	4.878485987855345e+42	1.4629058455795003e+42	7.656502453930815e+41	3.0773577694128415e+41	1.2982047795415446e+43	7.272892346874894e+42	4.878485987855345e+42	3.4220273958200924e+42
78781.37066247922	1.7479256930329748e+44	3.063254990406701e+43	2.064955905562182e+43	1.275425846296033e+43	8.995595200619057e+42	5.4041003633637946e+42	1.6150731320256255e+42	8.443089195071432e+41	3.3895164814547705e+41	1.4451816589746487e+43	8.06994506083258e+42	5.4041003633637946e+42	3.786144210233746e+42
80868.75710188558	2.0248273679117354e+44	3.390772876925965e+43	2.2769374776340507e+43	1.4018054131943257e+43	9.870248178827687e+42	5.918790123323387e+42	1.7644405252666686e+42	9.216711575401321e+41	3.6973326432328376e+41	1.589531674795911e+43	8.850673025982411e+42	5.918790123323387e+42	4.1428213532334256e+42
83014.99842660499	2.3919173258198667e+44	3.8635877068593146e+43	2.582413045316807e+43	1.5829189244509072e+43	1.111714941665725e+43	6.646424938969161e+42	1.971673431652871e+42	1.0281096974512378e+42	4.116832056979576e+41	1.7967458711348927e+43	9.961738942484803e+42	6.646424938969161e+42	4.644122879401765e+42
85220.00780261443	2.7289088360746553e+44	4.273550660173287e+43	2.8498998778687617e+43	1.7432999401516736e+43	1.2229394790120516e+43	7.301554346134594e+42	2.1613781459683164e+42	1.1261706037544573e+42	4.5059650298065396e+41	1.9797286324586799e+43	1.0954916505042711e+43	7.301554346134594e+42	5.098019462316615e+42
87486.42056919336	3.0396396261556323e+44	4.630511064971099e+43	3.083871654605952e+43	1.8845374325932743e+43	1.321401175511109e+43	7.885895354488156e+42	2.3332087731909847e+42	1.2155674676138193e+42	4.8632604861788904e+41	2.140575506316782e+43	1.1835563137165963e+43	7.885895354488156e+42	5.50488707392634e+42
89816.22450175937	3.439189893639636e+44	5.133119895321379e+43	3.409770610808456e+43	2.078650870284533e+43	1.4554923326306436e+43	8.672155222514546e+42	2.559378486661646e+42	1.332231871315915e+42	5.325293314082991e+41	2.3623956404063835e+43	1.3031641439299345e+43	8.672155222514546e+42	6.048302141501666e+42
92209.89957823655	3.783112588118572e+44	5.555300408174605e+43	3.688756378051909e+43	2.2481999006836634e+43	1.574059308570991e+43	9.377686085664188e+42	2.7671594772656087e+42	1.4402938640776708e+42	5.756817131041503e+41	2.555205853516209e+43	1.409288374746301e+43	9.377686085664188e+42	6.54001620919526e+42
94670.71734391218	4.076336387239489e+44	5.906052990466231e+43	3.923777480130926e+43	2.39315185345966e+43	1.6763825704246723e+43	9.993908649925235e+42	2.952587125192543e+42	1.5375377581652443e+42	6.14861815878323e+41	2.71944936392032e+43	1.5011231731686258e+43	9.993908649925235e+42	6.972624353641394e+42
97199.94983954806	4.449906633692048e+44	6.360686178103788e+43	4.2191691089148165e+43	2.5704905550093077e+43	1.799801034930333e+43	1.0725974626659512e+43	3.1684056274888816e+42	1.6500304462167533e+42	6.5993084157323325e+41	2.921613213978144e+43	1.611479559822235e+43	1.0725974626659512e+43	7.482567406727138e+42
99801.40553138992	4.747162503421968e+44	6.827702359595076e+43	4.53498720250207e+43	2.765644522835318e+43	1.9373242934436396e+43	1.1550476500563923e+43	3.413518421742289e+42	1.777859301336899e+42	7.111087609495222e+41	3.142767811037797e+43	1.7348048052450127e+43	1.1550476500563923e+43	8.05929708407613e+42
102477.24800318376	4.959336503907678e+44	7.133202702008141e+43	4.747706850332529e+43	2.9016310845476046e+43	2.0352922588874247e+43	1.215447489790125e+43	3.6019696040250266e+42	1.8779204013914212e+42	7.519276851738792e+41	3.295573874393717e+43	1.8232207715900214e+43	1.215447489790125e+43	8.488876111800597e+42
105228.37292826406	5.247622144359037e+44	7.5025490421029e+43	4.993918660010189e+43	3.053937176925464e+43	2.1433782076365482e+43	1.2811628424024826e+43	3.804127986669838e+42	1.9849631119711103e+42	7.955190168945098e+41	3.467908742043784e+43	1.920414079796064e+43	1.2811628424024826e+43	8.953409939318858e+42
108059.12511781578	5.4293504154785755e+44	7.933173020025054e+43	5.290797936304172e+43	3.2405115067766616e+43	2.2761844772927855e+43	1.361805169924067e+43	4.0495634737947287e+42	2.1141736411415624e+42	8.477856768787956e+41	3.6785045207955023e+43	2.039853279106386e+43	1.361805169924067e+43	9.521918598394255e+42
110970.97517035123	5.500811636132298e+44	8.147248005890704e+43	5.455705829558351e+43	3.355149705736783e+43	2.3624174989592214e+43	1.4174692752869607e+43	4.2345409178876745e+42	2.2143199360311084e+42	8.894013824220281e+41	3.8049482433707374e+43	2.1185591425272565e+43	1.4174692752869607e+43	9.927323320069345e+42
113968.65208594521	5.627800386495403e+44	8.418038865324168e+43	5.643743145127101e+43	3.476388645991163e+43	2.4507048779268303e+43	1.4729106898489975e+43	4.414901830859588e+42	2.3118277470956738e+42	9.299779593250013e+41	3.940760160707859e+43	2.1985383624882996e+43	1.4729106898489975e+43	1.0326841968820729e+43
117055.53590323249	5.636372893576987e+44	8.712425696699651e+43	5.863037883838353e+43	3.6232925388368186e+43	2.558896179153997e+43	1.5411678318784006e+43	4.635195281213079e+42	2.4301844143684018e+42	9.788525054937272e+41	4.104219260719737e+43	2.2967327118033467e+43	1.5411678318784006e+43	1.0818263304611847e+43
120232.6032099403	5.613173481153243e+44	8.868090119383688e+43	5.9923478440224e+43	3.7194795882055454e+43	2.6339909171948716e+43	1.5917038025989213e+43	4.81379069689171e+42	2.5288525158286513e+42	1.0206767446272655e+42	4.208680515232774e+43	2.365960580206484e+43	1.5917038025989213e+43	1.119469689093033e+43
123504.04638894473	5.516130195206722e+44	9.042143105859993e+43	6.126242213609261e+43	3.813323676045752e+43	2.705457467597888e+43	1.6389022362825067e+43	4.979511672622226e+42	2.620777292217409e+42	1.0599164139992962e+42	4.311850970959009e+43	2.4314855430100454e+43	1.6389022362825067e+43	1.154433317455398e+43
126872.24696850659	5.315937910172504e+44	9.10936222988988e+43	6.212835015269832e+43	3.8899703098029584e+43	2.7688546067203035e+43	1.6836535055412187e+43	5.146572922253493e+42	2.714638982349545e+42	1.1003769078876812e+42	4.3926072729640006e+43	2.490679615610195e+43	1.6836535055412187e+43	1.188486654605751e+43
130341.9334051221	5.10882117991891e+44	9.06432637823297e+43	6.216598342979718e+43	3.9154143337438744e+43	2.7972846902186023e+43	1.7087551433465598e+43	5.2641053359127206e+42	2.7845874379982907e+42	1.1320859817005787e+42	4.414971614882596e+43	2.5189072220955075e+43	1.7087551433465598e+43	1.2094618691710364e+43
133916.60039000202	4.833912406042348e+44	9.004075307837261e+43	6.207941866762596e+43	3.9298436663466846e+43	2.816319230348377e+43	1.7271432985892038e+43	5.358752165068823e+42	2.84263775815688e+42	1.1592086167307428e+42	4.425868752594948e+43	2.5383079224839377e+43	1.7271432985892038e+43	1.2253979318550138e+43
137598.82763154712	4.543119364084043e+44	8.853679662982836e+43	6.152177785067646e+43	3.924374430348672e+43	2.825145824322369e+43	1.742000386961945e+43	5.453712293765411e+42	2.902527522914887e+42	1.1876746587760941e+42	4.411723361315404e+43	2.549484581713694e+43	1.742000386961945e+43	1.2398246186292437e+43
141393.848922943	4.2239180927301854e+44	8.633260789715688e+43	6.034710674501312e+43	3.873846271330225e+43	2.8002385899357435e+43	1.7358699601456822e+43	5.4876756990684315e+42	2.931698634929721e+42	1.2044718195288078e+42	4.348125007819306e+43	2.5300434548773705e+43	1.7358699601456822e+43	1.2395119551196493e+43
145305.07356375852	3.901621867272244e+44	8.359390541847994e+43	5.895675713191236e+43	3.8161449394852227e+43	2.771869354444282e+43	1.7283167778977985e+43	5.518735647640433e+42	2.9596221468116316e+42	1.2209461319555096e+42	4.2750487674115485e+43	2.5077895094339076e+43	1.7283167778977985e+43	1.2383453325006447e+43
149337.62402458282	3.594127150640092e+44	8.045012619084374e+43	5.7156382435133e+43	3.7285716963085995e+43	2.7217521515704127e+43	1.707852236520791e+43	5.5156470789497083e+42	2.970995939156114e+42	1.2314004126652085e+42	4.1689612166088707e+43	2.4659903907619225e+43	1.707852236520791e+43	1.2283885943448687e+43
153495.86016517377	3.2972710300785355e+44	7.698720264076553e+43	5.5155621577286685e+43	3.627436147110975e+43	2.6610470626694414e+43	1.6801552177248707e+43	5.48767775298256e+42	2.9692556776643175e+42	1.2367289713120897e+42	4.048012150205818e+43	2.4143987281651853e+43	1.6801552177248707e+43	1.2130294594476247e+43
157785.46910660036	3.04467404890528e+44	7.373198317762376e+43	5.317057416176974e+43	3.52272643029272e+43	2.596908419151325e+43	1.6502646175624583e+43	5.455535453916246e+42	2.9661473496009797e+42	1.2419027784343052e+42	3.923924405799215e+43	2.3596084575612034e+43	1.6502646175624583e+43	1.1962405720351324e+43
162211.56564782665	2.8038871795463846e+44	7.024982571620018e+43	5.101553355119371e+43	3.4044038329240744e+43	2.5210829460920433e+43	1.61147307382892e+43	5.387266733990891e+42	2.942917521684535e+42	1.2387696135471836e+42	3.785491449774189e+43	2.2937261738799767e+43	1.61147307382892e+43	1.172392396480111e+43
166780.34859334154	2.616052479171138e+44	6.755802491764005e+43	4.934841641735249e+43	3.315159730584899e+43	2.4660889267947e+43	1.585881605687804e+43	5.363671035670896e+42	2.943979214898938e+42	1.245690419672426e+42	3.6800693238710535e+43	2.246708269426269e+43	1.585881605687804e+43	1.1581899707572125e+43
171498.09051188416	2.4356172390557344e+44	6.513881081086961e+43	4.773519691371948e+43	3.2190205335876125e+43	2.4012610408046543e+43	1.5505693089358297e+43	5.2938049767370587e+42	2.9185786665754423e+42	1.2414536483594757e+42	3.5698149335371897e+43	2.1895625020491094e+43	1.5505693089358297e+43	1.1356507166873741e+43
176371.11006502097	2.302661505624354e+44	6.314232797393219e+43	4.636625882597197e+43	3.136666948902648e+43	2.345880787362188e+43	1.5207101993598078e+43	5.2365419894400645e+42	2.89835026083402e+42	1.2386024502874735e+42	3.4754263332273594e+43	2.1408309475243184e+43	1.5207101993598078e+43	1.116755441155848e+43
181406.68936819737	2.184677969930311e+44	6.231014562514207e+43	4.589378737543948e+43	3.1129805116498733e+43	2.332418235377996e+43	1.5163914581246e+43	5.262881531047432e+42	2.9247592843845215e+42	1.255929313414062e+42	3.446942474448075e+43	2.1298016152894242e+43	1.5163914581246e+43	1.1160767204375156e+43
186612.08907206272	2.065872071852524e+44	6.126392961434482e+43	4.535277988133403e+43	3.090656366685712e+43	2.3220166863935773e+43	1.5147916017071264e+43	5.2937670102841994e+42	2.951553943294353e+42	1.2724721851815976e+42	3.4184931044121396e+43	2.1219426628124626e+43	1.5147916017071264e+43	1.117304951085041e+43
191995.4261500366	1.999473928578692e+44	6.051210273319191e+43	4.489144092895241e+43	3.066320981892611e+43	2.307302637573832e+43	1.5084340671957315e+43	5.299095303362613e+42	2.9630882212436035e+42	1.282344033771591e+42	3.389614467697757e+43	2.1094779870781549e+43	1.5084340671957315e+43	1.1142793983311165e+43
197564.97052190464	1.9234605095229704e+44	5.992393060639413e+43	4.466636803169793e+43	3.0643315391228473e+43	2.3114707832156113e+43	1.51540409584806e+43	5.3494196160147135e+42	2.9980461341221424e+42	1.3013798946561e+42	3.383985777969905e+43	2.1146947115771662e+43	1.51540409584806e+43	1.1212124953094098e+43
203329.81461189574	1.847906201027977e+44	5.890288318527648e+43	4.402968091564694e+43	3.033191365381929e+43	2.29570909331853e+43	1.5125705290306803e+43	5.3912585229359196e+42	3.032850516073786e+42	1.321869715240743e+42	3.345757884942284e+43	2.102527286335036e+43	1.5125705290306803e+43	1.1227379413074853e+43
209299.35893095256	1.7753395229565743e+44	5.812921038803715e+43	4.3581076647719185e+43	3.0106532200104927e+43	2.2828358533875796e+43	1.5080658077993526e+43	5.4076676078971266e+42	3.050972933392014e+42	1.3346214402399047e+42	3.318645676132581e+43	2.0919162332543327e+43	1.5080658077993526e+43	1.1214440391831287e+43
215483.83289918143	1.7045393989208732e+44	5.732849473737214e+43	4.311460400753094e+43	2.9877533826759305e+43	2.2703583628009616e+43	1.5045865909256513e+43	5.4337639660047846e+42	3.075563917619884e+42	1.3504532995842724e+42	3.2908356945063457e+43	2.0818808757060846e+43	1.5045865909256513e+43	1.1213281798039623e+43
221893.92316942778	1.6364124423006324e+44	5.654949123303255e+43	4.2615090275957873e+43	2.958172429168658e+43	2.250712344322858e+43	1.4948823313318222e+43	5.435195948782036e+42	3.087671805546514e+42	1.3618851075329052e+42	3.256872280441311e+43	2.0647542558930837e+43	1.4948823313318222e+43	1.1161441425757115e+43
228541.19091565505	1.5693913958168537e+44	5.577511382655039e+43	4.220005700490444e+43	2.9406205187544486e+43	2.24260606203674e+43	1.4941753594288242e+43	5.472232921593372e+42	3.119919332544594e+42	1.3819292272979719e+42	3.2345937571876816e+43	2.0587281640942307e+43	1.4941753594288242e+43	1.1180145310146328e+43
235437.8125790011	1.5038962018912694e+44	5.506800737638539e+43	4.181846651092393e+43	2.9216578460260514e+43	2.230897305346399e+43	1.4886506049230362e+43	5.4811970416321137e+42	3.137571097781791e+42	1.397614298776767e+42	3.211979082322259e+43	2.048658937651269e+43	1.4886506049230362e+43	1.1152408878364288e+43
242596.91510230888	1.4390803544254393e+44	5.424127609382692e+43	4.133516691167582e+43	2.8970287041763716e+43	2.216284527022816e+43	1.4824465618859623e+43	5.486407733047854e+42	3.149641512536394e+42	1.408702611201526e+42	3.1825256707557846e+43	2.036341812984624e+43	1.4824465618859623e+43	1.1122863390466475e+43
250032.41092975237	1.3752203345936833e+44	5.341808052207289e+43	4.092789370254091e+43	2.882698357215271e+43	2.2117279760232542e+43	1.484426262782722e+43	5.5234173075638415e+42	3.178339668962213e+42	1.4260894628747208e+42	3.1630955525350854e+43	2.0337870876814228e+43	1.484426262782722e+43	1.1158598584355467e+43
257759.28282170623	1.3117658523914706e+44	5.253175310738664e+43	4.0371079443359936e+43	2.8491168457574837e+43	2.1881866329087944e+43	1.4705833153474374e+43	5.490480930342316e+42	3.1663683295831954e+42	1.4256547615856286e+42	3.124932515847983e+43	2.0127245606285123e+43	1.4705833153474374e+43	1.1064826723283679e+43
265793.4864117908	1.2489639644705391e+44	5.155418691857027e+43	3.987662119188881e+43	2.8307808538945587e+43	2.1815787015258207e+43	1.4720279832442258e+43	5.5264474792881896e+42	3.192650992042854e+42	1.440700263780181e+42	3.1005452806561385e+43	2.0085557999476358e+43	1.4720279832442258e+43	1.10993960773235e+43
274152.2037666023	1.180342870620934e+44	5.113113977956409e+43	3.9802530313756856e+43	2.837010366426483e+43	2.190813191798619e+43	1.4820733298214365e+43	5.591218180660668e+42	3.2356499899696637e+42	1.462865643536792e+42	3.1047328152386816e+43	2.0182141301535654e+43	1.4820733298214365e+43	1.119354792155843e+43
282853.78853596223	1.1194963718926272e+44	5.092007798931431e+43	4.0145593357467216e+43	2.8888663405160646e+43	2.240448894672454e+43	1.5214723966270855e+43	5.757662199611863e+42	3.33245039911425e+42	1.5065885839376415e+42	3.155169543096545e+43	2.066045533331623e+43	1.5214723966270855e+43	1.1508974726002507e+43
291918.96846546204	1.0634903055015993e+44	4.980790179637106e+43	3.960418018833528e+43	2.8716736924345057e+43	2.2379002026856345e+43	1.530180943066472e+43	5.875558045200682e+42	3.419690034350942e+42	1.553877296458217e+42	3.130697409610818e+43	2.066727859815066e+43	1.530180943066472e+43	1.1629034232948986e+43
301368.8627361037	1.0001843822111613e+44	4.892738541603097e+43	3.937927076863481e+43	2.880181999828865e+43	2.2534253951825084e+43	1.547378728237104e+43	5.994066223877696e+42	3.503720618177843e+42	1.5996331240611877e+42	3.134337807740943e+43	2.0831656146142905e+43	1.547378728237104e+43	1.1790664045925324e+43
311226.30934868095	9.411912472867561e+43	4.798718705576447e+43	3.914300070810394e+43	2.891073335222023e+43	2.2719826393446163e+43	1.5668515723263378e+43	6.111389974492751e+42	3.5839720358427695e+42	1.6428127452737366e+42	3.139765129803588e+43	2.1025956016333695e+43	1.5668515723263378e+43	1.1965916733113057e+43
321515.81585127243	8.833271352090539e+43	4.667709355007057e+43	3.872810351451699e+43	2.9013769734030883e+43	2.2966250727912086e+43	1.5957025334178896e+43	6.288862698683769e+42	3.701945962963052e+42	1.7035752891099773e+42	3.1410497644380615e+43	2.1293421018543296e+43	1.5957025334178896e+43	1.2232395544825104e+43
332263.86466224835	8.263755111070828e+43	4.52329959201542e+43	3.8161171285267828e+43	2.8949348423228043e+43	2.3046135057278067e+43	1.6097341544168465e+43	6.390536352688574e+42	3.775613993134816e+42	1.7463138887616593e+42	3.125824067945838e+43	2.13967795065324e+43	1.6097341544168465e+43	1.2370793730127745e+43
343499.04218133644	7.70616057015264e+43	4.3481772927888285e+43	3.7354532799999722e+43	2.8740484829801703e+43	2.3033735726175384e+43	1.619030165032379e+43	6.472197143289977e+42	3.834045636176531e+42	1.780509534064257e+42	3.093869186444333e+43	2.1420354722916238e+43	1.619030165032379e+43	1.24767926029305e+43
355252.31402256497	7.161438689116258e+43	4.140031513245492e+43	3.6299590861855536e+43	2.84151906530572e+43	2.298216583420989e+43	1.6311378939402003e+43	6.597457086329908e+42	3.920062822112865e+42	1.8260247538300647e+42	3.046989373616731e+43	2.1423640630439342e+43	1.6311378939402003e+43	1.2630085395091073e+43
367557.22145734046	6.632501676617879e+43	3.9148349905912703e+43	3.507688287024637e+43	2.793712865254632e+43	2.279106283781418e+43	1.6316650832515018e+43	6.66115693375714e+42	3.9649551480184334e+42	1.8499534226122127e+42	2.984416581058881e+43	2.1292074123566203e+43	1.6316650832515018e+43	1.2685197180555243e+43
380450.20327970554	6.120695569576441e+43	3.6594110490733134e+43	3.3560686701942434e+43	2.726182335979988e+43	2.2482908845872587e+43	1.6299310726433555e+43	6.780625693305247e+42	4.0591996295774805e+42	1.9038632132508745e+42	2.8992514042065373e+43	2.1066549603369576e+43	1.6299310726433555e+43	1.2760170333683786e+43
393970.8714627475	5.627959890741338e+43	3.3953758207540386e+43	3.195590820014531e+43	2.649809376523384e+43	2.2078815911996572e+43	1.617834024582918e+43	6.822945390194798e+42	4.099264187848245e+42	1.9289862889081413e+42	2.8053951338090463e+43	2.0742657027420756e+43	1.617834024582918e+43	1.2733694685903606e+43
408162.3930382876	5.155642730343312e+43	3.1166415469345345e+43	3.015912728388435e+43	2.5561409156404664e+43	2.1531321755356026e+43	1.596077756968949e+43	6.846567754149689e+42	4.1362528395865663e+42	1.956588608288495e+42	2.693385845484026e+43	2.02853490822441e+43	1.596077756968949e+43	1.264029325759428e+43
423071.89080384374	4.705229963961633e+43	2.822249844914665e+43	2.8174331519006257e+43	2.450169368507785e+43	2.091788381899108e+43	1.573376969121849e+43	6.881107356496598e+42	4.1761134514020586e+42	1.9810396731288976e+42	2.5669709314713667e+43	1.9777346248251372e+43	1.573376969121849e+43	1.2555340998029317e+43
438750.88413197047	4.277560565563695e+43	2.5244501441663285e+43	2.6063400864989534e+43	2.3287517446190206e+43	2.0153801706517463e+43	1.5381580096679227e+43	6.878239034809586e+42	4.2067454452139306e+42	2.0101249463183152e+42	2.425358056859732e+43	1.9122433071984824e+43	1.5381580096679227e+43	1.2371407461653786e+43
455255.8360500148	3.8735429978829085e+43	2.223480171817531e+43	2.3819442307373523e+43	2.1932620668855882e+43	1.9275986566937402e+43	1.4962159900684001e+43	6.875756862282884e+42	4.248307372263782e+42	2.050190291619587e+42	2.2691433318713994e+43	1.8363802669792787e+43	1.4962159900684001e+43	1.2147744351691016e+43
472648.7329506109	3.4941011958112925e+43	1.9154672921150566e+43	2.153861909273831e+43	2.0638825886808312e+43	1.850510864903307e+43	1.466113771947551e+43	6.924959551331314e+42	4.317065117316978e+42	2.101510735346908e+42	2.1166639463060958e+43	1.7719546014861e+43	1.466113771947551e+43	1.2026418310852732e+43
490997.7792082355	3.1383139109607053e+43	1.6297611549957663e+43	1.9169135228445215e+43	1.9064006961957102e+43	1.7414572762718852e+43	1.4062845303507918e+43	6.827358744786401e+42	4.303990833761817e+42	2.1225647885949772e+42	1.9392336835286029e+43	1.6754625782023438e+43	1.4062845303507918e+43	1.1648363047087132e+43
510378.1792638487	2.8072141183731866e+43	1.3587026154440166e+43	1.6792193106294183e+43	1.7411655413868996e+43	1.6249424681291148e+43	1.3417437915286506e+43	6.714022928682178e+42	4.27737292144038e+42	2.1337883037498952e+42	1.754801155864809e+43	1.5720136354778513e+43	1.3417437915286506e+43	1.123942004552376e+43
530873.0747147433	2.5010475293473027e+43	1.0948898931384213e+43	1.440138104625656e+43	1.5750840885503785e+43	1.5111686424283223e+43	1.2838828944287637e+43	6.652246508639264e+42	4.281517089285314e+42	2.1593001324082096e+42	1.5685878101787093e+43	1.4723955244371234e+43	1.2838828944287637e+43	1.0904409224496502e+43
552574.6020311866	2.2175141395095966e+43	8.718058606420125e+42	1.2163758853529763e+43	1.3998591320376964e+43	1.379370955409887e+43	1.204888982840875e+43	6.457092405304623e+42	4.195950731906889e+42	2.1385807209994025e+42	1.3782211744192656e+43	1.3533000192744187e+43	1.204888982840875e+43	1.0372552473142351e+43
575585.1159976531	1.9578253155394122e+43	6.761646073284143e+42	1.0058237060979008e+43	1.2241638686314734e+43	1.242762209325293e+43	1.120550623099687e+43	6.24758867653783e+42	4.102648543178284e+42	2.112255505927352e+42	1.1900788541822246e+43	1.2288432587714944e+43	1.120550623099687e+43	9.800063730180857e+42
600018.6645870209	1.72120069014863e+43	4.988954828140735e+42	8.031566584508812e+42	1.0481122966440117e+43	1.1049299935912471e+43	1.0378389011925972e+43	6.096817259629406e+42	4.0563880398454167e+42	2.1112210368482528e+42	1.0028846484852575e+43	1.1035199256614468e+43	1.0378389011925972e+43	9.267077058602488e+42
626002.6748478343	1.5052067728177303e+43	3.629183107036565e+42	6.304167738708136e+42	8.801294988895507e+42	9.62636601543467e+42	9.414691279291418e+42	5.833315029187354e+42	3.9356383922327726e+42	2.07330448755037e+42	8.292717728914416e+42	9.708874778119454e+42	9.414691279291418e+42	8.583751709257415e+42
653679.9534892621	1.3107406679104855e+43	2.4812659028532943e+42	4.729704489924994e+42	7.174083970620995e+42	8.213176511072273e+42	8.451553440041543e+42	5.612600839785827e+42	3.856659569658909e+42	2.0613270266622786e+42	6.632309537840795e+42	8.385724226289526e+42	8.451553440041543e+42	7.9146272715891e+42
683211.0672995202	1.1350550014732482e+43	1.6688141405827412e+42	3.482275896156808e+42	5.727678169022287e+42	6.857926969086692e+42	7.421321649276061e+42	5.2889997721199093e+42	3.7064765579102924e+42	2.0138314031636292e+42	5.197569764194749e+42	7.087119931655653e+42	7.421321649276061e+42	7.138876302464281e+42
714777.162351983	9.784159551003476e+42	1.0399499293498658e+42	2.4208376451253613e+42	4.393525130382237e+42	5.5566689409785343e+42	6.398175561208473e+42	4.98660138484277e+42	3.585739345343818e+42	1.9896279576351665e+42	3.897647192263944e+42	5.82815218101578e+42	6.398175561208473e+42	6.364507658742861e+42
748583.3493480639	8.3864217259035e+42	6.12740162987765e+41	1.606869288453706e+42	3.247520503204226e+42	4.361839801581403e+42	5.3788331366653404e+42	4.6372703848442455e+42	3.436632493293244e+42	1.955571010766364e+42	2.810431997384083e+42	4.650262521630578e+42	5.3788331366653404e+42	5.554333133033303e+42
784862.7567122023	7.146601565620866e+42	3.528362211419076e+41	1.0414741846825151e+42	2.3425537768401914e+42	3.34073738632924e+42	4.4123429327956295e+42	4.2153099852248196e+42	3.224767729232363e+42	1.8863802334639393e+42	1.9778447453479355e+42	3.620206118989622e+42	4.4123429327956295e+42	4.73125069823231e+42
823881.4524423135	6.057853279930078e+42	1.832563803046393e+41	6.226097145110315e+41	1.5920037382656267e+42	2.4402809643239277e+42	3.502113776963103e+42	3.7952490070820226e+42	3.022326185302041e+42	1.8319294372925866e+42	1.3048905939302417e+42	2.6969936634224675e+42	3.502113776963103e+42	3.93155081055233e+42
865944.431761298	5.102453522692152e+42	8.812645149380357e+40	3.489649257983261e+41	1.0272502892632714e+42	1.704923410924033e+42	2.6820035749370098e+42	3.3460312096016804e+42	2.7896160815907445e+42	1.7628037343026627e+42	8.149768835633152e+41	1.9256605153443995e+42	2.6820035749370098e+42	3.168260805636361e+42
911402.9391222063	4.270281702836124e+42	3.8997548541125212e+40	1.820729668102975e+41	6.254784923220251e+41	1.1331519177772849e+42	1.972927483707324e+42	2.8801431373120044e+42	2.5296756429648407e+42	1.6780204432045495e+42	4.787515890495673e+41	1.3109214241795438e+42	1.972927483707324e+42	2.466240942585414e+42
960663.5181196006	3.5491262176054467e+42	1.6689816779693097e+40	9.14253978897216e+40	3.6718322433583605e+41	7.272721906257958e+41	1.4044769465961256e+42	2.4097255031421982e+42	2.2346828470689387e+42	1.5608680944910397e+42	2.709947899457612e+41	8.621945889488644e+41	1.4044769465961256e+42	1.8603594033444994e+42
1014199.264078625	2.9298784747489414e+42	6.257711828924508e+39	4.047556595199353e+40	1.9520585621802747e+41	4.299594902748322e+41	9.398960996115698e+41	1.95930792393956e+42	1.94147934953574e+42	1.4454184856733326e+42	1.3798483990488141e+41	5.2483107887699e+41	9.398960996115698e+41	1.3346864516392355e+42
1072563.9307943133	2.3998658428100405e+42	2.2418063527233286e+39	1.629061333563904e+40	9.541694256551978e+40	2.3625915390418297e+41	5.9267517777376724e+41	1.5361931741142154e+42	1.640607659521143e+42	1.3138553406138746e+42	6.434560097437414e+40	2.978743174298459e+41	5.9267517777376724e+41	9.09504287044183e+41
1136409.7657665354	1.949320784166521e+42	9.341124926569887e+38	6.644881558388808e+39	4.606026057810748e+40	1.2742217751554973e+41	3.647604814289794e+41	1.1667971267915482e+42	1.3403467576551678e+42	1.1531187572215502e+42	2.973396579202207e+40	1.6570245822234459e+41	3.647604814289794e+41	6.031743062694928e+41
1206510.2994213782	1.570000806124019e+42	4.721467424388922e+38	2.702991954103847e+39	2.1380340466216877e+40	6.602704224188056e+40	2.1621600530989966e+41	8.587004745832384e+41	1.06381256627088e+42	9.861774747038005e+41	1.3244227537050493e+40	8.859690552800357e+40	2.1621600530989966e+41	3.860158661012622e+41
1283789.7596889504	1.2528898010090478e+42	2.9128326905755462e+38	1.0984324123910006e+39	9.15323893277808e+39	3.165616354317705e+40	1.2009893230358311e+41	6.06963446620012e+41	8.185039790408284e+41	8.255628227022809e+41	5.463919905146216e+39	4.39409097988714e+40	1.2009893230358311e+41	2.3344849351085185e+41
1369361.459846506	9.897315625494764e+41	2.09188671642964e+38	4.955196222775348e+38	3.6301168689354846e+39	1.3919255922000982e+40	6.187300062665251e+40	4.091911832572759e+41	6.071453479060368e+41	6.738648251653958e+41	2.126046523403299e+39	2.001719155026341e+40	6.187300062665251e+40	1.3216995414981674e+41
1464578.5354561857	7.732600446492834e+41	1.6070556947630063e+38	2.7558310167131256e+38	1.378800832315213e+39	5.592027032287179e+39	2.9235945066988216e+40	2.609507134869056e+41	4.3136649199305e+41	5.3384299712281686e+41	8.317874856342411e+38	8.314468150419304e+39	2.9235945066988216e+40	6.930293808362579e+40
1571101.9389817736	5.968790036499485e+41	1.2538168010844158e+38	1.8624222439200647e+38	5.5128822292180986e+38	2.0806695055724574e+39	1.2528756590848395e+40	1.5584620498725797e+41	2.9120404657412597e+41	4.0811420411211195e+41	3.7189845041862505e+38	3.1576556834772966e+39	1.2528756590848395e+40	3.3237077374276345e+40
1690992.9628267006	4.546435916779782e+41	9.731829121548955e+37	1.3851346378603311e+38	2.6794431765021894e+38	7.62939153483671e+38	4.8364358626912566e+39	8.6098226454292e+40	1.8493873292470547e+41	2.989257654704638e+41	2.1082020638616108e+38	1.1361464215077695e+39	4.8364358626912566e+39	1.4384103717587992e+40
1826841.2986274473	3.412365903406626e+41	7.460457115166008e+37	1.0549985010570883e+38	1.6581030007717314e+38	3.1829185848449396e+38	1.7031741477284072e+39	4.334338672739318e+40	1.0913093099928797e+41	2.0788802124701042e+41	1.4424205928583556e+38	4.327297125720517e+38	1.7031741477284072e+39	5.55531954769751e+39
1981945.694085373	2.519392127014913e+41	5.62832598622101e+37	7.9954745033261495e+37	1.1784346595338426e+38	1.72384717249421e+38	5.882569394687868e+38	1.9528967102977047e+40	5.891054782867606e+40	1.3569795531892906e+41	1.0630627943258137e+38	2.0641132459513322e+38	5.882569394687868e+38	1.9222146805926362e+39
2160574.360934822	1.825977486006961e+41	4.164830082372589e+37	5.972593306730208e+37	8.694485816327859e+37	1.1482009917969507e+38	2.3730122910318244e+38	7.72153445819973e+39	2.852921591910238e+40	8.191219758501354e+40	7.911169326664966e+37	1.274207604544524e+38	2.3730122910318244e+38	6.314247917279277e+38
2368349.6689294563	1.29587196982729e+41	3.0108590893886813e+37	4.378032607223741e+37	6.383495827063283e+37	8.228407203457132e+37	1.2851424999277453e+38	2.640872369737373e+39	1.2102749637201459e+40	4.485138888168022e+40	5.815366171741534e+37	8.917662863350946e+37	1.2851424999277453e+38	2.3438964442692192e+38
2612832.7274095393	8.977289457323113e+40	2.1157233596268092e+37	3.135950359463476e+37	4.603772558313094e+37	5.913643475467998e+37	8.488681730708881e+37	7.974400574111706e+38	4.381811890532533e+39	2.172247459277251e+40	4.1914940136744046e+37	6.378986115260363e+37	8.488681730708881e+37	1.1837124487651002e+38
2904441.4169391235	6.047101685603922e+40	1.4356590434100807e+37	2.1834089248509564e+37	3.242867570292804e+37	4.170649148417691e+37	5.894640354189206e+37	2.448975671877605e+38	1.3347391052949794e+39	9.008079894006272e+39	2.9477180178654854e+37	4.496312167530164e+37	5.894640354189206e+37	7.538649586095823e+37
3257949.1371925543	3.9408702215815393e+40	9.326335695706562e+36	1.467270592286597e+37	2.218553640873973e+37	2.8641287417827107e+37	4.0432400635135383e+37	1.013468667136278e+38	3.6294876492674474e+38	3.0776065976366754e+39	2.0108929833332727e+37	3.0888246827481865e+37	4.0432400635135383e+37	5.093191569604013e+37
3695048.30248445	2.46844316299583e+40	5.733162318414811e+36	9.425586748775811e+36	1.4631499205584074e+37	1.9025466462427818e+37	2.6919146715878663e+37	5.811128166949762e+37	1.151497151833018e+38	8.437605553235646e+38	1.3201099167855363e+37	2.0539250227741925e+37	2.6919146715878663e+37	3.386292902485101e+37
4248992.564931909	1.4703841949992883e+40	3.2822480188428305e+36	5.71066073292352e+36	9.204080261899325e+36	1.2116027499963311e+37	1.724190915642422e+37	3.654577266950359e+37	5.519971237064962e+37	2.0143619568613804e+38	8.245885043451046e+36	1.3107675923116065e+37	1.724190915642422e+37	2.170380429222924e+37
