#t	Le	U	B	V	R	I	J	H	K	g	r	i	z
#----------------------------------------------- 
29.631500299372075	0.0	0.0	0.0	0.0	0.0	0.0	0.0	0.0	0.0	0.0	0.0	0.0	0.0
31.521274719985957	0.0	0.0	0.0	0.0	0.0	0.0	0.0	0.0	0.0	0.0	0.0	0.0	0.0
41.70414549843355	0.0	0.0	0.0	0.0	0.0	0.0	0.0	0.0	0.0	0.0	0.0	0.0	0.0
46.622138985848444	0.0	0.0	0.0	0.0	0.0	0.0	0.0	0.0	0.0	0.0	0.0	0.0	0.0
53.36410944065815	0.0	0.0	0.0	0.0	0.0	0.0	0.0	0.0	0.0	0.0	0.0	0.0	0.0
61.67709657427545	0.0	0.0	0.0	0.0	0.0	0.0	0.0	0.0	0.0	0.0	0.0	0.0	0.0
71.57002079033708	0.0	0.0	0.0	0.0	0.0	0.0	0.0	0.0	0.0	0.0	0.0	0.0	0.0
83.18105951580607	0.0	0.0	0.0	0.0	0.0	0.0	0.0	0.0	0.0	0.0	0.0	0.0	0.0
96.71918536304257	0.0	0.0	0.0	0.0	0.0	0.0	0.0	0.0	0.0	0.0	0.0	0.0	0.0
112.44421049679417	0.0	0.0	0.0	0.0	0.0	0.0	0.0	0.0	0.0	0.0	0.0	0.0	0.0
130.658067307624	0.0	0.0	0.0	0.0	0.0	0.0	0.0	0.0	0.0	0.0	0.0	0.0	0.0
151.69744323928953	0.0	0.0	0.0	0.0	0.0	0.0	0.0	0.0	0.0	0.0	0.0	0.0	0.0
175.92387815086795	0.0	0.0	0.0	0.0	0.0	0.0	0.0	0.0	0.0	0.0	0.0	0.0	0.0
203.70960789741858	0.0	0.0	0.0	0.0	0.0	0.0	0.0	0.0	0.0	0.0	0.0	0.0	0.0
235.41884359252785	0.0	0.0	0.0	0.0	0.0	0.0	0.0	0.0	0.0	0.0	0.0	0.0	0.0
271.38569915117466	0.0	0.0	0.0	0.0	0.0	0.0	0.0	0.0	0.0	0.0	0.0	0.0	0.0
311.8916021352511	0.0	0.0	0.0	0.0	0.0	0.0	0.0	0.0	0.0	0.0	0.0	0.0	0.0
357.14620381672364	0.0	0.0	0.0	0.0	0.0	0.0	0.0	0.0	0.0	0.0	0.0	0.0	0.0
407.27582845430317	0.0	0.0	0.0	0.0	0.0	0.0	0.0	0.0	0.0	0.0	0.0	0.0	0.0
462.3219450250172	0.0	0.0	0.0	0.0	0.0	0.0	0.0	0.0	0.0	0.0	0.0	0.0	0.0
522.2496821217298	0.0	0.0	0.0	0.0	0.0	0.0	0.0	0.0	0.0	0.0	0.0	0.0	0.0
586.963807408256	0.0	0.0	0.0	0.0	0.0	0.0	0.0	0.0	0.0	0.0	0.0	0.0	0.0
656.3281385564915	0.0	0.0	0.0	0.0	0.0	0.0	0.0	0.0	0.0	0.0	0.0	0.0	0.0
730.1844323081245	0.0	0.0	0.0	0.0	0.0	0.0	0.0	0.0	0.0	0.0	0.0	0.0	0.0
808.3683056846359	0.0	0.0	0.0	0.0	0.0	0.0	0.0	0.0	0.0	0.0	0.0	0.0	0.0
890.7208821345492	0.0	0.0	0.0	0.0	0.0	0.0	0.0	0.0	0.0	0.0	0.0	0.0	0.0
977.0962194571453	0.0	0.0	0.0	0.0	0.0	0.0	0.0	0.0	0.0	0.0	0.0	0.0	0.0
1067.3654047954813	0.0	0.0	0.0	0.0	0.0	0.0	0.0	0.0	0.0	0.0	0.0	0.0	0.0
1161.41779572432	0.0	0.0	0.0	0.0	0.0	0.0	0.0	0.0	0.0	0.0	0.0	0.0	0.0
1259.1607470605136	0.0	0.0	0.0	0.0	0.0	0.0	0.0	0.0	0.0	0.0	0.0	0.0	0.0
1360.5186386001044	0.0	0.0	0.0	0.0	0.0	0.0	0.0	0.0	0.0	0.0	0.0	0.0	0.0
1465.4309729425702	0.0	0.0	0.0	0.0	0.0	0.0	0.0	0.0	0.0	0.0	0.0	0.0	0.0
1573.8507822761103	0.0	0.0	0.0	0.0	0.0	0.0	0.0	0.0	0.0	0.0	0.0	0.0	0.0
1685.7426732430845	0.0	0.0	0.0	0.0	0.0	0.0	0.0	0.0	0.0	0.0	0.0	0.0	0.0
1801.081139503576	0.0	0.0	0.0	0.0	0.0	0.0	0.0	0.0	0.0	0.0	0.0	0.0	0.0
1919.849201362279	0.0	0.0	0.0	0.0	0.0	0.0	0.0	0.0	0.0	0.0	0.0	0.0	0.0
2042.037384173193	0.0	0.0	0.0	0.0	0.0	0.0	0.0	0.0	0.0	0.0	0.0	0.0	0.0
2167.6424710149545	0.0	0.0	0.0	0.0	0.0	0.0	0.0	0.0	0.0	0.0	0.0	0.0	0.0
2296.6667007455185	0.0	0.0	0.0	0.0	0.0	0.0	0.0	0.0	0.0	0.0	0.0	0.0	0.0
2429.11708658209	0.0	0.0	0.0	0.0	0.0	0.0	0.0	0.0	0.0	0.0	0.0	0.0	0.0
2565.0047318976835	0.0	0.0	0.0	0.0	0.0	0.0	0.0	0.0	0.0	0.0	0.0	0.0	0.0
2704.3444012338773	0.0	0.0	0.0	0.0	0.0	0.0	0.0	0.0	0.0	0.0	0.0	0.0	0.0
2847.154059872091	0.0	0.0	0.0	0.0	0.0	0.0	0.0	0.0	0.0	0.0	0.0	0.0	0.0
2993.4545177322875	0.0	0.0	0.0	0.0	0.0	0.0	0.0	0.0	0.0	0.0	0.0	0.0	0.0
3143.269209748445	0.0	0.0	0.0	0.0	0.0	0.0	0.0	0.0	0.0	0.0	0.0	0.0	0.0
3296.623930083143	0.0	0.0	0.0	0.0	0.0	0.0	0.0	0.0	0.0	0.0	0.0	0.0	0.0
3453.5465892418733	0.0	0.0	0.0	0.0	0.0	0.0	0.0	0.0	0.0	0.0	0.0	0.0	0.0
3614.067077222139	0.0	0.0	0.0	0.0	0.0	0.0	0.0	0.0	0.0	0.0	0.0	0.0	0.0
3778.2171085262976	3.030497457510529e+30	1.2132876959135891e+28	6.848278578588295e+27	3.601728609180829e+27	2.3204662740878884e+27	1.255326007330307e+27	3.1799024101751184e+26	1.568145054127909e+26	5.929821499024834e+25	4.235521648938938e+27	2.0308061600143323e+27	1.255326007330307e+27	8.293312666408098e+26
3946.0301270612495	4.940394150702267e+31	2.2042947713612227e+29	1.2457226872908064e+29	6.558787288748887e+28	4.2281491274890805e+28	2.288932998320548e+28	5.804482081131238e+27	2.863537651975503e+27	1.083253231687291e+27	7.711006747926585e+28	3.700964392202436e+28	2.288932998320548e+28	1.5127696409688355e+28
4117.541176918225	6.390851960478008e+32	3.1734144756638665e+30	1.795682220389256e+30	9.464963172047636e+29	6.1054288850431725e+29	3.307574097045965e+29	8.397057686239887e+28	4.144178154225635e+28	1.5683471165988896e+28	1.1124864827996115e+30	5.345081760147144e+29	3.307574097045965e+29	2.186867821327172e+29
4292.786806553659	6.220341496970591e+33	3.4442461834024035e+31	1.9515668787107987e+31	1.02989111944604e+31	6.647773581575808e+30	3.604124835434675e+30	9.160832990178709e+29	4.5230225350624656e+29	1.71245867836562e+29	1.210175312957276e+31	5.820933124395796e+30	3.604124835434675e+30	2.3839484969449404e+30
4471.805048722828	5.237418946227005e+34	3.0314479154238856e+32	1.718643214122227e+32	9.074260645824584e+31	5.858910703418255e+31	3.1774521892421094e+31	8.080369833893088e+30	3.9902631792100457e+30	1.5110245392890475e+30	1.0661500779747361e+32	5.13057557320436e+31	3.1774521892421094e+31	2.102099589893542e+31
4654.635371246646	3.3318490386512826e+35	2.118618229285064e+33	1.2026137817789549e+33	6.356626053360496e+32	4.106725350748257e+32	2.2287428396212457e+32	5.673949151959996e+31	2.8029962008546484e+31	1.0618515988367762e+31	7.466634915747017e+32	3.596801386871899e+32	2.2287428396212457e+32	1.4750359426341735e+32
4841.318654600297	1.8017431905487835e+36	1.2380709432981661e+34	7.035240031714869e+33	3.7220768348287297e+33	2.4059097031959283e+33	1.306476715611445e+33	3.329132976164141e+32	1.6451689783806132e+32	6.234447846111417e+31	4.3710984255589854e+33	2.1074693509689217e+33	1.306476715611445e+33	8.649441698290246e+32
5031.897143907275	8.091535512427798e+36	6.094830054409345e+34	3.4678418646984825e+34	1.8368068458205447e+34	1.1880460541854853e+34	6.456123613981205e+33	1.6470095444882118e+33	8.142348806954058e+32	3.086854089089236e+32	2.1565260865542137e+34	1.0408548201423294e+34	6.456123613981205e+33	4.2759670536639686e+33
5226.414421773499	3.1768945654983268e+37	2.5993656250083104e+35	1.4807875423754725e+35	7.851672894468929e+34	5.081473179988203e+34	2.7632711466088343e+34	7.05682979437906e+33	3.490002804345155e+33	1.3236070208892756e+33	9.216093621021916e+34	4.452629020178009e+34	2.7632711466088343e+34	1.8308401731820463e+34
5424.915404783549	1.082173569646683e+38	9.687246337626488e+35	5.526123874236141e+35	2.9336901898097946e+35	1.899904868731384e+35	1.0339467489444698e+35	2.6436503027514785e+34	1.3079855868950767e+34	4.9627671619475195e+33	3.442539306788129e+35	1.6650893395514737e+35	1.0339467489444698e+35	6.853464179930843e+34
5627.4463075170725	3.306348346738226e+38	3.2173477338413424e+36	1.8377721046507913e+36	9.767653033721988e+35	6.329759593287339e+35	3.447255802137387e+35	8.824279946352066e+34	4.367712199784718e+34	1.6578886008624886e+34	1.145880413724144e+36	5.5484128009011494e+35	3.447255802137387e+35	2.2859331820441368e+35
5834.054637066914	9.03019424954634e+38	9.592016048597705e+36	5.486918652514645e+36	2.9199615581971226e+36	1.893556756421083e+36	1.0320788891273755e+36	2.6452242923189845e+35	1.3098705366050979e+35	4.974229246203149e+34	3.424524845475875e+36	1.6601313921809434e+36	1.0320788891273755e+36	6.846941873334921e+35
6044.789194755849	2.2572510330117846e+39	2.6044081855443757e+37	1.4919004354642772e+37	7.94926360263465e+36	5.158527363361978e+36	2.8138500101831594e+36	7.220747797402892e+35	3.577130620138232e+35	1.359013482924208e+35	9.320235462490114e+36	4.523459034249068e+36	2.8138500101831594e+36	1.8675580343797077e+36
6259.700060015591	5.1035067550309194e+39	6.455588187355811e+37	3.7040270262225154e+37	1.9764377696480744e+37	1.2835879014177315e+37	7.007997277079039e+36	1.8008946383872697e+36	8.925986113660225e+35	3.39285980687415e+35	2.31654562654997e+37	1.1258065857876133e+37	7.007997277079039e+36	4.6535630361017744e+36
6478.838613365811	1.1352927748589556e+40	1.5075827920741763e+38	8.657754944868418e+37	4.623312247652528e+37	3.0038821341310467e+37	1.6408363512714626e+37	4.219814780410068e+36	2.0920806328947718e+36	7.954414159322575e+35	5.417930390675446e+37	2.6349467567261647e+37	1.6408363512714626e+37	1.0898730335932606e+37
6702.2593006668	2.2564017786852917e+40	3.2306845584994806e+38	1.8579472087048872e+38	9.93393011402522e+37	6.45875445642625e+37	3.530789748260036e+37	9.091402834293056e+36	4.509227972242846e+36	1.7152320175854265e+36	1.1637986840660638e+38	5.666547953379928e+37	3.530789748260036e+37	2.3462364459562337e+37
6930.038443603433	4.21058817745881e+40	6.4712480071243235e+38	3.726701173467086e+38	1.994972362757385e+38	1.2979382844763234e+38	7.10081110646069e+37	1.8305528868645318e+37	9.083103428324441e+36	3.4565280467607546e+36	2.3365426631144127e+38	1.1389439328561847e+38	7.10081110646069e+37	4.720539342579325e+37
7162.262595023799	7.281480205968531e+40	1.208517541555173e+39	6.9704424912114e+38	3.736466597746047e+38	2.4327800155689827e+38	1.3320715572428143e+38	3.4385795891872183e+37	1.706999393850792e+37	6.498998447701463e+36	4.374852716017042e+38	2.1352028883954597e+38	1.3320715572428143e+38	8.859660646908128e+37
7399.007876434513	1.1772096157194898e+41	2.1108899897997152e+39	1.2194726103889863e+39	6.546144689215537e+38	4.265453169495392e+38	2.3376295759649706e+38	6.042649773517683e+37	3.001179492500509e+37	1.14319512385701e+37	7.662101497893615e+38	3.7444933917125076e+38	2.3376295759649706e+38	1.5555334330716772e+38
7640.345863710277	1.7653672125796485e+41	3.4374579257148953e+39	1.9893771350411014e+39	1.0695672166459404e+39	6.975268558445738e+38	3.826463064997042e+38	9.90630531392525e+37	4.922754701516144e+37	1.8761780278653922e+37	1.2514561141216584e+39	6.1247728165111394e+38	3.826463064997042e+38	2.5476371505984247e+38
7886.353897001999	2.4562327168831066e+41	5.212452000619496e+39	3.0224683894879953e+39	1.62775125120335e+39	1.0625413413554876e+39	5.83504822700069e+38	1.5131308448046334e+38	7.523573329211315e+37	2.869109244023279e+37	1.9038276897072844e+39	9.332212152034625e+38	5.83504822700069e+38	3.887234381739933e+38
8137.112350179211	3.151309774459718e+41	7.336206812313272e+39	4.263184701254044e+39	2.300303753204976e+39	1.5031313194841168e+39	8.264435427054886e+38	2.147083424657046e+38	1.0682616429719138e+38	4.076506024187009e+37	2.6892827898581298e+39	1.3205615345430569e+39	8.264435427054886e+38	5.5093000354038516e+38
8392.701700083671	3.650076801911938e+41	9.513663205889887e+39	5.543950469225145e+39	2.9986581516550464e+39	1.96209392700754e+39	1.0804342142131048e+39	2.813593620917809e+38	1.4010351980263964e+38	5.35089690913838e+37	3.503782048243102e+39	1.7244033301847112e+39	1.0804342142131048e+39	7.20855958295368e+38
8653.20105735403	4.3793586043227395e+41	1.1930277607941878e+40	6.960065462323554e+39	3.7683386178090746e+39	2.467053414678612e+39	1.3593324832363166e+39	3.5432770727702215e+38	1.7649735009763543e+38	6.743174010827438e+37	4.4021228596349e+39	2.1685100519386106e+39	1.3593324832363166e+39	9.072450763280051e+38
8918.690351839135	4.55493843842091e+41	1.369664845851279e+40	8.011509172417036e+39	4.347538731603913e+39	2.849819575162089e+39	1.5724809147562017e+39	4.1079638703007786e+38	2.0478369024622425e+38	7.83005092456736e+37	5.0760895695972387e+39	2.5058081328347336e+39	1.5724809147562017e+39	1.0503354653115992e+39
9189.25103253614	4.617070064349885e+41	1.5100907602104337e+40	8.853523759618124e+39	4.814250579396303e+39	3.1592761455897275e+39	1.7454504527599153e+39	4.5688092208013426e+38	2.2791331018175792e+38	8.72053719441201e+37	5.618405068440549e+39	2.778748506478394e+39	1.7454504527599153e+39	1.1666902419652141e+39
9464.965258373848	4.437749613855174e+41	1.6003071133327935e+40	9.409111338527862e+39	5.129023119832909e+39	3.37040815709472e+39	1.864971744166232e+39	4.893319868448318e+38	2.443043675125567e+38	9.355636718647784e+37	5.982383927050564e+39	2.965537523333888e+39	1.864971744166232e+39	1.2476441566432012e+39
9745.916662481159	4.2603089091621436e+41	1.6763126790442512e+40	9.882233357524694e+39	5.3994109766113876e+39	3.552591819315732e+39	1.968618032226928e+39	5.17679084928619e+38	2.5865758788267533e+38	9.9131406473567e+37	6.294437473036451e+39	3.126908837538047e+39	1.968618032226928e+39	1.3180326672942837e+39
10032.190651596628	4.034519442933368e+41	1.7416432025610311e+40	1.0297829919735388e+40	5.640996391899166e+39	3.7167868889394303e+39	2.0629088693978677e+39	5.438184562482819e+38	2.7195211994446283e+38	1.0431816203848163e+38	6.572210680417149e+39	3.272677467339837e+39	2.0629088693978677e+39	1.3823862054670966e+39
10323.874010834641	3.62659848566857e+41	1.7784905672217633e+40	1.0561238443002156e+40	5.807046646790553e+39	3.834064852967352e+39	2.1329694994170246e+39	5.643130734174141e+38	2.8255390278021527e+38	1.0852307263311204e+38	6.759891399455779e+39	3.3778163338944586e+39	2.1329694994170246e+39	1.4311762624087763e+39
10621.057347773818	4.045568445677168e+41	1.9728128269107438e+40	1.1712793576768106e+40	6.439080994784351e+39	4.2509484495480545e+39	2.3646296790190473e+39	6.254963159878149e+38	3.131701004127499e+38	1.2027487089112065e+38	7.495935548769007e+39	3.74499306619645e+39	2.3646296790190473e+39	1.5865186225612168e+39
10923.837361282647	3.976254262957169e+41	2.1031238372227947e+40	1.2522719810761393e+40	6.901679421754924e+39	4.562619542921077e+39	2.5419632732350178e+39	6.74022893453591e+38	3.377478233565664e+38	1.2982442645628805e+38	8.02986084800977e+39	4.021062014914089e+39	2.5419632732350178e+39	1.7069673094520545e+39
11232.310299215851	4.035946586665136e+41	2.282388506582006e+40	1.3624329392788238e+40	7.525204476108745e+39	4.9807582037687095e+39	2.778672942604811e+39	7.383227965701402e+38	3.702351856711398e+38	1.4241668941171872e+38	8.750966367738594e+39	4.39098267566028e+39	2.778672942604811e+39	1.8673128348488327e+39
11546.560105923636	4.016517015772994e+41	2.473478645045349e+40	1.4813938750809761e+40	8.205755948595263e+39	5.43970788205913e+39	3.040099171735795e+39	8.099920453093276e+38	4.0655812747871786e+38	1.565394263019659e+38	9.536151266657249e+39	4.797613756870356e+39	3.040099171735795e+39	2.0449932940412554e+39
11866.678331672452	4.041785462023516e+41	2.700486229317868e+40	1.6228000935484032e+40	9.015258821211141e+39	5.98584968095022e+39	3.3513525960986054e+39	8.953954653740396e+38	4.498555808450699e+38	1.7337955833398283e+38	1.0469959545178052e+40	5.281555188318157e+39	3.3513525960986054e+39	2.2566030680374515e+39
12192.759102146858	4.035923338315964e+41	2.9444075128422913e+40	1.7760555948574782e+40	9.89884075783705e+39	6.584204294872239e+39	3.69377441767804e+39	9.899295543524078e+38	4.978813667131071e+38	1.920975770092254e+38	1.148760753812818e+40	5.812290221462898e+39	3.69377441767804e+39	2.4899227028502946e+39
12524.89294356104	4.1148099056346e+41	3.2324316127510076e+40	1.9562269430069572e+40	1.0934104990290166e+40	7.284094255440912e+39	4.0935851369294595e+39	1.1000291442535306e+39	5.537693360650221e+38	2.1386249534503996e+38	1.268082866202478e+40	6.432814264022184e+39	4.0935851369294595e+39	2.7620912869964523e+39
12863.173137215608	4.396176004419773e+41	3.601795120029181e+40	2.1839543815879306e+40	1.2227221692245514e+40	8.152899534134203e+39	4.586518984286148e+39	1.2344158711969501e+39	6.217564627936209e+38	2.4025024669748893e+38	1.4175181130347115e+40	7.2018345736615e+39	4.586518984286148e+39	3.096426975770508e+39
13207.694833767482	4.37921268493262e+41	3.8843296910862575e+40	2.364317198667244e+40	1.3280880593723758e+40	8.871420753692814e+39	5.000893504689995e+39	1.350136822530223e+39	6.807744487833138e+38	2.6334235781324255e+38	1.5385137450284724e+40	7.840339588121913e+39	5.000893504689995e+39	3.379953905033457e+39
13558.553052077994	4.345359838758379e+41	4.156937015395612e+40	2.540157902309574e+40	1.4316834747522712e+40	9.580995669300668e+39	5.4120968048308054e+39	1.465795272954741e+39	7.399018081512899e+38	2.8653266371636755e+38	1.6572528842284196e+40	8.47163226241919e+39	5.4120968048308054e+39	3.6620441733159665e+39
13915.84886241904	4.246245955104231e+41	4.402560925497947e+40	2.7018497802914848e+40	1.5284719574337769e+40	1.024934377404591e+40	5.80280579611624e+39	1.5770787762499694e+39	7.970279934534743e+38	3.090299435673148e+38	1.7678029794343923e+40	9.067509595705476e+39	5.80280579611624e+39	3.9313161008920545e+39
14279.685306114477	4.1634991345152284e+41	4.649960905752333e+40	2.8658095211572614e+40	1.6271619989379516e+40	1.0932809095178355e+40	6.20363657454239e+39	1.6917895964348365e+39	8.560078153428306e+38	3.3229446338145484e+38	1.8803859315561218e+40	9.677336045592388e+39	6.20363657454239e+39	4.2080421010943675e+39
14650.165403696601	4.335340891431097e+41	5.03526267831774e+40	3.1099220789994945e+40	1.769006007716069e+40	1.1897651820737783e+40	6.758657837648892e+39	1.8462788200358953e+39	9.347200304326215e+38	3.6306379079851116e+38	2.04345534307159e+40	1.053418877590916e+40	6.758657837648892e+39	4.5873250979358826e+39
15027.3993310542	4.434433429033145e+41	5.404099178766476e+40	3.3472330775607873e+40	1.908652961060821e+40	1.2853879798462444e+40	7.312756732193283e+39	2.0021844394874702e+39	1.0144417749681715e+39	3.943407358723551e+38	2.203546665257351e+40	1.1384887614029273e+40	7.312756732193283e+39	4.9674683477574007e+39
15411.499461358691	4.326218995395438e+41	5.681572929422865e+40	3.5356017524314774e+40	2.0241848623411538e+40	1.3661668850711954e+40	7.791404694601015e+39	2.1412118115326703e+39	1.0862736386351e+39	4.228119698176472e+38	2.3348002092193124e+40	1.2107449101278256e+40	7.791404694601015e+39	5.299724128387823e+39
15802.583175070682	4.323173478218764e+41	6.031003131798726e+40	3.7681155127253174e+40	2.1647403731375632e+40	1.463758705721893e+40	8.365521978372038e+39	2.3063400440550982e+39	1.1713284892307657e+39	4.5642375965134644e+38	2.4949770915886324e+40	1.2978847305325643e+40	8.365521978372038e+39	5.696784325151237e+39
16200.786352965606	4.247722673821191e+41	6.353149035310341e+40	3.988447316194024e+40	2.300752700545988e+40	1.5591917921574155e+40	8.933237634855683e+39	2.472225756392276e+39	1.2572121187525993e+39	4.905344864888738e+38	2.649271413389434e+40	1.38332949635983e+40	8.933237634855683e+39	6.091717415513914e+39
16606.2507495289	4.1982906191129816e+41	6.701869012527699e+40	4.2272545248024924e+40	2.4483862819266197e+40	1.662873251937562e+40	9.550701971066848e+39	2.6529738610302354e+39	1.350851030948106e+39	5.277502220522208e+38	2.816689055420304e+40	1.4761831350209295e+40	9.550701971066848e+39	6.521530740518356e+39
17019.123212384093	4.37450001766985e+41	7.231981030666009e+40	4.573548425311657e+40	2.6548811710136277e+40	1.8052963422106194e+40	1.0382762926003172e+40	2.8900260900523386e+39	1.4725868542405404e+39	5.757177020836665e+38	3.0527023559950183e+40	1.6031356486471567e+40	1.0382762926003172e+40	7.094938142159404e+39
17439.551100142726	4.46566621778362e+41	7.728900734835289e+40	4.90449758403735e+40	2.8552944943503167e+40	1.9446272934642106e+40	1.1203797462891168e+40	3.126870947865385e+39	1.5947172313598544e+39	6.240372642185202e+38	3.280985563216564e+40	1.7275914384912945e+40	1.1203797462891168e+40	7.663340633722257e+39
17867.675258869225	4.403453320019585e+41	8.1078085454550135e+40	5.17087760817866e+40	3.023363704396682e+40	2.0638867713391908e+40	1.1921964715473012e+40	3.340470218641142e+39	1.705953321071059e+39	6.684751276131381e+38	3.4707285761389507e+40	1.8346851050217093e+40	1.1921964715473012e+40	8.16619109297879e+39
18303.63702062102	4.3355016753911915e+41	8.4868050510433815e+40	5.440814791888176e+40	3.195377047560023e+40	2.186554446866918e+40	1.2664589159021147e+40	3.563016025820214e+39	1.8221330686750087e+39	7.150001886579344e+38	3.664504850914198e+40	1.944982116794301e+40	1.2664589159021147e+40	8.687617338985282e+39
18747.581867999375	4.242257735704797e+41	8.842219876735778e+40	5.700726992558667e+40	3.364204894637521e+40	2.308076624836401e+40	1.3407463339126244e+40	3.7886512051003174e+39	1.9404316714165758e+39	7.625723272655345e+38	3.8539139303733736e+40	2.054510681493812e+40	1.3407463339126244e+40	9.211842302467574e+39
19199.66408140482	4.402815472520086e+41	9.46402364191635e+40	6.11951595435366e+40	3.6204096352235824e+40	2.4872117572067725e+40	1.4469952804174467e+40	4.098250925309359e+39	2.1006355760740568e+39	8.26179558737195e+38	4.1450624001246753e+40	2.2147688213807046e+40	1.4469952804174467e+40	9.950062926227178e+39
19660.045049619985	4.480192832891764e+41	1.0039828287926407e+41	6.516744568474259e+40	3.8680013939875455e+40	2.661965501991194e+40	1.5516963240953092e+40	4.407747840668802e+39	2.2615343994994356e+39	8.903563921571818e+38	4.425276806429348e+40	2.371492174420034e+40	1.5516963240953092e+40	1.0681394086751782e+40
20128.887486051197	4.337927181168407e+41	1.0366232729872485e+41	6.772767388278481e+40	4.042488612026872e+40	2.7904367321589216e+40	1.63207332585528e+40	4.659662720451936e+39	2.3949179309546415e+39	9.44508607876381e+38	4.619064525544731e+40	2.4879508470268913e+40	1.63207332585528e+40	1.1255322419814196e+40
20606.35540657023	4.307725042468946e+41	1.0832163600757492e+41	7.11522656520538e+40	4.2663428210347676e+40	2.9522042559516298e+40	1.7314357871226466e+40	4.963798940615611e+39	2.5548111294995043e+39	1.0089876632457941e+39	4.869818506253691e+40	2.633914827475445e+40	1.7314357871226466e+40	1.1958409595515235e+40
21092.608002553905	4.1965113588319544e+41	1.1185838239989571e+41	7.396229866092267e+40	4.459905102035459e+40	3.095522681290172e+40	1.821657806130697e+40	5.249153404763067e+39	2.7063583258720484e+39	1.0706996597804177e+39	5.084279882315356e+40	2.764026166053817e+40	1.821657806130697e+40	1.260477802140741e+40
21587.810942134514	4.367882160351764e+41	1.1936455567620145e+41	7.916583205657916e+40	4.786110336770572e+40	3.326595084541797e+40	1.9607119680290793e+40	5.663188983342583e+39	2.922165982770993e+39	1.1570092890041804e+39	5.452944625384021e+40	2.9714690461032297e+40	1.9607119680290793e+40	1.3578535858743524e+40
22092.132802854798	4.420570312327505e+41	1.2567150710699783e+41	8.372879886546951e+40	5.081548501223407e+40	3.539252835936293e+40	2.09086516054044e+40	6.059972826162215e+39	3.1305488945606293e+39	1.2409662217721777e+39	5.78450911604462e+40	3.163172636748029e+40	2.09086516054044e+40	1.4497997291334176e+40
22605.748833797075	4.3391542727725955e+41	1.2987823215839472e+41	8.709876223657945e+40	5.315580777416459e+40	3.713342870585869e+40	2.201043415772757e+40	6.411295396001215e+39	3.317649750995161e+39	1.3173689666688578e+39	6.043316675357109e+40	3.321419888966033e+40	2.201043415772757e+40	1.528965603953139e+40
23128.83805615268	4.242154062944992e+41	1.3372348547777221e+41	9.030529489909458e+40	5.544135572494335e+40	3.88539427886031e+40	2.311242927340459e+40	6.76830950076042e+39	3.508715917116609e+39	1.3957592938290428e+39	6.294707777518689e+40	3.4782817746948976e+40	2.311242927340459e+40	1.608624277651733e+40
23661.585842853023	4.3537526819189015e+41	1.4119739629221222e+41	9.574205248851193e+40	5.898408558573988e+40	4.1414161005262825e+40	2.4686890452967665e+40	7.252041825731584e+39	3.7634635632240435e+39	1.498686054018146e+39	6.691679794296845e+40	3.709334367279247e+40	2.4686890452967665e+40	1.7201567775875266e+40
24204.18238317699	4.314928457745439e+41	1.4626187498386218e+41	9.980708781940822e+40	6.182056637956531e+40	4.353117764321024e+40	2.6032320205570087e+40	7.684037699676441e+39	3.9940972898721835e+39	1.593103666496815e+39	7.004961841436127e+40	3.9019556529780504e+40	2.6032320205570087e+40	1.8170647286549222e+40
24756.820930392245	4.289681423807148e+41	1.5146131650698262e+41	1.0401140115305178e+41	6.477310557724069e+40	4.5742442286389705e+40	2.744305949757082e+40	8.139594063610806e+39	4.237772957449622e+39	1.6930494647086234e+39	7.330589147230028e+40	4.1033381274498596e+40	2.744305949757082e+40	1.9188880130111708e+40
25319.700041925826	4.229555082037507e+41	1.5598448745544088e+41	1.0787400276878923e+41	6.758174620017711e+40	4.787918481024921e+40	2.8827667667423382e+40	8.595893108020487e+39	4.483360017328624e+39	1.794375155313357e+39	7.638137257970158e+40	4.298695429389816e+40	2.8827667667423382e+40	2.019602410771048e+40
25893.02363182954	4.133462281098905e+41	1.5947066731898424e+41	1.1115934857129284e+41	7.011048201047247e+40	4.985053912764042e+40	3.01356460792777e+40	9.040051742208823e+39	4.724561304835237e+39	1.8947372199680088e+39	7.911902580686963e+40	4.4800125592154245e+40	3.01356460792777e+40	2.1158459974699847e+40
26477.008822073654	4.266877494238062e+41	1.681241316188975e+41	1.1767119900774908e+41	7.4478341843251e+40	5.305636123159767e+40	3.214135549439958e+40	9.672209339388677e+39	5.0603255406214525e+39	2.0315540837772082e+39	8.398148277075928e+40	4.770528085628639e+40	3.214135549439958e+40	2.2592539490752054e+40
27071.88001447114	4.286832757649288e+41	1.747388363075182e+41	1.230397784795611e+41	7.827378735708961e+40	5.591172933182412e+40	3.397318859683613e+40	1.0269163106660369e+40	5.3806664424775656e+39	2.1633771557419543e+39	8.816017088885465e+40	5.030904871756731e+40	3.397318859683613e+40	2.3918962833797777e+40
27677.867659237225	4.2007870700466375e+41	1.7831243458396853e+41	1.2658692465617475e+41	8.10937286244651e+40	5.81430251569185e+40	3.5476213693388626e+40	1.079010400311744e+40	5.665383574836827e+39	2.282582278075559e+39	9.119271397669573e+40	5.236902430168205e+40	3.5476213693388626e+40	2.5033457627130237e+40
28295.208922650258	4.15399582188607e+41	1.8294664851896466e+41	1.3087190479947497e+41	8.438346426372855e+40	6.071146026743143e+40	3.7185829457337473e+40	1.1374662123452232e+40	5.983691860077867e+39	2.4154067858650454e+39	9.475381214769821e+40	5.473287744125729e+40	3.7185829457337473e+40	2.62942715987391e+40
28924.147302204823	4.252274864596705e+41	1.915241662079255e+41	1.3769031466896175e+41	8.915623807344448e+40	6.429085881615613e+40	3.9477472548956408e+40	1.2120891215190537e+40	6.384237240617802e+39	2.5803103840922603e+39	1.0001766036028747e+41	5.799485751630313e+40	3.9477472548956408e+40	2.7952710470577704e+40
29564.9362529969	4.214379563122152e+41	1.9596191471324923e+41	1.419821065376259e+41	9.25510351112246e+40	6.697896305024768e+40	4.129296610629011e+40	1.275412517481191e+40	6.731220010003306e+39	2.725982317848981e+39	1.0366947411376435e+41	6.047775354967844e+40	4.129296610629011e+40	2.9301625529849007e+40
30217.832172711725	4.132934365085669e+41	1.991689182094004e+41	1.4558882375658589e+41	9.561999321182778e+40	6.947966195452412e+40	4.3026854050367693e+40	1.3378164555865815e+40	7.076236893892227e+39	2.872033814863385e+39	1.0692527354203988e+41	6.280326512108687e+40	4.3026854050367693e+40	3.0605879932223176e+40
30883.09546861437	4.25065346746714e+41	2.0827098790666583e+41	1.5298451288869335e+41	1.0090139720895661e+41	7.348457949235477e+40	4.56231609587149e+40	1.4239635696086425e+40	7.541566937356203e+39	3.06481629626314e+39	1.1272339464206012e+41	6.646393855159857e+40	4.56231609587149e+40	3.249764804980187e+40
31560.99756532057	4.2329072116832754e+41	2.138295309765428e+41	1.5828852375141802e+41	1.0508311267150551e+41	7.679579387540821e+40	4.786167896016413e+40	1.5022607294682045e+40	7.971113255864083e+39	3.245383229147024e+39	1.1722311659838536e+41	6.952284147112087e+40	4.786167896016413e+40	3.416230388408969e+40
32251.812857473476	4.115315639613316e+41	2.1482286113513404e+41	1.6066292776688058e+41	1.076039562905982e+41	7.901226747069489e+40	4.950413140296552e+40	1.566081804435252e+40	8.33163892619926e+39	3.401058268273187e+39	1.1979604762043857e+41	7.16202488940687e+40	4.950413140296552e+40	3.543588789765496e+40
32955.826091589974	4.0377568404534496e+41	2.1721092850025864e+41	1.6402329863672213e+41	1.1076309157712932e+41	8.16916746492731e+40	5.14340927417064e+40	1.6389660888287788e+40	8.740440711521838e+39	3.576486413674363e+39	1.2308418747907535e+41	7.41361960357824e+40	5.14340927417064e+40	3.6914744512803737e+40
33673.32968264839	4.1288919628969546e+41	2.2558684362317267e+41	1.7133122242255344e+41	1.1627610661919578e+41	8.598919459392853e+40	5.430308627075718e+40	1.7381704796269887e+40	9.283421178471111e+39	3.804348070517118e+39	1.290645404117417e+41	7.809260121892234e+40	5.430308627075718e+40	3.903749215564144e+40
34404.627327703696	4.126594193368577e+41	2.3089317859459263e+41	1.7678876826498544e+41	1.2080872292796065e+41	8.966997571040865e+40	5.68580989224976e+40	1.8308780757706903e+40	9.797991376460611e+39	4.023119099502727e+39	1.338879711611303e+41	8.151505665222003e+40	5.68580989224976e+40	4.096368524431657e+40
35150.030393069	4.028272305586679e+41	2.314936523987475e+41	1.791638497921239e+41	1.2356898084048452e+41	9.21762356631942e+40	5.877160149658093e+40	1.908079802632564e+40	1.0239061752943707e+40	4.215629536776314e+39	1.3666100610729998e+41	8.390484276136351e+40	5.877160149658093e+40	4.24690250257687e+40
35909.86371373398	4.11913284245602e+41	2.3997191329209097e+41	1.868443755377525e+41	1.2953828639730263e+41	9.690116511278378e+40	6.197841282942925e+40	2.0216085398156413e+40	1.0865193874608912e+40	4.4803475266814835e+39	1.4309391723996156e+41	8.827221319396429e+40	6.197841282942925e+40	4.486246851830649e+40
36684.45759804066	4.101810536800158e+41	2.4416712174157346e+41	1.9183340409377715e+41	1.3402076823526161e+41	1.00665239398101e+41	6.467767679953695e+40	2.123714015969026e+40	1.1439054530964732e+40	4.7272300035649046e+39	1.4779008536356156e+41	9.180099429526723e+40	6.467767679953695e+40	4.693016094860003e+40
37474.15488784943	3.993843325663053e+41	2.432994813644614e+41	1.9339260691233543e+41	1.3647710113331055e+41	1.0306833090093533e+41	6.662321456025741e+40	2.207286595163943e+40	1.1924686314252954e+40	4.9424871092294204e+39	1.5015609371820879e+41	9.412902194691182e+40	6.662321456025741e+40	4.850000315952328e+40
38279.30999907791	4.070557882410962e+41	2.508940395340588e+41	2.0076214858075e+41	1.4250259127577426e+41	1.0795831687874421e+41	7.003025856197615e+40	2.332363096304463e+40	1.2622459396607273e+40	5.2407787856063717e+39	1.565789227820268e+41	9.867816229137e+40	7.003025856197615e+40	5.107762610190505e+40
39100.28777001243	4.049560479400677e+41	2.5424465877529385e+41	2.0543220114915878e+41	1.4702838426682401e+41	1.1187927984114157e+41	7.292784919528582e+40	2.446253839092511e+40	1.3269962935030074e+40	5.522393428117166e+39	1.6125123534611323e+41	1.02382098716942e+41	7.292784919528582e+40	5.333012303567427e+40
39937.46496553071	3.9221733635334035e+41	2.5105347874089695e+41	2.0550700570093998e+41	1.4875134174840958e+41	1.1388358360025049e+41	7.474148414338917e+40	2.5325276756756447e+40	1.3784107434121376e+40	5.755416512193149e+39	1.6272374627233473e+41	1.0438670495461036e+41	7.474148414338917e+40	5.48579278957842e+40
40791.23109952253	4.010558663692619e+41	2.590040647979435e+41	2.134167784932414e+41	1.5536835674485677e+41	1.1932218806995492e+41	7.858532658745649e+40	2.6766775394327246e+40	1.4593981086477729e+40	6.104044329830135e+39	1.6974005524723682e+41	1.0946355521840854e+41	7.858532658745649e+40	5.778867804000885e+40
41661.98862164877	3.981276073895658e+41	2.608538651115684e+41	2.172227088688248e+41	1.5957776507323362e+41	1.2315156126590886e+41	8.154474639650225e+40	2.79951331440052e+40	1.5303521655858877e+40	6.417258346640212e+39	1.739826664793176e+41	1.1312287200139767e+41	8.154474639650225e+40	6.013855766422643e+40
42550.151862201106	3.891644943840528e+41	2.586048876711583e+41	2.1810696913167617e+41	1.6200353657035317e+41	1.2576971352353238e+41	8.383130508090065e+40	2.9062590511467756e+40	1.5938399762421146e+40	6.704780572729989e+39	1.7618674199858607e+41	1.1571167658579234e+41	8.383130508090065e+40	6.204587682972151e+40
43456.147818064426	3.9354796059829596e+41	2.6365251409652283e+41	2.2424001450501755e+41	1.6778430548207001e+41	1.307766503845551e+41	8.755669417871763e+40	3.0554731350667363e+40	1.6793356187968687e+40	7.079683033938111e+39	1.821699953770772e+41	1.2044647471116754e+41	8.755669417871763e+40	6.495902127984383e+40
44380.41957598475	3.905593512749464e+41	2.6405193128083706e+41	2.2703314210577905e+41	1.7150187037507153e+41	1.3437105349603437e+41	9.048902572755379e+40	3.18534595913149e+40	1.7557808283493197e+40	7.423124926581829e+39	1.858023814515519e+41	1.2392984399560317e+41	9.048902572755379e+40	6.734714541233814e+40
45323.42410648506	3.966475042932238e+41	2.6977474379479198e+41	2.3383259658713425e+41	1.7788947291181544e+41	1.3991158936174822e+41	9.462527107078972e+40	3.3522248652704593e+40	1.8516689522956996e+40	7.844835276072636e+39	1.924134809552111e+41	1.2917268793577777e+41	9.462527107078972e+40	7.0589300177525345e+40
46285.63406228822	3.858406406996621e+41	2.650215319410666e+41	2.330776827174545e+41	1.7955383508226075e+41	1.4217658401300065e+41	9.687891800116485e+40	3.4699198917881454e+40	1.9235948669174318e+40	8.178418248407479e+39	1.9366334468154904e+41	1.3150026954878643e+41	9.687891800116485e+40	7.256149945479115e+40
47267.53767374743	3.810527076769554e+41	2.629324103435289e+41	2.3400575427702117e+41	1.8219469876927954e+41	1.4511658246486282e+41	9.95401628184413e+40	3.6009641511330243e+40	2.002906062401895e+40	8.543755296841529e+39	1.960336985374724e+41	1.3443220121442348e+41	9.95401628184413e+40	7.482509213996514e+40
48269.63992890674	3.857399612931931e+41	2.6700132890152335e+41	2.3974753299145427e+41	1.881353133672894e+41	1.504926989813495e+41	1.0372625758421664e+41	3.7794120637026354e+40	2.107167722041822e+40	9.009598027845116e+39	2.0206355752642482e+41	1.3957339764069673e+41	1.0372625758421664e+41	7.817586270601422e+40
49292.465076424916	3.824431231979623e+41	2.6572173207420035e+41	2.4152811563443862e+41	1.9156362441565606e+41	1.5412507322728982e+41	1.0691956843195433e+41	3.933300035088493e+40	2.1999256802198887e+40	9.435567827949615e+39	2.0524771218763033e+41	1.4316428553364635e+41	1.0691956843195433e+41	8.086512475437199e+40
50336.551946775115	3.864060228234359e+41	2.688967721401704e+41	2.467054964981837e+41	1.9729253208740713e+41	1.5945535395467946e+41	1.111831197595109e+41	4.121467590570941e+40	2.3110248723682064e+40	9.93690977512001e+39	2.1098739904538438e+41	1.4829634327219103e+41	1.111831197595109e+41	8.432344354310652e+40
51402.45816211328	3.7918828776903615e+41	2.6441398316591663e+41	2.4613879871600105e+41	1.9932777458591852e+41	1.6219635058043458e+41	1.1395009388620037e+41	4.2711314459773055e+40	2.4036785874395035e+40	1.0372236164378793e+40	2.1255797216108305e+41	1.5111910060500075e+41	1.1395009388620037e+41	8.677347503181119e+40
52490.761458250716	3.806761487844514e+41	2.6499941956421095e+41	2.488355688815792e+41	2.0313040013790687e+41	1.6604333279285402e+41	1.1727093090183657e+41	4.432717419220265e+40	2.502105319210264e+40	1.0830419087192872e+40	2.1621105656642336e+41	1.5489619772835376e+41	1.1727093090183657e+41	8.956827000795505e+40
53602.06025951209	3.7370485827514155e+41	2.5963794158910246e+41	2.4770158789367496e+41	2.0504699859594625e+41	1.6888865554252144e+41	1.2029411187710408e+41	4.603155104751407e+40	2.6084765601432697e+40	1.1332919992122213e+40	2.175583549073152e+41	1.5787142034922136e+41	1.2029411187710408e+41	9.229496686875243e+40
54736.972411685754	3.705986462421108e+41	2.5650892963215776e+41	2.4805182595380157e+41	2.0780481238802766e+41	1.7227940844761024e+41	1.2360671437049436e+41	4.781066986752287e+40	2.7188734743712907e+40	1.1853410413678226e+40	2.1988484806699367e+41	1.6132277565034518e+41	1.2360671437049436e+41	9.52105092064107e+40
55896.14059450047	3.71583988998606e+41	2.5621993652086318e+41	2.506828358780954e+41	2.121750676212889e+41	1.768916291048982e+41	1.2771719990378007e+41	4.986549487351762e+40	2.844524637407495e+40	1.24389983161552e+40	2.239845978315087e+41	1.6589148872528318e+41	1.2771719990378007e+41	9.87132189047999e+40
57080.23057955032	3.687259745730038e+41	2.5249489029104392e+41	2.5023703310147266e+41	2.1429166058750477e+41	1.798294655471636e+41	1.3081060643914367e+41	5.165322550991819e+40	2.957645595422191e+40	1.2981893384043658e+40	2.2560894976812298e+41	1.6894640390414032e+41	1.3081060643914367e+41	1.0151878394588578e+41
58289.93274732895	3.6849822777815205e+41	2.5069192236460956e+41	2.516139216202207e+41	2.178894910764354e+41	1.8397001957763673e+41	1.3474512983799885e+41	5.375386184150307e+40	3.088344794573953e+40	1.360056141753245e+40	2.288130705192536e+41	1.7312084899772989e+41	1.3474512983799885e+41	1.0496301657541846e+41
59525.960990648215	3.668892280127084e+41	2.473790702190117e+41	2.5144197219108925e+41	2.202617349675258e+41	1.871779112824289e+41	1.381107238677644e+41	5.571825681498416e+40	3.213266591426231e+40	1.4203287702873465e+40	2.306899159103271e+41	1.764490351627168e+41	1.381107238677644e+41	1.0802259097730023e+41
60789.058512300086	3.647652970066972e+41	2.4357958428066343e+41	2.5106490186440173e+41	2.2266478327431234e+41	1.905070348109073e+41	1.4164410913594857e+41	5.779830621159794e+40	3.345803148570519e+40	1.4843860495437913e+40	2.325496167166669e+41	1.7991545668188083e+41	1.4164410913594857e+41	1.1124689796052639e+41
62079.9949009989	3.6451425712684934e+41	2.4084236626358532e+41	2.514140005320124e+41	2.2553896889800776e+41	1.941991908690528e+41	1.4544037205384651e+41	6.000269638812183e+40	3.4861834712441815e+40	1.5522694263295635e+40	2.349323117540959e+41	1.837193299034087e+41	1.4544037205384651e+41	1.1468396741067704e+41
63399.56890921809	3.602786728372952e+41	2.348810934284275e+41	2.4901899447966745e+41	2.26470908977227e+41	1.9647557310348575e+41	1.484011168386113e+41	6.200874288842676e+40	3.6179858740182364e+40	1.617648876509608e+40	2.351656444720894e+41	1.862506593614326e+41	1.484011168386113e+41	1.1756188976986345e+41
64748.61113859322	3.644648036688946e+41	2.351669089951941e+41	2.5206850512688054e+41	2.314813371126392e+41	2.0190502972258775e+41	1.5343828692674621e+41	6.471305869411743e+40	3.787610193854709e+40	1.698736542335515e+40	2.398339847120534e+41	1.9167653853134506e+41	1.5343828692674621e+41	1.2196198237333435e+41
66127.98276718328	3.558396649307204e+41	2.2529877114922386e+41	2.4564873391351053e+41	2.2911901819890023e+41	2.0159900413677003e+41	1.5475183842290632e+41	6.627961123175898e+40	3.89950358313175e+40	1.7579246040718738e+40	2.365351810077178e+41	1.9184239718340743e+41	1.5475183842290632e+41	1.2369092565437998e+41
67538.57859252564	3.619809783515928e+41	2.265879505756495e+41	2.4938946257547403e+41	2.346339625317013e+41	2.0747387010234085e+41	1.6017824595572424e+41	6.922013506092016e+40	4.084976973974505e+40	1.8471437849832725e+40	2.417407362550263e+41	1.9770062808869637e+41	1.6017824595572424e+41	1.2843923515239734e+41
68981.32934416963	3.510304013900454e+41	2.143389219703217e+41	2.406809758464903e+41	2.3058218176124085e+41	2.059604673507398e+41	1.6084556733934836e+41	7.071971898318718e+40	4.1974373679846705e+40	1.908660007434981e+40	2.3657688125330787e+41	1.9679614558318e+41	1.6084556733934836e+41	1.2978679104960905e+41
70457.20195327763	3.55964214851733e+41	2.1434385607893914e+41	2.4319725729210414e+41	2.352062981172268e+41	2.1121953972259265e+41	1.6598188400456668e+41	7.369098091565021e+40	4.388413424058637e+40	2.002148765008951e+40	2.4079297330144906e+41	2.021177551985212e+41	1.6598188400456668e+41	1.3439790392256847e+41
71967.20251023286	3.520361567448566e+41	2.0695679543530825e+41	2.3895880011318476e+41	2.347763191067328e+41	2.1267989167736115e+41	1.6878203211690748e+41	7.603691888082911e+40	4.549791786351237e+40	2.085418048197991e+40	2.394849339485694e+41	2.039945676649983e+41	1.6878203211690748e+41	1.373972171863207e+41
73512.37809769157	3.484271760137822e+41	2.0026511019485094e+41	2.3469836586043054e+41	2.337660063913351e+41	2.1342505957795452e+41	1.709261988641543e+41	7.811922167895284e+40	4.697691743932624e+40	2.1639276956763985e+40	2.376969684039105e+41	2.0514955710242597e+41	1.709261988641543e+41	1.398585113561544e+41
75093.81697243472	3.538787915621906e+41	2.0001532812567986e+41	2.3704335760530652e+41	2.3847217656609897e+41	2.189396217840378e+41	1.7647014836941733e+41	8.145581504394051e+40	4.914893698607017e+40	2.2715748421639707e+40	2.419256541277288e+41	2.107702071919298e+41	1.7647014836941733e+41	1.4490935919378907e+41
76712.65363131827	3.4420266267488624e+41	1.881730961480606e+41	2.2749913647536638e+41	2.3316127762418006e+41	2.1634060106400083e+41	1.765201713873937e+41	8.302118797676975e+40	5.040915871551747e+40	2.344218775719322e+40	2.355173018256169e+41	2.0887192395830405e+41	1.765201713873937e+41	1.4593542090053549e+41
78370.06854326787	3.45523017737433e+41	1.8480713139803956e+41	2.263206942628798e+41	2.3467547701861525e+41	2.1919375599288083e+41	1.8024036799640507e+41	8.582411113717386e+40	5.233667935287892e+40	2.4444543928876064e+40	2.3640658891550686e+41	2.1201275169042494e+41	1.8024036799640507e+41	1.4966505692495453e+41
80067.29291347714	3.488768892295268e+41	1.822198898190063e+41	2.2638544961975462e+41	2.3772817159125413e+41	2.23585973533584e+41	1.8528960906067723e+41	8.926455686688054e+40	5.464626397996016e+40	2.56205091743375e+40	2.3879265581649628e+41	2.1666408715096205e+41	1.8528960906067723e+41	1.5451214083735854e+41
81805.60956180532	3.3961001127442486e+41	1.7079491516363781e+41	2.1631476982813443e+41	2.314058276694189e+41	2.200086752555391e+41	1.8466058385905312e+41	9.075090527114625e+40	5.59325642980929e+40	2.6398382217238264e+40	2.3142827681585256e+41	2.138366638674302e+41	1.8466058385905312e+41	1.5509150915408425e+41
83586.35731139361	3.4028355923949523e+41	1.6662159806239396e+41	2.140556706193285e+41	2.319354220761485e+41	2.2210396555216486e+41	1.8798448697644725e+41	9.361944685266286e+40	5.797004141161897e+40	2.74888865534391e+40	2.3127484629762294e+41	2.162988856170833e+41	1.8798448697644725e+41	1.5862835970802426e+41
85410.93287279275	3.437557976430612e+41	1.6395896782867099e+41	2.1361931130530575e+41	2.343530756402359e+41	2.259644934379236e+41	1.9275723253426217e+41	9.716360957020571e+40	6.041337096133591e+40	2.876521487447369e+40	2.3302269025760936e+41	2.2046853545476913e+41	1.9275723253426217e+41	1.6336322380607749e+41
87280.79406936998	3.383479187975512e+41	1.5501478051967057e+41	2.0591025023277134e+41	2.300459813873437e+41	2.241364210011306e+41	1.9352316525628174e+41	9.938205870433069e+40	6.217968906942475e+40	2.978777147827133e+40	2.2776989421587813e+41	2.1931096500737987e+41	1.9352316525628174e+41	1.651171024784547e+41
89197.4632544581	3.3523050770047296e+41	1.4865689715703503e+41	2.003954478979658e+41	2.2700404220700956e+41	2.2297254425820315e+41	1.944052841566809e+41	1.0146994920297718e+41	6.386152179026011e+40	3.077847575559141e+40	2.2402818952950202e+41	2.1866691120533288e+41	1.944052841566809e+41	1.6681061614872504e+41
91162.53138645849	3.3519177530622742e+41	1.4367957254903413e+41	1.9671654854709246e+41	2.260626846794295e+41	2.238803163666173e+41	1.970807435233729e+41	1.0444055215168812e+41	6.607820075003651e+40	3.2014862910053683e+40	2.223537695681045e+41	2.2005408393557553e+41	1.970807435233729e+41	1.7002295919591841e+41
93177.66069000629	3.36776320422627e+41	1.3927216998633069e+41	1.9390974923570834e+41	2.2623056388616855e+41	2.2593499768059544e+41	2.007976376432513e+41	1.0796653884065789e+41	6.864373785672368e+40	3.3418636170399977e+40	2.2174741974643402e+41	2.2257906123828425e+41	2.007976376432513e+41	1.7414082552377021e+41
95244.5898511058	3.3438961496694524e+41	1.3291177977840753e+41	1.881329896216608e+41	2.2299431562826003e+41	2.2477679367616786e+41	2.019764494219694e+41	1.1052839815840173e+41	7.070397436242001e+40	3.4632404941272987e+40	2.1776108896174188e+41	2.2200864034559376e+41	2.019764494219694e+41	1.762602155077073e+41
97377.80653903991	3.3223158450306524e+41	1.2699631221833398e+41	1.8269387273468815e+41	2.1987807287110475e+41	2.2360100414253206e+41	2.0302058661845785e+41	1.1296041622712498e+41	7.268005437423915e+40	3.580778286121222e+40	2.1395171585352877e+41	2.2138691185542957e+41	2.0302058661845785e+41	1.78218043755304e+41
99566.67437265943	3.302918061908967e+41	1.212539587461391e+41	1.772079301334475e+41	2.1654806272719564e+41	2.2220967015762506e+41	2.0395821033238147e+41	1.1552051274916045e+41	7.479904739645322e+40	3.708745800075756e+40	2.0995316418399293e+41	2.2056523345299403e+41	2.0395821033238147e+41	1.8016383816042837e+41
101826.11504103092	3.2939658707270186e+41	1.1609236297180389e+41	1.724857707791545e+41	2.140331533221622e+41	2.2155721754992262e+41	2.0544308312439973e+41	1.1826059075762695e+41	7.700969558197412e+40	3.8403103408429134e+40	2.0677616812605713e+41	2.2044619672441926e+41	2.0544308312439973e+41	1.825203836045152e+41
104158.57654512253	3.289119979794989e+41	1.1130667205392629e+41	1.6805518162052216e+41	2.11654128634372e+41	2.209613619497251e+41	2.0694310880423072e+41	1.210574343635113e+41	7.928510303721084e+40	3.9769310708154415e+40	2.0377290596858085e+41	2.2036805625274964e+41	2.0694310880423072e+41	1.8489780431222412e+41
106567.64435124984	3.27564577456583e+41	1.0610609098313533e+41	1.6282525059875444e+41	2.0828819334066297e+41	2.1944449314534985e+41	2.0777349201829703e+41	1.2370869525698015e+41	8.152843740275167e+40	4.1152011447803115e+40	1.9979668956930215e+41	2.1941270808850273e+41	2.0777349201829703e+41	1.867992444818286e+41
109054.95412520009	3.2632634976002187e+41	1.0083281761570552e+41	1.5745144958023259e+41	2.047938212261665e+41	2.1786000480633166e+41	2.0863776089317437e+41	1.265000403486254e+41	8.38984980970206e+40	4.2618723594277626e+40	1.956781226136278e+41	2.1841191978471388e+41	2.0863776089317437e+41	1.8878930366222975e+41
111623.25395996662	3.2475900030964094e+41	9.556672462748524e+40	1.5185185372219539e+41	2.0086129110299173e+41	2.157889726821265e+41	2.090755580927213e+41	1.2916144453255527e+41	8.623111390208929e+40	4.409654356362122e+40	1.9116115056028606e+41	2.169266223608931e+41	2.090755580927213e+41	1.904418052771252e+41
114275.5058357775	3.239268369986113e+41	9.094573628743994e+40	1.4686518457118536e+41	1.9733477668970997e+41	2.1397521643106336e+41	2.0964202952177083e+41	1.3191828883575334e+41	8.865800113449646e+40	4.564464168282033e+40	1.8710937174552707e+41	2.1566161635883302e+41	2.0964202952177083e+41	1.9219072136704844e+41
117014.97358342394	3.229250931254161e+41	8.618813607478882e+40	1.4157932756326237e+41	1.934328412141227e+41	2.1182768243992634e+41	2.1001001256337337e+41	1.3472662315537835e+41	9.116882659898791e+40	4.7263832641466225e+40	1.8268559002873885e+41	2.1408717825635094e+41	2.1001001256337337e+41	1.9384027400013733e+41
119844.69439146969	3.2222639896095937e+41	8.172646365229655e+40	1.3653647508027202e+41	1.896504231934368e+41	2.0972468127756534e+41	2.103679445118103e+41	1.375550795565135e+41	9.372162355364595e+40	4.892753212117966e+40	1.784135095860683e+41	2.1254002028832182e+41	2.103679445118103e+41	1.9547519684032672e+41
122768.30697866733	3.2081644559014314e+41	7.721713443233468e+40	1.3124343329037773e+41	1.8534252232510344e+41	2.0696094281465756e+41	2.1002258542083162e+41	1.4001171298653655e+41	9.60783696712103e+40	5.053059551412023e+40	1.7368156185396644e+41	2.10307480485344e+41	2.1002258542083162e+41	1.9646954752124724e+41
125790.54609587946	3.1928987227178768e+41	7.276409398909888e+40	1.2572506122357079e+41	1.8054427129383278e+41	2.0368054552252193e+41	2.0931946329021106e+41	1.4254590843358988e+41	9.857448962576698e+40	5.225033077381638e+40	1.6850475660821961e+41	2.0757706888893796e+41	2.0931946329021106e+41	1.972663349382731e+41
128914.10450669038	3.187563182793716e+41	6.874000482351568e+40	1.2080362695917051e+41	1.7643570250534876e+41	2.010730413547188e+41	2.0918121505360243e+41	1.4535457700154732e+41	1.0125352893322924e+41	5.407454072982674e+40	1.6400715319814155e+41	2.0550279631655456e+41	2.0918121505360243e+41	1.985313382265721e+41
132143.00220362606	3.1722966628212333e+41	6.463339466984501e+40	1.1556933633755027e+41	1.7169190045096416e+41	1.976562190467363e+41	2.081443727873139e+41	1.4761146336499698e+41	1.0361036889400278e+41	5.57769189432901e+40	1.5895330150117001e+41	2.025829387656239e+41	2.081443727873139e+41	1.989455544322118e+41
135481.7830019162	3.159568900286587e+41	6.067305804832147e+40	1.1027801373864022e+41	1.6665294600285896e+41	1.9391624377179243e+41	2.0694908834864086e+41	1.5014718843507138e+41	1.0626788117171608e+41	5.769120434021883e+40	1.5364827652340853e+41	1.9935861492391596e+41	2.0694908834864086e+41	1.9937068678779886e+41
138933.8933906183	3.150943449860676e+41	5.689187924980272e+40	1.052689360449828e+41	1.6199309993083111e+41	1.9055650101372802e+41	2.060341112926307e+41	1.5270002205204218e+41	1.0891208490614727e+41	5.960352796372074e+40	1.4870591924052151e+41	1.965015894287172e+41	2.060341112926307e+41	1.999774919033628e+41
142504.9146304937	3.135348159903165e+41	5.336175600883315e+40	1.0030670915687382e+41	1.568598912975324e+41	1.8638431751101667e+41	2.04112251495602e+41	1.5476617566892387e+41	1.1135112677119596e+41	6.149308357688847e+40	1.4343298588421614e+41	1.9275752974340896e+41	2.04112251495602e+41	1.9964955104154553e+41
146200.0238584583	3.124108825029296e+41	4.995374351625251e+40	9.544897154204004e+40	1.5186647042302506e+41	1.824111524870587e+41	2.0245269431780445e+41	1.5702779271232593e+41	1.139268214861714e+41	6.346558382895667e+40	1.3828318854085544e+41	1.8923047749078928e+41	2.0245269431780445e+41	1.9958829749025292e+41
150024.69393016648	3.1140031905405732e+41	4.682868185822998e+40	9.098402669497079e+40	1.471774670775877e+41	1.7855980978867693e+41	2.0065091655242623e+41	1.5906603253015732e+41	1.1638749164764586e+41	6.542448455091683e+40	1.334845346470274e+41	1.8576280939399843e+41	2.0065091655242623e+41	1.9928138818380457e+41
153984.7427869063	3.0985364633429193e+41	4.36700337286832e+40	8.622131234751631e+40	1.4187125609099332e+41	1.739924020825147e+41	1.9820379320352323e+41	1.6092207870909818e+41	1.1881284229025601e+41	6.742315737074692e+40	1.2813583162566845e+41	1.8157538613395467e+41	1.9820379320352323e+41	1.984642469514712e+41
158085.5483475749	3.0875358855264528e+41	4.0744476265280387e+40	8.178382819133673e+40	1.3690522701672388e+41	1.6971761035833757e+41	1.959497716181753e+41	1.6284198626238876e+41	1.2129516162197897e+41	6.947731584499675e+40	1.2313409023837037e+41	1.7766033614277397e+41	1.959497716181753e+41	1.9778017528740273e+41
162334.47528714623	3.0744568844268157e+41	3.8000729316792595e+40	7.750335471623622e+40	1.3189182672761814e+41	1.6520726815397171e+41	1.932775516974219e+41	1.644825878934477e+41	1.2365425747572919e+41	7.152886200616622e+40	1.1815051126462962e+41	1.7345791205052596e+41	1.932775516974219e+41	1.966528005275059e+41
166738.63189066344	3.0602926597619383e+41	3.5346841100333917e+40	7.327164434806651e+40	1.2682302327571747e+41	1.6056411947065794e+41	1.903975579931445e+41	1.659614238771141e+41	1.2593125861389844e+41	7.357559885377286e+40	1.1314082695967e+41	1.691020191314897e+41	1.903975579931445e+41	1.953020904698911e+41
171304.59234970008	3.0460053916489807e+41	3.279474366900785e+40	6.908925527067178e+40	1.2164274147328835e+41	1.5570177302378315e+41	1.8724736864210188e+41	1.6738987702006323e+41	1.2825416092317478e+41	7.570728359460448e+40	1.0806497438071948e+41	1.645041086286153e+41	1.8724736864210188e+41	1.937205112105501e+41
176041.15745879317	3.0321351098172272e+41	3.043364275065234e+40	6.514268268657886e+40	1.1662143278573919e+41	1.5087763392173326e+41	1.8396089657893588e+41	1.6862737336042414e+41	1.3047836896800392e+41	7.783559471446025e+40	1.0318111679604963e+41	1.5990366938607428e+41	1.8396089657893588e+41	1.919305357811372e+41
180955.98356092875	3.017938418732597e+41	2.8219015752092312e+40	6.138560443536275e+40	1.1173509741855128e+41	1.4608568780090096e+41	1.805420130090804e+41	1.6964191291461265e+41	1.3256262576098325e+41	7.992923798272344e+40	9.845821402311873e+40	1.5529876379117298e+41	1.805420130090804e+41	1.8992976915564937e+41
186058.80858761206	3.003071159627057e+41	2.6122807719114747e+40	5.774215810983813e+40	1.0685417506097098e+41	1.4119059257672704e+41	1.769033545313084e+41	1.7048872067475947e+41	1.3457291120899254e+41	8.203214962425917e+40	9.377685392249067e+40	1.5055937177430344e+41	1.769033545313084e+41	1.876833916942262e+41
191358.81316787432	2.9879490760639482e+41	2.416589538580311e+40	5.428812648267483e+40	1.0213330184058577e+41	1.3637323584257138e+41	1.7318953982047407e+41	1.7111340119357633e+41	1.364195213226074e+41	8.407343489309238e+40	8.927380882135075e+40	1.4586589865787194e+41	1.7318953982047407e+41	1.852744961047378e+41
196865.8735598829	2.971393565067675e+41	2.2301922673968407e+40	5.093689733936193e+40	9.743457251646833e+40	1.314732557009786e+41	1.6924887153645188e+41	1.7149180610855752e+41	1.3812202867677518e+41	8.608601753803431e+40	8.482327172795305e+40	1.4105548747292633e+41	1.6924887153645188e+41	1.8258320054680915e+41
202591.6965574651	2.9542372545770665e+41	2.053168280322019e+40	4.768327360597299e+40	9.276547489765263e+40	1.2651786809489885e+41	1.6512949787810087e+41	1.7167228676519627e+41	1.397280591327379e+41	8.81103970879117e+40	8.042702886952468e+40	1.3616124162888037e+41	1.6512949787810087e+41	1.7966134996945376e+41
208548.43466470527	2.9374731490942824e+41	1.889469595635288e+40	4.46356633646798e+40	8.831026250935428e+40	1.2170455863939841e+41	1.6098698563763072e+41	1.716568909614315e+41	1.411951294367921e+41	9.00909757718202e+40	7.62547949406929e+40	1.3137674388369962e+41	1.6098698563763072e+41	1.7661553488906004e+41
214748.7849274853	2.918728510290196e+41	1.7342058862299673e+40	4.1651416403432127e+40	8.375488279859844e+40	1.1663573324614061e+41	1.5645090713912042e+41	1.7144078382483124e+41	1.4259805396232085e+41	9.209552119969874e+40	7.203598471011873e+40	1.2629470004046656e+41	1.5645090713912042e+41	1.7317864150804584e+41
221206.45272134087	2.9015221967538912e+41	1.58799950795572e+40	3.882067647429815e+40	7.943570662164983e+40	1.118208936843192e+41	1.5207906767533502e+41	1.7107048284488483e+41	1.4386229738920037e+41	9.407023566826872e+40	6.803513150874839e+40	1.2145908745984928e+41	1.5207906767533502e+41	1.6978874006892827e+41
227936.4667396354	2.8812492136171435e+41	1.4527349448047517e+40	3.6131289998320663e+40	7.517878641062839e+40	1.0693648664748677e+41	1.4742618885419537e+41	1.7029191253999129e+41	1.4483227422335184e+41	9.592111892280288e+40	6.413073682441497e+40	1.1650708227762767e+41	1.4742618885419537e+41	1.660143432519305e+41
234954.46234445952	2.8616194361134886e+41	1.328121060704261e+40	3.361643633223461e+40	7.1145657012168185e+40	1.0226428202613903e+41	1.4289459874768386e+41	1.6937197062529927e+41	1.4563200449805746e+41	9.76575917818052e+40	6.044357059371598e+40	1.1175446783694596e+41	1.4289459874768386e+41	1.622700614577156e+41
242278.04384129983	2.8430003184345336e+41	1.2129728244602368e+40	3.124774625360911e+40	6.727078276115245e+40	9.771238444839975e+40	1.3838092884934039e+41	1.6831954921376205e+41	1.4633888304630373e+41	9.938881123803396e+40	5.691869513714188e+40	1.0710355603813469e+41	1.3838092884934039e+41	1.5846984810666087e+41
249926.07017435078	2.8242318641778793e+41	1.1073370403982488e+40	2.9027862492097526e+40	6.355063906850761e+40	9.32629456975827e+40	1.3383900133359464e+41	1.6705981624886297e+41	1.468813940986824e+41	1.010531322687956e+41	5.355567876799858e+40	1.0253073553574425e+41	1.3383900133359464e+41	1.5455121653671185e+41
257919.38124391588	2.8075206377390625e+41	1.0120749842425217e+40	2.69773804755814e+40	6.004124604168736e+40	8.901441262489434e+40	1.294281371222282e+41	1.6573406795395816e+41	1.473509079169113e+41	1.027009791635665e+41	5.039845709400698e+40	9.814883889392322e+40	1.294281371222282e+41	1.506935192591511e+41
266279.9312177869	2.7935961914186513e+41	9.26847214607239e+39	2.5109818110791155e+40	5.677613772187005e+40	8.49941780800356e+40	1.251427436944168e+41	1.6434671944793943e+41	1.4778844049987393e+41	1.0438725554707795e+41	4.74777448559285e+40	9.39795116865905e+40	1.251427436944168e+41	1.4687470657219663e+41
275032.0839452427	2.7795964658170798e+41	8.516825722804632e+39	2.343045293098856e+40	5.377770649364768e+40	8.124945842474713e+40	1.2105860914186896e+41	1.6277606552741351e+41	1.479322690507574e+41	1.0581922626137753e+41	4.480953950489826e+40	9.00784611227153e+40	1.2105860914186896e+41	1.431542170689457e+41
284202.3553329505	2.773602281078102e+41	7.85600536295524e+39	2.1927474542427036e+40	5.106694705715317e+40	7.785661692719035e+40	1.1736788044184845e+41	1.6152974479571925e+41	1.4836462533078748e+41	1.0749153654127638e+41	4.24013670312419e+40	8.654383245258564e+40	1.1736788044184845e+41	1.398196953492951e+41
293819.32108230947	2.7702106702635697e+41	7.284068668779043e+39	2.0602515938166e+40	4.862601912353916e+40	7.475718835526937e+40	1.1393081336518506e+41	1.6029586075788111e+41	1.4872413064713576e+41	1.0907302146644859e+41	4.024452932974861e+40	8.330105639179042e+40	1.1393081336518506e+41	1.3667437447127954e+41
303915.2234890828	2.7714244541114897e+41	6.783322348920516e+39	1.943153445156234e+40	4.644447437893495e+40	7.196152026157702e+40	1.1077833873427157e+41	1.5911620520179434e+41	1.4910502562060912e+41	1.1071498180946483e+41	3.8322632167183033e+40	8.0366685410797775e+40	1.1077833873427157e+41	1.3374948337466871e+41
314524.4284783955	2.777084874057813e+41	6.329648798183362e+39	1.8372410169802627e+40	4.448158996935326e+40	6.945951677766656e+40	1.079844599857724e+41	1.5813946594743478e+41	1.4954996783366787e+41	1.1233702967917301e+41	3.6590572606454147e+40	7.774552665006644e+40	1.079844599857724e+41	1.3117930227058843e+41
325685.0886608154	2.7879742461030293e+41	5.919999460285367e+39	1.7405012459255663e+40	4.2679782361120213e+40	6.71686215330632e+40	1.0545623546093132e+41	1.5740646521235737e+41	1.5017959671134574e+41	1.1407537704572264e+41	3.500109775117713e+40	7.534960206825426e+40	1.0545623546093132e+41	1.2889000804152394e+41
337439.39621291566	2.7988446320670646e+41	5.518949571199413e+39	1.6463589778237028e+40	4.0917351881983747e+40	6.490211416046377e+40	1.0289363720034648e+41	1.5653627838560665e+41	1.5069949207988044e+41	1.157806047217449e+41	3.3450481312013665e+40	7.296846523679558e+40	1.0289363720034648e+41	1.2651858329792004e+41
349833.8786033676	2.810705541450883e+41	5.1227495631335055e+39	1.5521814529872403e+40	3.9147383045465986e+40	6.26371101153274e+40	1.0036682367407816e+41	1.557084027141231e+41	1.5122750364767251e+41	1.1748442415468642e+41	3.189274831998902e+40	7.059475552676263e+40	1.0036682367407816e+41	1.2420350646307786e+41
362919.79574369034	2.820596276680711e+41	4.69340360564824e+39	1.4499608814881156e+40	3.7227739216356543e+40	6.01784628831249e+40	9.761196601713748e+40	1.5474086504365243e+41	1.5169353989124329e+41	1.1919968705359754e+41	3.020315448223452e+40	6.8016511294877e+40	9.761196601713748e+40	1.2166488309626559e+41
376754.55514697084	2.8179195218763315e+41	4.235614811447638e+39	1.337921678288722e+40	3.5049711887012897e+40	5.731253973632406e+40	9.42372371388603e+40	1.5292724034486982e+41	1.5140497450842987e+41	1.2043673313793905e+41	2.830355046212985e+40	6.498342846782407e+40	9.42372371388603e+40	1.1838917173605866e+41
391401.7849115443	2.803928517592892e+41	3.73894077629395e+39	1.2135552699249684e+40	3.2580962988653416e+40	5.401870593000433e+40	9.02667261799517e+40	1.504495156932505e+41	1.505650012921048e+41	1.2132128689027703e+41	2.6161210349684195e+40	6.148177372360626e+40	9.02667261799517e+40	1.1444688334456935e+41
406932.4009118732	2.7723983845962665e+41	3.214321346539637e+39	1.0765283964961468e+40	2.9728026526131725e+40	5.008431457158247e+40	8.529721731389671e+40	1.468282986247495e+41	1.4883236416872732e+41	1.2170655863680173e+41	2.371529286341874e+40	5.725683634415976e+40	8.529721731389671e+40	1.0934456518986673e+41
423426.2795277665	2.7176122965378072e+41	2.6716954225104048e+39	9.293280008132346e+39	2.6550163100741487e+40	4.559469378711303e+40	7.940297779930023e+40	1.4176229387641538e+41	1.4574597176470591e+41	1.2115594458462937e+41	2.1014742863197577e+40	5.239849929452587e+40	7.940297779930023e+40	1.0308609060270748e+41
440972.59911867173	2.636434359455738e+41	2.130797926851695e+39	7.755673648135081e+39	2.3074281459179157e+40	4.053769073318987e+40	7.248889311486765e+40	1.3509917593077145e+41	1.4118151634684145e+41	1.1955000357246147e+41	1.80937206505091e+40	4.687800182713883e+40	7.248889311486765e+40	9.55300986824413e+40
459672.4493111915	2.52871215757766e+41	1.6225660756023976e+39	6.225255356206518e+39	1.9422761508460043e+40	3.5050793228503143e+40	6.466980593548694e+40	1.2679835559760611e+41	1.35053656182777e+41	1.1681448779833828e+41	1.5063961172035534e+40	4.0832435903310825e+40	6.466980593548694e+40	8.675027638791381e+40
479640.25246814865	2.393484228515998e+41	1.170114736619836e+39	4.774548898320039e+39	1.5749510901052619e+40	2.933207083508413e+40	5.61490398354614e+40	1.1684139114991037e+41	1.2722343586478236e+41	1.1275537855763966e+41	1.2058701880752278e+40	3.4467566734517503e+40	5.61490398354614e+40	7.690853746088246e+40
501006.11672620894	2.2314822751723477e+41	7.915929206113547e+38	3.469212723197292e+39	1.22143022799701e+40	2.360210603926946e+40	4.716778900847358e+40	1.0525899852915839e+41	1.1763014840277643e+41	1.0726553516279824e+41	9.212004718815341e+39	2.801643300129807e+40	4.716778900847358e+40	6.62051541662127e+40
523917.4697962408	2.048011477532865e+41	5.007494596372946e+38	2.369942512430341e+39	8.997783390680489e+39	1.8153684750514883e+40	3.816050848753488e+40	9.242645412584642e+40	1.0645927005286524e+41	1.003242216107928e+41	6.66777575027115e+39	2.1806419871382027e+40	3.816050848753488e+40	5.512162804536744e+40
548545.2647179442	1.851654791802572e+41	3.0657227854982268e+38	1.5175573666314676e+39	6.252124556980946e+39	1.3256099287381105e+40	2.9551625478469494e+40	7.874430051136884e+40	9.3947825265519e+40	9.197505580639846e+40	4.5418462990059235e+39	1.6144145582976593e+40	2.9551625478469494e+40	4.413776790491007e+40
575085.598086353	1.647143124178121e+41	2.1643184854099265e+38	9.25254610621706e+38	4.0599579239076446e+39	9.089689728758967e+39	2.1693473627534455e+40	6.473246697778933e+40	8.05078715300341e+40	8.241132779427628e+40	2.8909440066950396e+39	1.1245735373050452e+40	2.1693473627534455e+40	3.3707606662401464e+40
603765.8433932788	1.4145626953735242e+41	2.1950898068061165e+38	5.846603283555269e+38	2.4780131307907485e+39	5.824661484223705e+39	1.4975722660143578e+40	5.09928750219995e+40	6.661846763145901e+40	7.187371018407819e+40	1.7448760924366872e+39	7.325761511697094e+39	1.4975722660143578e+40	2.435269790658304e+40
634851.1916271014	1.1842965894658887e+41	2.8647107814533565e+38	4.58466853959821e+38	1.4803926118188326e+39	3.4985456399909364e+39	9.625539167503872e+39	3.812185775872925e+40	5.2796431237412e+40	6.063802356163945e+40	1.0683836247720992e+39	4.45361602690126e+39	9.625539167503872e+39	1.6459961896196152e+40
668652.4387590415	9.727481026306767e+40	3.945209206772983e+38	4.96055509779389e+38	9.962762107901695e+38	2.073476085364152e+39	5.758108482965187e+39	2.6715294141166286e+40	3.967553290713558e+40	4.913270170328143e+40	7.909412711686874e+38	2.6137624106551905e+39	5.758108482965187e+39	1.0302874190884296e+40
705537.5464850113	7.763145746328567e+40	4.6979500458071104e+38	5.84294305949213e+38	8.549322438204e+38	1.3737346895516504e+39	3.319002623622738e+39	1.7305997276505817e+40	2.788714604220161e+40	3.7841314747686893e+40	7.544571647300361e+38	1.6422172515468368e+39	3.319002623622738e+39	5.997484583002645e+39
745944.3756555923	5.996502831180256e+40	4.6684435461937766e+38	6.106579988477879e+38	8.243220915188277e+38	1.0877561302354594e+39	2.0000908438093456e+39	1.023873272406901e+40	1.8028074385778036e+40	2.7304766037376888e+40	7.601063877979366e+38	1.2126370877519204e+39	2.0000908438093456e+39	3.363076002863552e+39
790399.1081957046	4.474453455786297e+40	4.085706641783603e+38	5.533825611169943e+38	7.53686125403126e+38	9.277653150470955e+38	1.3529571915328869e+39	5.539670790276369e+39	1.0566835205034617e+40	1.8184184117817663e+40	6.99075158593818e+38	9.940811055658776e+38	1.3529571915328869e+39	1.9554716623883833e+39
839540.4091641525	3.2496902463852735e+40	3.3962381883395535e+38	4.645972488703771e+38	6.4121989471310956e+38	7.805548489677065e+38	1.0224426159519613e+39	2.8926646197227884e+39	5.679555866278475e+39	1.1119886489438574e+40	5.935118859752993e+38	8.264044417955443e+38	1.0224426159519613e+39	1.2832651899646887e+39
894151.8971935565	2.3512186393887494e+40	2.7836915514562495e+38	3.809313435939468e+38	5.28143561485563e+38	6.434479363569106e+38	8.172138204058975e+38	1.6352946340639988e+39	2.997348900252021e+39	6.42150724588453e+39	4.881939801295553e+38	6.799071819464364e+38	8.172138204058975e+38	9.548375642808741e+38
955206.7742885081	1.7483813337345844e+40	2.2643329016538032e+38	3.097520541951383e+38	4.309111089610827e+38	5.271540520535416e+38	6.692642335954203e+38	1.0906624649313288e+39	1.72834350345198e+39	3.738943235535572e+39	3.978189266269307e+38	5.5763436451803786e+38	6.692642335954203e+38	7.664616916957006e+38
1023930.3080640553	1.3584253638052653e+40	1.825382084229617e+38	2.4968620939141137e+38	3.484918244200774e+38	4.281077668680611e+38	5.4674281630390765e+38	8.198633022308655e+38	1.1369792474735797e+39	2.3237216309168518e+39	3.213502588734525e+38	4.535152869870626e+38	5.4674281630390765e+38	6.251951871581282e+38
1101889.0094990567	1.0930798807017024e+40	1.4555493449980743e+38	1.9909444639000468e+38	2.788229956972036e+38	3.440447272451668e+38	4.428434031125248e+38	6.469552842399848e+38	8.170664895510157e+38	1.532939933513268e+39	2.567925589436651e+38	3.650510537804006e+38	4.428434031125248e+38	5.084047913715108e+38
1191121.1152705043	8.932600346604457e+39	1.1458657514290694e+38	1.5671146219668539e+38	2.201694817060637e+38	2.728821030304197e+38	3.542990821429451e+38	5.191020152161762e+38	6.169522390475094e+38	1.0456724692777914e+39	2.025308105810864e+38	2.9002542852756957e+38	3.542990821429451e+38	4.094067056225828e+38
1294333.9344755702	7.30082054180021e+39	8.887150730518582e+37	1.2150578916261866e+38	1.7119869386953495e+38	2.1312315442410123e+38	2.7907556919485592e+38	4.147287417047207e+38	4.744765532601331e+38	7.20967667690182e+38	1.5730207410833817e+38	2.2688523764180533e+38	2.7907556919485592e+38	3.246681195028148e+38
1415212.6647105783	5.918747687203302e+39	6.773290396909625e+37	9.257173595329403e+37	1.3074092148934967e+38	1.6348866739959691e+38	2.1601275557350776e+38	3.27876149057509e+38	3.6844209191363346e+38	5.014706223944773e+38	1.1999964462485038e+38	1.743484295216925e+38	2.1601275557350776e+38	2.5307793452902376e+38
1558923.8056898145	4.736112840353683e+39	5.0559815157904565e+37	6.9092288190167025e+37	9.773666235503997e+37	1.2274817665946364e+38	1.637898612844056e+38	2.550052841998435e+38	2.8546518472098363e+38	3.520469630116016e+38	8.962751620917978e+37	1.3114139941063922e+38	1.637898612844056e+38	1.9341861168531618e+38
1732978.3785031391	3.6995597186422034e+39	3.6799756393478495e+37	5.032105898188635e+37	7.1232581784730915e+37	8.979356807763823e+37	1.2102952237819253e+38	1.9284276593319367e+38	2.1414761397283323e+38	2.3935006158320046e+38	6.528398464199692e+37	9.610173864001323e+37	1.2102952237819253e+38	1.4414514706820314e+38
1926466.7380700966	2.840821460467786e+39	2.483404037234631e+37	3.4094287940076757e+37	4.825533074677262e+37	6.104362469252902e+37	8.340589436765352e+37	1.4116464540239943e+38	1.6211593787929306e+38	1.751080266473973e+38	4.421380588777496e+37	6.546680202011281e+37	8.340589436765352e+37	1.0080904067899283e+38
2141558.755727707	2.1919649612104847e+39	1.6633749721061025e+37	2.3054814835639243e+37	3.2636331408128687e+37	4.133139572231742e+37	5.698998792913178e+37	1.0176181920130887e+38	1.2121397114405576e+38	1.3308593475817822e+38	2.99084250835227e+37	4.4376076334886365e+37	5.698998792913178e+37	6.970841149643258e+37
2380666.596552662	1.6895086151268053e+39	1.1011263963450996e+37	1.552448841453124e+37	2.204169066334697e+37	2.790699937861494e+37	3.867262702124534e+37	7.22771037704664e+37	8.924494898031036e+37	1.0205793411058288e+38	2.0200968980242185e+37	2.997359462234849e+37	3.867262702124534e+37	4.772940703731638e+37
2646471.7575233155	1.3005925193306025e+39	7.172682855872916e+36	1.0380546665966884e+37	1.4861432246721074e+37	1.8812430073100097e+37	2.6114450629449e+37	5.063693551593119e+37	6.467973226644397e+37	7.771085698022714e+37	1.3611232991521208e+37	2.0203486797586128e+37	2.6114450629449e+37	3.2422628578598365e+37
2941955.1398908785	1.0001176508984231e+39	4.5755545768642385e+36	6.86701106271396e+36	9.990145788006077e+36	1.2666085428595882e+37	1.7579953810267666e+37	3.5042500839953282e+37	4.616995369285404e+37	5.836644824993098e+37	9.130681817804087e+36	1.3600801887441528e+37	1.7579953810267666e+37	2.189538420898001e+37
3270430.4792979024	7.683893790545205e+38	2.844030080133987e+36	4.474803245154256e+36	6.679336916354247e+36	8.51218654537512e+36	1.1814428837447317e+37	2.3993596611627704e+37	3.249213467696015e+37	4.31548036758533e+37	6.079698783683071e+36	9.143568648314377e+36	1.1814428837447317e+37	1.4728162025920455e+37
3635581.508555113	5.899515433140752e+38	1.713526948278537e+36	2.858646720667884e+36	4.42670960304667e+36	5.700316675125326e+36	7.93151936660176e+36	1.628440804973887e+37	2.2571398568733e+37	3.140587030600453e+37	4.0027627215485693e+36	6.131671380447836e+36	7.93151936660176e+36	9.884600466925535e+36
4041503.269848486	4.527174199078727e+38	9.95385246721372e+35	1.7812645988836126e+36	2.896130940238922e+36	3.7932377337800124e+36	5.317717296886856e+36	1.0977302780179707e+37	1.5500301566572725e+37	2.2507575136345425e+37	2.594127515537872e+36	4.09234935642012e+36	5.317717296886856e+36	6.626177741381311e+36
4492748.039683306	3.472682050103027e+38	5.544266051391863e+35	1.076967760378057e+36	1.8617164644877767e+36	2.4990272042251348e+36	3.555639819550615e+36	7.36466392333247e+36	1.0540673172281039e+37	1.5897833953756634e+37	1.6468412371958135e+36	2.709432154172708e+36	3.555639819550615e+36	4.4378864286964814e+36
