#t	Le	U	B	V	R	I	J	H	K	g	r	i	z
#----------------------------------------------- 
2.952510425708186	0.0	0.0	0.0	0.0	0.0	0.0	0.0	0.0	0.0	0.0	0.0	0.0	0.0
3.028650494421155	0.0	0.0	0.0	0.0	0.0	0.0	0.0	0.0	0.0	0.0	0.0	0.0	0.0
3.1248490466510397	0.0	0.0	0.0	0.0	0.0	0.0	0.0	0.0	0.0	0.0	0.0	0.0	0.0
3.228601970878131	0.0	0.0	0.0	0.0	0.0	0.0	0.0	0.0	0.0	0.0	0.0	0.0	0.0
3.3388589944530227	0.0	0.0	0.0	0.0	0.0	0.0	0.0	0.0	0.0	0.0	0.0	0.0	0.0
3.455712436693874	0.0	0.0	0.0	0.0	0.0	0.0	0.0	0.0	0.0	0.0	0.0	0.0	0.0
3.579504933055791	0.0	0.0	0.0	0.0	0.0	0.0	0.0	0.0	0.0	0.0	0.0	0.0	0.0
3.7106795822008	0.0	0.0	0.0	0.0	0.0	0.0	0.0	0.0	0.0	0.0	0.0	0.0	0.0
3.849742967682576	0.0	0.0	0.0	0.0	0.0	0.0	0.0	0.0	0.0	0.0	0.0	0.0	0.0
3.9972548800697263	0.0	0.0	0.0	0.0	0.0	0.0	0.0	0.0	0.0	0.0	0.0	0.0	0.0
4.153826366721099	0.0	0.0	0.0	0.0	0.0	0.0	0.0	0.0	0.0	0.0	0.0	0.0	0.0
4.320120977249052	0.0	0.0	0.0	0.0	0.0	0.0	0.0	0.0	0.0	0.0	0.0	0.0	0.0
4.496857482493289	0.0	0.0	0.0	0.0	0.0	0.0	0.0	0.0	0.0	0.0	0.0	0.0	0.0
4.684813405868562	0.0	0.0	0.0	0.0	0.0	0.0	0.0	0.0	0.0	0.0	0.0	0.0	0.0
4.884829084603368	0.0	0.0	0.0	0.0	0.0	0.0	0.0	0.0	0.0	0.0	0.0	0.0	0.0
5.097812127673814	0.0	0.0	0.0	0.0	0.0	0.0	0.0	0.0	0.0	0.0	0.0	0.0	0.0
5.324742200067744	0.0	0.0	0.0	0.0	0.0	0.0	0.0	0.0	0.0	0.0	0.0	0.0	0.0
5.566676090022495	0.0	0.0	0.0	0.0	0.0	0.0	0.0	0.0	0.0	0.0	0.0	0.0	0.0
5.824753026813987	0.0	0.0	0.0	0.0	0.0	0.0	0.0	0.0	0.0	0.0	0.0	0.0	0.0
6.100200219885311	0.0	0.0	0.0	0.0	0.0	0.0	0.0	0.0	0.0	0.0	0.0	0.0	0.0
6.394338589452519	0.0	0.0	0.0	0.0	0.0	0.0	0.0	0.0	0.0	0.0	0.0	0.0	0.0
6.708588656129316	0.0	0.0	0.0	0.0	0.0	0.0	0.0	0.0	0.0	0.0	0.0	0.0	0.0
7.044476553709766	0.0	0.0	0.0	0.0	0.0	0.0	0.0	0.0	0.0	0.0	0.0	0.0	0.0
7.403640125758723	0.0	0.0	0.0	0.0	0.0	0.0	0.0	0.0	0.0	0.0	0.0	0.0	0.0
7.787835063657979	0.0	0.0	0.0	0.0	0.0	0.0	0.0	0.0	0.0	0.0	0.0	0.0	0.0
8.1989410417459	0.0	0.0	0.0	0.0	0.0	0.0	0.0	0.0	0.0	0.0	0.0	0.0	0.0
8.638967804586365	0.0	0.0	0.0	0.0	0.0	0.0	0.0	0.0	0.0	0.0	0.0	0.0	0.0
9.110061162634375	0.0	0.0	0.0	0.0	0.0	0.0	0.0	0.0	0.0	0.0	0.0	0.0	0.0
9.614508855913376	0.0	0.0	0.0	0.0	0.0	0.0	0.0	0.0	0.0	0.0	0.0	0.0	0.0
10.154746251064882	0.0	0.0	0.0	0.0	0.0	0.0	0.0	0.0	0.0	0.0	0.0	0.0	0.0
10.733361845316294	0.0	0.0	0.0	0.0	0.0	0.0	0.0	0.0	0.0	0.0	0.0	0.0	0.0
11.353102561544297	0.0	0.0	0.0	0.0	0.0	0.0	0.0	0.0	0.0	0.0	0.0	0.0	0.0
12.016878831431002	0.0	0.0	0.0	0.0	0.0	0.0	0.0	0.0	0.0	0.0	0.0	0.0	0.0
12.727769478314704	0.0	0.0	0.0	0.0	0.0	0.0	0.0	0.0	0.0	0.0	0.0	0.0	0.0
13.489026427160098	0.0	0.0	0.0	0.0	0.0	0.0	0.0	0.0	0.0	0.0	0.0	0.0	0.0
14.304079285373714	0.0	0.0	0.0	0.0	0.0	0.0	0.0	0.0	0.0	0.0	0.0	0.0	0.0
15.176539854155264	0.0	0.0	0.0	0.0	0.0	0.0	0.0	0.0	0.0	0.0	0.0	0.0	0.0
16.11020664484513	0.0	0.0	0.0	0.0	0.0	0.0	0.0	0.0	0.0	0.0	0.0	0.0	0.0
17.10906948747805	0.0	0.0	0.0	0.0	0.0	0.0	0.0	0.0	0.0	0.0	0.0	0.0	0.0
18.177314328788444	0.0	0.0	0.0	0.0	0.0	0.0	0.0	0.0	0.0	0.0	0.0	0.0	0.0
19.319328323685244	0.0	0.0	0.0	0.0	0.0	0.0	0.0	0.0	0.0	0.0	0.0	0.0	0.0
20.539705327446	0.0	0.0	0.0	0.0	0.0	0.0	0.0	0.0	0.0	0.0	0.0	0.0	0.0
21.843251895514683	0.0	0.0	0.0	0.0	0.0	0.0	0.0	0.0	0.0	0.0	0.0	0.0	0.0
23.23499389403704	0.0	0.0	0.0	0.0	0.0	0.0	0.0	0.0	0.0	0.0	0.0	0.0	0.0
24.72018381758895	0.0	0.0	0.0	0.0	0.0	0.0	0.0	0.0	0.0	0.0	0.0	0.0	0.0
26.304308901563743	0.0	0.0	0.0	0.0	0.0	0.0	0.0	0.0	0.0	0.0	0.0	0.0	0.0
27.9931001061239	0.0	0.0	0.0	0.0	0.0	0.0	0.0	0.0	0.0	0.0	0.0	0.0	0.0
29.792542037298617	0.0	0.0	0.0	0.0	0.0	0.0	0.0	0.0	0.0	0.0	0.0	0.0	0.0
31.708883859490513	0.0	0.0	0.0	0.0	0.0	0.0	0.0	0.0	0.0	0.0	0.0	0.0	0.0
33.74865124302697	0.0	0.0	0.0	0.0	0.0	0.0	0.0	0.0	0.0	0.0	0.0	0.0	0.0
35.91865938103771	0.0	0.0	0.0	0.0	0.0	0.0	0.0	0.0	0.0	0.0	0.0	0.0	0.0
38.22602710228588	0.0	0.0	0.0	0.0	0.0	0.0	0.0	0.0	0.0	0.0	0.0	0.0	0.0
40.67819210089627	0.0	0.0	0.0	0.0	0.0	0.0	0.0	0.0	0.0	0.0	0.0	0.0	0.0
43.28292730030508	0.0	0.0	0.0	0.0	0.0	0.0	0.0	0.0	0.0	0.0	0.0	0.0	0.0
46.04835836725535	0.0	0.0	0.0	0.0	0.0	0.0	0.0	0.0	0.0	0.0	0.0	0.0	0.0
48.98298239208118	0.0	0.0	0.0	0.0	0.0	0.0	0.0	0.0	0.0	0.0	0.0	0.0	0.0
52.095687753773426	0.0	0.0	0.0	0.0	0.0	0.0	0.0	0.0	0.0	0.0	0.0	0.0	0.0
55.39577519208013	0.0	0.0	0.0	0.0	0.0	0.0	0.0	0.0	0.0	0.0	0.0	0.0	0.0
58.89298011399911	0.0	0.0	0.0	0.0	0.0	0.0	0.0	0.0	0.0	0.0	0.0	0.0	0.0
62.597496168148176	0.0	0.0	0.0	0.0	0.0	0.0	0.0	0.0	0.0	0.0	0.0	0.0	0.0
66.52000012749902	0.0	0.0	0.0	0.0	0.0	0.0	0.0	0.0	0.0	0.0	0.0	0.0	0.0
70.67167812860171	0.0	0.0	0.0	0.0	0.0	0.0	0.0	0.0	0.0	0.0	0.0	0.0	0.0
75.06425332352248	0.0	0.0	0.0	0.0	0.0	0.0	0.0	0.0	0.0	0.0	0.0	0.0	0.0
79.71001500924423	0.0	0.0	0.0	0.0	0.0	0.0	0.0	0.0	0.0	0.0	0.0	0.0	0.0
84.62184930803785	0.0	0.0	0.0	0.0	0.0	0.0	0.0	0.0	0.0	0.0	0.0	0.0	0.0
89.81327148137724	0.0	0.0	0.0	0.0	0.0	0.0	0.0	0.0	0.0	0.0	0.0	0.0	0.0
95.29845996922548	0.0	0.0	0.0	0.0	0.0	0.0	0.0	0.0	0.0	0.0	0.0	0.0	0.0
101.09229225605979	0.0	0.0	0.0	0.0	0.0	0.0	0.0	0.0	0.0	0.0	0.0	0.0	0.0
107.21038267482146	0.0	0.0	0.0	0.0	0.0	0.0	0.0	0.0	0.0	0.0	0.0	0.0	0.0
113.66912227014569	0.0	0.0	0.0	0.0	0.0	0.0	0.0	0.0	0.0	0.0	0.0	0.0	0.0
120.48572085281329	0.0	0.0	0.0	0.0	0.0	0.0	0.0	0.0	0.0	0.0	0.0	0.0	0.0
127.6782513884722	0.0	0.0	0.0	0.0	0.0	0.0	0.0	0.0	0.0	0.0	0.0	0.0	0.0
135.26569687536087	0.0	0.0	0.0	0.0	0.0	0.0	0.0	0.0	0.0	0.0	0.0	0.0	0.0
143.26799987818484	0.0	0.0	0.0	0.0	0.0	0.0	0.0	0.0	0.0	0.0	0.0	0.0	0.0
151.70611489851632	0.0	0.0	0.0	0.0	0.0	0.0	0.0	0.0	0.0	0.0	0.0	0.0	0.0
160.6020637762852	0.0	0.0	0.0	0.0	0.0	0.0	0.0	0.0	0.0	0.0	0.0	0.0	0.0
169.9789943321399	0.0	0.0	0.0	0.0	0.0	0.0	0.0	0.0	0.0	0.0	0.0	0.0	0.0
179.8612424768418	0.0	0.0	0.0	0.0	0.0	0.0	0.0	0.0	0.0	0.0	0.0	0.0	0.0
190.27439803175017	0.0	0.0	0.0	0.0	0.0	0.0	0.0	0.0	0.0	0.0	0.0	0.0	0.0
201.24537452379596	0.0	0.0	0.0	0.0	0.0	0.0	0.0	0.0	0.0	0.0	0.0	0.0	0.0
212.802483239357	0.0	0.0	0.0	0.0	0.0	0.0	0.0	0.0	0.0	0.0	0.0	0.0	0.0
224.97551184427937	0.0	0.0	0.0	0.0	0.0	0.0	0.0	0.0	0.0	0.0	0.0	0.0	0.0
237.7958079024708	0.0	0.0	0.0	0.0	0.0	0.0	0.0	0.0	0.0	0.0	0.0	0.0	0.0
251.2963676530913	0.0	0.0	0.0	0.0	0.0	0.0	0.0	0.0	0.0	0.0	0.0	0.0	0.0
265.51193043595094	0.0	0.0	0.0	0.0	0.0	0.0	0.0	0.0	0.0	0.0	0.0	0.0	0.0
280.4790791875526	0.0	0.0	0.0	0.0	0.0	0.0	0.0	0.0	0.0	0.0	0.0	0.0	0.0
296.2363474662437	0.0	0.0	0.0	0.0	0.0	0.0	0.0	0.0	0.0	0.0	0.0	0.0	0.0
312.8243335047447	0.0	0.0	0.0	0.0	0.0	0.0	0.0	0.0	0.0	0.0	0.0	0.0	0.0
330.2858218318076	0.0	0.0	0.0	0.0	0.0	0.0	0.0	0.0	0.0	0.0	0.0	0.0	0.0
348.665913052326	0.0	0.0	0.0	0.0	0.0	0.0	0.0	0.0	0.0	0.0	0.0	0.0	0.0
368.0121624281131	0.0	0.0	0.0	0.0	0.0	0.0	0.0	0.0	0.0	0.0	0.0	0.0	0.0
388.374727959825	0.0	0.0	0.0	0.0	0.0	0.0	0.0	0.0	0.0	0.0	0.0	0.0	0.0
409.8065287344452	0.0	0.0	0.0	0.0	0.0	0.0	0.0	0.0	0.0	0.0	0.0	0.0	0.0
432.36341437379036	0.0	0.0	0.0	0.0	0.0	0.0	0.0	0.0	0.0	0.0	0.0	0.0	0.0
456.10434649794746	0.0	0.0	0.0	0.0	0.0	0.0	0.0	0.0	0.0	0.0	0.0	0.0	0.0
481.0915932042332	0.0	0.0	0.0	0.0	0.0	0.0	0.0	0.0	0.0	0.0	0.0	0.0	0.0
507.3909376586699	0.0	0.0	0.0	0.0	0.0	0.0	0.0	0.0	0.0	0.0	0.0	0.0	0.0
535.0719020037792	0.0	0.0	0.0	0.0	0.0	0.0	0.0	0.0	0.0	0.0	0.0	0.0	0.0
564.2079879076754	0.0	0.0	0.0	0.0	0.0	0.0	0.0	0.0	0.0	0.0	0.0	0.0	0.0
594.8769352192531	0.0	0.0	0.0	0.0	0.0	0.0	0.0	0.0	0.0	0.0	0.0	0.0	0.0
627.2035305598034	0.0	0.0	0.0	0.0	0.0	0.0	0.0	0.0	0.0	0.0	0.0	0.0	0.0
661.2708453821856	0.0	0.0	0.0	0.0	0.0	0.0	0.0	0.0	0.0	0.0	0.0	0.0	0.0
697.1710168863652	0.0	0.0	0.0	0.0	0.0	0.0	0.0	0.0	0.0	0.0	0.0	0.0	0.0
735.0009051320791	0.0	0.0	0.0	0.0	0.0	0.0	0.0	0.0	0.0	0.0	0.0	0.0	0.0
774.8623217585987	0.0	0.0	0.0	0.0	0.0	0.0	0.0	0.0	0.0	0.0	0.0	0.0	0.0
816.8622688049588	0.0	0.0	0.0	0.0	0.0	0.0	0.0	0.0	0.0	0.0	0.0	0.0	0.0
861.1131880234119	0.0	0.0	0.0	0.0	0.0	0.0	0.0	0.0	0.0	0.0	0.0	0.0	0.0
907.7332211122283	0.0	0.0	0.0	0.0	0.0	0.0	0.0	0.0	0.0	0.0	0.0	0.0	0.0
956.8464813152946	0.0	0.0	0.0	0.0	0.0	0.0	0.0	0.0	0.0	0.0	0.0	0.0	0.0
1008.5833372251601	0.0	0.0	0.0	0.0	0.0	0.0	0.0	0.0	0.0	0.0	0.0	0.0	0.0
1063.0807082108818	0.0	0.0	0.0	0.0	0.0	0.0	0.0	0.0	0.0	0.0	0.0	0.0	0.0
1120.48237318381	0.0	0.0	0.0	0.0	0.0	0.0	0.0	0.0	0.0	0.0	0.0	0.0	0.0
1180.939292730698	0.0	0.0	0.0	0.0	0.0	0.0	0.0	0.0	0.0	0.0	0.0	0.0	0.0
1244.6099454946873	0.0	0.0	0.0	0.0	0.0	0.0	0.0	0.0	0.0	0.0	0.0	0.0	0.0
1311.660679240875	0.0	0.0	0.0	0.0	0.0	0.0	0.0	0.0	0.0	0.0	0.0	0.0	0.0
1382.266077502398	1.1215022498093162e+34	3.335005898927621e+29	1.8363632890375998e+29	9.447271264164415e+28	6.012040143426421e+28	3.206518370120471e+28	7.942444431190691e+27	3.885735611890862e+27	1.4573639204199822e+27	1.1166195200854215e+29	5.243926873212839e+28	3.206518370120471e+28	2.1016073824150444e+28
1456.6093430421597	6.533309984294283e+35	2.174966571706024e+31	1.197852858847244e+31	6.163550972743824e+30	3.922755296331551e+30	2.0924490412996104e+30	5.1839115263820344e+29	2.5363311231171363e+29	9.513296066009391e+28	7.284696190499243e+30	3.421670618635244e+30	2.0924490412996104e+30	1.3715190592413886e+30
1534.8826973540472	2.198240448745089e+37	8.282916920334514e+32	4.562846206877163e+32	2.348305014729255e+32	1.494740748318897e+32	7.974230231086203e+31	1.9759932322242179e+31	9.668682877937379e+30	3.6268283253803417e+30	2.7753256427842457e+32	1.3038476090218627e+32	7.974230231086203e+31	5.227198498593388e+31
1617.287798838129	4.654200316037736e+38	1.9805745184610454e+34	1.0913089902316216e+34	5.617714796335697e+33	3.5762130526250057e+33	1.908125220398897e+33	4.729330943103912e+32	2.314279606491044e+32	8.681822898041446e+31	6.638923009613353e+33	3.1195980909996854e+33	1.908125220398897e+33	1.250895772235703e+33
1704.036179805364	6.603861924237289e+39	3.153850723555485e+35	1.7382018742290224e+35	8.949609823962879e+34	5.6979596206631e+34	3.0406228956758902e+34	7.537895820936974e+33	3.6889265273844965e+33	1.383980541423091e+33	1.057598584302661e+35	4.970598927730925e+34	3.0406228956758902e+34	1.9934729441252047e+34
1795.3497037010366	6.370382973064016e+40	3.485299845881863e+36	1.921434712546858e+36	9.895616115936412e+35	6.301176736562505e+35	3.363089572130887e+35	8.339552305039078e+34	4.081635285623738e+34	1.5314652679205955e+34	1.1693202888328386e+36	5.49703349525215e+35	3.363089572130887e+35	2.2050961860783426e+35
1891.4610436097178	4.545367856257518e+41	2.822493337206297e+37	1.5564721590637572e+37	8.018050047620533e+36	5.106335939974541e+36	2.725823265014163e+36	6.76107064720032e+35	3.3093854465414706e+35	1.2418298085664655e+35	9.474013869234402e+36	4.454849040848201e+36	2.725823265014163e+36	1.7874214562964735e+36
1992.614183044377	2.4177794817485296e+42	1.7239471655393674e+38	9.509835502833843e+37	4.900342441991924e+37	3.121315805836608e+37	1.666509562667031e+37	4.1348076235449003e+36	2.024106623828079e+36	7.596190618869284e+35	5.789787810272523e+37	2.723206827350891e+37	1.666509562667031e+37	1.0929064876295454e+37
2099.0649414525633	9.991565065172897e+42	8.161351935766806e+38	4.503559783971105e+38	2.321341695997704e+38	1.4788464261900028e+38	7.897276407481765e+37	1.9600100722248392e+37	9.595860115118329e+36	3.6016000739221645e+36	2.7424922215694253e+38	1.2902856302180392e+38	7.897276407481765e+37	5.179642472783064e+37
2211.0815265990655	3.249177938295636e+43	2.992719982753011e+39	1.651936000564065e+39	8.517179050855872e+38	5.4268363111034615e+38	2.8985343366070467e+38	7.195852242702317e+37	3.5233158224148997e+37	1.3225385414247463e+37	1.0061774919770795e+39	4.735085166586676e+38	2.8985343366070467e+38	1.901272557084753e+38
2328.945119130514	7.772955615719606e+43	8.043604748988193e+39	4.441322180311686e+39	2.2905260426607242e+39	1.459666558503143e+39	7.797645096813128e+38	1.936381976159403e+38	9.482097907441107e+37	3.5596453081940396e+37	2.7057416085216172e+39	1.2736589883059452e+39	7.797645096813128e+38	5.115324880542508e+38
2452.950491643844	1.2140335540901695e+44	1.4486116863952723e+40	8.00177049475453e+39	4.1282268914658795e+39	2.631289122537701e+39	1.4059780924550175e+39	3.492729112105704e+38	1.7105462782742365e+38	6.42237276268204e+37	4.8761724214234487e+39	2.2961049199020485e+39	1.4059780924550175e+39	9.224536100410145e+38
2583.4066452710103	1.336307299417402e+44	1.8148111933075743e+40	1.002835077287167e+40	5.175517389760439e+39	3.299446031006035e+39	1.7633809810224856e+39	4.3821099990915346e+38	2.1463812195672017e+38	8.059775979920856e+37	6.112733451681874e+39	2.8792982416484344e+39	1.7633809810224856e+39	1.15708569666588e+39
2720.637461213779	1.3365506664736009e+44	1.9990867995502304e+40	1.1049840454845835e+40	5.704181070816157e+39	3.637004904175971e+39	1.9441163708305652e+39	4.832539796311601e+38	2.367229282001912e+38	8.889945431049593e+37	6.73672711286215e+39	3.1739991453843996e+39	1.9441163708305652e+39	1.2758003931363713e+39
2864.9824051983064	1.297277229113431e+44	2.2546929228512247e+40	1.2468645191598964e+40	6.439353398924728e+39	4.1067366812056923e+39	2.1958138506914838e+39	5.460586211259634e+38	2.6752967187607526e+38	1.0048488901926456e+38	7.604228326520002e+39	3.584166548065341e+39	2.1958138506914838e+39	1.441197456958816e+39
3016.7972695273675	1.4469081471564355e+44	2.829850622194663e+40	1.565546776096408e+40	8.088011044452215e+39	5.15919382060024e+39	2.759175887613961e+39	6.864039052259202e+38	3.363319671652372e+38	1.2634395978046088e+38	9.55035386204576e+39	4.502943725884549e+39	2.759175887613961e+39	1.8111850496681002e+39
3176.454976654261	1.6726937461064806e+44	3.7030833478947203e+40	2.0495254887853714e+40	1.0592452917177602e+40	6.758190882178235e+39	3.6152343095863003e+39	8.997224393127091e+38	4.409182137337765e+38	1.6565610864914688e+38	1.2506497379510424e+40	5.898896051731494e+39	3.6152343095863003e+39	2.3734534811124944e+39
3344.3464102801177	1.7827965868585518e+44	4.53631862280249e+40	2.5119642649065385e+40	1.298833446353387e+40	8.288912178939951e+39	4.435380485559596e+39	1.104344569456768e+39	5.412847415425465e+38	2.0339919557673313e+38	1.533371236293449e+40	7.235489289390693e+39	4.435380485559596e+39	2.912370207296824e+39
3520.8812709299677	1.795196596528939e+44	5.315717345805966e+40	2.94526681776728e+40	1.5236692051678237e+40	9.726604850678106e+39	5.206439559355395e+39	1.2970179263936661e+39	6.358423420036421e+38	2.3897795468589492e+38	1.7985913689308148e+40	8.491143409266544e+39	5.206439559355395e+39	3.4193103690648177e+39
3706.4889878350273	1.8181449954527892e+44	6.355023059717001e+40	3.523490678532966e+40	1.8239007741741544e+40	1.1647116108834735e+40	6.236879905011091e+39	1.5546785392843017e+39	7.623235855084912e+38	2.8658015492787255e+38	2.152696032737367e+40	1.0168650683200181e+40	6.236879905011091e+39	4.0969443243581106e+39
3901.619699400557	1.814138785373373e+44	7.546957170546136e+40	4.187511867189611e+40	2.1690884991787833e+40	1.3856656104790976e+40	7.423297124171759e+39	1.8516960706891935e+39	9.081862753055775e+38	3.4150069147427576e+38	2.559713228145637e+40	1.2098962039467786e+40	7.423297124171759e+39	4.87748240350127e+39
4106.745275574777	1.823306324137697e+44	8.889813448114963e+40	4.936221451344994e+40	2.558583746889336e+40	1.6350818194954774e+40	8.763168741381283e+39	2.187378046236656e+39	1.073079834868512e+39	4.036035078949644e+38	3.0188975852024497e+40	1.4278167367082823e+40	8.763168741381283e+39	5.759207956186312e+39
4322.360411479911	1.77929772574958e+44	1.039581837571566e+41	5.777556736348531e+40	2.9970329982017463e+40	1.9161200710461137e+40	1.027460986567603e+40	2.5667125502381588e+39	1.2595326693502759e+39	4.738711761913021e+38	3.535586913654701e+40	1.6734313670482054e+40	1.027460986567603e+40	6.754461334595823e+39
4548.983763471333	1.6759942583066347e+44	1.1988415776209672e+41	6.669742865068508e+40	3.4631259250399243e+40	2.215285094578986e+40	1.1886059590175206e+40	2.9721417591769787e+39	1.4589846468122298e+39	5.4910485138249485e+38	4.084543604842311e+40	1.9349849553035321e+40	1.1886059590175206e+40	7.816495731647567e+39
4787.159154453793	1.5421150198383124e+44	1.3695922173859162e+41	7.629080812017809e+40	3.965583631815305e+40	2.538248482687425e+40	1.3628528675340135e+40	3.4116516286544204e+39	1.6753966890869974e+39	6.308111535426961e+38	4.675983531221638e+40	2.2174537073303463e+40	1.3628528675340135e+40	8.965919466604175e+39
5037.456858828749	1.3929393051864654e+44	1.5512390204452823e+41	8.652991742543902e+40	4.503410936171647e+40	2.884498021763679e+40	1.5500046257571065e+40	3.885060284992634e+39	1.908734249909502e+39	7.189984424267524e+38	5.308639100654253e+40	2.5204200181273083e+40	1.5500046257571065e+40	1.0201724999343679e+40
5300.474964611176	1.2652564360077886e+44	1.7524481077663947e+41	9.789807534295151e+40	5.101764483942537e+40	3.270149513517144e+40	1.7587235997240672e+40	4.4140937847224114e+39	2.1696744250951943e+39	8.176899750286555e+38	6.012163739336319e+40	2.8579663791050633e+40	1.7587235997240672e+40	1.1580937182199134e+40
5576.840831416503	1.2425422864633706e+44	2.010105141393708e+41	1.1242691692607687e+41	5.865182585008829e+40	3.761733968684324e+40	2.0244962661014515e+40	5.08665453395745e+39	2.5012221763613578e+39	9.430147688232766e+38	6.91011178865223e+40	3.2881246297276635e+40	2.0244962661014515e+40	1.3336145695699863e+40
5867.212677141045	1.2466473391456276e+44	2.312198827560637e+41	1.2946800492418366e+41	6.760919092607269e+40	4.3386355015215604e+40	2.3364669142399343e+40	5.876413577596043e+39	2.890595667283663e+39	1.0902177400278749e+39	7.963610391328134e+40	3.792966450432185e+40	2.3364669142399343e+40	1.539672100842034e+40
6172.2812034124345	1.2143574699659851e+44	2.6395125388691628e+41	1.4797782890616272e+41	7.735987622227961e+40	4.967389843414259e+40	2.676947867750914e+40	6.740205758135094e+39	3.3167919435561206e+39	1.2514666968759015e+39	9.109840020624961e+40	4.34336453151995e+40	2.676947867750914e+40	1.7647334751041863e+40
6492.77129883528	1.0764599228435115e+44	2.9178794358620304e+41	1.6389532402875258e+41	8.582606602206791e+40	5.516200788859867e+40	2.9759235741959057e+40	7.505759178230253e+39	3.6957395065067395e+39	1.3953135844574126e+39	1.0102893351240608e+41	4.824466738042541e+40	2.9759235741959057e+40	1.9630150991034496e+40
6829.443805634825	9.610597556853128e+43	3.2072032607836542e+41	1.8051298487678716e+41	9.469876074940527e+40	6.092576656924006e+40	3.290668856830477e+40	8.314682791452146e+39	4.0966728370552374e+39	1.5477072266379e+39	1.1142716159078953e+41	5.330021029845312e+40	3.290668856830477e+40	2.172031800393823e+40
7183.097522138075	8.93048504018062e+43	3.546219606895836e+41	1.999632007397587e+41	1.0507452192230005e+41	6.766278187047116e+40	3.658374197329614e+40	9.259016999243729e+39	4.564605512828905e+39	1.7255235477473936e+39	1.2358931079474517e+41	5.920869453665437e+40	3.658374197329614e+40	2.416151992207665e+40
7554.571304597337	8.468435350981424e+43	3.920804824723412e+41	2.2147368086591737e+41	1.1655880350280614e+41	7.512303135304657e+40	4.0657734612648716e+40	1.0306191307675718e+40	5.083656024020742e+39	1.9228272918581342e+39	1.3704826812556827e+41	6.575230124137563e+40	4.0657734612648716e+40	2.6867072136891353e+40
7944.746262974641	8.093788294067051e+43	4.3165020664636e+41	2.4424792655252674e+41	1.28741920118982e+41	8.304590473090283e+40	4.498977186696455e+40	1.142186228994925e+40	5.637035780381494e+39	2.1333276548553135e+39	1.5131975623870612e+41	7.270374973626108e+40	4.498977186696455e+40	2.974598965878815e+40
8354.548090899156	7.751231083583999e+43	4.720438209071812e+41	2.6756899889837197e+41	1.4125154209426727e+41	9.119327611177286e+40	4.945215019646082e+40	1.2574140731683605e+40	6.209101066942815e+39	2.3511415000997088e+39	1.6596462849238256e+41	7.985506278230326e+40	4.945215019646082e+40	3.271432580073588e+40
8784.949539139137	7.421695969620985e+43	5.120814686628196e+41	2.9077050101259806e+41	1.537372870435993e+41	9.933952025434977e+40	5.392291917263325e+40	1.3732198553159868e+40	6.784663230577355e+39	2.5705313882598928e+39	1.805707903539997e+41	8.700881519642843e+40	5.392291917263325e+40	3.5691565455475226e+40
9236.973040902545	7.100531415952423e+43	5.506480542553348e+41	3.1321334147565674e+41	1.658589110285217e+41	1.0726405581807228e+41	5.828194370793251e+40	1.4865310885443572e+40	7.348523378938158e+39	2.7857324290208465e+39	1.9473920011727616e+41	9.39716444061125e+40	5.828194370793251e+40	3.8598059784627526e+40
9711.693497248358	6.78946744968134e+43	5.868255516509838e+41	3.343616606408603e+41	1.773268831858477e+41	1.147777352613828e+41	6.242534533208513e+40	1.5946585646520638e+40	7.887324905983819e+39	2.9916581623444176e+39	2.0813140323754196e+41	1.005774076821921e+41	6.242534533208513e+40	4.136463086518985e+40
10210.241231678712	6.497857433760656e+43	6.202718794493796e+41	3.539994739887182e+41	1.880177725017588e+41	1.2179775004498628e+41	6.630640173705797e+40	1.696348933872371e+40	8.394775352351273e+39	3.185887774771823e+39	2.2060481642055377e+41	1.0675287741296087e+41	6.630640173705797e+40	4.395973953192621e+40
10733.805124689365	6.248932118757839e+43	6.516681107060887e+41	3.724873057932103e+41	1.9811141400926745e+41	1.2843688189324385e+41	6.998443368926029e+40	1.793050714360235e+40	8.877943538513041e+39	3.3710695354502775e+39	2.323734071367181e+41	1.1259607311833009e+41	6.998443368926029e+40	4.64220247384585e+40
11283.635941739381	6.035983771166446e+43	6.8239186681261085e+41	3.905722621639066e+41	2.0798851375649965e+41	1.349368132790696e+41	7.35884225460761e+40	1.8879911904813093e+40	9.352723154857338e+39	3.553215730840777e+39	2.438879069304407e+41	1.1831775480819758e+41	7.35884225460761e+40	4.883621061453756e+40
11861.049855446707	5.742315419852342e+43	7.136899843233516e+41	4.088710553310336e+41	2.179299367435992e+41	1.414636366661421e+41	7.71999746748615e+40	1.9829995003465896e+40	9.827891462750628e+39	3.735592280565879e+39	2.5549024700945405e+41	1.240599346934164e+41	7.71999746748615e+40	5.125361883307333e+40
12467.432137145015	5.481045889821416e+43	7.483249338096112e+41	4.290347236891969e+41	2.287794479878481e+41	1.4853021025450736e+41	8.106677265749474e+40	2.0827695372513226e+40	1.0323822812018406e+40	3.9249673436913466e+39	2.6818717131454088e+41	1.302616524595319e+41	8.106677265749474e+40	5.382415145351755e+40
13104.241128209664	5.254567073541103e+43	7.854424256462909e+41	4.5101263772538505e+41	2.408204878021767e+41	1.5645859411251517e+41	8.54584288001019e+40	2.197563520583139e+40	1.0894617111192627e+40	4.1421607083943633e+39	2.822171944108185e+41	1.3724040201410172e+41	8.54584288001019e+40	5.676108255507181e+40
13773.012422773378	5.029263974864533e+43	8.234725605030132e+41	4.7362063717063534e+41	2.532540186383885e+41	1.646664800421879e+41	9.00228330649614e+40	2.318195680940509e+40	1.1498334710615208e+40	4.373907395374826e+39	2.9669100218972227e+41	1.4447102924105248e+41	9.00228330649614e+40	5.982272973319061e+40
14475.363277611075	4.803693421213607e+43	8.622260210258787e+41	4.9675797303237496e+41	2.6602470761687202e+41	1.7311324060438444e+41	9.47302198599215e+40	2.4430127053989244e+40	1.2123692407699718e+40	4.614231719591275e+39	3.1154521433718156e+41	1.519159359480119e+41	9.47302198599215e+40	6.298399926496734e+40
15212.997284712003	4.576222000164699e+43	9.014409316418342e+41	5.202879255371841e+41	2.7906627598941956e+41	1.817583093861181e+41	9.956002792083568e+40	2.571551916284772e+40	1.2768514259694054e+40	4.8623528870875104e+39	3.2670032634175813e+41	1.5954014086022088e+41	9.956002792083568e+40	6.6231835246096e+40
15987.709311131788	4.344957283205249e+43	9.407587273519147e+41	5.440203187924175e+41	2.922849584806926e+41	1.9054366419848034e+41	1.04482423372735e+41	2.7031232672462415e+40	1.3429517213315214e+40	5.1170771729409057e+39	3.4204433057663937e+41	1.6729344915206029e+41	1.04482423372735e+41	6.954712284789139e+40
16801.39071930835	4.108134908326313e+43	9.797239879747884e+41	5.6771120201241606e+41	3.0555925590806894e+41	1.9939364589760404e+41	1.0945819142165795e+41	2.8368063695698283e+40	1.4102296297869385e+40	5.376792319763648e+39	3.574324443931838e+41	1.7511028943045805e+41	1.0945819142165795e+41	7.29046139750521e+40
17656.03488185316	3.8645584461820155e+43	1.0177984316154182e+42	5.910703007974849e+41	3.1874367111226783e+41	2.08217306699714e+41	1.144399736611972e+41	2.971480704705884e+40	1.478147191727017e+40	5.639522629678541e+39	3.726915502643264e+41	1.8291175571407197e+41	1.144399736611972e+41	7.627373353585468e+40
18553.743005705477	3.6139658697857917e+43	1.0543864510191115e+42	6.137748113642257e+41	3.316756995844257e+41	2.1691282614376536e+41	1.1937460572813241e+41	3.105882986086064e+40	1.5460969768178273e+40	5.903033719006609e+39	3.876284853385476e+41	1.9060945198811852e+41	1.1937460572813241e+41	7.962010594375814e+40
19496.730281510063	3.3572228923100593e+43	1.0888667978063497e+42	6.35486575301263e+41	3.441845549915674e+41	2.253730291942098e+41	1.2420604145996377e+41	3.2386789907778932e+40	1.61343714437028e+40	6.164963741880063e+39	4.020403828740079e+41	1.981102975965029e+41	1.2420604145996377e+41	8.290746550019257e+40
20487.332375098606	3.096303120984988e+43	1.1206245051582046e+42	6.5586938261963175e+41	3.560999583191337e+41	2.3349094390004608e+41	1.2887829760402504e+41	3.368535883173496e+40	1.6795267424181865e+40	6.422955503733452e+39	4.1572508956270445e+41	2.053213669184172e+41	1.2887829760402504e+41	8.609958006700104e+40
21528.01227897821	2.8340780419521236e+43	1.1490784527141134e+42	6.746038689673271e+41	3.6725968648548384e+41	2.411645688599666e+41	1.3333797682523873e+41	3.494184098715694e+40	1.7437559027699543e+40	6.67476945182145e+39	4.284901173116626e+41	2.1215403967371272e+41	1.3333797682523873e+41	8.916189833684293e+40
22621.36754273663	2.573982972854902e+43	1.1737020805100713e+42	6.913986284749724e+41	3.775151692299725e+41	2.4830039742467457e+41	1.3753612721334813e+41	3.61446280111242e+40	1.8055680050834063e+40	6.918366575518698e+39	4.401592893449025e+41	2.185270665901206e+41	1.3753612721334813e+41	9.20627622132693e+40
23770.13790226533	2.3196396678407563e+43	1.1940367280052582e+42	7.059972478161485e+41	3.867349800878684e+41	2.548155996330814e+41	1.4142938501683695e+41	3.728347580681901e+40	1.8644731568785216e+40	7.151958764410608e+39	4.505768991026725e+41	2.2436846388326676e+41	1.4142938501683695e+41	9.477414924135764e+40
24977.21332869938	2.0745065300485133e+43	1.2096984301937944e+42	7.181817149200152e+41	3.948064519419607e+41	2.6063900751197e+41	1.449804776408805e+41	3.834962279791163e+40	1.920053908900217e+40	7.374030061346667e+39	4.596096551561663e+41	2.296163633241663e+41	1.449804776408805e+41	9.727199535937642e+40
26245.64251900615	1.8416040166641935e+43	1.220379675414891e+42	7.277730281413651e+41	4.0163583957186e+41	2.6571117151586295e+41	1.4815822904830436e+41	3.933578439935256e+40	1.9719649112760695e+40	7.583335191571076e+39	4.671469121588992e+41	2.342190511999592e+41	1.4815822904830436e+41	9.953619088082998e+40
27578.641851251752	1.6233365258031089e+43	1.2258477730206736e+42	7.346299131846032e+41	4.07147494165879e+41	2.699837830722638e+41	1.5093722423513064e+41	4.0236062247463687e+40	2.0199283917368504e+40	7.778882407624597e+39	4.7309973801527296e+41	2.3813445320617785e+41	1.5093722423513064e+41	1.0155035214345254e+41
28979.604828759744	1.4214101406998541e+43	1.2259413050403343e+42	7.386464620746674e+41	4.1128246770062806e+41	2.734187284258902e+41	1.5329727364722247e+41	4.104580283524162e+40	2.0637271467628056e+40	7.959906976571055e+39	4.773993116537092e+41	2.4132929637417834e+41	1.5329727364722247e+41	1.0330146092233349e+41
30452.112038665528	1.2368312711253244e+43	1.2205658216744946e+42	7.397493386507198e+41	4.139968786579318e+41	2.7598698418343835e+41	1.5522278927423416e+41	4.176143300878241e+40	2.1031963851644327e+40	8.125840320016371e+39	4.799950434253209e+41	2.4377813138677344e+41	1.5522278927423416e+41	1.0477944463817136e+41
31999.94165177266	1.0699645032998689e+43	1.209689601387851e+42	7.378950121636146e+41	4.152602775450215e+41	2.776675060194244e+41	1.567021528230322e+41	4.2380292045230226e+40	2.1382153855553357e+40	8.276278401160382e+39	4.808526999863031e+41	2.4546234727057966e+41	1.567021528230322e+41	1.0597674988222344e+41
33627.08049213734	9.206271454716537e+42	1.1933399928845338e+42	7.330673179559538e+41	4.150541683256689e+41	2.7844620987465344e+41	1.5772712867998138e+41	4.2900473196519595e+40	2.168699595034627e+40	8.410951701206789e+39	4.799527178993075e+41	2.4636926503606955e+41	1.5772712867998138e+41	1.0688794365589783e+41
35337.73570644478	7.882008210208151e+42	1.1716006106737479e+42	7.252755143187648e+41	4.133707766114881e+41	2.783151037850325e+41	1.582923525244798e+41	4.332068219247525e+40	2.1945935328587564e+40	8.529698139839394e+39	4.772888127199526e+41	2.464913609649396e+41	1.582923525244798e+41	1.075093624306949e+41
37136.347064996	6.717450356981433e+42	1.1446094690285247e+42	7.145529079703486e+41	4.102121076427001e+41	2.7727159845711704e+41	1.5839491059126421e+41	4.364011628716354e+40	2.215864671699875e+40	8.632439577738689e+39	4.72866933400588e+41	2.4582564413060834e+41	1.5839491059126421e+41	1.0783881876513986e+41
39027.599927993746	5.7010250513606e+42	1.112558001602071e+42	7.009560520953241e+41	4.055893041578044e+41	2.7531800426219106e+41	1.5803401385788293e+41	4.385836479896732e+40	2.2324983402678275e+40	8.719162055863837e+39	4.667045724112571e+41	2.4437319499506356e+41	1.5803401385788293e+41	1.0787536822336247e+41
41016.438912801976	4.81990330068398e+42	1.0756908135483034e+42	6.845644736889825e+41	3.995222927655427e+41	2.724612092883175e+41	1.5721076471689158e+41	4.397533045901948e+40	2.2444936110171887e+40	8.789899625563271e+39	4.588304159523126e+41	2.4213886067228612e+41	1.5721076471689158e+41	1.0761913498247881e+41
43108.08229995408	4.060744744607215e+42	1.0343059381103322e+42	6.654808544374305e+41	3.920396940216695e+41	2.6871252535559706e+41	1.5592800986898482e+41	4.399116997334332e+40	2.251860092147181e+40	8.844721456017034e+39	4.492843020125869e+41	2.3913109584812205e+41	1.5592800986898482e+41	1.0707119206969205e+41
45308.03721790401	3.4102737422073316e+42	9.887553110791414e+41	6.438315659466446e+41	3.831789632143163e+41	2.640876846702185e+41	1.541902713049782e+41	4.390625179349088e+40	2.2546155230256795e+40	8.883721829509681e+39	4.38117443411654e+41	2.353619348416023e+41	1.541902713049782e+41	1.0623349102545972e+41
47622.115648852254	2.8556999462233544e+42	9.39445128076574e+41	6.197674415456544e+41	3.729867236263629e+41	2.5860696766051203e+41	1.5200374659983011e+41	4.372112900269404e+40	2.2527840679646104e+40	8.90701261856442e+39	4.2539286568976245e+41	2.3084707866319688e+41	1.5200374659983011e+41	1.0510883547288271e+41
50056.4513004414	2.385004497622626e+42	8.868357082084021e+41	5.934646501472415e+41	3.6151925008948444e+41	2.5229544144695764e+41	1.4937636977638738e+41	4.3436525330628334e+40	2.2463952086851563e+40	8.914717858673668e+39	4.11186003795131e+41	2.2560608025669467e+41	1.4937636977638738e+41	1.0370089323568563e+41
52617.51739070646	1.9871159375640236e+42	8.314404532835944e+41	5.651255209386247e+41	3.488430567558637e+41	2.451832875701306e+41	1.4631792431226464e+41	4.3053332517835067e+40	2.2354831463931415e+40	8.906970069683562e+39	3.955853955601038e+41	2.1966261072966048e+41	1.4631792431226464e+41	1.020142420342467e+41
55312.14539639011	1.651999638334262e+42	7.738234678014968e+41	5.349791504051583e+41	3.35035538422655e+41	2.3730619651664025e+41	1.4284020019575553e+41	4.257261750248148e+40	2.2200866373605795e+40	8.883908027550543e+39	3.7869340311557856e+41	2.1304478883133685e+41	1.4284020019575553e+41	1.000544442354737e+41
58147.5448175982	1.370682359212961e+42	7.145953973432565e+41	5.0328160573636824e+41	3.201856089395448e+41	2.2870580484323325e+41	1.389571870752292e+41	4.199563815287354e+40	2.2002491991772855e+40	8.845675738462569e+39	3.606268851800319e+41	2.0578555487303115e+41	1.389571870752292e+41	9.78281465070788e+40
61131.32401478381	1.135230421676432e+42	6.544070610381217e+41	4.703155227361947e+41	3.0439427310786594e+41	2.1943014810434513e+41	1.3468529537286427e+41	4.132386649746661e+40	2.1760196374428743e+40	8.792422415828051e+39	3.4151773363493905e+41	1.9792306851762417e+41	1.3468529537286427e+41	9.53432004587826e+40
64271.51217721543	9.386966263802041e+41	5.939405085260918e+41	4.36388884748614e+41	2.8777506017859064e+41	2.0953409921065884e+41	1.3004359664298237e+41	4.0559018590880053e+40	2.1474528537910844e+40	8.724303304533348e+39	3.215131773890157e+41	1.895011072537137e+41	1.3004359664298237e+41	9.260880037692915e+40
67576.58248541623	7.750478026039572e+41	5.338972355531029e+41	4.0183276594941414e+41	2.7045423811343527e+41	1.9907975730921584e+41	1.2505407338879136e+41	3.9703090289814162e+40	2.1146109054293348e+40	8.641481235154255e+39	3.0077574623069673e+41	1.8056943889174254e+41	1.2505407338879136e+41	8.963563393506714e+40
71055.4765335646	6.3908200454837745e+41	4.7498345623628675e+41	3.669978329842765e+41	2.5257071914951608e+41	1.881367469509192e+41	1.1974186698100777e+41	3.8758398290734214e+40	2.077564293692962e+40	8.544128823299994e+39	2.7948277875844266e+41	1.7118413715517718e+41	1.1974186698100777e+41	8.643604126388248e+40
74717.63008153114	5.26341938061253e+41	4.178925612043994e+41	3.3224942954977275e+41	2.342755603199288e+41	1.7678238152835435e+41	1.1413551024027556e+41	3.7727625794042584e+40	2.0363934642450636e+40	8.432431255608582e+39	2.5782535376497992e+41	1.6140780457827262e+41	1.1413551024027556e+41	8.302417696370964e+40
78573.00021010503	4.330292281714124e+41	3.632851884759123e+41	2.9796112569405596e+41	2.157309594374187e+41	1.651016393142173e+41	1.0826712870720623e+41	3.6613872104999535e+40	1.991190504566212e+40	8.306589624864897e+39	2.3600652656356928e+41	1.5130966184488297e+41	1.0826712870720623e+41	7.941616854006836e+40
82632.09395704229	3.559225892429399e+41	3.1176768468886812e+41	2.6450670301675076e+41	1.971086501232693e+41	1.5318689572325926e+41	1.021725917168477e+41	3.5420705350817402e+40	1.9420610249940141e+40	8.166824791805057e+39	2.1423876410488592e+41	1.4096545795536263e+41	1.021725917168477e+41	7.563026333415902e+40
86905.99851586402	2.92301781492451e+41	2.638701086122363e+41	2.3225067198900095e+41	1.7858761177551845e+41	1.411373528524003e+41	9.589159132486708e+40	3.4152217287339354e+40	1.8891262079911405e+40	8.01338176182532e+39	1.92740499186795e+41	1.304571520411895e+41	9.589159132486708e+40	7.168695435268387e+40
91406.41308385436	2.3987836802599103e+41	2.2002527852616332e+41	2.0153757699059774e+41	1.6035103498930877e+41	1.2905810834995627e+41	8.946762416220693e+40	3.281307887595224e+40	1.8325250060447224e+40	7.846534569853564e+39	1.7173176809732848e+41	1.1987231630316741e+41	8.946762416220693e+40	6.76090735224326e+40
96145.68245047025	1.9673366558092035e+41	1.8055062576775413e+41	1.7268053051286742e+41	1.4258252279546937e+41	1.1705881202275986e+41	8.294784887158211e+40	3.140859493704792e+40	1.7724164618522503e+40	7.666591667633577e+39	1.5142896029921819e+41	1.0930321182574802e+41	8.294784887158211e+40	6.342183893920697e+40
101136.83242239019	1.612638552353646e+41	1.4563471499168952e+41	1.4594961342974634e+41	1.2546156494285503e+41	1.0525187213938785e+41	7.638279044101246e+40	2.994475572300888e+40	1.7089821146423113e+40	7.473901803055926e+39	1.320387936232513e+41	9.884549642392331e+40	7.638279044101246e+40	5.91528408061437e+40
106393.60718671532	1.3213194036102206e+41	1.1533015943346384e+41	1.2156095707011965e+41	1.0915839627113607e+41	9.375019593671037e+40	6.982586324647995e+40	2.842828271560884e+40	1.642428443837082e+40	7.268860372314703e+39	1.1375173100208605e+41	8.859653785830429e+40	6.982586324647995e+40	5.483194924081002e+40
111930.50871940335	1.0822606968308307e+41	8.955425253766849e+40	9.966745031512177e+40	9.382843776510759e+40	8.266448156189414e+40	6.333268776694085e+40	2.6866665346404355e+40	1.5729892852373218e+40	7.051916210674954e+39	9.673516733448466e+40	7.865332805233382e+40	6.333268776694085e+40	5.049112630055852e+40
117762.838351886	8.862365321663013e+40	6.809795637916732e+40	8.035205266399662e+40	7.960661300340153e+40	7.210012177273208e+40	5.696018267747121e+40	2.526818469915179e+40	1.500928135867759e+40	6.823578767596898e+39	8.1126824606293955e+40	6.911002518604926e+40	5.696018267747121e+40	4.616412488975208e+40
123906.740615007	7.25606641970884e+40	5.064299229537183e+40	6.362460723312984e+40	6.660192153556547e+40	6.215383151984848e+40	5.076542515704372e+40	2.3641919609934436e+40	1.4265402409709711e+40	6.584425583412819e+39	6.702888146956168e+40	6.0055190324715195e+40	5.076542515704372e+40	4.1886059152754884e+40
130379.24948594051	5.940552323037717e+40	3.6785792440047885e+40	4.942281533658567e+40	5.489271847196823e+40	5.291016826384904e+40	4.480428843588982e+40	2.1997730025466644e+40	1.3501543322108798e+40	6.335109952456677e+39	5.450340848846905e+40	5.1568831695201745e+40	4.480428843588982e+40	3.7692835137089643e+40
137198.33717062752	4.863698785974137e+40	2.606616061380067e+40	3.7617659738740106e+40	4.452317759079858e+40	4.443816867520847e+40	3.9129886758850907e+40	2.034621205609178e+40	1.2721338583565246e+40	6.076368611145271e+39	4.356966025887474e+40	4.371941849517558e+40	3.9129886758850907e+40	3.3620437334509537e+40
144382.96556152057	3.9825512459993264e+40	1.799783827538443e+40	2.8023082546166316e+40	3.550138651311288e+40	3.678836930547121e+40	3.379088347131551e+40	1.8698619046203897e+40	1.192877523183398e+40	5.809029240774536e+39	3.4203674966564227e+40	3.656107100111292e+40	3.379088347131551e+40	2.970407666622e+40
151953.14051807608	3.2617592291527927e+40	1.2097924711171193e+40	2.0409202713704022e+40	2.7799424745773796e+40	2.9990500697922044e+40	2.8829745739792026e+40	1.7066743261724622e+40	1.112818918943354e+40	5.534017510060265e+39	2.634044591993669e+40	3.0131165940237167e+40	2.8829745739792026e+40	2.5977218462624735e+40
159929.96912550187	2.672265736384667e+40	7.912330981453829e+39	1.451788767459115e+40	2.1355607779234598e+40	2.4052133707182693e+40	2.428105644998239e+40	1.5462753677103792e+40	1.0324250233833857e+40	5.2523633122620677e+39	1.9878671099803034e+40	2.4448606324743293e+40	2.428105644998239e+40	2.2470524647892654e+40
168335.72009577748	2.1902133018516196e+40	5.0351235130261284e+39	1.0079167718441935e+40	1.6078856217859992e+40	1.8958505432564507e+40	2.017001552965921e+40	1.389898697066587e+40	9.52193316652979e+39	4.965205770560415e+39	1.4687787200708787e+40	1.951298441281471e+40	2.017001552965921e+40	1.9210761463180393e+40
177193.88748394194	1.7960332953553895e+40	3.1206014962130973e+39	6.826875174646058e+39	1.1854897280254627e+40	1.4673658117052914e+40	1.6511274088184343e+40	1.2387691369885236e+40	8.726472779679075e+39	4.673796499222122e+39	1.0616701706194031e+40	1.5304809838643126e+40	1.6511274088184343e+40	1.6219740754346158e+40
186529.25790211483	1.4736895535329383e+40	1.8880486538209383e+39	4.512035907963588e+39	8.553768262096235e+39	1.1142893898820273e+40	1.3308240073333828e+40	1.0940726499262845e+40	7.943300465488248e+39	4.379500518785766e+39	7.503405255220709e+39	1.178688264866715e+40	1.3308240073333828e+40	1.3513376393347136e+40
196367.98142370666	1.2100515148013767e+40	1.1200837616754688e+39	2.912916270507674e+39	6.037913500479585e+39	8.296397217869325e+39	1.0552969716981299e+40	9.569226858969539e+39	7.177960852689594e+39	4.0837941421887326e+39	5.1845266064278974e+39	8.906771161458304e+39	1.0552969716981299e+40	1.110094461751482e+40
206737.6463808177	9.94375674582362e+39	6.5622570657392146e+38	1.8411601993780374e+39	4.170087021209348e+39	6.053728634862549e+39	8.226713643085538e+39	8.28324177842995e+39	6.436007743390464e+39	3.7882590808941517e+39	3.503914299825935e+39	6.600223200012786e+39	8.226713643085538e+39	8.984634696050402e+39
217667.3582689431	8.178773857027149e+39	3.8359282931813905e+38	1.1440299410423543e+39	2.820313756484644e+39	4.3287763575882366e+39	6.301123039863225e+39	7.091370248268417e+39	5.722879931282002e+39	3.494571987272343e+39	2.3194939247211178e+39	4.7952182914945945e+39	6.301123039863225e+39	7.159461945798064e+39
229187.82298483924	6.733778214644429e+39	2.2657849030684144e+38	7.032749587213578e+38	1.8713190245532115e+39	3.03468972679224e+39	4.740047104777599e+39	6.000414247650552e+39	5.043759218476608e+39	3.204488668194592e+39	1.5079270200147826e+39	3.416281281458816e+39	4.740047104777599e+39	5.613587842109066e+39
241331.43463578593	5.550133251811878e+39	1.3697708914846428e+38	4.315056208335131e+38	1.2220789762731378e+39	2.0883277658600752e+39	3.5017793587573533e+39	5.0150781216386616e+39	4.4034150517342615e+39	2.919822289211804e+39	9.66931138305395e+38	2.3886436953886885e+39	3.5017793587573533e+39	4.329053328134332e+39
254132.36817154242	4.579964418381211e+39	8.551752801354022e+37	2.6709531481241264e+38	7.894249817839337e+38	1.4138368331099857e+39	2.5415508630635942e+39	4.1377432629016315e+39	3.806042588911765e+39	2.6424150856910393e+39	6.154436106952787e+38	1.641867772467053e+39	2.5415508630635942e+39	3.282885867937552e+39
267626.6771040818	3.784196797713002e+39	5.52371706272745e+37	1.6858292898046835e+38	5.0789657522581395e+38	9.451094680298339e+38	1.8140350141943002e+39	3.368345694054944e+39	3.255103370796917e+39	2.3741033927285594e+39	3.9206323535713805e+38	1.112635599539433e+39	1.8140350141943002e+39	2.4484949299296008e+39
281852.3965947316	3.130945485710592e+39	3.6706208200361296e+37	1.0934746416007009e+38	3.282328076116008e+38	6.270444163010525e+38	1.2756297456045973e+39	2.7043785810337408e+39	2.7531798701889435e+39	2.11667626277764e+39	2.5234535656966327e+38	7.4653572500646e+38	1.2756297456045973e+39	1.797232793764538e+39
296849.6522036997	2.5941966840808107e+39	2.4842523307270613e+37	7.305166547454406e+37	2.149918842206812e+38	4.1569197724392515e+38	8.863196070821862e+38	2.1410319207049737e+39	2.3018564707006965e+39	1.871828501170497e+39	1.6554653262628554e+38	4.988258525171321e+38	8.863196070821862e+38	1.2999753044671702e+39
312660.7746131596	2.152728101356095e+39	1.6940204054252558e+37	5.007615153472359e+37	1.437901195838367e+38	2.774988464315577e+38	6.1098611252089105e+38	1.6714685102605027e+39	1.9016395768915688e+39	1.641109665310812e+39	1.1133386149003017e+38	3.342843387477889e+38	6.1098611252089105e+38	9.285759690708136e+38
329330.4206521641	1.7892260281625916e+39	1.1534309259793663e+37	3.4944404875385965e+37	9.857213804776706e+37	1.8794194782994022e+38	4.201167946586253e+38	1.2872201714802145e+39	1.5519280406283158e+39	1.4258713203656098e+39	7.6828818617268645e+37	2.263610442629294e+38	4.201167946586253e+38	6.5706752194624505e+38
346905.70096969506	1.4895638923152637e+39	7.79054033065865e+36	2.4598632127506855e+37	6.919816178344303e+37	1.2985562460091052e+38	2.8994564443112097e+38	9.786735598375793e+38	1.2510418394798615e+39	1.2272156147849526e+39	5.419050779870145e+37	1.5588612908882428e+38	2.8994564443112097e+38	4.625244568354113e+38
365436.3147211951	1.2422131960876556e+39	5.196630198828756e+36	1.732594269797625e+37	4.949751082976988e+37	9.171915482323867e+37	2.0212456444633527e+38	7.356032074169321e+38	9.963119260869216e+38	1.0459488484070245e+39	3.8796336784211283e+37	1.0959254175276297e+38	2.0212456444633527e+38	3.2555023922208595e+38
384974.6916540228	1.0377629076071077e+39	3.413246052529096e+36	1.2134363956272068e+37	3.5819922429082695e+37	6.610033612706685e+37	1.4306658783933667e+38	5.477032868365258e+38	7.842279827635947e+38	8.825440964414638e+38	2.7972703066857e+37	7.866471336640767e+37	1.4306658783933667e+38	2.304043099492207e+38
405576.14199848485	8.68527548955652e+38	2.202935404282708e+36	8.41295555954321e+36	2.603495441145888e+37	4.836773566758581e+37	1.0311292917330206e+38	4.050702563848946e+38	6.106341365292618e+38	7.371168870753756e+38	2.017091518043647e+37	5.74595465647254e+37	1.0311292917330206e+38	1.6482682589579596e+38
427299.0145934888	7.282278047236573e+38	1.3948502080545547e+36	5.756664531877197e+36	1.8888096100895637e+37	3.5708581106100214e+37	7.566080224873896e+37	2.985964062748335e+38	4.709567862720809e+38	6.0941741493532566e+38	1.446767098618607e+37	4.247493841699827e+37	7.566080224873896e+37	1.196465872597833e+38
450204.8636995025	6.117303251975958e+38	8.652626366575335e+35	3.8793130854955095e+36	1.3613357744032203e+37	2.643347949603739e+37	5.635563636732637e+37	2.2024779882939092e+38	3.604445022954155e+38	4.9884163593910215e+38	1.0281141026311937e+37	3.158065112462119e+37	5.635563636732637e+37	8.826675184941258e+37
474358.62497646635	5.148358314054445e+38	5.2517864783964266e+35	2.570388275900603e+36	9.714269725342562e+36	1.951742226617901e+37	4.2410613385184006e+37	1.6321675660283355e+38	2.743985227557721e+38	4.044619805058183e+38	7.218509028871077e+36	2.3484827145822856e+37	4.2410613385184006e+37	6.611538124621653e+37
499828.8011306673	4.3410658898888855e+38	3.1150154122915627e+35	1.6723248536295923e+36	6.84654404953474e+36	1.4316123634568204e+37	3.2078031138593798e+37	1.2195559837064818e+38	2.083739942705406e+38	3.250764307971135e+38	4.997464212564796e+36	1.7388294726436523e+37	3.2078031138593798e+37	5.012838337793792e+37
526687.6577624247	3.667259552539509e+38	1.8032609042449644e+35	1.0670735773731226e+36	4.7574619106861953e+36	1.0401105403249663e+37	2.4267561440608344e+37	9.211182244783131e+37	1.583366230600504e+38	2.592726447876041e+38	3.406307397251494e+36	1.277442365545669e+37	2.4267561440608344e+37	3.8307521875365842e+37
555011.4299758547	3.1038404281114637e+38	1.0175159117367759e+35	6.669823966111222e+35	3.2547067102940454e+36	7.46876245984975e+36	1.8288666757277395e+37	7.039328384673731e+37	1.207659582604903e+38	2.0550199297487262e+38	2.2829526295516765e+36	9.288588685592957e+36	1.8288666757277395e+37	2.9371972234683185e+37
584880.5403430628	2.6318463524905242e+38	5.588950178361741e+34	4.079220840794641e+35	2.1895688206023823e+36	5.2920801585176606e+36	1.3687461216798026e+37	5.439436905415433e+37	9.270386815984345e+37	1.6215713902746713e+38	1.5027614249606863e+36	6.672271503246284e+36	1.3687461216798026e+37	2.2502787576692728e+37
616379.8288479694	2.2356939362915252e+38	2.984197099974845e+34	2.438212652264236e+35	1.4468869832554257e+36	3.6952512964062747e+36	1.0149206611037476e+37	4.2411365811108586e+37	7.175353928232204e+37	1.2764641408423118e+38	9.704788847175813e+35	4.728077742124068e+36	1.0149206611037476e+37	1.7167562165259922e+37
649598.795469711	1.902561333752413e+38	1.5467210530088219e+34	1.4225664767607911e+35	9.381540431090673e+35	2.5398486635307217e+36	7.442861586382656e+36	3.3268770328734375e+37	5.603937411724571e+37	1.004588062470526e+38	6.1420265859911416e+35	3.3010995351660403e+36	7.442861586382656e+36	1.3007311558649603e+37
684631.8561023092	1.6218854329059365e+38	7.770296941680245e+33	8.091668311242201e+34	5.962276628034363e+35	1.7165683023730376e+36	5.390640111402538e+36	2.6170223763388296e+37	4.41408096387144e+37	7.921481575925868e+37	3.805287016312226e+35	2.2684406527303932e+36	5.390640111402538e+36	9.767462167541148e+36
721578.6125461862	1.3849520777647693e+38	3.777731347819519e+33	4.481320482800677e+34	3.710015837242492e+35	1.1396214729302436e+36	3.851469380011346e+36	2.0580043721616607e+37	3.5013261573540874e+37	6.270046525381829e+37	2.3052711388600747e+35	1.5326677649838895e+36	3.851469380011346e+36	7.257710496029959e+36
760544.1373482754	1.1845620367960721e+38	1.7745569949562106e+33	2.413193253501773e+34	2.2577703044086723e+35	7.424447125197573e+35	2.711730875663561e+36	1.6135241665192512e+37	2.790756518773882e+37	4.988402256678866e+37	1.3639821495086286e+35	1.0171503308088584e+36	2.711730875663561e+36	5.329460049434973e+36
801639.2743111071	1.0147585293905598e+38	8.040458487059696e+32	1.2617924525206383e+34	1.3422174011104804e+35	4.741572527504582e+35	1.879646050036067e+36	1.2584056159456176e+37	2.229619287766981e+37	3.991705341264011e+37	7.872676539874326e+34	6.623704916976242e+35	1.879646050036067e+36	3.863283083492944e+36
844980.9555374928	8.70604887039427e+37	3.507820196321532e+32	6.396745049947573e+33	7.785481374614823e+34	2.9653417299945308e+35	1.2814456172443086e+36	9.7453169221888e+36	1.7811081337437832e+37	3.2122973233736596e+37	4.427083816266834e+34	4.2281372330263295e+35	1.2814456172443086e+36	2.7617858696324293e+36
890692.5359265143	7.480029568788567e+37	1.4708159304525598e+32	3.13937515996846e+33	4.400757765565847e+34	1.814035075812605e+35	8.584278306142137e+35	7.482845042660524e+36	1.4194794636703563e+37	2.5977081098686646e+37	2.4222943025089184e+34	2.6428369452714084e+35	8.584278306142137e+35	1.9452571338353518e+36
938904.1460886529	6.435447230679968e+37	5.915696814170891e+31	1.4891850721330908e+33	2.4209532836930873e+34	1.0842826009715151e+35	5.6450152560878294e+35	5.689943868720491e+36	1.1264458193081772e+37	2.1082146030674074e+37	1.287828377465857e+34	1.6158101901965996e+35	5.6450152560878294e+35	1.3487125641386072e+36
989753.0647033252	5.543909651648418e+37	2.277736657354946e+31	6.816358191302578e+32	1.2944219582158586e+34	6.324894593769727e+34	3.64042119196918e+35	4.2802390663144007e+36	8.88653992183669e+36	1.7143081257299731e+37	6.643444761047328e+33	9.65198968133964e+34	3.64042119196918e+35	9.196412601666553e+35
1043384.1114011179	4.781719027623099e+37	8.377874014189504e+30	3.0053728404416664e+32	6.717129649672972e+33	3.5962113432430017e+34	2.2999430838433995e+35	3.1822969850810954e+36	6.960035874036283e+36	1.3943333020168886e+37	3.3203800938981074e+33	5.62649822374656e+34	2.2999430838433995e+35	6.161254430864793e+35
1099950.0613159502	4.1290581089300857e+37	2.937221850864576e+30	1.2740770693464685e+32	3.3780852573360307e+33	1.9905025359775462e+34	1.4219990640162178e+35	2.336390914226367e+36	5.40569533276939e+36	1.132458501440287e+37	1.6053407899337425e+33	3.196843888386168e+34	1.4219990640162178e+35	4.0518782411653814e+35
1159612.082519626	3.5693224631536205e+37	9.792806659593931e+29	5.183426433732192e+31	1.6438728376704675e+33	1.0710905013305365e+34	8.59445378819168e+34	1.692443428325924e+36	4.159312386279549e+36	9.170433832226599e+36	7.495951126053146e+32	1.7681162197769624e+34	8.59445378819168e+34	2.613076860906781e+35
1222540.1976231947	3.088572284039433e+37	3.097368119523562e+29	2.0197429986141723e+31	7.728190751898625e+32	5.595386529235776e+33	5.071944620159449e+34	1.2085977869081692e+36	3.16761204027114e+36	7.393982758302105e+36	3.3746526398292495e+32	9.506621946691819e+33	5.071944620159449e+34	1.6508724607108104e+35
1288913.770906734	2.6750814985750644e+37	9.270257844113763e+28	7.521886841303957e+30	3.504036174040868e+32	2.8336215701291535e+33	2.9190896602257273e+34	8.50121534203257e+35	2.3857174016921033e+36	5.928857797053943e+36	1.4621869888952599e+32	4.9620566011512826e+33	2.9190896602257273e+34	1.0206586654928598e+35
1358922.0224221847	2.3189665609122036e+37	2.6184858054365596e+28	2.671530135892609e+30	1.5295925968592418e+32	1.3889927628287243e+33	1.6364170630122493e+34	5.8848831033997766e+35	1.7755477221806318e+36	4.722960499826133e+36	6.086128262091773e+31	2.510637097015336e+33	1.6364170630122493e+34	6.168432756510259e+34
1432764.5706033933	2.011880457895205e+37	6.960807383299583e+27	9.028228605724286e+29	6.416515485511278e+31	6.579800966477517e+32	8.923746046631392e+33	4.005611039811696e+35	1.3047498622083207e+36	3.7342599554496715e+36	2.4288399885730705e+31	1.2295062580839161e+33	8.923746046631392e+33	3.6399729142404813e+34
1510652.005014427	1.746759878736406e+37	1.7364178898016898e+27	2.8961032289180202e+29	2.5816747280931715e+31	3.0071598560246687e+32	4.727316289401715e+33	2.678419115643601e+35	9.459292224952694e+35	2.928018909794352e+36	9.27453392949437e+30	5.8184799097981186e+32	4.727316289401715e+33	2.0947432107736295e+34
1592806.4909724076	1.517616169911506e+37	4.0523624346623636e+26	8.796407923857982e+28	9.942737609090207e+30	1.3236527475927527e+32	2.429277782527869e+33	1.7577543809539873e+35	6.760472538246246e+35	2.2749847772691416e+36	3.3813880225177667e+30	2.6564140432015658e+32	2.429277782527869e+33	1.174168153726659e+34
1679462.4078958386	1.3193621662062772e+37	8.81927595626143e+25	2.523109272508732e+28	3.657590120540928e+30	5.601097015674742e+31	1.2091700410437584e+33	1.1310546785918929e+35	4.75911012010051e+35	1.7502065751769617e+36	1.1744611657126225e+30	1.167969118021815e+32	1.2091700410437584e+33	6.402213340875087e+33
1770867.023354993	1.1476683618617659e+37	1.783911496576913e+25	6.815721715592091e+27	1.282354585824253e+30	2.274177685474286e+31	5.8206058059213e+32	7.128759463907604e+34	3.2971476833952815e+35	1.332247300598855e+36	3.877114037405436e+29	4.936544191141851e+31	5.8206058059213e+32	3.391082274356499e+33
1867281.2049391367	9.988433361908843e+36	3.341988777281813e+24	1.7289480340096665e+27	4.275034042664535e+29	8.842193415101732e+30	2.705274182073111e+32	4.396331249936621e+34	2.2461417206784122e+35	1.0026421915828303e+36	1.2135077337147503e+29	2.0018913305251649e+31	2.705274182073111e+32	1.7423522450941312e+33
1968980.172208175	8.69734237639648e+36	5.777380663035115e+23	4.1061670914819134e+26	1.3518754818162047e+29	3.2852741792787493e+30	1.2119250022282586e+32	2.649932749422981e+34	1.5032499525895583e+35	7.455076203974257e+35	3.591936437309872e+28	7.773470198686126e+30	1.2119250022282586e+32	8.671136323013638e+32
2076254.2911662227	7.576435631917261e+36	9.18074339782139e+22	9.101316323399361e+25	4.044803139633704e+28	1.1638807133211165e+30	5.223797261447817e+31	1.55936812615136e+34	9.87450328614015e+34	5.472403643757712e+35	1.0027730513549024e+28	2.8842771757858004e+30	5.223797261447817e+31	4.173321130985631e+32
2189409.9138846193	6.602596334523839e+36	1.3356474659229342e+22	1.8764978427141296e+25	1.1420046327960002e+28	3.922612387554063e+29	2.162378921884527e+31	8.947699397816277e+33	6.360164030007026e+34	3.9627101099014396e+35	2.6329683322034066e+27	1.0203634366992935e+30	2.162378921884527e+31	1.9393023783696664e+32
2308770.266115606	5.755983485949035e+36	1.7714761880399325e+21	3.586441716947734e+24	3.034173602807722e+27	1.2546741750135225e+29	8.579531007012674e+30	5.000111873533168e+33	4.012845777525786e+34	2.8284880285661812e+35	6.483083137025478e+26	3.433781491442323e+29	8.579531007012674e+30	8.686142098504422e+31
2434676.385979773	5.019541950487722e+36	2.1324664123236493e+20	6.331048002897482e+23	7.563986931848726e+26	3.7991387821125273e+28	3.2560687706122193e+30	2.7176036057849505e+33	2.4774886986442666e+34	1.9884463275867225e+35	1.4923633705114772e+26	1.0965992387215316e+29	3.2560687706122193e+30	3.743274093682951e+31
2567488.1170858117	4.378590801447667e+36	2.319069645582082e+19	1.0283317929065844e+23	1.763906294710122e+26	1.0861688016392573e+28	1.179486140343818e+30	1.4346223817503554e+33	1.4951015485022279e+34	1.3756536503480619e+35	3.201297755443499e+25	3.3150493659272774e+28	1.179486140343818e+30	1.5492077127605006e+31
2707585.1597566335	3.8204760729058236e+36	2.2673283111274767e+18	1.5307648860964138e+22	3.8355671999151568e+25	2.9239770424665466e+27	4.069017746891974e+29	7.345386786654439e+32	8.809148511432172e+33	9.357625891163726e+34	6.377818735646628e+24	9.461448982899048e+27	4.069017746891974e+29	6.14545297422404e+30
2855368.1843996677	3.3342770156528524e+36	1.9827428040458966e+17	2.0796543065011126e+21	7.751099935520942e+24	7.390370933209428e+26	1.3337279386947664e+29	3.642251025438685e+32	5.0615597160721974e+33	6.253101541653869e+34	1.1759272662918753e+24	2.5424761923313123e+27	1.3337279386947664e+29	2.331838228541503e+30
3011260.0114808246	2.910557821099917e+36	1.5425723141650514e+16	2.5673535741142083e+20	1.4506403527049072e+24	1.7485087624184163e+26	4.143456569337217e+28	1.7463316500263444e+32	2.8325819120561915e+33	4.1010556595772867e+34	1.9991580505489326e+23	6.41414583242531e+26	4.143456569337217e+28	8.445334900480426e+29
