#t	Le	U	B	V	R	I	J	H	K	g	r	i	z
#----------------------------------------------- 
3.15197801850754	0.0	0.0	0.0	0.0	0.0	0.0	0.0	0.0	0.0	0.0	0.0	0.0	0.0
3.2477678170925244	0.0	0.0	0.0	0.0	0.0	0.0	0.0	0.0	0.0	0.0	0.0	0.0	0.0
3.431268187570136	0.0	0.0	0.0	0.0	0.0	0.0	0.0	0.0	0.0	0.0	0.0	0.0	0.0
3.6306799860584893	0.0	0.0	0.0	0.0	0.0	0.0	0.0	0.0	0.0	0.0	0.0	0.0	0.0
3.847206145266099	0.0	0.0	0.0	0.0	0.0	0.0	0.0	0.0	0.0	0.0	0.0	0.0	0.0
4.08249037842949	0.0	0.0	0.0	0.0	0.0	0.0	0.0	0.0	0.0	0.0	0.0	0.0	0.0
4.338367394525429	0.0	0.0	0.0	0.0	0.0	0.0	0.0	0.0	0.0	0.0	0.0	0.0	0.0
4.616857842512322	0.0	0.0	0.0	0.0	0.0	0.0	0.0	0.0	0.0	0.0	0.0	0.0	0.0
4.920178888441295	0.0	0.0	0.0	0.0	0.0	0.0	0.0	0.0	0.0	0.0	0.0	0.0	0.0
5.250757691009883	0.0	0.0	0.0	0.0	0.0	0.0	0.0	0.0	0.0	0.0	0.0	0.0	0.0
5.611245619273475	0.0	0.0	0.0	0.0	0.0	0.0	0.0	0.0	0.0	0.0	0.0	0.0	0.0
6.004532531870469	0.0	0.0	0.0	0.0	0.0	0.0	0.0	0.0	0.0	0.0	0.0	0.0	0.0
6.433760736963699	0.0	0.0	0.0	0.0	0.0	0.0	0.0	0.0	0.0	0.0	0.0	0.0	0.0
6.902338328132815	0.0	0.0	0.0	0.0	0.0	0.0	0.0	0.0	0.0	0.0	0.0	0.0	0.0
7.413951621710862	0.0	0.0	0.0	0.0	0.0	0.0	0.0	0.0	0.0	0.0	0.0	0.0	0.0
7.972576450778985	0.0	0.0	0.0	0.0	0.0	0.0	0.0	0.0	0.0	0.0	0.0	0.0	0.0
8.582488114949005	0.0	0.0	0.0	0.0	0.0	0.0	0.0	0.0	0.0	0.0	0.0	0.0	0.0
9.24826984837447	0.0	0.0	0.0	0.0	0.0	0.0	0.0	0.0	0.0	0.0	0.0	0.0	0.0
9.974819751610989	0.0	0.0	0.0	0.0	0.0	0.0	0.0	0.0	0.0	0.0	0.0	0.0	0.0
10.767356233020104	0.0	0.0	0.0	0.0	0.0	0.0	0.0	0.0	0.0	0.0	0.0	0.0	0.0
11.631422116430228	0.0	0.0	0.0	0.0	0.0	0.0	0.0	0.0	0.0	0.0	0.0	0.0	0.0
12.572887685483884	0.0	0.0	0.0	0.0	0.0	0.0	0.0	0.0	0.0	0.0	0.0	0.0	0.0
13.59795304179202	0.0	0.0	0.0	0.0	0.0	0.0	0.0	0.0	0.0	0.0	0.0	0.0	0.0
14.71315024385991	0.0	0.0	0.0	0.0	0.0	0.0	0.0	0.0	0.0	0.0	0.0	0.0	0.0
15.925345758363134	0.0	0.0	0.0	0.0	0.0	0.0	0.0	0.0	0.0	0.0	0.0	0.0	0.0
17.241743788686446	0.0	0.0	0.0	0.0	0.0	0.0	0.0	0.0	0.0	0.0	0.0	0.0	0.0
18.66989104541325	0.0	0.0	0.0	0.0	0.0	0.0	0.0	0.0	0.0	0.0	0.0	0.0	0.0
20.217683491188637	0.0	0.0	0.0	0.0	0.0	0.0	0.0	0.0	0.0	0.0	0.0	0.0	0.0
21.893375533115226	0.0	0.0	0.0	0.0	0.0	0.0	0.0	0.0	0.0	0.0	0.0	0.0	0.0
23.70559205739484	0.0	0.0	0.0	0.0	0.0	0.0	0.0	0.0	0.0	0.0	0.0	0.0	0.0
25.66334361274013	0.0	0.0	0.0	0.0	0.0	0.0	0.0	0.0	0.0	0.0	0.0	0.0	0.0
27.776044960401507	0.0	0.0	0.0	0.0	0.0	0.0	0.0	0.0	0.0	0.0	0.0	0.0	0.0
30.05353712798692	0.0	0.0	0.0	0.0	0.0	0.0	0.0	0.0	0.0	0.0	0.0	0.0	0.0
32.506113038043715	0.0	0.0	0.0	0.0	0.0	0.0	0.0	0.0	0.0	0.0	0.0	0.0	0.0
35.144546734557935	0.0	0.0	0.0	0.0	0.0	0.0	0.0	0.0	0.0	0.0	0.0	0.0	0.0
37.980126203116676	0.0	0.0	0.0	0.0	0.0	0.0	0.0	0.0	0.0	0.0	0.0	0.0	0.0
41.02468977281743	0.0	0.0	0.0	0.0	0.0	0.0	0.0	0.0	0.0	0.0	0.0	0.0	0.0
44.290666098703625	0.0	0.0	0.0	0.0	0.0	0.0	0.0	0.0	0.0	0.0	0.0	0.0	0.0
47.791117749494205	0.0	0.0	0.0	0.0	0.0	0.0	0.0	0.0	0.0	0.0	0.0	0.0	0.0
51.53978846386682	0.0	0.0	0.0	0.0	0.0	0.0	0.0	0.0	0.0	0.0	0.0	0.0	0.0
55.5511541864301	0.0	0.0	0.0	0.0	0.0	0.0	0.0	0.0	0.0	0.0	0.0	0.0	0.0
59.84047804935832	0.0	0.0	0.0	0.0	0.0	0.0	0.0	0.0	0.0	0.0	0.0	0.0	0.0
64.42386952534301	0.0	0.0	0.0	0.0	0.0	0.0	0.0	0.0	0.0	0.0	0.0	0.0	0.0
69.318348040873	0.0	0.0	0.0	0.0	0.0	0.0	0.0	0.0	0.0	0.0	0.0	0.0	0.0
74.54191140510682	0.0	0.0	0.0	0.0	0.0	0.0	0.0	0.0	0.0	0.0	0.0	0.0	0.0
80.1136094786657	0.0	0.0	0.0	0.0	0.0	0.0	0.0	0.0	0.0	0.0	0.0	0.0	0.0
86.0536235789444	0.0	0.0	0.0	0.0	0.0	0.0	0.0	0.0	0.0	0.0	0.0	0.0	0.0
92.3833521948312	0.0	0.0	0.0	0.0	0.0	0.0	0.0	0.0	0.0	0.0	0.0	0.0	0.0
99.12550366519491	0.0	0.0	0.0	0.0	0.0	0.0	0.0	0.0	0.0	0.0	0.0	0.0	0.0
106.30419656341269	0.0	0.0	0.0	0.0	0.0	0.0	0.0	0.0	0.0	0.0	0.0	0.0	0.0
113.94506862657961	0.0	0.0	0.0	0.0	0.0	0.0	0.0	0.0	0.0	0.0	0.0	0.0	0.0
122.07539517438448	0.0	0.0	0.0	0.0	0.0	0.0	0.0	0.0	0.0	0.0	0.0	0.0	0.0
130.72421808146314	0.0	0.0	0.0	0.0	0.0	0.0	0.0	0.0	0.0	0.0	0.0	0.0	0.0
139.9224865005604	0.0	0.0	0.0	0.0	0.0	0.0	0.0	0.0	0.0	0.0	0.0	0.0	0.0
149.70321068502815	0.0	0.0	0.0	0.0	0.0	0.0	0.0	0.0	0.0	0.0	0.0	0.0	0.0
160.10163043103995	0.0	0.0	0.0	0.0	0.0	0.0	0.0	0.0	0.0	0.0	0.0	0.0	0.0
171.15539985622	0.0	0.0	0.0	0.0	0.0	0.0	0.0	0.0	0.0	0.0	0.0	0.0	0.0
182.90479045631074	0.0	0.0	0.0	0.0	0.0	0.0	0.0	0.0	0.0	0.0	0.0	0.0	0.0
195.39291463999618	0.0	0.0	0.0	0.0	0.0	0.0	0.0	0.0	0.0	0.0	0.0	0.0	0.0
208.66597223984675	0.0	0.0	0.0	0.0	0.0	0.0	0.0	0.0	0.0	0.0	0.0	0.0	0.0
222.7735228414091	0.0	0.0	0.0	0.0	0.0	0.0	0.0	0.0	0.0	0.0	0.0	0.0	0.0
237.76878717082542	0.0	0.0	0.0	0.0	0.0	0.0	0.0	0.0	0.0	0.0	0.0	0.0	0.0
253.70898124365482	0.0	0.0	0.0	0.0	0.0	0.0	0.0	0.0	0.0	0.0	0.0	0.0	0.0
270.65568751540457	0.0	0.0	0.0	0.0	0.0	0.0	0.0	0.0	0.0	0.0	0.0	0.0	0.0
288.6752679013013	0.0	0.0	0.0	0.0	0.0	0.0	0.0	0.0	0.0	0.0	0.0	0.0	0.0
307.8393242656687	0.0	0.0	0.0	0.0	0.0	0.0	0.0	0.0	0.0	0.0	0.0	0.0	0.0
328.2252128404436	0.0	0.0	0.0	0.0	0.0	0.0	0.0	0.0	0.0	0.0	0.0	0.0	0.0
349.9166200416023	0.0	0.0	0.0	0.0	0.0	0.0	0.0	0.0	0.0	0.0	0.0	0.0	0.0
373.0042083412571	0.0	0.0	0.0	0.0	0.0	0.0	0.0	0.0	0.0	0.0	0.0	0.0	0.0
397.5863422579777	0.0	0.0	0.0	0.0	0.0	0.0	0.0	0.0	0.0	0.0	0.0	0.0	0.0
423.7699061933895	0.0	0.0	0.0	0.0	0.0	0.0	0.0	0.0	0.0	0.0	0.0	0.0	0.0
451.67122782168684	0.0	0.0	0.0	0.0	0.0	0.0	0.0	0.0	0.0	0.0	0.0	0.0	0.0
481.4171230974977	0.0	0.0	0.0	0.0	0.0	0.0	0.0	0.0	0.0	0.0	0.0	0.0	0.0
513.1460817703384	0.0	0.0	0.0	0.0	0.0	0.0	0.0	0.0	0.0	0.0	0.0	0.0	0.0
547.0096156824247	0.0	0.0	0.0	0.0	0.0	0.0	0.0	0.0	0.0	0.0	0.0	0.0	0.0
583.1737962081613	0.0	0.0	0.0	0.0	0.0	0.0	0.0	0.0	0.0	0.0	0.0	0.0	0.0
621.8210121286305	0.0	0.0	0.0	0.0	0.0	0.0	0.0	0.0	0.0	0.0	0.0	0.0	0.0
663.151985225114	0.0	0.0	0.0	0.0	0.0	0.0	0.0	0.0	0.0	0.0	0.0	0.0	0.0
707.3880881751913	0.0	0.0	0.0	0.0	0.0	0.0	0.0	0.0	0.0	0.0	0.0	0.0	0.0
754.7740182685917	0.0	0.0	0.0	0.0	0.0	0.0	0.0	0.0	0.0	0.0	0.0	0.0	0.0
805.5808914405927	0.0	0.0	0.0	0.0	0.0	0.0	0.0	0.0	0.0	0.0	0.0	0.0	0.0
860.1098346771788	0.0	0.0	0.0	0.0	0.0	0.0	0.0	0.0	0.0	0.0	0.0	0.0	0.0
918.6961716659303	0.0	0.0	0.0	0.0	0.0	0.0	0.0	0.0	0.0	0.0	0.0	0.0	0.0
981.7143175341757	0.0	0.0	0.0	0.0	0.0	0.0	0.0	0.0	0.0	0.0	0.0	0.0	0.0
1049.5835247952152	0.0	0.0	0.0	0.0	0.0	0.0	0.0	0.0	0.0	0.0	0.0	0.0	0.0
1122.774655737895	0.0	0.0	0.0	0.0	0.0	0.0	0.0	0.0	0.0	0.0	0.0	0.0	0.0
1201.8181984586904	0.0	0.0	0.0	0.0	0.0	0.0	0.0	0.0	0.0	0.0	0.0	0.0	0.0
1287.3137972381146	0.0	0.0	0.0	0.0	0.0	0.0	0.0	0.0	0.0	0.0	0.0	0.0	0.0
1379.9416365821114	0.0	0.0	0.0	0.0	0.0	0.0	0.0	0.0	0.0	0.0	0.0	0.0	0.0
1480.4761069210135	0.0	0.0	0.0	0.0	0.0	0.0	0.0	0.0	0.0	0.0	0.0	0.0	0.0
1589.802295335396	0.0	0.0	0.0	0.0	0.0	0.0	0.0	0.0	0.0	0.0	0.0	0.0	0.0
1708.9359957374513	0.0	0.0	0.0	0.0	0.0	0.0	0.0	0.0	0.0	0.0	0.0	0.0	0.0
1839.0481322570522	0.0	0.0	0.0	0.0	0.0	0.0	0.0	0.0	0.0	0.0	0.0	0.0	0.0
1981.4947553490501	0.0	0.0	0.0	0.0	0.0	0.0	0.0	0.0	0.0	0.0	0.0	0.0	0.0
2137.85412460328	0.0	0.0	0.0	0.0	0.0	0.0	0.0	0.0	0.0	0.0	0.0	0.0	0.0
2309.9728817901764	0.0	0.0	0.0	0.0	0.0	0.0	0.0	0.0	0.0	0.0	0.0	0.0	0.0
2500.0239868475505	0.0	0.0	0.0	0.0	0.0	0.0	0.0	0.0	0.0	0.0	0.0	0.0	0.0
2710.579993577026	0.0	0.0	0.0	0.0	0.0	0.0	0.0	0.0	0.0	0.0	0.0	0.0	0.0
2944.706530168536	2.495196237888753e+31	2.536786119427699e+29	1.4495671491964625e+29	7.706878104169723e+28	4.9952105401256e+28	2.72100768588784e+28	6.967477828862269e+27	3.4490505973479926e+27	1.3093369157959355e+27	9.040556322442019e+28	4.378815134697985e+28	2.72100768588784e+28	1.8045531454919284e+28
3206.0826693127306	9.36398507935474e+34	6.932613300989253e+30	3.8249738981306556e+30	1.9713138599206104e+30	1.2557652891583573e+30	6.705428071105706e+29	1.6639873643313085e+29	8.146201955204391e+28	3.0573532004506636e+28	2.3290294091969338e+30	1.0956269494913494e+30	6.705428071105706e+29	4.3977305258969015e+29
3490.6567090407534	1.577259748569019e+37	1.3488037090326987e+33	7.44458629676349e+32	3.838057636244261e+32	2.4453707019026946e+32	1.3060382980984976e+32	3.2421056811057644e+31	1.587394683083759e+31	5.95840084875558e+30	4.534167931277069e+32	2.1336389591612804e+32	1.3060382980984976e+32	8.566636199283242e+31
3800.4636019609316	1.0160494037844208e+39	1.0364981771933683e+35	5.723581875285723e+34	2.952056782950952e+34	1.8813175327599475e+34	1.0050643290091297e+34	2.4960668983284184e+33	1.2223118182048971e+33	4.588778531409953e+32	3.4871288533426817e+34	1.6415979150129593e+34	1.0050643290091297e+34	6.593498876431637e+33
4137.7436998098565	3.7520828093628935e+40	3.921365741057144e+36	2.165537015164372e+36	1.1169874727631927e+36	7.118692016546187e+35	3.8031963126127824e+35	9.445777396230344e+34	4.625652101121522e+34	1.7365921593950766e+34	1.319427794826601e+36	6.21167686460474e+35	3.8031963126127824e+35	2.495055667634774e+35
4504.937173625372	7.271487765780714e+41	7.854276693126831e+37	4.337849527401585e+37	2.237654418037984e+37	1.4261493288302918e+37	7.619680800694477e+36	1.8926162893709092e+36	9.268531788745619e+35	3.47976053166916e+35	2.6431516757000613e+37	1.2444548358768679e+37	7.619680800694477e+36	4.9989790519139563e+36
4904.701922011418	7.690753153359968e+42	9.092279988835919e+38	5.022897724443307e+38	2.591637566824333e+38	1.6519734840737586e+38	8.827558025727558e+37	2.1931612045862197e+37	1.074127921081824e+37	4.0330418233446226e+36	3.061117366413504e+38	1.4415600229818703e+38	8.827558025727558e+37	5.7919127332163e+37
5339.933084214207	5.038018468781192e+43	6.610854561157989e+39	3.653209682937976e+39	1.8854533922036903e+39	1.2020223743338438e+39	6.424342054886315e+38	1.5965524090380561e+38	7.820111702259588e+37	2.9365369108048517e+37	2.2268634387088465e+39	1.0489644443535918e+39	6.424342054886315e+38	4.215549479285669e+38
5813.784301486736	2.0500529577614356e+44	2.987124561046452e+40	1.6512449901778145e+40	8.524699542985802e+39	5.435589139435937e+39	2.905658735436817e+39	7.223187046292139e+38	3.538382701422208e+38	1.3288470430315573e+38	1.0067641952529874e+40	4.743666758583345e+39	2.905658735436817e+39	1.9068480411037288e+39
6329.690922527566	4.22950933421513e+44	7.167224347007551e+40	3.963898039035248e+40	2.0472972810717052e+40	1.3057359325070596e+40	6.981953813713111e+39	1.7364291849579326e+39	8.507514535702975e+38	3.1955444151901086e+38	2.4176066230406404e+40	1.1395991085146756e+40	6.981953813713111e+39	4.5826618873428016e+39
6891.3953246186065	4.3565495166997024e+44	8.991226933650103e+40	4.976077079710277e+40	2.5716443804740417e+40	1.6407180615664373e+40	8.776621990066026e+39	2.184135640176402e+39	1.0703406477665639e+39	4.021278295904228e+38	3.036368897566795e+40	1.432093196557383e+40	8.776621990066026e+39	5.761885477861121e+39
7502.974365612433	3.703132883612888e+44	9.569101648985119e+40	5.300358309445678e+40	2.741297892022626e+40	1.7496953280859345e+40	9.364133186365247e+39	2.3321418582337898e+39	1.1431851193296238e+39	4.296172729095051e+38	3.2361193396193305e+40	1.5273893549315663e+40	9.364133186365247e+39	6.149269818306527e+39
8168.8691771422355	3.7116982767157874e+44	1.1885280807783984e+41	6.589035745268172e+40	3.41044465676379e+40	2.177741960616091e+40	1.1660850436917604e+40	2.9064551357612984e+39	1.4251094589731472e+39	5.357230951168493e+38	4.0253298236928914e+40	1.901277009613184e+40	1.1660850436917604e+40	7.659647683742037e+39
8893.91774795718	3.727238066606513e+44	1.5115693373297739e+41	8.388682832973006e+40	4.3459808264343676e+40	2.776576803523922e+40	1.4876306859678895e+40	3.711439334810501e+39	1.8204301514291116e+39	6.845701259484915e+38	5.128437801806602e+40	2.424434627897526e+40	1.4876306859678895e+40	9.775080800462397e+39
9683.39046489815	3.231273528662808e+44	1.7352674304841526e+41	9.643249002611715e+40	5.002017327310716e+40	3.1978798114943303e+40	1.714700620398992e+40	4.283257616989647e+39	2.101827958812159e+39	7.907487149453599e+38	5.900937977748799e+40	2.7928231426984426e+40	1.714700620398992e+40	1.1272090488398176e+40
10543.028721349368	2.7886415634985737e+44	2.025827634184884e+41	1.127637303084538e+41	5.857664162881276e+40	3.747962219974202e+40	2.011544865645737e+40	5.0322327771710056e+39	2.4706582851581147e+39	9.300155743355597e+38	6.90803743780916e+40	3.2739572868160554e+40	2.011544865645737e+40	1.3230450010785467e+40
11479.08695561485	2.2820279108792113e+44	2.3023860085409762e+41	1.2841422602169797e+41	6.682540811972671e+40	4.2800039262533713e+40	2.2997297201646537e+40	5.763602889769643e+39	2.8315543885336544e+39	1.066571621956238e+39	7.877601409289427e+40	3.739725463018695e+40	2.2997297201646537e+40	1.5135631984020835e+40
12498.378464057114	1.75347317442558e+44	2.5629033109435423e+41	1.433130266435131e+41	7.474970356137022e+40	4.793659633850206e+40	2.579525164838466e+40	6.479867284115651e+39	3.186064733190185e+39	1.2011252427408834e+39	8.807103816485994e+40	4.1900004667269114e+40	2.579525164838466e+40	1.699110340778988e+40
13608.325280353458	1.2460238530879322e+44	2.771080043966657e+41	1.554809712164413e+41	8.134135392718501e+40	5.225154509465219e+40	2.817165853119383e+40	7.09843571469579e+39	3.493975091718005e+39	1.3186703202653468e+39	9.577101138550877e+40	4.56924963727767e+40	2.817165853119383e+40	1.8576514596081405e+40
14817.012503440545	8.188882362730212e+43	2.9075513979742546e+41	1.6387588355666553e+41	8.607693396102602e+40	5.541675718710232e+40	2.9954782721065585e+40	7.57816733430801e+39	3.735417594641191e+39	1.4118593515204793e+39	1.012536451655108e+41	4.848975459185645e+40	2.9954782721065585e+40	1.9780574744196595e+40
16133.247484171265	5.186731810149004e+43	2.9876450500988953e+41	1.6934894318305132e+41	8.93995871138763e+40	5.77166279571765e+40	3.129802909895519e+40	7.957872970794863e+39	3.9295413704952884e+39	1.4879409880394446e+39	1.050410896405662e+41	5.054046531543937e+40	3.129802909895519e+40	2.070453890818862e+40
17566.624320277464	3.2538312440133765e+43	3.024918126891486e+41	1.7264748638432187e+41	9.169665117314969e+40	5.939933853499376e+40	3.2335128758813e+40	8.271390288431503e+39	4.0930510942119857e+39	1.553243918756226e+39	1.075901287496208e+41	5.206157682804415e+40	3.2335128758813e+40	2.1436658567689946e+40
19127.594126548567	1.9802117146059227e+43	2.9938328658013793e+41	1.723531953747227e+41	9.223697540957088e+40	6.00001752918682e+40	3.2819120123311766e+40	8.45819575035787e+39	4.1964927995261213e+39	1.5967909382837504e+39	1.0803657137813204e+41	5.264800773089057e+40	3.2819120123311766e+40	2.1815567065637437e+40
20827.541575229523	1.2383255697925284e+43	2.9361784923313875e+41	1.7073547298679402e+41	9.21764806970001e+40	6.025144386616591e+40	3.3138957705178863e+40	8.614228610992217e+39	4.286767629544969e+39	1.6361658660457917e+39	1.0774950228972174e+41	5.2937810530864045e+40	3.3138957705178863e+40	2.20957264475869e+40
22678.86826720454	8.777029205560719e+42	2.9507227079106053e+41	1.7323005119350736e+41	9.430776988536809e+40	6.192827679746759e+40	3.4239859213001504e+40	8.972848170585095e+39	4.477886986077723e+39	1.714063924994025e+39	1.1003092933896894e+41	5.447877191826236e+40	3.4239859213001504e+40	2.2895987846175966e+40
24695.08354846134	6.886034554075642e+42	3.0245318596273267e+41	1.791133944486787e+41	9.825215685612405e+40	6.478708481280026e+40	3.5990166852928513e+40	9.500690899639953e+39	4.7533875536703696e+39	1.8242540341971262e+39	1.1443513801799607e+41	5.70577733551003e+40	3.5990166852928513e+40	2.412938076435362e+40
26890.903427623092	5.683252521235159e+42	3.1114098338014067e+41	1.8578632464746186e+41	1.026474265162372e+41	6.795222423649181e+40	3.791755069342012e+40	1.0078740007487103e+40	5.054699362950453e+39	1.9446385882660095e+39	1.1935881875308633e+41	5.990898047052452e+40	3.791755069342012e+40	2.548441369841569e+40
29282.358314832556	4.781173667398378e+42	3.1749531359822065e+41	1.9115320880358693e+41	1.0637370160108522e+41	7.069626144437027e+40	3.962500731977558e+40	1.0605172796695672e+40	5.331409495242559e+39	2.0560806187550332e+39	1.2348966423702182e+41	6.239439811256004e+40	3.962500731977558e+40	2.6697594180604295e+40
31886.91037397637	4.0688523188332737e+42	3.197507624872212e+41	1.9413923954347585e+41	1.0882947475840782e+41	7.261885700952493e+40	4.0888107761645565e+40	1.1020090697394603e+40	5.553461166515343e+39	2.1470155806028478e+39	1.2613004383120686e+41	6.416063383428848e+40	4.0888107761645565e+40	2.7617798041140685e+40
34723.581350224136	3.594550951294601e+42	3.1664275508025167e+41	1.9394806633813837e+41	1.0955869011861156e+41	7.341337185257134e+40	4.1533308155733093e+40	1.1276688459758355e+40	5.697309734187866e+39	2.208367249581995e+39	1.267535225146646e+41	6.493634080239961e+40	4.1533308155733093e+40	2.8127658625849357e+40
37813.09181163727	3.598192086516191e+42	3.0583437365005116e+41	1.8918793519906256e+41	1.0780379728439132e+41	7.258546530835244e+40	4.129092102412998e+40	1.1306780021045222e+40	5.729514044275958e+39	2.2275969095591076e+39	1.2447514786679977e+41	6.428775101393873e+40	4.129092102412998e+40	2.804873227244253e+40
41178.0128304559	2.649401738059616e+42	2.89747477638814e+41	1.809232702393712e+41	1.0396979104137918e+41	7.034233698291134e+40	4.024317256842094e+40	1.1122914799432306e+40	5.655550295150991e+39	2.2066806311779573e+39	1.1981300506120322e+41	6.238405849187716e+40	4.024317256842094e+40	2.7426076290654715e+40
44842.93118251711	2.0678143630820875e+42	2.8314987321804783e+41	1.782402325568611e+41	1.0306484417512151e+41	6.993803492369686e+40	4.013061038114588e+40	1.1131731214959751e+40	5.665426576065259e+39	2.2123298616375013e+39	1.1861220796253406e+41	6.207186009105347e+40	4.013061038114588e+40	2.7388457173084595e+40
48834.62930378346	1.7673976937089084e+42	2.7742791216598532e+41	1.764827009440863e+41	1.0297233360283601e+41	7.02167124259588e+40	4.0511710499784517e+40	1.1331107607771474e+40	5.78329412824888e+39	2.2648380809216012e+39	1.18264135704272e+41	6.240081298501587e+40	4.0511710499784517e+40	2.7731427631887785e+40
53182.281331782	1.5084948687128275e+42	2.705263975908627e+41	1.7406708675831376e+41	1.0256039013080366e+41	7.030601691020222e+40	4.0804144842706766e+40	1.1515581339309525e+40	5.895440307996921e+39	2.315885927735767e+39	1.1753074390670999e+41	6.256873947484325e+40	4.0804144842706766e+40	2.8022051038375617e+40
57917.666646806036	1.2848471715717663e+42	2.623452982596037e+41	1.7091543319705695e+41	1.0178070326217825e+41	7.017319146377321e+40	4.09897502986565e+40	1.1680736615255367e+40	5.999776322203267e+39	2.3647260147000572e+39	1.1635685515720069e+41	6.254670791171017e+40	4.09897502986565e+40	2.824836067121529e+40
63075.40247711745	1.0908950549332479e+42	2.5273578846915914e+41	1.669152309970787e+41	1.0056374219089641e+41	6.977086901674995e+40	4.1041987395868554e+40	1.181992780780056e+40	6.09310908896007e+39	2.410199150918229e+39	1.1466311370082694e+41	6.229280002193602e+40	4.1041987395868554e+40	2.839272371238765e+40
68693.19727376482	9.219660617786603e+41	2.4152011448482716e+41	1.6192842208933316e+41	9.8822338050254e+40	6.903897171312561e+40	4.092673219128828e+40	1.192440520687497e+40	6.17119347958322e+39	2.4507467321705598e+39	1.1235051193784386e+41	6.175367921989936e+40	4.092673219128828e+40	2.843228676434518e+40
74812.12670956913	7.74428267493881e+41	2.2854129323337036e+41	1.558180466277358e+41	9.646469157697994e+40	6.791268232253201e+40	4.0606332577920216e+40	1.198425198583689e+40	6.229181721983032e+39	2.4845766173361177e+39	1.0931598234155096e+41	6.087146802833488e+40	4.0606332577920216e+40	2.834156560677155e+40
81476.93432242068	6.45663882693791e+41	2.137263347799863e+41	1.4848416253513372e+41	9.341274036666017e+40	6.63339697244819e+40	4.004562035621744e+40	1.1989817358814071e+40	6.262316408186107e+39	2.5099205387644494e+39	1.0547418945716668e+41	5.959375293196398e+40	4.004562035621744e+40	2.8096331559465965e+40
88736.35900342297	5.3384548569196784e+41	1.97139930418935e+41	1.398964462209294e+41	8.96194706575918e+40	6.426260337961349e+40	3.9217717945520223e+40	1.1933111781756187e+40	6.266605893179305e+39	2.5252851330861937e+39	1.0077792388754811e+41	5.788317423381878e+40	3.9217717945520223e+40	2.7677379536655024e+40
96643.49172692544	4.376106153913182e+41	1.79012080483881e+41	1.301141812491497e+41	8.508036080578697e+40	6.168358421014599e+40	3.810799305031773e+40	1.1808752459632046e+40	6.239280048017548e+39	2.5296206436765763e+39	9.523141668435794e+40	5.572391818104369e+40	3.810799305031773e+40	2.7073095014400175e+40
105256.16413352778	3.557597369372664e+41	1.5973484439175669e+41	1.192907328249882e+41	7.983744814106026e+40	5.861003177863543e+40	3.671564610770087e+40	1.1614328267811082e+40	6.178961638913817e+39	2.5223827815712707e+39	8.889479157139257e+40	5.312427334244127e+40	3.671564610770087e+40	2.628047981886766e+40
114637.3718102779	2.8705890708754726e+41	1.3983233498244352e+41	1.076645019562709e+41	7.397708152325456e+40	5.508222993789858e+40	3.5053317480956245e+40	1.135028071915788e+40	6.085600259436484e+39	2.5035051745495612e+39	8.188089238980924e+40	5.011586945702341e+40	3.5053317480956245e+40	2.530489265322208e+40
124855.73536622745	2.3016382795874274e+41	1.199119054603396e+41	9.554026556432967e+40	6.762340960486894e+40	5.116418137127888e+40	3.314546215264757e+40	1.1019491651584054e+40	5.960262212372406e+39	2.4733173703485597e+39	7.43468811534595e+40	4.675078806807253e+40	3.314546215264757e+40	2.4159001923458336e+40
135986.00267811667	1.8363650431400898e+41	1.006048608156563e+41	8.326460734762829e+40	6.092946331213372e+40	4.69388988850335e+40	3.1026182518951538e+40	1.0626757952640539e+40	5.80486507979953e+39	2.4324417102300736e+39	6.648278714814451e+40	4.309762957794035e+40	3.1026182518951538e+40	2.286141488808846e+40
148109.5959822665	1.4601028598961499e+41	8.250435496268991e+40	7.11982425607708e+40	5.406704120056118e+40	4.2503220664179816e+40	2.873697358475143e+40	1.0178277687047726e+40	5.621918685869301e+39	2.381692326785455e+39	5.849845582125763e+40	3.923723451286529e+40	2.873697358475143e+40	2.1435294435276369e+40
161315.2078169688	1.1586520956969627e+41	6.610774483631304e+40	5.96873929743915e+40	4.7216012979097975e+40	3.7962502998671e+40	2.632459077865788e+40	9.681212821237674e+39	5.4143055139406504e+39	2.3219888437893473e+39	5.060970561593282e+40	3.5258370399157916e+40	2.632459077865788e+40	1.9907114882737434e+40
175699.45017719056	9.189022795062142e+40	5.177060466762622e+40	4.903630063968145e+40	4.0553345829824954e+40	3.342526226031645e+40	2.383907370378103e+40	9.143349554596534e+39	5.185112329298862e+39	2.2542894328447275e+39	4.3024211731301193e+40	3.125343545080851e+40	2.383907370378103e+40	1.830558954334735e+40
191367.56163286397	7.292292130748686e+40	3.967907310280264e+40	3.948333862712528e+40	3.4242160382472197e+40	2.8997736938324566e+40	2.1331863134630727e+40	8.572850739317523e+39	4.9375120959099875e+39	2.179543216448598e+39	3.5927716145783904e+40	2.7314121444342086e+40	2.1331863134630727e+40	1.6660733344861631e+40
208434.177586269	5.796673924388632e+40	2.9845265468656205e+40	3.118356623496891e+40	2.842135971151715e+40	2.4778393995551243e+40	1.8853921097686117e+40	7.978081953288585e+39	4.6746892583469074e+39	2.098659857834756e+39	2.9471489510106447e+40	2.352699999207353e+40	1.8853921097686117e+40	1.5002994325216028e+40
227024.16930613518	4.619051700324311e+40	2.212671304156167e+40	2.420048089817036e+40	2.319670745553552e+40	2.0852564014176668e+40	1.6453787756138303e+40	7.367488310020802e+39	4.399799496178291e+39	2.012493577841035e+39	2.3762339929361817e+40	1.9969113088190452e+40	1.6453787756138303e+40	1.3362386566728146e+40
247273.55787947337	3.691627701828631e+40	1.626577969490063e+40	1.850875385676481e+40	1.863448491887903e+40	1.7287594509371056e+40	1.4175568158834113e+40	6.749498706349205e+39	4.115954901781497e+39	1.9218389417259043e+39	1.8856636108257165e+40	1.6703815821700806e+40	1.4175568158834113e+40	1.1767574598727623e+40
269330.50977048103	2.960071391697576e+40	1.19403457509296e+40	1.4007862590529692e+40	1.4758855444320712e+40	1.4129086679522066e+40	1.2056923140287964e+40	6.132435450408358e+39	3.826225776437784e+39	1.8274360164774722e+39	1.4759577826617877e+40	1.377728412642466e+40	1.2056923140287964e+40	1.0244890139880011e+40
293356.4212731593	2.381441860636593e+40	8.814651982089632e+39	1.0544186035123145e+40	1.1553684991365226e+40	1.139884619066453e+40	1.0127226124433421e+40	5.524409256165581e+39	3.533650207886672e+39	1.7299826124941033e+39	1.1430213636982804e+40	1.1216201515278864e+40	1.0127226124433421e+40	8.81730301281234e+39
319527.09979490755	1.9221497819148123e+40	6.58022846562876e+39	7.937127400877871e+39	8.968814104849162e+39	9.09506299374165e+39	8.40611973258798e+39	4.933182911657904e+39	3.241242216483591e+39	1.630151187618852e+39	8.791586051296846e+39	9.027113615232706e+39	8.40611973258798e+39	7.503415090208435e+39
348034.0506170794	1.5561096641435127e+40	4.980927199657869e+39	6.004021571690804e+39	6.929826669703893e+39	7.19491432548198e+39	6.902736268991074e+39	4.3659932008295123e+39	2.9519891841224717e+39	1.528607748121304e+39	6.744211796521348e+39	7.197749093986001e+39	6.902736268991074e+39	6.316592188234472e+39
379085.8785504893	1.2631504949238491e+40	3.821436441508616e+39	4.579374252176527e+39	5.349533202706501e+39	5.659309539228717e+39	5.615805639305763e+39	3.829330797676252e+39	2.6688300934007325e+39	1.4260298334321746e+39	5.180321378466273e+39	5.700260260341929e+39	5.615805639305763e+39	5.2643796882881115e+39
412909.8147447912	1.0276997294958347e+40	2.9630562478445867e+39	3.526063451174886e+39	4.139019310254296e+39	4.4390042957213337e+39	4.5347499416418174e+39	3.328692078399416e+39	2.3946086465124737e+39	1.3231206583417849e+39	3.9962373480635806e+39	4.495920048495362e+39	4.5347499416418174e+39	4.348346527476739e+39
449753.37982667144	8.377247309679585e+39	2.3125102175922298e+39	2.738622257979815e+39	3.216380436764552e+39	3.4809868636808825e+39	3.6416716601947294e+39	2.868332600470648e+39	2.1319997915372355e+39	1.2206167816250369e+39	3.1010115195551196e+39	3.54046410903854e+39	3.6416716601947294e+39	3.564454553240906e+39
489886.1955396099	6.839003767112737e+39	1.8090947560258007e+39	2.1406314361624255e+39	2.5120757936253776e+39	2.7340243497456434e+39	2.9139360106198545e+39	2.4510647683437757e+39	1.8834142475199743e+39	1.1192873144506153e+39	2.420664716585162e+39	2.7891302649196084e+39	2.9139360106198545e+39	2.90395642913706e+39
533601.9581448699	5.589660585763437e+39	1.4135461502050584e+39	1.679010968858368e+39	1.9708506750574744e+39	2.1525713417833743e+39	2.3269039458162596e+39	2.0781462169452744e+39	1.650892305073942e+39	1.0199236752145984e+39	1.898576167711116e+39	2.2005912531874543e+39	2.3269039458162596e+39	2.3547076121380315e+39
581220.5880273347	4.57235592391161e+39	1.09991594509939e+39	1.3176642810706612e+39	1.5509979269628254e+39	1.6987600238310535e+39	1.856353104294461e+39	1.749295873660002e+39	1.4360036657028163e+39	9.233201134548407e+38	1.4933200981899197e+39	1.739346909016843e+39	1.856353104294461e+39	1.9026764328065257e+39
633090.5712394798	3.742270532865959e+39	8.503129076191436e+38	1.0319971686220368e+39	1.2221028357797602e+39	1.3426997118480204e+39	1.480242706979006e+39	1.4628512255248534e+39	1.2397724631089636e+39	8.302465914242976e+38	1.1753879943639439e+39	1.376586258751023e+39	1.480242706979006e+39	1.5333928779340942e+39
689591.5101216022	3.063845260264712e+39	6.5176506078344065e+38	8.048747007286324e+38	9.623326613856759e+38	1.0616340143398006e+39	1.1796861465379304e+39	1.2160486639273507e+39	1.0626443172039555e+39	7.41416994974526e+38	9.239053596033721e+38	1.0898771501050493e+39	1.1796861465379304e+39	1.2331114707566648e+39
751136.9016666928	2.5086905033841496e+39	4.9442394141349795e+38	6.23938594851776e+38	7.55975380220414e+38	8.385690201666813e+38	9.392060012408064e+38	1.0053793250746033e+39	9.045048402824978e+38	6.574567621133127e+38	7.239399324041428e+38	8.621890913631952e+38	9.392060012408064e+38	9.895620118865347e+38
818177.1639652521	2.0540104989010908e+39	3.705390668773248e+38	4.799408492431264e+38	5.915331345378917e+38	6.608529947264028e+38	7.464847839969587e+38	8.269569687024741e+38	7.647480712661253e+38	5.788745962657874e+38	5.645577295500356e+38	6.807091129646132e+38	7.464847839969587e+38	7.92282025474511e+38
891202.9328810979	1.6814082446944486e+39	2.7385302394312836e+38	3.657360145979677e+38	4.603883736513634e+38	5.189757165693983e+38	5.9186032723782954e+38	6.768381022173876e+38	6.423820229424366e+38	5.060425718069551e+38	4.375281509779048e+38	5.357532312941257e+38	5.9186032723782954e+38	6.326196046374053e+38
970748.6530871053	1.3759719596709774e+39	1.9922563210728524e+38	2.7566564516428403e+38	3.559242176048031e+38	4.056693746636931e+38	4.677676604481101e+38	5.5125563073310494e+38	5.361510013472231e+38	4.39187585445757e+38	3.3649586676824438e+38	4.199057324835853e+38	4.677676604481101e+38	5.0353777002251005e+38
1057396.4897443224	1.1255705318641601e+39	1.4238745017572567e+38	2.0516790820490653e+38	2.7295576324561408e+38	3.152814881276533e+38	3.6824601283474875e+38	4.4675581358033546e+38	4.446530830024217e+38	3.783948304773682e+38	2.5645289790690965e+38	3.2739723790905827e+38	3.6824601283474875e+38	3.99342091661615e+38
1151780.5894547952	9.20305242210439e+38	9.977079869849953e+37	1.5051752582362888e+38	2.0735717642209664e+38	2.4335009454969586e+38	2.8855355570531175e+38	3.602528916975426e+38	3.664363521266929e+38	3.236214697879888e+38	1.9339293039894485e+38	2.5367493651866643e+38	2.8855355570531175e+38	3.1541404251953305e+38
1254591.721674909	7.520795081930442e+38	6.839010680024202e+37	1.0864455821956053e+38	1.558081242745788e+38	1.863140061446215e+38	2.2488502226671845e+38	2.8902876059994237e+38	3.000665625015967e+38	2.747168054363707e+38	1.4407514070989919e+38	1.9510724455499325e+38	2.2488502226671845e+38	2.479888146921891e+38
1366582.3345608097	6.142584122880529e+38	4.5754774564991585e+37	7.700389795059651e+37	1.1561377522815982e+38	1.4130885305880845e+38	1.7416830036457282e+38	2.307053760237977e+38	2.441677127171056e+38	2.3144452829157766e+38	1.0585577059177576e+38	1.4877584617006178e+38	1.7416830036457282e+38	1.9398443802080678e+38
1488572.0622509273	5.013973159397867e+38	2.9803457990830766e+37	5.347940015802186e+37	8.457233126089807e+37	1.0601770054405723e+38	1.3391524541657155e+38	1.8320992376213245e+38	1.9744275919236816e+38	1.9350341624604837e+38	7.656407582277645e+37	1.1232356923841416e+38	1.3391524541657155e+38	1.5087343243710227e+38
1621453.7238949896	4.090240347707672e+38	1.885178073740741e+37	3.6312549704603987e+37	6.087522715159569e+37	7.855782236126895e+37	1.0210813748166415e+38	1.4474287816654784e+38	1.5868304139653677e+38	1.6054450756491922e+38	5.440919636113387e+37	8.383895904941676e+37	1.0210813748166415e+38	1.1658454483007185e+38
1766199.8583384065	3.334629509063984e+38	1.154760736832541e+37	2.4048619826000142e+37	4.303112937791871e+37	5.739300669638326e+37	7.711003245399929e+37	1.1375145626052685e+38	1.2677312690281375e+38	1.3218461890147213e+38	3.7909681629539654e+37	6.176646966454934e+37	7.711003245399929e+37	8.94244160294589e+37
1923869.842291915	2.7169226608715644e+38	6.829811727915659e+36	1.5494949096119284e+37	2.9807940842876794e+37	4.1265052038934744e+37	5.759222123807513e+37	8.890704687229881e+37	1.006945933905572e+38	1.0801732956828764e+38	2.5840030308069766e+37	4.4835774557449595e+37	5.759222123807513e+37	6.801269044454737e+37
2095617.6440876427	2.2122760551729207e+38	3.8881622793577615e+36	9.687085579478177e+36	2.0188562458815853e+37	2.914030712793628e+37	4.247494673306662e+37	6.908427647920458e+37	7.952945787281419e+37	8.762286824752502e+37	1.7189946841577362e+37	3.200608796547011e+37	4.247494673306662e+37	5.122701456994547e+37
2282700.2697756193	1.8002678192222164e+38	2.123500928963267e+36	5.859547595796948e+36	1.333701015997412e+37	2.016822839798416e+37	3.0879078586773267e+37	5.334010768900145e+37	6.246246111305816e+37	7.057793699903177e+37	1.1132818501909448e+37	2.2422603425429996e+37	3.0879078586773267e+37	3.815618418624579e+37
2486486.9633834227	1.4641167079385388e+38	1.1086396550659305e+36	3.418938548360443e+36	8.572014763238206e+36	1.3649471640971671e+37	2.2087131970518166e+37	4.0892458282855604e+37	4.878110411272735e+37	5.6465738304364635e+37	7.000501766920382e+36	1.5382727077069853e+37	2.2087131970518166e+37	2.8060552372127064e+37
2708469.2286833017	1.1900394339684615e+38	5.5120239606952825e+35	1.9181388880214846e+36	5.345685245613837e+36	9.01133148077768e+36	1.5512264483120962e+37	3.1098646327498347e+37	3.787273973881418e+37	4.4885752504253625e+37	4.262073595399091e+36	1.0310063198514902e+37	1.5512264483120962e+37	2.0339079770788565e+37
2950271.74582645	9.667216159184317e+37	2.5992835508375284e+35	1.031206276124199e+36	3.225325557558779e+36	5.788605167447302e+36	1.067399499463647e+37	2.3434418103400674e+37	2.9218725607030287e+37	3.5462493812582466e+37	2.5048387443778346e+36	6.734328100053815e+36	1.067399499463647e+37	1.4502450786430068e+37
3213664.262757401	7.848814896964254e+37	1.1575337956366133e+35	5.293036492170695e+35	1.8770284624705632e+36	3.608202390401765e+36	7.17939526085521e+36	1.7474334205106594e+37	2.2386159913547665e+37	2.7852441486419997e+37	1.4165242995753837e+36	4.2755471701088546e+36	7.17939526085521e+36	1.0151566095831897e+37
3500574.548461239	6.369101088910267e+37	4.845435888564937e+34	2.583856636897428e+35	1.0502443462565979e+36	2.1761532031925412e+36	4.7085653175596265e+36	1.2874146461283842e+37	1.701805605659387e+37	2.174863580053183e+37	7.68217674311386e+35	2.631147838317331e+36	4.7085653175596265e+36	6.960651482737107e+36
3813102.502875214	5.16574472572893e+37	1.897090513682236e+34	1.1946216773016943e+35	5.630379838979916e+35	1.266029253012165e+36	3.0032815146619633e+36	9.355530371506423e+36	1.2822862372628714e+37	1.688278439237498e+37	3.9810317786503946e+35	1.5648559305050413e+36	3.0032815146619633e+36	4.6641609611208096e+36
4153535.5267723748	4.1877258960559303e+37	6.910027651100988e+33	5.207857365024888e+34	2.8815171336701032e+35	7.081841643868161e+35	1.857848611348055e+36	6.693287832044971e+36	9.564127591200794e+36	1.3025075838130911e+37	1.96376336887284e+35	8.966457432202056e+35	1.857848611348055e+36	3.046654491036207e+36
