#t	Le	U	B	V	R	I	J	H	K	g	r	i	z
#----------------------------------------------- 
6.231070087889746	0.0	0.0	0.0	0.0	0.0	0.0	0.0	0.0	0.0	0.0	0.0	0.0	0.0
6.475563181441259	0.0	0.0	0.0	0.0	0.0	0.0	0.0	0.0	0.0	0.0	0.0	0.0	0.0
9.188643773668405	0.0	0.0	0.0	0.0	0.0	0.0	0.0	0.0	0.0	0.0	0.0	0.0	0.0
11.38632730552549	0.0	0.0	0.0	0.0	0.0	0.0	0.0	0.0	0.0	0.0	0.0	0.0	0.0
14.966284562924438	0.0	0.0	0.0	0.0	0.0	0.0	0.0	0.0	0.0	0.0	0.0	0.0	0.0
20.091057485651973	0.0	0.0	0.0	0.0	0.0	0.0	0.0	0.0	0.0	0.0	0.0	0.0	0.0
27.10606957730246	0.0	0.0	0.0	0.0	0.0	0.0	0.0	0.0	0.0	0.0	0.0	0.0	0.0
36.297168274640924	0.0	0.0	0.0	0.0	0.0	0.0	0.0	0.0	0.0	0.0	0.0	0.0	0.0
47.69353573508262	0.0	0.0	0.0	0.0	0.0	0.0	0.0	0.0	0.0	0.0	0.0	0.0	0.0
61.081239380463806	0.0	0.0	0.0	0.0	0.0	0.0	0.0	0.0	0.0	0.0	0.0	0.0	0.0
76.17653044564102	0.0	0.0	0.0	0.0	0.0	0.0	0.0	0.0	0.0	0.0	0.0	0.0	0.0
92.7607793852774	0.0	0.0	0.0	0.0	0.0	0.0	0.0	0.0	0.0	0.0	0.0	0.0	0.0
110.70687062707066	0.0	0.0	0.0	0.0	0.0	0.0	0.0	0.0	0.0	0.0	0.0	0.0	0.0
129.9552170954249	0.0	0.0	0.0	0.0	0.0	0.0	0.0	0.0	0.0	0.0	0.0	0.0	0.0
150.48689509432407	0.0	0.0	0.0	0.0	0.0	0.0	0.0	0.0	0.0	0.0	0.0	0.0	0.0
172.30587015963619	0.0	0.0	0.0	0.0	0.0	0.0	0.0	0.0	0.0	0.0	0.0	0.0	0.0
195.42887345538003	0.0	0.0	0.0	0.0	0.0	0.0	0.0	0.0	0.0	0.0	0.0	0.0	0.0
219.8798860314905	0.0	0.0	0.0	0.0	0.0	0.0	0.0	0.0	0.0	0.0	0.0	0.0	0.0
245.68714682000137	0.0	0.0	0.0	0.0	0.0	0.0	0.0	0.0	0.0	0.0	0.0	0.0	0.0
272.88151216466736	0.0	0.0	0.0	0.0	0.0	0.0	0.0	0.0	0.0	0.0	0.0	0.0	0.0
301.4955430916139	0.0	0.0	0.0	0.0	0.0	0.0	0.0	0.0	0.0	0.0	0.0	0.0	0.0
331.5629908287605	0.0	0.0	0.0	0.0	0.0	0.0	0.0	0.0	0.0	0.0	0.0	0.0	0.0
363.1185046626229	0.0	0.0	0.0	0.0	0.0	0.0	0.0	0.0	0.0	0.0	0.0	0.0	0.0
396.1974667266609	0.0	0.0	0.0	0.0	0.0	0.0	0.0	0.0	0.0	0.0	0.0	0.0	0.0
430.8359011424817	0.0	0.0	0.0	0.0	0.0	0.0	0.0	0.0	0.0	0.0	0.0	0.0	0.0
467.07042528952974	0.0	0.0	0.0	0.0	0.0	0.0	0.0	0.0	0.0	0.0	0.0	0.0	0.0
504.93822700221136	0.0	0.0	0.0	0.0	0.0	0.0	0.0	0.0	0.0	0.0	0.0	0.0	0.0
544.4770572125271	0.0	0.0	0.0	0.0	0.0	0.0	0.0	0.0	0.0	0.0	0.0	0.0	0.0
585.7252311246356	0.0	0.0	0.0	0.0	0.0	0.0	0.0	0.0	0.0	0.0	0.0	0.0	0.0
628.7216365597869	0.0	0.0	0.0	0.0	0.0	0.0	0.0	0.0	0.0	0.0	0.0	0.0	0.0
673.505744433909	0.0	0.0	0.0	0.0	0.0	0.0	0.0	0.0	0.0	0.0	0.0	0.0	0.0
720.1176218122083	0.0	0.0	0.0	0.0	0.0	0.0	0.0	0.0	0.0	0.0	0.0	0.0	0.0
768.5979458292359	0.0	0.0	0.0	0.0	0.0	0.0	0.0	0.0	0.0	0.0	0.0	0.0	0.0
818.9880201265518	0.0	0.0	0.0	0.0	0.0	0.0	0.0	0.0	0.0	0.0	0.0	0.0	0.0
871.3297889811332	0.0	0.0	0.0	0.0	0.0	0.0	0.0	0.0	0.0	0.0	0.0	0.0	0.0
925.6658549603386	0.0	0.0	0.0	0.0	0.0	0.0	0.0	0.0	0.0	0.0	0.0	0.0	0.0
982.0394919637414	0.0	0.0	0.0	0.0	0.0	0.0	0.0	0.0	0.0	0.0	0.0	0.0	0.0
1040.494660246289	0.0	0.0	0.0	0.0	0.0	0.0	0.0	0.0	0.0	0.0	0.0	0.0	0.0
1101.0760255382536	0.0	0.0	0.0	0.0	0.0	0.0	0.0	0.0	0.0	0.0	0.0	0.0	0.0
1163.8289707688548	0.0	0.0	0.0	0.0	0.0	0.0	0.0	0.0	0.0	0.0	0.0	0.0	0.0
1228.799614008994	0.0	0.0	0.0	0.0	0.0	0.0	0.0	0.0	0.0	0.0	0.0	0.0	0.0
1296.0348247414433	0.0	0.0	0.0	0.0	0.0	0.0	0.0	0.0	0.0	0.0	0.0	0.0	0.0
1365.5822352762134	0.0	0.0	0.0	0.0	0.0	0.0	0.0	0.0	0.0	0.0	0.0	0.0	0.0
1437.4902551085258	0.0	0.0	0.0	0.0	0.0	0.0	0.0	0.0	0.0	0.0	0.0	0.0	0.0
1511.808087954066	0.0	0.0	0.0	0.0	0.0	0.0	0.0	0.0	0.0	0.0	0.0	0.0	0.0
1588.585745913731	0.0	0.0	0.0	0.0	0.0	0.0	0.0	0.0	0.0	0.0	0.0	0.0	0.0
1667.8740691628752	0.0	0.0	0.0	0.0	0.0	0.0	0.0	0.0	0.0	0.0	0.0	0.0	0.0
1749.7247391714686	0.0	0.0	0.0	0.0	0.0	0.0	0.0	0.0	0.0	0.0	0.0	0.0	0.0
1834.1902941337605	0.0	0.0	0.0	0.0	0.0	0.0	0.0	0.0	0.0	0.0	0.0	0.0	0.0
1921.3241469843306	0.0	0.0	0.0	0.0	0.0	0.0	0.0	0.0	0.0	0.0	0.0	0.0	0.0
2011.1806043968818	0.0	0.0	0.0	0.0	0.0	0.0	0.0	0.0	0.0	0.0	0.0	0.0	0.0
2103.8148796566343	0.0	0.0	0.0	0.0	0.0	0.0	0.0	0.0	0.0	0.0	0.0	0.0	0.0
2199.283112033847	0.0	0.0	0.0	0.0	0.0	0.0	0.0	0.0	0.0	0.0	0.0	0.0	0.0
2297.642382435985	0.0	0.0	0.0	0.0	0.0	0.0	0.0	0.0	0.0	0.0	0.0	0.0	0.0
2398.950728330514	0.0	0.0	0.0	0.0	0.0	0.0	0.0	0.0	0.0	0.0	0.0	0.0	0.0
2503.2671641230336	0.0	0.0	0.0	0.0	0.0	0.0	0.0	0.0	0.0	0.0	0.0	0.0	0.0
2610.6516933457283	0.0	0.0	0.0	0.0	0.0	0.0	0.0	0.0	0.0	0.0	0.0	0.0	0.0
2721.1653268364075	0.0	0.0	0.0	0.0	0.0	0.0	0.0	0.0	0.0	0.0	0.0	0.0	0.0
2834.8701030047177	0.0	0.0	0.0	0.0	0.0	0.0	0.0	0.0	0.0	0.0	0.0	0.0	0.0
2951.829105623918	4.0077153349029764e+29	8.616842575149353e+27	4.997910694472929e+27	2.692280597877797e+27	1.7576655244033079e+27	9.653863065057394e+26	2.5040103429825275e+26	1.245144639612264e+26	4.748752966483903e+25	3.1487328662553004e+27	1.54379895913556e+27	9.653863065057394e+26	6.431824187176866e+26
3072.1064787333303	5.042545424492612e+30	1.1646036889751756e+29	6.766241770422996e+28	3.650203081947099e+28	2.3849754183700595e+28	1.311139899874656e+28	3.405692173340063e+27	1.6943626150459867e+27	6.465296285819527e+26	4.267631611795269e+28	2.0952385607790106e+28	1.311139899874656e+28	8.739848903093275e+27
3195.7674470627762	5.1887500883141385e+31	1.3140407490663398e+30	7.651642226324869e+29	4.135972989719868e+29	2.705291458523093e+29	1.4890672646454892e+29	3.875260558147836e+28	1.92926558825728e+28	7.366663323458196e+27	4.833400282696557e+29	2.3773370621909425e+29	1.4890672646454892e+29	9.932663554340825e+28
3322.878332793367	4.367195073082903e+32	1.2008587925679186e+31	7.007249791750286e+30	3.794593798210424e+30	2.484497087974357e+30	1.3691038635419592e+30	3.569393952834754e+29	1.778095260670944e+29	6.79374554195068e+28	4.432604954398766e+30	2.1839034885261345e+30	1.3691038635419592e+30	9.13825830423669e+29
3453.506573960574	2.996565112874185e+33	9.01246658874787e+31	5.271486513704178e+31	2.8605726658594965e+31	1.8750886932774034e+31	1.0346275916362736e+31	2.7028151415966665e+30	1.347354794611845e+30	5.151669642329581e+29	3.3399572584810747e+31	1.648735127837277e+31	1.0346275916362736e+31	6.910723319150565e+30
3587.720742757797	1.7409478745305136e+34	5.6975846031221966e+32	3.3403922638454516e+32	1.8163703463560167e+32	1.191956002246854e+32	6.585316641340558e+31	1.723720087517534e+31	8.598674684111074e+30	3.290054850236452e+30	2.1197763194132922e+32	1.0483855995318754e+32	6.585316641340558e+31	4.40172357320342e+31
3725.5905673448015	8.59767244970593e+34	3.0711141723712714e+33	1.8051088406285877e+33	9.837152161776993e+32	6.463256406494433e+32	3.575742823655649e+32	9.37954747819496e+31	4.6824073556980615e+31	1.7929581466763756e+31	1.1474568913432567e+33	5.686623918801112e+32	3.575742823655649e+32	2.391901876926567e+32
3867.1869486859687	3.698901045721506e+35	1.4372163248100437e+34	8.469056541439793e+33	4.6255501166774035e+33	3.0427972237659233e+33	1.685728626652294e+33	4.431288588616317e+32	2.2138085368853582e+32	8.483408952024781e+31	5.39275954538771e+33	2.6780505989711226e+33	1.685728626652294e+33	1.1284862758011839e+33
4012.581981302612	1.3947367736527287e+36	5.9021380341157e+34	3.4873397951130978e+34	1.9091588382547092e+34	1.257506425918999e+34	6.976850025707789e+33	1.8381518718062835e+33	9.190354761221005e+32	3.524604388379253e+32	2.2246283803098146e+34	1.1071511856808568e+34	6.976850025707789e+33	4.6743214993886876e+33
4161.848977126833	4.691606500102217e+36	2.156678859312619e+35	1.2777867074303814e+35	7.0119467244985945e+34	4.624577028191884e+34	2.569584961024289e+34	6.785392233278784e+33	3.3952364894625646e+33	1.303164146453901e+33	8.166178718666391e+34	4.0730660222701125e+34	2.569584961024289e+34	1.7229654761301496e+34
4315.062480635707	1.4164512202531437e+37	7.075419040392234e+35	4.204087162196197e+35	2.312780756684662e+35	1.5274258105513441e+35	8.500082137610582e+34	2.249939234268663e+34	1.126745033756164e+34	4.328341139275557e+33	2.6919580049242875e+35	1.3457658692022413e+35	8.500082137610582e+34	5.704369121459393e+34
4472.298291030736	3.8898752313053148e+37	2.106898939992832e+36	1.2555473692687933e+36	6.924645620560194e+35	4.579578695606556e+35	2.5525341523562022e+35	6.772841548213672e+34	3.394617341286983e+34	1.3051444326852754e+34	8.055279778960494e+35	4.036430917552308e+35	2.5525341523562022e+35	1.7144816194598245e+35
4633.633481749909	9.769674370869935e+37	5.736875583805449e+36	3.429177553735072e+36	1.8962827393807438e+36	1.2559102533454779e+36	7.011579292644309e+35	1.8651306008877197e+35	9.356395842012785e+34	3.6004992623605274e+34	2.20457475178396e+36	1.1073883930574418e+36	7.011579292644309e+35	4.713779024903928e+35
4799.146416776866	2.2673094316313365e+38	1.4407710370109604e+37	8.639006836729052e+36	4.79015830510092e+36	3.1772084319725456e+36	1.7767576655592828e+36	4.7384486860914104e+35	2.3791495619567502e+35	9.163660663798058e+34	5.565508341390491e+36	2.802591622209139e+36	1.7767576655592828e+36	1.1955869954097693e+36
4968.91677774929	4.883933363435238e+38	3.3572459743600854e+37	2.01958426715964e+37	1.1229698597460533e+37	7.459840016085526e+36	4.1789326730348896e+36	1.1174550240988797e+36	5.615857491872084e+35	2.165064011875405e+35	1.3039041914084132e+37	6.582988926198209e+36	4.1789326730348896e+36	2.814707265463779e+36
5143.02558308472	9.841374541812895e+38	7.307219478787428e+37	4.410402086159314e+37	2.459435948633516e+37	1.636360486954911e+37	9.183037896219439e+36	2.4622632337103445e+36	1.2385965338758251e+36	4.7797013744765294e+35	2.8538341365744034e+37	1.4446294684109834e+37	9.183037896219439e+36	6.19125753647948e+36
5321.555210825715	1.86102502273113e+39	1.4922387447057148e+38	9.03805033844146e+37	5.055181959059742e+37	3.3689218947446157e+37	1.8940948898992556e+37	5.093084913038886e+36	2.5644943583014082e+36	9.90615308546372e+35	5.861834900601429e+37	2.9754999625947917e+37	1.8940948898992556e+37	1.278309859649705e+37
5504.589422112545	3.320536015917591e+39	2.873034108161796e+38	1.746395568973493e+38	9.798411370663538e+37	6.541015335997484e+37	3.6845689943566123e+37	9.936594335021055e+36	5.008382207582875e+36	1.9366303795644477e+36	1.1353914675864897e+38	5.779792771075413e+37	3.6845689943566123e+37	2.4893030884028427e+37
5692.213387200516	5.597968972237598e+39	5.22963056313287e+38	3.1909976877029948e+38	1.7962444578151557e+38	1.2012418500793186e+38	6.780278033485416e+37	1.8341599926278134e+37	9.254627407264523e+36	3.5824245167802873e+36	2.079848376229558e+38	1.0619556668985212e+38	6.780278033485416e+37	4.5858473334528215e+37
5884.513703309294	8.94158347843793e+39	9.025373882159838e+38	5.529323486862307e+38	3.1233432315209543e+38	2.0926888243811795e+38	1.1837138461699686e+38	3.212546743957557e+37	1.6227741901186542e+37	6.28883537235252e+36	3.613628812188238e+38	1.850978150002007e+38	1.1837138461699686e+38	8.015427595898982e+37
6081.578418883826	1.3520445099436448e+40	1.4781988033574198e+39	9.095799234779088e+38	5.1573304515766425e+38	3.4625691310645056e+38	1.963099170234086e+38	5.346547040380168e+37	2.7040091377894546e+37	1.0491891069439268e+37	5.961802193367189e+38	3.0643203539093423e+38	1.963099170234086e+38	1.3309809076939181e+38
6283.497056272556	2.0813236127290075e+40	2.3704102828259374e+39	1.4619841787496082e+39	8.306086032013631e+38	5.582668525079073e+38	3.1689643597937793e+38	8.646873419105067e+37	4.375953131158416e+37	1.6990291898273573e+37	9.597360287516974e+38	4.9420199109344665e+38	3.1689643597937793e+38	2.150000378685902e+38
6490.360636684062	3.2608359139730576e+40	3.72630819351707e+39	2.298697327859361e+39	1.3061939052487534e+39	8.77995296094906e+38	4.9843871458642816e+38	1.3602560432095351e+38	6.884260761076598e+37	2.673061095700139e+37	1.5091995779613315e+39	7.772582822538614e+38	4.9843871458642816e+38	3.3818715531282104e+38
6702.261700095947	4.38659126727981e+40	5.35271751081138e+39	3.314853549049405e+39	1.8899058994147695e+39	1.272656110345925e+39	7.239626466982729e+38	1.9818638665505078e+38	1.0040931171043267e+38	3.902969167333251e+37	2.181978458585006e+39	1.127186240870282e+39	7.239626466982729e+38	4.917528275225348e+38
6919.294326730411	5.673738421752108e+40	7.366854557686561e+39	4.5797223153890977e+39	2.6196705697527962e+39	1.767231592712571e+39	1.0073299775776034e+39	2.766037788963312e+38	1.4028604683154608e+38	5.458803910322336e+37	3.0222644584785464e+39	1.565981533221794e+39	1.0073299775776034e+39	6.84984594324026e+38
7141.554161322277	6.7405450946425055e+40	9.531062880944098e+39	5.958117354059122e+39	3.424404890944181e+39	2.3160717022231358e+39	1.3240059474558551e+39	3.651663510553733e+38	1.8548282838962036e+38	7.228548034230063e+37	3.9464103289185613e+39	2.053743120871393e+39	1.3240059474558551e+39	9.01754965261889e+38
7369.138437524998	7.735516488734634e+40	1.1853878238900156e+40	7.451441245942102e+39	4.3031254251092367e+39	2.9178939135682727e+39	1.6728781951569207e+39	4.634179083548441e+38	2.3574320606356487e+38	9.20125735170212e+37	4.9537362435906256e+39	2.5891905988703746e+39	1.6728781951569207e+39	1.1411702299665562e+39
7602.146002853467	8.260150622739866e+40	1.3956668720281928e+40	8.836737552374772e+39	5.1347128874107456e+39	3.493416127938482e+39	2.010348624070543e+39	5.600726957611464e+38	2.8546554614249363e+38	1.1163829554971624e+38	5.902802959314341e+39	3.1026563630541454e+39	2.010348624070543e+39	1.3741882973988933e+39
7840.677345481105	8.602486503862071e+40	1.5912905139548427e+40	1.0147969985529369e+40	5.932961470720633e+39	4.049916826826317e+39	2.3392815736553032e+39	6.553895083106028e+38	3.3469046192343478e+38	1.3114299049180016e+38	6.810986105015185e+39	3.600110726728047e+39	2.3392815736553032e+39	1.6022833586371693e+39
8084.834619203705	8.481911861420342e+40	1.7369848864686344e+40	1.117407176056172e+40	6.581699876097697e+39	4.5108328407799706e+39	2.6172603967818682e+39	7.38269243444866e+38	3.778892601000599e+38	1.4841590987069357e+38	7.543018632100779e+39	4.014154297375153e+39	2.6172603967818682e+39	1.7970883328457675e+39
8334.721672324828	8.294139179567252e+40	1.8600967251127352e+40	1.2067491405879655e+40	7.159325190250602e+39	4.9257895152190325e+39	2.870461405510655e+39	8.150087507875737e+38	4.180992202210207e+38	1.6457711734014986e+38	8.191663926565901e+39	4.387980206607584e+39	2.870461405510655e+39	1.9756118304851232e+39
8590.444074815692	7.830827482745496e+40	1.9348218819886199e+40	1.2675678681649916e+40	7.583125473540754e+39	5.240838069373954e+39	3.0694101003420717e+39	8.780986750631678e+38	4.516205920571969e+38	1.7823123665258524e+38	8.660243270490191e+39	4.67424367154925e+39	3.0694101003420717e+39	2.1183144920433855e+39
8852.109147267854	7.454264467709952e+40	2.003102091989591e+40	1.3244678257505233e+40	7.986047093302653e+39	5.542669253428204e+39	3.261532253293994e+39	9.39695068281348e+38	4.8446285598314056e+38	1.9165437973810505e+38	9.104225281563721e+39	4.9490348486791235e+39	3.261532253293994e+39	2.256685293870879e+39
9119.825986064976	6.959044921299566e+40	2.0408249503274438e+40	1.3636148573629466e+40	8.295679312658164e+39	5.785180400899054e+39	3.422452642068883e+39	9.939804310412314e+38	5.138393449545578e+38	2.0382899740031475e+38	9.438211285675697e+39	5.172186529673306e+39	3.422452642068883e+39	2.3749020804791495e+39
9393.705489984488	6.612273672926808e+40	2.0908036499115665e+40	1.4108311615986543e+40	8.655086197569017e+39	6.062992948546573e+39	3.6048032626972174e+39	1.0548137433045184e+39	5.466689704208806e+38	2.174027357508215e+38	9.828534927463213e+39	5.427074536074351e+39	3.6048032626972174e+39	2.50824228842021e+39
9673.860384774998	6.215078270704143e+40	2.1245099802038206e+40	1.4496399753651288e+40	8.97780669296608e+39	6.321079491983904e+39	3.7795611750104233e+39	1.1153341081874543e+39	5.796835262392124e+38	2.3119088067523352e+38	1.0173252114544151e+40	5.665773567428686e+39	3.7795611750104233e+39	2.6379136782353565e+39
9960.405247824528	5.953117191354126e+40	2.178275041155491e+40	1.5022759691312197e+40	9.388577605245787e+39	6.642505443806099e+39	3.993292214640501e+39	1.187954124893691e+39	6.191068147764603e+38	2.4758580453310738e+38	1.0616977063868102e+40	5.961612359829228e+39	3.993292214640501e+39	2.795263618693828e+39
10253.456537082986	6.450881886054698e+40	2.369307508830523e+40	1.6394876070912254e+40	1.0277697706244154e+40	7.284211158751757e+39	4.387839685534944e+39	1.3093930835309029e+39	6.831313112408158e+38	2.734885028919354e+38	1.1614141516037593e+40	6.540638856588558e+39	4.387839685534944e+39	3.074861682008099e+39
10553.132620495435	8.161080386928421e+40	2.8901443878992393e+40	1.9829409705913583e+40	1.2338243642258003e+40	8.708937306270753e+39	5.2219192406870026e+39	1.547421948666816e+39	8.053903389287654e+38	3.2166103538663318e+38	1.3966387497317588e+40	7.811323542722998e+39	5.2219192406870026e+39	3.6501268071775065e+39
10859.55380809029	8.055904872746847e+40	3.0234150582931833e+40	2.0940290252113936e+40	1.3134246626164277e+40	9.310655538165469e+39	5.609415197270886e+39	1.6741169381871828e+39	8.734190818313045e+38	3.496663195962668e+38	1.48406032196739e+40	8.360596317667113e+39	5.609415197270886e+39	3.9311305305901845e+39
11172.842378117011	8.013524282079039e+40	3.1676817823066437e+40	2.214726447805661e+40	1.4003443543483304e+40	9.969762664489443e+39	6.035458383038901e+39	1.814242211259868e+39	9.488137286671312e+38	3.807682186348616e+38	1.579402601097566e+40	8.962783112398181e+39	6.035458383038901e+39	4.2407406983454576e+39
11493.126159100704	7.872267941760892e+40	3.2961823353538087e+40	2.3292088779336707e+40	1.4860487763919142e+40	1.0630906863845201e+40	6.470091473562775e+39	1.9603337609084637e+39	1.0279351537250524e+39	4.136111279400538e+38	1.6726724035313186e+40	9.569401783301435e+39	6.470091473562775e+39	4.559232251695004e+39
11822.110631954698	7.578365066433758e+40	3.356057534920715e+40	2.401623113889535e+40	1.548923207509986e+40	1.1145466106931925e+40	6.827494072076434e+39	2.08880092294027e+39	1.098880593993526e+39	4.436016550246094e+38	1.7391810785703448e+40	1.0048235852085604e+40	6.827494072076434e+39	4.828068065256672e+39
12159.178494856618	7.433697487014009e+40	3.4660423229228437e+40	2.5089850453325e+40	1.6339897434941114e+40	1.1818786136534213e+40	7.281724448471519e+39	2.2468153185031523e+39	1.1853726962699941e+39	4.798721317789579e+38	1.8306819663627438e+40	1.0670022118252946e+40	7.281724448471519e+39	5.165274778386713e+39
12504.472015795254	7.119265309731773e+40	3.489029713554091e+40	2.561582001399998e+40	1.6887420025438731e+40	1.2295698059338461e+40	7.631623293377619e+39	2.3808719652935518e+39	1.2607576481735711e+39	5.122790642736528e+38	1.8867966652792982e+40	1.1120218513899404e+40	7.631623293377619e+39	5.435179121792767e+39
12858.127092761653	6.9701887754314995e+40	3.5722108605786004e+40	2.655452288195882e+40	1.769241525785129e+40	1.2954884516847755e+40	8.091342825339786e+39	2.5478168169859496e+39	1.353337224685552e+39	5.515876146995129e+38	1.9720302493473308e+40	1.1734066808352177e+40	8.091342825339786e+39	5.782105490723984e+39
13220.58531125769	6.686064391547589e+40	3.568364663349874e+40	2.692075717506954e+40	1.8169018257058358e+40	1.3397315232331654e+40	8.433551214592114e+39	2.686933324825034e+39	1.432872179332131e+39	5.863043612609653e+38	2.0192326959199528e+40	1.2157616442831764e+40	8.433551214592114e+39	6.052386596322002e+39
13591.898083066624	6.526536534417383e+40	3.6173195139726957e+40	2.76595669537055e+40	1.8884391260328378e+40	1.401147378840433e+40	8.881204647321908e+39	2.858627700123136e+39	1.5296329055845768e+39	6.2801640905706786e+38	2.093268064628893e+40	1.273603047052452e+40	8.881204647321908e+39	6.39743192777467e+39
13972.265013113381	6.282259628450147e+40	3.595915480797711e+40	2.7917320582968834e+40	1.931771291766906e+40	1.4438458053066313e+40	9.227598060134058e+39	3.007094684625586e+39	1.6157776945311128e+39	6.661357347919897e+38	2.1347620888084406e+40	1.3150050212838396e+40	9.227598060134058e+39	6.676850402834252e+39
14361.935286600816	7.806644791552596e+40	4.351394928913138e+40	3.338828411231188e+40	2.287218449978653e+40	1.7003362983636657e+40	1.0802297688832382e+40	3.4895766056890736e+39	1.8696084767792107e+39	7.68581993546028e+38	2.533302177590331e+40	1.5463888339683558e+40	1.0802297688832382e+40	7.791282422925572e+39
14761.139096412579	8.149100436107584e+40	4.695855407434995e+40	3.62884638774907e+40	2.498889710966897e+40	1.862290240461455e+40	1.1860596048492955e+40	3.8436767488919825e+39	2.0612566657043544e+39	8.481074917306329e+38	2.76468291254304e+40	1.6947323451914583e+40	1.1860596048492955e+40	8.565099037859999e+39
15170.112814229884	7.941345252107715e+40	4.708732710160796e+40	3.690345181608465e+40	2.5726411234992764e+40	1.9300861330250678e+40	1.2384491119766134e+40	4.0584217562704376e+39	2.1845437493293836e+39	9.021685335513476e+38	2.838345590321078e+40	1.7595735639878188e+40	1.2384491119766134e+40	8.97972851601065e+39
15589.039183121264	7.739916346684218e+40	4.722312183230649e+40	3.75534764429646e+40	2.6511297576048577e+40	2.0025159044440172e+40	1.2946634186110222e+40	4.290335646754776e+39	2.3179709776172092e+39	9.607982447604056e+38	2.916614595882595e+40	1.8289188840611596e+40	1.2946634186110222e+40	9.425678246867939e+39
16018.236794453072	7.540396126322196e+40	4.713118439355277e+40	3.804029463104277e+40	2.7205960713550785e+40	2.0695564399535041e+40	1.3486329864884672e+40	4.522218456236391e+39	2.4528912497422664e+39	1.0207009180568409e+39	2.9842094017534913e+40	1.893733932103796e+40	1.3486329864884672e+40	9.860825887214735e+39
16457.74553696827	7.333549350590701e+40	4.684358880942552e+40	3.840213077730613e+40	2.784264968474995e+40	2.1337962661559495e+40	1.402113469472e+40	4.7601472565825815e+39	2.592617982898733e+39	1.0832596359821987e+39	3.0445667443734906e+40	1.9564142227271565e+40	1.402113469472e+40	1.0298199950386954e+40
16908.678936800196	7.079250103553671e+40	4.610351729147487e+40	3.8425550435416936e+40	2.827003376986316e+40	2.183966112942641e+40	1.448052186292848e+40	4.9827234238293523e+39	2.726068486082668e+39	1.1441024482130758e+39	3.081000310257886e+40	2.0067299619191304e+40	1.448052186292848e+40	1.0687774239004086e+40
17369.14711110312	6.873458638767946e+40	4.545840127950331e+40	3.8524777735266817e+40	2.8767079487851126e+40	2.240582449706188e+40	1.499316101246961e+40	5.2306898192539186e+39	2.874927184330359e+39	1.2120861107191515e+39	3.124538818883449e+40	2.063283689715752e+40	1.499316101246961e+40	1.1121684390796158e+40
17838.727521103414	6.634726910981192e+40	4.446028563506498e+40	3.835207581434605e+40	2.909646517374636e+40	2.2862084516462534e+40	1.5450991851597128e+40	5.471452572650315e+39	3.022312147507873e+39	1.2805443000532037e+39	3.1488285006263434e+40	2.1102916484789314e+40	1.5450991851597128e+40	1.1523530752881172e+40
18319.085571941745	6.579434607080807e+40	4.439571756128863e+40	3.882558790172217e+40	2.9828821294128074e+40	2.360374843512696e+40	1.6081656225199474e+40	5.765333583010928e+39	3.1979080730228676e+39	1.3605519776603855e+39	3.2187041612955753e+40	2.1829402850912192e+40	1.6081656225199474e+40	1.204735693735801e+40
18810.260516714246	7.585824872842667e+40	5.145829362140063e+40	4.480259179703551e+40	3.425190548294492e+40	2.702141453130413e+40	1.8342524767607745e+40	6.536879077250163e+39	3.618327384985146e+39	1.536189883153632e+39	3.700412297659286e+40	2.496875113877961e+40	1.8342524767607745e+40	1.3712151253286042e+40
19311.812838848175	7.955996813944854e+40	5.450900340640321e+40	4.786842789059327e+40	3.684435089814415e+40	2.916534209104013e+40	1.986842090875107e+40	7.115091930425829e+39	3.944295611764722e+39	1.676980755818478e+39	3.9746067280123694e+40	2.697341916855064e+40	1.986842090875107e+40	1.4880002513653991e+40
19824.524500758445	7.521293286324264e+40	5.199848684390753e+40	4.667983365959225e+40	3.6631881063062726e+40	2.9304673062185235e+40	2.0200294127148394e+40	7.361550912789677e+39	4.104570596392732e+39	1.755074335875026e+39	3.934301259135697e+40	2.717907766057312e+40	2.0200294127148394e+40	1.5225430321537159e+40
20348.697621875963	7.499907067052097e+40	5.187953695195208e+40	4.72043035212212e+40	3.7507900307605035e+40	3.021731306039841e+40	2.099820661956731e+40	7.747307566209198e+39	4.3376852908730337e+39	1.8624387882045122e+39	4.016765160701046e+40	2.8079279882139666e+40	2.099820661956731e+40	1.5897469100307725e+40
20884.121451434923	7.178387559408545e+40	4.967312255675368e+40	4.612275063637224e+40	3.7327124577799775e+40	3.038013935713219e+40	2.135738842806101e+40	8.01873994521757e+39	4.5159573618815495e+39	1.9502013090407965e+39	3.980565419402245e+40	2.8308675017652787e+40	2.135738842806101e+40	1.627223850027122e+40
21431.70331395331	7.027370017821547e+40	4.850668213241822e+40	4.579890307883448e+40	3.7637508241049567e+40	3.089802591164679e+40	2.193706477005927e+40	8.361385630947504e+39	4.732875235581837e+39	2.0541743013431113e+39	3.999457277383895e+40	2.885888008436051e+40	2.193706477005927e+40	1.6805111808289965e+40
21990.247907880952	6.756275494102697e+40	4.633325972618307e+40	4.460588401238301e+40	3.732580856849686e+40	3.0958744503424408e+40	2.2242637434912836e+40	8.634267567106526e+39	4.917714502276054e+39	2.1475707061764006e+39	3.949693656056739e+40	2.899697918289111e+40	2.2242637434912836e+40	1.7151730562716661e+40
22560.95954672972	6.5734725264617e+40	4.47438227501926e+40	4.386777421246371e+40	3.732749677137761e+40	3.125427672789706e+40	2.2700749868604634e+40	8.960693505983014e+39	5.132585870984878e+39	2.2540140791913902e+39	3.9345847563063944e+40	2.9349419230098516e+40	2.2700749868604634e+40	1.7610798663694933e+40
23144.59117431825	6.63131288401304e+40	4.482185677962642e+40	4.452920489903875e+40	3.8352515482316684e+40	3.233258245651557e+40	2.3668553141753844e+40	9.454898939092004e+39	5.437407959680992e+39	2.3973453358131778e+39	4.0312987958270446e+40	3.041851630469554e+40	2.3668553141753844e+40	1.844101706552282e+40
23741.66652975233	7.375141107992142e+40	5.024763659103338e+40	5.0163818062113995e+40	4.3263045926375627e+40	3.6455025228184945e+40	2.664555534902782e+40	1.0600416850921547e+40	6.085204274397602e+39	2.6777047516613892e+39	4.547211784659417e+40	3.4287608616955093e+40	2.664555534902782e+40	2.073446733451497e+40
24353.060900246775	7.533201012791431e+40	5.088611649385589e+40	5.123240545321219e+40	4.457091125554705e+40	3.775736230182529e+40	2.7776474411602124e+40	1.1167948131495023e+40	6.435026172518319e+39	2.8423565820701044e+39	4.674855750276156e+40	3.5565829926772205e+40	2.7776474411602124e+40	2.1695246438170045e+40
24975.51549029428	7.156546988740096e+40	4.742196264592533e+40	4.900734728054526e+40	4.364455838594693e+40	3.745269023132925e+40	2.7955436198557156e+40	1.1485088587038467e+40	6.664874550888099e+39	2.964350302488522e+39	4.5532129321560695e+40	3.5401664043216825e+40	2.7955436198557156e+40	2.2007786380421253e+40
25609.395255915606	7.146685062656909e+40	4.675885202401244e+40	4.89467364630766e+40	4.41346986058113e+40	3.8153650531725963e+40	2.8732520159848637e+40	1.1976524863461919e+40	6.985751271348537e+39	3.1231923777553253e+39	4.590816081227788e+40	3.6138793493423314e+40	2.8732520159848637e+40	2.2735200624633486e+40
26255.05634105417	6.864185847076068e+40	4.386732755800313e+40	4.693901197423446e+40	4.3202399922532257e+40	3.7788876590654087e+40	2.884843190783172e+40	1.2281577787035714e+40	7.215250712867815e+39	3.248799762855986e+39	4.472374078749506e+40	3.590875821531114e+40	2.884843190783172e+40	2.3000886472476037e+40
26918.92426773976	6.715439670162021e+40	4.2106797271635863e+40	4.5842300318619e+40	4.286758427027127e+40	3.783805669749305e+40	2.9195556797577907e+40	1.2641912173045807e+40	7.470934851995945e+39	3.3839258383019625e+39	4.42136246716883e+40	3.604563648282624e+40	2.9195556797577907e+40	2.341828271931569e+40
27600.827958427777	6.459375281230629e+40	3.9452913927702806e+40	4.377596919476576e+40	4.1692497904926213e+40	3.7201001717800896e+40	2.907743925869036e+40	1.2857034340107863e+40	7.654204209420211e+39	3.492727197677854e+39	4.281564593255145e+40	3.5545803366806633e+40	2.907743925869036e+40	2.3496554530367014e+40
28295.046585750075	6.725060817911944e+40	4.038132699838397e+40	4.561546274076289e+40	4.406719656884924e+40	3.959388620587324e+40	3.1162930687325613e+40	1.3894751369248894e+40	8.290312731353373e+39	3.790214580600209e+39	4.511487237407073e+40	3.7898380888012465e+40	3.1162930687325613e+40	2.526575541765814e+40
29001.97509714621	7.145458595172587e+40	4.26707806035631e+40	4.846675239786403e+40	4.702538521018835e+40	4.235066010192319e+40	3.3423388860109406e+40	1.4968996290404644e+40	8.94563639291618e+39	4.096563783536289e+39	4.809662622296956e+40	4.05629645668804e+40	3.3423388860109406e+40	2.714056672129679e+40
29722.003475582078	7.149116950825911e+40	4.1721297220691585e+40	4.807401383427049e+40	4.729855307236443e+40	4.294784441845374e+40	3.422791225094634e+40	1.5572518267423727e+40	9.35765736361254e+39	4.3089575100790736e+39	4.821691193783354e+40	4.122908670709742e+40	3.422791225094634e+40	2.7949224521095474e+40
30460.92543903796	6.919679705648364e+40	3.8981492939808947e+40	4.592147643052923e+40	4.613231051348028e+40	4.239305055198516e+40	3.425868265099247e+40	1.5924775761513444e+40	9.638784791119305e+39	4.470079248017641e+39	4.679951861974598e+40	4.083037112633583e+40	3.425868265099247e+40	2.81915365742833e+40
31219.641762627954	6.806612734860122e+40	3.729331489045509e+40	4.465952215827117e+40	4.5554355608529515e+40	4.223523094064816e+40	3.449603418034601e+40	1.6319914668826423e+40	9.941069427472867e+39	4.64038708282657e+39	4.604831357841801e+40	4.0779137992287145e+40	3.449603418034601e+40	2.856180580902012e+40
31998.334310491602	6.588639056061853e+40	3.480174907929157e+40	4.2504650310832503e+40	4.41843305651574e+40	4.142374899491301e+40	3.428713642965034e+40	1.657780334239353e+40	1.0176489955444312e+40	4.7875338856675454e+39	4.446438011639576e+40	4.012004995243513e+40	3.428713642965034e+40	2.860682875727073e+40
32790.923210165834	6.441801420501577e+40	3.283662332385099e+40	4.0842416664714924e+40	4.3202694044889343e+40	4.092224815198701e+40	3.4295556413563804e+40	1.6930167596230308e+40	1.0471922039594122e+40	4.965020663741017e+39	4.329800289893907e+40	3.9748716258618204e+40	3.4295556413563804e+40	2.882132121552499e+40
33603.05269412841	6.588852662020534e+40	3.247441233640979e+40	4.115743898818061e+40	4.429711729572341e+40	4.2360164449728047e+40	3.5871383199777855e+40	1.7957505250677242e+40	1.1151906287192098e+40	5.306190446247423e+39	4.421830199986884e+40	4.1249584404273085e+40	3.5871383199777855e+40	3.0307855351914787e+40
34436.18926438078	6.910341646172871e+40	3.3591938066267874e+40	4.299003504963656e+40	4.659280262260859e+40	4.470219770164113e+40	3.7985719230455085e+40	1.911739900816159e+40	1.1895699405453049e+40	5.671972336354517e+39	4.64417116364776e+40	4.356686060610845e+40	3.7985719230455085e+40	3.2154292570800615e+40
35283.99349882699	6.948371177265932e+40	3.280104167637243e+40	4.254785406675455e+40	4.671830132454163e+40	4.51731575713786e+40	3.875256025197314e+40	1.981934736094493e+40	1.2405400587617948e+40	5.950925942175646e+39	4.642291744268456e+40	4.412264015840408e+40	3.875256025197314e+40	3.2986532389562335e+40
36152.912856193834	6.758147948600104e+40	3.0346450753038226e+40	4.026165636698342e+40	4.519431921324483e+40	4.426802662006872e+40	3.8558068452771837e+40	2.0196093581323943e+40	1.274437131809227e+40	6.162730268163429e+39	4.467510387099607e+40	4.3393432631562635e+40	3.8558068452771837e+40	3.310263699250184e+40
37044.4670169011	6.63483472125332e+40	2.879202117219496e+40	3.8746598068126165e+40	4.409442727388229e+40	4.3548854467072024e+40	3.8323840680725935e+40	2.0448294238196718e+40	1.2998071334961795e+40	6.334837308735425e+39	4.344590823352417e+40	4.2788877130413524e+40	3.8323840680725935e+40	3.310654348299642e+40
37959.30905154054	6.446373592164474e+40	2.662017660972698e+40	3.6536425064892345e+40	4.2419008117075678e+40	4.2403696758653287e+40	3.7866882273414327e+40	2.069852119908577e+40	1.3271052868764e+40	6.524506559589725e+39	4.15952958391172e+40	4.180561508846435e+40	3.7866882273414327e+40	3.2990023684555537e+40
38890.70935053726	6.410285766519966e+40	2.5548866666685947e+40	3.5571415946860145e+40	4.1863515561102374e+40	4.2186621557352994e+40	3.804751851592249e+40	2.1165977134270926e+40	1.3665113253757432e+40	6.768522449666393e+39	4.091915651059937e+40	4.168618445294657e+40	3.804751851592249e+40	3.334411507964395e+40
39838.19227469962	6.731668136216338e+40	2.5836279259732827e+40	3.661091484620383e+40	4.378210540012929e+40	4.451258557325022e+40	4.053875883887408e+40	2.284107077630178e+40	1.479387942473864e+40	7.345153276324181e+39	4.2637037702054185e+40	4.408886299960766e+40	4.053875883887408e+40	3.570609814049533e+40
40802.2939468232	6.717413632458787e+40	2.4594750757468486e+40	3.5472817639241117e+40	4.318880903961175e+40	4.438259592785511e+40	4.0939753413677775e+40	2.3542345153455526e+40	1.5356717294128193e+40	7.678977826384584e+39	4.1879497547755056e+40	4.409163398158979e+40	4.0939753413677775e+40	3.6321471302402935e+40
41783.55869732518	6.6978730075926495e+40	2.373196854848924e+40	3.4620411787253227e+40	4.2624342247926293e+40	4.410676927125046e+40	4.1048328406636787e+40	2.400357623945501e+40	1.5765787444341383e+40	7.943295912250819e+39	4.122121109305818e+40	4.390544305159929e+40	4.1048328406636787e+40	3.6619074049479843e+40
42782.52793634564	6.601255552234521e+40	2.2187394103176776e+40	3.2974125402185674e+40	4.1377172578666037e+40	4.330746516012225e+40	4.0859970585359224e+40	2.443708816755941e+40	1.6181980064470712e+40	8.221684854721503e+39	3.9833479118310746e+40	4.3247500494221375e+40	4.0859970585359224e+40	3.6739003333499444e+40
43799.735019527274	6.495030531052163e+40	2.0978937306524645e+40	3.1522722141155666e+40	4.005304616170566e+40	4.227806861784585e+40	4.034452708137537e+40	2.4656586633972206e+40	1.6469113881736208e+40	8.445238550355493e+39	3.8437398826808903e+40	4.2326268590476545e+40	4.034452708137537e+40	3.653622053102775e+40
44840.82692482581	6.397476322935275e+40	1.971092893405199e+40	3.0037205853971275e+40	3.877619725321964e+40	4.134226884221537e+40	3.994231299982746e+40	2.492944013202985e+40	1.6783805830462788e+40	8.679250630159804e+39	3.706715747350054e+40	4.150755280607275e+40	3.994231299982746e+40	3.643508308783411e+40
45906.64010203389	6.431861199048845e+40	1.9093674881596238e+40	2.9376962803400985e+40	3.8348625285062616e+40	4.1201383684047245e+40	4.022405612350353e+40	2.5605552911017025e+40	1.7368124591243193e+40	9.04894781473918e+39	3.655484282336883e+40	4.1461714987926705e+40	4.022405612350353e+40	3.6935415537802916e+40
46991.861821626975	6.761475878049641e+40	1.951166693579987e+40	3.0300354751373783e+40	3.9967923401901664e+40	4.3200899056715472e+40	4.245168405854388e+40	2.7246616146259496e+40	1.8523959979589598e+40	9.672493030845414e+39	3.800377276395585e+40	4.3543604934150494e+40	4.245168405854388e+40	3.9107431182118573e+40
48106.039880687225	6.968901399191656e+40	2.0139853362456592e+40	3.0945127537930422e+40	4.0671500676016413e+40	4.398083641052812e+40	4.3334676136555687e+40	2.806368549405012e+40	1.9165767146771794e+40	1.0060621262445523e+40	3.868555297150003e+40	4.434862525539095e+40	4.3334676136555687e+40	4.002172755270326e+40
49240.342547877306	7.375465299018759e+40	2.203209112406071e+40	3.295700679151173e+40	4.2594453255740274e+40	4.577767345268316e+40	4.493196649410138e+40	2.915611193475096e+40	1.9975173770065788e+40	1.0532335414274923e+40	4.0645724972667233e+40	4.610336955507005e+40	4.493196649410138e+40	4.1477207298723037e+40
50395.34538228983	8.195454810657995e+40	2.61942065521985e+40	3.7449540911233857e+40	4.692899210005575e+40	4.978565545746668e+40	4.832388348617643e+40	3.105676469907164e+40	2.125393365584252e+40	1.1208517180054836e+40	4.506252666390093e+40	4.998954733008276e+40	4.832388348617643e+40	4.440758405805836e+40
51581.83847865845	9.632068527946737e+40	3.410723936999036e+40	4.592098092670477e+40	5.488960972768205e+40	5.690393920891138e+40	5.397575562609299e+40	3.376704348327952e+40	2.2964289491776885e+40	1.205660895373969e+40	5.324856901572299e+40	5.6806052975999e+40	5.397575562609299e+40	4.905919609899014e+40
52797.33608274062	1.2346063748275124e+41	4.859915148711115e+40	6.166257388827178e+40	6.999292540041416e+40	7.06032749331168e+40	6.503988788777541e+40	3.912038599509572e+40	2.629285853208661e+40	1.365121445023833e+40	6.869621344844121e+40	6.997834992902981e+40	6.503988788777541e+40	5.823669124456488e+40
54034.67918851002	1.7108136428109841e+41	7.468709178522723e+40	8.958036268196736e+40	9.645198945506693e+40	9.43526453828395e+40	8.380324893925393e+40	4.754432304822619e+40	3.132749148186087e+40	1.5958840114609296e+40	9.584412965730804e+40	9.272355322801918e+40	8.380324893925393e+40	7.349256978467514e+40
55294.51904314096	2.4435327336311368e+41	1.1652863144503629e+41	1.3164123899549462e+41	1.3397889226046117e+41	1.2696889146113213e+41	1.087823254485851e+41	5.846743784940575e+40	3.7830906944601397e+40	1.8925237725087185e+40	1.3488636963898171e+41	1.237082880307006e+41	1.087823254485851e+41	9.354338741367896e+40
56577.51484860982	3.539502905394395e+41	1.7994853646050196e+41	1.9299953301092255e+41	1.866728222341823e+41	1.7166688673869141e+41	1.4192432902547889e+41	7.207730744512904e+40	4.573802611383125e+40	2.2445879173791887e+40	1.902190920212476e+41	1.6586679767616039e+41	1.4192432902547889e+41	1.196026503577715e+41
57884.32793008627	5.11973381759506e+41	2.7036633827298967e+41	2.77570689042325e+41	2.5716263652901152e+41	2.304841681434267e+41	1.8471621132126776e+41	8.911395696131231e+40	5.552141997636583e+40	2.6747657346871613e+40	2.647458024732818e+41	2.2109482352316387e+41	1.8471621132126776e+41	1.528895858986751e+41
59215.63287345202	7.298145613429038e+41	3.9231581072475675e+41	3.8775505855309475e+41	3.4620307768946413e+41	3.0353209941809305e+41	2.368895297970374e+41	1.093968466562549e+41	6.709254438109046e+40	3.180297873780489e+40	3.595548630257689e+41	2.8937672167464576e+41	2.368895297970374e+41	1.930957332545893e+41
60572.10151220729	1.0199025995221413e+42	5.5133474939852795e+41	5.264483250929346e+41	4.544212945454666e+41	3.9057297954500885e+41	2.9772247364373973e+41	1.3236072556510516e+41	8.007955712203275e+40	3.743220634019934e+40	4.757336780824473e+41	3.7030993793964636e+41	2.9772247364373973e+41	2.394525884917079e+41
61954.39919186024	1.4588140695314204e+42	7.908453414115499e+41	7.378790124564762e+41	6.2120899587784156e+41	5.253038846239212e+41	3.9199991049023315e+41	1.6748939289340361e+41	9.972848155083339e+40	4.581606823087359e+40	6.54378729036472e+41	4.956789039820488e+41	3.9199991049023315e+41	3.111478120965057e+41
63363.19889061703	2.019300118039369e+42	1.0799750183396915e+42	9.792807733531019e+41	8.024262995915372e+41	6.679527845288806e+41	4.89214436313718e+41	2.0265031921227395e+41	1.1928000420101873e+41	5.413277102032197e+40	8.506580301446621e+41	6.275372423462092e+41	4.89214436313718e+41	3.8415692408924536e+41
64808.76911097648	2.7180344677759834e+42	1.4254451898832873e+42	1.2595010543768973e+42	1.0062941370788413e+42	8.253090642107858e+41	5.9391192670731736e+41	2.3912765545884965e+41	1.3932950171418958e+41	6.257653496211363e+40	1.0731707767406691e+42	7.72182349730037e+41	5.9391192670731736e+41	4.6172237355934055e+41
66281.87198001787	3.5712731076200195e+42	1.8231895798579124e+42	1.5784382641575855e+42	1.236628317801596e+42	1.0024309266577977e+42	7.111827029393822e+41	2.7957663167329515e+41	1.6148270268270548e+41	7.188061497292229e+40	1.3249592497411433e+42	9.348216922384516e+41	7.111827029393822e+41	5.483179078741736e+41
67783.20375215936	4.582298388705333e+42	2.269054704162451e+42	1.92771008218561e+42	1.4832477378165164e+42	1.1897774516821442e+42	8.337188941313837e+41	3.2136730306469794e+41	1.8434706325489166e+41	8.148745186624237e+40	1.5959559603520378e+42	1.106313488658845e+42	8.337188941313837e+41	6.38319763060545e+41
69313.45516725858	5.77428964596289e+42	2.768854299504517e+42	2.3130884652545533e+42	1.7526820667607106e+42	1.3937774440363632e+42	9.668490895454259e+41	3.666552390270597e+41	2.0909408973527645e+41	9.186974512188088e+40	1.8925644279415768e+42	1.292926960054997e+42	9.668490895454259e+41	7.360184041893939e+41
70883.26822164714	7.484363655260026e+42	3.504378915137617e+42	2.885534906527579e+42	2.153406134014278e+42	1.6960075411086788e+42	1.1622059760468802e+42	4.31282492265252e+41	2.4391251252353204e+41	1.0622831074371209e+41	2.3339462559253475e+42	1.5689170654152874e+42	1.1622059760468802e+42	8.782404578498389e+41
72483.08888514093	9.354739308210721e+42	4.242316841295903e+42	3.444234546117544e+42	2.5372051549088396e+42	1.9836681982389534e+42	1.3477319014106063e+42	4.931724926400969e+41	2.77466361981967e+41	1.2017748426325222e+41	2.7582009175248136e+42	1.831330648789817e+42	1.3477319014106063e+42	1.013481453024168e+42
74113.65966730849	1.1387646406324745e+43	4.997444166454754e+42	4.0144771076616166e+42	2.927079159100945e+42	2.2745405159020194e+42	1.5339988427069422e+42	5.545621663751499e+41	3.1065404885144282e+41	1.3395879660985415e+41	3.189795424405291e+42	2.0962697915006582e+42	1.5339988427069422e+42	1.1486535956874997e+42
75775.72140906042	1.358837947448714e+43	5.754707243422074e+42	4.5734134033246544e+42	3.304044682363683e+42	2.554845769204533e+42	1.7136072231792846e+42	6.143472014047046e+41	3.4315024666964445e+41	1.475362341577933e+41	3.60807918187108e+42	2.3515089522664334e+42	1.7136072231792846e+42	1.2793051898439018e+42
77470.03185628283	1.596858166467901e+43	6.55458426692064e+42	5.1629849722316323e+42	3.699001586543685e+42	2.8466712090762756e+42	1.898922643999991e+42	6.751961424071717e+41	3.761242890688937e+41	1.6129428782263258e+41	4.0472416360495524e+42	2.616706060128233e+42	1.898922643999991e+42	1.413399327178358e+42
79209.85137610954	1.9240650865342714e+43	7.719458590228124e+42	6.029306191198463e+42	4.283374189480611e+42	3.279346572990685e+42	2.1733676650880944e+42	7.638634821835469e+41	4.2359847355440624e+41	1.8077579914685512e+41	4.696148130559059e+42	3.009960357160548e+42	2.1733676650880944e+42	1.6113452160730776e+42
80983.10208468608	2.252997307091536e+43	8.807378160176908e+42	6.831477096689328e+42	4.821430825258128e+42	3.6771176491632206e+42	2.4258299147108624e+42	8.461828193135577e+41	4.67964763436392e+41	1.9914555529952386e+41	5.294240697238044e+42	3.3714465758522956e+42	2.4258299147108624e+42	1.7937820465268823e+42
82790.58366739648	2.581790643621298e+43	9.821833926180578e+42	7.574822909131721e+42	5.31912961602109e+42	4.045479071570656e+42	2.66050564762803e+42	9.236265483636487e+41	5.099578577408537e+41	2.1665765113150963e+41	5.847480859359708e+42	3.7064198530626775e+42	2.66050564762803e+42	1.9639391587777938e+42
84633.10293440365	2.9137239950871687e+43	1.0789224013170456e+43	8.278347860297759e+42	5.788167344984037e+42	4.392274567795121e+42	2.881550116505428e+42	9.970194710080936e+41	5.499256417239926e+41	2.3342173817992176e+41	6.369241692749261e+42	4.0217615602042674e+42	2.881550116505428e+42	2.12441952763657e+42
86524.36524586295	3.243075557912628e+43	1.1712078279397241e+43	8.942521623265937e+42	6.226782682219951e+42	4.715126111024248e+42	3.086590816309109e+42	1.0650623565284224e+42	5.870420745598975e+41	2.4903329369719995e+41	6.858176878317424e+42	4.315028341303513e+42	3.086590816309109e+42	2.2731301324267878e+42
88451.94049878964	3.70385151004979e+43	1.3124661176333353e+43	9.946693798569069e+42	6.877100875925913e+42	5.186685984284113e+42	3.3798664166711573e+42	1.1586355372678854e+42	6.3733534425980204e+41	2.69870457469873e+41	7.586953831793779e+42	4.741407113814623e+42	3.3798664166711573e+42	2.4830354793214642e+42
90416.70338347394	4.1416511194263423e+43	1.4518141055570964e+43	1.1000958541532604e+43	7.602336043041866e+42	5.73024667475363e+42	3.7298011716960613e+42	1.2745499889160117e+42	6.999899392883085e+41	2.9584773239114197e+41	8.388426388685808e+42	5.237147119355051e+42	3.7298011716960613e+42	2.7376137793595673e+42
92419.5286470402	4.538119614892283e+43	1.5635575834332958e+43	1.1819093605864597e+43	8.153822359460497e+42	6.141592088351307e+42	3.995263233985554e+42	1.3646719863401126e+42	7.494325723330147e+41	3.1672383086700004e+41	9.000040136241818e+42	5.612205111931355e+42	3.995263233985554e+42	2.931842814252238e+42
94473.61376586359	4.905559095275348e+43	1.6614012628425722e+43	1.2532748304032672e+43	8.632711943296604e+42	6.497704958767097e+42	4.224324177027606e+42	1.4424023108190175e+42	7.922034355379941e+41	3.3488307895509946e+41	9.531760179134148e+42	5.936630572840204e+42	4.224324177027606e+42	3.099238252716706e+42
96583.44104732203	5.364589728529374e+43	1.7775162075233177e+43	1.3340960869173318e+43	9.153595819511546e+42	6.877391823342049e+42	4.463905621602405e+42	1.5221416179856654e+42	8.35933822743763e+41	3.534209362572907e+41	1.0115269511798578e+43	6.280823800281877e+42	4.463905621602405e+42	3.27283573698983e+42
98749.37181918473	5.834647970243555e+43	1.9369038306571072e+43	1.450107783926939e+43	9.915272052509211e+42	7.432142420777796e+42	4.809855812818641e+42	1.6327556087226487e+42	8.954598308475113e+41	3.7813404175001854e+41	1.0966725324742896e+43	6.782844516114464e+42	4.809855812818641e+42	3.520641218149634e+42
100969.81315065456	6.209170403098396e+43	2.0503275569318638e+43	1.5397966961672317e+43	1.0562689042769352e+43	7.931826946731051e+42	5.143008693112275e+42	1.7493985335740518e+42	9.597163880176366e+41	4.052824092749061e+41	1.167391159825946e+43	7.242319708697941e+42	5.143008693112275e+42	3.76785644275999e+42
103241.91316184482	6.531688424356143e+43	2.1327350510636851e+43	1.6007956160757014e+43	1.0985555957140382e+43	8.255246822221538e+42	5.359741994824383e+42	1.828801008552909e+42	1.0046356262252119e+42	4.248820140953766e+41	1.2139013191895686e+43	7.539598958964556e+42	5.359741994824383e+42	3.9304339402364e+42
105570.71792344496	6.960519327288805e+43	2.2510168222482774e+43	1.6838791072700192e+43	1.1525024325522108e+43	8.650367773768998e+42	5.610954234363025e+42	1.9142250900911802e+42	1.0520364512221285e+42	4.452707700904135e+41	1.2742282011841077e+43	7.898331093628509e+42	5.610954234363025e+42	4.1135407743373945e+42
107956.31286633694	7.331328246596395e+43	2.3903987332710873e+43	1.7878038954693162e+43	1.2223876211583039e+43	9.167132815556681e+42	5.939709471169131e+42	2.023601450182276e+42	1.111926318550947e+42	4.706336790360047e+41	1.351898298760057e+43	8.368059073697026e+42	5.939709471169131e+42	4.352046514274821e+42
110395.18074805179	7.587651537241049e+43	2.483622114597483e+43	1.8654789861612872e+43	1.2809037904057829e+43	9.628746719806386e+42	6.254890079122536e+42	2.138257793799431e+42	1.176080823299886e+42	4.9823514519707665e+41	1.415217437536543e+43	8.794967211763426e+42	6.254890079122536e+42	4.589012560314346e+42
112890.79261223871	7.754910858903902e+43	2.535491858994378e+43	1.9081916912472137e+43	1.31395169048056e+43	9.898639816229639e+42	6.450173498932979e+42	2.21840068062973e+42	1.2230256496617728e+42	5.193752365978212e+41	1.450622952740072e+43	9.047588841485743e+42	6.450173498932979e+42	4.741791711088103e+42
115442.84023503722	7.98170368625362e+43	2.612238926884227e+43	1.963720031960649e+43	1.3515640036182774e+43	1.0183572285631425e+43	6.640639879287726e+42	2.2902940818460185e+42	1.2646713424485236e+42	5.381305726332753e+41	1.4921996619310497e+43	9.309066869680084e+42	6.640639879287726e+42	4.885369883078132e+42
118050.93712463249	8.119164623381784e+43	2.702600730570601e+43	2.0339970476637187e+43	1.4004859940168446e+43	1.0553420416279095e+43	6.8836345453855e+42	2.3775370160580614e+42	1.3142164151834467e+42	5.600230568073802e+41	1.5461256215921946e+43	9.647550835607152e+42	6.8836345453855e+42	5.0657290211233264e+42
120711.89713314633	8.142589441493883e+43	2.7473521490874945e+43	2.081692019902427e+43	1.4418030819369e+43	1.0897630950822949e+43	7.130463979660483e+42	2.4735522254057393e+42	1.3694088416090916e+42	5.845431171678826e+41	1.5896507773226737e+43	9.96994751434106e+42	7.130463979660483e+42	5.2557719215537005e+42
123429.08502587794	8.072406795235024e+43	2.743486607658168e+43	2.087365888690658e+43	1.4531718687035797e+43	1.1023232787249221e+43	7.247722971246158e+42	2.536716262498075e+42	1.409114006432427e+42	6.035895380007563e+41	1.600065332342375e+43	1.009576407924701e+43	7.247722971246158e+42	5.3583229206496184e+42
126202.391504525	8.005932150254437e+43	2.749222686985472e+43	2.095386827086577e+43	1.462243702960735e+43	1.1113132230015825e+43	7.328023364707554e+42	2.581763953563617e+42	1.4384755652479856e+42	6.183154588263834e+41	1.6090097249469083e+43	1.0184305814813797e+43	7.328023364707554e+42	5.4286715238448913e+42
129030.33554311795	7.866626031715615e+43	2.7582163697708584e+43	2.1095920974385944e+43	1.476116429784188e+43	1.1234951098748267e+43	7.42244006556743e+42	2.626802482622291e+42	1.4670521734759808e+42	6.32503234345001e+41	1.6233077208040922e+43	1.0300236965438551e+43	7.42244006556743e+42	5.5057988064683496e+42
131919.3043737658	7.656729379541848e+43	2.7393672740258403e+43	2.1082049277909319e+43	1.48374520197049e+43	1.133159125034086e+43	7.517489906059128e+42	2.6801618439116996e+42	1.501323673153139e+42	6.494338439040199e+41	1.6294706646475673e+43	1.0398794066361546e+43	7.517489906059128e+42	5.590140322693719e+42
134868.91622266913	7.386819559744704e+43	2.6819283811737535e+43	2.076759255154585e+43	1.4714570740376143e+43	1.1285995380173264e+43	7.527759002161752e+42	2.7094448467417912e+42	1.523398297548756e+42	6.6169792997198925e+41	1.6133069020620537e+43	1.0369730056376399e+43	7.527759002161752e+42	5.615859177657918e+42
137879.0241597099	7.119687467647838e+43	2.624808550113022e+43	2.0434178364005692e+43	1.4554798103638855e+43	1.1200611709012034e+43	7.503628893516497e+42	2.7245061162126263e+42	1.5377644530853765e+42	6.709113208884721e+41	1.5937564992639213e+43	1.0301319111341346e+43	7.503628893516497e+42	5.613566521222503e+42
140949.83414235545	6.845036596155313e+43	2.5857039934845774e+43	2.0225110874975263e+43	1.446857225330354e+43	1.1163468756731692e+43	7.50411213405637e+42	2.7435188056509372e+42	1.5534693678547403e+42	6.804145093821719e+41	1.5826891300121487e+43	1.027493738752797e+43	7.50411213405637e+42	5.626096049548515e+42
144079.93788415464	6.564237806866265e+43	2.5200919234197665e+43	1.9845313545200436e+43	1.4287582776999027e+43	1.1065891790394804e+43	7.474159838076861e+42	2.757202845347091e+42	1.5672193470085693e+42	6.895020115646577e+41	1.5605391091364213e+43	1.0196193799819666e+43	7.474159838076861e+42	5.620117013914308e+42
147271.50754870108	6.280934669190418e+43	2.436705449359054e+43	1.931242422534864e+43	1.399819356765394e+43	1.0887565119769319e+43	7.393006800183416e+42	2.754421952104645e+42	1.5722138107769987e+42	6.950664858045344e+41	1.5264235260721033e+43	1.0044035057452196e+43	7.393006800183416e+42	5.577246782416333e+42
150525.02395246466	6.016061160148888e+43	2.3580973337710355e+43	1.8768492305754574e+43	1.366895005548347e+43	1.0666524329794618e+43	7.27641777831149e+42	2.738185830115586e+42	1.5702047956254952e+42	6.979944339243397e+41	1.4887229472524884e+43	9.849977840143131e+42	7.27641777831149e+42	5.506301784040047e+42
153841.02959376626	5.782951086927921e+43	2.2887604804055267e+43	1.829078378000125e+43	1.3382070519683812e+43	1.0474071016132389e+43	7.173368433431184e+42	2.7210823419045238e+42	1.5664004409454984e+42	6.99697891074429e+41	1.455818642916297e+43	9.680787998924038e+42	7.173368433431184e+42	5.4419505833733375e+42
157220.5320519609	5.578930929661758e+43	2.2436786202937373e+43	1.8010625696462315e+43	1.323093756097331e+43	1.0381528021818602e+43	7.133037845334408e+42	2.7235717214220672e+42	1.5727195700191234e+42	7.053446623806662e+41	1.4379867502654994e+43	9.602187290899447e+42	7.133037845334408e+42	5.4225474035849385e+42
160663.4705479305	5.387670651190633e+43	2.182538008730579e+43	1.7604918564150924e+43	1.2999523541178059e+43	1.0232136743349537e+43	7.057952681806522e+42	2.714868697116314e+42	1.572967573095661e+42	7.084427682645594e+41	1.4110834754314082e+43	9.472478618957421e+42	7.057952681806522e+42	5.3782797910307877e+42
164171.19132976874	5.216283179737267e+43	2.1347752379542221e+43	1.726561338489805e+43	1.2791952970686745e+43	1.009379592539305e+43	6.987380166810447e+42	2.7080877949955694e+42	1.5744978117989738e+42	7.121875158122598e+41	1.3873251594933472e+43	9.351605909823137e+42	6.987380166810447e+42	5.3371600319153645e+42
167744.90097097258	5.067303422756475e+43	2.0967092852413208e+43	1.6970295429659132e+43	1.2587201917910906e+43	9.942647892697835e+42	6.895504326582693e+42	2.686606706088171e+42	1.566695130560316e+42	7.115650266238713e+41	1.3646750755869323e+43	9.214937219797601e+42	6.895504326582693e+42	5.274690714401869e+42
171385.64247658837	4.938857939628148e+43	2.0740924720738426e+43	1.6813881964359943e+43	1.2493208833744538e+43	9.881011816119921e+42	6.865900581214334e+42	2.688560680411454e+42	1.5723194782595223e+42	7.168532627759349e+41	1.353868529669812e+43	9.16148770341457e+42	6.865900581214334e+42	5.2594381883884156e+42
175094.51424269716	4.830174055732041e+43	2.0662256317440942e+43	1.6785732074147773e+43	1.2491231038776176e+43	9.888086555399925e+42	6.879633427492381e+42	2.7034019996216338e+42	1.584318469585493e+42	7.245439438802567e+41	1.3531958159539323e+43	9.170491758689202e+42	6.879633427492381e+42	5.2750483668012935e+42
178872.69152081583	4.73701990757323e+43	2.0640965645619124e+43	1.6803443717111972e+43	1.2524410086939862e+43	9.922366823327367e+42	6.909687547664019e+42	2.7206840186638983e+42	1.5966779431102977e+42	7.319100650417737e+41	1.3563157346548715e+43	9.20423742711568e+42	6.909687547664019e+42	5.3010210426062177e+42
182721.17334078468	4.655736777088499e+43	2.070892946345796e+43	1.692985816029994e+43	1.2657201835260275e+43	1.0041542359531013e+43	7.001772483444149e+42	2.760351909963982e+42	1.6204270229060983e+42	7.43257112836556e+41	1.369819860454798e+43	9.31794192194844e+42	7.001772483444149e+42	5.374675239806631e+42
186641.55323081397	4.582944929914243e+43	2.0709974299411598e+43	1.6971749468091275e+43	1.2725483012367693e+43	1.0117509539638224e+43	7.076036446148807e+42	2.805312874028135e+42	1.6503659951635627e+42	7.588233536099954e+41	1.3761535112203317e+43	9.394661857893095e+42	7.076036446148807e+42	5.442002992874159e+42
190635.25602889116	4.519750893655951e+43	2.0925973805019532e+43	1.7199661944404169e+43	1.2912224432769466e+43	1.0269171524232417e+43	7.184125372702999e+42	2.8513465971047e+42	1.678966710650883e+42	7.730527766236586e+41	1.3960843944674307e+43	9.536101016856428e+42	7.184125372702999e+42	5.526435716247658e+42
194703.70351063838	4.463453690362957e+43	2.1069160440876808e+43	1.7370476857841483e+43	1.30702094994769e+43	1.040777771393827e+43	7.292861593646352e+42	2.905026357888929e+42	1.7135574361882675e+42	7.905602819364183e+41	1.4124508380852427e+43	9.668256489265971e+42	7.292861593646352e+42	5.616192432148983e+42
198848.37915999544	4.437099111652504e+43	2.124424402432511e+43	1.7611271822337684e+43	1.3307461081741841e+43	1.061716036866227e+43	7.452718179753525e+42	2.974947985959783e+42	1.7565762036491343e+42	8.117818356198888e+41	1.4368068721366183e+43	9.867324664760605e+42	7.452718179753525e+42	5.743804708447419e+42
203070.8123117026	4.37299149821489e+43	2.1397801857984843e+43	1.781720836468759e+43	1.3508350427994284e+43	1.0796776968812702e+43	7.593903222537957e+42	3.038491540160159e+42	1.7948839306348696e+42	8.297793744483814e+41	1.4574053353214773e+43	1.0039095906861671e+43	7.593903222537957e+42	5.858494960170573e+42
207372.59176430476	4.3235121531365196e+43	2.161550611412933e+43	1.8107785911430177e+43	1.378372410485914e+43	1.1034436407587432e+43	7.771528899574653e+42	3.114935305989416e+42	1.8415611510265118e+42	8.525656909140981e+41	1.4859406699925162e+43	1.0263768691078347e+43	7.771528899574653e+42	5.99920223600567e+42
211755.34026268855	4.278411372788514e+43	2.1909922342663036e+43	1.8442513523681986e+43	1.4069997509769313e+43	1.1270258803509097e+43	7.940420884552696e+42	3.184280987186247e+42	1.8831923569855467e+42	8.724452860374152e+41	1.5162502359653295e+43	1.0484223603841115e+43	7.940420884552696e+42	6.13050829974833e+42
216220.72418791437	4.234854506357956e+43	2.2148913525698097e+43	1.8740543315098994e+43	1.4339243115335422e+43	1.149743768457027e+43	8.107181154866006e+42	3.257782077003985e+42	1.9294974243504798e+42	8.957736856606114e+41	1.5444394664392406e+43	1.0697850910376539e+43	8.107181154866006e+42	6.262349215560568e+42
220770.31099419683	4.192615532282521e+43	2.2426243153699857e+43	1.9163103522729403e+43	1.4761416960298955e+43	1.1865441634186846e+43	8.378014388581545e+42	3.360528632863814e+42	1.9868742015665695e+42	9.205249195138318e+41	1.587816504196915e+43	1.1045557242578314e+43	8.378014388581545e+42	6.471096497888954e+42
225406.00674319378	4.1486127842666216e+43	2.2626735559374114e+43	1.9455618516080321e+43	1.5047685441558302e+43	1.2117563355257904e+43	8.571983486322664e+42	3.4470788956524293e+42	2.0394307586149183e+42	9.453378473883573e+41	1.6172687900788662e+43	1.128543303285371e+43	8.571983486322664e+42	6.62730788445978e+42
230129.61366386624	4.10442429402392e+43	2.2832151636246436e+43	1.985003804694581e+43	1.547154151257213e+43	1.2497215912507733e+43	8.860183926902025e+42	3.5655475460862274e+42	2.1088901749916485e+42	9.770953100128966e+41	1.660257857057915e+43	1.1646664821476134e+43	8.860183926902025e+42	6.854272998830549e+42
234942.97338826826	4.075609338020344e+43	2.29003618203288e+43	2.0044869204897693e+43	1.5707587286105876e+43	1.2723291297240237e+43	9.048162124286944e+42	3.65710858284832e+42	2.1659863651786442e+42	1.0048446643447485e+42	1.683588154292603e+43	1.186612172143494e+43	9.048162124286944e+42	7.011120572702428e+42
239847.9789938152	4.0139370156140194e+43	2.2930437734805243e+43	2.030727638664706e+43	1.6053536448246935e+43	1.3057434935327209e+43	9.323421245633768e+42	3.785659329397207e+42	2.2443059994311506e+42	1.0417452249773695e+42	1.717457753928843e+43	1.219028262415362e+43	9.323421245633768e+42	7.238139706948051e+42
244846.56402743302	3.961968627611765e+43	2.288431023454965e+43	2.059195561646466e+43	1.6503180975726593e+43	1.3518290681414665e+43	9.721340027406188e+42	3.976207211903563e+42	2.3595982631415366e+42	1.0951389911111324e+42	1.7601617473076195e+43	1.2643284994135385e+43	9.721340027406188e+42	7.571658784494651e+42
249940.70635790037	3.910153082805976e+43	2.283330458417203e+43	2.081902152323747e+43	1.6861244229435934e+43	1.3886339010438967e+43	1.0046071666197457e+43	4.1480760304635045e+42	2.469625368837853e+42	1.1494469935498102e+42	1.7942017750229778e+43	1.3006116533369243e+43	1.0046071666197457e+43	7.850741292027418e+42
255132.42941134595	3.8564025688880585e+43	2.2730044893811517e+43	2.1030780138080474e+43	1.7231646180104007e+43	1.4272023326116166e+43	1.038313098996e+43	4.314339176137847e+42	2.5727176160431438e+42	1.1997126291038632e+42	1.8290042832110562e+43	1.3386378811729892e+43	1.038313098996e+43	8.13541822997323e+42
260423.8012986199	3.8006962017189085e+43	2.2452757151326584e+43	2.0985940283112905e+43	1.735219225183355e+43	1.44459037976215e+43	1.0572784001259907e+43	4.434755541291582e+42	2.6527237616919266e+42	1.2404661007464328e+42	1.8379297457862007e+43	1.3568586339287759e+43	1.0572784001259907e+43	8.312033422991283e+42
265816.9385984573	3.7514180797110983e+43	2.2232721636476131e+43	2.0978833916845334e+43	1.7477030561044437e+43	1.4604141011601668e+43	1.0731061178912485e+43	4.5299840610749624e+42	2.7168638434916858e+42	1.2743655163925842e+42	1.848133872576431e+43	1.3730425228684527e+43	1.0731061178912485e+43	8.454792064998832e+42
271314.00760883343	3.6899172293981123e+43	2.1921819631265928e+43	2.0883783164660935e+43	1.7530122954568817e+43	1.4704399821285415e+43	1.0848514527989953e+43	4.6064790823596777e+42	2.7684279464409185e+42	1.3018027722536236e+42	1.8506798284122955e+43	1.3838345044395592e+43	1.0848514527989953e+43	8.565577239302188e+42
276917.2211967284	3.6249094450191616e+43	2.1563154869786251e+43	2.0750715494496038e+43	1.7560925650907387e+43	1.4790938287555216e+43	1.0959322289931181e+43	4.680489256099666e+42	2.8178042461699974e+42	1.327234145369272e+42	1.850616005921759e+43	1.3934548899409875e+43	1.0959322289931181e+43	8.672010669800726e+42
282628.8417210474	3.557670896043461e+43	2.1168581539437494e+43	2.0586109467831943e+43	1.7569604287320309e+43	1.4861546577540088e+43	1.1060931997615289e+43	4.752857690257061e+42	2.8668913214712026e+42	1.3528145533340485e+42	1.8480943959594939e+43	1.4016492316038927e+43	1.1060931997615289e+43	8.772455346620195e+42
288451.17996757413	3.488396544564721e+43	2.0743664194510758e+43	2.0392302383399355e+43	1.7555112541853054e+43	1.4913709254405912e+43	1.1150001128524585e+43	4.821165520910241e+42	2.914113991281468e+42	1.3778647933719213e+42	1.8430841518570672e+43	1.4081369076566393e+43	1.1150001128524585e+43	8.863592876186976e+42
294386.59817263565	3.417238212524315e+43	2.0278283725287728e+43	2.016386492501214e+43	1.751969884097788e+43	1.495356154397748e+43	1.1234722804111065e+43	4.889823851505831e+42	2.9617659429825054e+42	1.4032335637209256e+42	1.8356257221576717e+43	1.4136096610304861e+43	1.1234722804111065e+43	8.953152345894766e+42
300437.5098354309	3.3442016466389555e+43	1.977752333518898e+43	1.990252594110959e+43	1.7460712935113948e+43	1.4976467456674746e+43	1.1309900433769015e+43	4.9568086131892047e+42	3.0090031170826594e+42	1.4287154900511792e+42	1.8255553504892528e+43	1.4175701344220134e+43	1.1309900433769015e+43	9.036663223281536e+42
306606.3803707118	3.269615539360003e+43	1.9239854107575463e+43	1.960481152651602e+43	1.7375447168908227e+43	1.498097632414615e+43	1.137568643112244e+43	5.0241539204896927e+42	3.0578805322585114e+42	1.455826665611016e+42	1.81256371270054e+43	1.4199114391293096e+43	1.137568643112244e+43	9.115099895192721e+42
312895.7302163857	3.193506460238861e+43	1.8671161227079684e+43	1.9275747069768387e+43	1.7268145298937813e+43	1.4970824710501885e+43	1.1434187081523567e+43	5.087402891721392e+42	3.102662099105448e+42	1.4799313137781144e+42	1.7970913339465503e+43	1.4209840064926721e+43	1.1434187081523567e+43	9.188650548992813e+42
319308.1346952692	3.116189936429499e+43	1.8075508159123228e+43	1.891571146011141e+43	1.713365242492829e+43	1.4938189784071453e+43	1.147763214967891e+43	5.148214097793181e+42	3.1476597149553794e+42	1.505240979049343e+42	1.7787575299510142e+43	1.419966027720908e+43	1.147763214967891e+43	9.251907411751399e+42
325846.2258198672	3.0377447103097e+43	1.744917774441593e+43	1.8521170146950317e+43	1.6972693868114997e+43	1.4887079075958052e+43	1.1512578685817007e+43	5.209511426331849e+42	3.192638388023493e+42	1.5293681473168673e+42	1.7575069376479447e+43	1.4173387709937444e+43	1.1512578685817007e+43	9.311405321026619e+42
332512.6937734383	2.9583804349111558e+43	1.6796550480718318e+43	1.809313754788463e+43	1.6782282657674213e+43	1.4812299921022323e+43	1.1531970080446745e+43	5.2679535981518906e+42	3.2383980040979193e+42	1.5562028537684304e+42	1.7331354204247196e+43	1.4125285488522258e+43	1.1531970080446745e+43	9.360001502963323e+42
339310.2887140036	2.878331549383044e+43	1.6124374961744623e+43	1.7638998095907263e+43	1.6568903032998104e+43	1.4718704059010727e+43	1.1538022614700436e+43	5.3211837740015414e+42	3.2811398163123487e+42	1.5817144803579435e+42	1.7063336955602236e+43	1.4059632083362489e+43	1.1538022614700436e+43	9.398323901611983e+42
346241.821984499	2.7977737096810074e+43	1.5434075125149782e+43	1.715636451275378e+43	1.632799699850578e+43	1.460233259548388e+43	1.1529283704915916e+43	5.3715650820656425e+42	3.323159471824662e+42	1.6073299903616752e+42	1.676666036461812e+43	1.3972911037164059e+43	1.1529283704915916e+43	9.426670856087316e+42
353310.16835021955	2.7168945168203905e+43	1.4727488828795646e+43	1.6647913512245917e+43	1.606393961639745e+43	1.4467622929113188e+43	1.150829606920872e+43	5.416924106109053e+42	3.362173938753027e+42	1.6319109259465133e+42	1.644537261302514e+43	1.3869317206516418e+43	1.150829606920872e+43	9.445740628250195e+42
360518.26753987203	2.6358979772493867e+43	1.400815638155331e+43	1.611398159944494e+43	1.577431767927925e+43	1.431186050743475e+43	1.1473703351268138e+43	5.4593194833175654e+42	3.400023629278134e+42	1.6560249844696862e+42	1.6097518395675604e+43	1.3746291421431855e+43	1.1473703351268138e+43	9.455550982489821e+42
367869.12667497	2.554932182599283e+43	1.3279106817317032e+43	1.5555473156762647e+43	1.545815340556216e+43	1.4133633382404382e+43	1.1424477048627619e+43	5.499828724139146e+42	3.4381132029031903e+42	1.6804112939738663e+42	1.5722463394681074e+43	1.36024215489944e+43	1.1424477048627619e+43	9.455708130032226e+42
375365.8223070033	2.474239200083402e+43	1.2545471979961866e+43	1.4977248685665323e+43	1.5119595488492632e+43	1.3936149844708113e+43	1.136157669132101e+43	5.534489851967244e+42	3.4725854931828734e+42	1.7035709327637687e+42	1.532458413318142e+43	1.3440516589726092e+43	1.136157669132101e+43	9.445313905019062e+42
383011.5027446502	2.393941173426391e+43	1.1810482416993656e+43	1.4380449826867402e+43	1.475743364281849e+43	1.3717560241667278e+43	1.1283723637286189e+43	5.565105761825022e+42	3.5054481452733755e+42	1.726316085682516e+42	1.4903138099443868e+43	1.3258719599593058e+43	1.1283723637286189e+43	9.424075382761052e+42
390809.3905125358	2.314217006936086e+43	1.1081576821855264e+43	1.3773676613176847e+43	1.4379003150290935e+43	1.3482820197432727e+43	1.119161117154168e+43	5.587229349786943e+42	3.532710174895307e+42	1.7460903182955856e+42	1.446604914027272e+43	1.3061098811216563e+43	1.119161117154168e+43	9.390145716229259e+42
398762.7849720064	2.235249565180996e+43	1.0354598381963739e+43	1.3147324253929348e+43	1.397355803076501e+43	1.3224762500889846e+43	1.1085773707273341e+43	5.609887219509866e+42	3.562112790253802e+42	1.7675183950581533e+42	1.4002103106752418e+43	1.2842049241552385e+43	1.1085773707273341e+43	9.348563617491245e+42
406875.06503897125	2.1571456392366811e+43	9.639039720582229e+42	1.2513121909890252e+43	1.355049039358241e+43	1.2948696143072787e+43	1.0964914872876443e+43	5.625067702003925e+42	3.5871521855929027e+42	1.787547195834985e+42	1.352176476116923e+43	1.2605439950368948e+43	1.0964914872876443e+43	9.294425581525251e+42
415149.69213315775	2.0800527001193744e+43	8.934784398804891e+42	1.186819648701409e+43	1.3105715984482132e+43	1.2652143960876882e+43	1.0830669497888404e+43	5.639159692400539e+42	3.612686837098004e+42	1.8077205423085806e+42	1.302086065267487e+43	1.2349587098921923e+43	1.0830669497888404e+43	9.231948784962516e+42
423590.2131931307	2.0040995037417126e+43	8.248721197314702e+42	1.1220887069331634e+43	1.2645244142673746e+43	1.2337995891613004e+43	1.0681556759016318e+43	5.64707569277933e+42	3.6348993809518034e+42	1.8268336009946658e+42	1.2506322503103059e+43	1.2076369940949451e+43	1.0681556759016318e+43	9.15752582511056e+42
432200.26393081323	1.929394833611586e+43	7.582857807032266e+42	1.0572781263027918e+43	1.21694797233087e+43	1.2006258881969979e+43	1.0517701273330013e+43	5.649754997577068e+42	3.6547025622222586e+42	1.8454377981824812e+42	1.1978815108290224e+43	1.1785765198875583e+43	1.0517701273330013e+43	9.071574558685906e+42
440983.5722028823	1.8560308920944182e+43	6.952350314128434e+42	9.942297287543798e+42	1.1695374693430047e+43	1.1669547635359313e+43	1.0342336182218476e+43	5.634089264897954e+42	3.658761786185084e+42	1.8544160684448714e+42	1.145621145831483e+43	1.148859900807728e+43	1.0342336182218476e+43	8.970582277075309e+42
449943.966180682	1.7841403427354692e+43	6.334070416907614e+42	9.303109954130685e+42	1.1200601943609422e+43	1.131520454989185e+43	1.0162131079444023e+43	5.628188487662305e+42	3.669064892552106e+42	1.8645247006056855e+42	1.0914077017924065e+43	1.1176093133431946e+43	1.0162131079444023e+43	8.873056512063073e+42
459085.3642554496	1.7137453244376643e+43	5.743487731296327e+42	8.668995386650363e+42	1.0686945294740342e+43	1.0933201757715888e+43	9.953847353139054e+42	5.61774901267576e+42	3.684049536216929e+42	1.8828527284397093e+42	1.0358088437935968e+43	1.0834730509119477e+43	9.953847353139054e+42	8.752972646929775e+42
468411.7928502053	1.6449440257793455e+43	5.1833704796598097e+42	8.047668025708078e+42	1.0167563753347509e+43	1.053898790747888e+43	9.731784050031717e+42	5.600657440560704e+42	3.695562075157803e+42	1.9001818757695754e+42	9.80015587850307e+42	1.04801979566568e+43	9.731784050031717e+42	8.620752136025356e+42
477927.3858704518	1.5777909945284759e+43	4.6551000638816266e+42	7.442054953521255e+42	9.6459692097049e+42	1.0136268193844535e+43	9.49944206892301e+42	5.576651825467947e+42	3.7018480650972115e+42	1.914607845603332e+42	9.243696630988585e+42	1.0116226425730156e+43	9.49944206892301e+42	8.479123391680576e+42
487636.3890047473	1.5123390473910346e+43	4.1594816712830145e+42	6.853797946376564e+42	9.122348964687492e+42	9.723956573445794e+42	9.255301699629821e+42	5.546949439970798e+42	3.70463889956147e+42	1.9274486231278222e+42	8.689407536975309e+42	9.741472786264304e+42	9.255301699629821e+42	8.327229545889084e+42
497543.1642278576	1.4490628907572303e+43	3.5642054486505684e+42	6.153194822898532e+42	8.533965540950044e+42	9.302509599700306e+42	9.074159210777517e+42	5.621295221849301e+42	3.788350361125183e+42	1.9854711489931543e+42	8.053063352122146e+42	9.374921705498758e+42	9.074159210777517e+42	8.26907781167485e+42
507652.14397847495	1.3867351415298443e+43	3.1437883036850625e+42	5.6071504428536e+42	8.003328644202836e+42	8.860907987769345e+42	8.791316886214478e+42	5.5725503561357927e+42	3.782648368921234e+42	1.9984650354534715e+42	7.503092318215382e+42	8.966840054337556e+42	8.791316886214478e+42	8.081830644358727e+42
517968.0349732573	1.326565209610127e+43	2.7581752658497064e+42	5.087445934356725e+42	7.48078565722207e+42	8.417958912192714e+42	8.502865105615054e+42	5.523254461340793e+42	3.775731407684682e+42	2.008241525302883e+42	6.965745681428773e+42	8.555616179354435e+42	8.502865105615054e+42	7.890263264612818e+42
528495.5303082272	1.2682331294940735e+43	2.4060263859935764e+42	4.594341654161574e+42	6.966603835866431e+42	7.972492922035548e+42	8.204858610382615e+42	5.469069466621532e+42	3.766133513374603e+42	2.0163565488151992e+42	6.441541903826298e+42	8.139493017969983e+42	8.204858610382615e+42	7.689112566317748e+42
539239.4615226992	1.211721084374378e+43	2.0864677249477344e+42	4.1290468339365023e+42	6.46306186809326e+42	7.52630704433071e+42	7.897464170930995e+42	5.4088562713031695e+42	3.753818987240061e+42	2.0235752253069074e+42	5.932694037038635e+42	7.719970535148712e+42	7.897464170930995e+42	7.477509327749662e+42
550204.8040926707	1.1570375949823454e+43	1.7983964602606026e+42	3.692465042688997e+42	5.97228448894734e+42	7.08132141768357e+42	7.581591939112037e+42	5.342233083073156e+42	3.738928933587192e+42	2.0306712929526048e+42	5.4411992570151643e+42	7.298790371371075e+42	7.581591939112037e+42	7.255667475723157e+42
561396.6831838761	1.1041745574269066e+43	1.540453115513593e+42	3.28522016405846e+42	5.496518931228739e+42	6.639973842556948e+42	7.259070675408995e+42	5.2682361963832655e+42	3.719662386816773e+42	2.036546254118667e+42	4.969043943721689e+42	6.878325297705146e+42	7.259070675408995e+42	7.024684054386873e+42
572820.3796642052	1.0535412852341808e+43	1.244928457209271e+42	2.810782081831584e+42	4.948668209669552e+42	6.149352618039293e+42	6.940018183641707e+42	5.270961812116672e+42	3.771311859477486e+42	2.0885184535108214e+42	4.421717785919405e+42	6.418824173860149e+42	6.940018183641707e+42	6.831607127058674e+42
584481.2928468916	1.0038738723077604e+43	1.0506664036897836e+42	2.4705094706435324e+42	4.5104647076324494e+42	5.718686924881012e+42	6.601504889580651e+42	5.17577161864148e+42	3.736787466453284e+42	2.086316658312517e+42	3.9967086467764127e+42	6.001745089085018e+42	6.601504889580651e+42	6.577202540451493e+42
596385.002105567	9.563822981871026e+42	8.796067050989504e+41	2.157211782907957e+42	4.089773514090265e+42	5.295045188801824e+42	6.259041299821546e+42	5.07847207373331e+42	3.7047077764552385e+42	2.0883110113165675e+42	3.592672011135564e+42	5.588704110517749e+42	6.259041299821546e+42	6.316279186982733e+42
608537.2672662261	9.106571356070359e+42	7.312390710966311e+41	1.872702846890918e+42	3.690982758143907e+42	4.88318964784177e+42	5.915647167966895e+42	4.9746161427081015e+42	3.668283022140784e+42	2.0881625026996984e+42	3.213515127792065e+42	5.1842914149887945e+42	5.915647167966895e+42	6.049699683714676e+42
620944.0320053976	8.666644566566583e+42	6.042181264608672e+41	1.6178162637399094e+42	3.318386381466838e+42	4.4889236244687e+42	5.577294810358849e+42	4.8665818431304104e+42	3.627676720641605e+42	2.0834288958454674e+42	2.8627238238341235e+42	4.794531758948748e+42	5.577294810358849e+42	5.782632417935012e+42
633611.4297371112	8.243631801858163e+42	4.956029215467797e+41	1.3891233936556282e+42	2.968756436576162e+42	4.1090711369957376e+42	5.2405088732803965e+42	4.751994085315904e+42	3.5831817463385546e+42	2.077787018894763e+42	2.5370034389451888e+42	4.416213798167858e+42	5.2405088732803965e+42	5.5114241186954554e+42
646545.7930410175	7.837239735557338e+42	4.035208584137238e+41	1.1854115672112257e+42	2.6426641878589983e+42	3.745119945262761e+42	4.9070333086536034e+42	4.631509078158224e+42	3.5349793833960496e+42	2.0709590237493414e+42	2.236470890810193e+42	4.0509797094187734e+42	4.9070333086536034e+42	5.2375396996858854e+42
659753.661883483	7.447207781871903e+42	3.2586044650568128e+41	1.0048690552609443e+42	2.340033041986325e+42	3.398130069036531e+42	4.578494054067587e+42	4.5055650423135e+42	3.4831554379429824e+42	2.0629287048927685e+42	1.9605576536267507e+42	3.7001243932453576e+42	4.578494054067587e+42	4.9623750828753316e+42
673241.7910148395	7.075842081301737e+42	2.4299047159660442e+41	8.045994175792733e+41	1.997495399454414e+42	3.0065344976755584e+42	4.2208841607818314e+42	4.4193865859431516e+42	3.4833864419027384e+42	2.0972169613358075e+42	1.649064943618473e+42	3.305825696633169e+42	4.2208841607818314e+42	4.679603040488985e+42
687017.1231674929	6.714437014918948e+42	1.922820990875926e+41	6.707858595900962e+41	1.745289121908413e+42	2.696913694783117e+42	3.902313432426169e+42	4.276794067179959e+42	3.4196322131608876e+42	2.0844920262329768e+42	1.4253500338577673e+42	2.9867036291010355e+42	3.902313432426169e+42	4.399133908089108e+42
701086.8477527256	6.370911161907345e+42	1.509108973188512e+41	5.554688238457445e+41	1.5167060048320996e+42	2.4079823876333474e+42	3.5944060961658045e+42	4.1306019261320694e+42	3.3531774686317094e+42	2.0714715903925767e+42	1.2249625954135644e+42	2.6864722346195208e+42	3.5944060961658045e+42	4.122418599119777e+42
715458.399988682	6.042128346931373e+42	1.1737550129449837e+41	4.565753952956555e+41	1.3102363647006736e+42	2.139034603844378e+42	3.2971876537936776e+42	3.979844047241993e+42	3.282412729754108e+42	2.056627273965079e+42	1.0461416120064292e+42	2.4046489523517965e+42	3.2971876537936776e+42	3.849472342299356e+42
730139.4693896357	5.727623571147777e+42	9.04458026151752e+40	3.724278875267945e+41	1.1249435485518316e+42	1.890120729134152e+42	3.0117050630153126e+42	3.825060113575825e+42	3.207473757954595e+42	2.039910643711855e+42	8.876439436858846e+41	2.1415681142918327e+42	3.0117050630153126e+42	3.581474319596742e+42
745138.0104924254	5.426964910190334e+42	6.902655571677714e+40	3.0139680995292058e+41	9.59749120786054e+41	1.661092705534331e+42	2.7388735246791275e+42	3.6667569375905235e+42	3.1283911696900166e+42	2.0212168214064687e+42	7.481275339277029e+41	1.897368017887002e+42	2.7388735246791275e+42	3.3195475010274646e+42
760462.2541159855	5.139722609802593e+42	5.215911369143634e+40	2.4193289846166957e+41	8.13475893676977e+41	1.4516313184031713e+42	2.4794800624490133e+42	3.505514141735482e+42	3.045251162507236e+42	2.000427749141727e+42	6.261959798634366e+41	1.6720118721870465e+42	2.4794800624490133e+42	3.064766338405517e+42
776120.7191787559	4.8654631694731144e+42	3.901190561547178e+40	1.9257566474768117e+41	6.848622668318037e+41	1.2612472791100122e+42	2.234163115694058e+42	3.3419601225729104e+42	2.9581974897679435e+42	1.9774506685262552e+42	5.204145772334994e+41	1.4652836827377098e+42	2.234163115694058e+42	2.8181289355519424e+42
792122.225106141	4.6037520964901233e+42	2.8871931638032704e+40	1.5196453343918758e+41	5.725855199115387e+41	1.0892941264210601e+42	2.0034037626685297e+42	3.1767587179046814e+42	2.8674108551390257e+42	1.9521819408960244e+42	4.2933365058128234e+41	1.276796208991775e+42	2.0034037626685297e+42	2.5805411975829343e+42
808475.904863092	4.3541576715291825e+42	2.1136132232725e+40	1.1885050130948116e+41	4.752934802978443e+41	9.349949637143547e+41	1.7875316829642176e+42	3.010604404434064e+42	2.773121264374679e+42	1.9245398940762338e+42	3.5151785445112556e+41	1.1060137075771035e+42	1.7875316829642176e+42	2.3528123274705345e+42
825191.2186497586	4.1162503246524194e+42	1.530006923139508e+40	9.20984329343924e+40	3.916219781376386e+41	7.974539864732363e+41	1.5867162989373087e+42	2.844210112105491e+42	2.6756051651111997e+42	1.8944665984758005e+42	2.8556203043816495e+41	9.522593752603944e+41	1.5867162989373087e+42	2.1356374094110657e+42
842277.9683002692	3.88960573291393e+42	1.0947778950107207e+40	7.069179040313026e+40	3.2022376031272803e+41	6.7568694268053746e+41	1.400980125579876e+42	2.6782998654578362e+42	2.5751782529656217e+42	1.8619241797931675e+42	2.301156118888114e+41	8.147433327866275e+41	1.400980125579876e+42	1.929598939152774e+42
859746.312427993	3.673805065583089e+42	7.740366007364142e+39	5.37300731600927e+40	2.5978477366263352e+41	5.686380266694703e+41	1.2301990558859006e+42	2.5135973553111138e+42	2.472191675112353e+42	1.8268978123724672e+42	1.8389527403028553e+41	6.925770339726743e+41	1.2301990558859006e+42	1.7351565438604266e+42
877606.7823634595	3.468436054701343e+42	5.405461820204567e+39	4.0425840234806605e+40	2.0904312634308742e+41	4.7520420993357995e+41	1.0741137845232263e+42	2.3508179733725366e+42	2.3670270713584047e+42	1.7893944990736785e+42	1.456988405810669e+41	5.847964085023589e+41	1.0741137845232263e+42	1.5526467988491556e+42
895870.2989344427	3.273993759354322e+42	3.300409167702568e+39	2.7463869958604107e+40	1.5636766828103997e+41	3.752515244821729e+41	9.031711552978006e+41	2.1817131071277155e+42	2.272355559590118e+42	1.7752389979365666e+42	1.0658963068328925e+41	4.686887902118127e+41	9.031711552978006e+41	1.3523264721125259e+42
914548.1632087755	3.086513511475884e+42	2.53342911082235e+39	2.214879362537805e+40	1.3185160987916085e+41	3.2445719743808303e+41	8.039782155221825e+41	2.033151714583146e+42	2.1512703927076862e+42	1.7067627580151907e+42	8.895801831575286e+40	4.0803886519742015e+41	8.039782155221825e+41	1.2236193399323102e+42
933652.1408982322	2.910134807356734e+42	1.9453143585533516e+39	1.786185824408419e+40	1.1114240849949415e+41	2.803982017239561e+41	7.15186639621598e+41	1.8929191516005482e+42	2.0345949019653177e+42	1.639237081037644e+42	7.422349946685404e+40	3.550435829032453e+41	7.15186639621598e+41	1.106289257514747e+42
953194.4595571571	2.7426183184561316e+42	1.491662634021701e+39	1.4383854152433438e+40	9.354620969623121e+40	2.4195530663231344e+41	6.352250177241673e+41	1.7596659082176338e+42	1.921360682378713e+42	1.5720959913016586e+42	6.183781791254987e+40	3.08461859105427e+41	6.352250177241673e+41	9.986689383606494e+41
973187.8294800632	2.5835839862551126e+42	1.1428286940178465e+39	1.1571080085916746e+40	7.864219269398825e+40	2.085170578454693e+41	5.634327657678965e+41	1.633379257566111e+42	1.8117270357009965e+42	1.5054706473964057e+42	5.14594519090927e+40	2.6764431195586497e+41	5.634327657678965e+41	9.00244247835902e+41
993645.4664087242	2.4326594324824435e+42	8.737915506840569e+38	9.290174672519616e+39	6.598730359277298e+40	1.793628622557196e+41	4.98825587633273e+41	1.5133965026296936e+42	1.7053145084951054e+42	1.439338177785547e+42	4.27412142908369e+40	2.3179341023660324e+41	4.98825587633273e+41	8.100191548722322e+41
1014531.8374533692	2.2894810235595764e+42	6.596900915459006e+38	7.38467188900695e+39	5.49531046249315e+40	1.533429664450323e+41	4.396612139607325e+41	1.39976241091337e+42	1.6038460874207423e+42	1.3760312161915278e+42	3.521327498559995e+40	1.9959692200881246e+41	4.396612139607325e+41	7.262813635662428e+41
1035854.9302927025	2.1545197325965324e+42	4.937876651773741e+38	5.829389866307568e+39	4.551602556159037e+40	1.3049866898333527e+41	3.861273820276263e+41	1.2921051922636416e+42	1.5063382227195267e+42	1.3146326469505586e+42	2.8843936044051213e+40	1.7112723869405034e+41	3.861273820276263e+41	6.492356399824933e+41
1057623.8248116216	2.026850112574753e+42	3.663811839666181e+38	4.5691502912146996e+39	3.7490835312229483e+40	1.1053882989555078e+41	3.3787041586313868e+41	1.1903107906671882e+42	1.412733091553563e+42	1.2549438684961743e+42	2.3487492855189713e+40	1.4606785534485248e+41	3.3787041586313868e+41	5.7857079597344625e+41
1079847.7894773104	1.9061323778988833e+42	2.6942570097876132e+38	3.5554778567772915e+39	3.0705475045012214e+40	9.31832986993677e+40	2.945319781214829e+41	1.0942334808824268e+42	1.3229661839838762e+42	1.1969250980626304e+42	1.9010404487006432e+40	1.2411094112486752e+41	2.945319781214829e+41	5.139576385455483e+41
1102536.2852985298	1.7920365795829534e+42	1.963081261339861e+38	2.7460516441850706e+39	2.500081246818931e+40	7.816363149695038e+40	2.55752343551712e+41	1.0037142145798752e+42	1.2369714856661547e+42	1.1405453877914428e+42	1.529085164431328e+40	1.0495846941126537e+41	2.55752343551712e+41	4.550555043652627e+41
1125698.9698849148	1.684244601695618e+42	1.4168041403884842e+38	2.1045684652212628e+39	2.0232776104894906e+40	6.52291653941508e+40	2.2118320137876297e+41	9.185920029166834e+41	1.1546840324638102e+42	1.0857762083604059e+42	1.2219919801109089e+40	8.832976995002941e+40	2.2118320137876297e+41	4.015278666585004e+41
1149345.7015948792	1.5824498480571885e+42	1.0125843936247624e+38	1.6001244987203528e+39	1.6271700257690038e+40	5.414698036204614e+40	1.9048845786334157e+41	8.387035603025765e+41	1.0760394482704552e+42	1.032591325217206e+42	9.700846747321088e+39	7.396172473993009e+40	1.9048845786334157e+41	3.530430707738324e+41
1173486.5437740998	1.4863571718274138e+42	7.164394958896753e+37	1.2066209893770991e+39	1.3001610291475813e+40	4.470177059432562e+40	1.63345072290814e+41	7.638831845269171e+41	1.0009736505640021e+42	9.809667821123768e+41	7.648235831788805e+39	6.160888377148067e+40	1.63345072290814e+41	3.09275232060528e+41
1198131.7690865854	1.395682765459033e+42	5.016861453857726e+37	9.021977571235847e+38	1.0319444489738727e+40	3.669558764191716e+40	1.394438159564937e+41	6.9396267027135985e+41	9.294225303729214e+41	9.308808595442096e+41	5.987236976872664e+39	5.104344822892137e+40	1.394438159564937e+41	2.699051425268073e+41
1223291.8639403894	1.3101540148036287e+42	3.4759076050530345e+37	6.6869978298324626e+38	8.134226059164208e+39	2.9947460849438165e+40	1.1848994336479916e+41	6.2877126483705145e+41	8.613216119526457e+41	8.823140069678545e+41	4.652708634345842e+39	4.2055122461030116e+40	1.1848994336479916e+41	2.3462117696775602e+41
1248977.5330100479	1.2295093222102072e+42	2.382159672584887e+37	4.911809618394055e+38	6.366199233583657e+39	2.429290265232729e+40	1.0020376557736488e+41	5.6813567519702344e+41	7.966056991437847e+41	8.352487485280262e+41	3.588373515001192e+39	3.445083817148437e+40	1.0020376557736488e+41	2.0312018818578796e+41
1275199.7038578864	1.15349790302771e+42	1.6144685183077176e+37	3.574479223265713e+38	4.945943442996956e+39	1.9583308115696895e+40	8.432111633820577e+40	5.118801343972051e+41	7.352085159396089e+41	7.89669562319644e+41	2.745980274035236e+39	2.805435630148651e+40	8.432111633820577e+40	1.751083794297545e+41
1301969.5316563654	1.0818795595627738e+42	1.0817935035516321e+37	2.576456560498315e+38	3.813479226453847e+39	1.568525982145086e+40	7.059370276463415e+40	4.598265340048942e+41	6.7706234927825005e+41	7.455627334922119e+41	2.084482432775962e+39	2.2705754144111837e+40	7.059370276463415e+40	1.5030214106665508e+41
1329298.404013688	1.0144244361589938e+42	7.165249326067055e+36	1.8388560512325075e+38	2.91737897167888e+39	1.2479750750254333e+40	5.878933397920404e+40	4.117946277028033e+41	6.220977024075052e+41	7.029161818400431e+41	1.569244685520136e+39	1.8260807243553992e+40	5.878933397920404e+40	1.284288378070032e+41
1357197.9459049292	9.509127587268524e+41	4.6906230997011695e+36	1.299158592159474e+38	2.2138946719179124e+39	9.861339086259502e+39	4.869202303532646e+40	3.676023093188161e+41	5.702429673702599e+41	6.617192648963156e+41	1.1712854140300823e+39	1.459027750632416e+40	4.869202303532646e+40	1.0922753259915102e+41
1385680.0247109982	8.911345617461094e+41	3.0347137857776266e+36	9.08322359202845e+37	1.6661137268660472e+39	7.737249826497617e+39	4.0101959785581017e+40	3.2706596659134073e+41	5.214241251915887e+41	6.219625579616633e+41	8.665627559764997e+38	1.1579120594889359e+40	4.0101959785581017e+40	9.244963361174162e+40
1414756.7553677836	8.348894054477015e+41	1.9405307183629802e+36	6.2828280172985785e+37	1.2431524193650395e+39	6.026438650420062e+39	3.283535486875317e+40	2.900009098267055e+41	4.75564482170578e+41	5.836376129195517e+41	6.353099995714896e+38	9.125627006284524e+39	3.283535486875317e+40	7.785945153961959e+40
1444440.5056278834	7.819860856218448e+41	1.2267098436054265e+36	4.298163177598436e+37	9.193951255473258e+38	4.6586336665362614e+39	2.67241576577404e+40	2.5622187239848354e+41	4.3258445031620005e+41	5.467366981489357e+41	4.6142446254030855e+38	7.140512195979212e+39	2.67241576577404e+40	6.523465579843594e+40
1474743.9014373613	7.322423382226687e+41	7.669959934756313e+35	2.907377882729182e+37	6.737856227003228e+38	3.573370386605967e+39	2.161565370006127e+40	2.255435777992566e+41	3.924013793619113e+41	5.112525222895865e+41	3.3191241682115977e+38	5.545971639478337e+39	2.161565370006127e+40	5.4366619968233185e+40
1505679.8324300253	6.8548454072125466e+41	4.747226834303991e+35	1.943993637385181e+37	4.8917511253884644e+38	2.7190345935090487e+39	1.7371949790735616e+40	1.97781365791334e+41	3.54929446992539e+41	4.771779450803964e+41	2.3639109723638195e+38	4.2747168062198045e+39	1.7371949790735616e+40	4.5060649063677085e+40
1537261.4575417698	6.415474119325666e+41	2.9124904410835818e+35	1.284565398455146e+37	3.517298432085345e+38	2.051926693774782e+39	1.386935722712931e+40	1.7275186815780503e+41	3.200796128815308e+41	4.4450567892505325e+41	1.6664743214687052e+38	3.2690076448556296e+39	1.386935722712931e+40	3.7136083759261313e+40
1569502.210747568	6.002737118321534e+41	1.774778217669443e+35	8.386748203841049e+36	2.50399554670714e+38	1.5353597289136476e+39	1.0997685907271375e+40	1.5027372271839328e+41	2.8775964089569774e+41	4.132279852436084e+41	1.1625189845910422e+38	2.4796963650596026e+39	1.0997685907271375e+40	3.0426279492858667e+40
1602415.8069237592	5.615139427063217e+41	1.0773173084075687e+35	5.409256780827988e+36	1.764464455477236e+38	1.1388015257048937e+39	8.65946365865768e+39	1.3016831272658851e+41	2.5787419241173257e+41	3.833363700428873e+41	8.022486322415248e+37	1.865296088390147e+39	8.65946365865768e+39	2.4778461304464425e+40
1636016.247838318	5.251260528140839e+41	6.540391580825963e+34	3.446299333765745e+36	1.2303301127973412e+38	8.370695702085541e+38	6.769096450449153e+39	1.1226051755752818e+41	2.3032499211362827e+41	3.548212834500665e+41	5.475194837639301e+37	1.3910863872046084e+39	6.769096450449153e+39	2.0053458217816204e+40
1670317.8282718528	4.90975143556744e+41	3.9919654857696974e+34	2.1689810049130098e+36	8.486596804556855e+37	6.095851771532447e+38	5.251985899824882e+39	9.637945978157305e+40	2.050110659290061e+41	3.2767182817131954e+41	3.694435099406771e+37	1.0282659101232294e+39	5.251985899824882e+39	1.6125323821646284e+40
1705335.142272123	4.58933181053567e+41	2.464995584014613e+34	1.348769679610227e+36	5.789257610603699e+37	4.396914823696795e+38	4.043620713730312e+39	8.235923337419109e+40	1.8182904901798187e+41	3.0187548201468073e+41	2.463966487357282e+37	7.53160291094918e+38	4.043620713730312e+39	1.2880852348327565e+40
1741083.0895449277	4.288787128560279e+41	1.5503628086450026e+34	8.290928321684738e+35	3.904501696372536e+37	3.1403779175116516e+38	3.088658406628872e+39	7.00395979123013e+40	1.6067355991454723e+41	2.7741783963994224e+41	1.623856510740305e+37	5.4649144395612514e+38	3.088658406628872e+39	1.0219001860609786e+40
1777576.8819842725	4.006965904427419e+41	9.994016103844221e+33	5.042195768134799e+35	2.6028056846447405e+37	2.220309523771388e+38	2.3400128378831308e+39	5.926662421019554e+40	1.4143763517582065e+41	2.5428237865175433e+41	1.0572713723636412e+37	3.927122473247608e+38	2.3400128378831308e+39	8.050238065387202e+39
1814832.0503447668	3.7427769801695744e+41	6.63154636707882e+33	3.0380249303093798e+35	1.7145027851163329e+37	1.5535273160749004e+38	1.7579618667719504e+39	4.989327790862947e+40	1.2401321721866473e+41	2.3245025495711997e+41	6.799392399069998e+36	2.7940860802430254e+38	1.7579618667719504e+39	6.295813697399913e+39
1852864.451059273	3.495186880466865e+41	4.535622475995587e+33	1.8174153603016165e+35	1.1157152917882766e+37	1.075407471038386e+38	1.3092878032696144e+39	4.177992904025674e+40	1.0829168651243922e+41	2.119001320044054e+41	4.318636199953344e+36	1.9676902970287926e+38	1.3092878032696144e+39	4.8869993145718176e+39
1891690.2732048833	3.263217238972347e+41	3.191300901624286e+33	1.0829146928982536e+35	7.171400085297964e+36	7.362931626572761e+37	9.664614240657902e+38	3.479477748997707e+40	9.416442798317812e+40	1.9260804807419805e+41	2.708997281222405e+36	1.3712016628936326e+38	9.664614240657902e+38	3.7642816966116555e+39
1931326.045620355	3.0459422982687013e+41	2.2996227609779087e+33	6.456070723436369e+34	4.552340387371135e+36	4.984570274142463e+37	7.068782230711538e+38	2.8814186489988275e+40	8.152342043192488e+40	1.745473252178282e+41	1.6784779408034954e+36	9.452545136963984e+37	7.068782230711538e+38	2.876545847515929e+39
1971788.6441781966	2.8424864855904077e+41	1.6873014464189478e+33	3.874189122563776e+34	2.8538664557748965e+36	3.335662952069371e+37	5.1215337371718676e+38	2.3722918755723827e+40	7.026183702629892e+40	1.576885227498691e+41	1.0276096998472587e+36	6.4442790720267405e+37	5.1215337371718676e+38	2.1802559026833745e+39
2013095.2992146693	2.6520220657444442e+41	1.2532514837901975e+33	2.3573755722384074e+34	1.7670709119737933e+36	2.2059587295503857e+37	3.674796935388947e+38	1.9414272481045847e+40	6.027464451022045e+40	1.4199943738478139e+41	6.220946094916917e+35	4.343649481381764e+37	3.674796935388947e+38	1.638649086313891e+39
2055263.603121014	2.4737668721625876e+41	9.37507342132072e+32	1.466231016754568e+34	1.081053970461894e+36	1.4413366756291115e+37	2.6105080981575138e+38	1.579011707651202e+40	5.1459188729843185e+40	1.2744515120231286e+41	3.7284727512520264e+35	2.893810432307629e+37	2.6105080981575138e+38	1.2209553302910555e+39
2098311.5180992917	2.306982116587597e+41	7.03464055307805e+32	9.390469647649205e+33	6.53901852432368e+35	9.302349027809852e+36	1.8354980491933465e+38	1.2760831148225299e+40	4.3715754397417325e+40	1.1398812764292956e+41	2.2166671607084494e+35	1.9050503666386706e+37	1.8354980491933465e+38	9.016533396067522e+38
2142257.3840862866	2.1509702774014664e+41	5.278781188934201e+32	6.222933084387882e+33	3.915306009471648e+35	5.929359275030502e+36	1.2770193216592948e+38	1.0245147676584909e+40	3.6948087700332697e+40	1.0158835469001867e+41	1.3111673309846436e+35	1.2389694036117918e+37	1.2770193216592948e+38	6.597718683883683e+38
2187119.92684899	2.0050730663289593e+41	3.952969059639818e+32	4.2713645913171826e+33	2.3250836812403456e+35	3.732282644576962e+36	8.78885803525653e+37	8.169913577206234e+39	3.1063871400250715e+40	9.020353333612268e+40	7.749704147099943e+34	7.958769587146741e+36	8.78885803525653e+37	4.782428549233945e+38
2232918.2662552474	1.8686694728770785e+41	2.949663386409317e+32	3.0275976289846986e+33	1.37343199214371e+35	2.320118005068663e+36	5.981855127939446e+37	6.469772727295847e+39	2.5975143412283675e+40	7.978930836790977e+40	4.604381512634233e+34	5.048965860994756e+36	5.981855127939446e+37	3.433109492428795e+38
2279671.9247232303	1.7411738855548638e+41	2.1910190699679866e+32	2.2031000968150916e+33	8.104766296601378e+34	1.424665869490866e+36	4.025190533788692e+37	5.086783059966096e+39	2.159865146568609e+40	7.029953748268732e+40	2.7709201812468523e+34	3.1630850238463185e+36	4.025190533788692e+37	2.440019410193614e+38
2327400.8358534565	1.6220342888480102e+41	1.6190037207254342e+32	1.6342573949075245e+33	4.806524367550232e+34	8.645799624802548e+35	2.6771115094095654e+37	3.969979423615429e+39	1.7856138270228071e+40	6.168659381179863e+40	1.7038540878172397e+34	1.9571071226192932e+36	2.6771115094095654e+37	1.7165073375244516e+38
2376125.3532471634	1.5107305345094964e+41	1.1895167388241334e+32	1.2275676928260204e+33	2.8868132879809974e+34	5.1903073765713596e+35	1.7594021153884583e+37	3.0748945461513104e+39	1.4674553564947446e+40	5.390169607421216e+40	1.0796390282158743e+34	1.1963334963055506e+36	1.7594021153884583e+37	1.194878716305477e+38
2425866.259514916	1.4067726857015815e+41	8.68687682517503e+31	9.285272486842706e+32	1.771609545579875e+34	3.0871418010687798e+35	1.142307442769473e+37	2.363050639469985e+39	1.1986191453546136e+40	4.68952598893583e+40	7.093613538605829e+33	7.229470263029707e+35	1.142307442769473e+37	8.228225012918558e+37
2476644.7754793977	1.309699432361651e+41	6.30392191504103e+31	7.04276232580813e+32	1.1206797327577845e+34	1.8237703124441583e+35	7.325532724267144e+36	1.8014339427491585e+39	9.728753444039508e+39	4.0617263239490436e+40	4.843225944747058e+33	4.323896347036661e+35	7.325532724267144e+36	5.603655234220852e+37
2528482.569576422	1.2190765759864752e+41	4.544810486434996e+31	5.340662974662167e+32	7.355354565956367e+33	1.0741267548587096e+35	4.63961325936674e+36	1.3619638736951692e+39	7.84533953970321e+39	3.5017618719626267e+40	3.4276722895312974e+33	2.5643282723969814e+35	4.63961325936674e+36	3.773115573743853e+37
2581401.76745829	1.134495582008594e+41	3.2545691150206275e+31	4.0408149349037486e+32	5.0208839300192885e+33	6.340775107718248e+34	2.902042118172203e+36	1.0209674896669438e+39	6.284371506784862e+39	3.0046545071509216e+40	2.49933639429705e+33	1.512409583602295e+35	2.902042118172203e+36	2.5111738182599974e+37
2635424.961803672	1.0555721978364263e+41	2.3145411143163196e+31	3.046338705705719e+32	3.5560729752329106e+33	3.778929962484814e+34	1.792945576344116e+36	7.586687206087291e+38	4.9994540061909606e+39	2.5654930564445146e+40	1.8632782104002966e+33	8.909362206396077e+34	1.792945576344116e+36	1.6515554132512738e+37
2690575.222338321	9.81945134538868e+40	1.6343820776220703e+31	2.2863162368649116e+32	2.5971949163403156e+33	2.293998030787093e+34	1.0945601342955724e+36	5.587003979573193e+38	3.949180573376695e+39	2.1794681066956524e+40	1.4096572736098656e+33	5.2742166771388505e+34	1.0945601342955724e+36	1.073131888444684e+37
2746876.1060709753	9.132748102138382e+40	1.1457350267495556e+31	1.7072053501943856e+32	1.940752915246196e+33	1.4320309208212858e+34	6.6076798924224104e+35	4.076455459796069e+38	3.096892426776233e+39	1.841904614612303e+40	1.0755426931805146e+33	3.1628290754678754e+34	6.6076798924224104e+35	6.887791585847297e+36
2804351.6677489113	8.492421529167304e+40	7.972255510293783e+30	1.2677958003591653e+32	1.472439485401564e+33	9.268639011595866e+33	3.949689861710195e+35	2.9461279978928993e+38	2.4103987540625303e+39	1.5482917207032844e+40	8.237282486929302e+32	1.9394836955810217e+34	3.949689861710195e+35	4.366443915828564e+36
2863026.470537713	7.895474611597122e+40	5.505143139305316e+30	9.360478816142074e+31	1.1270202035327203e+33	6.248517730184338e+33	2.3426245180529845e+35	2.1084924036468486e+38	1.861667465759014e+39	1.2943092538813695e+40	6.3117685534793995e+32	1.2276625126705844e+34	2.3426245180529845e+35	2.7339994826909136e+36
2922925.596929884	7.339093198621408e+40	3.7719809926534805e+30	6.8695971418868e+31	8.661023020803094e+32	4.385582013902228e+33	1.3832234295437028e+35	1.4939245226783434e+38	1.426495419826469e+39	1.0758505115863027e+40	4.827999333323786e+32	8.079253196054886e+33	1.3832234295437028e+35	1.6910895728551853e+36
2984074.659887068	6.820635697305385e+40	2.563928525357618e+30	5.010301324197329e+31	6.660242068423871e+32	3.1881008157699575e+33	8.17022097294115e+34	1.0476226693658705e+38	1.0841668357409696e+39	8.890410094372456e+39	3.681319214167003e+32	5.543153705817925e+33	8.17022097294115e+34	1.0337597754028701e+36
3046499.8142207027	6.337623280317957e+40	1.7286176708569665e+30	3.6309399991139957e+31	5.113489354375864e+32	2.381640522192688e+33	4.860215564110762e+34	7.26914906807698e+37	8.17108063715923e+38	7.302530093408701e+39	2.7954582305628183e+32	3.955114287977247e+33	4.860215564110762e+34	6.250504611821206e+35
3110227.768216055	5.8877305870487705e+40	1.1557622638847752e+30	2.614111809753417e+31	3.913951835661024e+32	1.8131776708581134e+33	2.9371256758755197e+34	4.98939565984602e+37	6.1054609977270136e+38	5.961157519083404e+39	2.112760599440767e+32	2.9155662291145396e+33	2.9371256758755197e+34	3.74340081410622e+35
3175285.795504693	5.468776898887766e+40	7.661847220376288e+29	1.869424567062753e+31	2.9838376700329648e+32	1.3965860221581508e+33	1.8210945457693439e+34	3.386749453046557e+37	4.521772919625087e+38	4.835214339800844e+39	1.5886079409798644e+32	2.2019232601681975e+33	1.8210945457693439e+34	2.2256811640169446e+35
3241701.747190538	5.078717768555548e+40	5.035141150443012e+29	1.3276986176969775e+31	2.2642847866217186e+32	1.0822434342108836e+33	1.16940159353874e+34	2.272888088315968e+37	3.318516204735303e+38	3.8962708013088723e+39	1.1880241897057153e+32	1.6899114300041265e+33	1.16940159353874e+34	1.3183440860394582e+35
3309504.064234762	4.715637084801703e+40	3.2795912315354116e+29	9.36326882913771e+30	1.7096433719363507e+32	8.403974362841582e+32	7.827078110443353e+33	1.5077499095249022e+37	2.4127681212796346e+38	3.1185255550746426e+39	8.834429387374329e+31	1.309173217996659e+33	7.827078110443353e+33	7.819908826997984e+34
3378721.7901049103	4.377739553456973e+40	2.1167678513634e+29	6.555709616011356e+30	1.2840236371771903e+32	6.522077473474784e+32	5.468128841403052e+33	9.884290657963717e+36	1.7374541902976902e+38	2.478750521809187e+39	6.531232577532514e+31	1.0186920542660866e+33	5.468128841403052e+33	4.67817758834775e+34
3449384.583693733	4.063343577064322e+40	1.3535888556918921e+29	4.556203251665407e+30	9.590420900912838e+31	5.04981183419509e+32	3.971624889249555e+33	6.402579889899699e+36	1.2388690090826473e+38	1.956204504967199e+39	4.799572234470103e+31	7.934315479780735e+32	3.971624889249555e+33	2.8482937285782045e+34
3521522.73251333	3.7708745147342758e+40	8.573807445448714e+28	3.14270397313091e+30	7.122292590965466e+31	3.896476901578231e+32	2.9763809908627085e+33	4.097483057136348e+36	8.744574049383283e+37	1.5325200840513163e+39	3.5053542097958494e+31	6.171809373935462e+32	2.9763809908627085e+33	1.7828809085224401e+34
3595167.1661703503	3.4988583055905006e+40	5.378317164738664e+28	2.1510260574908648e+30	5.258334529466969e+31	2.994129571933509e+32	2.281310862489019e+33	2.5908335396542224e+36	6.1085723867413615e+37	1.1915686512230976e+39	2.543994042358956e+31	4.7876327978288046e+32	2.281310862489019e+33	1.1580155159018454e+34
3670349.4701280785	3.2459154387058116e+40	3.340534679144542e+28	1.4606743807479855e+30	3.858829299818782e+31	2.290189348576258e+32	1.7740689458959644e+33	1.618839565957595e+36	4.221975426495737e+37	9.193086006670736e+38	1.834374780403716e+31	3.700277367084929e+32	1.7740689458959644e+33	7.850498547427788e+33
3747101.8997614	3.0107552535298245e+40	2.0539623819912033e+28	9.838964367035133e+29	2.814336800554049e+31	1.7431652462717246e+32	1.3908786436444987e+33	1.0000128870314913e+36	2.886395172802377e+37	7.03621650825694e+38	1.3139546400407187e+31	2.8477199088845364e+32	1.3908786436444987e+33	5.557658848457817e+33
3825457.3947107433	2.7921705550796087e+40	1.249927471887712e+28	6.572873467924642e+29	2.039595768145834e+31	1.319995373430874e+32	1.0943505752032707e+33	6.112422909628502e+35	1.9514325141426534e+37	5.3414208709310795e+38	9.348129370906766e+30	2.18143106343552e+32	1.0943505752032707e+33	4.0890784882497126e+33
3905449.5935412487	2.589032528757342e+40	7.526631485110724e+27	4.354032592059223e+29	1.4685661724254295e+31	9.942444910573812e+31	8.61453471220085e+32	3.7021644294825504e+35	1.3043983152696813e+37	4.02083379419323e+38	6.604680454622138e+30	1.6628362559815263e+32	8.61453471220085e+32	3.1015466516279445e+33
3987112.848713536	2.4002859402926927e+40	4.4838019551580234e+27	2.859421211354568e+29	1.0504062670416817e+31	7.447861138785921e+31	6.770903155616048e+32	2.227120870154724e+35	8.618664800709375e+36	3.000661810966324e+38	4.633309378301978e+30	1.261050252881699e+32	6.770903155616048e+32	2.4036973249555036e+33
