#t	Le	U	B	V	R	I	J	H	K	g	r	i	z
#----------------------------------------------- 
6.231070087889746	0.0	0.0	0.0	0.0	0.0	0.0	0.0	0.0	0.0	0.0	0.0	0.0	0.0
6.475563181342443	0.0	0.0	0.0	0.0	0.0	0.0	0.0	0.0	0.0	0.0	0.0	0.0	0.0
9.189112205171043	0.0	0.0	0.0	0.0	0.0	0.0	0.0	0.0	0.0	0.0	0.0	0.0	0.0
11.38673868726862	0.0	0.0	0.0	0.0	0.0	0.0	0.0	0.0	0.0	0.0	0.0	0.0	0.0
14.95277476782939	0.0	0.0	0.0	0.0	0.0	0.0	0.0	0.0	0.0	0.0	0.0	0.0	0.0
20.027337735748194	0.0	0.0	0.0	0.0	0.0	0.0	0.0	0.0	0.0	0.0	0.0	0.0	0.0
26.913402348063094	0.0	0.0	0.0	0.0	0.0	0.0	0.0	0.0	0.0	0.0	0.0	0.0	0.0
35.844608100505674	0.0	0.0	0.0	0.0	0.0	0.0	0.0	0.0	0.0	0.0	0.0	0.0	0.0
46.82604458474982	0.0	0.0	0.0	0.0	0.0	0.0	0.0	0.0	0.0	0.0	0.0	0.0	0.0
59.67117406035212	0.0	0.0	0.0	0.0	0.0	0.0	0.0	0.0	0.0	0.0	0.0	0.0	0.0
74.15118796458569	0.0	0.0	0.0	0.0	0.0	0.0	0.0	0.0	0.0	0.0	0.0	0.0	0.0
90.0963846001525	0.0	0.0	0.0	0.0	0.0	0.0	0.0	0.0	0.0	0.0	0.0	0.0	0.0
107.41250153043585	0.0	0.0	0.0	0.0	0.0	0.0	0.0	0.0	0.0	0.0	0.0	0.0	0.0
126.06112362972962	0.0	0.0	0.0	0.0	0.0	0.0	0.0	0.0	0.0	0.0	0.0	0.0	0.0
146.03864847137726	0.0	0.0	0.0	0.0	0.0	0.0	0.0	0.0	0.0	0.0	0.0	0.0	0.0
167.362210356958	0.0	0.0	0.0	0.0	0.0	0.0	0.0	0.0	0.0	0.0	0.0	0.0	0.0
190.06149635410415	0.0	0.0	0.0	0.0	0.0	0.0	0.0	0.0	0.0	0.0	0.0	0.0	0.0
214.17420312725622	0.0	0.0	0.0	0.0	0.0	0.0	0.0	0.0	0.0	0.0	0.0	0.0	0.0
239.7435480159227	0.0	0.0	0.0	0.0	0.0	0.0	0.0	0.0	0.0	0.0	0.0	0.0	0.0
266.81691506049935	0.0	0.0	0.0	0.0	0.0	0.0	0.0	0.0	0.0	0.0	0.0	0.0	0.0
295.44513274502947	0.0	0.0	0.0	0.0	0.0	0.0	0.0	0.0	0.0	0.0	0.0	0.0	0.0
325.6821108070281	0.0	0.0	0.0	0.0	0.0	0.0	0.0	0.0	0.0	0.0	0.0	0.0	0.0
357.5846870371877	0.0	0.0	0.0	0.0	0.0	0.0	0.0	0.0	0.0	0.0	0.0	0.0	0.0
391.21260168994235	0.0	0.0	0.0	0.0	0.0	0.0	0.0	0.0	0.0	0.0	0.0	0.0	0.0
426.62855325729987	0.0	0.0	0.0	0.0	0.0	0.0	0.0	0.0	0.0	0.0	0.0	0.0	0.0
463.8983079835804	0.0	0.0	0.0	0.0	0.0	0.0	0.0	0.0	0.0	0.0	0.0	0.0	0.0
503.09084842717675	0.0	0.0	0.0	0.0	0.0	0.0	0.0	0.0	0.0	0.0	0.0	0.0	0.0
544.2785523321276	0.0	0.0	0.0	0.0	0.0	0.0	0.0	0.0	0.0	0.0	0.0	0.0	0.0
587.5373965044084	0.0	0.0	0.0	0.0	0.0	0.0	0.0	0.0	0.0	0.0	0.0	0.0	0.0
632.9471842912297	0.0	0.0	0.0	0.0	0.0	0.0	0.0	0.0	0.0	0.0	0.0	0.0	0.0
680.5917946443001	0.0	0.0	0.0	0.0	0.0	0.0	0.0	0.0	0.0	0.0	0.0	0.0	0.0
730.5594538210871	0.0	0.0	0.0	0.0	0.0	0.0	0.0	0.0	0.0	0.0	0.0	0.0	0.0
782.9430304364724	0.0	0.0	0.0	0.0	0.0	0.0	0.0	0.0	0.0	0.0	0.0	0.0	0.0
837.8403553235438	0.0	0.0	0.0	0.0	0.0	0.0	0.0	0.0	0.0	0.0	0.0	0.0	0.0
895.3545661196114	0.0	0.0	0.0	0.0	0.0	0.0	0.0	0.0	0.0	0.0	0.0	0.0	0.0
955.5944813173944	0.0	0.0	0.0	0.0	0.0	0.0	0.0	0.0	0.0	0.0	0.0	0.0	0.0
1018.6750067723507	0.0	0.0	0.0	0.0	0.0	0.0	0.0	0.0	0.0	0.0	0.0	0.0	0.0
1084.7175729309288	0.0	0.0	0.0	0.0	0.0	0.0	0.0	0.0	0.0	0.0	0.0	0.0	0.0
1153.850610522346	0.0	0.0	0.0	0.0	0.0	0.0	0.0	0.0	0.0	0.0	0.0	0.0	0.0
1226.2100670672885	0.0	0.0	0.0	0.0	0.0	0.0	0.0	0.0	0.0	0.0	0.0	0.0	0.0
1301.9399680295148	0.0	0.0	0.0	0.0	0.0	0.0	0.0	0.0	0.0	0.0	0.0	0.0	0.0
1381.1930281565872	0.0	0.0	0.0	0.0	0.0	0.0	0.0	0.0	0.0	0.0	0.0	0.0	0.0
1464.1313176729777	0.0	0.0	0.0	0.0	0.0	0.0	0.0	0.0	0.0	0.0	0.0	0.0	0.0
1550.9269887573314	0.0	0.0	0.0	0.0	0.0	0.0	0.0	0.0	0.0	0.0	0.0	0.0	0.0
1641.7630684843873	0.0	0.0	0.0	0.0	0.0	0.0	0.0	0.0	0.0	0.0	0.0	0.0	0.0
1736.8343296676453	0.0	0.0	0.0	0.0	0.0	0.0	0.0	0.0	0.0	0.0	0.0	0.0	0.0
1836.3482369388164	0.0	0.0	0.0	0.0	0.0	0.0	0.0	0.0	0.0	0.0	0.0	0.0	0.0
1940.525992915569	0.0	0.0	0.0	0.0	0.0	0.0	0.0	0.0	0.0	0.0	0.0	0.0	0.0
2049.603682118514	0.0	0.0	0.0	0.0	0.0	0.0	0.0	0.0	0.0	0.0	0.0	0.0	0.0
2163.8335301095412	0.0	0.0	0.0	0.0	0.0	0.0	0.0	0.0	0.0	0.0	0.0	0.0	0.0
2283.485290159119	0.0	0.0	0.0	0.0	0.0	0.0	0.0	0.0	0.0	0.0	0.0	0.0	0.0
2408.847775072383	0.0	0.0	0.0	0.0	0.0	0.0	0.0	0.0	0.0	0.0	0.0	0.0	0.0
2540.230544253644	0.0	0.0	0.0	0.0	0.0	0.0	0.0	0.0	0.0	0.0	0.0	0.0	0.0
2677.9657754127315	0.0	0.0	0.0	0.0	0.0	0.0	0.0	0.0	0.0	0.0	0.0	0.0	0.0
2822.4103380116453	0.0	0.0	0.0	0.0	0.0	0.0	0.0	0.0	0.0	0.0	0.0	0.0	0.0
2973.948095408877	2.1779259670787514e+31	3.989763851283587e+28	2.2352352308840524e+28	1.1678262293999122e+28	7.496238946338894e+27	4.038177094129162e+27	1.0161342176404206e+27	4.99920994718406e+26	1.8858397516371394e+26	1.3754154602977078e+28	6.55392274816774e+27	4.038177094129162e+27	2.661519359312272e+27
3132.9924669132533	5.622967102537842e+32	1.1610615772718073e+30	6.511254082594336e+29	3.4049013990439665e+29	2.1866743820258167e+29	1.1786175081165635e+29	2.9684325285769685e+28	1.4608815522088833e+28	5.512645235221375e+27	4.009330166280753e+29	1.912055119772552e+29	1.1786175081165635e+29	7.7706102196502195e+28
3299.989284412732	1.0206413987201688e+34	2.405709241069551e+31	1.3506903505099844e+31	7.070375242378153e+30	4.5432932929387814e+30	2.4504499327393162e+30	6.1780384876198626e+29	3.0415698893863972e+29	1.1481719424098959e+29	8.323522626933659e+30	3.97333151944724e+30	2.4504499327393162e+30	1.6161737479521924e+30
3475.419981790686	1.3709762125351143e+35	3.659744165679453e+32	2.057126784969063e+32	1.0779267923699644e+32	6.930479619519145e+31	3.740425980031435e+31	9.439966998640276e+30	4.6491643482387605e+30	1.7556821035272077e+30	1.2686815060932619e+32	6.061976123830876e+31	3.740425980031435e+31	2.4678639416446413e+31
3659.8051597072263	1.3801054137477213e+36	4.2039411138836255e+33	2.3660406159282333e+33	1.2412027323506273e+33	7.985288152530511e+32	4.312839862681452e+32	1.0897022423496156e+32	5.368924129889448e+31	2.0283287652276386e+31	1.460471464235792e+33	6.985798726895896e+32	4.312839862681452e+32	2.8466847548198543e+32
3853.7085872669595	1.0920692895967333e+37	3.7753823556717203e+34	2.127585520878877e+34	1.1173885961482e+34	7.193301142022214e+33	3.887930234250647e+33	9.834714418928056e+32	4.8474952517769495e+32	1.8321025574627927e+32	1.3144395679468737e+34	6.294030901963159e+33	3.887930234250647e+33	2.5672711862698995e+33
4057.741699080367	6.8715541358675115e+37	2.709447375595419e+35	1.529044731396414e+35	8.04045406707173e+34	5.179721601818721e+34	2.8018412538780043e+34	7.096292023278738e+33	3.4992860970463736e+33	1.3231518077349186e+33	9.45567122524479e+34	4.533036058394871e+34	2.8018412538780043e+34	1.8509317243877403e+34
4272.568653477265	3.562621261416936e+38	1.5959392677642132e+36	9.019512324440765e+35	4.748959778759985e+35	3.0614883115060868e+35	1.6573866916591429e+35	4.203078586443238e+34	2.0735361682743705e+34	7.844107270526978e+33	5.5831974505212425e+35	2.6797804767043864e+35	1.6573866916591429e+35	1.0953887720983738e+35
4498.912042451804	1.5371452764564284e+39	7.850681147667041e+36	4.443789547281972e+36	2.3429863242186095e+36	1.5116017484356357e+36	8.190522266989385e+35	2.0799640896119583e+35	1.0266249067941702e+35	3.885630453521498e+34	2.753699169714392e+36	1.3234108788157018e+36	8.190522266989385e+35	5.415887104307441e+35
4737.559349712877	5.670155479399204e+39	3.292329786931383e+37	1.8665977943783161e+37	9.855682260230397e+36	6.363530118722782e+36	3.451174216129827e+36	8.776664354168662e+35	4.334145182150788e+35	1.6412592828099136e+35	1.1579542426432192e+37	5.572484712783855e+36	3.451174216129827e+36	2.283204665928158e+36
4989.370289905106	1.917854413946393e+40	1.2152155931805499e+38	6.897631112001914e+37	3.645664971139454e+37	2.355226148161409e+37	1.2781500670100503e+37	3.2537466126036873e+36	1.6073575163157298e+36	6.0889900087650364e+35	4.282333025444567e+37	2.0627654173754869e+37	1.2781500670100503e+37	8.458942895522598e+36
5255.285134138611	6.055656042033895e+40	4.006076766407882e+38	2.2751971330411728e+38	1.203148604831298e+38	7.7749748910839555e+37	4.2207565364249896e+37	1.075015275182678e+37	5.3115558858036965e+36	2.012496019279874e+36	1.4130962953073594e+38	6.810043507008264e+37	4.2207565364249896e+37	2.7938539737614235e+37
5536.334208394754	1.5404173774212994e+41	1.1359690773737574e+39	6.461376633597242e+38	3.421421253801915e+38	2.212627773591077e+38	1.2021786032715864e+38	3.065994395774086e+37	1.5155910277237302e+37	5.74518943495179e+36	4.0172224583934206e+38	1.938415047146194e+38	1.2021786032715864e+38	7.961375567455164e+37
5833.648757895937	3.501022574941045e+41	2.867863427899352e+39	1.633743651975582e+39	8.662702864659853e+38	5.606358818808869e+38	3.048700710360436e+38	7.78575961586022e+37	3.850500149740058e+37	1.4603281331427256e+37	1.016805962362932e+39	4.912558936870908e+38	3.048700710360436e+38	2.0199552297408437e+38
6148.473385474124	6.861078221390253e+41	6.374317387721918e+39	3.638302205535018e+39	1.9324489419536957e+39	1.2518288534686384e+39	6.814718922348055e+38	1.743280821338559e+38	8.626634709178165e+37	3.273704140599186e+37	2.2673748460815444e+39	1.097193042693238e+39	6.814718922348055e+38	4.517893395178192e+38
6482.180373605075	1.1742222595476665e+42	1.2467578450912046e+40	7.131636705665892e+39	3.795138991843161e+39	2.4610660737099177e+39	1.3413787602534559e+39	3.43788240189588e+38	1.7023676928706047e+38	6.464682226580243e+37	4.4509548964634906e+39	2.157674291439904e+39	1.3413787602534559e+39	8.898803218356987e+38
6836.286214967912	1.696300864373191e+42	2.109257631935934e+40	1.2098311607182138e+40	6.453687479946926e+39	4.190645188184682e+39	2.2875452743159367e+39	5.8767890927991785e+38	2.9124903059672653e+38	1.1069540146499856e+38	7.564747327013909e+39	3.6753626841089896e+39	2.2875452743159367e+39	1.5188580540486794e+39
7212.470729273279	2.0742385776619443e+42	3.074502689872462e+40	1.7692675582332018e+40	9.465136259398333e+39	6.155879453433794e+39	3.3664187005766037e+39	8.67298373443706e+38	4.3025355570403816e+38	1.6369367128400372e+38	1.1087342759341676e+40	5.401279703339608e+39	3.3664187005766037e+39	2.2374539754158966e+39
7612.599277174659	2.211349660449313e+42	3.9146450207628853e+40	2.2608584831388324e+40	1.2133246880999405e+40	7.904894154467799e+39	4.331491381996913e+39	1.119390753453488e+39	5.5591530609964774e+38	2.117378496146381e+38	1.4202488309166358e+40	6.939170186539262e+39	4.331491381996913e+39	2.8820583032678207e+39
8038.748640876033	2.519099318881676e+42	4.749682513793169e+40	2.7468031480449446e+40	1.475846033739044e+40	9.621461535141565e+39	5.2759805427214864e+39	1.3650425327399093e+39	6.781843106416089e+38	2.5841421972443732e+38	1.7270780835338643e+40	8.44750926795039e+39	5.2759805427214864e+39	3.5119348849486916e+39
8493.237318518039	2.257035088936253e+42	5.142391637903318e+40	2.9867163203812084e+40	1.6107962943956794e+40	1.052300795569994e+40	5.783995591366409e+39	1.5019818839496285e+39	7.471776084550274e+38	2.8507763496335685e+38	1.8833826599424647e+40	9.244238928204041e+39	5.783995591366409e+39	3.8551397779009006e+39
8978.661127444002	2.1396293501517965e+42	5.664032547133262e+40	3.301871417546462e+40	1.7865290347338724e+40	1.1691794369905433e+40	6.439451515887032e+39	1.6774524355718798e+39	8.353840924490725e+38	3.190899575769292e+38	2.0873137037026934e+40	1.0275936572330291e+40	6.439451515887032e+39	4.2968326749134446e+39
9497.93851060966	1.9811524190354304e+42	6.303630686433266e+40	3.6928551741285717e+40	2.00667547885343e+40	1.31635402069905e+40	7.269538445848419e+39	1.9015813299631222e+39	9.483777962728611e+38	3.627877413696008e+38	2.342229062395882e+40	1.1576843998675052e+40	7.269538445848419e+39	4.857939494079208e+39
10054.396005066428	2.0583290449102653e+42	7.417691717775302e+40	4.362327019683978e+40	2.378471238564087e+40	1.563141222108824e+40	8.650646644927541e+39	2.270259473071981e+39	1.1335402349992947e+39	4.341240589964399e+38	2.774060646599527e+40	1.375414073422334e+40	8.650646644927541e+39	5.78763290184513e+39
10651.818112042916	2.3058054395277267e+42	9.096152463026115e+40	5.362926198268764e+40	2.93043271723492e+40	1.9281996535844366e+40	1.0685441911553756e+40	2.810149782888679e+39	1.4041299404290006e+39	5.3815437398946796e+38	3.416122666863432e+40	1.697179150509859e+40	1.0685441911553756e+40	7.154358594991138e+39
11294.493974479752	2.2191652594715083e+42	1.0466390964908038e+41	6.207550748891848e+40	3.4095195189896184e+40	2.2497901382284707e+40	1.2507713002773542e+40	3.3057375893219837e+39	1.6546083733342855e+39	6.352706222191648e+38	3.9699399044677345e+40	1.981753759966854e+40	1.2507713002773542e+40	8.389322842257366e+39
11987.322128769636	2.3843825699515653e+42	1.2364943409949935e+41	7.360282423113894e+40	4.0554769339218016e+40	2.680674353700142e+40	1.4932610939171271e+40	3.958649671930015e+39	1.98350490743495e+39	7.623691624079896e+38	4.7186685361300805e+40	2.362410340280468e+40	1.4932610939171271e+40	1.0026688274064296e+40
12735.945262322228	2.385300189627961e+42	1.4215216997633394e+41	8.505186048280921e+40	4.707186262191989e+40	3.119015358080763e+40	1.7422214545295584e+40	4.638214772917315e+39	2.3274140931782805e+39	8.958882916539152e+38	5.471417877712005e+40	2.7505097868437124e+40	1.7422214545295584e+40	1.171610624803137e+40
13546.91315397594	2.2545113678268324e+42	1.5942105451502566e+41	9.607419090766217e+40	5.350528298300891e+40	3.5574080308612297e+40	1.994788133542712e+40	5.34221657387896e+39	2.6861923975546815e+39	1.0361577971979343e+39	6.210380857953893e+40	3.1399944992853437e+40	1.994788133542712e+40	1.3443143080530521e+40
14427.838842990326	2.4314334265865497e+42	1.878608708595143e+41	1.1369608068083558e+41	6.355337534710475e+40	4.234006418577553e+40	2.3796162121397826e+40	6.395235990543715e+39	3.2195888372823036e+39	1.2434451653068464e+39	7.370473794167444e+40	3.739237639461689e+40	2.3796162121397826e+40	1.6056754198391058e+40
15387.694467249903	2.3768255148265693e+42	2.1368075011286454e+41	1.3025369559589288e+41	7.326066014776448e+40	4.897179764533691e+40	2.7628222128086886e+40	7.468431990376752e+39	3.7674310784969744e+39	1.4579985718761853e+39	8.484325495514304e+40	4.328839260475961e+40	2.7628222128086886e+40	1.8681484479866637e+40
16436.869670445758	2.4862256867516368e+42	2.4827643773527447e+41	1.5222369265325106e+41	8.604885366201333e+40	5.767792371309983e+40	3.2640823108382474e+40	8.865374516672468e+39	4.4794443754046145e+39	1.7364338251019592e+39	9.953954199646583e+40	5.10217760318171e+40	3.2640823108382474e+40	2.210848732827271e+40
17587.734514167205	2.4047443287640846e+42	2.801594562320386e+41	1.7326611300495714e+41	9.86762775567281e+40	6.641004940108568e+40	3.775414442837603e+40	1.0325674972801801e+40	5.2297817047227903e+39	2.0322154344583618e+39	1.1395392205093212e+41	5.8810145307842445e+40	3.775414442837603e+40	2.5635873251113343e+40
18855.05127851349	2.463646626773275e+42	3.2168384489266333e+41	2.004754410978388e+41	1.1492973369001726e+41	7.762766257225291e+40	4.431101386838782e+40	1.2194397043164828e+40	6.18946837510833e+39	2.4103510839043634e+39	1.3252461913817211e+41	6.881068190349587e+40	4.431101386838782e+40	3.015532127228325e+40
20256.47483385082	2.5445025176848398e+42	3.722279611940872e+41	2.337604293783864e+41	1.3489708784959557e+41	9.14400287929439e+40	5.240523030845501e+40	1.451017446168134e+40	7.380301777047425e+39	2.880183096618847e+39	1.5531682259750472e+41	8.113199179422091e+40	5.240523030845501e+40	3.5742192896605403e+40
21813.716850543056	2.385582243272794e+42	4.1132220971012265e+41	2.6157121610483423e+41	1.5257887673733074e+41	1.0402958584042189e+41	6.001171885040554e+40	1.6781976124013488e+40	8.56483736226407e+39	3.353936988742094e+39	1.7524751691396822e+41	9.244676361139456e+40	6.001171885040554e+40	4.107675220051309e+40
23553.524126143006	2.397056422480646e+42	4.662958884709125e+41	2.9978002619056814e+41	1.765164541956567e+41	1.2096492995557008e+41	7.018216370505463e+40	1.9797546438305492e+40	1.0133987071257262e+40	3.980358850754914e+39	2.023102012382785e+41	1.0764373953712613e+41	7.018216370505463e+40	4.818904559922138e+40
25509.223064624784	2.4628836442851426e+42	5.339055919406225e+41	3.4695923040037724e+41	2.0620078189524376e+41	1.4202028257314964e+41	8.286590615937006e+40	2.3577056113462547e+40	1.2104124842870548e+40	4.7682825397519735e+39	2.3583535957325415e+41	1.2655143634659971e+41	8.286590615937006e+40	5.707449855439636e+40
27722.888485545212	2.537569780069103e+42	6.151188238843901e+41	4.04284540774837e+41	2.426068190203668e+41	1.679694291803131e+41	9.858116370236705e+40	2.829655274384593e+40	1.4570626070563144e+40	5.757261389075455e+39	2.7686674491646597e+41	1.4988376519233897e+41	9.858116370236705e+40	6.811506797167253e+40
30248.1789314184	2.5212812839078802e+42	6.908617534910785e+41	4.608669429301945e+41	2.801227377178126e+41	1.9529152926302977e+41	1.1551062146724235e+41	3.3547431084002344e+40	1.7343588929017194e+40	6.880547506948121e+39	3.187549128327704e+41	1.7458825586350193e+41	1.1551062146724235e+41	8.015170783061423e+40
33155.793029043016	2.530311783133705e+42	7.802720933389013e+41	5.288034944700906e+41	3.257988075640405e+41	2.288005161983584e+41	1.3644073199674699e+41	4.011583583516559e+40	2.082586432869294e+40	8.296627840673252e+39	3.695960298497775e+41	2.0494558041173238e+41	1.3644073199674699e+41	9.509678444848596e+40
36538.99275384092	2.5130962858985585e+42	8.710846927555694e+41	6.013557808628077e+41	3.764354309329674e+41	2.6664276042623456e+41	1.6054461359540871e+41	4.78909080038696e+40	2.4984409317360787e+40	1.0002380131609225e+40	4.255048875690378e+41	2.393932520413359e+41	1.6054461359540871e+41	1.1248450129787848e+41
40524.86627132304	2.5429449968373055e+42	9.761832414971843e+41	6.87121603826939e+41	4.374201362073928e+41	3.1268318935450566e+41	1.902058274382085e+41	5.762290115699476e+40	3.0219474268601473e+40	1.2161969242532498e+40	4.925543303481421e+41	2.8141800495881057e+41	1.902058274382085e+41	1.340137627458725e+41
45291.47005492837	2.5448567960349663e+42	1.0804480282051801e+42	7.778936598842858e+41	5.050436915350779e+41	3.64910003829406e+41	2.246647000916003e+41	6.931020321610951e+40	3.6573153982646293e+40	1.4810123583820134e+40	5.661634387298167e+41	3.293695502323032e+41	2.246647000916003e+41	1.593362672275487e+41
51096.39800142717	2.5434514025260744e+42	1.1888451011220208e+42	8.782663777909513e+41	5.8311212570427924e+41	4.264700715975804e+41	2.661721579569232e+41	8.381705580547717e+40	4.453519794071111e+40	1.815950380030862e+40	6.5036558887112e+41	3.861926585076423e+41	2.661721579569232e+41	1.901820510780061e+41
58327.83611392027	2.5575317735564918e+42	1.2987499530893833e+42	9.872885172796845e+41	6.721229453876509e+41	4.983422391933874e+41	3.158581491188924e+41	1.0179968865726674e+41	5.45157587905711e+40	2.2403887054284152e+40	7.453769463856996e+41	4.529415911355398e+41	3.158581491188924e+41	2.2758841053873536e+41
66582.85972402149	2.82802597094323e+42	1.480773010988355e+42	1.1589342926944854e+42	8.109630917665259e+41	6.108625611753132e+41	3.943868454379544e+41	1.3085961462160954e+41	7.079140957605051e+40	2.9392432561785633e+40	8.935886385164524e+41	5.576299655705048e+41	3.943868454379544e+41	2.871304990050215e+41
76006.3626299034	5.008673586681152e+42	2.258991201493802e+42	1.731315973224121e+42	1.1947914569245509e+42	8.949052857635364e+41	5.750873844525029e+41	1.901522371724611e+41	1.0284384638141865e+41	4.2710565860241675e+40	1.3201749876398606e+42	8.158749948067171e+41	5.750873844525029e+41	4.179537925563275e+41
86763.76530773118	9.792800845636844e+42	3.9482246009416105e+42	2.942515285001444e+42	1.9825068725342266e+42	1.4660168976877873e+42	9.289365769845424e+41	3.009834593551896e+41	1.6172543102944333e+41	6.673826436381862e+40	2.2024374938765602e+42	1.3320156178346493e+42	9.289365769845424e+41	6.7008292541575266e+41
99043.90742779028	1.3805596871968584e+43	5.631611729772379e+42	4.1992019456045335e+42	2.8303414294635325e+42	2.093590947474961e+42	1.327205804277018e+42	4.304768850027635e+41	2.3141361322504062e+41	9.554656404263621e+40	3.144004940125703e+42	1.902408467206854e+42	1.327205804277018e+42	9.576825547960083e+41
113062.36350309582	1.4539631797659498e+43	6.476671292387033e+42	4.958402542453638e+42	3.421506678737488e+42	2.564239270554351e+42	1.6502314558086548e+42	5.479695450867754e+41	2.9698985015632223e+41	1.2364012439276053e+41	3.780217646782354e+42	2.3384023613259238e+42	1.6502314558086548e+42	1.2007979656925914e+42
129065.22697308389	1.236213138373429e+43	6.152419520423398e+42	4.934301731880245e+42	3.55187230653452e+42	2.7266233029943962e+42	1.8046756138535736e+42	6.267239816920203e+41	3.4510705862554897e+41	1.4601831147683291e+41	3.885985927711889e+42	2.502949186840241e+42	1.8046756138535736e+42	1.3341663742462386e+42
147333.43128841458	8.854701148605023e+42	4.7755318033237435e+42	4.1044820925642605e+42	3.149274209803809e+42	2.5077535917580574e+42	1.7331171523595115e+42	6.4563129866889844e+41	3.6460192133811305e+41	1.5831956678093665e+41	3.3946632973977414e+42	2.3254512264826418e+42	1.7331171523595115e+42	1.3132380044610902e+42
168187.6824399125	5.626269032306641e+42	2.9871438607400504e+42	2.8055343751298085e+42	2.3451817877806853e+42	1.9650053785682044e+42	1.444383717393757e+42	5.965899485883712e+41	3.4990038658388885e+41	1.580001364480749e+41	2.477102111313611e+42	1.8483846969217354e+42	1.444383717393757e+42	1.1344158386481578e+42
191994.08970838605	3.081003323528869e+42	1.490724495959326e+42	1.556784581419891e+42	1.4491074437192782e+42	1.2958784110109397e+42	1.0314350797647309e+42	4.88335558400253e+41	3.0168152263689826e+41	1.439562955688685e+41	1.49167305570752e+42	1.241570824453848e+42	1.0314350797647309e+42	8.488838709390942e+41
219170.59370014525	1.6754525824557094e+42	6.946052071053639e+41	7.808121094184793e+41	7.873477290963866e+41	7.447976609841759e+41	6.419123785376361e+41	3.575307623756447e+41	2.3632912109636674e+41	1.2141242181139457e+41	7.941425201692883e+41	7.260119329640376e+41	6.419123785376361e+41	5.56748035311917e+41
250194.30377386394	1.0421729622045979e+42	3.6276034921350204e+41	4.4186192825156785e+41	4.7876979923734036e+41	4.717204259149046e+41	4.2776187275217485e+41	2.6624601559937153e+41	1.8635415729848256e+41	1.0281550298126042e+41	4.749811013401651e+41	4.651168457069792e+41	4.2776187275217485e+41	3.8349596714578906e+41
285609.8747198616	7.229405960225483e+41	2.0043024524409388e+41	2.7183781590861935e+41	3.205311960163919e+41	3.2976408119476144e+41	3.1459245166290454e+41	2.158870384548507e+41	1.5807584058049466e+41	9.226578139320682e+40	3.1219152714032272e+41	3.2897744086954325e+41	3.1459245166290454e+41	2.9094022904815807e+41
326039.06947491504	5.248423166148962e+41	9.972084383160624e+40	1.5803261234783499e+41	2.1507001107812802e+41	2.3720339721852857e+41	2.4159118738657204e+41	1.8128730258910504e+41	1.3829589292543511e+41	8.514453291406366e+40	2.0297675904725598e+41	2.4067550164742128e+41	2.4159118738657204e+41	2.3047613211575376e+41
372191.6754674345	3.862819769191985e+41	4.2936563213998062e+40	7.72858956668189e+40	1.2708220326529443e+41	1.5711383170953316e+41	1.8074389448246262e+41	1.5580741237722085e+41	1.235427427579005e+41	7.978895125425547e+40	1.1447404374087547e+41	1.6432197122232246e+41	1.8074389448246262e+41	1.826581605163141e+41
424877.96640680707	2.8223033193447017e+41	1.8826495773855518e+40	3.2149321587672777e+40	6.143984750924367e+40	8.6993745588735355e+40	1.1887342794462658e+41	1.3016601589505547e+41	1.096434283281835e+41	7.483871251742481e+40	5.2769837579750425e+40	9.470624789883507e+40	1.1887342794462658e+41	1.3194437191841974e+41
485022.9283141417	2.0298622754827573e+41	1.0668718189896252e+40	1.3882638481451566e+40	2.502226780081679e+40	3.9147933687563723e+40	6.465132837560489e+40	9.91511219114954e+40	9.232059313199446e+40	6.850287614345474e+40	2.1174486269185718e+40	4.433663416723686e+40	6.465132837560489e+40	8.102366126094044e+40
553682.4995624116	1.4348720344580392e+41	7.41489470869546e+39	7.952567678127503e+39	1.0404096488108707e+40	1.5274425916349698e+40	2.8446693262572203e+40	6.542372809185659e+40	7.053271813320434e+40	5.95285522712016e+40	9.399107961792613e+39	1.7492653615103499e+40	2.8446693262572203e+40	4.0571821797385937e+40
632062.1100534381	9.98606461524132e+40	5.371490421684965e+39	5.636160605113559e+39	5.854922669289912e+39	6.721639811623048e+39	1.0932599454446867e+40	3.597336206525274e+40	4.687170388006699e+40	4.745029181489589e+40	5.750876033913974e+39	7.264269473518637e+39	1.0932599454446867e+40	1.668316458502548e+40
721537.8450250444	6.865143701314674e+40	3.8320002924411486e+39	4.146446902112345e+39	4.1798617905983146e+39	4.12863681975169e+39	4.687093189507189e+39	1.5988227351525661e+40	2.6095061504472207e+40	3.377420757714814e+40	4.198543304047417e+39	4.1490878840471724e+39	4.687093189507189e+39	6.262220018387385e+39
823680.6050625694	4.678579985957003e+40	2.6737638350392506e+39	2.999540366796934e+39	3.134496376721439e+39	3.0704410408718974e+39	2.905510968417072e+39	6.072645855971967e+39	1.1948009379154175e+40	2.064213680862582e+40	3.126967258910078e+39	3.032548410683584e+39	2.905510968417072e+39	3.012610856427668e+39
940283.6864933218	3.1730016756822113e+40	1.8252530377172665e+39	2.1193270444252612e+39	2.311766273628401e+39	2.3268043604239062e+39	2.191049571939082e+39	2.4187343478384053e+39	4.6298454672527453e+39	1.0603980633060866e+40	2.2809982862774757e+39	2.311460638341823e+39	2.191049571939082e+39	2.052361434073065e+39
1073394.2663944573	2.1487083768774368e+40	1.2205614707427673e+39	1.4631911500499277e+39	1.663597424662203e+39	1.7264265512861867e+39	1.6901931437820495e+39	1.3549387261929307e+39	1.7875588763148863e+39	4.56748612365166e+39	1.6236243671403426e+39	1.7310585018861156e+39	1.6901931437820495e+39	1.5908323188391977e+39
1225349.3449980943	1.456935494889036e+40	8.007876632080155e+38	9.88289651907415e+38	1.168254977166186e+39	1.2489418021448176e+39	1.277384858502921e+39	1.007441224105491e+39	9.216069571986235e+38	1.7556225679543576e+39	1.1284142469182286e+39	1.2640866732253871e+39	1.277384858502921e+39	1.2357860998003572e+39
1398816.776536251	9.911601865679567e+39	5.164371375526146e+38	6.540345925227869e+38	8.014337995083339e+38	8.812470916712782e+38	9.408603096056831e+38	8.043141440259458e+38	6.57492202493287e+38	7.316119505749901e+38	7.666381825906668e+38	9.000122960792081e+38	9.408603096056831e+38	9.380218041752868e+38
1596842.1089061224	6.77394844918865e+39	3.281028137868219e+38	4.2483567368802166e+38	5.3782128856129746e+38	6.0710232144766694e+38	6.753427342439442e+38	6.366182653390818e+38	5.276863695224071e+38	4.162763684003541e+38	5.099112597101266e+38	6.253318913666205e+38	6.753427342439442e+38	6.936512218342548e+38
1822902.0545219101	4.654604271384098e+39	2.058417811423542e+38	2.7141559267355123e+38	3.536350701433844e+38	4.089056230433625e+38	4.727702939995355e+38	4.919967278113806e+38	4.265201371311399e+38	3.0854578508911197e+38	3.32605399908877e+38	4.245296614395978e+38	4.727702939995355e+38	4.997367738176106e+38
2080965.5311434497	3.215799577879272e+39	1.2782429165902525e+38	1.7094228590459992e+38	2.2826194997716186e+38	2.69701176182397e+38	3.23158758171658e+38	3.703579572868027e+38	3.3797755789376666e+38	2.5163543512036955e+38	2.131843242019086e+38	2.820384965591344e+38	3.23158758171658e+38	3.510159344056412e+38
2375563.3443782744	2.233661223794208e+39	7.871733928885655e+37	1.0639973460211485e+38	1.4494330835126076e+38	1.7451778626282386e+38	2.160041990256932e+38	2.7147219050781986e+38	2.6111066949207005e+38	2.067592404076397e+38	1.3457013731573463e+38	1.8368616956985666e+38	2.160041990256932e+38	2.4065226158765057e+38
2711867.735275987	1.5591272345995985e+39	4.8112476597748235e+37	6.560398724541792e+37	9.075834226565727e+37	1.110194538289253e+38	1.4142706633107912e+38	1.938379958084414e+38	1.9643491685412528e+38	1.6684207172670713e+38	8.386534780761984e+37	1.175110356064346e+38	1.4142706633107912e+38	1.6127312417383092e+38
3095783.1896356517	1.0931189807268468e+39	2.915947217253667e+37	4.0139767598947987e+37	5.6182347869101675e+37	6.9595243754562395e+37	9.08793612035129e+37	1.3493932874345591e+38	1.4387572476852264e+38	1.3137997620212058e+38	5.173009950735115e+37	7.401046644215787e+37	9.08793612035129e+37	1.0582286020112941e+38
3534050.1033692886	7.693552473812276e+38	1.746978193949856e+37	2.438281209719672e+37	3.4464895905874884e+37	4.310087009996999e+37	5.7438694549018935e+37	9.170101408017003e+37	1.0263516938622641e+38	1.0077765223755684e+38	3.164892046861452e+37	4.600464565604825e+37	5.7438694549018935e+37	6.8119656473663035e+37
4034363.123978872	5.4325838218359894e+38	1.0290484638573998e+37	1.468390463381203e+37	2.0988128697187638e+37	2.6436978040395394e+37	3.579365155262909e+37	6.092968535244493e+37	7.137127166883428e+37	7.525612373101524e+37	1.9228239191441931e+37	2.8295939985445668e+37	3.579365155262909e+37	4.310945399683531e+37
4605506.245873363	3.8465600612377455e+38	5.91589215881212e+36	8.734403017719327e+36	1.2693288035952444e+37	1.6093329116924358e+37	2.2049613921870843e+37	3.9654047898796246e+37	4.844262349719926e+37	5.470790336699876e+37	1.159529262743806e+37	1.726092987336968e+37	2.2049613921870843e+37	2.688580248806918e+37
