#t	Le	U	B	V	R	I	J	H	K	g	r	i	z
#----------------------------------------------- 
3.7652155130543496	0.0	0.0	0.0	0.0	0.0	0.0	0.0	0.0	0.0	0.0	0.0	0.0	0.0
3.899421307713864	0.0	0.0	0.0	0.0	0.0	0.0	0.0	0.0	0.0	0.0	0.0	0.0	0.0
4.2915827882278315	0.0	0.0	0.0	0.0	0.0	0.0	0.0	0.0	0.0	0.0	0.0	0.0	0.0
4.737298013237185	0.0	0.0	0.0	0.0	0.0	0.0	0.0	0.0	0.0	0.0	0.0	0.0	0.0
5.2360473096485975	0.0	0.0	0.0	0.0	0.0	0.0	0.0	0.0	0.0	0.0	0.0	0.0	0.0
5.792709883163509	0.0	0.0	0.0	0.0	0.0	0.0	0.0	0.0	0.0	0.0	0.0	0.0	0.0
6.412693811949817	0.0	0.0	0.0	0.0	0.0	0.0	0.0	0.0	0.0	0.0	0.0	0.0	0.0
7.1016961317804945	0.0	0.0	0.0	0.0	0.0	0.0	0.0	0.0	0.0	0.0	0.0	0.0	0.0
7.8656354879859425	0.0	0.0	0.0	0.0	0.0	0.0	0.0	0.0	0.0	0.0	0.0	0.0	0.0
8.710604901602151	0.0	0.0	0.0	0.0	0.0	0.0	0.0	0.0	0.0	0.0	0.0	0.0	0.0
9.642824605069253	0.0	0.0	0.0	0.0	0.0	0.0	0.0	0.0	0.0	0.0	0.0	0.0	0.0
10.668591476615113	0.0	0.0	0.0	0.0	0.0	0.0	0.0	0.0	0.0	0.0	0.0	0.0	0.0
11.794225515693915	0.0	0.0	0.0	0.0	0.0	0.0	0.0	0.0	0.0	0.0	0.0	0.0	0.0
13.026015304232955	0.0	0.0	0.0	0.0	0.0	0.0	0.0	0.0	0.0	0.0	0.0	0.0	0.0
14.370165082539696	0.0	0.0	0.0	0.0	0.0	0.0	0.0	0.0	0.0	0.0	0.0	0.0	0.0
15.832746235061652	0.0	0.0	0.0	0.0	0.0	0.0	0.0	0.0	0.0	0.0	0.0	0.0	0.0
17.419655729711355	0.0	0.0	0.0	0.0	0.0	0.0	0.0	0.0	0.0	0.0	0.0	0.0	0.0
19.13658347888349	0.0	0.0	0.0	0.0	0.0	0.0	0.0	0.0	0.0	0.0	0.0	0.0	0.0
20.988989812475413	0.0	0.0	0.0	0.0	0.0	0.0	0.0	0.0	0.0	0.0	0.0	0.0	0.0
22.98209340873795	0.0	0.0	0.0	0.0	0.0	0.0	0.0	0.0	0.0	0.0	0.0	0.0	0.0
25.12086923968241	0.0	0.0	0.0	0.0	0.0	0.0	0.0	0.0	0.0	0.0	0.0	0.0	0.0
27.410055449639966	0.0	0.0	0.0	0.0	0.0	0.0	0.0	0.0	0.0	0.0	0.0	0.0	0.0
29.854167649872878	0.0	0.0	0.0	0.0	0.0	0.0	0.0	0.0	0.0	0.0	0.0	0.0	0.0
32.45751889211373	0.0	0.0	0.0	0.0	0.0	0.0	0.0	0.0	0.0	0.0	0.0	0.0	0.0
35.22424355733904	0.0	0.0	0.0	0.0	0.0	0.0	0.0	0.0	0.0	0.0	0.0	0.0	0.0
38.158323520096324	0.0	0.0	0.0	0.0	0.0	0.0	0.0	0.0	0.0	0.0	0.0	0.0	0.0
41.26361517393735	0.0	0.0	0.0	0.0	0.0	0.0	0.0	0.0	0.0	0.0	0.0	0.0	0.0
44.54387617924605	0.0	0.0	0.0	0.0	0.0	0.0	0.0	0.0	0.0	0.0	0.0	0.0	0.0
48.00279108082074	0.0	0.0	0.0	0.0	0.0	0.0	0.0	0.0	0.0	0.0	0.0	0.0	0.0
51.6439952110464	0.0	0.0	0.0	0.0	0.0	0.0	0.0	0.0	0.0	0.0	0.0	0.0	0.0
55.47109652607338	0.0	0.0	0.0	0.0	0.0	0.0	0.0	0.0	0.0	0.0	0.0	0.0	0.0
59.487695211340316	0.0	0.0	0.0	0.0	0.0	0.0	0.0	0.0	0.0	0.0	0.0	0.0	0.0
63.69740104342647	0.0	0.0	0.0	0.0	0.0	0.0	0.0	0.0	0.0	0.0	0.0	0.0	0.0
68.10384855945476	0.0	0.0	0.0	0.0	0.0	0.0	0.0	0.0	0.0	0.0	0.0	0.0	0.0
72.71071021707877	0.0	0.0	0.0	0.0	0.0	0.0	0.0	0.0	0.0	0.0	0.0	0.0	0.0
77.52170771517933	0.0	0.0	0.0	0.0	0.0	0.0	0.0	0.0	0.0	0.0	0.0	0.0	0.0
82.54062168330108	0.0	0.0	0.0	0.0	0.0	0.0	0.0	0.0	0.0	0.0	0.0	0.0	0.0
87.77129995511567	0.0	0.0	0.0	0.0	0.0	0.0	0.0	0.0	0.0	0.0	0.0	0.0	0.0
93.2176646020775	0.0	0.0	0.0	0.0	0.0	0.0	0.0	0.0	0.0	0.0	0.0	0.0	0.0
98.883717923886	0.0	0.0	0.0	0.0	0.0	0.0	0.0	0.0	0.0	0.0	0.0	0.0	0.0
104.77354756940503	0.0	0.0	0.0	0.0	0.0	0.0	0.0	0.0	0.0	0.0	0.0	0.0	0.0
110.89133093725046	0.0	0.0	0.0	0.0	0.0	0.0	0.0	0.0	0.0	0.0	0.0	0.0	0.0
117.24133896349838	0.0	0.0	0.0	0.0	0.0	0.0	0.0	0.0	0.0	0.0	0.0	0.0	0.0
123.82793946253234	0.0	0.0	0.0	0.0	0.0	0.0	0.0	0.0	0.0	0.0	0.0	0.0	0.0
130.65560007532932	0.0	0.0	0.0	0.0	0.0	0.0	0.0	0.0	0.0	0.0	0.0	0.0	0.0
137.72889092706384	0.0	0.0	0.0	0.0	0.0	0.0	0.0	0.0	0.0	0.0	0.0	0.0	0.0
145.0524870126238	0.0	0.0	0.0	0.0	0.0	0.0	0.0	0.0	0.0	0.0	0.0	0.0	0.0
152.6311704680348	0.0	0.0	0.0	0.0	0.0	0.0	0.0	0.0	0.0	0.0	0.0	0.0	0.0
160.46983266127572	0.0	0.0	0.0	0.0	0.0	0.0	0.0	0.0	0.0	0.0	0.0	0.0	0.0
168.57347625145195	0.0	0.0	0.0	0.0	0.0	0.0	0.0	0.0	0.0	0.0	0.0	0.0	0.0
176.9472171421082	0.0	0.0	0.0	0.0	0.0	0.0	0.0	0.0	0.0	0.0	0.0	0.0	0.0
185.59628646894447	0.0	0.0	0.0	0.0	0.0	0.0	0.0	0.0	0.0	0.0	0.0	0.0	0.0
194.52603250993246	0.0	0.0	0.0	0.0	0.0	0.0	0.0	0.0	0.0	0.0	0.0	0.0	0.0
203.74192271592162	0.0	0.0	0.0	0.0	0.0	0.0	0.0	0.0	0.0	0.0	0.0	0.0	0.0
213.24954566346753	0.0	0.0	0.0	0.0	0.0	0.0	0.0	0.0	0.0	0.0	0.0	0.0	0.0
223.05461315730025	0.0	0.0	0.0	0.0	0.0	0.0	0.0	0.0	0.0	0.0	0.0	0.0	0.0
233.16296229836973	0.0	0.0	0.0	0.0	0.0	0.0	0.0	0.0	0.0	0.0	0.0	0.0	0.0
243.58055761662055	0.0	0.0	0.0	0.0	0.0	0.0	0.0	0.0	0.0	0.0	0.0	0.0	0.0
254.31349340269597	0.0	0.0	0.0	0.0	0.0	0.0	0.0	0.0	0.0	0.0	0.0	0.0	0.0
265.367995915162	0.0	0.0	0.0	0.0	0.0	0.0	0.0	0.0	0.0	0.0	0.0	0.0	0.0
276.7504257622997	0.0	0.0	0.0	0.0	0.0	0.0	0.0	0.0	0.0	0.0	0.0	0.0	0.0
288.46728041663664	2.3151558892395208e+30	1.6450643188239624e+26	9.075946148903962e+25	4.677341452973938e+25	2.9794800795625057e+25	1.5909094283391862e+25	3.9477373853852446e+24	1.9326180242531554e+24	7.253186480991453e+23	5.526153081301566e+25	2.5995108457831434e+25	1.5909094283391862e+25	1.0433745210458702e+25
300.5251967740221	3.2216752282889097e+31	2.5385622350940026e+27	1.4009109612740079e+27	7.221369331079402e+26	4.6006380941136814e+26	2.4569093076445163e+26	6.0981305226697315e+25	2.985601233700315e+25	1.1206065990877068e+25	8.531392566940405e+26	4.01406887306187e+26	2.4569093076445163e+26	1.6114654433397666e+26
312.9309538645398	4.134932318364205e+32	3.53180855097481e+28	1.9494470615562653e+28	1.005084330954157e+28	6.403936247613661e+27	3.4203556466089185e+27	8.491085713181503e+26	4.157462594200306e+26	1.5605610462820104e+26	1.187364262239173e+28	5.587612894360822e+27	3.4203556466089185e+27	2.243535821801161e+27
325.6914756130884	3.993312946800914e+33	3.7764160224841036e+29	2.085035807966177e+29	1.0752551035462185e+29	6.851977808977578e+28	3.6602400469821485e+28	9.088903181406725e+27	4.4505711343586705e+27	1.6707389630335003e+27	1.2701890035950281e+29	5.978767056261532e+28	3.6602400469821485e+28	2.4010999579619044e+28
338.8138336963122	3.179671534518888e+34	3.2892777372394557e+30	1.8165320447333798e+30	9.369976919466283e+29	5.9716944327498105e+29	3.19046800488184e+29	7.924219136013416e+28	3.8805779061223805e+28	1.4568877824700207e+28	1.1068095724219585e+30	5.2108453332842014e+29	3.19046800488184e+29	2.093102689796072e+29
352.3052505740468	2.0650466138292657e+35	2.361832907104552e+31	1.3047208497045385e+31	6.731716293975669e+30	4.2908964870105965e+30	2.2928621422084498e+30	5.696339541603468e+29	2.7898254435992793e+29	1.0474886371496217e+29	7.951228252589869e+30	3.744345372258431e+30	2.2928621422084498e+30	1.504371529076548e+30
366.173102540959	1.1431007663979174e+36	1.433599418507076e+32	7.921653269652894e+31	4.088190128886247e+31	2.6062333620877004e+31	1.3928764341806153e+31	3.461309792089913e+30	1.695355449488148e+30	6.366100350368255e+29	4.828529005003786e+31	2.274351291069832e+31	1.3928764341806153e+31	9.139631596786124e+30
380.4249229120201	5.374279491919118e+36	7.438473256506387e+32	4.111536497764282e+32	2.1224518883784515e+32	1.3532761451456395e+32	7.2337329265264315e+31	1.798092235404878e+31	8.8079641634803e+30	3.307752108022649e+30	2.5066536691190125e+32	1.180997003706423e+32	7.2337329265264315e+31	4.747026313103424e+31
395.0684053994795	2.2152440895738025e+37	3.3629477852124805e+33	1.8593826306765324e+33	9.601018283590896e+32	6.12251962629006e+32	3.2732608477308145e+32	8.138567286803722e+31	3.987066356338963e+31	1.4974564088106941e+31	1.133828406264134e+33	5.343306919050612e+32	3.2732608477308145e+32	2.1482336823035193e+32
410.1114074743895	7.997007131232802e+37	1.3372262978722265e+34	7.395922260193643e+33	3.820014799202425e+33	2.4363937952119353e+33	1.302801782616012e+33	3.2402094923588804e+32	1.5875372399740549e+32	5.9630913042656405e+31	4.51093413393275e+33	2.1264070959581587e+33	1.302801782616012e+33	8.551147033799457e+32
425.561953848292	2.590106360320326e+38	4.747284103319171e+34	2.6264484981143126e+34	1.3569488505344708e+34	8.655938642331877e+33	4.6293919153374097e+33	1.1517114604395002e+33	5.643375958299028e+32	2.1199832966134806e+32	1.6022742501399942e+34	7.554952446082132e+33	4.6293919153374097e+33	3.038884906531837e+33
441.428240199841	7.525249861191639e+38	1.516282966071561e+35	8.391687442148834e+34	4.336845203394661e+34	2.7669252106148373e+34	1.4801010891304766e+34	3.6833621282099095e+33	1.8050412290263847e+33	6.78155895162546e+32	5.120558793793368e+34	2.4150986019870503e+34	1.4801010891304766e+34	9.716926104940347e+33
457.71863692279595	1.998636279050258e+39	4.409424386179895e+35	2.4411521599962106e+35	1.261967483897217e+35	8.0527406364133245e+34	4.308449023988807e+34	1.0725211663930447e+34	5.256485584790967e+33	1.9750874003037508e+33	1.4899166441227281e+35	7.029117918872605e+34	4.308449023988807e+34	2.828819235234803e+34
474.441692992128	4.852572132958618e+39	1.1747466436885216e+36	6.505930442488087e+35	3.3643321029276376e+35	2.14719063979052e+35	1.1490420753085156e+35	2.8612794671424516e+34	1.4024890032602897e+34	5.270374747718339e+33	3.971744726170892e+35	1.874340659665304e+35	1.1490420753085156e+35	7.545179336493311e+34
491.60613998550195	1.0932351913821596e+40	2.894544914124148e+36	1.6036043977011438e+36	8.295113438037619e+35	5.295049113158665e+35	2.8341515066763014e+35	7.059700688944507e+34	3.4607868462964476e+34	1.3006722066633737e+34	9.792048857224479e+35	4.622411862594865e+35	2.8341515066763014e+35	1.8612551047330774e+35
509.2208963232818	2.2848009778822493e+40	6.627959696044485e+36	3.6733023498747977e+36	1.9007484813825253e+36	1.2135349019229755e+36	6.4967737324499515e+35	1.6188521709749313e+35	7.936842011592849e+34	2.98328267036956e+34	2.2435874660802946e+36	1.059431164263728e+36	6.4967737324499515e+35	4.267095775032268e+35
527.2950716586925	4.4812208329034995e+40	1.4207838327919306e+37	7.877085261694875e+36	4.077341954680692e+36	2.6036650105593057e+36	1.3941946848750254e+36	3.47519979304084e+35	1.7040115564560935e+35	6.405796003885022e+34	4.8124079361578695e+36	2.2731469502448852e+36	1.3941946848750254e+36	9.158200061440546e+35
545.8379717849195	8.238776946863296e+40	2.8607279908170914e+37	1.5866602300000807e+37	8.215750594683073e+36	5.2473507101569344e+36	2.810453899954056e+36	7.007900801103668e+35	3.4366541734401045e+35	1.2920915951549979e+35	9.69611209153959e+36	4.5814785970808736e+36	2.810453899954056e+36	1.846367474197279e+36
564.8591029776644	1.4316449438618812e+41	5.43878590791359e+37	3.0177476403808785e+37	1.563152211871214e+37	9.985753237556747e+36	5.349551559803369e+36	1.3344038876097265e+36	6.544726201584509e+35	2.4609741736572936e+35	1.8446584747827576e+37	8.719068035330032e+36	5.349551559803369e+36	3.514918045477174e+36
584.3681764986877	2.344844638222798e+41	9.78003166068094e+37	5.428847139309608e+37	2.81314688320979e+37	1.7974840585568001e+37	9.631836551893975e+36	2.4035271683873104e+36	1.178999493274906e+36	4.4339574671679034e+35	3.319470478782714e+37	1.5695663697204677e+37	9.631836551893975e+36	6.32946766149253e+36
604.3751135673167	3.637483749667462e+41	1.6686446169320243e+38	9.266758015598722e+37	4.803835706548849e+37	3.0701452637216666e+37	1.64556984311039e+37	4.1080473774005035e+36	2.0154112400625427e+36	7.580664221359864e+35	5.667925869944781e+37	2.681021775943167e+37	1.64556984311039e+37	1.0815283694067225e+37
624.8900504593025	5.696419823291505e+41	2.7518945163471656e+38	1.528640984557327e+38	7.926177210988147e+37	5.06628149194594e+37	2.715876044748569e+37	6.78155089343813e+36	3.327306116271438e+36	1.2516213770682828e+36	9.35141341772104e+37	4.424311276244915e+37	2.715876044748569e+37	1.78511817870644e+37
645.9233437493674	8.91416551995038e+41	4.379254862959439e+38	2.4328197434881816e+38	1.2615379926541436e+38	8.063875792367217e+37	4.3229995687525e+37	1.079535794614071e+37	5.2967859025950174e+36	1.992528956906816e+36	1.48835463107197e+38	7.042147015591918e+37	4.3229995687525e+37	2.8415404209029405e+37
667.4855757379823	1.2048376384815807e+42	6.4701839559510234e+38	3.596014263743405e+38	1.8654597180516315e+38	1.1926874841412832e+38	6.395586150101505e+37	1.5977533608333266e+37	7.840579310998129e+36	2.949887237581928e+36	2.200654785402597e+38	1.0416323597563732e+38	6.395586150101505e+37	4.2044765518530903e+37
689.58755991091	1.5649727848652462e+42	9.140681408369352e+38	5.082452533299526e+38	2.6375900105741637e+38	1.6867192051318455e+38	9.047025604644148e+37	2.2610385914492466e+37	1.1097054685501832e+37	4.1756901713807964e+36	3.111245972929366e+38	1.4731820889874481e+38	9.047025604644148e+37	5.948379290376855e+37
712.2403467535868	1.875941568853758e+42	1.2224077019468482e+39	6.800915006020882e+38	3.531263139532194e+38	2.258881247429185e+38	1.2120037356028478e+38	3.030673659604724e+37	1.4877215479227305e+37	5.599219962527836e+36	4.164899441822805e+38	1.9730673338471462e+38	1.2120037356028478e+38	7.97038732999443e+37
735.4552297026979	2.148364410962797e+42	1.564193312189525e+39	8.707883176054706e+38	4.5239402087438254e+38	2.8947768102281042e+38	1.5537506595301573e+38	3.8874285090262068e+37	1.90867572152603e+37	7.185020605087189e+36	5.3350162911861324e+38	2.5287179277965834e+38	1.5537506595301573e+38	1.0219837308741228e+38
759.2437513451495	2.307291274773796e+42	1.909306911872996e+39	1.0637135360015428e+39	5.529936984450263e+38	3.53981885687199e+38	1.9007933613479993e+38	4.758961880577115e+37	2.3371525357619235e+37	8.800174957049191e+36	6.520368020076478e+38	3.0925070021863816e+38	1.9007933613479993e+38	1.2505544917377624e+38
783.6177096284229	2.38983185185828e+42	2.2465222994607307e+39	1.2525672126648242e+39	6.516293683670729e+38	4.172835567154272e+38	2.2417178692947848e+38	5.616520153239552e+37	2.75900041687745e+37	1.0391279649434508e+37	7.682147786272328e+38	3.645920673001695e+38	2.2417178692947848e+38	1.4752250780910177e+38
808.5891644116981	2.364943135388807e+42	2.5506208328667024e+39	1.423386965918225e+39	7.410832709975446e+38	4.747771732530693e+38	2.5518852514913136e+38	6.398779851707288e+37	3.1441668889183576e+37	1.1845425405219517e+37	8.735139551745449e+38	4.148758670958742e+38	2.5518852514913136e+38	1.6798191076948292e+38
834.1704444121782	2.297883445293835e+42	2.827617364119783e+39	1.5793856576318598e+39	8.22961941546342e+38	5.274683949974203e+38	2.8365552530216447e+38	7.118356459696545e+37	3.4987513535830435e+37	1.3185205793109953e+37	9.698458582100957e+38	4.609752740816061e+38	2.8365552530216447e+38	1.86774541034782e+38
860.374154235197	2.1787814269486935e+42	3.069996415282442e+39	1.716435969989536e+39	8.951478102871657e+38	5.740118840033463e+38	3.088567225774717e+38	7.757575899894437e+37	3.814118617861864e+37	1.4378280577061077e+37	1.0547059916814922e+39	5.017173876442131e+38	3.088567225774717e+38	2.034316459550316e+38
887.2131816192178	2.064356031081658e+42	3.301535443478797e+39	1.8476548552526177e+39	9.643998339655351e+38	6.187126846117683e+38	3.3309050721125304e+38	8.373456510427402e+37	4.118179136708178e+37	1.5529386671184352e+37	1.1360801728625933e+39	5.408581224271882e+38	3.3309050721125304e+38	2.1946046238452604e+38
914.7007049591274	1.9402102503302265e+42	3.524681079881367e+39	1.9745302360195915e+39	1.031550002562944e+39	6.621244261195228e+38	3.566672845691352e+38	8.974292534607759e+37	4.415097918826527e+37	1.665456385676668e+37	1.2149334934652945e+39	5.788861818695755e+38	3.566672845691352e+38	2.3507006611706038e+38
942.8502010646896	1.840182971788386e+42	3.766625364030639e+39	2.1121673891369153e+39	1.1044308091135668e+39	7.092535990343145e+38	3.822709376520882e+38	9.627103116321105e+37	4.737757757239079e+37	1.787750805499155e+37	1.3005067708005302e+39	6.201736848729883e+38	3.822709376520882e+38	2.5202456933438415e+38
971.675453165715	1.7453696559228173e+42	4.0284682932403504e+39	2.2613758291560965e+39	1.1835553257375427e+39	7.604618834873165e+38	4.101164157581457e+38	1.033809687841825e+38	5.089352883173812e+37	1.9210812359390464e+37	1.393379856836395e+39	6.65044560934369e+38	4.101164157581457e+38	2.7047307002411146e+38
1001.1905592197921	1.843055167972949e+42	4.425492057712131e+39	2.4856035166663372e+39	1.3015444625109794e+39	8.364996344016496e+38	4.51264622043557e+38	1.138095829292542e+38	5.603722843039747e+37	2.1156214651994243e+37	1.5321151512513768e+39	7.315957469776214e+38	4.51264622043557e+38	2.976625144231692e+38
1031.4099404337521	2.3264309059881222e+42	5.192296464368446e+39	2.913830280891256e+39	1.5246369573482657e+39	9.794721214365936e+38	5.281399136614254e+38	1.330968924006049e+38	6.551630184100138e+37	2.472810497260539e+37	1.795037369727446e+39	8.565409887490362e+38	5.281399136614254e+38	3.482773216767601e+38
1062.3483500389525	2.220474974241128e+42	5.604613676347504e+39	3.148717826005332e+39	1.6491677544040755e+39	1.0600569575745504e+39	5.7195365010214736e+38	1.442819263611391e+38	7.104708218902283e+37	2.682532994057362e+37	1.9412140188283918e+39	9.271505895116505e+38	5.7195365010214736e+38	3.773032386718314e+38
1094.0208826603684	2.2546148067593698e+42	6.162099846107885e+39	3.464567255074485e+39	1.8158284698063258e+39	1.1676245027214127e+39	6.302655095520737e+38	1.5910045132092695e+38	7.836293026066499e+37	2.959494356169269e+37	2.1370552398978124e+39	1.0213366917712327e+39	6.302655095520737e+38	4.158710162862466e+38
1126.4540735048042	2.177765407613863e+42	6.681202680553863e+39	3.760698588097339e+39	1.973022423222755e+39	1.2694156328950145e+39	6.85652678064883e+38	1.7325754614085154e+38	8.536640138536503e+37	3.2251796660444134e+37	2.3215203880450343e+39	1.1105441918325682e+39	6.85652678064883e+38	4.525803041238165e+38
1159.7780479912637	2.144205771800166e+42	7.259192271233142e+39	4.0903257150286946e+39	2.1479559782757437e+39	1.3826806078901162e+39	7.472752155937203e+38	1.890055710736299e+38	9.315644600168613e+37	3.5206877162128796e+37	2.5268132618672587e+39	1.2098040373497664e+39	7.472752155937203e+38	4.9341951457794396e+38
1193.9949915612037	2.0662804893890174e+42	7.835302096431356e+39	4.420414582507826e+39	2.3238429883359295e+39	1.49681462277751e+39	8.095264441537974e+38	2.0497600379071004e+38	1.010671789049722e+38	3.821187972931489e+37	2.7330355400902726e+39	1.3098851455077534e+39	8.095264441537974e+38	5.34732579137823e+38
1229.0996202142283	2.0173045005707093e+42	8.468028301810925e+39	4.7831466919736914e+39	2.5172231996172867e+39	1.6223366158599447e+39	8.780121680306548e+38	2.2255541688651835e+38	1.0977658872678686e+38	4.1520936096504444e+37	2.959741084172643e+39	1.4199608666108543e+39	8.780121680306548e+38	5.801918746331143e+38
1265.107402384679	1.9482310987666938e+42	9.10911953750602e+39	5.15206340771137e+39	2.7145430983438086e+39	1.7506442027920978e+39	9.48159326953455e+38	2.4061749858979746e+38	1.1873483681808191e+38	4.492830523204703e+37	3.190893712123617e+39	1.5325335246347935e+39	9.48159326953455e+38	6.268059593291922e+38
1302.0567132164538	1.8975346127756902e+42	9.79232239279816e+39	5.545737171453798e+39	2.9253523883075196e+39	1.8878126786871038e+39	1.0232069145416944e+39	2.5996400459463417e+38	1.2833407341645526e+38	4.858102587780104e+37	3.437782105390214e+39	1.652901743644268e+39	1.0232069145416944e+39	6.76697240018407e+38
1339.9642410343417	1.8373325966282524e+42	1.0493094420145242e+40	5.950918811495643e+39	3.142965888296084e+39	2.0296368134249968e+39	1.1009435024445293e+39	2.800601378310744e+38	1.3831500549694612e+38	5.238277812183124e+37	3.692468178029382e+39	1.7774095179440622e+39	1.1009435024445293e+39	7.284282242982199e+38
1378.8485984885772	2.0326587348358687e+42	1.1735133148470188e+40	6.655753772602065e+39	3.515428543858841e+39	2.2702359852503418e+39	1.2314983409994202e+39	3.1328913667592352e+38	1.5472918013398148e+38	5.860040028170887e+37	4.12999526412303e+39	1.988126412407376e+39	1.2314983409994202e+39	8.148253761901346e+38
1418.7241949215475	2.1843532057462533e+42	1.30079498394669e+40	7.379937978988427e+39	3.8989894381766856e+39	2.5183156684468824e+39	1.36630547417194e+39	3.4767709194017716e+38	1.717291382271179e+38	6.504507750652509e+37	4.5803247519971535e+39	2.2054687221993944e+39	1.36630547417194e+39	9.041076064292377e+38
1459.61861967136	2.2085025430156277e+42	1.413270577181594e+40	8.025288763992603e+39	4.2433159033100124e+39	2.741920260484344e+39	1.488373262737706e+39	3.790386413670989e+38	1.872717678064442e+38	7.095237450910843e+37	4.983913194296746e+39	2.4015827153151e+39	1.488373262737706e+39	9.851591039442025e+38
1501.5499410921404	2.203865223171753e+42	1.521931691298126e+40	8.652434648320662e+39	4.579645406942641e+39	2.960944885152779e+39	1.6083226090283543e+39	4.1000831442447684e+38	2.0264661895024452e+38	7.680618891132217e+37	5.3776691116687986e+39	2.5938254976665407e+39	1.6083226090283543e+39	1.0649445563291596e+39
1544.541445375043	2.144349084382245e+42	1.6270115683869802e+40	9.262984253240457e+39	4.908956145567767e+39	3.1760660822169827e+39	1.7265478389884013e+39	4.406970155092086e+38	2.1791026603563285e+38	8.262863892482996e+37	5.762707552211268e+39	2.7828000817021816e+39	1.7265478389884013e+39	1.143734778462997e+39
1588.614193586761	2.0933019394089566e+42	1.7366483361102073e+40	9.901878679375037e+39	5.2544318773851686e+39	3.402061190982016e+39	1.8509455662326378e+39	4.730669331936404e+38	2.3402380918083343e+38	8.878063457172163e+37	6.166412854644817e+39	2.98140157716207e+39	1.8509455662326378e+39	1.22671107089045e+39
1633.7746283591412	2.0317661957073513e+42	1.850330006244021e+40	1.0566754148228891e+40	5.615074376907616e+39	3.6383747785426903e+39	1.981269827295061e+39	5.0707744297625446e+38	2.5097099011325844e+38	9.525749634848793e+37	6.587545059967762e+39	3.1891647650983394e+39	1.981269827295061e+39	1.313731036302715e+39
1680.0924523321903	1.9716838978117666e+42	1.9672667199006677e+40	1.1253095921138014e+40	5.988497334780522e+39	3.883468936119598e+39	2.116690115469859e+39	5.425197145471569e+38	2.6864923227836415e+38	1.0202062173678438e+38	7.023299738511031e+39	3.404743997725598e+39	2.116690115469859e+39	1.4042470855158876e+39
1727.4677176965242	1.9118194819571724e+42	2.0913072086988384e+40	1.198357515997016e+40	6.387075890091697e+39	4.1454809309738534e+39	2.261712026078489e+39	5.805769310784683e+38	2.8764940135940383e+38	1.0929633570786357e+38	7.488106821289024e+39	3.635300220304302e+39	2.261712026078489e+39	1.5012743901967585e+39
1775.8854999911468	1.853010591316364e+42	2.221619888950759e+40	1.2753358746645974e+40	6.808214205135809e+39	4.422721916440876e+39	2.415413075567015e+39	6.210126405803812e+38	3.0785451610867097e+38	1.1704027790340147e+38	7.978927163885598e+39	3.879351798142618e+39	2.415413075567015e+39	1.604200667818908e+39
1825.4575289385268	2.181766362883339e+42	2.5164060715354095e+40	1.4434165219361388e+40	7.700138737482386e+39	5.000212523463949e+39	2.7296059522403656e+39	7.01314164416517e+38	3.475791906853902e+38	1.3211042336414145e+38	9.025656974291726e+39	4.385436622326561e+39	2.7296059522403656e+39	1.8124313011798916e+39
1876.1680527419198	2.1825592759583412e+42	2.7330265754698234e+40	1.569097559704736e+40	8.377215909508348e+39	5.4422352650102385e+39	2.9723640924689575e+39	7.642651152048875e+38	3.7887848113864365e+38	1.4404574537882585e+38	9.81752259925339e+39	4.7736701353396135e+39	2.9723640924689575e+39	1.974155808993049e+39
1928.0213244643044	2.144394943704214e+42	2.892521128567339e+40	1.663762722844087e+40	8.897238519812853e+39	5.785335904245596e+39	3.163056796283264e+39	8.146268395370344e+38	4.040771954020017e+38	1.537167434287736e+38	1.042302628008641e+40	5.0758783277656547e+39	3.163056796283264e+39	2.1020307222136208e+39
1981.0768306062196	2.0832003104199988e+42	3.0760770684486907e+40	1.7723561342767853e+40	9.492120539566906e+39	6.177238209219453e+39	3.380504811773277e+39	8.719063505161885e+38	4.327116976100781e+38	1.6469640222251953e+38	1.111612999209405e+40	5.4209323628830705e+39	3.380504811773277e+39	2.2477118698591096e+39
2035.338964345365	2.050798701869084e+42	3.259675489808453e+40	1.881597061878479e+40	1.0093521739725598e+40	6.574510025576268e+39	3.601610671453601e+39	9.304260401107514e+38	4.62014402062188e+38	1.7595116736591075e+38	1.1816039664724583e+40	5.77097001372632e+39	3.601610671453601e+39	2.3960951549439212e+39
2090.852091428348	1.965074897003435e+42	3.4344626852651134e+40	1.9867005558151687e+40	1.0677210068611914e+40	6.961859023127195e+39	3.8182931706769273e+39	9.882112381333153e+38	4.910235768133518e+38	1.871219472011014e+38	1.2494012802592169e+40	6.112682363734695e+39	3.8182931706769273e+39	2.5419102356364323e+39
2147.591568037427	1.9285167652227083e+42	3.6329497081060177e+40	2.1056619418713775e+40	1.1336204025115204e+40	7.398640233901741e+39	4.0623096526612224e+39	1.053168502541535e+39	5.236145779493651e+38	1.9966502557611535e+38	1.3259871555177333e+40	6.497879590192562e+39	4.0623096526612224e+39	2.7060088727770704e+39
2205.6246616879857	1.851502053212243e+42	3.8172141587107805e+40	2.217538580704991e+40	1.1962579021385877e+40	7.816133436399606e+39	4.296996655126313e+39	1.1162188430152751e+39	5.553470698738835e+38	2.1191580214111908e+38	1.3986094780729852e+40	6.866614855654423e+39	4.296996655126313e+39	2.86436088408661e+39
2264.997950746298	1.9527221531341485e+42	4.174651057664016e+40	2.426199309651536e+40	1.3092913181045487e+40	8.556346143130987e+39	4.7049752456234715e+39	1.222612471498936e+39	6.083519456377334e+38	2.3216973800712162e+38	1.530638009268615e+40	7.517301047805762e+39	4.7049752456234715e+39	3.1366990340475257e+39
2325.6779218733454	2.093385787854499e+42	4.558820661579488e+40	2.650667052294854e+40	1.4309929758532898e+40	9.353728920614715e+39	5.144729998777662e+39	1.3374065552779296e+39	6.655625505969623e+38	2.5403898389263456e+38	1.6727624136084975e+40	8.218341813258867e+39	5.144729998777662e+39	3.430350617295298e+39
2387.789552921484	2.0790560112563444e+42	4.832201898800911e+40	2.81470360988166e+40	1.5219639170181842e+40	9.957081612148157e+39	5.482069383395814e+39	1.4273214968745256e+39	7.106965174569622e+38	2.7141778272135606e+38	1.7784575352336563e+40	8.750535854898627e+39	5.482069383395814e+39	3.657309828583421e+39
2451.5030345086034	2.0215730633949558e+42	5.097177688726129e+40	2.975042470484176e+40	1.6115015711750232e+40	1.0553093782951044e+40	5.816644755446479e+39	1.5170325014826593e+39	7.558186253380143e+38	2.888270704007096e+38	1.8823268473779487e+40	9.27676335946564e+39	5.816644755446479e+39	3.882897121998844e+39
2516.860957964656	1.9720640871340445e+42	5.330359740394694e+40	3.1186654311051204e+40	1.6928988203567908e+40	1.109919810920603e+40	6.125898219271266e+39	1.6010505448001533e+39	7.982667016122933e+38	3.0527867608466313e+38	1.9764399609244517e+40	9.759939793846106e+39	6.125898219271266e+39	4.09240442487754e+39
2583.8609709655702	1.9086533565109562e+42	5.595232989639777e+40	3.2813102326837663e+40	1.7848447592868855e+40	1.171525591273411e+40	6.474253879983896e+39	1.6954853422459818e+39	8.459423929204973e+38	3.2374265173140738e+38	2.0828095311555749e+40	1.0304816477283213e+40	6.474253879983896e+39	4.328214899406414e+39
2652.5070454914294	1.859929387339724e+42	5.850584794794804e+40	3.439814211876696e+40	1.8752678828371528e+40	1.232406219999333e+40	6.82038128543265e+39	1.7900864576526038e+39	8.938355132688053e+38	3.423431865703131e+38	2.1872036571317673e+40	1.0843979718763816e+40	6.82038128543265e+39	4.563209966840917e+39
2722.780080470514	1.8672588561633244e+42	6.22193390014864e+40	3.6645582808796083e+40	2.0008481895130346e+40	1.3160415715045441e+40	7.290205652436996e+39	1.9162323709210117e+39	9.573174783056984e+38	3.6685045885649054e+38	2.3328591443610145e+40	1.158252279024329e+40	7.290205652436996e+39	4.880130800872825e+39
2794.7702862915467	2.015350840887619e+42	6.840371576102012e+40	4.0284653764868913e+40	2.199336368841938e+40	1.4465102305229096e+40	8.012345999962249e+39	2.105779221451659e+39	1.0519613911840977e+39	4.0309811179788745e+38	2.5643421798759657e+40	1.2730566551112787e+40	8.012345999962249e+39	5.3633039926237814e+39
2868.5448723451914	2.033355673949547e+42	7.255960490394126e+40	4.28078659539473e+40	2.3407305863470543e+40	1.5408285811461528e+40	8.54316173959904e+39	2.2487146104337472e+39	1.1239659151825576e+39	4.309246064177106e+38	2.728231379293457e+40	1.3563809976513753e+40	8.54316173959904e+39	5.72173594198726e+39
2944.142633976719	1.950612720548762e+42	7.544016036543559e+40	4.463922678320973e+40	2.447207048088194e+40	1.6132202657066896e+40	8.959109874673596e+39	2.364159390217948e+39	1.1827099331383382e+39	4.5385535195323354e+38	2.8506458478260334e+40	1.4206561389196238e+40	8.959109874673596e+39	6.005728231174367e+39
3021.4970273876706	1.926610203832026e+42	7.929847790844012e+40	4.703383689033281e+40	2.583879609525072e+40	1.7052835168264328e+40	9.482888211087479e+39	2.5075137325917683e+39	1.2553258188210883e+39	4.820748450959661e+38	3.008410952123492e+40	1.502200370182968e+40	9.482888211087479e+39	6.36149754260594e+39
3100.5559904776114	1.870278665172235e+42	8.2649550197834e+40	4.916643260569431e+40	2.708061582434665e+40	1.7898035504131167e+40	9.969197679805e+39	2.6428172320548093e+39	1.3242385755121007e+39	5.090012437628989e+38	3.151123916802002e+40	1.5772676461800439e+40	9.969197679805e+39	6.693807168334379e+39
3181.466660108393	1.8256034128874497e+42	8.627419098130424e+40	5.146788721557483e+40	2.841883103459351e+40	1.8808291292257054e+40	1.0492650993150741e+40	2.788369560654798e+39	1.398361034125251e+39	5.379600848948737e+38	3.304959348757544e+40	1.658101267879666e+40	1.0492650993150741e+40	7.05141080447104e+39
3264.248730487688	1.934293165156761e+42	9.241006935090155e+40	5.518702530703037e+40	3.050236009900475e+40	2.0198530902715816e+40	1.1275606030256212e+40	2.9995748693028036e+39	1.5048430688419978e+39	5.791485047884656e+38	3.546452801542747e+40	1.7809361593567904e+40	1.1275606030256212e+40	7.580384524609995e+39
3348.9840225969724	1.9545285915701808e+42	9.888712976549006e+40	5.914560006836599e+40	3.273238211980828e+40	2.169012659783099e+40	1.2117525886968536e+40	3.2272408981624106e+39	1.6196899474015388e+39	6.235924276518697e+38	3.804632451956995e+40	1.912803026759301e+40	1.2117525886968536e+40	8.149771126701827e+39
3435.7183184276023	1.943498474351952e+42	1.0429856968336648e+41	6.252565835100944e+40	3.467192724252617e+40	2.300036001927657e+40	1.286534339482146e+40	3.4328970965825036e+39	1.7240348578955372e+39	6.64209003677081e+38	4.0282498552688074e+40	2.0289446494329957e+40	1.286534339482146e+40	8.65859774330344e+39
3524.447433040895	1.9073353893283056e+42	1.089517103738964e+41	6.549991528267142e+40	3.641161272320053e+40	2.418757506858196e+40	1.355061983382458e+40	3.624550555700126e+39	1.8218305066356863e+39	7.024949122298266e+38	4.227965776336592e+40	2.1344667080578886e+40	1.355061983382458e+40	9.127721833206463e+39
3615.281852280236	1.8613352051473195e+42	1.129956114930799e+41	6.815346692100435e+40	3.799614885996503e+40	2.5280419993642395e+40	1.4188684377561977e+40	3.8059765238199153e+39	1.9149138546467052e+39	7.39133900240021e+38	4.409044350786759e+40	2.231871077312472e+40	1.4188684377561977e+40	9.567185713453095e+39
3708.2750345810728	1.822410144778478e+42	1.1761838257000364e+41	7.116008874315271e+40	3.977995903687937e+40	2.650688355645513e+40	1.4902472972500857e+40	4.008056987283468e+39	2.0184546551753654e+39	7.798362318161227e+38	4.613176944985945e+40	2.341098154823423e+40	1.4902472972500857e+40	1.0058003058512376e+40
3803.436021291432	1.872966610236497e+42	1.2607800718666554e+41	7.63775003477429e+40	4.2743446577693365e+40	2.8498285485232746e+40	1.6032551511867424e+40	4.3162424225633905e+39	2.1743853901710503e+39	8.403645808625407e+38	4.955620833847763e+40	2.517374429472422e+40	1.6032551511867424e+40	1.0824570391455183e+40
3900.9109457905292	1.918495246623777e+42	1.331355571594678e+41	8.08096971335723e+40	4.530271419416301e+40	3.023406241812351e+40	1.7028164427237496e+40	4.592362288638382e+39	2.314921006844399e+39	8.952484843924891e+38	5.250232756348643e+40	2.671412238223065e+40	1.7028164427237496e+40	1.1503977364613241e+40
4000.7507252069013	1.9081668282595813e+42	1.3957426633735529e+41	8.495011407005057e+40	4.773715167733006e+40	3.1900101155649888e+40	1.7992885667486897e+40	4.8634721141215745e+39	2.4534891422156527e+39	9.495866393770644e+38	5.5293760315881645e+40	2.8196056386384057e+40	1.7992885667486897e+40	1.2165551440797657e+40
4103.028028359997	1.869407516541025e+42	1.4475322310037718e+41	8.839980523723938e+40	4.982338905958105e+40	3.33488059475156e+40	1.8845195077303675e+40	5.108621521179232e+39	2.579761361656608e+39	9.994863620966779e+38	5.767106968234466e+40	2.948963415104627e+40	1.8845195077303675e+40	1.2755020618938543e+40
4207.892686899569	1.8360250389076926e+42	1.4978526137104753e+41	9.178567479589909e+40	5.188909296425233e+40	3.4790141444642197e+40	1.9697768829459834e+40	5.3558772878233274e+39	2.7074792060130522e+39	1.0501018261203504e+39	6.002028251449811e+40	3.0778293953307667e+40	1.9697768829459834e+40	1.3346425375749171e+40
4315.343356690169	1.8136032428482048e+42	1.5580989526645232e+41	9.578238742845236e+40	5.430125178183565e+40	3.646415438305409e+40	2.0682325645300596e+40	5.639120744642548e+39	2.853407257362214e+39	1.107787278431877e+39	6.276995408182875e+40	3.2272891241537617e+40	2.0682325645300596e+40	1.4027346872355735e+40
4425.266203709782	1.8909727333354644e+42	1.674256372744519e+41	1.0304083262770978e+41	5.847114160069119e+40	3.9283611022009e+40	2.2293503473332264e+40	6.083202864545579e+39	3.0789190060972404e+39	1.1956495978090482e+39	6.757602411951807e+40	3.47727939858302e+40	2.2293503473332264e+40	1.5124446854303097e+40
4537.821894524864	1.8792188764710914e+42	1.7410146655426393e+41	1.0750178130964187e+41	6.117944839814513e+40	4.116893772220392e+40	2.3406064561206024e+40	6.404834039512154e+39	3.244891258416743e+39	1.2613632686505693e+39	7.065922889062671e+40	3.6457422862870253e+40	2.3406064561206024e+40	1.5895271273165342e+40
4653.157206271427	1.8652631867202124e+42	1.809760422511047e+41	1.1209959486136546e+41	6.397590342174613e+40	4.3118274363158774e+40	2.455850016023662e+40	6.739101258362064e+39	3.417604462049906e+39	1.329838631554318e+39	7.384121998069738e+40	3.81999588564875e+40	2.455850016023662e+40	1.6694620254376333e+40
4771.237861486893	1.8402777911780607e+42	1.8740738103238863e+41	1.1651233295644944e+41	6.671082407551263e+40	4.504225478773267e+40	2.5706813621540105e+40	7.076532481081744e+39	3.5926672688969015e+39	1.399521076432906e+39	7.694064486808242e+40	3.9923867188861893e+40	2.5706813621540105e+40	1.7495003569788806e+40
4892.208964470853	1.8171789163626804e+42	1.934263417463309e+41	1.2070829634216879e+41	6.934638254668883e+40	4.690965649609049e+40	2.6830300534797807e+40	7.410658027942642e+39	3.766723037875978e+39	1.4690870671787036e+39	7.991848589555627e+40	4.1600287616070704e+40	2.6830300534797807e+40	1.828149363021951e+40
5016.124971150979	1.9004820749475628e+42	2.074833267317262e+41	1.2961300920330438e+41	7.452550701964015e+40	5.043584298684829e+40	2.886152992208346e+40	7.977613933589727e+39	4.055912547307704e+39	1.5822728309762023e+39	8.587080317969649e+40	4.473273942265788e+40	2.886152992208346e+40	1.9670825856563968e+40
5143.051055359329	1.925043225879589e+42	2.169486943905062e+41	1.3593806802089818e+41	7.836995900209726e+40	5.311470873288445e+40	3.044453191296163e+40	8.436398971047183e+39	4.2928897578886123e+39	1.6761957618112528e+39	9.024593297787607e+40	4.712715810523449e+40	3.044453191296163e+40	2.0768522727665958e+40
5273.112035172756	1.9769550762395282e+42	2.2635570267690256e+41	1.4220462656097257e+41	8.21820327456419e+40	5.577557218253567e+40	3.2021488791622087e+40	8.896302476705308e+39	4.531064083585121e+39	1.770862213655009e+39	9.458221991214545e+40	4.95069235178678e+40	3.2021488791622087e+40	2.1864231471219046e+40
5406.372445213558	2.0448612808857717e+42	2.3675697504869185e+41	1.4913003353614467e+41	8.639062579724269e+40	5.871092200543093e+40	3.3759267025821823e+40	9.402104753635789e+39	4.792806414723621e+39	1.8748105613988972e+39	9.937088464064542e+40	5.213155710614628e+40	3.3759267025821823e+40	2.307087994137052e+40
5542.879598999276	2.1573614606814894e+42	2.483397764973084e+41	1.5676657054977025e+41	9.100095000642804e+40	6.191728957363535e+40	3.565248331776692e+40	9.951544773039837e+39	5.076927586148808e+39	1.9875806270372765e+39	1.0462369081221701e+41	5.499655558717604e+40	3.565248331776692e+40	2.4383883831340406e+40
5682.779392130802	2.4493849908003836e+42	2.7305705331404152e+41	1.7210037091616385e+41	9.976822896711998e+40	6.783346965523895e+40	3.9027419268909346e+40	1.0880264108239757e+40	5.548417929349594e+39	2.171255623969972e+39	1.1473821582100207e+41	6.023977310491003e+40	3.9027419268909346e+40	2.6680318091316707e+40
5826.165997606895	2.7677507475693115e+42	2.9500422386909655e+41	1.8589926021098487e+41	1.0775913757775505e+41	7.326546183740144e+40	4.21528319787972e+40	1.1752100460188367e+40	5.993161132521411e+39	2.345365725005026e+39	1.2392961007552314e+41	6.506360751679659e+40	4.21528319787972e+40	2.8817255928025155e+40
5973.153151468497	3.205129111710696e+42	3.1980580722928056e+41	2.012997613052053e+41	1.1659692452840782e+41	7.924794093954871e+40	4.558097210376588e+40	1.2703785148624817e+40	6.478023648198112e+39	2.5349774540872632e+39	1.341145689858756e+41	7.037078580630345e+40	4.558097210376588e+40	3.1156658065996065e+40
6123.757671624771	3.768777600797571e+42	3.501801788808154e+41	2.2004224832903686e+41	1.2728053757408994e+41	8.644999028857991e+40	4.968707948458417e+40	1.383403184696626e+40	7.052066614846014e+39	2.758735452849952e+39	1.4644679164577784e+41	7.67523803965252e+40	4.968707948458417e+40	3.3950443634368637e+40
6278.138969703805	4.5392745717921086e+42	3.908194243031708e+41	2.4486308055727396e+41	1.4128063999133097e+41	9.58270201335879e+40	5.499095597410338e+40	1.5274415711765432e+40	7.779954702131911e+39	3.0409615350451294e+39	1.6264838460274583e+41	8.504599393635513e+40	5.499095597410338e+40	3.75424213913882e+40
6436.4313144222715	5.658694916528051e+42	4.412745577590866e+41	2.7524995755091338e+41	1.5821923711622185e+41	1.0710184059574753e+41	6.132501907631792e+40	1.697768797711718e+40	8.637916204425385e+39	3.3725644707659674e+39	1.8230241120072263e+41	9.500173001315056e+40	6.132501907631792e+40	4.1816559842123985e+40
6598.730613836106	6.952220610928951e+42	4.9614458356374874e+41	3.083927429779354e+41	1.7673156223115616e+41	1.1943443442864193e+41	6.825789689570169e+40	1.8842633345314051e+40	9.577236898034583e+39	3.7355418985006094e+39	2.0377368235818745e+41	1.0589350887163268e+41	6.825789689570169e+40	4.649580738518584e+40
6765.096063276828	8.429205275062574e+42	5.524192735041636e+41	3.4236916914855658e+41	1.9571635890111264e+41	1.32088529941006e+41	7.537806467157778e+40	2.0762015655817712e+40	1.0544882613598309e+40	4.109862420470133e+39	2.2578965680934246e+41	1.1707133028872381e+41	7.537806467157778e+40	5.130463049396282e+40
6935.717875999013	1.01154774971529e+43	6.111372462480026e+41	3.778247526196579e+41	2.155381605888401e+41	1.4530657007699731e+41	8.282045258479669e+40	2.277085211622698e+40	1.1558155587856789e+40	4.502056494286998e+39	2.487726944675202e+41	1.2874898046541e+41	8.282045258479669e+40	5.63332120776919e+40
7110.7018383830255	1.2541438432696196e+43	7.007616493538773e+41	4.312313845640686e+41	2.449884468525853e+41	1.6478009306772742e+41	9.36714296713573e+40	2.564813862990561e+40	1.2999849052514282e+40	5.0561595516441666e+39	2.83033290919065e+41	1.459119163273765e+41	9.36714296713573e+40	6.362010764812541e+40
7290.1247674973965	1.5041636206654817e+43	7.836947182009608e+41	4.8093703508300216e+41	2.7255996166546404e+41	1.8307670878064158e+41	1.0391127110799192e+41	2.8383470830760147e+40	1.437417626212315e+40	5.585897816914306e+39	3.1506286772343726e+41	1.6205389290099325e+41	1.0391127110799192e+41	7.051417235979377e+40
7474.19942267672	1.7655522763552554e+43	8.625697270325894e+41	5.284082842880237e+41	2.9900995223243244e+41	2.00678140207226e+41	1.1379631381535787e+41	3.1039889778645907e+40	1.5711873568979133e+40	6.102753426962022e+39	3.4575615526881648e+41	1.77594931909883e+41	1.1379631381535787e+41	7.71830647577046e+40
7663.031172694834	2.0415523320169554e+43	9.409845182993926e+41	5.75649958203424e+41	3.2538026583783727e+41	2.1825141243261353e+41	1.2368509562881279e+41	3.370754374087911e+40	1.7057323514088534e+40	6.623490998707594e+39	3.763416567784628e+41	1.931178551829693e+41	1.2368509562881279e+41	8.386292681819989e+40
7856.7646287667085	2.4211811750074535e+43	1.0584267784341658e+42	6.4556933271548184e+41	3.6391987490957616e+41	2.4373298613795706e+41	1.3788438296191651e+41	3.7473935888476743e+40	1.8944879431367075e+40	7.349131588482186e+39	4.2117915436424425e+41	2.1557588128729937e+41	1.3788438296191651e+41	9.33991251183256e+40
8055.524636330631	2.7773623031931915e+43	1.1643324059405957e+42	7.090803694191925e+41	3.991801978751541e+41	2.6714701102754e+41	1.5099973275116137e+41	4.0983251596012407e+40	2.0709268214411906e+40	8.029718828912032e+39	4.621311936198604e+41	2.362366520998231e+41	1.5099973275116137e+41	1.0223404172899921e+41
8259.517066733215	3.1153736653868617e+43	1.2588617428007634e+42	7.662235306018953e+41	4.3116228508879714e+41	2.8848799679879295e+41	1.630249633488813e+41	4.423304381557336e+40	2.2349192963039494e+40	8.66474112363099e+39	4.992040962099509e+41	2.55094029866293e+41	1.630249633488813e+41	1.103626227441184e+41
8468.88496457355	3.4652586689666047e+43	1.3528781164794926e+42	8.23229417978659e+41	4.631716217441212e+41	3.09890736957551e+41	1.751156047143338e+41	4.751480600393789e+40	2.400797082109835e+40	9.30817954525811e+39	5.362791303917281e+41	2.740169836187682e+41	1.751156047143338e+41	1.1854768875323467e+41
8683.743970642681	3.912945373866643e+43	1.488427433894282e+42	9.042563770179918e+41	5.080352056841439e+41	3.3963924115972485e+41	1.9175320847518406e+41	5.195645889934511e+40	2.6239437119210735e+40	1.0168295516571643e+40	5.884161026319411e+41	3.002574625204069e+41	1.9175320847518406e+41	1.2974596125426125e+41
8904.344435674811	4.286133847539938e+43	1.6060310586103724e+42	9.75626916444608e+41	5.480768881648581e+41	3.663824765068755e+41	2.0683242710845217e+41	5.603253325407989e+40	2.8296037787263486e+40	1.0964462160917837e+40	6.3480988684613174e+41	3.23892945813818e+41	2.0683242710845217e+41	1.3994087832396862e+41
9130.862123688476	4.612295250377124e+43	1.702853767674777e+42	1.0349922727350739e+42	5.817646623566329e+41	3.890453561515064e+41	2.1972726131959525e+41	5.957325493456456e+40	3.0093113871816555e+40	1.1664522034675777e+40	6.737326469235716e+41	3.4396384393596704e+41	2.1972726131959525e+41	1.4870601516170836e+41
9363.434651097143	5.047044759315162e+43	1.830298179462214e+42	1.1119191541591695e+42	6.248068053737135e+41	4.177749128571706e+41	2.359280483373795e+41	6.396063326268362e+40	3.23092865512386e+40	1.2523668568363702e+40	7.23624906445854e+41	3.693534396167916e+41	2.359280483373795e+41	1.5966387141081092e+41
9602.312821444313	5.390380576188762e+43	1.9678666325012056e+42	1.1959718326909542e+42	6.722148957209875e+41	4.4952217751729104e+41	2.538784678914666e+41	6.883099476699904e+40	3.476945623371516e+40	1.3477097433847862e+40	7.784900584654416e+41	3.9743062513113585e+41	2.538784678914666e+41	1.7181715924051027e+41
9847.703963761636	5.64395168418227e+43	2.0661300529355112e+42	1.2572879040151206e+42	7.075412421027385e+41	4.7348355127344885e+41	2.676385801685286e+41	7.266242303659902e+40	3.6723347528550116e+40	1.42418985029546e+40	8.191658871183627e+41	4.1869840766930904e+41	2.676385801685286e+41	1.8121773206510458e+41
10099.766185047592	5.968428018518937e+43	2.171194402132734e+42	1.3224403957002608e+42	7.449349214547501e+41	4.988107597114081e+41	2.821674770246787e+41	7.67058240215798e+40	3.878559707927335e+40	1.504933961207274e+40	8.622537303710985e+41	4.4117155152848754e+41	2.821674770246787e+41	1.9114014638212686e+41
10358.775137545072	6.223619818814834e+43	2.3098827071975727e+42	1.407369900588464e+42	7.93047366774077e+41	5.311433989738996e+41	3.005418173135573e+41	8.174221071016876e+40	4.1340382294377045e+40	1.604405398570045e+40	9.178661507260317e+41	4.697979353870403e+41	3.005418173135573e+41	2.0362170563878198e+41
10624.970600856283	6.344712396687125e+43	2.4130825374903753e+42	1.473751497462904e+42	8.321674358708982e+41	5.579657576712971e+41	3.161124642253775e+41	8.613758431638118e+40	4.35906915100591e+40	1.6928040337813362e+40	9.626932968368239e+41	4.936697700872072e+41	3.161124642253775e+41	2.1431593316952033e+41
10898.533047354069	6.511131121500741e+43	2.4946901715870197e+42	1.5263801007461858e+42	8.634872408685866e+41	5.7961812477365355e+41	3.288305462092752e+41	8.980999014993578e+40	4.548788438796537e+40	1.7680585863663174e+40	9.984805167070883e+41	5.129899935801591e+41	3.288305462092752e+41	2.2311684542012306e+41
11179.773195045647	6.593197679961119e+43	2.6057625839185103e+42	1.5962174168236363e+42	9.040985235774347e+41	6.073381746577541e+41	3.4488078091194216e+41	9.434636065451284e+40	4.781470152895422e+40	1.8597011366022518e+40	1.0451313405522846e+42	5.376395947376192e+41	3.4488078091194216e+41	2.3413741850979133e+41
11468.922441153212	6.526909764718629e+43	2.7057994063630785e+42	1.6622294207906925e+42	9.438002211611882e+41	6.348504714784166e+41	3.610413742308716e+41	9.89902038489718e+40	5.020680592621508e+40	1.9542548844991964e+40	1.0904199647182269e+42	5.6219485851570294e+41	3.610413742308716e+41	2.4530827182603377e+41
11766.297308601457	6.473294973280896e+43	2.765956672531423e+42	1.7042759536881945e+42	9.704351934386012e+41	6.538490658493958e+41	3.725756788242891e+41	1.0247754298561548e+41	5.203491723737008e+40	2.0278061680239054e+40	1.1204425418639949e+42	5.792850118206371e+41	3.725756788242891e+41	2.534280778784135e+41
12072.194391195495	6.32161873545907e+43	2.829333987319361e+42	1.747736310665058e+42	9.976925908854383e+41	6.73233616851353e+41	3.843274019633848e+41	1.0603554395413612e+41	5.390260553673644e+40	2.1030832633595464e+40	1.1512204215662043e+42	5.967132117929554e+41	3.843274019633848e+41	2.617011708804456e+41
12386.866786875391	6.059199492879103e+43	2.886940529229911e+42	1.790056248939819e+42	1.0253062246938129e+42	6.931762564112847e+41	3.9657690209546536e+41	1.0979216732727068e+41	5.58800283739918e+40	2.182950089332016e+40	1.1821638520076408e+42	6.147062515570166e+41	3.9657690209546536e+41	2.7037241911706543e+41
12710.678776647783	5.793115789006678e+43	2.908230257006003e+42	1.8107908444303767e+42	1.0413035524280224e+42	7.056134401082718e+41	4.0479045522696934e+41	1.1255775713199663e+41	5.737737735210743e+40	2.2450658928620827e+40	1.1994917286670391e+42	6.261340449522037e+41	4.0479045522696934e+41	2.7639833218628285e+41
13043.963150418145	5.448907466765628e+43	2.924548070831983e+42	1.8277839076181203e+42	1.0549074514668453e+42	7.163827352213107e+41	4.120474338693992e+41	1.1507913124363108e+41	5.875760148227509e+40	2.3029682769288964e+40	1.2141129175308813e+42	6.360770052116061e+41	4.120474338693992e+41	2.817822655169119e+41
13387.034208254208	5.084249660816565e+43	2.9268445324204085e+42	1.8389682352694612e+42	1.066498568747849e+42	7.262320320415003e+41	4.190379620940662e+41	1.1762114902067624e+41	6.016257502242878e+40	2.3623542938633623e+40	1.2260832548949261e+42	6.453040724392157e+41	4.190379620940662e+41	2.8707359263986205e+41
13740.292898540512	4.690406375809348e+43	2.896689690417279e+42	1.830443488154851e+42	1.0673446298200473e+42	7.291070647930486e+41	4.2226763871914635e+41	1.1924077223774825e+41	6.112170792174729e+40	2.405310391762403e+40	1.2254899515995e+42	6.4842502865663e+41	4.2226763871914635e+41	2.898989282258771e+41
14104.10210727317	4.2855740147004047e+43	2.842501626094998e+42	1.8075458708787692e+42	1.060250938714628e+42	7.267553035087813e+41	4.2262587926808946e+41	1.201380456255901e+41	6.172982596130428e+40	2.435301777573853e+40	1.2156566120430954e+42	6.469501079350725e+41	4.2262587926808946e+41	2.9082227327547272e+41
14478.896794594053	3.9049248935878545e+43	2.774997863251676e+42	1.7764391396825848e+42	1.0487616891231103e+42	7.216179561760326e+41	4.215431061679265e+41	1.207162409563077e+41	6.219122763714014e+40	2.4602082251034645e+40	1.2006483762904172e+42	6.430567583960765e+41	4.215431061679265e+41	2.9082921469194122e+41
14865.08547570257	3.544348668845036e+43	2.687368418748768e+42	1.7318785785002126e+42	1.0291555046350291e+42	7.108998540534065e+41	4.1725510249816586e+41	1.2044088070531981e+41	6.223111716193621e+40	2.469321802538867e+40	1.1763730810574901e+42	6.342016750154564e+41	4.1725510249816586e+41	2.8866564218040574e+41
15263.140941952033	3.2324180358985167e+43	2.602824075411705e+42	1.6901829006864032e+42	1.0116427238269865e+42	7.01749240669415e+41	4.13954198870433e+41	1.2047359371404865e+41	6.243370575546776e+40	2.485026910881794e+40	1.154397419835226e+42	6.2677119312353044e+41	4.13954198870433e+41	2.87206709235241e+41
15673.542171362391	2.949268154838033e+43	2.5072646351531307e+42	1.639307734476936e+42	9.879528726854044e+41	6.881848884674446e+41	4.0804019965657336e+41	1.197927224415491e+41	6.228269981754689e+40	2.4874749561889305e+40	1.1255087247249734e+42	6.153834727214479e+41	4.0804019965657336e+41	2.839573444787706e+41
16096.780483633242	2.7088356738982564e+43	2.412828382587113e+42	1.5900790681422698e+42	9.656355919023342e+41	6.756862259640588e+41	4.028149708221254e+41	1.1933353192805116e+41	6.2250322480446755e+40	2.4948095113928387e+40	1.098096767412184e+42	6.049713806621346e+41	4.028149708221254e+41	2.812050840285686e+41
16533.400025936407	2.4930668318950155e+43	2.327495547719537e+42	1.5444001741843073e+42	9.445805807947843e+41	6.638474806877261e+41	3.978911873821719e+41	1.1895466430910443e+41	6.226248385917118e+40	2.5041146974565377e+40	1.0723116434356767e+42	5.951088982655189e+41	3.978911873821719e+41	2.786454861135033e+41
16983.953066619946	2.3130329745073004e+43	2.2463749114702196e+42	1.5001013158613274e+42	9.2367497100808e+41	6.518942232408829e+41	3.927881533430232e+41	1.185035392227765e+41	6.223910183739528e+40	2.5122127330386883e+40	1.0468629769657135e+42	5.85098146831056e+41	3.927881533430232e+41	2.7593303838352434e+41
17449.041287478485	2.1474384972807805e+43	2.1641305888919554e+42	1.4539435261960075e+42	9.011127739066482e+41	6.386329384036794e+41	3.868481301314147e+41	1.1781320282565024e+41	6.209834056959005e+40	2.516035529711184e+40	1.0196530628060487e+42	5.738887951217858e+41	3.868481301314147e+41	2.7263126818057648e+41
17929.290349673567	2.0070929051984728e+43	2.113295926885851e+42	1.4283418626474736e+42	8.910403914926526e+41	6.341263328034297e+41	3.861306255836556e+41	1.1864912817880174e+41	6.274313425066854e+40	2.5506940388029274e+40	1.006638454621174e+42	5.7052107258736616e+41	3.861306255836556e+41	2.729686232786955e+41
18425.355796692365	1.8814162197913148e+43	2.0519311761707966e+42	1.3936634884737327e+42	8.739995118629181e+41	6.2414593908935644e+41	3.8177481107399974e+41	1.1830347521811486e+41	6.277046783119642e+40	2.561062714362435e+40	9.860984133225025e+41	5.621109610591619e+41	3.8177481107399974e+41	2.7064784826373627e+41
18937.94201109453	1.759518185592534e+43	2.008496772556174e+42	1.3695608716985447e+42	8.627002462930412e+41	6.179161280630359e+41	3.794748527291935e+41	1.1849189169716277e+41	6.306533035885602e+40	2.581783963641785e+40	9.72266362159933e+41	5.569941236834956e+41	3.794748527291935e+41	2.696951841967046e+41
19467.78396563731	1.655997821693615e+43	1.9725732363732744e+42	1.3516481988165624e+42	8.555488330026067e+41	6.146569430184194e+41	3.7895310797731275e+41	1.1919281657891694e+41	6.362376110219036e+40	2.612919027277719e+40	9.630775367469632e+41	5.545449531893933e+41	3.7895310797731275e+41	2.699762483547295e+41
20015.667980333517	1.5589878974407343e+43	1.937687447007298e+42	1.3369389015248282e+42	8.519579589417527e+41	6.144980349690192e+41	3.806392150894447e+41	1.2065392466172565e+41	6.458738929643357e+40	2.6604207065835824e+40	9.575121566571031e+41	5.550099752020712e+41	3.806392150894447e+41	2.71910292908369e+41
20582.41944325404	1.4659708141944847e+43	1.8938190726150597e+42	1.312690609676604e+42	8.409187049498188e+41	6.0865059426674034e+41	3.787275319657356e+41	1.2104442504334837e+41	6.500683649847855e+40	2.687042959886422e+40	9.438610059736288e+41	5.502896550855796e+41	3.787275319657356e+41	2.712969243611372e+41
21168.91940924579	1.3753141341218651e+43	1.8634390074836966e+42	1.2984028261434158e+42	8.362689629996647e+41	6.073274104520517e+41	3.795070741117248e+41	1.2220586963785576e+41	6.582112924298702e+40	2.7291660387368084e+40	9.37412599099769e+41	5.496240529562272e+41	3.795070741117248e+41	2.725471020197902e+41
21776.096842082956	1.2898461706002335e+43	1.8258675325639106e+42	1.2786710654518375e+42	8.283522421868095e+41	6.0389479934334495e+41	3.7923543974993e+41	1.2318851252661579e+41	6.656806957760574e+40	2.769612128400532e+40	9.271877816324923e+41	5.4713143237537424e+41	3.7923543974993e+41	2.731664353581008e+41
22404.94242508872	1.2075868459858205e+43	1.7795655203565446e+42	1.251900103255361e+42	8.155796022343848e+41	5.969144482342675e+41	3.76811047113593e+41	1.2357021213462723e+41	6.701734919597528e+40	2.798974693044542e+40	9.115726175548563e+41	5.414383505934038e+41	3.76811047113593e+41	2.7229450983973738e+41
23056.506281442904	1.1295409814865336e+43	1.743376649589955e+42	1.2307388466443067e+42	8.052583559329664e+41	5.9123635154913456e+41	3.749108626855766e+41	1.2404413210852897e+41	6.751386484173648e+40	2.8304137829841544e+40	8.990181708694083e+41	5.368142887685612e+41	3.749108626855766e+41	2.7171372959602693e+41
23731.90340338539	1.0558653384515529e+43	1.7054292233900318e+42	1.2078759542657431e+42	7.934141453850783e+41	5.842806905186233e+41	3.721485816133137e+41	1.2429747444553481e+41	6.791781691388498e+40	2.859311798681058e+40	8.848746697027499e+41	5.310004001383407e+41	3.721485816133137e+41	2.7052627839964453e+41
24432.323369422913	9.849059533434143e+42	1.6787012515818986e+42	1.1939848615855789e+42	7.874283238215917e+41	5.813321139821666e+41	3.715244345535614e+41	1.2495279913307302e+41	6.848243107735893e+40	2.892911695412984e+40	8.773558715212364e+41	5.2871413643632924e+41	3.715244345535614e+41	2.706689406748752e+41
25159.03067670678	9.180746050557843e+42	1.6441272197067455e+42	1.1756486078836462e+42	7.79373866899693e+41	5.772048082557476e+41	3.703682551903764e+41	1.2551429131793586e+41	6.900904346122096e+40	2.9254969548158767e+40	8.673065096418477e+41	5.254362318076717e+41	3.703682551903764e+41	2.7049831887037623e+41
25913.375665797335	8.539524648354917e+42	1.6073114478889685e+42	1.1530732527610555e+42	7.670222704559111e+41	5.693935499478408e+41	3.6659141159399314e+41	1.2516870874850346e+41	6.905590215239291e+40	2.9391125483689545e+40	8.528302783423833e+41	5.187007617831268e+41	3.6659141159399314e+41	2.6835939716961014e+41
26696.79750941766	7.936088277563426e+42	1.5752415393510606e+42	1.1362524875196126e+42	7.598319180511336e+41	5.658459823411079e+41	3.657532035514636e+41	1.2581004153768776e+41	6.962599256774583e+40	2.973790375329713e+40	8.437774224124558e+41	5.159339771809238e+41	3.657532035514636e+41	2.683963516308095e+41
27510.835215112384	7.342858879242639e+42	1.5515426521738565e+42	1.1253507694462931e+42	7.569882566654238e+41	5.658527185325989e+41	3.674912387482929e+41	1.2744354455348963e+41	7.0747107988205685e+40	3.031536449822746e+40	8.394014749213848e+41	5.1649882399637945e+41	3.674912387482929e+41	2.704292682462326e+41
28357.13295512135	6.803343850859698e+42	1.5420396940593697e+42	1.1250690609784076e+42	7.603179169556785e+41	5.697158353827153e+41	3.710307386487293e+41	1.2932038283552278e+41	7.194746715132003e+40	3.090990683923758e+40	8.422316491561561e+41	5.2036364767005995e+41	3.710307386487293e+41	2.734830237491563e+41
29237.45920167614	6.302906533110568e+42	1.5106358329762508e+42	1.1086975484834899e+42	7.538757252088822e+41	5.671144722452281e+41	3.711939899833094e+41	1.3052892757111405e+41	7.286580743784318e+40	3.1417325683956676e+40	8.338358594391722e+41	5.1857840522546524e+41	3.711939899833094e+41	2.7443112798095556e+41
30153.699477574537	5.809372330158015e+42	1.4836778488244437e+42	1.0954922859664273e+42	7.49236133151176e+41	5.657055953763808e+41	3.720466316271666e+41	1.3196769287534791e+41	7.391479333196241e+40	3.198241363867938e+40	8.275358855909469e+41	5.178475733504013e+41	3.720466316271666e+41	2.758688406727273e+41
31107.877811664228	5.354638473842237e+42	1.4664046809797476e+42	1.0895089743686891e+42	7.487745610980961e+41	5.668738390347269e+41	3.740615674465375e+41	1.3353983505830753e+41	7.500164789778287e+40	3.255412237374857e+40	8.26124726927187e+41	5.193092347295021e+41	3.740615674465375e+41	2.7794176666700216e+41
32102.167118680267	4.925215378661194e+42	1.442336947132459e+42	1.0794358664886313e+42	7.464714943718286e+41	5.6718358331618475e+41	3.759791293526605e+41	1.3534794162519495e+41	7.626459235529148e+40	3.3216564153068356e+40	8.223982374853951e+41	5.201313724539815e+41	3.759791293526605e+41	2.8014866848611522e+41
33138.90362761841	4.522197325114077e+42	1.414290687410906e+42	1.0680860479086273e+42	7.44165897886565e+41	5.677602794524944e+41	3.782175525442818e+41	1.3733121783404746e+41	7.763847784440824e+40	3.393283163960633e+40	8.184740619287055e+41	5.212527588710143e+41	3.782175525442818e+41	2.82640509800019e+41
34220.60315195787	4.1455467501052656e+42	1.36959217338075e+42	1.0419627668430417e+42	7.304999858022317e+41	5.593813600628063e+41	3.7444261233277504e+41	1.373376833310204e+41	7.798701420472495e+40	3.4253315568346184e+40	8.022857912110912e+41	5.141090020308164e+41	3.7444261233277504e+41	2.8070853780136074e+41
35349.97738510397	3.7868549100781174e+42	1.3340431033054643e+42	1.0241949692471344e+42	7.226639066064077e+41	5.5509912286652394e+41	3.729167917116485e+41	1.3778394004320696e+41	7.851190164770644e+40	3.4624935400135245e+40	7.92607294133345e+41	5.105965158336236e+41	3.729167917116485e+41	2.8019779160802267e+41
36529.954138553585	3.454010782527697e+42	1.2948614561392344e+42	1.0056729702881536e+42	7.159331515519012e+41	5.5233964622561206e+41	3.7284540193884026e+41	1.3893159316972797e+41	7.945687980705949e+40	3.5187123280981077e+40	7.837220837751106e+41	5.086386398428847e+41	3.7284540193884026e+41	2.8092138397335583e+41
37763.69754685465	3.143650507203269e+42	1.250983053575767e+42	9.84905952582343e+41	7.08813979219271e+41	5.498262619902897e+41	3.732673979507319e+41	1.4025390644367431e+41	8.046449981189154e+40	3.575877579145976e+40	7.740875436007208e+41	5.0703256411930734e+41	3.732673979507319e+41	2.8207882470259006e+41
39054.63294227313	2.854235985734408e+42	1.2024982464758499e+42	9.59585804948439e+41	6.978126801134074e+41	5.4405519420639186e+41	3.713245723210988e+41	1.4067272437555562e+41	8.097318367264034e+40	3.612535268460871e+40	7.60364389401233e+41	5.023662013750381e+41	3.713245723210988e+41	2.8141015938957588e+41
40406.47332689197	2.5854381822481327e+42	1.1480689217845468e+42	9.316690104374408e+41	6.868416643722989e+41	5.391989963585604e+41	3.706462195804627e+41	1.4179853542224485e+41	8.189797731061922e+40	3.667358427631961e+40	7.461648048500242e+41	4.9876238946851885e+41	3.706462195804627e+41	2.8191765733226433e+41
41823.250166714584	2.3360377468808846e+42	1.0886039387194472e+42	8.986943772947202e+41	6.7192620639499566e+41	5.3130751010802504e+41	3.680269668351089e+41	1.4232852902708777e+41	8.251436564894251e+40	3.710194026803329e+40	7.276916276429749e+41	4.923850574539268e+41	3.680269668351089e+41	2.810401712038229e+41
43309.347243312055	2.1054926128094606e+42	1.0236016027643577e+42	8.613055888716462e+41	6.5444663127952784e+41	5.219457253816499e+41	3.649788066149182e+41	1.4309953325806622e+41	8.333655902151003e+40	3.764346933816971e+40	7.061960723934699e+41	4.848140517913806e+41	3.649788066149182e+41	2.801239280394296e+41
44869.53964735871	1.8927412375650805e+42	9.5526170714154e+41	8.202793481824784e+41	6.341466199331236e+41	5.105411548213426e+41	3.6087297088492916e+41	1.4385132009119306e+41	8.423393031415917e+40	3.825153136557908e+40	6.8161593565556466e+41	4.754335360803936e+41	3.6087297088492916e+41	2.78635366008014e+41
46509.03731950291	1.6970868880485257e+42	8.840097832865853e+41	7.76105366312615e+41	6.11167545861361e+41	4.967908389718073e+41	3.548737866071441e+41	1.4371661842669239e+41	8.461382118189761e+40	3.8637494333679277e+40	6.542276180990749e+41	4.638046193169408e+41	3.548737866071441e+41	2.7557142540223124e+41
48233.53502800507	1.517555690663806e+42	8.111367155059332e+41	7.291646774519416e+41	5.855693223304069e+41	4.80860514347262e+41	3.474061238853579e+41	1.43230167588515e+41	8.486811404218896e+40	3.900501449302579e+40	6.2410516460041235e+41	4.501483190080127e+41	3.474061238853579e+41	2.7147558133632553e+41
50049.26881818767	1.3535521803148223e+42	7.363603591117664e+41	6.8315671988352776e+41	5.63583926482151e+41	4.692813293714832e+41	3.440594830980482e+41	1.4472286707769112e+41	8.627715096017653e+40	3.987649797502561e+40	5.970848176257548e+41	4.4089685730235775e+41	3.440594830980482e+41	2.7090084378016556e+41
51963.08076177222	1.2035837123728253e+42	6.612514897700547e+41	6.3081347859817774e+41	5.326378082530985e+41	4.487434411346617e+41	3.3311008077761878e+41	1.4282881479654789e+41	8.578153608147862e+40	3.9966023517061044e+40	5.6142125075396596e+41	4.2287959681971325e+41	3.3311008077761878e+41	2.640346827562239e+41
53982.492796679304	1.0673584311730751e+42	5.863590175920525e+41	5.767235571774261e+41	4.999804424896615e+41	4.269956528711523e+41	3.2153687632639462e+41	1.4073236320299974e+41	8.515328882911535e+40	3.999374622651553e+40	5.239103668243919e+41	4.038035649901426e+41	3.2153687632639462e+41	2.567652232815829e+41
56115.7919821422	9.438531427351225e+41	5.131924932352468e+41	5.2171681165701914e+41	4.656601507645931e+41	4.037635116545257e+41	3.089197776217271e+41	1.3820988374714817e+41	8.42563608431717e+40	3.9888958273253777e+40	4.847695035424583e+41	3.833356561643504e+41	3.089197776217271e+41	2.487027176805336e+41
58372.128301752	8.323985900361398e+41	4.410796073508138e+41	4.6708733969077834e+41	4.325728112998203e+41	3.824152015824128e+41	2.9851097737236006e+41	1.3694530107438329e+41	8.409876316081395e+40	4.010236511498643e+40	4.465862696807543e+41	3.648869152301935e+41	2.9851097737236006e+41	2.42695101314938e+41
60761.62764222061	7.316567980063622e+41	3.741889536560299e+41	4.1155771275632234e+41	3.948409151072793e+41	3.557985603760724e+41	2.834861703854625e+41	1.3369306474515917e+41	8.282045174911599e+40	3.984557086559505e+40	4.043511311207376e+41	3.4120163970453787e+41	2.834861703854625e+41	2.329042473331963e+41
63295.522914887806	6.413255719760424e+41	3.123850209567626e+41	3.576764084877729e+41	3.565957836772869e+41	3.2821720101328424e+41	2.6757269823317153e+41	1.3010257755839064e+41	8.134903483614164e+40	3.950365747459107e+40	3.619563623066446e+41	3.1652178000905374e+41	2.6757269823317153e+41	2.2241677969769397e+41
65986.30661169537	5.6046079202237875e+41	2.5622546741345184e+41	3.0594500203686106e+41	3.179284558242318e+41	2.9955549145080245e+41	2.505898933449142e+41	1.2618705731172048e+41	7.973497886229533e+40	3.9119040342973856e+40	3.1959720448650165e+41	2.906966625472564e+41	2.505898933449142e+41	2.1110338686104806e+41
68847.9088470081	4.883976324128011e+41	2.043469592738633e+41	2.560190453355443e+41	2.796457463574263e+41	2.7121602299452497e+41	2.3435150134992247e+41	1.2327721568524336e+41	7.885229877630199e+40	3.9109365359379036e+40	2.778111408921598e+41	2.652620573959758e+41	2.3435150134992247e+41	2.007824169080516e+41
71895.90598262472	4.241253472495944e+41	1.6131567681911173e+41	2.1111750512484555e+41	2.4170152190902283e+41	2.410757124783191e+41	2.151065122266351e+41	1.1840161482450559e+41	7.67633924847919e+40	3.8558169776013335e+40	2.3741982176690222e+41	2.37600554201154e+41	2.151065122266351e+41	1.8748037830414714e+41
75147.76618478446	3.673085528396074e+41	1.2355169782527463e+41	1.695040286631403e+41	2.0495213168365805e+41	2.114398048688066e+41	1.962779903652527e+41	1.1431942858840783e+41	7.532461745390753e+40	3.8371312708114757e+40	1.9864704740947293e+41	2.1035595804297255e+41	1.962779903652527e+41	1.747715394413715e+41
78623.13966591192	3.169917316891672e+41	9.39792664523985e+40	1.3427687515898393e+41	1.7073788498167975e+41	1.8192573106872413e+41	1.7558128987804676e+41	1.0839687086655971e+41	7.269930776620906e+40	3.7638498992101895e+40	1.634189592353413e+41	1.826515224540483e+41	1.7558128987804676e+41	1.5975501046880684e+41
82344.20320122145	2.728000732802224e+41	6.948746020406863e+40	1.032425762728609e+41	1.3874007095221955e+41	1.5348906223964802e+41	1.5521410318166525e+41	1.0296609676293173e+41	7.057484957191026e+40	3.7237036916563794e+40	1.3091505939491552e+41	1.5577666135767568e+41	1.5521410318166525e+41	1.4500920984448473e+41
86336.07105614348	2.3394867525043905e+41	5.13298700554489e+40	7.858047534830776e+40	1.108734084181075e+41	1.2705253455604757e+41	1.3443261376324617e+41	9.594917262172985e+40	6.731732268226239e+40	3.627595546304688e+40	1.0327154680932326e+41	1.302874694781726e+41	1.3443261376324617e+41	1.2895096365925873e+41
90627.28753802693	2.000491891092353e+41	3.719683646473625e+40	5.811933423135287e+40	8.604475836017456e+40	1.0249787999155546e+41	1.142926268785735e+41	8.913878632984175e+40	6.437291579147767e+40	3.559445012394559e+40	7.905996548212757e+40	1.0635268968304351e+41	1.142926268785735e+41	1.1313971744921545e+41
95250.42058172103	1.7046652934270454e+41	2.7232400396549736e+40	4.286313035360259e+40	6.585313425035473e+40	8.11917357935004e+40	9.5133160842464e+40	8.109390235477831e+40	6.038055581792358e+40	3.4347690262194633e+40	5.9821911300529345e+40	8.516683133166373e+40	9.5133160842464e+40	9.712614388360272e+40
100242.78098898711	1.4482746081856558e+41	1.9907970538411842e+40	3.100915187854875e+40	4.892749531845492e+40	6.241086751679361e+40	7.721323054482294e+40	7.311745963663979e+40	5.653009612179469e+40	3.3312393736718336e+40	4.4005136883725555e+40	6.622578335703742e+40	7.721323054482294e+40	8.1693922434727665e+40
105647.29921270545	1.2262072769474778e+41	1.4921936731029424e+40	2.268032278108719e+40	3.6117076358165064e+40	4.7269518946228e+40	6.136287936613721e+40	6.441509045227615e+40	5.179128036174111e+40	3.171331787222176e+40	3.228843952092753e+40	5.064787039285503e+40	6.136287936613721e+40	6.716054541820415e+40
111513.60084320897	1.0347994922792987e+41	1.1554739528794666e+40	1.7032175606786013e+40	2.6988191418968093e+40	3.5875204361440144e+40	4.831179769358841e+40	5.540970980344279e+40	4.616132833920923e+40	2.930213241487163e+40	2.407605389092931e+40	3.8705818611456443e+40	4.831179769358841e+40	5.4385015839111835e+40
117899.33486152472	8.70645339593602e+40	9.14486914265463e+39	1.2946848069998406e+40	2.0097030091456728e+40	2.6911789183905843e+40	3.739250647801931e+40	4.694647142880776e+40	4.06421292517745e+40	2.683919755051635e+40	1.7958641638250554e+40	2.918547064172344e+40	3.739250647801931e+40	4.3265498495964025e+40
124871.82568921776	7.301744939857762e+40	7.407090042278764e+39	1.0026543589318718e+40	1.5013759819582108e+40	2.0037731035527828e+40	2.847505052585685e+40	3.911341398707232e+40	3.52898520250375e+40	2.433851731554772e+40	1.3497371491479626e+40	2.1786899502544174e+40	2.847505052585685e+40	3.3796393199857706e+40
132510.1437167381	6.103998387937701e+40	6.124473009626602e+39	7.944323094559816e+39	1.1343398166027108e+40	1.490587086265569e+40	2.139136020910267e+40	3.200200860644009e+40	3.017436174815173e+40	2.182343982686388e+40	1.0301574308646127e+40	1.619379351404067e+40	2.139136020910267e+40	2.5938355772534973e+40
140907.72176992855	5.086340099632038e+40	5.140801587313024e+39	6.441267681197779e+39	8.732434355481896e+39	1.1169588464852695e+40	1.592661797638188e+40	2.5685393088474127e+40	2.536601428156587e+40	1.932118282563153e+40	8.0333988980258e+39	1.2077487268195526e+40	1.592661797638188e+40	1.9598973139042743e+40
150175.69068748187	4.2246999621510065e+40	4.351367697185947e+39	5.323751024162769e+39	6.881284180368649e+39	8.503018713970833e+39	1.18341206378625e+40	2.0211885687261594e+40	2.0932155222821024e+40	1.6862709708753359e+40	6.416076724433158e+39	9.117684875097751e+39	1.18341206378625e+40	1.4637575678050488e+40
160447.1721619932	3.497625714288604e+40	3.6914122451732613e+39	4.456394651698158e+39	5.550892249450935e+39	6.61811486867509e+39	8.853378674422672e+39	1.5599304279010506e+40	1.6932819231721672e+40	1.448228510593134e+40	5.236281581880752e+39	7.021437242116002e+39	8.853378674422672e+39	1.0874923644489312e+40
171882.8604267859	2.88609491909123e+40	3.123958838077346e+39	3.7515841686643825e+39	4.563043277132368e+39	5.276546036602439e+39	6.729397428091511e+39	1.1831021854763227e+40	1.3415760686694227e+40	1.2216543431303863e+40	4.340657903859032e+39	5.538045791265759e+39	6.729397428091511e+39	8.107218514999546e+39
184678.36067299123	2.373327564366295e+40	2.629030477503548e+39	3.157149037672842e+39	3.7947882845418596e+39	4.2950671317630617e+39	5.230621909844991e+39	8.854904672318476e+39	1.0411253514954728e+40	1.0102932355301082e+40	3.627386355726956e+39	4.46801809019783e+39	5.230621909844991e+39	6.123104564812371e+39
199073.95405246323	1.9446019115721846e+40	2.195652315614888e+39	2.6442846642349345e+39	3.1683608307025894e+39	3.543982227218479e+39	4.162850572572103e+39	6.586173351727719e+39	7.927405862385324e+39	8.177419728549804e+39	3.034518652594779e+39	3.665038315780178e+39	4.162850572572103e+39	4.7214196650700697e+39
215367.7634976491	1.5870758872233121e+40	1.8169520146148224e+39	2.1976159919420244e+39	2.6388478243860654e+39	2.939634131691819e+39	3.376867117812745e+39	4.9147531340333506e+39	5.94704008332586e+39	6.471439835462892e+39	2.5274586904308278e+39	3.031206125366838e+39	3.376867117812745e+39	3.7268060558434935e+39
233933.76180619118	1.289615810424552e+40	1.4877195288456298e+39	1.808405785819485e+39	2.1822396106631418e+39	2.4331654522344304e+39	2.7687463267187694e+39	3.7167609866507326e+39	4.427354929776989e+39	5.008237295640938e+39	2.0879566578796e+39	2.507289691623191e+39	2.7687463267187694e+39	3.000273517288986e+39
255246.79516912714	1.0426337546854906e+40	1.2034329503630989e+39	1.4707607711546313e+39	1.785969740702784e+39	1.9985405848761365e+39	2.2736003942713158e+39	2.868507317396788e+39	3.3034144144911437e+39	3.799064733186106e+39	1.7061430487757076e+39	2.0608780044670428e+39	2.2736003942713158e+39	2.442745534154176e+39
279917.96685844864	8.379341660611798e+39	9.599446639439122e+38	1.179927351166323e+39	1.4428135360259912e+39	1.6225034209091653e+39	1.855322730895592e+39	2.2601518060604593e+39	2.4957943633550957e+39	2.8400711262903186e+39	1.3758342427128624e+39	1.6754737176030758e+39	1.855322730895592e+39	1.9914992142456995e+39
308745.6475813022	6.685696030311822e+39	7.533908725128654e+38	9.316748851329581e+38	1.1477218851136164e+39	1.2978417307566213e+39	1.495750190126074e+39	1.8056258581552887e+39	1.921424145388996e+39	2.111046406314076e+39	1.0923114143211042e+39	1.3425445451087296e+39	1.495750190126074e+39	1.6116004299504464e+39
342790.6174228097	5.2870457054880137e+39	5.801567245986347e+38	7.220990064228972e+38	8.965057166540568e+38	1.019788661075048e+39	1.1860397904222286e+39	1.4462885079663753e+39	1.5051398118845797e+39	1.5771956311722683e+39	8.51473271181568e+38	1.0569222568224659e+39	1.1860397904222286e+39	1.2858106545733304e+39
383489.4671534178	4.134855459899722e+39	4.368487487811599e+38	5.4754226631470545e+38	6.853748033426857e+38	7.844886156950895e+38	9.21342327298446e+38	1.1480500102845354e+39	1.1885528956764395e+39	1.1944766007414846e+39	6.495486767127098e+38	8.146895829970958e+38	9.21342327298446e+38	1.0061366324568225e+39
432830.4824252815	3.189146964659291e+39	3.2026252068928062e+38	4.045349955447268e+38	5.107613707160727e+38	5.8843961697616414e+38	6.982240838412638e+38	8.9429923660286e+38	9.334812314869598e+38	9.176370171956037e+38	4.8297268493437824e+38	6.123794519590186e+38	6.982240838412638e+38	7.684748628221375e+38
493635.05940871016	2.4172487418344415e+39	2.273439049494012e+38	2.8973471750752297e+38	3.6921009989346095e+38	4.282671770685142e+38	5.136451423108205e+38	6.7821270624455206e+38	7.195344507569703e+38	7.084330735954754e+38	3.482944610413464e+38	4.466703080453917e+38	5.136451423108205e+38	5.699833207816866e+38
570024.3430385127	1.7900673280098273e+39	1.5514841269882124e+38	1.99865633722799e+38	2.57281650155428e+38	3.005825634272766e+38	3.6456239862212526e+38	4.970912776229934e+38	5.381659108208851e+38	5.406308181108564e+38	2.4209156046722842e+38	3.142196777818389e+38	3.6456239862212526e+38	4.080235252503374e+38
658242.7537191649	1.293685278733301e+39	9.70041904305085e+37	1.2729104908427168e+38	1.663730326885331e+38	1.96313094023606e+38	2.4172466081392574e+38	3.44154684937902e+38	3.8343832150956584e+38	4.01838728861369e+38	1.5598171364136857e+38	2.0586096506142596e+38	2.4172466081392574e+38	2.7366624538453364e+38
760122.5877892791	9.336146042893717e+38	5.94867530558719e+37	7.993500152608023e+37	1.0629738121529029e+38	1.2666842304378204e+38	1.5818400164704658e+38	2.3425881419416373e+38	2.6796545573500802e+38	2.9316285470601962e+38	9.927470363177456e+37	1.3322330854689122e+38	1.5818400164704658e+38	1.809788310347964e+38
877780.310719972	6.7244691997448866e+38	3.5523760802711826e+37	4.927086044127205e+37	6.694658576256761e+37	8.063509203850845e+37	1.0209488797234043e+38	1.5681834091066362e+38	1.837958368713815e+38	2.0949138558020907e+38	6.224064265251201e+37	8.506309736594728e+37	1.0209488797234043e+38	1.1796183056724193e+38
1013660.292695876	4.83242632483424e+38	2.0524173165863065e+37	2.969201065621024e+37	4.1502312659457866e+37	5.062908819224273e+37	6.502837220007638e+37	1.0335210966589226e+38	1.2387221396045015e+38	1.4667325769720619e+38	3.8362722172999e+37	5.358617150513064e+37	6.502837220007638e+37	7.584403210461626e+37
1170585.6091205776	3.4643399870499455e+38	1.1380991953175708e+37	1.7397182067159046e+37	2.5256501932061392e+37	3.131831781430961e+37	4.0884708455518036e+37	6.712970190227976e+37	8.21321935931538e+37	1.0072622392488901e+38	2.3167018150058287e+37	3.328000429495272e+37	4.0884708455518036e+37	4.813525893911382e+37
1351816.711554086	2.4774244943634587e+38	6.000134404174064e+36	9.840026786891402e+36	1.5023800278136747e+37	1.9040665426330906e+37	2.536237448682483e+37	4.301385724578183e+37	5.363587462229978e+37	6.793615805423046e+37	1.3639052377616816e+37	2.0338302003869407e+37	2.536237448682483e+37	3.0165659682880183e+37
1561119.1884244704	1.767311097267749e+38	2.975325901174622e+36	5.32606862155784e+36	8.683831052061609e+36	1.133308682279375e+37	1.550084347016234e+37	2.721291360591258e+37	3.4536019984770206e+37	4.505991812779016e+37	7.775894968781962e+36	1.2189884105359435e+37	1.550084347016234e+37	1.8661207650631756e+37
1802842.023762624	1.2577303744916163e+38	1.3711687805385182e+36	2.730917714577108e+36	4.8401600793694063e+36	6.566828274792137e+36	9.307307245616796e+36	1.7009228799119977e+37	2.1948258680494276e+37	2.9427461775576735e+37	4.2575728935362355e+36	7.129640777670005e+36	9.307307245616796e+36	1.1381072208178617e+37
2082007.9803835466	8.930328154919184e+37	5.795539807005279e+35	1.3114091089866603e+36	2.5777250383337655e+36	3.677196893079104e+36	5.465754586096765e+36	1.0505230329506925e+37	1.3778924018891063e+37	1.894513340346767e+37	2.216995652107591e+36	4.0419785484400467e+36	5.465754586096765e+36	6.824876249046586e+36
2404417.9859135263	6.32710157986913e+37	2.214416990386656e+35	5.823757911271683e+35	1.2978960410316204e+36	1.9721555509832526e+36	3.119769051960795e+36	6.407151516300623e+36	8.550281972850362e+36	1.203641362791061e+37	1.0857264109764433e+36	2.202555702961175e+36	3.119769051960795e+36	4.006965557108809e+36
2776771.691076799	4.473599828154144e+37	7.528430837952219e+34	2.3587662646390778e+35	6.105381918567992e+35	1.0025454807929904e+36	1.717028758087436e+36	3.851985143860159e+36	5.244975923028876e+36	7.55398537281066e+36	4.939171431177686e+35	1.1422268528781848e+36	1.717028758087436e+36	2.289361839909989e+36
3206806.7057556408	3.1570726530940277e+37	2.238060683442759e+34	8.582333573839206e+34	2.648355895544897e+35	4.7743532514002194e+35	9.025261198734118e+35	2.2752436933726652e+36	3.178288674418955e+36	4.686857814705407e+36	2.059070177257752e+35	5.5739942170636894e+35	9.025261198734118e+35	1.2629736242419466e+36
3703459.406509419	2.224070045659273e+37	5.707365858766609e+33	2.7591032287296023e+34	1.0443038340543406e+35	2.102604359802394e+35	4.481245221231604e+35	1.3136998761697302e+36	1.89885493797343e+36	2.8761573182771286e+36	7.750643700347195e+34	2.5277270506547095e+35	4.481245221231604e+35	6.664244748330045e+35
4277050.657548033	1.5642649761867453e+37	1.2223339293401044e+33	7.696148245247822e+33	3.685527205180849e+34	8.443098441788567e+34	2.076232762116021e+35	7.36369098271036e+35	1.1146044293564496e+36	1.7454171895348016e+36	2.591973264059199e+34	1.050729225630868e+35	2.076232762116021e+35	3.327008961889466e+35
