#t	Le	U	B	V	R	I	J	H	K	g	r	i	z
#----------------------------------------------- 
3.222521072820162	0.0	0.0	0.0	0.0	0.0	0.0	0.0	0.0	0.0	0.0	0.0	0.0	0.0
3.300556743371056	0.0	0.0	0.0	0.0	0.0	0.0	0.0	0.0	0.0	0.0	0.0	0.0	0.0
3.4564905475284924	0.0	0.0	0.0	0.0	0.0	0.0	0.0	0.0	0.0	0.0	0.0	0.0	0.0
3.6405922092604115	0.0	0.0	0.0	0.0	0.0	0.0	0.0	0.0	0.0	0.0	0.0	0.0	0.0
3.842245518185469	0.0	0.0	0.0	0.0	0.0	0.0	0.0	0.0	0.0	0.0	0.0	0.0	0.0
4.059980284244549	0.0	0.0	0.0	0.0	0.0	0.0	0.0	0.0	0.0	0.0	0.0	0.0	0.0
4.294078627688754	0.0	0.0	0.0	0.0	0.0	0.0	0.0	0.0	0.0	0.0	0.0	0.0	0.0
4.545340586892602	0.0	0.0	0.0	0.0	0.0	0.0	0.0	0.0	0.0	0.0	0.0	0.0	0.0
4.81478866234758	0.0	0.0	0.0	0.0	0.0	0.0	0.0	0.0	0.0	0.0	0.0	0.0	0.0
5.1035748300126915	0.0	0.0	0.0	0.0	0.0	0.0	0.0	0.0	0.0	0.0	0.0	0.0	0.0
5.412945143712178	0.0	0.0	0.0	0.0	0.0	0.0	0.0	0.0	0.0	0.0	0.0	0.0	0.0
5.744224092765025	0.0	0.0	0.0	0.0	0.0	0.0	0.0	0.0	0.0	0.0	0.0	0.0	0.0
6.098806632101615	0.0	0.0	0.0	0.0	0.0	0.0	0.0	0.0	0.0	0.0	0.0	0.0	0.0
6.478153410037278	0.0	0.0	0.0	0.0	0.0	0.0	0.0	0.0	0.0	0.0	0.0	0.0	0.0
6.883787338989766	0.0	0.0	0.0	0.0	0.0	0.0	0.0	0.0	0.0	0.0	0.0	0.0	0.0
7.3172906725249485	0.0	0.0	0.0	0.0	0.0	0.0	0.0	0.0	0.0	0.0	0.0	0.0	0.0
7.780302190201563	0.0	0.0	0.0	0.0	0.0	0.0	0.0	0.0	0.0	0.0	0.0	0.0	0.0
8.274514298965903	0.0	0.0	0.0	0.0	0.0	0.0	0.0	0.0	0.0	0.0	0.0	0.0	0.0
8.801669967833947	0.0	0.0	0.0	0.0	0.0	0.0	0.0	0.0	0.0	0.0	0.0	0.0	0.0
9.36355947506929	0.0	0.0	0.0	0.0	0.0	0.0	0.0	0.0	0.0	0.0	0.0	0.0	0.0
9.962016986689399	0.0	0.0	0.0	0.0	0.0	0.0	0.0	0.0	0.0	0.0	0.0	0.0	0.0
10.598917012589308	0.0	0.0	0.0	0.0	0.0	0.0	0.0	0.0	0.0	0.0	0.0	0.0	0.0
11.27617080592154	0.0	0.0	0.0	0.0	0.0	0.0	0.0	0.0	0.0	0.0	0.0	0.0	0.0
11.995722784720007	0.0	0.0	0.0	0.0	0.0	0.0	0.0	0.0	0.0	0.0	0.0	0.0	0.0
12.759547063037576	0.0	0.0	0.0	0.0	0.0	0.0	0.0	0.0	0.0	0.0	0.0	0.0	0.0
13.569644182107996	0.0	0.0	0.0	0.0	0.0	0.0	0.0	0.0	0.0	0.0	0.0	0.0	0.0
14.428038130775706	0.0	0.0	0.0	0.0	0.0	0.0	0.0	0.0	0.0	0.0	0.0	0.0	0.0
15.336773738884304	0.0	0.0	0.0	0.0	0.0	0.0	0.0	0.0	0.0	0.0	0.0	0.0	0.0
16.297914518273306	0.0	0.0	0.0	0.0	0.0	0.0	0.0	0.0	0.0	0.0	0.0	0.0	0.0
17.31354101377542	0.0	0.0	0.0	0.0	0.0	0.0	0.0	0.0	0.0	0.0	0.0	0.0	0.0
18.385749712478656	0.0	0.0	0.0	0.0	0.0	0.0	0.0	0.0	0.0	0.0	0.0	0.0	0.0
19.516652544449908	0.0	0.0	0.0	0.0	0.0	0.0	0.0	0.0	0.0	0.0	0.0	0.0	0.0
20.70837699225686	0.0	0.0	0.0	0.0	0.0	0.0	0.0	0.0	0.0	0.0	0.0	0.0	0.0
21.963066812168577	0.0	0.0	0.0	0.0	0.0	0.0	0.0	0.0	0.0	0.0	0.0	0.0	0.0
23.282883356240887	0.0	0.0	0.0	0.0	0.0	0.0	0.0	0.0	0.0	0.0	0.0	0.0	0.0
24.670007473146015	0.0	0.0	0.0	0.0	0.0	0.0	0.0	0.0	0.0	0.0	0.0	0.0	0.0
26.126641956255288	0.0	0.0	0.0	0.0	0.0	0.0	0.0	0.0	0.0	0.0	0.0	0.0	0.0
27.655014500847138	0.0	0.0	0.0	0.0	0.0	0.0	0.0	0.0	0.0	0.0	0.0	0.0	0.0
29.257381128026932	0.0	0.0	0.0	0.0	0.0	0.0	0.0	0.0	0.0	0.0	0.0	0.0	0.0
30.936030031175413	0.0	0.0	0.0	0.0	0.0	0.0	0.0	0.0	0.0	0.0	0.0	0.0	0.0
32.69328580060659	0.0	0.0	0.0	0.0	0.0	0.0	0.0	0.0	0.0	0.0	0.0	0.0	0.0
34.53151398452788	0.0	0.0	0.0	0.0	0.0	0.0	0.0	0.0	0.0	0.0	0.0	0.0	0.0
36.45312594749508	0.0	0.0	0.0	0.0	0.0	0.0	0.0	0.0	0.0	0.0	0.0	0.0	0.0
38.460583992222844	0.0	0.0	0.0	0.0	0.0	0.0	0.0	0.0	0.0	0.0	0.0	0.0	0.0
40.556406715805394	0.0	0.0	0.0	0.0	0.0	0.0	0.0	0.0	0.0	0.0	0.0	0.0	0.0
42.74317457713156	0.0	0.0	0.0	0.0	0.0	0.0	0.0	0.0	0.0	0.0	0.0	0.0	0.0
45.02353565804733	0.0	0.0	0.0	0.0	0.0	0.0	0.0	0.0	0.0	0.0	0.0	0.0	0.0
47.400211606857816	0.0	0.0	0.0	0.0	0.0	0.0	0.0	0.0	0.0	0.0	0.0	0.0	0.0
49.87600375831013	0.0	0.0	0.0	0.0	0.0	0.0	0.0	0.0	0.0	0.0	0.0	0.0	0.0
52.4537994295252	0.0	0.0	0.0	0.0	0.0	0.0	0.0	0.0	0.0	0.0	0.0	0.0	0.0
55.136578396654606	0.0	0.0	0.0	0.0	0.0	0.0	0.0	0.0	0.0	0.0	0.0	0.0	0.0
57.92741956139522	0.0	0.0	0.0	0.0	0.0	0.0	0.0	0.0	0.0	0.0	0.0	0.0	0.0
60.82950782105929	0.0	0.0	0.0	0.0	0.0	0.0	0.0	0.0	0.0	0.0	0.0	0.0	0.0
63.84614115965808	0.0	0.0	0.0	0.0	0.0	0.0	0.0	0.0	0.0	0.0	0.0	0.0	0.0
66.98073798113114	0.0	0.0	0.0	0.0	0.0	0.0	0.0	0.0	0.0	0.0	0.0	0.0	0.0
70.23684470930404	0.0	0.0	0.0	0.0	0.0	0.0	0.0	0.0	0.0	0.0	0.0	0.0	0.0
73.61814368213813	0.0	0.0	0.0	0.0	0.0	0.0	0.0	0.0	0.0	0.0	0.0	0.0	0.0
77.12846137098425	0.0	0.0	0.0	0.0	0.0	0.0	0.0	0.0	0.0	0.0	0.0	0.0	0.0
80.77177695831716	0.0	0.0	0.0	0.0	0.0	0.0	0.0	0.0	0.0	0.0	0.0	0.0	0.0
84.55223131073478	0.0	0.0	0.0	0.0	0.0	0.0	0.0	0.0	0.0	0.0	0.0	0.0	0.0
88.47413638884282	0.0	0.0	0.0	0.0	0.0	0.0	0.0	0.0	0.0	0.0	0.0	0.0	0.0
92.54198513050424	0.0	0.0	0.0	0.0	0.0	0.0	0.0	0.0	0.0	0.0	0.0	0.0	0.0
96.76046185714519	0.0	0.0	0.0	0.0	0.0	0.0	0.0	0.0	0.0	0.0	0.0	0.0	0.0
101.13445325000546	0.0	0.0	0.0	0.0	0.0	0.0	0.0	0.0	0.0	0.0	0.0	0.0	0.0
105.66905994860637	0.0	0.0	0.0	0.0	0.0	0.0	0.0	0.0	0.0	0.0	0.0	0.0	0.0
110.36960882756789	0.0	0.0	0.0	0.0	0.0	0.0	0.0	0.0	0.0	0.0	0.0	0.0	0.0
115.24166601206156	0.0	0.0	0.0	0.0	0.0	0.0	0.0	0.0	0.0	0.0	0.0	0.0	0.0
120.29105069684711	0.0	0.0	0.0	0.0	0.0	0.0	0.0	0.0	0.0	0.0	0.0	0.0	0.0
125.52384983878213	0.0	0.0	0.0	0.0	0.0	0.0	0.0	0.0	0.0	0.0	0.0	0.0	0.0
130.94643379784281	0.0	0.0	0.0	0.0	0.0	0.0	0.0	0.0	0.0	0.0	0.0	0.0	0.0
136.56547300450615	0.0	0.0	0.0	0.0	0.0	0.0	0.0	0.0	0.0	0.0	0.0	0.0	0.0
142.38795574648208	0.0	0.0	0.0	0.0	0.0	0.0	0.0	0.0	0.0	0.0	0.0	0.0	0.0
148.4212071756443	0.0	0.0	0.0	0.0	0.0	0.0	0.0	0.0	0.0	0.0	0.0	0.0	0.0
154.67290963669714	0.0	0.0	0.0	0.0	0.0	0.0	0.0	0.0	0.0	0.0	0.0	0.0	0.0
161.15112443250624	0.0	0.0	0.0	0.0	0.0	0.0	0.0	0.0	0.0	0.0	0.0	0.0	0.0
167.86431514925619	0.0	0.0	0.0	0.0	0.0	0.0	0.0	0.0	0.0	0.0	0.0	0.0	0.0
174.82137267776147	0.0	0.0	0.0	0.0	0.0	0.0	0.0	0.0	0.0	0.0	0.0	0.0	0.0
182.03164207651207	0.0	0.0	0.0	0.0	0.0	0.0	0.0	0.0	0.0	0.0	0.0	0.0	0.0
189.50495144722484	0.0	0.0	0.0	0.0	0.0	0.0	0.0	0.0	0.0	0.0	0.0	0.0	0.0
197.25164300094644	0.0	0.0	0.0	0.0	0.0	0.0	0.0	0.0	0.0	0.0	0.0	0.0	0.0
205.28260651346332	0.0	0.0	0.0	0.0	0.0	0.0	0.0	0.0	0.0	0.0	0.0	0.0	0.0
213.60931538371355	0.0	0.0	0.0	0.0	0.0	0.0	0.0	0.0	0.0	0.0	0.0	0.0	0.0
222.24386554298343	0.0	0.0	0.0	0.0	0.0	0.0	0.0	0.0	0.0	0.0	0.0	0.0	0.0
231.19901747884157	0.0	0.0	0.0	0.0	0.0	0.0	0.0	0.0	0.0	0.0	0.0	0.0	0.0
240.48824166917393	0.0	0.0	0.0	0.0	0.0	0.0	0.0	0.0	0.0	0.0	0.0	0.0	0.0
250.1257677521955	0.0	0.0	0.0	0.0	0.0	0.0	0.0	0.0	0.0	0.0	0.0	0.0	0.0
260.1266377973173	0.0	0.0	0.0	0.0	0.0	0.0	0.0	0.0	0.0	0.0	0.0	0.0	0.0
270.50676406762193	0.0	0.0	0.0	0.0	0.0	0.0	0.0	0.0	0.0	0.0	0.0	0.0	0.0
281.2829917355969	0.0	0.0	0.0	0.0	0.0	0.0	0.0	0.0	0.0	0.0	0.0	0.0	0.0
292.47316705122097	0.0	0.0	0.0	0.0	0.0	0.0	0.0	0.0	0.0	0.0	0.0	0.0	0.0
304.09621151158717	0.0	0.0	0.0	0.0	0.0	0.0	0.0	0.0	0.0	0.0	0.0	0.0	0.0
316.1722026598168	0.0	0.0	0.0	0.0	0.0	0.0	0.0	0.0	0.0	0.0	0.0	0.0	0.0
328.7224622172222	0.0	0.0	0.0	0.0	0.0	0.0	0.0	0.0	0.0	0.0	0.0	0.0	0.0
341.7696523184565	0.0	0.0	0.0	0.0	0.0	0.0	0.0	0.0	0.0	0.0	0.0	0.0	0.0
355.3378807345821	0.0	0.0	0.0	0.0	0.0	0.0	0.0	0.0	0.0	0.0	0.0	0.0	0.0
369.45281607027795	0.0	0.0	0.0	0.0	0.0	0.0	0.0	0.0	0.0	0.0	0.0	0.0	0.0
384.1418140550833	0.0	0.0	0.0	0.0	0.0	0.0	0.0	0.0	0.0	0.0	0.0	0.0	0.0
399.43405618120335	0.0	0.0	0.0	0.0	0.0	0.0	0.0	0.0	0.0	0.0	0.0	0.0	0.0
415.3607021233105	0.0	0.0	0.0	0.0	0.0	0.0	0.0	0.0	0.0	0.0	0.0	0.0	0.0
431.955057531641	0.0	0.0	0.0	0.0	0.0	0.0	0.0	0.0	0.0	0.0	0.0	0.0	0.0
449.25275900098353	0.0	0.0	0.0	0.0	0.0	0.0	0.0	0.0	0.0	0.0	0.0	0.0	0.0
467.3068613450188	0.0	0.0	0.0	0.0	0.0	0.0	0.0	0.0	0.0	0.0	0.0	0.0	0.0
486.158405862867	0.0	0.0	0.0	0.0	0.0	0.0	0.0	0.0	0.0	0.0	0.0	0.0	0.0
505.85152582471125	0.0	0.0	0.0	0.0	0.0	0.0	0.0	0.0	0.0	0.0	0.0	0.0	0.0
526.4337294802845	5.500131174654049e+30	1.806402731937471e+27	1.0016498203925639e+27	5.185426759052963e+26	3.311496967594917e+26	1.7733706596615666e+26	4.420935293953521e+25	2.167842023133433e+25	8.149849336194647e+24	6.120074162001879e+26	2.8911822580614335e+26	1.7733706596615666e+26	1.1649489019019491e+26
547.9562149540301	7.547727881104409e+31	2.7317052557254416e+28	1.515371412404502e+28	7.847872986009168e+27	5.01283858613639e+27	2.6851283226919164e+27	6.696496186474229e+26	3.284133302879928e+26	1.234821897548983e+26	9.261606757155969e+27	4.376832338013942e+27	2.6851283226919164e+27	1.764135411748767e+27
570.4742213087767	8.192494046851674e+32	3.199543588721459e+29	1.7755054528255675e+29	9.19787944467567e+28	5.876161929030336e+28	3.148189686836257e+28	7.85378825881093e+27	3.852126669289206e+27	1.4485512680849642e+27	1.0854042522038916e+29	5.130860638376496e+28	3.148189686836257e+28	2.0685968663713033e+28
594.0474206898585	7.222707832147578e+33	3.115685002947004e+30	1.7297691660595614e+30	8.964642860380069e+29	5.728477422408073e+29	3.069884516583023e+29	7.661667139793697e+28	3.758457485631948e+28	1.4135462429107369e+28	1.0577805532495917e+30	5.0022224941082175e+29	3.069884516583023e+29	2.017445681627248e+29
618.7403572357723	5.45774306566639e+34	2.5737829562638247e+31	1.4295279366857906e+31	7.4114576322447e+30	4.7369928579505767e+30	2.539176142907259e+30	6.339626200517248e+29	3.1103570471517322e+29	1.1699647467521515e+29	8.744359227467533e+30	4.1366795022772674e+30	2.539176142907259e+30	1.6689093610959685e+30
644.6229392800668	3.4676199417533614e+35	1.8103180015303666e+32	1.0059943218941153e+32	5.217984546465266e+31	3.335889069013951e+31	1.7886623958625965e+31	4.467858642916039e+30	2.1923865146447812e+30	8.248082832752567e+29	6.155764466554559e+31	2.913336690729565e+31	1.7886623958625965e+31	1.175815758091679e+31
671.7709925846984	1.922700587533494e+36	1.1040679056006506e+33	6.138326643584685e+32	3.1852812211313087e+32	2.0368688634683405e+32	1.09245301371443e+32	2.730034012993833e+31	1.3398454994351176e+31	5.041523108666236e+30	3.7573630451037275e+32	1.7789805328504193e+32	1.09245301371443e+32	7.182614045937709e+31
700.2668833823011	9.212660324069528e+36	5.867006452872499e+33	3.263709597747688e+33	1.694431482094448e+33	1.0838252618305578e+33	5.814835609138103e+32	1.4538563573093768e+32	7.136509057977832e+31	2.6857956634628465e+31	1.998526924845497e+33	9.46673284826305e+32	5.814835609138103e+32	3.8237964922711434e+32
730.2002215907191	3.9186375787167707e+37	2.755576245017432e+34	1.5337222579273031e+34	7.966593146936018e+33	5.0971464300126095e+33	2.735538681645796e+33	6.842963375033179e+32	3.3595851733499454e+32	1.2645975742757186e+32	9.395276123817689e+33	4.4524646358390503e+33	2.735538681645796e+33	1.799190881713747e+33
761.6686567574409	1.4716352785921507e+38	1.149593616559979e+35	6.402393572828948e+34	3.3273874555958717e+34	2.1295563531635933e+34	1.143289916298159e+34	2.8615209389352364e+33	1.405151792589923e+33	5.290265388094067e+32	3.9236135436394156e+34	1.8603656496469097e+34	1.143289916298159e+34	7.520999882891483e+33
794.7787371707891	4.981489773933334e+38	4.309690873235491e+35	2.401653289817729e+35	1.248844874667218e+35	7.995151201574593e+34	4.293848139998096e+34	1.0752968796256653e+34	5.281292778170043e+33	1.988761352611101e+33	1.472437305855285e+35	6.985089377994275e+34	4.293848139998096e+34	2.8252144460676656e+34
829.6470996472375	1.5149920104380345e+39	1.4585163126135866e+36	8.133270077875066e+35	4.231764069296478e+35	2.7100898055321223e+35	1.4560283244348203e+35	3.648494706688945e+34	1.792332441365765e+34	6.750825223890152e+33	4.988734986179055e+35	2.3679266515786666e+35	1.4560283244348203e+35	9.582251461832495e+34
866.4014948105976	4.207101471520414e+39	4.4979936066077264e+36	2.509969761509642e+36	1.3067367238495812e+36	8.371384558919234e+35	4.499382297981115e+35	1.1281429726618755e+35	5.543241234407082e+34	2.088333214147038e+34	1.5402689013160776e+36	7.315127855678897e+35	4.499382297981115e+35	2.9617301008863617e+35
905.1821425485912	1.063978808955027e+40	1.2686388785532534e+37	7.084480600477048e+36	3.6907341716375426e+36	2.3652717037890807e+36	1.271803534238365e+36	3.190953709721433e+35	1.5682765965302897e+35	5.909685227909192e+34	4.349663701538438e+36	2.067040695298163e+36	1.271803534238365e+36	8.373658207012588e+35
946.1432772563309	2.6219995743644307e+40	3.3461583939458704e+37	1.869488567995293e+37	9.743413964606455e+36	6.245710074927686e+36	3.3592230033554456e+36	8.43189911278496e+35	4.144703860036579e+35	1.5620795885250688e+35	1.148185025663054e+37	5.458555370902709e+36	3.3592230033554456e+36	2.2120761323773552e+36
989.4549211418076	6.256528250128119e+40	8.259832159357656e+37	4.615858090261501e+37	2.406213291396032e+37	1.5426124592279185e+37	8.298007718486839e+36	2.0833151092153116e+36	1.0241335046066713e+36	3.860119554727825e+35	2.8353938852613802e+37	1.348239104942072e+37	8.298007718486839e+36	5.464728946012715e+36
1035.3049290036188	1.2368452891717957e+41	1.8286837053118792e+38	1.022775916595709e+38	5.335596182834871e+37	3.4220355592360494e+37	1.8416521704900563e+37	4.627149748413532e+36	2.2752558266222195e+36	8.578137138602547e+35	6.286204767780856e+37	2.9911854705479877e+37	1.8416521704900563e+37	1.2131588650910807e+37
1083.901355830932	2.353300511774898e+41	3.780739319042223e+38	2.11589086012765e+38	1.1044343103874471e+38	7.085614958679521e+37	3.8146739607998473e+37	9.589818687173135e+36	4.7164427132893764e+36	1.778555604396852e+36	1.3010361584831217e+38	6.194032155315158e+37	3.8146739607998473e+37	2.5133627341352263e+37
1135.4752083331734	3.879798481909433e+41	7.06208317445194e+38	3.956207528079619e+38	2.0668434121640886e+38	1.3266550628872168e+38	7.146328406407633e+37	1.7981335126819354e+37	8.846322457510946e+36	3.337001663529146e+36	2.4342732880039604e+38	1.1598768931673053e+38	7.146328406407633e+37	4.709965670045605e+37
1190.2836556826687	5.853264670401599e+41	1.2030638246032247e+39	6.746421390845624e+38	3.527699007415073e+38	2.2654732516816642e+38	1.2210507371749974e+38	3.0751476243704453e+37	1.5133730473791286e+37	5.710616628806105e+36	4.153974435589083e+38	1.980942717753471e+38	1.2210507371749974e+38	8.050226922849124e+37
1248.6137929079346	7.580000398905099e+41	1.8238434196870083e+39	1.024172095261524e+39	5.361967117891978e+38	3.445786618555803e+38	1.8586806572192778e+38	4.686780190608762e+37	2.3075162950901543e+37	8.711191982526569e+36	6.3121023179217316e+38	3.013576294146464e+38	1.8586806572192778e+38	1.2259424701494013e+38
1310.7870672511267	8.719706764317313e+41	2.4750664531737127e+39	1.3920133787066038e+39	7.297766596464536e+38	4.6933772656065204e+38	2.5338620502788767e+38	6.398115162367856e+37	3.151622067649901e+37	1.1903784122338804e+37	8.588220682051816e+38	4.1055322217487856e+38	2.5338620502788767e+38	1.672095791988542e+38
1377.1645090242648	8.990020422738323e+41	3.0261500936330496e+39	1.7048627969756307e+39	8.951463602286379e+38	5.761764181414751e+38	3.1136785219891096e+38	7.874157443561972e+37	3.880787241628084e+37	1.4665982995069545e+37	1.0530676456643833e+39	5.041259804320267e+38	3.1136785219891096e+38	2.0558286122046303e+38
1448.1529418596995	1.0174354539266083e+42	3.595344196391615e+39	2.026550264574814e+39	1.0645229753255598e+39	6.853679032326748e+38	3.704805237477557e+38	9.373232655448786e+37	4.62033587823383e+37	1.7463660013955031e+37	1.2521979011154518e+39	5.9970346576604166e+38	3.704805237477557e+38	2.4465120229625618e+38
1524.2120181595465	9.132307608869905e+41	3.881280990688179e+39	2.192150727041971e+39	1.1535747971993974e+39	7.434410773158054e+38	4.023320792459478e+38	1.0197367568422207e+38	5.029761573112944e+37	1.902357500138786e+37	1.3563922842381324e+39	6.5069415137514044e+38	4.023320792459478e+38	2.658542941446272e+38
1605.8638701671898	8.676696419295897e+41	4.261694444449764e+39	2.4110911422519353e+39	1.2706910989131765e+39	8.196005237049316e+38	4.43971856258115e+38	1.1269638462644482e+38	5.561590928866615e+37	2.1046504341111981e+37	1.4935861030227426e+39	7.175148323934112e+38	4.43971856258115e+38	2.935255989779131e+38
1694.098437698748	8.003318451286453e+41	4.7155415027503903e+39	2.6739580553753516e+39	1.4120736186933474e+39	9.118130608306421e+38	4.945578735322285e+38	1.2579007553513038e+38	6.212177247124608e+37	2.352565501841189e+37	1.6590013222274915e+39	7.984848232874897e+38	4.945578735322285e+38	3.2720413931612967e+38
1789.6788861714913	8.258915406840134e+41	5.502228612990126e+39	3.125598023469435e+39	1.6531705412519436e+39	1.068425819040478e+39	5.8008256454562615e+38	1.4777446088530792e+38	7.301913229743807e+37	2.7668206078220504e+37	1.9415598174014905e+39	9.358539331099167e+38	5.8008256454562615e+38	3.8400199189701045e+38
1893.4542208836954	9.165459275183316e+41	6.684414261992932e+39	3.801487481499059e+39	2.0126806172913736e+39	1.3014975727220379e+39	7.070755748988337e+38	1.8030532364503766e+38	8.91247319144907e+37	3.378306328335614e+37	2.3632408092041045e+39	1.1401781878672746e+39	7.070755748988337e+38	4.6823482768784335e+38
2006.4821243887443	8.792569341167472e+41	7.720497214550565e+39	4.4030045303331005e+39	2.3369021611476608e+39	1.5132186289968112e+39	8.23385901712727e+38	2.104789031168101e+38	1.0412911393170474e+38	3.9505436630813604e+37	2.742385915272774e+39	1.3261481572682e+39	8.23385901712727e+38	5.457321201887739e+38
2130.030533175986	9.377849874632594e+41	9.105222432982056e+39	5.201743002053991e+39	2.765067152337597e+39	1.79198919119068e+39	9.760219192452076e+38	2.4987650564441686e+38	1.236862833749408e+38	4.6951010541409835e+37	3.2437048065123515e+39	1.5708180308712883e+39	9.760219192452076e+38	6.472482248453057e+38
2264.6471060395365	9.310008223308697e+41	1.0543229279612601e+40	6.038343642305457e+39	3.2168411126671666e+39	2.0873111797180108e+39	1.138454039843635e+39	2.920950371940463e+38	1.4469432386583496e+38	5.496859072478479e+37	3.77178340307393e+39	1.830294476436749e+39	1.138454039843635e+39	7.555491551291697e+38
2412.4054288600005	8.876445181584048e+41	1.2017041768045955e+40	6.905304897768455e+39	3.6894524943990366e+39	2.3978382536850375e+39	1.3102360380529714e+39	3.3713854384930056e+38	1.6717631181771528e+38	6.357524393074448e+37	4.323038685743924e+39	2.1035058644223404e+39	1.3102360380529714e+39	8.704468755398604e+38
2574.9289968612147	9.441272825183502e+41	1.4227907555851874e+40	8.19390040952986e+39	4.386496115919353e+39	2.8539365624091484e+39	1.561385207561299e+39	4.025362884808473e+38	1.997399282143249e+38	7.601146685028311e+37	5.1374894750741307e+39	2.5043517144891697e+39	1.561385207561299e+39	1.0380081886582307e+39
2754.978371666132	9.147804366963201e+41	1.641011679090973e+40	9.483953750946301e+39	5.0927931985257863e+39	3.3191060577968485e+39	1.819408612554974e+39	4.7047584965481844e+38	2.336990005945553e+38	8.903111939486732e+37	5.960506015038451e+39	2.9138845129992284e+39	1.819408612554974e+39	1.2108464060640064e+39
2954.343969525181	9.520987392845207e+41	1.9362029064127456e+40	1.1223191870809983e+40	6.042449431845882e+39	3.9436785314566236e+39	2.1653235167856327e+39	5.6135592684769854e+38	2.7909125830883322e+38	1.064214102601598e+38	7.067760132636705e+39	3.463552233767422e+39	2.1653235167856327e+39	1.442370994840608e+39
3178.3637236620852	9.87914580510446e+41	2.2856653613239617e+40	1.3288511649800556e+40	7.173128507639864e+39	4.688372891647651e+39	2.5784352649321237e+39	6.701598916879435e+38	3.334827263693088e+38	1.2727761701525344e+38	8.385290026204203e+39	4.119188667006912e+39	2.5784352649321237e+39	1.719117482547335e+39
3429.199781140752	9.868625357008032e+41	2.68608412684752e+40	1.5679540789371214e+40	8.49365162414546e+39	5.562224851761979e+39	3.0657754386294886e+39	7.995535138653708e+38	3.983466188440896e+38	1.5221944793407649e+38	9.920990257714963e+39	4.8895133535154857e+39	3.0657754386294886e+39	2.0465396225229393e+39
3712.003620309004	9.526843197460046e+41	3.110199447126935e+40	1.8251265372006037e+40	9.932453665461302e+39	6.520964271179067e+39	3.6046101152280687e+39	9.443014556114006e+38	4.711980627712692e+38	1.803461283960565e+38	1.1589376869205563e+40	5.736236334715368e+39	3.6046101152280687e+39	2.4100888791140346e+39
4033.3196031669963	9.652947667367614e+41	3.670599584104179e+40	2.1644862847116946e+40	1.1829401983113837e+40	7.784506905019799e+39	4.3145019515877253e+39	1.1349269587079224e+39	5.671306702027083e+38	2.1738128554724256e+38	1.3789407428254293e+40	6.852048409737583e+39	4.3145019515877253e+39	2.888973248667657e+39
4401.682242887216	1.017226070343258e+42	4.415371422357578e+40	2.615152813193614e+40	1.434735649195785e+40	9.461387679604204e+39	5.2564747540475386e+39	1.3878414653375598e+39	6.944086752856705e+38	2.6651754205011417e+38	1.6709930872748661e+40	8.332810432598873e+39	5.2564747540475386e+39	3.524379015957087e+39
4828.404498807153	1.005567759943217e+42	5.2035222289801205e+40	3.1017971846551045e+40	1.7112453866327916e+40	1.1319393574738901e+40	6.310605305349991e+39	1.675108241613522e+39	8.39705452948025e+38	3.228957517299615e+38	1.990502821407143e+40	9.977429170568928e+39	6.310605305349991e+39	4.239278355067501e+39
5328.913438127733	1.0297297867560892e+42	6.233546370211435e+40	3.739355305892305e+40	2.0743493777971043e+40	1.376254395529149e+40	7.698895061615657e+39	2.0543903402903724e+39	1.0317144954850273e+39	3.9746808017616384e+38	2.4098444548118047e+40	1.214078928591818e+40	7.698895061615657e+39	5.181637175579158e+39
5924.734529989725	1.021632647564919e+42	7.406575244787078e+40	4.478773628074087e+40	2.50186748995584e+40	1.666217128276451e+40	9.361204361437358e+39	2.5145604438878836e+39	1.2657129024352278e+39	4.887560641684271e+38	2.9019113623371935e+40	1.471381337319608e+40	9.361204361437358e+39	6.315406196797616e+39
6646.977599061529	1.0280689447203337e+42	8.887921201069198e+40	5.421597841909731e+40	3.0514877382699526e+40	2.0406483327518573e+40	1.1518426407851394e+40	3.116231580147398e+39	1.5724505949839952e+39	6.087315711001959e+38	3.533342914224375e+40	1.804032365017827e+40	1.1518426407851394e+40	7.790715127036608e+39
7542.462713540503	1.043656841044315e+42	1.0706495009436095e+41	6.596256925233153e+40	3.744855324685176e+40	2.516180747444267e+40	1.4278689048689083e+40	3.8948181491120434e+39	1.9709068899107088e+39	7.651850857234264e+38	4.32768042381299e+40	2.227260890177049e+40	1.4278689048689083e+40	9.686140193832949e+39
8685.445402355603	1.1353767814704434e+42	1.3263418699908483e+41	8.249491397318159e+40	4.722254509008327e+40	3.187248720433632e+40	1.8179501372623488e+40	4.997876224409548e+39	2.5359501381213407e+39	9.872694567069384e+38	5.446950682739501e+40	2.8247108269529184e+40	1.8179501372623488e+40	1.236705683962613e+40
10202.477262718248	2.466855697374145e+42	2.0670952485918272e+41	1.2736235857002744e+41	7.234557708551734e+40	4.863224077908647e+40	2.761641863567723e+40	7.54304987669574e+39	3.8190938465033637e+39	1.4835963531160017e+39	8.359158619666884e+40	4.305445816561527e+40	2.761641863567723e+40	1.8742222349607007e+40
11984.548447061998	6.417217906522273e+42	3.9711354460642524e+41	2.4132237361926018e+41	1.3545506568610687e+41	9.04681362378857e+40	5.099967068863876e+40	1.377551265386984e+40	6.947936955648439e+39	2.6885823676118862e+39	1.5693510562776745e+41	7.995261787758433e+40	5.099967068863876e+40	3.4473137875570107e+40
14077.97087170713	9.549363554189391e+42	6.214816052846411e+41	3.781605504194993e+41	2.125003078927552e+41	1.4201175601881243e+41	8.011154309368217e+40	2.166181752519125e+40	1.0929547063260595e+40	4.2308890206204474e+39	2.4613544394507703e+41	1.2552568588338015e+41	8.011154309368217e+40	5.41717995602753e+40
16537.152565905013	9.074630060788201e+42	7.93307542302505e+41	4.9026838105255024e+41	2.7927318185694647e+41	1.8803769578456443e+41	1.0698278729466377e+41	2.9310311106879675e+40	1.4856233366961877e+40	5.777698291194958e+39	3.2247350446993445e+41	1.6654542681400198e+41	1.0698278729466377e+41	7.268345947983416e+40
19426.009462818154	6.620822701719423e+42	8.636623960674321e+41	5.493313566943938e+41	3.2095342854441847e+41	2.1914521120347235e+41	1.2668430927955576e+41	3.55732068997408e+40	1.818540356942119e+40	7.134196032976784e+39	3.684583484717664e+41	1.9483407191188777e+41	1.2668430927955576e+41	8.683063475035849e+40
22819.626652999825	3.9129690485117344e+42	7.847155156225431e+41	5.231215799571346e+41	3.187135100524697e+41	2.2274222427287813e+41	1.3224316977468e+41	3.870285479793975e+40	2.0071910454396721e+40	7.990269540702351e+39	3.623848118722846e+41	1.992886997487386e+41	1.3224316977468e+41	9.199169953009345e+40
26806.21029469809	2.2431774653661605e+42	5.664837788031926e+41	4.0680083126163574e+41	2.6524745268517024e+41	1.9258486829116646e+41	1.1946982753825039e+41	3.743123491429228e+40	1.9875835756136072e+40	8.103373823264249e+39	2.9689982166930062e+41	1.7410805947610706e+41	1.1946982753825039e+41	8.51586287865414e+40
31489.380651730517	1.011104023925554e+42	3.484912140888492e+41	2.7263064532443446e+41	1.9311090084589448e+41	1.4720420125730584e+41	9.67637767904512e+40	3.329286902219794e+40	1.8275744816259e+40	7.707997025007411e+39	2.1196793685792083e+41	1.3489545670072078e+41	9.67637767904512e+40	7.129002462739567e+40
36990.865860336824	6.197478782480524e+41	2.3178075981568343e+41	1.9551035778868897e+41	1.495386825657055e+41	1.1940747056102971e+41	8.3027347377618105e+40	3.1338045554429795e+40	1.778597099146415e+40	7.76269544929261e+39	1.6114567746175971e+41	1.1086007045762534e+41	8.3027347377618105e+40	6.31858247302423e+40
43453.6656895325	4.3469025308989895e+41	1.7490402849844286e+41	1.5537300114583933e+41	1.2575099182223802e+41	1.0422010727441555e+41	7.603501075850513e+40	3.12329942225942e+40	1.8292335581297566e+40	8.247353800846816e+39	1.3361431851182864e+41	9.78184697451353e+40	7.603501075850513e+40	5.956835092633422e+40
51045.769159193725	3.1506945882608366e+41	1.3325372032741467e+41	1.2724127902656645e+41	1.0941906023983637e+41	9.390625512499146e+40	7.156838637212409e+40	3.183876513886647e+40	1.92390864795578e+40	8.9657606956181e+39	1.1464960633857858e+41	8.901698902589465e+40	7.156838637212409e+40	5.758561007017794e+40
59964.52140768352	2.276971759641401e+41	8.9884114004178e+40	9.664493582490381e+40	9.160229826158144e+40	8.266496771651961e+40	6.6606278162560905e+40	3.238650068561674e+40	2.0231184712180934e+40	9.76562157759526e+39	9.393963029899771e+40	7.941032117141828e+40	6.6606278162560905e+40	5.527921866231331e+40
70441.75365971698	1.6206457470162835e+41	4.96220109714088e+40	6.253947629642894e+40	6.854155405066213e+40	6.68081804547296e+40	5.849100157055648e+40	3.206190498539641e+40	2.0863390448478683e+40	1.0501843535001216e+40	6.801990204290202e+40	6.548883470839196e+40	5.849100157055648e+40	5.071609480646325e+40
82749.80965455929	1.1354399903894761e+41	2.2215911109401668e+40	3.2631593101494267e+40	4.3101362890308717e+40	4.687073729867896e+40	4.637250088381491e+40	3.021599035317824e+40	2.0769651182190276e+40	1.1031176805955744e+40	4.0899854899432493e+40	4.732126321920291e+40	4.637250088381491e+40	4.288892982998678e+40
97208.62519088258	7.866843402384245e+40	9.629482632801067e+39	1.4068193384551027e+40	2.1914706712053547e+40	2.716030563717136e+40	3.160172113330086e+40	2.6290773561202107e+40	1.9514583052774672e+40	1.1146464096491711e+40	1.9822505096640737e+40	2.8479008156443517e+40	3.160172113330086e+40	3.1985293229534596e+40
114194.04482009738	5.423447119756983e+40	5.538202533496897e+39	6.148464878899353e+39	9.334016089674426e+39	1.2833492793467226e+40	1.7892490757359242e+40	2.0559175424366488e+40	1.6984913776134773e+40	1.0724460687959764e+40	8.271613303916977e+39	1.3984128539446684e+40	1.7892490757359242e+40	2.030102991467259e+40
134147.59187944364	3.741440446374586e+40	4.1990860224842325e+39	3.6673792396109506e+39	4.0715277116980995e+39	5.3458014533347475e+39	8.370479728084303e+39	1.4003388439644976e+40	1.3374113399337175e+40	9.711352473140837e+39	3.821442854271657e+39	5.899933506923525e+39	8.370479728084303e+39	1.0691247298379923e+40
157587.9458354212	2.593051494924197e+40	3.413592759753165e+39	2.839238570586649e+39	2.4333667401755363e+39	2.575039323017917e+39	3.661674821086633e+39	8.192144190917684e+39	9.205819192773912e+39	7.941304623151461e+39	2.484822167906796e+39	2.7174314119124554e+39	3.661674821086633e+39	4.948595685573066e+39
185124.42528945155	1.8101589736781942e+40	2.7474471890364467e+39	2.334356693551456e+39	1.8600200521814514e+39	1.6598995088110357e+39	1.796766524147142e+39	4.311215346581039e+39	5.674075338938648e+39	5.892531309593563e+39	1.9687983270297637e+39	1.6399034128419995e+39	1.796766524147142e+39	2.273595832634269e+39
217472.82713448157	1.2731289183231353e+40	2.1610437873575284e+39	1.9044980255782003e+39	1.5378962141007714e+39	1.2994907696963603e+39	1.1117438663160561e+39	2.098360224167687e+39	3.17265741656782e+39	4.0250686054265845e+39	1.63267054730274e+39	1.2391477992088817e+39	1.1117438663160561e+39	1.172758771336107e+39
255474.0335988741	9.008904727962389e+39	1.6578626266237047e+39	1.5191560946158532e+39	1.2745013116639148e+39	1.0839435459016132e+39	8.485204671766873e+38	1.0078930680696181e+39	1.6304112101457716e+39	2.520629929951344e+39	1.3421798668861055e+39	1.0272581315506558e+39	8.485204671766873e+38	7.602857319362329e+38
300115.87086458754	6.400163226982834e+39	1.2396553894452333e+39	1.1806516335336521e+39	1.0346161946644835e+39	9.024115499831856e+38	7.073488430349884e+38	5.3583009516581935e+38	7.964280900850653e+38	1.444762751455044e+39	1.0779611379428684e+39	8.598067035006937e+38	7.073488430349884e+38	5.941041860567754e+38
352558.787470634	4.553525201874754e+39	9.02976714581333e+38	8.92694706204624e+38	8.176631884990794e+38	7.347033508554069e+38	5.9500647873305254e+38	3.4992369043985034e+38	3.9998081598526156e+38	7.598497468089367e+38	8.424101942526904e+38	7.059779048576483e+38	5.9500647873305254e+38	4.991246524510224e+38
414166.02000737604	3.23684910685222e+39	6.404477881545282e+38	6.5604810543247536e+38	6.2764042239403225e+38	5.815388396535583e+38	4.906834950252278e+38	2.7386763790817102e+38	2.338025489225069e+38	3.741303166960692e+38	6.394186424571272e+38	5.639883844348429e+38	4.906834950252278e+38	4.205060806920736e+38
486539.03025357367	2.2946261350883143e+39	4.4223818088897765e+38	4.684378307269441e+38	4.673694613707299e+38	4.464918456434446e+38	3.933631458603498e+38	2.3105672876478277e+38	1.6880165530498827e+38	1.850020545584049e+38	4.7094643976351846e+38	4.371120777886162e+38	3.933631458603498e+38	3.465335214881219e+38
571559.1349384161	1.6202829377236515e+39	2.973439199305922e+38	3.2506121865759575e+38	3.3750426083551273e+38	3.321803019882474e+38	3.0568298574529234e+38	1.95698064943437e+38	1.3912879876110407e+38	1.0508254699781739e+38	3.365329713903123e+38	3.2825081781166965e+38	3.0568298574529234e+38	2.7731909162315244e+38
671436.4102871016	1.1389079548909488e+39	1.9470754606927678e+38	2.193852033758129e+38	2.3647972494493422e+38	2.3946459989135776e+38	2.300059851219725e+38	1.6210622251868449e+38	1.185811338429812e+38	7.45659315445597e+37	2.334743812304566e+38	2.3878055108351936e+38	2.300059851219725e+38	2.1499572750148977e+38
788767.142615339	7.967456011412262e+38	1.2414671365363256e+38	1.4413460953715588e+38	1.6095332316758199e+38	1.6740276471853265e+38	1.67546769169005e+38	1.3036503024442667e+38	9.976010947481726e+37	6.135028409545135e+37	1.5743975742473146e+38	1.6836264061678641e+38	1.67546769169005e+38	1.6132080672957876e+38
926601.3183912021	5.547665179029794e+38	7.697953989956205e+37	9.223082911074236e+37	1.0656014054450775e+38	1.1363984427560878e+38	1.1824051003865784e+38	1.0153974333862395e+38	8.169143225890304e+37	5.250357140248342e+37	1.0332415168861288e+38	1.152129128271528e+38	1.1824051003865784e+38	1.1715332672777752e+38
1088521.9081568965	3.845436919789691e+38	4.628543306200154e+37	5.745815256657453e+37	6.870377262171325e+37	7.502783790129672e+37	8.094920634421568e+37	7.651988009636693e+37	6.485721400337621e+37	4.441041578287436e+37	6.605144593301815e+37	7.663965823901627e+37	8.094920634421568e+37	8.240685776073622e+37
1278738.005282213	2.6542401415531476e+38	2.6850113782763974e+37	3.4782081830139725e+37	4.315697414516436e+37	4.8240939935759765e+37	5.385261530219726e+37	5.578152268388357e+37	4.984017705495725e+37	3.658623618462958e+37	4.1128562915024995e+37	4.963067355175114e+37	5.385261530219726e+37	5.622526636923523e+37
1502194.2406752326	1.8248231770128647e+38	1.4914681322128113e+37	2.037774494841237e+37	2.639108308795378e+37	3.022630278479065e+37	3.4871120476058415e+37	3.9359978493227674e+37	3.7042844939788785e+37	2.9235112434844234e+37	2.4907947012901996e+37	3.131856176702022e+37	3.4871120476058415e+37	3.727565180091029e+37
1764699.3176663674	1.2500240204843478e+38	7.85372058598887e+36	1.1480483375714538e+37	1.5669811529728857e+37	1.8444661948495782e+37	2.2003966564021605e+37	2.691862257984953e+37	2.6629156648858747e+37	2.2616524803040137e+37	1.4619922082071463e+37	1.9255775234593985e+37	2.2003966564021605e+37	2.4054566242961e+37
2073077.008307192	8.534195954531945e+37	3.87161982668535e+36	6.163678757333561e+36	8.989469206420011e+36	1.093534189533218e+37	1.353312086629513e+37	1.7876325676138057e+37	1.8532174248998756e+37	1.6920860316377683e+37	8.267704936774534e+36	1.1515333253234806e+37	1.353312086629513e+37	1.5128445038207513e+37
2435343.536205866	5.808700547461913e+37	1.7604857997921424e+36	3.11711556079984e+36	4.9453428301515905e+36	6.269410034019828e+36	8.101620670758196e+36	1.154980022943691e+37	1.250550866746666e+37	1.224037585501247e+37	4.466072841268927e+36	6.672000600780799e+36	8.101620670758196e+36	9.275397733226521e+36
2860915.9569340525	3.9426402032489374e+37	7.259686054580191e+35	1.4642490086004116e+36	2.5823503374195988e+36	3.4503562763532753e+36	4.704583817030296e+36	7.271771103459246e+36	8.198744832653496e+36	8.566966757235569e+36	2.2787261923918544e+36	3.7212733360886025e+36	4.704583817030296e+36	5.536714153849882e+36
3360856.9528163825	2.669318470823223e+37	2.663344657486736e+35	6.286021477760508e+35	1.2637087571072286e+36	1.804566337300703e+36	2.6341196540594123e+36	4.4648789408894006e+36	5.2327090642480844e+36	5.809661949131962e+36	1.0832777884494447e+36	1.9796487840167027e+36	2.6341196540594123e+36	3.2067638612854665e+36
3948162.405498538	1.8031247682697523e+37	8.508045944815512e+34	2.421318670955733e+35	5.708632290120128e+35	8.856393179290117e+35	1.4096322945698074e+36	2.671812127974344e+36	3.256047152262568e+36	3.8250220974660825e+36	4.7221806159756894e+35	9.926507536241975e+35	1.4096322945698074e+36	1.7913104504826096e+36
4638099.221690433	1.215527091384205e+37	2.310232558166012e+34	8.197735616187358e+34	2.3397291543444854e+35	4.017829854334105e+35	7.127633442534474e+35	1.5541106696829597e+36	1.976280165480776e+36	2.4502468460445408e+36	1.853710296512904e+35	4.6249295344528015e+35	7.127633442534474e+35	9.566370604765357e+35
