#t	Le	U	B	V	R	I	J	H	K	g	r	i	z
#----------------------------------------------- 
3.15197801850754	0.0	0.0	0.0	0.0	0.0	0.0	0.0	0.0	0.0	0.0	0.0	0.0	0.0
3.2477678170925244	0.0	0.0	0.0	0.0	0.0	0.0	0.0	0.0	0.0	0.0	0.0	0.0	0.0
3.4312586493757444	0.0	0.0	0.0	0.0	0.0	0.0	0.0	0.0	0.0	0.0	0.0	0.0	0.0
3.6306536646457586	0.0	0.0	0.0	0.0	0.0	0.0	0.0	0.0	0.0	0.0	0.0	0.0	0.0
3.8471566133195516	0.0	0.0	0.0	0.0	0.0	0.0	0.0	0.0	0.0	0.0	0.0	0.0	0.0
4.082410174650565	0.0	0.0	0.0	0.0	0.0	0.0	0.0	0.0	0.0	0.0	0.0	0.0	0.0
4.338247691040841	0.0	0.0	0.0	0.0	0.0	0.0	0.0	0.0	0.0	0.0	0.0	0.0	0.0
4.6166882178611095	0.0	0.0	0.0	0.0	0.0	0.0	0.0	0.0	0.0	0.0	0.0	0.0	0.0
4.919947105909677	0.0	0.0	0.0	0.0	0.0	0.0	0.0	0.0	0.0	0.0	0.0	0.0	0.0
5.250449458047031	0.0	0.0	0.0	0.0	0.0	0.0	0.0	0.0	0.0	0.0	0.0	0.0	0.0
5.6108443100909895	0.0	0.0	0.0	0.0	0.0	0.0	0.0	0.0	0.0	0.0	0.0	0.0	0.0
6.004018849109	0.0	0.0	0.0	0.0	0.0	0.0	0.0	0.0	0.0	0.0	0.0	0.0	0.0
6.43311227639089	0.0	0.0	0.0	0.0	0.0	0.0	0.0	0.0	0.0	0.0	0.0	0.0	0.0
6.901528993789111	0.0	0.0	0.0	0.0	0.0	0.0	0.0	0.0	0.0	0.0	0.0	0.0	0.0
7.412950817835631	0.0	0.0	0.0	0.0	0.0	0.0	0.0	0.0	0.0	0.0	0.0	0.0	0.0
7.971347951450191	0.0	0.0	0.0	0.0	0.0	0.0	0.0	0.0	0.0	0.0	0.0	0.0	0.0
8.580988483230438	0.0	0.0	0.0	0.0	0.0	0.0	0.0	0.0	0.0	0.0	0.0	0.0	0.0
9.246446244800245	0.0	0.0	0.0	0.0	0.0	0.0	0.0	0.0	0.0	0.0	0.0	0.0	0.0
9.97260693838032	0.0	0.0	0.0	0.0	0.0	0.0	0.0	0.0	0.0	0.0	0.0	0.0	0.0
10.764672546875753	0.0	0.0	0.0	0.0	0.0	0.0	0.0	0.0	0.0	0.0	0.0	0.0	0.0
11.628164151492996	0.0	0.0	0.0	0.0	0.0	0.0	0.0	0.0	0.0	0.0	0.0	0.0	0.0
12.56892339873746	0.0	0.0	0.0	0.0	0.0	0.0	0.0	0.0	0.0	0.0	0.0	0.0	0.0
13.59311296953319	0.0	0.0	0.0	0.0	0.0	0.0	0.0	0.0	0.0	0.0	0.0	0.0	0.0
14.707216497693155	0.0	0.0	0.0	0.0	0.0	0.0	0.0	0.0	0.0	0.0	0.0	0.0	0.0
15.918038453829272	0.0	0.0	0.0	0.0	0.0	0.0	0.0	0.0	0.0	0.0	0.0	0.0	0.0
17.232704547266	0.0	0.0	0.0	0.0	0.0	0.0	0.0	0.0	0.0	0.0	0.0	0.0	0.0
18.65866319963209	0.0	0.0	0.0	0.0	0.0	0.0	0.0	0.0	0.0	0.0	0.0	0.0	0.0
20.203688610337238	0.0	0.0	0.0	0.0	0.0	0.0	0.0	0.0	0.0	0.0	0.0	0.0	0.0
21.875885871138273	0.0	0.0	0.0	0.0	0.0	0.0	0.0	0.0	0.0	0.0	0.0	0.0	0.0
23.68369850215189	0.0	0.0	0.0	0.0	0.0	0.0	0.0	0.0	0.0	0.0	0.0	0.0	0.0
25.63591868458424	0.0	0.0	0.0	0.0	0.0	0.0	0.0	0.0	0.0	0.0	0.0	0.0	0.0
27.741700366050654	0.0	0.0	0.0	0.0	0.0	0.0	0.0	0.0	0.0	0.0	0.0	0.0	0.0
30.0105753215235	0.0	0.0	0.0	0.0	0.0	0.0	0.0	0.0	0.0	0.0	0.0	0.0	0.0
32.452472173560636	0.0	0.0	0.0	0.0	0.0	0.0	0.0	0.0	0.0	0.0	0.0	0.0	0.0
35.07773831409213	0.0	0.0	0.0	0.0	0.0	0.0	0.0	0.0	0.0	0.0	0.0	0.0	0.0
37.897164628541475	0.0	0.0	0.0	0.0	0.0	0.0	0.0	0.0	0.0	0.0	0.0	0.0	0.0
40.922012901305045	0.0	0.0	0.0	0.0	0.0	0.0	0.0	0.0	0.0	0.0	0.0	0.0	0.0
44.16404577758089	0.0	0.0	0.0	0.0	0.0	0.0	0.0	0.0	0.0	0.0	0.0	0.0	0.0
47.63555916727719	0.0	0.0	0.0	0.0	0.0	0.0	0.0	0.0	0.0	0.0	0.0	0.0	0.0
51.34941699898512	0.0	0.0	0.0	0.0	0.0	0.0	0.0	0.0	0.0	0.0	0.0	0.0	0.0
55.31908826208302	0.0	0.0	0.0	0.0	0.0	0.0	0.0	0.0	0.0	0.0	0.0	0.0	0.0
59.558686310174515	0.0	0.0	0.0	0.0	0.0	0.0	0.0	0.0	0.0	0.0	0.0	0.0	0.0
64.08301043663502	0.0	0.0	0.0	0.0	0.0	0.0	0.0	0.0	0.0	0.0	0.0	0.0	0.0
68.90758977117399	0.0	0.0	0.0	0.0	0.0	0.0	0.0	0.0	0.0	0.0	0.0	0.0	0.0
74.04872958390129	0.0	0.0	0.0	0.0	0.0	0.0	0.0	0.0	0.0	0.0	0.0	0.0	0.0
79.52356011945353	0.0	0.0	0.0	0.0	0.0	0.0	0.0	0.0	0.0	0.0	0.0	0.0	0.0
85.35008811834295	0.0	0.0	0.0	0.0	0.0	0.0	0.0	0.0	0.0	0.0	0.0	0.0	0.0
91.54725121558197	0.0	0.0	0.0	0.0	0.0	0.0	0.0	0.0	0.0	0.0	0.0	0.0	0.0
98.13497543834794	0.0	0.0	0.0	0.0	0.0	0.0	0.0	0.0	0.0	0.0	0.0	0.0	0.0
105.13423605534888	0.0	0.0	0.0	0.0	0.0	0.0	0.0	0.0	0.0	0.0	0.0	0.0	0.0
112.56712206118439	0.0	0.0	0.0	0.0	0.0	0.0	0.0	0.0	0.0	0.0	0.0	0.0	0.0
120.45690460999991	0.0	0.0	0.0	0.0	0.0	0.0	0.0	0.0	0.0	0.0	0.0	0.0	0.0
128.8281097448286	0.0	0.0	0.0	0.0	0.0	0.0	0.0	0.0	0.0	0.0	0.0	0.0	0.0
137.7065958026237	0.0	0.0	0.0	0.0	0.0	0.0	0.0	0.0	0.0	0.0	0.0	0.0	0.0
147.11963591103628	0.0	0.0	0.0	0.0	0.0	0.0	0.0	0.0	0.0	0.0	0.0	0.0	0.0
157.09600603192564	0.0	0.0	0.0	0.0	0.0	0.0	0.0	0.0	0.0	0.0	0.0	0.0	0.0
167.66607904914895	0.0	0.0	0.0	0.0	0.0	0.0	0.0	0.0	0.0	0.0	0.0	0.0	0.0
178.86192544505002	0.0	0.0	0.0	0.0	0.0	0.0	0.0	0.0	0.0	0.0	0.0	0.0	0.0
190.71742116193397	0.0	0.0	0.0	0.0	0.0	0.0	0.0	0.0	0.0	0.0	0.0	0.0	0.0
203.2683633024807	0.0	0.0	0.0	0.0	0.0	0.0	0.0	0.0	0.0	0.0	0.0	0.0	0.0
216.55259438730656	0.0	0.0	0.0	0.0	0.0	0.0	0.0	0.0	0.0	0.0	0.0	0.0	0.0
230.61013595966645	0.0	0.0	0.0	0.0	0.0	0.0	0.0	0.0	0.0	0.0	0.0	0.0	0.0
245.48333240761494	0.0	0.0	0.0	0.0	0.0	0.0	0.0	0.0	0.0	0.0	0.0	0.0	0.0
261.21700596398796	0.0	0.0	0.0	0.0	0.0	0.0	0.0	0.0	0.0	0.0	0.0	0.0	0.0
277.8586239455394	0.0	0.0	0.0	0.0	0.0	0.0	0.0	0.0	0.0	0.0	0.0	0.0	0.0
295.4584794060362	0.0	0.0	0.0	0.0	0.0	0.0	0.0	0.0	0.0	0.0	0.0	0.0	0.0
314.06988650577506	0.0	0.0	0.0	0.0	0.0	0.0	0.0	0.0	0.0	0.0	0.0	0.0	0.0
333.74939204367166	0.0	0.0	0.0	0.0	0.0	0.0	0.0	0.0	0.0	0.0	0.0	0.0	0.0
354.5570047601178	0.0	0.0	0.0	0.0	0.0	0.0	0.0	0.0	0.0	0.0	0.0	0.0	0.0
376.5564442017731	0.0	0.0	0.0	0.0	0.0	0.0	0.0	0.0	0.0	0.0	0.0	0.0	0.0
399.815411146295	0.0	0.0	0.0	0.0	0.0	0.0	0.0	0.0	0.0	0.0	0.0	0.0	0.0
424.4058818191461	0.0	0.0	0.0	0.0	0.0	0.0	0.0	0.0	0.0	0.0	0.0	0.0	0.0
450.4044284001948	0.0	0.0	0.0	0.0	0.0	0.0	0.0	0.0	0.0	0.0	0.0	0.0	0.0
477.8925686195443	0.0	0.0	0.0	0.0	0.0	0.0	0.0	0.0	0.0	0.0	0.0	0.0	0.0
506.95714758476583	0.0	0.0	0.0	0.0	0.0	0.0	0.0	0.0	0.0	0.0	0.0	0.0	0.0
537.6907553717816	0.0	0.0	0.0	0.0	0.0	0.0	0.0	0.0	0.0	0.0	0.0	0.0	0.0
570.1921843597887	0.0	0.0	0.0	0.0	0.0	0.0	0.0	0.0	0.0	0.0	0.0	0.0	0.0
604.566930798416	0.0	0.0	0.0	0.0	0.0	0.0	0.0	0.0	0.0	0.0	0.0	0.0	0.0
640.9277456806543	0.0	0.0	0.0	0.0	0.0	0.0	0.0	0.0	0.0	0.0	0.0	0.0	0.0
679.3952406657352	0.0	0.0	0.0	0.0	0.0	0.0	0.0	0.0	0.0	0.0	0.0	0.0	0.0
720.0985555671929	0.0	0.0	0.0	0.0	0.0	0.0	0.0	0.0	0.0	0.0	0.0	0.0	0.0
763.1760948095833	0.0	0.0	0.0	0.0	0.0	0.0	0.0	0.0	0.0	0.0	0.0	0.0	0.0
808.7763412865794	0.0	0.0	0.0	0.0	0.0	0.0	0.0	0.0	0.0	0.0	0.0	0.0	0.0
857.0587572429148	0.0	0.0	0.0	0.0	0.0	0.0	0.0	0.0	0.0	0.0	0.0	0.0	0.0
908.1947831767121	0.0	0.0	0.0	0.0	0.0	0.0	0.0	0.0	0.0	0.0	0.0	0.0	0.0
962.3689473640521	0.0	0.0	0.0	0.0	0.0	0.0	0.0	0.0	0.0	0.0	0.0	0.0	0.0
1019.7801004780595	0.0	0.0	0.0	0.0	0.0	0.0	0.0	0.0	0.0	0.0	0.0	0.0	0.0
1080.64279195975	0.0	0.0	0.0	0.0	0.0	0.0	0.0	0.0	0.0	0.0	0.0	0.0	0.0
1145.1888073567916	0.0	0.0	0.0	0.0	0.0	0.0	0.0	0.0	0.0	0.0	0.0	0.0	0.0
1213.6688888540166	0.0	0.0	0.0	0.0	0.0	0.0	0.0	0.0	0.0	0.0	0.0	0.0	0.0
1286.3546647631422	0.0	0.0	0.0	0.0	0.0	0.0	0.0	0.0	0.0	0.0	0.0	0.0	0.0
1363.5408179264275	0.0	0.0	0.0	0.0	0.0	0.0	0.0	0.0	0.0	0.0	0.0	0.0	0.0
1445.5475279489765	0.0	0.0	0.0	0.0	0.0	0.0	0.0	0.0	0.0	0.0	0.0	0.0	0.0
1532.7232280739404	0.0	0.0	0.0	0.0	0.0	0.0	0.0	0.0	0.0	0.0	0.0	0.0	0.0
1625.4477245490455	0.0	0.0	0.0	0.0	0.0	0.0	0.0	0.0	0.0	0.0	0.0	0.0	0.0
1724.135734749163	0.0	0.0	0.0	0.0	0.0	0.0	0.0	0.0	0.0	0.0	0.0	0.0	0.0
1829.2409104261799	0.0	0.0	0.0	0.0	0.0	0.0	0.0	0.0	0.0	0.0	0.0	0.0	0.0
1941.2604246365208	0.0	0.0	0.0	0.0	0.0	0.0	0.0	0.0	0.0	0.0	0.0	0.0	0.0
2060.7402156316443	0.0	0.0	0.0	0.0	0.0	0.0	0.0	0.0	0.0	0.0	0.0	0.0	0.0
2188.2809988986905	0.0	0.0	0.0	0.0	0.0	0.0	0.0	0.0	0.0	0.0	0.0	0.0	0.0
2323.6893299874787	0.0	0.0	0.0	0.0	0.0	0.0	0.0	0.0	0.0	0.0	0.0	0.0	0.0
2467.428732210557	0.0	0.0	0.0	0.0	0.0	0.0	0.0	0.0	0.0	0.0	0.0	0.0	0.0
2620.0081445813926	0.0	0.0	0.0	0.0	0.0	0.0	0.0	0.0	0.0	0.0	0.0	0.0	0.0
2781.967453463191	0.0	0.0	0.0	0.0	0.0	0.0	0.0	0.0	0.0	0.0	0.0	0.0	0.0
2953.8793905772304	0.0	0.0	0.0	0.0	0.0	0.0	0.0	0.0	0.0	0.0	0.0	0.0	0.0
3136.351549336315	0.0	0.0	0.0	0.0	0.0	0.0	0.0	0.0	0.0	0.0	0.0	0.0	0.0
3330.0285307501335	0.0	0.0	0.0	0.0	0.0	0.0	0.0	0.0	0.0	0.0	0.0	0.0	0.0
3535.5942276641968	0.0	0.0	0.0	0.0	0.0	0.0	0.0	0.0	0.0	0.0	0.0	0.0	0.0
3753.7742553065364	0.0	0.0	0.0	0.0	0.0	0.0	0.0	0.0	0.0	0.0	0.0	0.0	0.0
3985.3385377878317	0.0	0.0	0.0	0.0	0.0	0.0	0.0	0.0	0.0	0.0	0.0	0.0	0.0
4231.104060796473	0.0	0.0	0.0	0.0	0.0	0.0	0.0	0.0	0.0	0.0	0.0	0.0	0.0
4491.937801826438	0.0	0.0	0.0	0.0	0.0	0.0	0.0	0.0	0.0	0.0	0.0	0.0	0.0
4768.75984888182	0.0	0.0	0.0	0.0	0.0	0.0	0.0	0.0	0.0	0.0	0.0	0.0	0.0
5062.546718393638	0.0	0.0	0.0	0.0	0.0	0.0	0.0	0.0	0.0	0.0	0.0	0.0	0.0
5374.334887980657	0.0	0.0	0.0	0.0	0.0	0.0	0.0	0.0	0.0	0.0	0.0	0.0	0.0
5705.22455604067	0.0	0.0	0.0	0.0	0.0	0.0	0.0	0.0	0.0	0.0	0.0	0.0	0.0
6056.3836434309505	0.0	0.0	0.0	0.0	0.0	0.0	0.0	0.0	0.0	0.0	0.0	0.0	0.0
6429.052051585336	0.0	0.0	0.0	0.0	0.0	0.0	0.0	0.0	0.0	0.0	0.0	0.0	0.0
6824.546194687939	0.0	0.0	0.0	0.0	0.0	0.0	0.0	0.0	0.0	0.0	0.0	0.0	0.0
7244.263821263181	1.4641036108283784e+33	3.197429116422536e+29	1.7698254817374765e+29	9.147641779561499e+28	5.836640285495776e+28	3.1224241108969736e+28	7.77141961535464e+27	3.808577341426467e+27	1.4309535928149061e+27	1.0800407288287612e+29	5.094582999630287e+28	3.1224241108969736e+28	2.0499772824258334e+28
7689.689141425286	1.649146286761437e+35	4.0256641028441356e+31	2.229179729569949e+31	1.1526115971018113e+31	7.355731696357743e+30	3.9360250946544897e+30	9.800075395979686e+29	4.803411941448353e+29	1.8049803825708637e+29	1.3607467908851636e+31	6.420900267039487e+30	3.9360250946544897e+30	2.5844777150911645e+30
8162.398282754188	8.811017635405937e+36	2.4947649575687975e+33	1.3822489578236052e+33	7.150671675595739e+32	4.564722214953046e+32	2.443376359652717e+32	6.086812230359899e+31	2.983948862870982e+31	1.1214959547265063e+31	8.440922521677414e+32	3.984909105198687e+32	2.443376359652717e+32	1.6046712514575025e+32
8664.065092725285	2.7213341371078695e+38	8.770315639915581e+34	4.8618335683464285e+34	2.5163127158768845e+34	1.6067423900264995e+34	8.603083596383075e+33	2.1441855341502906e+33	1.0513274681734587e+33	3.952036256766276e+32	2.9700293632346303e+34	1.4027538511284886e+34	8.603083596383075e+33	5.65098025164684e+33
9196.467307225108	5.2933708497508793e+39	1.8964070367522883e+36	1.0517455076538211e+36	5.4456375133532675e+35	3.477982973060465e+35	1.8627197123656175e+35	4.644438130447243e+34	2.2775708560907363e+34	8.5628808464931e+33	6.426949984599208e+35	3.0366110469671834e+35	1.8627197123656175e+35	1.223714312772489e+35
9761.49311107886	7.361855408202302e+40	2.7425675035957294e+37	1.521278595081591e+37	7.877917342762823e+36	5.031833673850621e+36	2.6951819029831573e+36	6.721091172393157e+35	3.2961120474564176e+35	1.23929354907308e+35	9.29721220372627e+36	4.3933707626333735e+36	2.6951819029831573e+36	1.77069602387421e+36
10361.148112727911	7.802160991704037e+41	2.81553273468344e+38	1.5615265994640674e+38	8.085299525544219e+37	5.163922091227188e+37	2.7657017139968397e+37	6.896041496197855e+36	3.3817517868807037e+36	1.2714315387824078e+36	9.542239450351463e+37	4.508610520420359e+37	2.7657017139968397e+37	1.8169417582179777e+37
10997.562760687199	5.813107164252743e+42	2.077244910540595e+39	1.1520092987065094e+39	5.964641925880429e+38	3.80940975082657e+38	2.0401941502382526e+38	5.086830685810407e+37	2.494494116905189e+37	9.378359177088406e+36	7.039515888517658e+38	3.3259669448261165e+38	2.0401941502382526e+38	1.3402953887582635e+38
11673.000232477505	3.488692673320689e+43	1.1629695878506326e+40	6.447708375449484e+39	3.3374634591564506e+39	2.1312001340745663e+39	1.141201294163571e+39	2.8445799423201186e+38	1.3947961357582477e+38	5.243377577958388e+37	3.9391445954701414e+39	1.860658067596154e+39	1.141201294163571e+39	7.496331676557862e+38
12389.864844788719	1.5058265651502138e+44	4.716383120418171e+40	2.614153008937235e+40	1.352817741382257e+40	8.637527925188947e+39	4.6244596884965636e+39	1.1524223961161322e+39	5.650239962319306e+38	2.123873737614802e+38	1.5967920612186534e+40	7.540776931576197e+39	4.6244596884965636e+39	3.037457852291927e+39
13150.711111153463	3.818216064045611e+44	1.2239993004617366e+41	6.784896118020532e+40	3.5114567740623026e+40	2.2421132863104356e+40	1.2004726087166603e+40	2.9918485615098525e+39	1.4669247637691634e+39	5.5142073549942214e+38	4.144652775535998e+40	1.957445390529029e+40	1.2004726087166603e+40	7.885232581063393e+39
13958.253448296244	5.831909850757047e+44	1.918168573082924e+41	1.0633929496414665e+41	5.503995679733305e+40	3.5145586250727997e+40	1.881878030826944e+40	4.6905084796320577e+39	2.2998672390001012e+39	8.645559403558532e+38	6.496353689798442e+40	3.0683792078911924e+40	1.881878030826944e+40	1.2361417904850417e+40
14815.376220801052	5.962242771939435e+44	2.1444138662775452e+41	1.1892686689073113e+41	6.157595130555901e+40	3.9326562466291396e+40	2.106209557578792e+40	5.251461496886735e+39	2.5752321765113362e+39	9.681926974653589e+38	7.267230102353003e+40	3.433575863349066e+40	2.106209557578792e+40	1.3836670680250032e+40
15725.144081412553	5.9521591760359444e+44	2.3567122861983245e+41	1.3075585558765663e+41	6.772608054840959e+40	4.32635676387908e+40	2.317627635228947e+40	5.780820914677995e+39	2.835209456992047e+39	1.0660851593207516e+39	7.992378908431605e+40	3.777530428668683e+40	2.317627635228947e+40	1.522765249079261e+40
16690.813404838165	6.439154047817576e+44	2.8312932232903337e+41	1.5716219076012183e+41	8.143839098732042e+40	5.203550375651147e+40	2.788312471477375e+40	6.957890855576518e+39	3.413035921084757e+39	1.2835635781495965e+39	9.609624866764797e+40	4.543743830866067e+40	2.788312471477375e+40	1.8323067831122667e+40
17715.844537177672	7.531849216225617e+44	3.732540821248563e+41	2.073079705190044e+41	1.0747778051848357e+41	6.869310582137685e+40	3.682119658958632e+40	9.193063444986599e+39	4.510283552475483e+39	1.6965367617816412e+39	1.268075050494909e+41	5.998753715345214e+40	3.682119658958632e+40	2.4201084026721e+40
18803.91486807721	8.08243691619158e+44	4.676351417883238e+41	2.5992993056742277e+41	1.3485291885398375e+41	8.622302654709592e+40	4.623836808675477e+40	1.1552400837110276e+40	5.669241971419224e+39	2.1330303848243604e+39	1.5908062511959693e+41	7.530383617672137e+40	4.623836808675477e+40	3.03982365036157e+40
19958.932292184574	7.809767607224189e+44	5.3493025738208925e+41	2.9760300183757428e+41	1.5452192905452763e+41	9.884345078941484e+40	5.303371649415038e+40	1.3261027601583956e+40	6.509626539410697e+39	2.4499558170293208e+39	1.822497082200997e+41	8.633659048597882e+40	5.303371649415038e+40	3.487578164204929e+40
21185.049402247852	7.823940753370584e+44	6.298412088863049e+41	3.507272804025664e+41	1.8225417361743454e+41	1.1663626625255781e+41	6.261330857766281e+40	1.566943098438213e+40	7.694145370520102e+39	2.8966422080378435e+39	2.1491787410345756e+41	1.0189073650190188e+41	6.261330857766281e+40	4.118762189138856e+40
22486.679109853205	7.647080616630551e+44	7.418817045819973e+41	4.135846346511467e+41	2.1513449634891912e+41	1.3775601241603926e+41	7.399894279367274e+40	1.8537752427768038e+40	9.105883437411163e+39	3.4294092523131366e+39	2.5363224481438957e+41	1.203589238695448e+41	7.399894279367274e+40	4.869489206104461e+40
23868.51085758231	7.05564572712995e+44	8.439826512241385e+41	4.711480515691957e+41	2.4537601046128034e+41	1.5722725293173323e+41	8.452461276560827e+40	2.1200777371558278e+40	1.0418548070008795e+40	3.925551781030494e+39	2.892044053368096e+41	1.3739661804187617e+41	8.452461276560827e+40	5.564569862267894e+40
25335.527706866014	6.360966652829054e+44	9.557864308278072e+41	5.344270860803663e+41	2.7873357082440297e+41	1.7874511433360044e+41	9.618159692104476e+40	2.4159895062699876e+40	1.1878874107962e+40	4.4781690006270826e+39	3.2841138318814727e+41	1.562347236937206e+41	9.618159692104476e+40	6.335275928085565e+40
26893.024698132573	5.533555464633037e+44	1.0647208388167167e+42	5.96485396544121e+41	3.1163351818255414e+41	2.0003382040547167e+41	1.0775527546813482e+41	2.7113994677140004e+40	1.3339513806769682e+40	5.031986785837772e+39	3.670306084793688e+41	1.7488787906287574e+41	1.0775527546813482e+41	7.101972613737374e+40
28546.628235978635	4.7031359114125016e+44	1.1734342546598354e+42	6.5886180695481375e+41	3.449064670404805e+41	2.216363404196512e+41	1.1954435216169705e+41	3.01407701330067e+40	1.4839141963904342e+40	5.601771483243508e+39	4.0603303439791576e+41	1.9383316311843827e+41	1.1954435216169705e+41	7.884579922001601e+40
30302.316779048524	4.248041178610923e+44	1.307844089425452e+42	7.35821849672416e+41	3.858880783593924e+41	2.48219533572865e+41	1.3403692943477252e+41	3.385608237891316e+40	1.6678976740613164e+40	6.300462350905827e+39	4.540900242818219e+41	2.1714082922216968e+41	1.3403692943477252e+41	8.846133755410165e+40
32166.443231903	3.704840676434622e+44	1.4380846890073454e+42	8.110458203871198e+41	4.262450352026974e+41	2.745037742694133e+41	1.484322334748418e+41	3.7572449304352984e+40	1.8523814510453627e+40	7.002790391501673e+39	5.01334550213136e+41	2.4021152990727367e+41	1.484322334748418e+41	9.803640988612204e+40
34145.75807552468	3.0322164352518427e+44	1.5449215914899653e+42	8.74014790451874e+41	4.6060489102858744e+41	2.9708563067713553e+41	1.6092533852524369e+41	4.0847243751750337e+40	2.0157939329632566e+40	7.628185496048879e+39	5.4140543544042455e+41	2.600805209384489e+41	1.6092533852524369e+41	1.0639205256743939e+41
36247.433984788266	2.4066334189874917e+44	1.6337294547635042e+42	9.277077012609572e+41	4.905136933699281e+41	3.169550066974303e+41	1.7204851770006283e+41	4.381432139766853e+40	2.164723581746467e+40	8.201521763204493e+39	5.7612589543051606e+41	2.776128042020389e+41	1.7204851770006283e+41	1.1387889311675339e+41
38479.09224083812	1.9485754433076607e+44	1.7267896277080674e+42	9.84398671709092e+41	5.2228929750448526e+41	3.381339120702844e+41	1.839479404295068e+41	4.700576022673696e+40	2.325211025610025e+40	8.820504592875302e+39	6.129623006997601e+41	2.963169053399831e+41	1.839479404295068e+41	1.2190398890458363e+41
40848.830950032454	1.6171676278523701e+44	1.826844253819613e+42	1.0456235771165288e+42	5.567368967055289e+41	3.611409606759355e+41	1.969044472010928e+41	5.049301338623371e+40	2.5007882359048576e+40	9.498528050600544e+39	6.5286193739541526e+41	3.166467502485831e+41	1.969044472010928e+41	1.3065309394349871e+41
43365.25492346525	1.3739038525838172e+44	1.9337717375694317e+42	1.1113277556249618e+42	5.938372873172923e+41	3.8596799826752275e+41	2.109166321782638e+41	5.427712897537298e+40	2.691534340622379e+40	1.0236004195583532e+40	6.9579934931288165e+41	3.385962938152618e+41	2.109166321782638e+41	1.4012650508476775e+41
46037.50739671067	1.1883417330442097e+44	2.0444861176385322e+42	1.1797971462549738e+42	6.327055094991259e+41	4.120517400668729e+41	2.256844923877871e+41	5.828423997864551e+40	2.8938472660929553e+40	1.1019477374277588e+40	7.407290413126827e+41	3.616743028224538e+41	2.256844923877871e+41	1.5012790672946778e+41
48875.30370606485	1.0397302611482353e+44	2.1540778665622368e+42	1.2482723273729406e+42	6.7190008773295724e+41	4.3846815752333356e+41	2.40711603918138e+41	6.239027703870974e+40	3.101642304082645e+40	1.1826078743825494e+40	7.859528110590738e+41	3.850733304373178e+41	2.40711603918138e+41	1.603307830073261e+41
51888.967049993786	9.155686986665677e+43	2.2572112931952978e+42	1.3137073487955834e+42	7.098079385738776e+41	4.641753246282225e+41	2.5543327939241747e+41	6.645214080367413e+40	3.307866706092095e+40	1.2629165212727576e+40	8.295762378458399e+41	4.078810197086737e+41	2.5543327939241747e+41	1.7036189185924207e+41
55089.46647342659	8.089072783397956e+43	2.3490129947826165e+42	1.3732529338886598e+42	7.448894493311072e+41	4.881679456107853e+41	2.6929801521202682e+41	7.032745103328456e+40	3.505457856252779e+40	1.3401880755446982e+40	8.697993785170424e+41	4.292145270625163e+41	2.6929801521202682e+41	1.7985426482266926e+41
58488.457219136224	7.158966419044369e+43	2.425403182358318e+42	1.4244376724671467e+42	7.757705190249759e+41	5.095353736427173e+41	2.8179803758064132e+41	7.388192979078761e+40	3.6877009566026455e+40	1.4118483615519337e+40	9.050259284249975e+41	4.482709831263943e+41	2.8179803758064132e+41	1.8846706526325373e+41
62098.32359691651	6.342276624837995e+43	2.483253265051836e+42	1.4652599601023263e+42	8.012919393054519e+41	5.2749375810677676e+41	2.9248690626918184e+41	7.699395908830696e+40	3.8484558100379135e+40	1.475521254736123e+40	9.33921034314922e+41	4.643557066212351e+41	2.9248690626918184e+41	1.9589730289368766e+41
65932.22452914165	5.624940843693461e+43	2.5207437460282082e+42	1.4944001788252505e+42	8.206254720200031e+41	5.414625276460877e+41	3.0102205123039805e+41	7.956590456353825e+40	3.9827263666461386e+40	1.5292487473937725e+40	9.555465708847058e+41	4.769495654326745e+41	3.0102205123039805e+41	2.019084079590325e+41
70004.1419416254	5.011105532953341e+43	2.5381393761631374e+42	1.5116779742836096e+42	8.335223655153064e+41	5.5122751094414105e+41	3.0725514183574244e+41	8.154808616971771e+40	4.08786607161188e+40	1.57195685656721e+40	9.696512245827363e+41	4.858525000968211e+41	3.0725514183574244e+41	2.0639083356953806e+41
74328.93218854934	4.58600582980855e+43	2.539165038596988e+42	1.5188732867945463e+42	8.407574691353747e+41	5.572305361921554e+41	3.1139109376052323e+41	8.29804506441568e+40	4.1656683048719084e+40	1.6042628198358248e+40	9.771899499983085e+41	4.91437807147394e+41	3.1139109376052323e+41	2.094681674943721e+41
78922.38076727632	4.461153565538913e+43	2.532529858346082e+42	1.5207470443664952e+42	8.446939798141672e+41	5.609329013817985e+41	3.141814913648068e+41	8.404026047854281e+40	4.224717829683521e+40	1.6293725819022343e+40	9.809848385646558e+41	4.949693446074413e+41	3.141814913648068e+41	2.1162342748123415e+41
83801.26056248009	3.772552798320356e+43	2.5283921637708523e+42	1.5237935476564298e+42	8.488479099261097e+41	5.6455109380010365e+41	3.1675682713559694e+41	8.497501635214525e+40	4.276585555047853e+40	1.6514691742404962e+40	9.851742430848796e+41	4.983661622250553e+41	3.1675682713559694e+41	2.135694091238588e+41
88983.39285713904	3.1601061907751846e+43	2.5268398339201665e+42	1.5301407253926512e+42	8.557057786571707e+41	5.702194584621518e+41	3.2056220536707683e+41	8.618553048573908e+40	4.339558804715352e+40	1.6763783050469807e+40	9.922856578521099e+41	5.036180634951812e+41	3.2056220536707683e+41	2.1633408700266295e+41
94487.71304759037	2.82591991976519e+43	2.5220239001050167e+42	1.5352255652300093e+42	8.624298980774249e+41	5.7611255610142656e+41	3.247743793143493e+41	8.768868923215054e+40	4.421608102465691e+40	1.7104455004998992e+40	9.990592719209092e+41	5.091593858702859e+41	3.247743793143493e+41	2.1951093215002678e+41
100334.34050183446	2.5262252739157826e+43	2.5126759509094308e+42	1.5380101148731742e+42	8.68119020448906e+41	5.814165646941365e+41	3.2872370346905905e+41	8.91523200445502e+40	4.502337915319213e+40	1.7443988865325344e+40	1.0045630360736254e+42	5.1420534958852905e+41	3.2872370346905905e+41	2.225371306274918e+41
106544.6524031358	2.2566687768499855e+43	2.498466246372211e+42	1.5382877578910687e+42	8.726608457642591e+41	5.860595941317545e+41	3.3237245517954576e+41	9.05672026925326e+40	4.581209740998974e+40	1.777876356133008e+40	1.0086652326309492e+42	5.1869334981493234e+41	3.3237245517954576e+41	2.2538840741578455e+41
113141.3623220588	2.013957206355389e+43	2.4790303744798707e+42	1.535825803121431e+42	8.75926938278789e+41	5.89958708527911e+41	3.356766869365211e+41	9.1923177227441e+40	4.657748616312048e+40	1.8107103707028586e+40	1.0112157480402727e+42	5.22550989201256e+41	3.356766869365211e+41	2.280364028627355e+41
120148.60369769299	1.7949721540731764e+43	2.4538540739293313e+42	1.5302991478868492e+42	8.777374222029338e+41	5.929970976062913e+41	3.38573830013438e+41	9.320534812844237e+40	4.73124726965702e+40	1.8426463551458374e+40	1.0120046443608364e+42	5.256760849770901e+41	3.38573830013438e+41	2.3044040012678783e+41
127592.01853401662	1.5968248749689885e+43	2.422255353732881e+42	1.5212773610311022e+42	8.778530318425785e+41	5.950186049449843e+41	3.4097955569795558e+41	9.43932433801087e+40	4.800724258823478e+40	1.8733268042321205e+40	1.0107531009360061e+42	5.279318053182355e+41	3.4097955569795558e+41	2.32545199267451e+41
135498.8516369341	1.4169408105302615e+43	2.3834051874966154e+42	1.5082329611080607e+42	8.759779819053573e+41	5.958291021369455e+41	3.4278826124380932e+41	9.54608613160693e+40	4.864925388034345e+40	1.9022915684526802e+40	1.0071171722777522e+42	5.291477669041169e+41	3.4278826124380932e+41	2.3428135725067663e+41
143898.05073794213	1.2531422348280765e+43	2.3363914370155867e+42	1.4905739564343644e+42	8.717754148419983e+41	5.9520587709483824e+41	3.4387782834343294e+41	9.637777222691515e+40	4.922376645595452e+40	1.928997429589157e+40	1.0007063951341749e+42	5.291281231525847e+41	3.4387782834343294e+41	2.355682257107197e+41
152820.37287216945	1.1036962015394476e+43	2.280316927161292e+42	1.467696058919861e+42	8.648932128090598e+41	5.92913670449398e+41	3.441179464936587e+41	9.711110529795643e+40	4.971480443986881e+40	1.9528539056451293e+40	9.911145936497826e+41	5.276654604532729e+41	3.441179464936587e+41	2.363193289855561e+41
162298.49740174244	9.673080874352914e+42	2.2144128454573956e+42	1.4390444229271283e+42	8.549950296496252e+41	5.887241070205101e+41	3.4338027652328256e+41	9.762799665174788e+40	5.010634450191186e+40	1.9732675323182508e+40	9.779567836090958e+41	5.245576693411279e+41	3.4338027652328256e+41	2.3644895512110588e+41
172367.14610008273	8.430605780312332e+42	2.138146438487512e+42	1.4041733697090714e+42	8.417906138357823e+41	5.824347489036989e+41	3.415484406301824e+41	9.789799935221039e+40	5.038348588619583e+40	1.989685467049565e+40	9.609051671011417e+41	5.19624498937843e+41	3.415484406301824e+41	2.358786395965979e+41
183063.21073888362	7.303144639396244e+42	2.0513064865239765e+42	1.3627949555783536e+42	8.250606920565517e+41	5.7388474785390545e+41	3.3852621903914264e+41	9.789505141711028e+40	5.053340422850786e+40	2.0016309850793859e+40	9.397186349753337e+41	5.12721155445308e+41	3.3852621903914264e+41	2.345424772462929e+41
194425.88864719763	6.285954313853343e+42	1.9540577594822917e+42	1.3148115126905422e+42	8.046738867863931e+41	5.6296547748764916e+41	3.3424308086381807e+41	9.759878228970445e+40	5.054598127239083e+40	2.0087268074309296e+40	9.142627978901532e+41	5.0374752896196685e+41	3.3424308086381807e+41	2.323906872029331e+41
206496.82674139494	5.3748971553249916e+42	1.8469630389453766e+42	1.2603314398339016e+42	7.805953111221825e+41	5.4962591642386016e+41	3.2865692251916977e+41	9.699512355282918e+40	5.04140932533172e+40	2.0107055986156027e+40	8.845201227662348e+41	4.92652847711013e+41	3.2865692251916977e+41	2.2939134539000973e+41
219320.2745558353	4.5656421217436713e+42	1.7309762881326066e+42	1.199670368072916e+42	7.528879961098409e+41	5.338735297236477e+41	3.2175441429076014e+41	9.607632163812294e+40	5.013360537020657e+40	2.007409397441522e+40	8.505915263786213e+41	4.794364131798888e+41	3.2175441429076014e+41	2.255305463823286e+41
232943.24683707266	3.853175440668222e+42	1.6074127754699716e+42	1.1333411157967968e+42	7.217090134296338e+41	5.15771861008015e+41	3.135496109233338e+41	9.484051513357011e+40	4.970315161596172e+40	1.9987809413589897e+40	8.126916021327274e+41	4.641454784045289e+41	3.135496109233338e+41	2.2081142572405997e+41
247415.69629943208	3.231608216985192e+42	1.477902039176827e+42	1.0620359006108272e+42	6.87302216418538e+41	4.954360992022067e+41	3.0408151659486744e+41	9.329104946555856e+40	4.912378434528368e+40	1.9848500390803616e+40	7.711397168957353e+41	4.4687137958143696e+41	3.0408151659486744e+41	2.1525249836769757e+41
262790.6971770063	2.694219411420223e+42	1.3443284735665507e+42	9.86603600734036e+41	6.4998919226744074e+41	4.73027684974805e+41	2.9341119515030316e+41	9.14356786801997e+40	4.839856680369491e+40	1.9657177304704461e+40	7.263488170936065e+41	4.277448604291174e+41	2.9341119515030316e+41	2.0888570560715017e+41
279124.64024667785	2.2336531808809734e+42	1.208762863687028e+42	9.080239080294132e+41	6.101595262710187e+41	4.487487175514943e+41	2.8161886037871627e+41	8.928576702152734e+40	4.753216384870273e+40	1.9415403002407845e+40	6.7881319785034344e+41	4.069312656651401e+41	2.8161886037871627e+41	2.0175446253183333e+41
296477.4400388259	1.842192486281126e+42	1.0733869699843382e+42	8.273792976931662e+41	5.682609788802057e+41	4.2283660964180905e+41	2.6880122015016893e+41	8.685556492005227e+40	4.653046759531117e+40	1.9125145205268014e+40	6.2909589847546365e+41	3.846260091186723e+41	2.6880122015016893e+41	1.9391189461973385e+41
314912.7549970914	1.5120465602748274e+42	9.404125858498951e+41	7.45825028724648e+41	5.2478974954319365e+41	3.955591669478868e+41	2.550692088612991e+41	8.416160150278177e+40	4.540027897623956e+40	1.8788649096702246e+40	5.778158902828859e+41	3.610504869451372e+41	2.550692088612991e+41	1.854193630110059e+41
334498.22139610705	1.2356099707415719e+42	8.119964794599904e+41	6.6455696411447625e+41	4.8028068061119015e+41	3.672100573092932e+41	2.4054613381093837e+41	8.12222110554838e+40	4.414905433295513e+40	1.8408333525027502e+40	5.256348596580539e+41	3.3644842257573844e+41	2.4054613381093837e+41	1.7634530907119016e+41
355305.7018766257	1.0056700303065654e+42	6.901532655919567e+41	5.8477688594198595e+41	4.352970464472852e+41	3.381044836206359e+41	2.253661818877159e+41	7.805719372316019e+40	4.278471802064817e+40	1.7986711267938532e+40	4.732431709980485e+41	3.1108249731422502e+41	2.253661818877159e+41	1.6676439927356276e+41
377411.54951117997	8.155543388397217e+41	5.7666939592404955e+41	5.076551748132252e+41	3.904194741330458e+41	3.0857477817945055e+41	2.0967317819015834e+41	7.468759970536305e+40	4.131553693614519e+40	1.7526331961148322e+40	4.2134451939313164e+41	2.85231032706948e+41	2.0967317819015834e+41	1.5675691753110113e+41
400896.88837047404	6.592205095333832e+41	4.73022862939762e+41	4.342912011680642e+41	3.4623354942383432e+41	2.7896558811111874e+41	1.9361945230533315e+41	7.113561961262892e+40	3.975005005224984e+40	1.7029745312534892e+40	3.706388488404094e+41	2.591844416942636e+41	1.9361945230533315e+41	1.4640832969997166e+41
425847.91162134596	5.312960513446251e+41	3.8031453479102735e+41	3.656724873452123e+41	3.0331577380032748e+41	2.4962831897057714e+41	1.773646465271076e+41	6.742455994523401e+40	3.8097044710193807e+40	1.6499481826526415e+40	3.218033154537913e+41	2.3324115140016956e+41	1.773646465271076e+41	1.3580893042373013e+41
452356.1982515727	4.270789425217434e+41	2.9921785152809216e+41	3.0263455561197525e+41	2.622177555918235e+41	2.2091454757751087e+41	1.6107429107885505e+41	6.357888062467633e+40	3.636557098887417e+40	1.5938048233236434e+40	2.754714102587287e+41	2.0770272131964225e+41	1.6107429107885505e+41	1.2505347336253598e+41
480519.04958524654	3.4250971017361243e+41	2.299534786806631e+41	2.458242403131564e+41	2.2344883524095455e+41	1.931682091612923e+41	1.4491797430882804e+41	5.96242702383313e+40	3.4564985472167404e+40	1.5347934983661969e+40	2.322108043782484e+41	1.8286793958861754e+41	1.4491797430882804e+41	1.1424068090652277e+41
510439.8468251892	2.7412476889209214e+41	1.7229409143461856e+41	1.9566992365542784e+41	1.8745774506535722e+41	1.667165120843686e+41	1.2906695299967864e+41	5.558773360610167e+40	3.2705015872483613e+40	1.473163342640527e+40	1.9250100151835402e+41	1.5902578170603019e+41	1.2906695299967864e+41	1.0347252887302258e+41
542228.4309361458	2.1899907383606612e+41	1.256016429337698e+41	1.523624330898896e+41	1.5461434954084645e+41	1.4185973584735697e+41	1.1369108281472841e+41	5.149766511499504e+40	3.0795838011494594e+40	1.4091660537556924e+40	1.5671240918490685e+41	1.3644726365134104e+41	1.1369108281472841e+41	9.2853206619607e+40
576001.5062646072	1.746842857393799e+41	8.889550010566318e+40	1.158500048090296e+41	1.251929396263101e+41	1.1886031683989171e+41	9.895500582149032e+40	4.738388001360503e+40	2.884815651177545e+40	1.3430589293929191e+40	1.2508887033518786e+41	1.1537641342768441e+41	9.895500582149032e+40	8.248766587252082e+40
611883.0693783414	1.3914690655107032e+41	6.09453524893267e+40	8.584964015175899e+40	9.935887335011963e+40	9.793189939392346e+40	8.501361403165053e+40	4.3277574660730795e+40	2.6873280127751123e+40	1.275108291553318e+40	9.77359062800454e+40	9.602081044118218e+40	8.501361403165053e+40	7.247969514364234e+40
650004.8647013963	1.1070936494612531e+41	4.037876768483281e+40	6.187538005547309e+40	7.716045942912628e+40	7.922928902164213e+40	7.200691561513895e+40	3.921118613025974e+40	2.488318199453984e+40	1.205593125409784e+40	7.461678593523522e+40	7.854237711541932e+40	7.200691561513895e+40	6.292949406813348e+40
690506.8686188067	8.799585501902504e+40	2.579071117282011e+40	4.3281719682322824e+40	5.852777209486808e+40	6.284043493715315e+40	6.005455871989176e+40	3.5218122233083412e+40	2.2890534237045533e+40	1.1348087545527486e+40	5.555796887144823e+40	6.304931231151174e+40	6.005455871989176e+40	5.393077528929932e+40
733537.8038298615	6.988384981418044e+40	1.5842054092560433e+40	2.931800582159321e+40	4.327950653171146e+40	4.878162561755752e+40	4.925040428660114e+40	3.133233592330183e+40	2.0908705531971375e+40	1.0630703581395263e+40	4.026446531948045e+40	4.95901799309404e+40	4.925040428660114e+40	4.556749073307298e+40
779255.6858399439	5.546158598201948e+40	9.336300275107042e+39	1.9187750198099466e+40	3.113805536745748e+40	3.699694439567961e+40	3.9657662559746547e+40	2.7587724364704173e+40	1.8951709609154906e+40	9.90716110118798e+39	2.8344326297487136e+40	3.8151152618138565e+40	3.9657662559746547e+40	3.7910360660753e+40
827828.4035990658	4.399139792788513e+40	5.2680240971363354e+39	1.2105871733149096e+40	2.1751828145354102e+40	2.736266726905417e+40	3.1305188543824144e+40	2.401734366891008e+40	1.703409258732423e+40	9.181096852316969e+39	1.9340053179775e+40	2.865721423841801e+40	3.1305188543824144e+40	3.101346888136372e+40
879434.3364206997	3.4878522243022437e+40	2.8417815557267645e+39	7.347268093644741e+39	1.4722666038872766e+40	1.9696706463880174e+40	2.418553703363159e+40	2.065244655726839e+40	1.517074799587312e+40	8.456418379946956e+39	1.276351418473163e+40	2.097773127158332e+40	2.418553703363159e+40	2.491126202207507e+40
934263.0094478377	2.7644852123618197e+40	1.465222589769805e+39	4.281791994827247e+39	9.635294221974067e+39	1.3772485977226451e+40	1.8255279384368846e+40	1.7521372006070375e+40	1.337665073424819e+40	7.737307196486067e+39	8.130290953899635e+39	1.493624422261352e+40	1.8255279384368846e+40	1.9616335351429532e+40
992515.7900748742	2.190706250364084e+40	7.236338928155107e+38	2.3932887621573804e+39	6.085354864708552e+39	9.335914706012803e+39	1.3437869859093608e+40	1.4648342597970298e+40	1.1666505667063328e+40	7.028205648173591e+39	4.989466404847004e+39	1.0323693312044781e+40	1.3437869859093608e+40	1.5118381944520724e+40
1054406.627884415	1.735852180642173e+40	3.4453835568963626e+38	1.2831962376965866e+39	3.702816935101979e+39	6.123565870088056e+39	9.629033062535023e+39	1.2052254277563797e+40	1.0054313431993709e+40	6.333783629838539e+39	2.9457314205512907e+39	6.913709246295693e+39	9.629033062535023e+39	1.1384609030423078e+40
1120162.8408180487	1.3754435049789026e+40	1.6030666686005698e+38	6.616186238380747e+38	2.1684381530733256e+39	3.8799312088722706e+39	6.704271726242506e+39	9.745570093587677e+39	8.552865499682314e+39	5.658881424957745e+39	1.672142355030473e+39	4.4782146286301037e+39	6.704271726242506e+39	8.36177934302484e+39
1190025.9504700361	1.0899711020173512e+40	7.4610544661345015e+37	3.3023447127581243e+38	1.2222561667876675e+39	2.3717810340978748e+39	4.5277399030061575e+39	7.733448256991352e+39	7.173192334571728e+39	5.0084255626625483e+39	9.135448727260863e+38	2.801508691329902e+39	4.5277399030061575e+39	5.979828000573889e+39
1264252.5695734273	8.639102683761125e+39	3.585818719634773e+37	1.6168416399443966e+38	6.644865382235189e+38	1.3982079742136093e+39	2.9614753745790685e+39	6.013238131784489e+39	5.924001513425216e+39	4.38731579244787e+39	4.821767145339872e+38	1.69128794039476e+39	2.9614753745790685e+39	4.156768396912211e+39
1343115.3449399548	6.849228906337444e+39	1.8327946786562146e+37	7.9357901947308865e+37	3.5036415346965224e+38	7.957368918171207e+38	1.8739088217241802e+39	4.57445952550793e+39	4.811155196963953e+39	3.80028332777251e+39	2.4793532423927467e+38	9.856337600701218e+38	1.8739088217241802e+39	2.804382517436755e+39
1426903.9593188963	5.4321420337688695e+39	1.0065753351857211e+37	4.0178953838681935e+37	1.8113336087423695e+38	4.3874606148887005e+38	1.1466978615456611e+39	3.399337200699919e+39	3.837245508143479e+39	3.2517233781360757e+39	1.2608828758705838e+38	5.557349119741956e+38	1.1466978615456611e+39	1.834045110137605e+39
1515926.195856702	4.3101582532858776e+39	5.853712562704865e+36	2.1533708944955963e+37	9.348644713862888e+37	2.361565480815879e+38	6.792492154995796e+38	2.4638963146854355e+39	3.001329193767957e+39	2.745508746566672e+39	6.487002981266418e+37	3.048259235518639e+38	6.792492154995796e+38	1.1620002793297713e+39
1610509.0690693355	3.421714184763437e+39	3.50834091852429e+36	1.2328650520650054e+37	4.935798538366767e+37	1.257556906388466e+38	3.9071686172329475e+38	1.7395441288326614e+39	2.2988762253179434e+39	2.2847955498733958e+39	3.466650332853631e+37	1.6434433837453176e+38	3.9071686172329475e+38	7.135089151719004e+38
1711000.026483839	2.7180538532024947e+39	2.1146171344449576e+36	7.447805135197888e+36	2.7311279037124303e+37	6.757601487428014e+37	2.1969320932852e+38	1.194984188175339e+39	1.721969074225386e+39	1.8718364610847294e+39	1.9626295488376761e+37	8.854172109109455e+37	2.1969320932852e+38	4.254970531436427e+38
1817768.2253655267	2.1605850912646834e+39	1.2612667119767818e+36	4.6359858868056395e+36	1.6040387616064042e+37	3.750753558004352e+37	1.2214220652908686e+38	7.982495475225685e+38	1.2597607490515666e+39	1.5078204540130482e+39	1.1797898257770297e+37	4.871891157420756e+37	1.2214220652908686e+38	2.4760795133539558e+38
1931205.889223378	1.7187738356159785e+39	7.376643587650174e+35	2.9078359788165216e+36	9.943006396766568e+36	2.1906654654829386e+37	6.829128557601477e+37	5.186177699302097e+38	8.991637714379696e+38	1.1927597741362924e+39	7.416845821492423e+36	2.7972206415359626e+37	6.829128557601477e+37	1.418271289598008e+38
2051729.7490796833	1.3684694741647928e+39	4.2092560439051084e+35	1.8098635401070374e+36	6.383960347103908e+36	1.3524856758577504e+37	3.918993857216665e+37	3.2819114631079785e+38	6.257056806827306e+38	9.254437923496e+38	4.7701291455842886e+36	1.6956050135564716e+37	3.918993857216665e+37	8.104768289855422e+37
2179782.574801919	1.0905747774728442e+39	2.3362287899739833e+35	1.1077866224527239e+36	4.157830583551161e+36	8.729327218046973e+36	2.34941070005034e+37	2.0298794489086772e+38	4.244574717952509e+38	7.034746708681469e+38	3.0796097296353234e+36	1.0808922265165749e+37	2.34941070005034e+37	4.703484608850637e+37
2315834.8021262935	8.69990686170806e+38	1.2583437485369702e+35	6.634386859223191e+35	2.703244341989655e+36	5.779791367990037e+36	1.4816262788896942e+37	1.2348014368699463e+38	2.8092734082548793e+38	5.2339127362394725e+38	1.9706110837550997e+36	7.132072188846549e+36	1.4816262788896942e+37	2.8230111440932024e+37
2460386.2613547645	6.947800219372671e+38	6.564135844315091e+34	3.875648931531784e+35	1.736771094191906e+36	3.856390216114906e+36	9.76322399577799e+36	7.460812510669357e+37	1.8181797166302687e+38	3.808763921931429e+38	1.2404994612149171e+36	4.7809994066427374e+36	9.76322399577799e+36	1.7733378384097765e+37
2613968.0140818073	5.555052135568272e+38	3.309692227299357e+34	2.2035452793133967e+35	1.0961740756322138e+36	2.5599872928373583e+36	6.619276773534241e+36	4.538044906042547e+37	1.1557082651641994e+38	2.7102979115671766e+38	7.649054633315958e+35	3.207344801398801e+36	6.619276773534241e+36	1.1660882204037536e+37
2777144.304705349	4.447042200976925e+38	1.609715766175269e+34	1.2170263063943026e+35	6.772933509071499e+35	1.6774420828511472e+36	4.541895069161708e+36	2.8211114549863133e+37	7.266006251233571e+37	1.886786159675323e+38	4.607332976152445e+35	2.1319113466326782e+36	4.541895069161708e+36	7.941758387741822e+36
2950514.6338995	3.564760508724207e+38	7.536174595244023e+33	6.5174099276401815e+34	4.0870632473303496e+35	1.0799009600887419e+36	3.1137886178307253e+36	1.815232601383322e+37	4.564209594292608e+37	1.2868989679359459e+38	2.7054155487182278e+35	1.3956906175486818e+36	3.1137886178307253e+36	5.517389439042683e+36
3134715.9616767555	2.861531114036845e+38	3.388782691979198e+33	3.3778012039889135e+34	2.4041576109617176e+35	6.810629416320766e+35	2.114894132156453e+36	1.2153910519143554e+37	2.9004192046433334e+37	8.624931274779832e+37	1.5458896700903797e+35	8.96691996989431e+35	2.114894132156453e+36	3.855946473232121e+36
3330425.048145879	2.300422982696695e+38	1.4602800024658922e+33	1.6909801543492154e+34	1.3761861899910297e+35	4.199099229167854e+35	1.4157650612557798e+36	8.434982139293524e+36	1.8878749852821233e+37	5.707657865624986e+37	8.58072467577201e+34	5.640216993390598e+35	1.4157650612557798e+36	2.683510297388865e+36
3538360.940580681	1.8522047551312335e+38	6.015766681343784e+32	8.160503715780452e+33	7.652579981296515e+34	2.526578645044308e+35	9.311268204439623e+35	6.004971981458797e+36	1.2695828132405426e+37	3.755947618952239e+37	4.618503523672523e+34	3.466909414570216e+35	9.311268204439623e+35	1.847633618389814e+36
3759287.615956363	1.4937293329991581e+38	2.363314175976103e+32	3.788441490911818e+33	4.1266075185329243e+34	1.4811647420509391e+35	6.003315296649932e+35	4.332133471280388e+36	8.836819929202899e+36	2.480293352967025e+37	2.4061209949553325e+34	2.0790453253202742e+35	6.003315296649932e+35	1.2534754131749473e+36
3994016.788686277	1.2066583125760023e+38	8.830552672385024e+31	1.6881825056108406e+33	2.1539990872974615e+34	8.446080092136509e+34	3.787761390877823e+35	3.134096316957878e+36	6.332751668181394e+36	1.660321160336595e+37	1.2110136401256725e+34	1.2143957861230797e+35	3.787761390877823e+35	8.357343803125548e+35
