#t	Le	U	B	V	R	I	J	H	K	g	r	i	z
#----------------------------------------------- 
3.15197801850754	0.0	0.0	0.0	0.0	0.0	0.0	0.0	0.0	0.0	0.0	0.0	0.0	0.0
3.2477678170924973	0.0	0.0	0.0	0.0	0.0	0.0	0.0	0.0	0.0	0.0	0.0	0.0	0.0
3.431255582167064	0.0	0.0	0.0	0.0	0.0	0.0	0.0	0.0	0.0	0.0	0.0	0.0	0.0
3.6306541579322507	0.0	0.0	0.0	0.0	0.0	0.0	0.0	0.0	0.0	0.0	0.0	0.0	0.0
3.8471773232254978	0.0	0.0	0.0	0.0	0.0	0.0	0.0	0.0	0.0	0.0	0.0	0.0	0.0
4.08247905767965	0.0	0.0	0.0	0.0	0.0	0.0	0.0	0.0	0.0	0.0	0.0	0.0	0.0
4.33840834521884	0.0	0.0	0.0	0.0	0.0	0.0	0.0	0.0	0.0	0.0	0.0	0.0	0.0
4.617005786800606	0.0	0.0	0.0	0.0	0.0	0.0	0.0	0.0	0.0	0.0	0.0	0.0	0.0
4.920515966831458	0.0	0.0	0.0	0.0	0.0	0.0	0.0	0.0	0.0	0.0	0.0	0.0	0.0
5.2514030415293815	0.0	0.0	0.0	0.0	0.0	0.0	0.0	0.0	0.0	0.0	0.0	0.0	0.0
5.612367439501428	0.0	0.0	0.0	0.0	0.0	0.0	0.0	0.0	0.0	0.0	0.0	0.0	0.0
6.006362998685106	0.0	0.0	0.0	0.0	0.0	0.0	0.0	0.0	0.0	0.0	0.0	0.0	0.0
6.4366141312644	0.0	0.0	0.0	0.0	0.0	0.0	0.0	0.0	0.0	0.0	0.0	0.0	0.0
6.906632648666463	0.0	0.0	0.0	0.0	0.0	0.0	0.0	0.0	0.0	0.0	0.0	0.0	0.0
7.420233869591861	0.0	0.0	0.0	0.0	0.0	0.0	0.0	0.0	0.0	0.0	0.0	0.0	0.0
7.981551622791662	0.0	0.0	0.0	0.0	0.0	0.0	0.0	0.0	0.0	0.0	0.0	0.0	0.0
8.595051761563195	0.0	0.0	0.0	0.0	0.0	0.0	0.0	0.0	0.0	0.0	0.0	0.0	0.0
9.265543838343895	0.0	0.0	0.0	0.0	0.0	0.0	0.0	0.0	0.0	0.0	0.0	0.0	0.0
9.998190650684148	0.0	0.0	0.0	0.0	0.0	0.0	0.0	0.0	0.0	0.0	0.0	0.0	0.0
10.798515465543087	0.0	0.0	0.0	0.0	0.0	0.0	0.0	0.0	0.0	0.0	0.0	0.0	0.0
11.672406854404665	0.0	0.0	0.0	0.0	0.0	0.0	0.0	0.0	0.0	0.0	0.0	0.0	0.0
12.626121219984041	0.0	0.0	0.0	0.0	0.0	0.0	0.0	0.0	0.0	0.0	0.0	0.0	0.0
13.666283255143728	0.0	0.0	0.0	0.0	0.0	0.0	0.0	0.0	0.0	0.0	0.0	0.0	0.0
14.79988473210645	0.0	0.0	0.0	0.0	0.0	0.0	0.0	0.0	0.0	0.0	0.0	0.0	0.0
16.03428216002879	0.0	0.0	0.0	0.0	0.0	0.0	0.0	0.0	0.0	0.0	0.0	0.0	0.0
17.377193957185792	0.0	0.0	0.0	0.0	0.0	0.0	0.0	0.0	0.0	0.0	0.0	0.0	0.0
18.83669784923079	0.0	0.0	0.0	0.0	0.0	0.0	0.0	0.0	0.0	0.0	0.0	0.0	0.0
20.42122922083036	0.0	0.0	0.0	0.0	0.0	0.0	0.0	0.0	0.0	0.0	0.0	0.0	0.0
22.139581113880805	0.0	0.0	0.0	0.0	0.0	0.0	0.0	0.0	0.0	0.0	0.0	0.0	0.0
24.000906486740245	0.0	0.0	0.0	0.0	0.0	0.0	0.0	0.0	0.0	0.0	0.0	0.0	0.0
26.014723235637316	0.0	0.0	0.0	0.0	0.0	0.0	0.0	0.0	0.0	0.0	0.0	0.0	0.0
28.190922344998153	0.0	0.0	0.0	0.0	0.0	0.0	0.0	0.0	0.0	0.0	0.0	0.0	0.0
30.539779392072706	0.0	0.0	0.0	0.0	0.0	0.0	0.0	0.0	0.0	0.0	0.0	0.0	0.0
33.07196949649581	0.0	0.0	0.0	0.0	0.0	0.0	0.0	0.0	0.0	0.0	0.0	0.0	0.0
35.79858568763322	0.0	0.0	0.0	0.0	0.0	0.0	0.0	0.0	0.0	0.0	0.0	0.0	0.0
38.73116056930342	0.0	0.0	0.0	0.0	0.0	0.0	0.0	0.0	0.0	0.0	0.0	0.0	0.0
41.88169109571945	0.0	0.0	0.0	0.0	0.0	0.0	0.0	0.0	0.0	0.0	0.0	0.0	0.0
45.26266623452288	0.0	0.0	0.0	0.0	0.0	0.0	0.0	0.0	0.0	0.0	0.0	0.0	0.0
48.887097279859184	0.0	0.0	0.0	0.0	0.0	0.0	0.0	0.0	0.0	0.0	0.0	0.0	0.0
52.76855058626805	0.0	0.0	0.0	0.0	0.0	0.0	0.0	0.0	0.0	0.0	0.0	0.0	0.0
56.92118251772212	0.0	0.0	0.0	0.0	0.0	0.0	0.0	0.0	0.0	0.0	0.0	0.0	0.0
61.35977644031689	0.0	0.0	0.0	0.0	0.0	0.0	0.0	0.0	0.0	0.0	0.0	0.0	0.0
66.09978162737683	0.0	0.0	0.0	0.0	0.0	0.0	0.0	0.0	0.0	0.0	0.0	0.0	0.0
71.15735398830851	0.0	0.0	0.0	0.0	0.0	0.0	0.0	0.0	0.0	0.0	0.0	0.0	0.0
76.54939857456874	0.0	0.0	0.0	0.0	0.0	0.0	0.0	0.0	0.0	0.0	0.0	0.0	0.0
82.29361385583059	0.0	0.0	0.0	0.0	0.0	0.0	0.0	0.0	0.0	0.0	0.0	0.0	0.0
88.40853779548605	0.0	0.0	0.0	0.0	0.0	0.0	0.0	0.0	0.0	0.0	0.0	0.0	0.0
94.91359578669426	0.0	0.0	0.0	0.0	0.0	0.0	0.0	0.0	0.0	0.0	0.0	0.0	0.0
101.82915053813971	0.0	0.0	0.0	0.0	0.0	0.0	0.0	0.0	0.0	0.0	0.0	0.0	0.0
109.17655402281319	0.0	0.0	0.0	0.0	0.0	0.0	0.0	0.0	0.0	0.0	0.0	0.0	0.0
116.97820162389678	0.0	0.0	0.0	0.0	0.0	0.0	0.0	0.0	0.0	0.0	0.0	0.0	0.0
125.25758862987276	0.0	0.0	0.0	0.0	0.0	0.0	0.0	0.0	0.0	0.0	0.0	0.0	0.0
134.03936924676108	0.0	0.0	0.0	0.0	0.0	0.0	0.0	0.0	0.0	0.0	0.0	0.0	0.0
143.34941830957854	0.0	0.0	0.0	0.0	0.0	0.0	0.0	0.0	0.0	0.0	0.0	0.0	0.0
153.21489588822584	0.0	0.0	0.0	0.0	0.0	0.0	0.0	0.0	0.0	0.0	0.0	0.0	0.0
163.6643149956168	0.0	0.0	0.0	0.0	0.0	0.0	0.0	0.0	0.0	0.0	0.0	0.0	0.0
174.72761262059518	0.0	0.0	0.0	0.0	0.0	0.0	0.0	0.0	0.0	0.0	0.0	0.0	0.0
186.43622432641084	0.0	0.0	0.0	0.0	0.0	0.0	0.0	0.0	0.0	0.0	0.0	0.0	0.0
198.82316264505923	0.0	0.0	0.0	0.0	0.0	0.0	0.0	0.0	0.0	0.0	0.0	0.0	0.0
211.92309953707294	0.0	0.0	0.0	0.0	0.0	0.0	0.0	0.0	0.0	0.0	0.0	0.0	0.0
225.77245318585335	0.0	0.0	0.0	0.0	0.0	0.0	0.0	0.0	0.0	0.0	0.0	0.0	0.0
240.4094794178466	0.0	0.0	0.0	0.0	0.0	0.0	0.0	0.0	0.0	0.0	0.0	0.0	0.0
255.87436806027708	0.0	0.0	0.0	0.0	0.0	0.0	0.0	0.0	0.0	0.0	0.0	0.0	0.0
272.20934454838317	0.0	0.0	0.0	0.0	0.0	0.0	0.0	0.0	0.0	0.0	0.0	0.0	0.0
289.4587771041182	0.0	0.0	0.0	0.0	0.0	0.0	0.0	0.0	0.0	0.0	0.0	0.0	0.0
307.6692899641821	0.0	0.0	0.0	0.0	0.0	0.0	0.0	0.0	0.0	0.0	0.0	0.0	0.0
326.88988301650585	0.0	0.0	0.0	0.0	0.0	0.0	0.0	0.0	0.0	0.0	0.0	0.0	0.0
347.17205823493805	0.0	0.0	0.0	0.0	0.0	0.0	0.0	0.0	0.0	0.0	0.0	0.0	0.0
368.5699533476836	0.0	0.0	0.0	0.0	0.0	0.0	0.0	0.0	0.0	0.0	0.0	0.0	0.0
391.14048328013837	0.0	0.0	0.0	0.0	0.0	0.0	0.0	0.0	0.0	0.0	0.0	0.0	0.0
414.9434898570216	0.0	0.0	0.0	0.0	0.0	0.0	0.0	0.0	0.0	0.0	0.0	0.0	0.0
440.04190033863284	0.0	0.0	0.0	0.0	0.0	0.0	0.0	0.0	0.0	0.0	0.0	0.0	0.0
466.5018953822213	0.0	0.0	0.0	0.0	0.0	0.0	0.0	0.0	0.0	0.0	0.0	0.0	0.0
494.3930870957891	0.0	0.0	0.0	0.0	0.0	0.0	0.0	0.0	0.0	0.0	0.0	0.0	0.0
523.7887078702925	0.0	0.0	0.0	0.0	0.0	0.0	0.0	0.0	0.0	0.0	0.0	0.0	0.0
554.7658107277391	0.0	0.0	0.0	0.0	0.0	0.0	0.0	0.0	0.0	0.0	0.0	0.0	0.0
587.4054820359971	0.0	0.0	0.0	0.0	0.0	0.0	0.0	0.0	0.0	0.0	0.0	0.0	0.0
621.7930674443935	0.0	0.0	0.0	0.0	0.0	0.0	0.0	0.0	0.0	0.0	0.0	0.0	0.0
658.0184119765366	0.0	0.0	0.0	0.0	0.0	0.0	0.0	0.0	0.0	0.0	0.0	0.0	0.0
696.1761153228217	0.0	0.0	0.0	0.0	0.0	0.0	0.0	0.0	0.0	0.0	0.0	0.0	0.0
736.3658034475443	0.0	0.0	0.0	0.0	0.0	0.0	0.0	0.0	0.0	0.0	0.0	0.0	0.0
778.6924176991835	0.0	0.0	0.0	0.0	0.0	0.0	0.0	0.0	0.0	0.0	0.0	0.0	0.0
823.2665227261514	0.0	0.0	0.0	0.0	0.0	0.0	0.0	0.0	0.0	0.0	0.0	0.0	0.0
870.2046346296486	0.0	0.0	0.0	0.0	0.0	0.0	0.0	0.0	0.0	0.0	0.0	0.0	0.0
919.62957088871	0.0	0.0	0.0	0.0	0.0	0.0	0.0	0.0	0.0	0.0	0.0	0.0	0.0
971.6708237138778	0.0	0.0	0.0	0.0	0.0	0.0	0.0	0.0	0.0	0.0	0.0	0.0	0.0
1026.4649586869725	0.0	0.0	0.0	0.0	0.0	0.0	0.0	0.0	0.0	0.0	0.0	0.0	0.0
1084.156040564044	0.0	0.0	0.0	0.0	0.0	0.0	0.0	0.0	0.0	0.0	0.0	0.0	0.0
1144.8960884460976	0.0	0.0	0.0	0.0	0.0	0.0	0.0	0.0	0.0	0.0	0.0	0.0	0.0
1208.8455627979674	0.0	0.0	0.0	0.0	0.0	0.0	0.0	0.0	0.0	0.0	0.0	0.0	0.0
1276.173886595333	0.0	0.0	0.0	0.0	0.0	0.0	0.0	0.0	0.0	0.0	0.0	0.0	0.0
1347.0600023193294	0.0	0.0	0.0	0.0	0.0	0.0	0.0	0.0	0.0	0.0	0.0	0.0	0.0
1421.6929699637835	0.0	0.0	0.0	0.0	0.0	0.0	0.0	0.0	0.0	0.0	0.0	0.0	0.0
1500.2726106097352	0.0	0.0	0.0	0.0	0.0	0.0	0.0	0.0	0.0	0.0	0.0	0.0	0.0
1583.0101978965297	2.5593162901077617e+29	3.324015624623982e+27	1.907395427809906e+27	1.0178512491910966e+27	6.610676183675234e+26	3.609408515723854e+26	9.276079902254675e+25	4.5977392583429404e+25	1.7476976556073063e+25	1.1929826257362468e+27	5.798147195585836e+26	3.609408515723854e+26	2.3968444814472533e+26
1670.1292000783	7.83763617915893e+30	1.1201006406555289e+29	6.438700567939157e+28	3.44122004526881e+28	2.236888504296538e+28	1.2225255187664867e+28	3.1466351688281946e+27	1.5604787080107322e+27	5.934951964193251e+26	4.0318919028577475e+28	1.9624027893899706e+28	1.2225255187664867e+28	8.122636766966336e+27
1761.866078002571	1.7158226651118803e+32	2.6973684511578763e+30	1.553372200284369e+30	8.315468580427457e+29	5.4100748139429645e+29	2.959759920903593e+29	7.6300908874050635e+28	3.7860060725003122e+28	1.4407437315513735e+28	9.739211865225418e+29	4.747351697903037e+29	2.959759920903593e+29	1.967613330791628e+29
1858.471144133955	2.6937589593152454e+33	4.657424549993953e+31	2.6872521721042066e+31	1.4409378970505099e+31	9.383439090539868e+30	5.138927146760257e+30	1.326958539891105e+30	6.588072498374763e+29	2.5085299894779343e+29	1.6870054891344574e+31	8.236044635178986e+30	5.138927146760257e+30	3.418295218904328e+30
1960.2094881985388	2.838072087270853e+34	5.7722446283747215e+32	3.342031282135809e+32	1.797481328088344e+32	1.1724841468852063e+32	6.433480366990502e+31	1.6661700375749491e+31	8.280785059435104e+30	3.1564170491656044e+30	2.102977935462104e+32	1.029580591685662e+32	6.433480366990502e+31	4.283934587916116e+31
2067.3619742325477	5.659779159754658e+37	4.3391460881297795e+33	2.3942533056102826e+33	1.234036904804842e+33	7.861367290112919e+32	4.197938517369549e+32	1.0418164943063743e+32	5.100440012586952e+31	1.9142987971994425e+31	1.4579420426371874e+33	6.858940404070828e+32	4.197938517369549e+32	2.75327366621941e+32
2180.33944672895	5.241274259643932e+38	6.029040857729951e+34	3.330372116108917e+34	1.7182231512841198e+34	1.0951908587050654e+34	5.852020597357858e+33	1.453790374169665e+33	7.119920223723037e+32	2.6732485206326033e+32	2.0295180170417753e+34	9.556841823803102e+33	5.852020597357858e+33	3.839504880632694e+33
2299.436220347433	4.937356651299001e+39	6.6419224776897595e+35	3.670635214318474e+35	1.894565671497642e+35	1.2078741105083997e+35	6.455879662607134e+34	1.6044933279982335e+34	7.859187403123766e+33	2.9512801170997324e+33	2.2375934125708677e+35	1.0540811722559915e+35	6.455879662607134e+34	4.236340553621074e+34
2424.9783909191283	4.395163855541608e+40	5.840822656775117e+36	3.2277789346112923e+36	1.665928703358837e+36	1.0620857040528828e+36	5.676531767597656e+35	1.4107476294382485e+35	6.910083285403611e+34	2.5948371223176544e+34	1.9675762104098283e+36	9.268501565043831e+35	5.676531767597656e+35	3.7248840873578905e+35
2557.3089274905274	2.6120578772432263e+41	3.829655670220721e+37	2.117002868661155e+37	1.0929295831208557e+37	6.968856097164735e+36	3.725302398414535e+36	9.260811362510191e+35	4.536554541179525e+35	1.703717257015745e+35	1.2907440536042903e+37	6.081763548395466e+36	3.725302398414535e+36	2.4447483541263822e+36
2696.7885108618702	1.3473693775391298e+42	2.0464793797626354e+38	1.1314012509694231e+38	5.841574978154448e+37	3.724972866386883e+37	1.9913643337804355e+37	4.950874498785886e+36	2.4253507843701553e+36	9.108817513396273e+35	6.898713418727686e+37	3.2508554568329635e+37	1.9913643337804355e+37	1.306889374996653e+37
2843.796403674005	5.612566181502971e+42	8.891071831935477e+38	4.9161036274774806e+38	2.5385510414704828e+38	1.6188549726116266e+38	8.655037628299273e+37	2.15205355131449e+37	1.0543008247622558e+37	3.959783432791002e+36	2.9978656972664685e+38	1.4128315298807441e+38	8.655037628299273e+37	5.680359286978867e+37
2998.731363273736	1.8095541876246332e+43	3.137846149765397e+39	1.735510025267562e+39	8.964107139496236e+38	5.71733332229564e+38	3.057236507958583e+38	7.603808527233714e+37	3.725500557379851e+37	1.3993774943134639e+37	1.05853889439396e+39	4.989919532495683e+38	3.057236507958583e+38	2.0066779763698065e+38
3162.012599757292	4.982014384953155e+43	9.228093337770557e+39	5.1050889614257866e+39	2.637357367960059e+39	1.6823001305688267e+39	8.996933964918751e+38	2.2381264359707266e+38	1.0966533345750914e+38	4.119570366819707e+37	3.114218044616488e+39	1.4683061647092432e+39	8.996933964918751e+38	5.9057401160839614e+38
3334.080784528514	1.1760244810521635e+44	2.2282579991574774e+40	1.2327895948927007e+40	6.369178013729046e+39	4.062879939079757e+39	2.1729196336981153e+39	5.405840633974289e+38	2.6488567656133273e+38	9.950659596468167e+37	7.52067463269139e+39	3.54610450241232e+39	2.1729196336981153e+39	1.4263756253128528e+39
3515.399122894641	2.47341118581704e+44	4.337371281390525e+40	2.3990145076371405e+40	1.2391458977302442e+40	7.903406606458977e+39	4.226258957134302e+39	1.051158351277219e+39	5.150212271814233e+38	1.9345458217974028e+38	1.4632549475003992e+40	6.897883137109286e+39	4.226258957134302e+39	2.7740115176166343e+39
3706.4545076909603	4.044270729593212e+44	6.472114548817759e+40	3.57864763015347e+40	1.8479449504725054e+40	1.1784576983637383e+40	6.300549053052024e+39	1.5666351636998685e+39	7.675050638070345e+38	2.8826379998925138e+38	2.182298228398154e+40	1.0284832694668292e+40	6.300549053052024e+39	4.135110703991917e+39
3907.758721334842	6.805733344899378e+44	8.389624942168277e+40	4.635103913164341e+40	2.391724185621275e+40	1.524606112433231e+40	8.147337472817893e+39	2.0243156460810673e+39	9.914601622395144e+38	3.722750722696204e+38	2.824941840164532e+40	1.330430413864764e+40	8.147337472817893e+39	5.3457502098754675e+39
4119.849794795736	1.0347506933581477e+45	1.0231039921009655e+41	5.648857287749084e+40	2.913164373017248e+40	1.8564061908184485e+40	9.916782180094668e+39	2.4625170987319598e+39	1.2058293876994583e+39	4.526693974136226e+38	3.4412827184858334e+40	1.6198308720652158e+40	9.916782180094668e+39	6.505396517054527e+39
4343.293450885556	1.4017867852849774e+45	1.263283286485927e+41	6.973282292013048e+40	3.5954081946566975e+40	2.2908880197111534e+40	1.223604443396121e+40	3.0377602470852104e+39	1.4873936333318124e+39	5.583234536953513e+38	4.2474188400243683e+40	1.9988776936628978e+40	1.223604443396121e+40	8.026201172767495e+39
4578.684578436477	2.0708348234766645e+45	1.6684717045063669e+41	9.2071154345795e+40	4.745877366211661e+40	3.0234723551703924e+40	1.6146061979878185e+40	4.00735348555723e+39	1.9619450789140704e+39	7.363802495948768e+38	5.606871329071967e+40	2.6379726320360707e+40	1.6146061979878185e+40	1.0589918695216462e+40
4826.649228123843	2.7611716939865384e+45	2.1354233255288117e+41	1.1782603439571917e+41	6.072837483207351e+40	3.8686310051612757e+40	2.0658097823940912e+40	5.126696564121262e+39	2.5098699903796152e+39	9.419989366815764e+38	7.174729539058023e+40	3.3753209736045715e+40	2.0658097823940912e+40	1.3548800560981415e+40
5087.8464160299345	3.3540312129432203e+45	2.5973783178858816e+41	1.4331569130323962e+41	7.386611619362278e+40	4.70556248405889e+40	2.5127269429970253e+40	6.235822426193559e+39	3.052866161229823e+39	1.1457962030687827e+39	8.72687752803197e+40	4.105532429420045e+40	2.5127269429970253e+40	1.6479962804271898e+40
5362.969837904616	3.8453277714951765e+45	3.1047427720946473e+41	1.7132939648799028e+41	8.83133119415608e+40	5.626216342435176e+40	3.0045395720280437e+40	7.457107013392871e+39	3.6509011232306816e+39	1.37030069144239e+39	1.0433497961917409e+41	4.908863103042805e+40	3.0045395720280437e+40	1.9706270393644789e+40
5652.749644557029	4.369257359245717e+45	3.73112313206519e+41	2.059243438692851e+41	1.061591380365555e+41	6.763612180842031e+40	3.612236186766912e+40	8.966554082329932e+39	4.390111578523484e+39	1.6478297091625013e+39	1.2541468245364776e+41	5.901354114256995e+40	3.612236186766912e+40	2.3693151096465457e+40
5957.9546180759935	4.8397916148001655e+45	4.43669862011513e+41	2.4491251390505145e+41	1.2628011412738304e+41	8.046331609006674e+40	4.29777388393157e+40	1.0670122584701425e+40	5.2245224777408135e+39	1.9611530293363593e+39	1.4917939749629608e+41	7.020730181675526e+40	4.29777388393157e+40	2.819144270873808e+40
6279.394248924862	4.983365940189931e+45	5.172182002708251e+41	2.85607536901721e+41	1.473069880247105e+41	9.38769559304757e+40	5.01520553682104e+40	1.2455119586127643e+40	6.099195516287241e+39	2.2897415719132592e+39	1.7400725524029909e+41	8.19149575811749e+40	5.01520553682104e+40	3.2901044147780877e+40
6617.920011997827	4.9816735155937045e+45	5.971512672520672e+41	3.298861413393175e+41	1.7020894747141927e+41	1.0849514187461086e+41	5.797580204651666e+40	1.4403734583896169e+40	7.054398425011699e+39	2.648720365503358e+39	2.0104277575645567e+41	9.467595726731904e+40	5.797580204651666e+40	3.803887074432018e+40
6974.427231633733	5.295296199724346e+45	6.994002229333329e+41	3.864895334167479e+41	1.9946856756583947e+41	1.2716533146122626e+41	6.796447414486745e+40	1.6890089795414892e+40	8.272944905075839e+39	3.10656887812077e+39	2.355880619490326e+41	1.109727285840603e+41	6.796447414486745e+40	4.459702513003446e+40
7349.858860721852	5.3139331772450696e+45	8.073233457407821e+41	4.463201025130599e+41	2.3043609914287702e+41	1.4693948398759445e+41	7.855252671666111e+40	1.9529086336126341e+40	9.566899681433974e+39	3.59298335613135e+39	2.721390022647223e+41	1.282364975586316e+41	7.855252671666111e+40	5.155192899695615e+40
7745.206487495195	5.0890187611905134e+45	9.190143901752729e+41	5.08353415827459e+41	2.6259628299133657e+41	1.6749393584619796e+41	8.956996727341498e+40	2.2279662004496037e+40	1.091635702578793e+40	4.1005694402487556e+39	3.1008336799440082e+41	1.4618596638852733e+41	8.956996727341498e+40	5.879314097616381e+40
8161.511833578829	4.7278997981918097e+45	1.0354228981163904e+42	5.731318382240273e+41	2.96237294255109e+41	1.8901538218837098e+41	1.0111843042681393e+41	2.51678116295109e+40	1.2334179027426046e+40	4.6342074280600396e+39	3.4975925964321736e+41	1.6498477009662346e+41	1.0111843042681393e+41	6.638803854262333e+40
8599.868643084048	4.385530270944182e+45	1.1620450013645e+42	6.436904110517375e+41	3.329246577391514e+41	2.1250159611736482e+41	1.1373102376131347e+41	2.832596437006224e+40	1.3885222359434145e+40	5.2182485303788124e+39	3.9301591072810516e+41	1.8550356647130073e+41	1.1373102376131347e+41	7.468638247410811e+40
9061.425464681433	4.327103099269754e+45	1.3169389252740833e+42	7.299487158199502e+41	3.7775045874458735e+41	2.411890865624863e+41	1.2913146595871535e+41	3.2180102468846265e+40	1.577772194804102e+40	5.930725703573754e+39	4.458749391669713e+41	2.105644076666358e+41	1.2913146595871535e+41	8.481701451767739e+40
9547.390610748636	4.582940355548297e+45	1.511643327722802e+42	8.382551841261566e+41	4.339782254048653e+41	2.771537916895723e+41	1.4842638982619979e+41	3.7004106065791766e+40	1.8145629157024276e+40	6.821862028831578e+39	5.121943478450476e+41	2.4197778746499545e+41	1.4842638982619979e+41	9.750502841997085e+40
10059.037733677207	4.707585075865224e+45	1.7223369389622e+42	9.555809857686993e+41	4.94946269352265e+41	3.1617114656497516e+41	1.6937182210821112e+41	4.224579867595643e+40	2.071943988574853e+40	7.790828166993759e+39	5.84089124370132e+41	2.760624217235519e+41	1.6937182210821112e+41	1.1128308984056718e+41
10597.707452445693	4.341009240035e+45	1.9015204569313685e+42	1.0559122589517211e+42	5.4733798230128445e+41	3.497908104031811e+41	1.8747581497229635e+41	4.679854583234019e+40	2.2958808934676955e+40	8.635379247905863e+39	6.4580149675754044e+41	3.0545338247026823e+41	1.8747581497229635e+41	1.232126885153789e+41
11164.805534228775	4.0315089500518116e+45	2.1048727980205137e+42	1.1697717478792511e+42	6.067920372612813e+41	3.879417554837336e+41	2.0801953362118148e+41	5.196471269348693e+40	2.5499884446361407e+40	9.593709034243499e+39	7.158331160411181e+41	3.3880553975999903e+41	2.0801953362118148e+41	1.3674982543028295e+41
11761.808678664358	3.7497665991113716e+45	2.3165221864589644e+42	1.2884553062830852e+42	6.688474973608816e+41	4.277913603188033e+41	2.294961244585554e+41	5.737264250020715e+40	2.816112112286184e+40	1.0597839046477795e+40	7.889066983283482e+41	3.736496766215159e+41	2.294961244585554e+41	1.5090835191109213e+41
12390.268122109297	3.558215026141241e+45	2.529339924870575e+42	1.4080239091973955e+42	7.31472556604498e+41	4.6804497514417975e+41	2.512141904482915e+41	6.28507937480025e+40	3.08585547415791e+40	1.161626468983414e+40	8.626221128374744e+41	4.088561853947151e+41	2.512141904482915e+41	1.652348227498677e+41
13051.81478166127	3.448457093816633e+45	2.757463308308348e+42	1.5361832606605978e+42	7.985941293834849e+41	5.111880163068672e+41	2.7449081084117763e+41	6.872198731068018e+40	3.3749515902560574e+40	1.270775690459292e+40	9.416310393820542e+41	4.465896719922355e+41	2.7449081084117763e+41	1.8058930095323787e+41
13748.164475421238	3.35088423986712e+45	2.981996101778139e+42	1.662497869268801e+42	8.648301629536305e+41	5.5379083276233915e+41	2.974940091850938e+41	7.4531404309825645e+40	3.6611315203275936e+40	1.3788728387785312e+40	1.0195757644440845e+42	4.8385758206076545e+41	2.974940091850938e+41	1.9577008259518527e+41
14481.122182753319	3.2555099365616685e+45	3.192728850178789e+42	1.7812687119605645e+42	9.272137590893217e+41	5.939530421201276e+41	3.1920270350505177e+41	8.002322183503635e+40	3.9318295639803524e+40	1.4811858912676822e+40	1.0929590310226512e+42	5.189994162135481e+41	3.1920270350505177e+41	2.1010519478830566e+41
15252.586881863133	3.1690349661306734e+45	3.3840281765308535e+42	1.8893026676499943e+42	9.840619595578616e+41	6.3058977897635475e+41	3.3902996135822863e+41	8.50489233505466e+40	4.1797270739598994e+40	1.5749499472916383e+40	1.1598024430315355e+42	5.510656638814567e+41	3.3902996135822863e+41	2.232069652609917e+41
16064.556987373384	3.091768190345835e+45	3.559857167516236e+42	1.9887105409906548e+42	1.0364344211548194e+42	6.643678707612403e+41	3.573277162633142e+41	8.969473761685924e+40	4.409033871898585e+40	1.661742109868689e+40	1.2213649244184972e+42	5.806363741471968e+41	3.573277162633142e+41	2.3530497903061178e+41
16919.13611394775	3.0031204043189254e+45	3.737976084951792e+42	2.0890363261191434e+42	1.0891558910571383e+42	6.983348055560894e+41	3.757113177467298e+41	9.43593044317414e+40	4.63926528944342e+40	1.7488947389874418e+40	1.2833696014042333e+42	6.103651381579203e+41	3.757113177467298e+41	2.4745563230865386e+41
17818.538457117153	2.933991431152473e+45	3.9444884933233655e+42	2.2042099075202323e+42	1.1490155720120938e+42	7.366345427103687e+41	3.9626725932204656e+41	9.950948215729632e+40	4.892505165333209e+40	1.8444503722282912e+40	1.3539603492792284e+42	6.438206193517842e+41	3.9626725932204656e+41	2.6097868396981248e+41
18765.096079625335	2.867972140812146e+45	4.1747559173957884e+42	2.3341677549064246e+42	1.2173327167816354e+42	7.806225291880339e+41	4.200333799873314e+41	1.0550260146788767e+41	5.187224329077601e+40	1.9554720438571975e+40	1.4343119934158772e+42	6.823086787713052e+41	4.200333799873314e+41	2.76661633634452e+41
19761.26548494008	2.7997637420773212e+45	4.4157691393437016e+42	2.4703553218271926e+42	1.2890234693310614e+42	8.268325770960536e+41	4.450453717884328e+41	1.1184344884411453e+41	5.500001182207872e+40	2.073777569367394e+40	1.5186009120151296e+42	7.227555699214294e+41	4.450453717884328e+41	2.931905383884807e+41
20809.634653879784	2.7284384241302098e+45	4.667157755899266e+42	2.6125735147752076e+42	1.3639664913162122e+42	8.751666309254249e+41	4.712241660179908e+41	1.1848688426574898e+41	5.827821637449002e+40	2.1978189365446105e+40	1.6066927247938588e+42	7.650681438472644e+41	4.712241660179908e+41	3.104968153481039e+41
21912.93057080148	2.6526766795672665e+45	4.92813402565244e+42	2.7604154994611354e+42	1.4419653952341212e+42	9.25504452415098e+41	4.985086220278834e+41	1.2541897183061641e+41	6.170025454851439e+40	2.3273569769225974e+40	1.6983517462109474e+42	8.09142667904645e+41	4.985086220278834e+41	3.285415110559411e+41
23074.027126900306	2.5708765189462507e+45	5.197393692588612e+42	2.9131923164127625e+42	1.5226798117264617e+42	9.776346178504047e+41	5.267892514198332e+41	1.3261391971758528e+41	6.5253745506834825e+40	2.46193667023115e+40	1.793171785346816e+42	8.547959823506196e+41	5.267892514198332e+41	3.4725409347883398e+41
24295.953379594135	2.4813943459102436e+45	5.4730978175490834e+42	3.069922785686058e+42	1.6056201759584386e+42	1.031251198899216e+42	5.559064497533849e+41	1.4003364449799581e+41	6.892031744499113e+40	2.6008792022408628e+40	1.8905699869390727e+42	9.017626055655708e+41	5.559064497533849e+41	3.665312946344839e+41
25581.9021494712	2.3828586581058914e+45	5.752932049787012e+42	3.229365860125869e+42	1.6901642615271466e+42	1.0859642504550145e+42	5.856560718639354e+41	1.4762914633890173e+41	7.267627959133876e+40	2.7433071417561006e+40	1.989806401657687e+42	9.497038744386648e+41	5.856560718639354e+41	3.8624075879974385e+41
26935.23894835474	2.2744712192792274e+45	6.03423049377607e+42	3.39008839735706e+42	1.7755918648544625e+42	1.1413218232744008e+42	6.158011377762073e+41	1.5534339626854924e+41	7.649403281901943e+40	2.888197274894732e+40	2.0900250288205572e+42	9.982271309136496e+41	6.158011377762073e+41	4.062287028045661e+41
28359.511251985456	2.1562150564506337e+45	6.314134797229457e+42	3.5505522501810646e+42	1.861129392283269e+42	1.1968382655008488e+42	6.46086884678901e+41	1.6311504901244172e+41	8.03438835861146e+40	3.0344485441035777e+40	2.190306573425203e+42	1.0469103908204403e+42	6.46086884678901e+41	4.2632976637730514e+41
29858.45815442253	2.0289224477284204e+45	6.589755568424401e+42	3.709202637811086e+42	1.9459951061220275e+42	1.2520229437791718e+42	6.762560429690314e+41	1.708822115144634e+41	8.419588516202682e+40	3.1809510124597375e+40	2.2897219819307997e+42	1.0953273787775331e+42	6.762560429690314e+41	4.4637700949345076e+41
31436.02046366854	1.8942000126837658e+45	6.858310388209012e+42	3.864543678365014e+42	2.02943779092979e+42	1.3064047868717826e+42	7.060618905900476e+41	1.7858566384885282e+41	8.802141144368144e+40	3.3266448186397e+40	2.3873781939655565e+42	1.1430689217216278e+42	7.060618905900476e+41	4.662104560336874e+41
33096.351315378466	1.7542438134359817e+45	7.11722446612349e+42	4.0151934207590765e+42	2.1107649088767506e+42	1.3595501542020063e+42	7.352777563216918e+41	1.8617120442802807e+41	9.179430306594591e+40	3.470563119454336e+40	2.4824514605153558e+42	1.189758523613553e+42	7.352777563216918e+41	4.856833135432829e+41
34843.827391856044	1.6115954252999588e+45	7.36419101030973e+42	4.1599167554071585e+42	2.189359408095546e+42	1.411073496666758e+42	7.637026876891241e+41	1.9359104905433068e+41	9.549155134491828e+40	3.6118577279247613e+40	2.5742072409338425e+42	1.2350616566038507e+42	7.637026876891241e+41	5.046656826877338e+41
36683.06083683979	1.468890178796189e+45	7.597195893952366e+42	4.297638702821832e+42	2.2646864589786412e+42	1.4606416173970462e+42	7.911637120748863e+41	2.0080438915892724e+41	9.90935714566325e+40	3.749809369681383e+40	2.6620081885713903e+42	1.278689472286899e+42	7.911637120748863e+41	5.230460365245268e+41
38618.91195419532	1.3286370211125191e+45	7.814514860631289e+42	4.4274425867235106e+42	2.3362924224045226e+42	1.507972993600714e+42	8.175154672507537e+41	2.0777730031721163e+41	1.0258415813904641e+41	3.883826048848425e+40	2.745312952121316e+42	1.3203982063028228e+42	8.175154672507537e+41	5.407309772219227e+41
40656.502772574095	1.1930529329316844e+45	8.01469224065649e+42	4.548557999467941e+42	2.4037985599011168e+42	1.5528337515777796e+42	8.426380472892663e+41	2.1448220936197304e+41	1.0595022562785535e+41	4.0134333301657277e+40	2.8236687634043786e+42	1.3599856637325762e+42	8.426380472892663e+41	5.576438235267192e+41
42801.23155040535	1.0639592580918938e+45	8.19650916362402e+42	4.660342927566423e+42	2.4668917194457057e+42	1.5950317117043324e+42	8.664338166608587e+41	2.2089710547871713e+41	1.091814223396832e+41	4.138259925119612e+40	2.896700455316705e+42	1.3972860199634166e+42	8.664338166608587e+41	5.737225213550845e+41
45058.78828791398	9.427357581099705e+44	8.358947540461005e+42	4.7622634672591963e+42	2.5253137503696092e+42	1.6344096153796323e+42	8.88823783264531e+41	2.2700464073259182e+41	1.1226969131570993e+41	4.2580212399463067e+40	2.96409798544686e+42	1.4321639060371607e+42	8.88823783264531e+41	5.8891726385538555e+41
47435.171306321216	8.303214943452752e+44	8.501154282915994e+42	4.853873570901093e+42	2.5788508941554573e+42	1.6708383242919904e+42	9.097439500985689e+41	2.3279122331592355e+41	1.1520882684961854e+41	4.372502772640548e+40	3.025603941390755e+42	1.4645084671409658e+42	9.097439500985689e+41	6.0318809537813336e+41
49936.70494958941	7.272491233165836e+44	8.622408651929112e+42	4.9347964009921215e+42	2.6273239553145795e+42	1.7042105013604347e+42	9.291419158242235e+41	2.3824616995723985e+41	1.1799405972747727e+41	4.481544572385387e+40	3.081001980159015e+42	1.4942278379622748e+42	9.291419158242235e+41	6.165026759907738e+41
52570.05846120615	6.336996126097693e+44	8.722094393865541e+42	5.004708193326902e+42	2.6705797104688315e+42	1.7344350629646643e+42	9.469738775767906e+41	2.433609551021708e+41	1.2062168942532927e+41	4.585027447600721e+40	3.1301067446729176e+42	1.521244287075745e+42	9.469738775767906e+41	6.288343066718859e+41
55342.26608748479	5.495664642831699e+44	8.799677435561611e+42	5.0633250442513193e+42	2.7084837644287656e+42	1.761432533718499e+42	9.632021051110586e+41	2.481285736841614e+41	1.2308877145305407e+41	4.682861228480482e+40	3.1727555054022217e+42	1.5454901444786242e+42	9.632021051110586e+41	6.4016026016169456e+41
58260.748459455164	4.745212524357202e+44	8.854689314058699e+42	5.1103927113297826e+42	2.7409148951179238e+42	1.7851313289785954e+42	9.777928989009272e+41	2.5254302035914865e+41	1.253928612198843e+41	4.774975134724243e+40	3.2088015777353876e+42	1.5669045339181444e+42	9.777928989009272e+41	6.504604254744167e+41
61333.33530734137	4.080749702116819e+44	8.886716148274928e+42	5.14567931553537e+42	2.7677608260863672e+42	1.805464924742488e+42	9.907150098925719e+41	2.5659887944295154e+41	1.2753181157571561e+41	4.861310141019032e+40	3.238109443727107e+42	1.5854308745045154e+42	9.907150098925719e+41	6.597162512022932e+41
64568.28956458889	3.4963197618189763e+44	8.895392754441503e+42	5.168970721882808e+42	2.788915308463519e+42	1.822369838402472e+42	1.0019384792984129e+42	2.6029101500020352e+41	1.2950361883872068e+41	4.941813144953863e+40	3.260551439580131e+42	1.6010150845370495e+42	1.0019384792984129e+42	6.679099600768018e+41
67974.33292216434	2.9853509363216174e+44	8.88040141224254e+42	5.180068325563399e+42	2.8042763688915964e+42	1.8357843277096828e+42	1.0114338481876987e+42	2.636143483753339e+41	1.313063110609919e+41	5.016432702263513e+40	3.276005840267698e+42	1.6136044064067257e+42	1.0114338481876987e+42	6.750240015762516e+41
71560.67289821134	2.541016519884238e+44	8.841474763629022e+42	5.1787889600853205e+42	2.813745575039126e+42	1.8456477121591723e+42	1.0191716849045146e+42	2.665637099997631e+41	1.3293787205603243e+41	5.08511608560525e+40	3.284356166803528e+42	1.62314676868402e+42	1.0191716849045146e+42	6.810407082123111e+41
75337.03149296404	2.156510427923911e+44	8.778402341461703e+42	5.164966656633561e+42	2.8172281775825684e+42	1.8519002256833245e+42	1.0251223807935965e+42	2.6913375288241722e+41	1.343961949863562e+41	5.147807433172468e+40	3.2854915501750796e+42	1.6295906055713663e+42	1.0251223807935965e+42	6.859421227045976e+41
79313.67550399515	1.825247945770896e+44	8.69104025945568e+42	5.138456008648272e+42	2.8146340014260674e+42	1.854483318480156e+42	1.0292561694540924e+42	2.7131891632936744e+41	1.3567905985988192e+41	5.20444677386738e+40	3.279308002181781e+42	1.632885061698102e+42	1.0292561694540924e+42	6.897099663308237e+41
83501.44858235156	1.5410035164233376e+44	8.579323633851652e+42	5.0991369249092313e+42	2.8058789756451366e+42	1.8533403366442052e+42	1.0315433305255613e+42	2.7311342983694703e+41	1.3678412996081961e+41	5.254969740896283e+40	3.2657104628896006e+42	1.6329805197089853e+42	1.0315433305255613e+42	6.9232572250681885e+41
87911.80511587617	1.2979975647802048e+44	8.443281340936866e+42	5.0469205832172757e+42	2.7908872087753656e+42	1.848417519510852e+42	1.0319545450534731e+42	2.74511348569157e+41	1.3770896295063049e+41	5.299307812005709e+40	3.244615514238098e+42	1.629829397943962e+42	1.0319545450534731e+42	6.937708135945871e+41
92556.84603201882	1.090943508429017e+44	8.283052736203316e+42	4.981756421836155e+42	2.769593532129677e+42	1.8396652653630583e+42	1.0304613753167507e+42	2.755066132518123e+41	1.3845103306240739e+41	5.337388940086509e+40	3.215954667711123e+42	1.6233871749436264e+42	1.0304613753167507e+42	6.940268527554303e+41
97449.35661871078	9.150647427088563e+43	8.098905965751229e+42	4.903640025053549e+42	2.741946447915277e+42	1.827039625860022e+42	1.0270368473691633e+42	2.7609312863208893e+41	1.3900776144815786e+41	5.369138461429972e+40	3.179678149794032e+42	1.613613606095442e+42	1.0270368473691633e+42	6.930759561944166e+41
102602.84646842733	7.660898344481774e+43	7.891257484937045e+42	4.812621771043104e+42	2.7079114304940015e+42	1.8105039979472125e+42	1.021656119324271e+42	2.76264855836068e+41	1.3937655231004206e+41	5.394480190042303e+40	3.1357591214935026e+42	1.6004741052254644e+42	1.021656119324271e+42	6.909011043056736e+41
108031.59165741468	6.402326175280598e+43	7.660692360409763e+42	4.7088161135001935e+42	2.6674745378400447e+42	1.7900309889482168e+42	1.014297222551823e+42	2.760159150019062e+41	1.3955483295060531e+41	5.41333762499981e+40	3.084198277016753e+42	1.583941270223517e+42	1.014297222551823e+42	6.874865430007089e+41
113750.67927923478	5.341624695289944e+43	7.407984867345916e+42	4.592411362257147e+42	2.620646295829176e+42	1.765604435933952e+42	1.0049418664434754e+42	2.7534069547705004e+41	1.395400963160826e+41	5.42563521395919e+40	3.0250287714066407e+42	1.5639965368079014e+42	1.0049418664434754e+42	6.828182188876586e+41
119776.05445930766	4.449688174859255e+43	7.134118802314653e+42	4.463679811267089e+42	2.5674658201817348e+42	1.7372215642423123e+42	9.935763002542215e+41	2.7423397165476315e+41	1.393299449864145e+41	5.43129962983637e+40	2.958321427122269e+42	1.5406319482461076e+42	9.935763002542215e+41	6.76884243983813e+41
126124.56998503683	3.701228889340569e+43	6.840306813207138e+42	4.322988033996718e+42	2.508005139375617e+42	1.7048952720917115e+42	9.801922277383173e+41	2.7269102320013852e+41	1.3892213589218876e+41	5.430261029584416e+40	2.884190164807848e+42	1.5138520311955452e+42	9.801922277383173e+41	6.6967538730422716e+41
132814.0386944096	3.074388856683914e+43	6.5280079020553e+42	4.170807125473683e+42	2.442373676280517e+42	1.668656528469236e+42	9.647877718683481e+41	2.707077589904593e+41	1.3831462531884255e+41	5.422454274193434e+40	2.802797593307083e+42	1.4836757687284742e+42	9.647877718683481e+41	6.61185591988353e+41
139863.2887747037	2.550360933151515e+43	6.198942087809816e+42	4.0077226162931924e+42	2.3707228362111488e+42	1.6285568697039925e+42	9.473684878277844e+41	2.6828084457895996e+41	1.375056139979312e+41	5.4078200977360415e+40	2.714360677802467e+42	1.4501386609333157e+42	9.473684878277844e+41	6.5141251760750605e+41
147292.2221321252	2.1130292591455642e+43	5.855101031329251e+42	3.8344437165677106e+42	2.2932506340864802e+42	1.5846709761383366e+42	9.279484226550229e+41	2.6540783339271726e+41	1.36493592289332e+41	5.386306220710394e+40	2.6191563822299417e+42	1.413294861074794e+42	9.279484226550229e+41	6.403581079318245e+41
155121.87600288144	1.7486351617848135e+43	5.498753235995343e+42	3.6518114676585714e+42	2.210206272931272e+42	1.5370993038093602e+42	9.06551219314336e+41	2.620873021982784e+41	1.3527738563043694e+41	5.357868409248929e+40	2.5175271523329223e+42	1.3732193709318604e+42	9.06551219314336e+41	6.2802918470251625e+41
163374.4879863817	1.445471752512844e+43	5.132442263157216e+42	3.460805288454152e+42	2.1218945596795358e+42	1.4859707367599973e+42	8.832112614832884e+41	2.5831899161562107e+41	1.3385620057225197e+41	5.32247148713698e+40	2.4098860685895492e+42	1.3300102723771841e+42	8.832112614832884e+41	6.1443806782146066e+41
172073.5646919849	1.1936083962136363e+43	4.758976268557106e+42	3.2625473047078014e+42	2.0286800119081435e+42	1.4314452131994096e+42	8.579748528492713e+41	2.541039526291695e+41	1.3222967183906815e+41	5.280090312114415e+40	2.2967214538275813e+42	1.2837909632414834e+42	8.579748528492713e+41	5.99603221781676e+41
181243.9542020103	9.84644793488126e+42	4.3814071096160785e+42	3.05830375096194e+42	1.9309904708881667e+42	1.3737162629675656e+42	8.309014210616591e+41	2.4944470013013704e+41	1.3039791093942935e+41	5.230710731730894e+40	2.1786006693406538e+42	1.234712353769719e+42	8.309014210616591e+41	5.835499270567264e+41
190911.92256561838	8.114934611486961e+42	4.002997338470549e+42	2.849482644682709e+42	1.8293199928721697e+42	1.313013374454308e+42	8.020647315307581e+41	2.443453745179801e+41	1.283615569208073e+41	5.174330537143791e+40	2.0561727773565665e+42	1.1829549653083003e+42	8.020647315307581e+41	5.663109734631235e+41
201105.23455069616	6.681887973509086e+42	3.62717363368465e+42	2.6376268654180343e+42	1.7242307433688327e+42	1.2496040863029403e+42	7.715540898447876e+41	2.3881191227838587e+41	1.2612182989757748e+41	5.11096043574211e+40	1.930169689747255e+42	1.1287308551647979e+42	7.715540898447876e+41	5.479273701172258e+41
211853.23889406509	5.497205817280479e+42	3.257465689022282e+42	2.424401746724705e+42	1.6163535709927106e+42	1.1837956732298828e+42	7.394755035577215e+41	2.3285222622585976e+41	1.2368058798965115e+41	5.040625065398604e+40	1.801405367647447e+42	1.0722852709531816e+42	7.394755035577215e+41	5.2844906343125234e+41
223186.9583042232	4.5188961305805144e+42	2.897430319339815e+42	2.211576328438983e+42	1.5063868925013307e+42	1.1159362668869763e+42	7.059527643808321e+41	2.264763957266973e+41	1.2104038828192957e+41	4.963364074434699e+40	1.6707725910519013e+42	1.0138979145560477e+42	7.059527643808321e+41	5.079356505239862e+41
235139.18448545726	3.711831704071194e+42	2.5505615927995477e+42	2.000997548491338e+42	1.395093485017123e+42	1.0464152233763562e+42	6.711284004145704e+41	2.1969686668482337e+41	1.1820455235066423e+41	4.879233292134138e+40	1.5392367910526852e+42	9.538836709879643e+41	6.711284004145704e+41	4.8645707038960624e+41
247744.57846757336	3.046680552125909e+42	2.2201891518982614e+42	1.7945569046749763e+42	1.2832947633556924e+42	9.756625210637703e+41	6.351644351011335e+41	2.1252866034154618e+41	1.1517723679080756e+41	4.788306014655713e+40	1.407826442231099e+42	8.925926323494086e+41	6.351644351011335e+41	4.640942490925887e+41
261039.77654172483	2.4989909944155663e+42	1.909368487735789e+42	1.5941495125232947e+42	1.171862130423731e+42	9.041469492063059e+41	5.982428754727664e+41	2.0498958898978134e+41	1.1196350901548623e+41	4.690674430606066e+40	1.2776195635084545e+42	8.304092240597753e+41	5.982428754727664e+41	4.409396681608284e+41
275063.5021199241	2.0484118531488423e+42	1.620768656555875e+42	1.401626040673781e+42	1.0617050390414572e+42	8.323728342114894e+41	5.605658376555068e+41	1.971004754882406e+41	1.0856942836856071e+41	4.586451209002919e+40	1.1497259882991585e+42	7.67750222846415e+41	5.605658376555068e+41	4.170978172869702e+41
289856.68385385105	1.678029984304824e+42	1.3565645699414049e+42	1.2187387170320972e+42	9.537555077017614e+41	7.608750521795702e+41	5.223552036172862e+41	1.8888537196330617e+41	1.050021322890752e+41	4.475771270016021e+40	1.0252652546447116e+42	7.050614480099834e+41	5.223552036172862e+41	3.926854836736451e+41
305462.5803675721	1.373809166749923e+42	1.1183422702570621e+42	1.0470834367696271e+42	8.489490030057528e+41	6.902121008639134e+41	4.8385169139525e+41	1.803717712638846e+41	1.0126992687143446e+41	4.358793755249219e+40	9.053402446893794e+41	6.428129147140379e+41	4.8385169139525e+41	3.678318212428227e+41
321926.9119788194	1.1241161421327447e+42	9.070261953384466e+41	8.880408997324183e+41	7.482018467697447e+41	6.209570593453616e+41	4.453132137947688e+41	1.7159080258664113e+41	9.738238067042962e+40	4.2357042094762017e+40	7.910070741933737e+41	5.8149226698649456e+41	4.453132137947688e+41	3.4267813417110426e+41
339297.99980460195	9.193212792509338e+41	7.228370230160348e+41	7.427205515792589e+41	6.523856273809646e+41	5.5368635719299594e+41	4.070124006652053e+41	1.6257740020574007e+41	9.33504199838815e+40	4.1067169791006096e+40	6.8324218691875224e+41	5.215963655493924e+41	4.070124006652053e+41	3.1737730175611066e+41
357626.9126692038	7.51462898843017e+41	5.65287035993994e+41	6.119117535119542e+41	5.622994825469461e+41	4.889664127506435e+41	3.6923317086774226e+41	1.5337043147282252e+41	8.918642310116812e+40	3.9720778241015826e+40	5.829081172980868e+41	4.6362099789364354e+41	3.6923317086774226e+41	2.920927668532502e+41
376967.62225612596	6.139657221371529e+41	4.3321700495808274e+41	4.960468898482154e+41	4.786415472862893e+41	4.273383844950947e+41	3.322662657966241e+41	1.4401276727031332e+41	8.490431011652914e+40	3.8320667291893024e+40	4.907198963285395e+41	4.080488094068254e+41	3.322662657966241e+41	2.6699700977485638e+41
397377.1669703262	5.014051934774514e+41	3.248745470151819e+41	3.951808767642843e+41	4.0198128087845275e+41	3.693015058635194e+41	2.9640370068302385e+41	1.3455127506758482e+41	8.051962387505383e+40	3.687000886139754e+40	4.072145153648042e+41	3.5533572518906074e+41	2.9640370068302385e+41	2.4226943578238447e+41
418915.8250032789	4.093105749960209e+41	2.3802925184521083e+41	3.0899064132914083e+41	3.32734734183783e+41	3.1529572888740362e+41	2.6193215594128725e+41	1.2503671186819057e+41	7.604959644692169e+40	3.5372378020275296e+40	3.3272613704983047e+41	3.0589633633377674e+41	2.6193215594128725e+41	2.180936194871302e+41
441647.29712099215	3.34000725658096e+41	1.7011529270462677e+41	2.3679657224154287e+41	2.7114501516713935e+41	2.6568466056389425e+41	2.291254198829551e+41	1.1552349200950348e+41	7.151319424462958e+40	3.3831784671537885e+40	2.6736975320161734e+41	2.600889473475949e+41	2.291254198829551e+41	1.946538760423343e+41
465638.8997242712	2.724473665809342e+41	1.183885836854048e+41	1.776058078314676e+41	2.1727017402315985e+41	2.2074000132095835e+41	1.9823610446635402e+41	1.060693034426481e+41	6.6931133550903e+40	3.22527049115755e+40	2.1103565186626573e+41	2.1820119828025303e+41	1.9823610446635402e+41	1.7213116891099086e+41
490961.7687612896	2.2216140965531613e+41	8.008357012974327e+40	1.3017477426896597e+41	1.7098039426685747e+41	1.8062884092997877e+41	1.6948698130425637e+41	9.673454639596258e+40	6.232585689920481e+40	3.064011085958164e+40	1.6339632658934794e+41	1.8043735154727515e+41	1.6948698130425637e+41	1.5069841820982327e+41
517691.07510501874	1.8109859800862335e+41	5.255493618017507e+40	9.30859923766809e+40	1.3196571415700838e+41	1.454051839043402e+41	1.4306241431810307e+41	8.758157093126206e+40	5.772145956775698e+40	2.899949739634391e+40	1.2392636278727726e+41	1.4690842786930002e+41	1.4306241431810307e+41	1.305153413117528e+41
545906.2520423732	1.4758128568630425e+41	3.339194443887033e+40	6.483226926101963e+40	9.975454335410214e+40	1.1500692034464023e+41	1.1910048074616164e+41	7.867369564142302e+40	5.314355459004044e+40	2.7336903864160157e+40	9.193447384591428e+40	1.1762634608287553e+41	1.1910048074616164e+41	1.117230350670352e+41
575691.235558156	1.202336806571097e+41	2.04973689066336e+40	4.39003779380268e+40	7.374208168845458e+40	8.925910509493487e+40	9.768645124723232e+40	7.007399939719989e+40	4.861906438655638e+40	2.5658928355684984e+40	6.660541890133131e+40	9.250303444925996e+40	9.768645124723232e+40	9.443858985599909e+40
607134.7181351484	9.79282998044808e+40	1.2128223850651544e+40	2.8846457987369596e+40	5.322655433071186e+40	6.788386580567414e+40	7.884831785802206e+40	6.184389225302248e+40	4.4175927678859525e+40	2.397273177852706e+40	4.704825626758912e+40	7.135512327601112e+40	7.884831785802206e+40	7.875009923263331e+40
640330.4168320908	7.974174609662682e+40	6.900704207211551e+39	1.8356672437323357e+40	3.7450155277307636e+40	5.05165778517162e+40	6.255499315927965e+40	5.404149060153434e+40	3.9842712091550383e+40	2.228602845005693e+40	3.2346519754802826e+40	5.391431746200012e+40	6.255499315927965e+40	6.471248144767275e+40
675377.3564439899	6.491822503702165e+40	3.7659675870497376e+39	1.128890866309196e+40	2.564094219685876e+40	3.6727211170989298e+40	4.871764139079951e+40	4.671984506188592e+40	3.5648126155347055e+40	2.060705960251503e+40	2.1605645104109994e+40	3.9842936584001717e+40	4.871764139079951e+40	5.23445453234296e+40
712380.1685942655	5.28394771608348e+40	1.96592620215711e+39	6.694082782812642e+39	1.7051801011378398e+40	2.604509081774287e+40	3.7194343537713965e+40	3.9925096060097164e+40	3.162042960071335e+40	1.8944545912881466e+40	1.3993406121769804e+40	2.8753486346590094e+40	3.7194343537713965e+40	4.1627698417770806e+40
751449.407655877	4.3000022519711395e+40	9.788399952311955e+38	3.818360556317645e+39	1.0993051635282165e+40	1.7984846174998152e+40	2.7797964732424855e+40	3.3694659214196994e+40	2.7786748120816627e+40	1.7307615105366043e+40	8.770187947301947e+39	2.0230596178397047e+40	2.7797964732424855e+40	3.2506600746515087e+40
792701.8844488884	3.4986797539449303e+40	4.634229779898463e+38	2.089834069918675e+39	6.856229996828815e+39	1.207115655049718e+40	2.0306725487150343e+40	2.8055566773619853e+40	2.4172308165642017e+40	1.5705700893194903e+40	5.3074325939938936e+39	1.3853328964261132e+40	2.0306725487150343e+40	2.489191187240675e+40
836261.0187150907	2.8462419552986295e+40	2.0794512727963254e+38	1.0945363918594827e+39	4.1278771868317426e+39	7.860084049238781e+39	1.4476636392464123e+40	2.302310783406954e+40	2.079961850454066e+40	1.4148410154941e+40	3.0942487273816535e+39	9.215817534431721e+39	1.4476636392464123e+40	1.866507450394588e+40
882257.2114264654	2.315144408279261e+40	8.81295216278488e+37	5.470091186007902e+38	2.393544595228086e+39	4.9552977700240866e+39	1.0054702528465484e+40	1.8599913650021968e+40	1.768763746044574e+40	1.2645356385680737e+40	1.733669068996401e+39	5.944434145970756e+39	1.0054702528465484e+40	1.3684848440408202e+40
930828.2380436389	1.88290884799665e+40	3.514798502805691e+37	2.6007055228281327e+38	1.3334252107203169e+39	3.0182448117251376e+39	6.791693495529143e+39	1.4775620436413576e+40	1.485097658771926e+40	1.1205959241340108e+40	9.311047536310098e+38	3.710216418368567e+39	6.791693495529143e+39	9.79509007332093e+39
982119.6639031967	1.5311986085563028e+40	1.314006839151274e+37	1.1725375950410716e+38	7.118414424109263e+38	1.7721698219153607e+39	4.453338170522732e+39	1.1527207617849833e+40	1.2299201282330212e+40	9.839212464584092e+39	4.780414374624259e+38	2.2359606989512937e+39	4.453338170522732e+39	6.833104467894763e+39
1036285.282979032	1.2450610530746124e+40	4.5859934452590423e+36	4.996044694273337e+37	3.631558095164739e+38	1.0006655737219923e+39	2.829036204449077e+39	8.820054727525352e+39	1.0036294172189203e+40	8.553425646058119e+39	2.339426169779106e+38	1.298120130634589e+39	2.829036204449077e+39	4.637814729094592e+39
1093487.5813329779	1.0123072540133949e+40	1.4878038848644626e+36	2.0046252167333866e+37	1.7653683251958604e+38	5.420147801373332e+38	1.7375407613614844e+39	6.609689359627763e+39	8.060345843144252e+39	7.355949018275153e+39	1.0879242033038262e+38	7.242743210493306e+38	1.7375407613614844e+39	3.057018466032079e+39
1153898.2266440676	8.23004369798144e+39	4.4669724285768816e+35	7.54595440641663e+36	8.15222810261982e+37	2.8087570555063164e+38	1.0294907686199441e+39	4.844120394616899e+39	6.363527638063896e+39	6.252894532128449e+39	4.792127207107725e+37	3.873643473459135e+38	1.0294907686199441e+39	1.9531344131064328e+39
1217698.5852841046	6.690604840828709e+39	1.2356953488626699e+35	2.654445963332521e+36	3.564610794006511e+37	1.3885947469750783e+38	5.870758521419275e+38	3.4665772832583017e+39	4.932382084633792e+39	5.2488703956671296e+39	1.9926131194760867e+37	1.980581333224578e+38	5.870758521419275e+38	1.2070614920487496e+39
1285080.2684900672	5.4388525018471045e+39	3.136437981549722e+34	8.69137809759498e+35	1.4708750988121374e+37	6.529930819936596e+37	3.214308641975808e+38	2.4184209115774437e+39	3.748438683805591e+39	4.3467494393241476e+39	7.793767807002116e+36	9.653559436953686e+37	3.214308641975808e+38	7.200369550532205e+38
1356245.7092715127	4.42112640969864e+39	7.280966450425574e+33	2.638645521922741e+35	5.707613773564272e+36	2.911844084390949e+37	1.685322640358721e+38	1.6419662143578022e+39	2.789129014253783e+39	3.547493382603731e+39	2.857143921639144e+36	4.472082522030903e+37	1.685322640358721e+38	4.1363982877799e+38
1431408.7717838634	3.593745469307983e+39	1.5445830809273272e+33	7.40256176179193e+34	2.0755233886064236e+36	1.2273371638848366e+37	8.439297142062403e+37	1.0829681207437804e+39	2.0289399163855258e+39	2.8500545541711596e+39	9.781988116093092e+35	1.9629794173005802e+37	8.439297142062403e+37	2.2829391605312114e+38
1510795.3949965807	2.9211597949869324e+39	3.0090223955171504e+32	1.9150672372229417e+34	7.049297668720809e+35	4.874055933868887e+36	4.024710186364044e+37	6.925703414687728e+38	1.440712709924553e+39	2.2513732443337004e+39	3.1175798551251967e+35	8.138300066636059e+36	4.024710186364044e+37	1.2074870419013042e+38
1594644.2725891224	2.3744429786364227e+39	5.478139431709072e+31	4.573101559324327e+33	2.2299694720056447e+35	1.8179813631276688e+36	1.8226894767769744e+37	4.2859300401148126e+38	9.969759096576134e+38	1.7464823874153664e+39	9.227135010806709e+34	3.1769509285731554e+36	1.8226894767769744e+37	6.104543618762753e+37
1683207.571117595	1.9300624305283494e+39	9.713544764951018e+30	1.0158921840645793e+33	6.560940851162267e+34	6.3514917375344334e+35	7.816003159893982e+36	2.5612607595306964e+38	6.711933338268915e+38	1.3287219090094028e+39	2.5353190730882177e+34	1.1644085764572463e+36	7.816003159893982e+36	2.9419827601092815e+37
1776751.6886115728	1.5688768798114588e+39	1.7994684810449672e+30	2.145435293992562e+32	1.798247078368852e+34	2.0749044148652998e+35	3.164896036020643e+36	1.4748393206832697e+38	4.38820897280437e+38	9.900537556288964e+38	6.494461980256126e+33	3.998352184909357e+35	3.164896036020643e+36	1.3479383671700294e+37
1875558.0558841326	1.2753193491427136e+39	3.725010264817563e+29	4.504233288242726e+31	4.628576466440313e+33	6.3411792954239e+34	1.2073662071919845e+36	8.16465761682544e+37	2.7809234254085765e+38	7.214568356445737e+38	1.572137433681744e+33	1.2855598561574451e+35	1.2073662071919845e+36	5.85617981606747e+36
1979923.9829691867	1.0367315011069367e+39	8.64656734799103e+28	1.0034991120759357e+31	1.1419920060745702e+33	1.8223384177451308e+34	4.3338636568436946e+35	4.33542033974129e+37	1.704920184357261e+38	5.133707881810697e+38	3.707518898913009e+32	3.881204548326731e+34	4.3338636568436946e+35	2.407077075528286e+36
2090163.5532393015	8.428214737972257e+38	2.1233762198830396e+28	2.4921084524487765e+30	2.8109029798698165e+32	4.995376568025589e+33	1.4651278214666522e+35	2.203044281892043e+37	1.0091455072767599e+38	3.561506231962178e+38	8.970869551176127e+31	1.110925941453397e+34	1.4651278214666522e+35	9.346628755304192e+35
2206608.567904896	6.852224168679334e+38	5.193883487452226e+27	6.823045100237197e+29	7.303136463528463e+31	1.345353071905629e+33	4.68997590018853e+34	1.0689550149728322e+37	5.754919696892641e+37	2.404923836582626e+38	2.358192936333606e+31	3.081493863130033e+33	4.68997590018853e+34	3.429174530759579e+35
2329609.543752741	5.57133117697133e+38	1.2219570489627072e+27	1.9501717151878206e+29	2.0916680956010975e+31	3.731901587097674e+32	1.4410966534945654e+34	4.9433018379476054e+36	3.155437035110442e+37	1.5779376089774883e+38	6.876978607794449e+30	8.614017497734399e+32	1.4410966534945654e+34	1.1929392705587302e+35
2459536.7671487518	4.530255198655732e+38	2.7211545063872117e+26	5.534394322004231e+28	6.566156613161517e+30	1.1196952429508149e+32	4.366856819404817e+33	2.176031675448551e+36	1.660145214614463e+37	1.0042259745160218e+38	2.153877122539149e+30	2.551975870899537e+32	4.366856819404817e+33	3.973628335098065e+34
2596781.4075079937	3.68406737431878e+38	5.693038790236312e+25	1.5152882079757891e+28	2.159717854268708e+30	3.6935039664101132e+31	1.3605219194179398e+33	9.119289590087718e+35	8.36616370697148e+36	6.187890704685126e+37	6.882944025502208e+29	8.286578976136887e+31	1.3605219194179398e+33	1.2933625981067514e+34
2741756.6936246213	2.9962544748599444e+38	1.1140045611945853e+25	3.9487127274669035e+27	7.111146452650721e+29	1.3020290736309831e+31	4.5499643227315884e+32	3.648295522474837e+35	4.033102387365113e+36	3.685009040270245e+37	2.1610071944357285e+29	2.9204628364756405e+31	4.5499643227315884e+32	4.255705288352169e+33
2894899.15645707	2.4371441704001916e+38	2.031380604574517e+24	9.729603174809128e+26	2.278422204531637e+29	4.6898253873574015e+30	1.6604122992789838e+32	1.4037416597440823e+35	1.8592793025978444e+36	2.1171881698965378e+37	6.533162359057702e+28	1.072580981045605e+31	1.6604122992789838e+32	1.475836674379242e+33
3056669.9421806117	1.9826243943330466e+38	3.439631959364557e+23	2.2576739466826118e+26	7.0035219458550615e+28	1.6677902761840304e+30	6.468200519737612e+31	5.274397841536885e+34	8.209126505442118e+35	1.171702820445756e+37	1.8836194293100616e+28	3.944608762415561e+30	6.468200519737612e+31	5.54708578749743e+32
3227556.1995515553	1.6131020561533208e+38	5.388435211851248e+22	4.917204388393328e+25	2.0510173505675455e+28	5.7444505013854376e+29	2.586413307368535e+31	1.9857542597778221e+34	3.488044497903923e+35	6.23848772996644e+36	5.15314717090571e+27	1.4166115817189274e+30	2.586413307368535e+31	2.246423707037407e+32
3408072.545876687	1.3126564726194591e+38	7.78021962519052e+21	1.0020284132169753e+25	5.699560251676771e+27	1.8982251477210396e+29	1.0277795932395502e+31	7.749685491224898e+33	1.4410837314442516e+35	3.193825887023483e+36	1.3331341334360385e+27	4.903681645642305e+29	1.0277795932395502e+31	9.492127352058844e+31
