#t	Le	U	B	V	R	I	J	H	K	g	r	i	z
#----------------------------------------------- 
2.7802877014996277	0.0	0.0	0.0	0.0	0.0	0.0	0.0	0.0	0.0	0.0	0.0	0.0	0.0
2.8247659436363444	0.0	0.0	0.0	0.0	0.0	0.0	0.0	0.0	0.0	0.0	0.0	0.0	0.0
2.8680080614319095	0.0	0.0	0.0	0.0	0.0	0.0	0.0	0.0	0.0	0.0	0.0	0.0	0.0
2.911311352616625	0.0	0.0	0.0	0.0	0.0	0.0	0.0	0.0	0.0	0.0	0.0	0.0	0.0
2.949941110089071	0.0	0.0	0.0	0.0	0.0	0.0	0.0	0.0	0.0	0.0	0.0	0.0	0.0
2.987014873399051	0.0	0.0	0.0	0.0	0.0	0.0	0.0	0.0	0.0	0.0	0.0	0.0	0.0
3.0235550678224694	0.0	0.0	0.0	0.0	0.0	0.0	0.0	0.0	0.0	0.0	0.0	0.0	0.0
3.060037971698195	0.0	0.0	0.0	0.0	0.0	0.0	0.0	0.0	0.0	0.0	0.0	0.0	0.0
3.096728369868406	0.0	0.0	0.0	0.0	0.0	0.0	0.0	0.0	0.0	0.0	0.0	0.0	0.0
3.1337917577135164	0.0	0.0	0.0	0.0	0.0	0.0	0.0	0.0	0.0	0.0	0.0	0.0	0.0
3.1713411961789775	0.0	0.0	0.0	0.0	0.0	0.0	0.0	0.0	0.0	0.0	0.0	0.0	0.0
3.2094597700779697	0.0	0.0	0.0	0.0	0.0	0.0	0.0	0.0	0.0	0.0	0.0	0.0	0.0
3.2482124441737033	0.0	0.0	0.0	0.0	0.0	0.0	0.0	0.0	0.0	0.0	0.0	0.0	0.0
3.2876527924693772	0.0	0.0	0.0	0.0	0.0	0.0	0.0	0.0	0.0	0.0	0.0	0.0	0.0
3.3278270421403975	0.0	0.0	0.0	0.0	0.0	0.0	0.0	0.0	0.0	0.0	0.0	0.0	0.0
3.3687766204017446	0.0	0.0	0.0	0.0	0.0	0.0	0.0	0.0	0.0	0.0	0.0	0.0	0.0
3.410539823874296	0.0	0.0	0.0	0.0	0.0	0.0	0.0	0.0	0.0	0.0	0.0	0.0	0.0
3.453152951999805	0.0	0.0	0.0	0.0	0.0	0.0	0.0	0.0	0.0	0.0	0.0	0.0	0.0
3.4966511017032276	0.0	0.0	0.0	0.0	0.0	0.0	0.0	0.0	0.0	0.0	0.0	0.0	0.0
3.541068741701629	0.0	0.0	0.0	0.0	0.0	0.0	0.0	0.0	0.0	0.0	0.0	0.0	0.0
3.5864401399822325	0.0	0.0	0.0	0.0	0.0	0.0	0.0	0.0	0.0	0.0	0.0	0.0	0.0
3.632799691469292	0.0	0.0	0.0	0.0	0.0	0.0	0.0	0.0	0.0	0.0	0.0	0.0	0.0
3.680182176746548	0.0	0.0	0.0	0.0	0.0	0.0	0.0	0.0	0.0	0.0	0.0	0.0	0.0
3.7286229725814164	0.0	0.0	0.0	0.0	0.0	0.0	0.0	0.0	0.0	0.0	0.0	0.0	0.0
3.778158228499818	0.0	0.0	0.0	0.0	0.0	0.0	0.0	0.0	0.0	0.0	0.0	0.0	0.0
3.828825019398734	0.0	0.0	0.0	0.0	0.0	0.0	0.0	0.0	0.0	0.0	0.0	0.0	0.0
3.880661481333906	0.0	0.0	0.0	0.0	0.0	0.0	0.0	0.0	0.0	0.0	0.0	0.0	0.0
3.9337069356824337	0.0	0.0	0.0	0.0	0.0	0.0	0.0	0.0	0.0	0.0	0.0	0.0	0.0
3.988002005542605	0.0	0.0	0.0	0.0	0.0	0.0	0.0	0.0	0.0	0.0	0.0	0.0	0.0
4.043588727299342	0.0	0.0	0.0	0.0	0.0	0.0	0.0	0.0	0.0	0.0	0.0	0.0	0.0
4.100510659623211	0.0	0.0	0.0	0.0	0.0	0.0	0.0	0.0	0.0	0.0	0.0	0.0	0.0
4.15881299170188	0.0	0.0	0.0	0.0	0.0	0.0	0.0	0.0	0.0	0.0	0.0	0.0	0.0
4.218542652167056	0.0	0.0	0.0	0.0	0.0	0.0	0.0	0.0	0.0	0.0	0.0	0.0	0.0
4.279748419940608	0.0	0.0	0.0	0.0	0.0	0.0	0.0	0.0	0.0	0.0	0.0	0.0	0.0
4.342481038052474	0.0	0.0	0.0	0.0	0.0	0.0	0.0	0.0	0.0	0.0	0.0	0.0	0.0
4.406793331364633	0.0	0.0	0.0	0.0	0.0	0.0	0.0	0.0	0.0	0.0	0.0	0.0	0.0
4.472740329053889	0.0	0.0	0.0	0.0	0.0	0.0	0.0	0.0	0.0	0.0	0.0	0.0	0.0
4.540379392655433	0.0	0.0	0.0	0.0	0.0	0.0	0.0	0.0	0.0	0.0	0.0	0.0	0.0
4.609770350440505	0.0	0.0	0.0	0.0	0.0	0.0	0.0	0.0	0.0	0.0	0.0	0.0	0.0
4.680975638891199	0.0	0.0	0.0	0.0	0.0	0.0	0.0	0.0	0.0	0.0	0.0	0.0	0.0
4.754060452041385	0.0	0.0	0.0	0.0	0.0	0.0	0.0	0.0	0.0	0.0	0.0	0.0	0.0
4.829092899469973	0.0	0.0	0.0	0.0	0.0	0.0	0.0	0.0	0.0	0.0	0.0	0.0	0.0
4.90614417376313	0.0	0.0	0.0	0.0	0.0	0.0	0.0	0.0	0.0	0.0	0.0	0.0	0.0
4.985288728301221	0.0	0.0	0.0	0.0	0.0	0.0	0.0	0.0	0.0	0.0	0.0	0.0	0.0
5.066604466276609	0.0	0.0	0.0	0.0	0.0	0.0	0.0	0.0	0.0	0.0	0.0	0.0	0.0
5.150172941907438	0.0	0.0	0.0	0.0	0.0	0.0	0.0	0.0	0.0	0.0	0.0	0.0	0.0
5.236079574881634	0.0	0.0	0.0	0.0	0.0	0.0	0.0	0.0	0.0	0.0	0.0	0.0	0.0
5.324413879144193	0.0	0.0	0.0	0.0	0.0	0.0	0.0	0.0	0.0	0.0	0.0	0.0	0.0
5.415269707229867	0.0	0.0	0.0	0.0	0.0	0.0	0.0	0.0	0.0	0.0	0.0	0.0	0.0
5.508745511443749	0.0	0.0	0.0	0.0	0.0	0.0	0.0	0.0	0.0	0.0	0.0	0.0	0.0
5.604944623304447	0.0	0.0	0.0	0.0	0.0	0.0	0.0	0.0	0.0	0.0	0.0	0.0	0.0
5.7039755527890215	0.0	0.0	0.0	0.0	0.0	0.0	0.0	0.0	0.0	0.0	0.0	0.0	0.0
5.805952309058363	0.0	0.0	0.0	0.0	0.0	0.0	0.0	0.0	0.0	0.0	0.0	0.0	0.0
5.910994744496458	0.0	0.0	0.0	0.0	0.0	0.0	0.0	0.0	0.0	0.0	0.0	0.0	0.0
6.019228924068514	0.0	0.0	0.0	0.0	0.0	0.0	0.0	0.0	0.0	0.0	0.0	0.0	0.0
6.130787522194631	0.0	0.0	0.0	0.0	0.0	0.0	0.0	0.0	0.0	0.0	0.0	0.0	0.0
6.245810249547392	0.0	0.0	0.0	0.0	0.0	0.0	0.0	0.0	0.0	0.0	0.0	0.0	0.0
6.364444312418474	0.0	0.0	0.0	0.0	0.0	0.0	0.0	0.0	0.0	0.0	0.0	0.0	0.0
6.4868449075627215	0.0	0.0	0.0	0.0	0.0	0.0	0.0	0.0	0.0	0.0	0.0	0.0	0.0
6.613175755720081	0.0	0.0	0.0	0.0	0.0	0.0	0.0	0.0	0.0	0.0	0.0	0.0	0.0
6.7436096773429846	0.0	0.0	0.0	0.0	0.0	0.0	0.0	0.0	0.0	0.0	0.0	0.0	0.0
6.8783292144210755	0.0	0.0	0.0	0.0	0.0	0.0	0.0	0.0	0.0	0.0	0.0	0.0	0.0
7.017527302702175	0.0	0.0	0.0	0.0	0.0	0.0	0.0	0.0	0.0	0.0	0.0	0.0	0.0
7.161407999063799	0.0	0.0	0.0	0.0	0.0	0.0	0.0	0.0	0.0	0.0	0.0	0.0	0.0
7.31018726929819	0.0	0.0	0.0	0.0	0.0	0.0	0.0	0.0	0.0	0.0	0.0	0.0	0.0
7.464093842147287	0.0	0.0	0.0	0.0	0.0	0.0	0.0	0.0	0.0	0.0	0.0	0.0	0.0
7.623370136062694	0.0	0.0	0.0	0.0	0.0	0.0	0.0	0.0	0.0	0.0	0.0	0.0	0.0
7.7882732658884954	0.0	0.0	0.0	0.0	0.0	0.0	0.0	0.0	0.0	0.0	0.0	0.0	0.0
7.959076137475152	0.0	0.0	0.0	0.0	0.0	0.0	0.0	0.0	0.0	0.0	0.0	0.0	0.0
8.13606863914555	0.0	0.0	0.0	0.0	0.0	0.0	0.0	0.0	0.0	0.0	0.0	0.0	0.0
8.319558939967227	0.0	0.0	0.0	0.0	0.0	0.0	0.0	0.0	0.0	0.0	0.0	0.0	0.0
8.509874905949253	0.0	0.0	0.0	0.0	0.0	0.0	0.0	0.0	0.0	0.0	0.0	0.0	0.0
8.70736564660103	0.0	0.0	0.0	0.0	0.0	0.0	0.0	0.0	0.0	0.0	0.0	0.0	0.0
8.912403205785846	0.0	0.0	0.0	0.0	0.0	0.0	0.0	0.0	0.0	0.0	0.0	0.0	0.0
9.125384412499466	0.0	0.0	0.0	0.0	0.0	0.0	0.0	0.0	0.0	0.0	0.0	0.0	0.0
9.34673290913077	0.0	0.0	0.0	0.0	0.0	0.0	0.0	0.0	0.0	0.0	0.0	0.0	0.0
9.576901376962951	0.0	0.0	0.0	0.0	0.0	0.0	0.0	0.0	0.0	0.0	0.0	0.0	0.0
9.816373981178854	0.0	0.0	0.0	0.0	0.0	0.0	0.0	0.0	0.0	0.0	0.0	0.0	0.0
10.065669060495706	0.0	0.0	0.0	0.0	0.0	0.0	0.0	0.0	0.0	0.0	0.0	0.0	0.0
10.325342089838	0.0	0.0	0.0	0.0	0.0	0.0	0.0	0.0	0.0	0.0	0.0	0.0	0.0
10.595988948212465	0.0	0.0	0.0	0.0	0.0	0.0	0.0	0.0	0.0	0.0	0.0	0.0	0.0
10.878249528272956	0.0	0.0	0.0	0.0	0.0	0.0	0.0	0.0	0.0	0.0	0.0	0.0	0.0
11.17281172902762	0.0	0.0	0.0	0.0	0.0	0.0	0.0	0.0	0.0	0.0	0.0	0.0	0.0
11.480415878883594	0.0	0.0	0.0	0.0	0.0	0.0	0.0	0.0	0.0	0.0	0.0	0.0	0.0
11.801859642837396	0.0	0.0	0.0	0.0	0.0	0.0	0.0	0.0	0.0	0.0	0.0	0.0	0.0
12.138003475296978	0.0	0.0	0.0	0.0	0.0	0.0	0.0	0.0	0.0	0.0	0.0	0.0	0.0
12.489776688914947	0.0	0.0	0.0	0.0	0.0	0.0	0.0	0.0	0.0	0.0	0.0	0.0	0.0
12.858184220161966	0.0	0.0	0.0	0.0	0.0	0.0	0.0	0.0	0.0	0.0	0.0	0.0	0.0
13.244314184420723	0.0	0.0	0.0	0.0	0.0	0.0	0.0	0.0	0.0	0.0	0.0	0.0	0.0
13.649346327460277	0.0	0.0	0.0	0.0	0.0	0.0	0.0	0.0	0.0	0.0	0.0	0.0	0.0
14.07456149663248	0.0	0.0	0.0	0.0	0.0	0.0	0.0	0.0	0.0	0.0	0.0	0.0	0.0
14.521352274462185	0.0	0.0	0.0	0.0	0.0	0.0	0.0	0.0	0.0	0.0	0.0	0.0	0.0
14.991234940051067	0.0	0.0	0.0	0.0	0.0	0.0	0.0	0.0	0.0	0.0	0.0	0.0	0.0
15.485862950519277	0.0	0.0	0.0	0.0	0.0	0.0	0.0	0.0	0.0	0.0	0.0	0.0	0.0
16.007042166417083	0.0	0.0	0.0	0.0	0.0	0.0	0.0	0.0	0.0	0.0	0.0	0.0	0.0
16.55674808259622	0.0	0.0	0.0	0.0	0.0	0.0	0.0	0.0	0.0	0.0	0.0	0.0	0.0
17.137145370684106	0.0	0.0	0.0	0.0	0.0	0.0	0.0	0.0	0.0	0.0	0.0	0.0	0.0
17.75061009251037	0.0	0.0	0.0	0.0	0.0	0.0	0.0	0.0	0.0	0.0	0.0	0.0	0.0
18.399755007433956	0.0	0.0	0.0	0.0	0.0	0.0	0.0	0.0	0.0	0.0	0.0	0.0	0.0
19.087458472735346	0.0	0.0	0.0	0.0	0.0	0.0	0.0	0.0	0.0	0.0	0.0	0.0	0.0
19.816897527897908	0.0	0.0	0.0	0.0	0.0	0.0	0.0	0.0	0.0	0.0	0.0	0.0	0.0
20.592945156509142	0.0	0.0	0.0	0.0	0.0	0.0	0.0	0.0	0.0	0.0	0.0	0.0	0.0
21.41969222704689	0.0	0.0	0.0	0.0	0.0	0.0	0.0	0.0	0.0	0.0	0.0	0.0	0.0
22.30169299111511	0.0	0.0	0.0	0.0	0.0	0.0	0.0	0.0	0.0	0.0	0.0	0.0	0.0
23.244029371443638	0.0	0.0	0.0	0.0	0.0	0.0	0.0	0.0	0.0	0.0	0.0	0.0	0.0
24.252385807258847	0.0	0.0	0.0	0.0	0.0	0.0	0.0	0.0	0.0	0.0	0.0	0.0	0.0
25.333136679429394	0.0	0.0	0.0	0.0	0.0	0.0	0.0	0.0	0.0	0.0	0.0	0.0	0.0
26.493448761674152	0.0	0.0	0.0	0.0	0.0	0.0	0.0	0.0	0.0	0.0	0.0	0.0	0.0
27.741401684609865	0.0	0.0	0.0	0.0	0.0	0.0	0.0	0.0	0.0	0.0	0.0	0.0	0.0
29.08613007372883	0.0	0.0	0.0	0.0	0.0	0.0	0.0	0.0	0.0	0.0	0.0	0.0	0.0
30.537991867201438	0.0	0.0	0.0	0.0	0.0	0.0	0.0	0.0	0.0	0.0	0.0	0.0	0.0
32.10876838227903	0.0	0.0	0.0	0.0	0.0	0.0	0.0	0.0	0.0	0.0	0.0	0.0	0.0
33.81190304240418	0.0	0.0	0.0	0.0	0.0	0.0	0.0	0.0	0.0	0.0	0.0	0.0	0.0
35.662787382479934	0.0	0.0	0.0	0.0	0.0	0.0	0.0	0.0	0.0	0.0	0.0	0.0	0.0
37.67910512500304	0.0	0.0	0.0	0.0	0.0	0.0	0.0	0.0	0.0	0.0	0.0	0.0	0.0
39.88124790764315	0.0	0.0	0.0	0.0	0.0	0.0	0.0	0.0	0.0	0.0	0.0	0.0	0.0
42.29281983313063	0.0	0.0	0.0	0.0	0.0	0.0	0.0	0.0	0.0	0.0	0.0	0.0	0.0
44.94125265974865	0.0	0.0	0.0	0.0	0.0	0.0	0.0	0.0	0.0	0.0	0.0	0.0	0.0
47.858559496566315	0.0	0.0	0.0	0.0	0.0	0.0	0.0	0.0	0.0	0.0	0.0	0.0	0.0
51.08226277394576	0.0	0.0	0.0	0.0	0.0	0.0	0.0	0.0	0.0	0.0	0.0	0.0	0.0
54.656542654021685	0.0	0.0	0.0	0.0	0.0	0.0	0.0	0.0	0.0	0.0	0.0	0.0	0.0
58.63366578277475	0.0	0.0	0.0	0.0	0.0	0.0	0.0	0.0	0.0	0.0	0.0	0.0	0.0
63.075772539098764	0.0	0.0	0.0	0.0	0.0	0.0	0.0	0.0	0.0	0.0	0.0	0.0	0.0
68.05712532164343	0.0	0.0	0.0	0.0	0.0	0.0	0.0	0.0	0.0	0.0	0.0	0.0	0.0
73.66695316849682	0.0	0.0	0.0	0.0	0.0	0.0	0.0	0.0	0.0	0.0	0.0	0.0	0.0
80.01307223520864	0.0	0.0	0.0	0.0	0.0	0.0	0.0	0.0	0.0	0.0	0.0	0.0	0.0
87.2265217005553	0.0	0.0	0.0	0.0	0.0	0.0	0.0	0.0	0.0	0.0	0.0	0.0	0.0
95.46753660488751	0.0	0.0	0.0	0.0	0.0	0.0	0.0	0.0	0.0	0.0	0.0	0.0	0.0
104.93329149360923	0.0	0.0	0.0	0.0	0.0	0.0	0.0	0.0	0.0	0.0	0.0	0.0	0.0
115.86800358747435	0.0	0.0	0.0	0.0	0.0	0.0	0.0	0.0	0.0	0.0	0.0	0.0	0.0
128.57619856887905	0.0	0.0	0.0	0.0	0.0	0.0	0.0	0.0	0.0	0.0	0.0	0.0	0.0
143.440240100717	0.0	0.0	0.0	0.0	0.0	0.0	0.0	0.0	0.0	0.0	0.0	0.0	0.0
160.94364018144128	0.0	0.0	0.0	0.0	0.0	0.0	0.0	0.0	0.0	0.0	0.0	0.0	0.0
181.70225016383213	0.0	0.0	0.0	0.0	0.0	0.0	0.0	0.0	0.0	0.0	0.0	0.0	0.0
206.5062512730147	0.0	0.0	0.0	0.0	0.0	0.0	0.0	0.0	0.0	0.0	0.0	0.0	0.0
236.37701807689774	0.0	0.0	0.0	0.0	0.0	0.0	0.0	0.0	0.0	0.0	0.0	0.0	0.0
272.64456089983173	0.0	0.0	0.0	0.0	0.0	0.0	0.0	0.0	0.0	0.0	0.0	0.0	0.0
317.0535684140806	0.0	0.0	0.0	0.0	0.0	0.0	0.0	0.0	0.0	0.0	0.0	0.0	0.0
371.9093659225253	0.0	0.0	0.0	0.0	0.0	0.0	0.0	0.0	0.0	0.0	0.0	0.0	0.0
440.2798105007796	0.0	0.0	0.0	0.0	0.0	0.0	0.0	0.0	0.0	0.0	0.0	0.0	0.0
525.396596639774	0.0	0.0	0.0	0.0	0.0	0.0	0.0	0.0	0.0	0.0	0.0	0.0	0.0
632.3006627798121	0.0	0.0	0.0	0.0	0.0	0.0	0.0	0.0	0.0	0.0	0.0	0.0	0.0
767.7649631574038	0.0	0.0	0.0	0.0	0.0	0.0	0.0	0.0	0.0	0.0	0.0	0.0	0.0
932.2530115564468	0.0	0.0	0.0	0.0	0.0	0.0	0.0	0.0	0.0	0.0	0.0	0.0	0.0
1131.983319782415	0.0	0.0	0.0	0.0	0.0	0.0	0.0	0.0	0.0	0.0	0.0	0.0	0.0
1374.5069037800595	0.0	0.0	0.0	0.0	0.0	0.0	0.0	0.0	0.0	0.0	0.0	0.0	0.0
1668.9926774557807	0.0	0.0	0.0	0.0	0.0	0.0	0.0	0.0	0.0	0.0	0.0	0.0	0.0
2026.5741097282032	0.0	0.0	0.0	0.0	0.0	0.0	0.0	0.0	0.0	0.0	0.0	0.0	0.0
2460.770157779047	0.0	0.0	0.0	0.0	0.0	0.0	0.0	0.0	0.0	0.0	0.0	0.0	0.0
2987.9963914813848	0.0	0.0	0.0	0.0	0.0	0.0	0.0	0.0	0.0	0.0	0.0	0.0	0.0
3628.185634387804	0.0	0.0	0.0	0.0	0.0	0.0	0.0	0.0	0.0	0.0	0.0	0.0	0.0
4405.541588778778	0.0	0.0	0.0	0.0	0.0	0.0	0.0	0.0	0.0	0.0	0.0	0.0	0.0
5349.453941283437	4.6674844900036384e+30	1.0616788442297323e+29	6.165667924447843e+28	3.3249885100234356e+28	2.1720472153567014e+28	1.1938075412352405e+28	3.099811935417472e+27	1.5419916070825163e+27	5.883131142687045e+26	3.8877332492532624e+28	1.9080733355306094e+28	1.1938075412352405e+28	7.956713920366094e+27
6495.609545431648	1.4433636112046521e+35	4.6758451709582354e+33	2.7403955585195826e+33	1.4896571825266764e+33	9.773917997072208e+32	5.398853502086216e+32	1.4127401682082931e+32	7.046638304969363e+31	2.6959233999576984e+31	1.7386112657840883e+33	8.596261946191257e+32	5.398853502086216e+32	3.6082897593445726e+32
7887.341713456822	1.1868414537787806e+38	5.841962377716398e+36	3.469124018171438e+36	1.907472188538252e+36	1.2593926597207327e+36	7.006238875713498e+35	1.853609030444207e+35	9.281080062430739e+34	3.564662719215179e+34	2.2204607688360705e+36	1.10952579679874e+36	7.006238875713498e+35	4.7010256439615685e+35
9577.26864143468	9.476397875832577e+39	6.6008486026827226e+38	3.972675990277337e+38	2.2098672498976413e+38	1.4683313499684136e+38	8.227522718273682e+37	2.2009048777682164e+37	1.1062295676453972e+37	4.265391273703913e+36	2.5656862788367374e+38	1.2958170627849369e+38	8.227522718273682e+37	5.542389498343264e+37
11629.282785329513	6.294636260327881e+40	6.256236846840719e+39	3.8292910930973495e+39	2.1613258948463718e+39	1.4474958224165634e+39	8.183658387634704e+38	2.21935451661199e+38	1.1207890394095206e+38	4.342331416023346e+37	2.5010510612209312e+39	1.280157461871723e+39	8.183658387634704e+38	5.540017659674484e+38
14120.966554809918	5.971906946622158e+40	8.623466442732093e+39	5.3979972169308686e+39	3.1060567238209437e+39	2.1020714942976036e+39	1.2025148720316251e+39	3.3201284553677116e+38	1.6870456125091006e+38	6.577108715564312e+37	3.5785991652313626e+39	1.8642943369488073e+39	1.2025148720316251e+39	8.193247130151282e+38
17146.525860116224	7.959452969445498e+40	1.6264844045459295e+40	1.0461697301327759e+40	6.161379055440756e+39	4.2225065392743296e+39	2.449808026959343e+39	6.909692022709329e+38	3.5366728923845256e+38	1.3889843659313084e+38	7.061488940961928e+39	3.7575152782999417e+39	2.449808026959343e+39	1.6820520003882377e+39
20820.353263610203	8.715401233960242e+40	2.488801454580961e+40	1.6579631071214514e+40	1.0060916808264472e+40	7.006754564368797e+39	4.138922057134076e+39	1.1993853469886568e+39	6.1955801903409226e+38	2.455805177128995e+38	1.145307800139972e+40	6.262071101754532e+39	4.138922057134076e+39	2.869747486401766e+39
25281.35007064267	9.79101493925661e+40	3.7257318582575e+40	2.5878079275933283e+40	1.6271132481473003e+40	1.154960783843216e+40	6.96862598370584e+39	2.0843957597106334e+39	1.0882864998777627e+39	4.360148026630022e+38	1.837483241348312e+40	1.037476224992657e+40	6.96862598370584e+39	4.887609928183906e+39
30698.17927211513	1.0679325676353092e+41	5.194062476182199e+40	3.7996264139570537e+40	2.4966718980618875e+40	1.81446795226988e+40	1.1238203130539364e+40	3.494712450457825e+39	1.8485305492247112e+39	7.502716514385732e+38	2.7916061608096474e+40	1.6401806018258249e+40	1.1238203130539364e+40	7.994447672591758e+39
37275.64226430659	1.1599820664844622e+41	6.807080102639377e+40	5.298547703775682e+40	3.670532930594119e+40	2.744023918751168e+40	1.7535989607533423e+40	5.711107538786188e+39	3.0676769560735374e+39	1.2642167402788153e+39	4.0555420620985524e+40	2.499197068688115e+40	1.7535989607533423e+40	1.268662158173946e+40
45262.42218991956	1.2173157523223943e+41	8.105719920784084e+40	6.819259763313689e+40	5.049122464499521e+40	3.9117161038561217e+40	2.6006038688993655e+40	8.976886618689348e+39	4.915447374547329e+39	2.064503689200233e+39	5.495539326129329e+40	3.5967480496243227e+40	2.6006038688993655e+40	1.9218718548732787e+40
54960.48628874594	1.2505429975612188e+41	8.719027797645555e+40	8.062765267766837e+40	6.4788700315665435e+40	5.245720324632228e+40	3.6625490521842867e+40	1.3586679107341868e+40	7.617935444090003e+39	3.2748838407109844e+39	6.922229660559493e+40	4.880484099992174e+40	3.6625490521842867e+40	2.7789545097185465e+40
66736.50282665875	1.276817895104046e+41	8.48508676539348e+40	8.75475901174724e+40	7.746626216919135e+40	6.610605067035922e+40	4.894986279220692e+40	1.9807872830035042e+40	1.1428142458784142e+40	5.0523268764111294e+39	8.097001301039599e+40	6.237667338175803e+40	4.894986279220692e+40	3.833996778561334e+40
81035.7042763097	1.2898020191474352e+41	7.388205814506058e+40	8.634871199264885e+40	8.54142345729526e+40	7.752179795064882e+40	6.154569157453314e+40	2.764143902240157e+40	1.65065386966542e+40	7.547510229974431e+39	8.702409290753171e+40	7.437590929610083e+40	6.154569157453314e+40	5.007133990189982e+40
98398.72088606576	1.6578431621449667e+41	8.381223915879965e+40	1.0377117782794555e+41	1.088698619824853e+41	1.024218094581796e+41	8.495206858399374e+40	4.100634854187199e+40	2.512077297758024e+40	1.1785275202796819e+40	1.0936190659661308e+41	9.926674221379544e+40	8.495206858399374e+40	7.088738489610306e+40
119482.02109398981	2.2874658286601076e+41	1.0351129445521843e+41	1.3449430185321303e+41	1.4777438743179645e+41	1.4288548987130876e+41	1.2251427352374961e+41	6.250478334388799e+40	3.90661930805305e+40	1.8706337870859158e+40	1.4682793439604528e+41	1.3955355663822956e+41	1.2251427352374961e+41	1.0422242006292444e+41
145082.73144176247	2.4359713489137198e+41	8.384710303716528e+40	1.2306069512033557e+41	1.507834493073116e+41	1.5497475559874181e+41	1.4259855670305233e+41	8.129500765574502e+40	5.281403003490103e+40	2.6291613576753462e+40	1.461036977432592e+41	1.5390599921312459e+41	1.4259855670305233e+41	1.2619848941933179e+41
176168.7745300305	1.9711263823552618e+41	3.8787085528348883e+40	6.876670651138096e+40	1.0081181987359783e+41	1.1489898983076945e+41	1.1940099414955763e+41	8.28173241214255e+40	5.770020666939284e+40	3.084565881449532e+40	9.367018578715388e+40	1.1741003353687516e+41	1.1940099414955763e+41	1.1322853429610677e+41
213915.46476135205	1.2762637377366806e+41	8.751479301870369e+39	1.9403628990622895e+40	3.762316317644813e+40	5.083258530357165e+40	6.468917805240327e+40	6.216692842383356e+40	4.863220594859622e+40	2.927179999227582e+40	3.266596185059901e+40	5.44654538411924e+40	6.468917805240327e+40	6.883463774500507e+40
259749.94522428443	6.283171837451815e+40	1.7194297025688315e+39	2.363086924717114e+39	5.349427835164838e+39	9.062557558671559e+39	1.5727440084979224e+40	2.6049253741315245e+40	2.506462689104541e+40	1.8809996332449358e+40	4.320235928231669e+39	1.0413244725302154e+40	1.5727440084979224e+40	2.0167222840088918e+40
315405.1458777405	2.242640477084911e+40	1.2470197552186823e+39	8.492088676226532e+38	5.7295611225989335e+38	5.478598558699178e+38	9.463468255182734e+38	4.511093690956818e+39	6.680556681416299e+39	7.669459945491009e+39	6.217114225620788e+38	5.823552507470502e+38	9.463468255182734e+38	1.6430477165004318e+39
382985.30254559976	1.2571755903944752e+40	1.0958847427592552e+39	7.652729767947186e+38	4.907602780740774e+38	3.60002777136276e+38	2.709169396680792e+38	9.197610380262433e+38	1.8754407959148362e+39	3.172890794173193e+39	5.5064616107033345e+38	3.3013572687233132e+38	2.709169396680792e+38	3.072754781442965e+38
465045.5140990476	8.261148451908553e+39	9.355757081477465e+38	6.751213781319465e+38	4.460044855888859e+38	3.277699236885154e+38	2.1180790152534595e+38	2.7934729572584158e+38	6.676698241857044e+38	1.539383449812849e+39	4.973364613836857e+38	2.9774309815879223e+38	2.1180790152534595e+38	1.7010200121194715e+38
564688.3470400283	5.477303106448047e+39	7.727959418818631e+38	5.781650077275505e+38	3.958543160798707e+38	2.9691267455362058e+38	1.9239790202132615e+38	1.04436593030498e+38	2.0956748273068005e+38	6.479928974556686e+38	4.376770371615162e+38	2.710011895555298e+38	1.9239790202132615e+38	1.4238539364344567e+38
685681.1384742553	3.607051710329523e+39	6.1544034828469845e+38	4.789768626635055e+38	3.411887855455366e+38	2.6217586879415617e+38	1.7474756185613617e+38	6.683769061120035e+37	6.877074493393118e+37	2.20826574596087e+38	3.736609189487886e+38	2.4093341964907787e+38	1.7474756185613617e+38	1.301071570853026e+38
832598.4329611028	2.3550023454403958e+39	4.709090247515685e+38	3.826534054630881e+38	2.846567030116796e+38	2.2468583622248048e+38	1.548697872632977e+38	5.863047383443854e+37	3.7554390610539623e+37	6.372626013673934e+37	3.085007063674799e+38	2.0807353516370544e+38	1.548697872632977e+38	1.1756338358005157e+38
1010994.9385412583	1.525012393348773e+39	3.4483338873240105e+38	2.9387183647526457e+38	2.2921143692222097e+38	1.863239119426423e+38	1.3330889578241738e+38	5.36545651197468e+37	3.163391633545823e+37	2.2095321632193205e+37	2.455872756158726e+38	1.740163454170918e+38	1.3330889578241738e+38	1.0350805771226745e+38
1227615.5411221208	9.803081468854253e+38	2.4042318475835992e+38	2.161692930474385e+38	1.7760220184613613e+38	1.4907836321338252e+38	1.111167631818041e+38	4.82057943958217e+37	2.899121119894895e+37	1.427250773593282e+37	1.8793034157015715e+38	1.4052607316254954e+38	1.111167631818041e+38	8.847122007495408e+37
1490650.3175152284	6.2606725501848914e+38	1.5847637111607543e+38	1.5158224157072964e+38	1.3197873065195785e+38	1.1474162938813422e+38	8.942644383267723e+37	4.2176735631864093e+37	2.6233828168455517e+37	1.2693460052784377e+37	1.377429766461497e+38	1.0925599298758104e+38	8.942644383267723e+37	7.319142065947195e+37
1810044.1887435024	3.975257590958298e+38	9.780797697016012e+37	1.0065816469810114e+38	9.365909795864533e+37	8.466676074445662e+37	6.928547427463226e+37	3.581885140740556e+37	2.3153918514504875e+37	1.1654511282970668e+37	9.624256478038948e+37	8.151750719743429e+37	6.928547427463226e+37	5.843608190623634e+37
2197872.921093023	2.5110780518936307e+38	5.580822078093736e+37	6.272240129903851e+37	6.309900520246597e+37	5.963318207126036e+37	5.151112131603282e+37	2.9437549943042115e+37	1.9862471222778892e+37	1.049896437219522e+37	6.368183157819849e+37	5.813248417738708e+37	5.151112131603282e+37	4.489261019453616e+37
2668799.69088094	1.5788241113214853e+38	2.8975018103973426e+37	3.62319138168322e+37	4.0024656203272127e+37	3.9846960617858725e+37	3.6599991409394546e+37	2.3343081311908164e+37	1.6509877608593318e+37	9.221335257627576e+36	3.9538643705193193e+37	3.940362836617884e+37	3.6599991409394546e+37	3.307472032444417e+37
3240629.474890035	9.885457949035037e+37	1.3426247380340083e+37	1.9105900278051285e+37	2.363736010332649e+37	2.5044626353972584e+37	2.4714542292757677e+37	1.7806528209090388e+37	1.3257060801781011e+37	7.870937777676841e+36	2.2754680487594163e+37	2.518836713480718e+37	2.4714542292757677e+37	2.3270287483396036e+37
3934982.227044628	6.16674778295231e+37	5.426073204072358e+36	9.025828195885943e+36	1.2810570795991424e+37	1.4636040609246334e+37	1.5735529057725862e+37	1.302277189602943e+37	1.0253070133039237e+37	6.508538106525585e+36	1.195156996830837e+37	1.5022880371541447e+37	1.5735529057725862e+37	1.5542551585929155e+37
4778110.293010765	3.8345660864356316e+37	1.8612352625747272e+36	3.7351123645231236e+36	6.258984129566539e+36	7.835754133950869e+36	9.344662058093829e+36	9.091877250297672e+36	7.613690005357861e+36	5.1981241495166897e+36	5.62164692471827e+36	8.244018241332634e+36	9.344662058093829e+36	9.77299293051884e+36
