#t	Le	U	B	V	R	I	J	H	K	g	r	i	z
#----------------------------------------------- 
2.981965994818276	0.0	0.0	0.0	0.0	0.0	0.0	0.0	0.0	0.0	0.0	0.0	0.0	0.0
3.0609341231524025	0.0	0.0	0.0	0.0	0.0	0.0	0.0	0.0	0.0	0.0	0.0	0.0	0.0
3.1577467230086915	0.0	0.0	0.0	0.0	0.0	0.0	0.0	0.0	0.0	0.0	0.0	0.0	0.0
3.261254521985014	0.0	0.0	0.0	0.0	0.0	0.0	0.0	0.0	0.0	0.0	0.0	0.0	0.0
3.3701464293602514	0.0	0.0	0.0	0.0	0.0	0.0	0.0	0.0	0.0	0.0	0.0	0.0	0.0
3.4842709671392735	0.0	0.0	0.0	0.0	0.0	0.0	0.0	0.0	0.0	0.0	0.0	0.0	0.0
3.6037326263917318	0.0	0.0	0.0	0.0	0.0	0.0	0.0	0.0	0.0	0.0	0.0	0.0	0.0
3.728723311634101	0.0	0.0	0.0	0.0	0.0	0.0	0.0	0.0	0.0	0.0	0.0	0.0	0.0
3.859476147916681	0.0	0.0	0.0	0.0	0.0	0.0	0.0	0.0	0.0	0.0	0.0	0.0	0.0
3.9962495699552507	0.0	0.0	0.0	0.0	0.0	0.0	0.0	0.0	0.0	0.0	0.0	0.0	0.0
4.139321007311209	0.0	0.0	0.0	0.0	0.0	0.0	0.0	0.0	0.0	0.0	0.0	0.0	0.0
4.288984171204223	0.0	0.0	0.0	0.0	0.0	0.0	0.0	0.0	0.0	0.0	0.0	0.0	0.0
4.4455478709637815	0.0	0.0	0.0	0.0	0.0	0.0	0.0	0.0	0.0	0.0	0.0	0.0	0.0
4.609335544172405	0.0	0.0	0.0	0.0	0.0	0.0	0.0	0.0	0.0	0.0	0.0	0.0	0.0
4.780685144962215	0.0	0.0	0.0	0.0	0.0	0.0	0.0	0.0	0.0	0.0	0.0	0.0	0.0
4.9599492223954815	0.0	0.0	0.0	0.0	0.0	0.0	0.0	0.0	0.0	0.0	0.0	0.0	0.0
5.147495103908516	0.0	0.0	0.0	0.0	0.0	0.0	0.0	0.0	0.0	0.0	0.0	0.0	0.0
5.343705138221279	0.0	0.0	0.0	0.0	0.0	0.0	0.0	0.0	0.0	0.0	0.0	0.0	0.0
5.548976971990756	0.0	0.0	0.0	0.0	0.0	0.0	0.0	0.0	0.0	0.0	0.0	0.0	0.0
5.763723845025442	0.0	0.0	0.0	0.0	0.0	0.0	0.0	0.0	0.0	0.0	0.0	0.0	0.0
5.988374894741803	0.0	0.0	0.0	0.0	0.0	0.0	0.0	0.0	0.0	0.0	0.0	0.0	0.0
6.223375463995002	0.0	0.0	0.0	0.0	0.0	0.0	0.0	0.0	0.0	0.0	0.0	0.0	0.0
6.469187408516464	0.0	0.0	0.0	0.0	0.0	0.0	0.0	0.0	0.0	0.0	0.0	0.0	0.0
6.726289401620943	0.0	0.0	0.0	0.0	0.0	0.0	0.0	0.0	0.0	0.0	0.0	0.0	0.0
6.9951772348212495	0.0	0.0	0.0	0.0	0.0	0.0	0.0	0.0	0.0	0.0	0.0	0.0	0.0
7.2763641137828	0.0	0.0	0.0	0.0	0.0	0.0	0.0	0.0	0.0	0.0	0.0	0.0	0.0
7.570380949718467	0.0	0.0	0.0	0.0	0.0	0.0	0.0	0.0	0.0	0.0	0.0	0.0	0.0
7.877776646911288	0.0	0.0	0.0	0.0	0.0	0.0	0.0	0.0	0.0	0.0	0.0	0.0	0.0
8.199118387648488	0.0	0.0	0.0	0.0	0.0	0.0	0.0	0.0	0.0	0.0	0.0	0.0	0.0
8.534991916399772	0.0	0.0	0.0	0.0	0.0	0.0	0.0	0.0	0.0	0.0	0.0	0.0	0.0
8.886001825635127	0.0	0.0	0.0	0.0	0.0	0.0	0.0	0.0	0.0	0.0	0.0	0.0	0.0
9.252771846245604	0.0	0.0	0.0	0.0	0.0	0.0	0.0	0.0	0.0	0.0	0.0	0.0	0.0
9.635945146057514	0.0	0.0	0.0	0.0	0.0	0.0	0.0	0.0	0.0	0.0	0.0	0.0	0.0
10.036184640477277	0.0	0.0	0.0	0.0	0.0	0.0	0.0	0.0	0.0	0.0	0.0	0.0	0.0
10.454173319805797	0.0	0.0	0.0	0.0	0.0	0.0	0.0	0.0	0.0	0.0	0.0	0.0	0.0
10.890614598226927	0.0	0.0	0.0	0.0	0.0	0.0	0.0	0.0	0.0	0.0	0.0	0.0	0.0
11.346232689936597	0.0	0.0	0.0	0.0	0.0	0.0	0.0	0.0	0.0	0.0	0.0	0.0	0.0
11.821773018228459	0.0	0.0	0.0	0.0	0.0	0.0	0.0	0.0	0.0	0.0	0.0	0.0	0.0
12.31800266373509	0.0	0.0	0.0	0.0	0.0	0.0	0.0	0.0	0.0	0.0	0.0	0.0	0.0
12.835710858269147	0.0	0.0	0.0	0.0	0.0	0.0	0.0	0.0	0.0	0.0	0.0	0.0	0.0
13.37570953096044	0.0	0.0	0.0	0.0	0.0	0.0	0.0	0.0	0.0	0.0	0.0	0.0	0.0
13.938833913537131	0.0	0.0	0.0	0.0	0.0	0.0	0.0	0.0	0.0	0.0	0.0	0.0	0.0
14.525943211747302	0.0	0.0	0.0	0.0	0.0	0.0	0.0	0.0	0.0	0.0	0.0	0.0	0.0
15.137921349968618	0.0	0.0	0.0	0.0	0.0	0.0	0.0	0.0	0.0	0.0	0.0	0.0	0.0
15.775677796092555	0.0	0.0	0.0	0.0	0.0	0.0	0.0	0.0	0.0	0.0	0.0	0.0	0.0
16.44014847378762	0.0	0.0	0.0	0.0	0.0	0.0	0.0	0.0	0.0	0.0	0.0	0.0	0.0
17.13229676923696	0.0	0.0	0.0	0.0	0.0	0.0	0.0	0.0	0.0	0.0	0.0	0.0	0.0
17.85311463939519	0.0	0.0	0.0	0.0	0.0	0.0	0.0	0.0	0.0	0.0	0.0	0.0	0.0
18.60362382882795	0.0	0.0	0.0	0.0	0.0	0.0	0.0	0.0	0.0	0.0	0.0	0.0	0.0
19.384877202185002	0.0	0.0	0.0	0.0	0.0	0.0	0.0	0.0	0.0	0.0	0.0	0.0	0.0
20.19796019937603	0.0	0.0	0.0	0.0	0.0	0.0	0.0	0.0	0.0	0.0	0.0	0.0	0.0
21.043992420630424	0.0	0.0	0.0	0.0	0.0	0.0	0.0	0.0	0.0	0.0	0.0	0.0	0.0
21.924129348699594	0.0	0.0	0.0	0.0	0.0	0.0	0.0	0.0	0.0	0.0	0.0	0.0	0.0
22.83956421569424	0.0	0.0	0.0	0.0	0.0	0.0	0.0	0.0	0.0	0.0	0.0	0.0	0.0
23.791530022326842	0.0	0.0	0.0	0.0	0.0	0.0	0.0	0.0	0.0	0.0	0.0	0.0	0.0
24.78130171763352	0.0	0.0	0.0	0.0	0.0	0.0	0.0	0.0	0.0	0.0	0.0	0.0	0.0
25.810198547776768	0.0	0.0	0.0	0.0	0.0	0.0	0.0	0.0	0.0	0.0	0.0	0.0	0.0
26.879586583051864	0.0	0.0	0.0	0.0	0.0	0.0	0.0	0.0	0.0	0.0	0.0	0.0	0.0
27.990881432902032	0.0	0.0	0.0	0.0	0.0	0.0	0.0	0.0	0.0	0.0	0.0	0.0	0.0
29.14555115955943	0.0	0.0	0.0	0.0	0.0	0.0	0.0	0.0	0.0	0.0	0.0	0.0	0.0
30.34511940182969	0.0	0.0	0.0	0.0	0.0	0.0	0.0	0.0	0.0	0.0	0.0	0.0	0.0
31.591168721662367	0.0	0.0	0.0	0.0	0.0	0.0	0.0	0.0	0.0	0.0	0.0	0.0	0.0
32.885344187286364	0.0	0.0	0.0	0.0	0.0	0.0	0.0	0.0	0.0	0.0	0.0	0.0	0.0
34.229357208143576	0.0	0.0	0.0	0.0	0.0	0.0	0.0	0.0	0.0	0.0	0.0	0.0	0.0
35.6249896383403	0.0	0.0	0.0	0.0	0.0	0.0	0.0	0.0	0.0	0.0	0.0	0.0	0.0
37.07409816708618	0.0	0.0	0.0	0.0	0.0	0.0	0.0	0.0	0.0	0.0	0.0	0.0	0.0
38.578619016500895	0.0	0.0	0.0	0.0	0.0	0.0	0.0	0.0	0.0	0.0	0.0	0.0	0.0
40.14057296931327	0.0	0.0	0.0	0.0	0.0	0.0	0.0	0.0	0.0	0.0	0.0	0.0	0.0
41.76207075131555	0.0	0.0	0.0	0.0	0.0	0.0	0.0	0.0	0.0	0.0	0.0	0.0	0.0
43.4453187960962	0.0	0.0	0.0	0.0	0.0	0.0	0.0	0.0	0.0	0.0	0.0	0.0	0.0
45.19262542242129	0.0	0.0	0.0	0.0	0.0	0.0	0.0	0.0	0.0	0.0	0.0	0.0	0.0
47.0064074578913	0.0	0.0	0.0	0.0	0.0	0.0	0.0	0.0	0.0	0.0	0.0	0.0	0.0
48.88919734605015	0.0	0.0	0.0	0.0	0.0	0.0	0.0	0.0	0.0	0.0	0.0	0.0	0.0
50.843650778052286	0.0	0.0	0.0	0.0	0.0	0.0	0.0	0.0	0.0	0.0	0.0	0.0	0.0
52.872554894403926	0.0	0.0	0.0	0.0	0.0	0.0	0.0	0.0	0.0	0.0	0.0	0.0	0.0
54.978837107151605	0.0	0.0	0.0	0.0	0.0	0.0	0.0	0.0	0.0	0.0	0.0	0.0	0.0
57.165574598333635	0.0	0.0	0.0	0.0	0.0	0.0	0.0	0.0	0.0	0.0	0.0	0.0	0.0
59.43600455656728	0.0	0.0	0.0	0.0	0.0	0.0	0.0	0.0	0.0	0.0	0.0	0.0	0.0
61.793535220403264	0.0	0.0	0.0	0.0	0.0	0.0	0.0	0.0	0.0	0.0	0.0	0.0	0.0
64.2417578046695	0.0	0.0	0.0	0.0	0.0	0.0	0.0	0.0	0.0	0.0	0.0	0.0	0.0
66.78445939451086	0.0	0.0	0.0	0.0	0.0	0.0	0.0	0.0	0.0	0.0	0.0	0.0	0.0
69.42563690138438	0.0	0.0	0.0	0.0	0.0	0.0	0.0	0.0	0.0	0.0	0.0	0.0	0.0
72.16951218603417	0.0	0.0	0.0	0.0	0.0	0.0	0.0	0.0	0.0	0.0	0.0	0.0	0.0
75.02054846552645	0.0	0.0	0.0	0.0	0.0	0.0	0.0	0.0	0.0	0.0	0.0	0.0	0.0
77.98346813520789	0.0	0.0	0.0	0.0	0.0	0.0	0.0	0.0	0.0	0.0	0.0	0.0	0.0
81.06327215186586	0.0	0.0	0.0	0.0	0.0	0.0	0.0	0.0	0.0	0.0	0.0	0.0	0.0
84.26526114200529	0.0	0.0	0.0	0.0	0.0	0.0	0.0	0.0	0.0	0.0	0.0	0.0	0.0
87.59505841912214	0.0	0.0	0.0	0.0	0.0	0.0	0.0	0.0	0.0	0.0	0.0	0.0	0.0
91.05863511658828	0.0	0.0	0.0	0.0	0.0	0.0	0.0	0.0	0.0	0.0	0.0	0.0	0.0
94.66233766882068	0.0	0.0	0.0	0.0	0.0	0.0	0.0	0.0	0.0	0.0	0.0	0.0	0.0
98.4129179029855	0.0	0.0	0.0	0.0	0.0	0.0	0.0	0.0	0.0	0.0	0.0	0.0	0.0
102.31756603764644	0.0	0.0	0.0	0.0	0.0	0.0	0.0	0.0	0.0	0.0	0.0	0.0	0.0
106.38394692381007	0.0	0.0	0.0	0.0	0.0	0.0	0.0	0.0	0.0	0.0	0.0	0.0	0.0
110.62023990892646	0.0	0.0	0.0	0.0	0.0	0.0	0.0	0.0	0.0	0.0	0.0	0.0	0.0
115.035182756212	0.0	0.0	0.0	0.0	0.0	0.0	0.0	0.0	0.0	0.0	0.0	0.0	0.0
119.63812011204101	0.0	0.0	0.0	0.0	0.0	0.0	0.0	0.0	0.0	0.0	0.0	0.0	0.0
124.43905708355574	0.0	0.0	0.0	0.0	0.0	0.0	0.0	0.0	0.0	0.0	0.0	0.0	0.0
129.44871857003116	0.0	0.0	0.0	0.0	0.0	0.0	0.0	0.0	0.0	0.0	0.0	0.0	0.0
134.67861508581225	0.0	0.0	0.0	0.0	0.0	0.0	0.0	0.0	0.0	0.0	0.0	0.0	0.0
140.14111592330815	0.0	0.0	0.0	0.0	0.0	0.0	0.0	0.0	0.0	0.0	0.0	0.0	0.0
145.8495306340381	0.0	0.0	0.0	0.0	0.0	0.0	0.0	0.0	0.0	0.0	0.0	0.0	0.0
151.82534545274055	0.0	0.0	0.0	0.0	0.0	0.0	0.0	0.0	0.0	0.0	0.0	0.0	0.0
158.08418947317017	0.0	0.0	0.0	0.0	0.0	0.0	0.0	0.0	0.0	0.0	0.0	0.0	0.0
164.64298176128273	0.0	0.0	0.0	0.0	0.0	0.0	0.0	0.0	0.0	0.0	0.0	0.0	0.0
171.52006404129915	0.0	0.0	0.0	0.0	0.0	0.0	0.0	0.0	0.0	0.0	0.0	0.0	0.0
178.73535017916987	0.0	0.0	0.0	0.0	0.0	0.0	0.0	0.0	0.0	0.0	0.0	0.0	0.0
186.31049505870524	0.0	0.0	0.0	0.0	0.0	0.0	0.0	0.0	0.0	0.0	0.0	0.0	0.0
194.26908588785597	0.0	0.0	0.0	0.0	0.0	0.0	0.0	0.0	0.0	0.0	0.0	0.0	0.0
202.63685952688124	0.0	0.0	0.0	0.0	0.0	0.0	0.0	0.0	0.0	0.0	0.0	0.0	0.0
211.44195010286177	0.0	0.0	0.0	0.0	0.0	0.0	0.0	0.0	0.0	0.0	0.0	0.0	0.0
220.71517199488804	0.0	0.0	0.0	0.0	0.0	0.0	0.0	0.0	0.0	0.0	0.0	0.0	0.0
230.4903442780003	0.0	0.0	0.0	0.0	0.0	0.0	0.0	0.0	0.0	0.0	0.0	0.0	0.0
240.80466394846889	0.0	0.0	0.0	0.0	0.0	0.0	0.0	0.0	0.0	0.0	0.0	0.0	0.0
251.69913677981907	0.0	0.0	0.0	0.0	0.0	0.0	0.0	0.0	0.0	0.0	0.0	0.0	0.0
263.21907655690075	0.0	0.0	0.0	0.0	0.0	0.0	0.0	0.0	0.0	0.0	0.0	0.0	0.0
275.4146858084209	0.0	0.0	0.0	0.0	0.0	0.0	0.0	0.0	0.0	0.0	0.0	0.0	0.0
288.3417341440605	0.0	0.0	0.0	0.0	0.0	0.0	0.0	0.0	0.0	0.0	0.0	0.0	0.0
302.0623540819769	0.0	0.0	0.0	0.0	0.0	0.0	0.0	0.0	0.0	0.0	0.0	0.0	0.0
316.6459790713904	0.0	0.0	0.0	0.0	0.0	0.0	0.0	0.0	0.0	0.0	0.0	0.0	0.0
332.1704546022958	0.0	0.0	0.0	0.0	0.0	0.0	0.0	0.0	0.0	0.0	0.0	0.0	0.0
348.72336130147124	0.0	0.0	0.0	0.0	0.0	0.0	0.0	0.0	0.0	0.0	0.0	0.0	0.0
366.4035993609009	0.0	0.0	0.0	0.0	0.0	0.0	0.0	0.0	0.0	0.0	0.0	0.0	0.0
385.3232973960335	0.0	0.0	0.0	0.0	0.0	0.0	0.0	0.0	0.0	0.0	0.0	0.0	0.0
405.61012710378066	0.0	0.0	0.0	0.0	0.0	0.0	0.0	0.0	0.0	0.0	0.0	0.0	0.0
427.4101296174002	0.0	0.0	0.0	0.0	0.0	0.0	0.0	0.0	0.0	0.0	0.0	0.0	0.0
450.89119274062324	0.0	0.0	0.0	0.0	0.0	0.0	0.0	0.0	0.0	0.0	0.0	0.0	0.0
476.2473639483926	0.0	0.0	0.0	0.0	0.0	0.0	0.0	0.0	0.0	0.0	0.0	0.0	0.0
503.70424760992205	0.0	0.0	0.0	0.0	0.0	0.0	0.0	0.0	0.0	0.0	0.0	0.0	0.0
533.525824538972	0.0	0.0	0.0	0.0	0.0	0.0	0.0	0.0	0.0	0.0	0.0	0.0	0.0
566.0231603424903	0.0	0.0	0.0	0.0	0.0	0.0	0.0	0.0	0.0	0.0	0.0	0.0	0.0
601.5656559245417	0.0	0.0	0.0	0.0	0.0	0.0	0.0	0.0	0.0	0.0	0.0	0.0	0.0
640.5957706185268	0.0	0.0	0.0	0.0	0.0	0.0	0.0	0.0	0.0	0.0	0.0	0.0	0.0
683.6485677606535	0.0	0.0	0.0	0.0	0.0	0.0	0.0	0.0	0.0	0.0	0.0	0.0	0.0
731.3780815588981	0.0	0.0	0.0	0.0	0.0	0.0	0.0	0.0	0.0	0.0	0.0	0.0	0.0
784.5935344323676	0.0	0.0	0.0	0.0	0.0	0.0	0.0	0.0	0.0	0.0	0.0	0.0	0.0
844.3101170448635	0.0	0.0	0.0	0.0	0.0	0.0	0.0	0.0	0.0	0.0	0.0	0.0	0.0
911.8218833918825	0.0	0.0	0.0	0.0	0.0	0.0	0.0	0.0	0.0	0.0	0.0	0.0	0.0
988.8092886222051	0.0	0.0	0.0	0.0	0.0	0.0	0.0	0.0	0.0	0.0	0.0	0.0	0.0
1077.5029999836204	0.0	0.0	0.0	0.0	0.0	0.0	0.0	0.0	0.0	0.0	0.0	0.0	0.0
1180.9431402753921	0.0	0.0	0.0	0.0	0.0	0.0	0.0	0.0	0.0	0.0	0.0	0.0	0.0
1303.4090091962944	0.0	0.0	0.0	0.0	0.0	0.0	0.0	0.0	0.0	0.0	0.0	0.0	0.0
1451.1735005257128	0.0	0.0	0.0	0.0	0.0	0.0	0.0	0.0	0.0	0.0	0.0	0.0	0.0
1633.9282477443	0.0	0.0	0.0	0.0	0.0	0.0	0.0	0.0	0.0	0.0	0.0	0.0	0.0
1867.7501363397296	0.0	0.0	0.0	0.0	0.0	0.0	0.0	0.0	0.0	0.0	0.0	0.0	0.0
2182.1712664121223	0.0	0.0	0.0	0.0	0.0	0.0	0.0	0.0	0.0	0.0	0.0	0.0	0.0
2640.8493182985176	0.0	0.0	0.0	0.0	0.0	0.0	0.0	0.0	0.0	0.0	0.0	0.0	0.0
3195.9693305114756	0.0	0.0	0.0	0.0	0.0	0.0	0.0	0.0	0.0	0.0	0.0	0.0	0.0
3867.814583498141	0.0	0.0	0.0	0.0	0.0	0.0	0.0	0.0	0.0	0.0	0.0	0.0	0.0
4680.936756398577	0.0	0.0	0.0	0.0	0.0	0.0	0.0	0.0	0.0	0.0	0.0	0.0	0.0
5665.052280632688	0.0	0.0	0.0	0.0	0.0	0.0	0.0	0.0	0.0	0.0	0.0	0.0	0.0
6856.128815680431	0.0	0.0	0.0	0.0	0.0	0.0	0.0	0.0	0.0	0.0	0.0	0.0	0.0
8297.700277543676	0.0	0.0	0.0	0.0	0.0	0.0	0.0	0.0	0.0	0.0	0.0	0.0	0.0
10042.458504242197	0.0	0.0	0.0	0.0	0.0	0.0	0.0	0.0	0.0	0.0	0.0	0.0	0.0
12154.179756885089	0.0	0.0	0.0	0.0	0.0	0.0	0.0	0.0	0.0	0.0	0.0	0.0	0.0
14710.056489835682	0.0	0.0	0.0	0.0	0.0	0.0	0.0	0.0	0.0	0.0	0.0	0.0	0.0
17803.519665559696	1.8498007349231206e+32	1.4315330937358213e+31	8.655740968152608e+30	4.8342906130138596e+30	3.219154945892181e+30	1.8082676019911636e+30	4.855617556008325e+29	2.443761915340023e+29	9.43522872538515e+28	5.607554025919019e+30	2.84261416949222e+30	1.8082676019911636e+30	1.2197831655417852e+30
21547.654767387394	1.500422917075271e+36	1.7273176007255717e+35	1.0659400142704073e+35	6.058904166289793e+34	4.073353506640186e+34	2.312887196129667e+34	6.313780457730164e+33	3.1957256482128436e+33	1.240980622015879e+33	7.000070113411009e+34	3.6061603438427706e+34	2.312887196129667e+34	1.5694416482517784e+34
26079.336452585238	5.798651604440904e+38	9.591275164360883e+37	6.062534507521788e+37	3.5176417658725855e+37	2.391371958356479e+37	1.3749540578186552e+37	3.825477710289872e+36	1.9489389940161497e+36	7.618317730824248e+35	4.0451589618865566e+37	2.1234381518305953e+37	1.3749540578186552e+37	9.394105944153615e+36
31564.233815508145	2.672588786773023e+40	5.945716282552706e+39	3.8540423924280595e+39	2.2848442647806292e+39	1.5714145029175388e+39	9.153282939382676e+38	2.5971772706923773e+38	1.332052900724552e+38	5.242201480395908e+37	2.6147358429103703e+39	1.3996973260723782e+39	9.153282939382676e+38	6.298301582870298e+38
38202.86844334115	9.941978826071134e+40	2.936176814405997e+40	1.9633635787195764e+40	1.1952062751927192e+40	8.337939883322677e+39	4.934547294335688e+39	1.43396601569366e+39	7.414351256761696e+38	2.9416889338532177e+38	1.3596185122990254e+40	7.45514939643412e+39	4.934547294335688e+39	3.424890333263367e+39
46237.945196403125	9.642984931879843e+40	3.7307985191752274e+40	2.596412466910437e+40	1.6351447897198297e+40	1.1616331649335392e+40	7.01528166972525e+39	2.101134175473147e+39	1.0975051364599255e+39	4.3989835861132455e+38	1.8458943060371105e+40	1.0437002556356231e+40	7.01528166972525e+39	4.9227253579714555e+39
55963.229828077325	1.2772129783665854e+41	6.27088559199925e+40	4.589643183503655e+40	3.0166132437844563e+40	2.19254409446912e+40	1.3580720706530314e+40	4.223215009625747e+39	2.2338383348374697e+39	9.066361497213696e+38	3.3727974047157054e+40	1.981978417958119e+40	1.3580720706530314e+40	9.660978402002882e+39
67734.30954408705	1.417297678947525e+41	8.434321136252415e+40	6.576065674576143e+40	4.560468059975795e+40	3.4108864695896767e+40	2.180661924252004e+40	7.105015250758416e+39	3.81677907636694e+39	1.5730495300631808e+39	5.037723692174687e+40	3.106896855961516e+40	2.180661924252004e+40	1.5779111635073885e+40
81981.55226264951	1.5056646364547146e+41	1.0223660853809985e+41	8.656392633995297e+40	6.440240993935051e+40	5.001015161077134e+40	3.332624144722043e+40	1.1539042424500392e+40	6.324178276653293e+39	2.6584509662643816e+39	7.002444708356473e+40	4.601033163404137e+40	3.332624144722043e+40	2.465736719541003e+40
99225.86255128348	1.6369423046928188e+41	1.1607669748908882e+41	1.0800988646206398e+41	8.71389653903048e+40	7.066740912378856e+40	4.940674149732713e+40	1.834976878356648e+40	1.0290514941828416e+40	4.42423279598658e+39	9.302847739428553e+40	6.577132812722587e+40	4.940674149732713e+40	3.750766064933869e+40
120097.72149740111	1.7801127082120172e+41	1.2043613651902788e+41	1.250728259088152e+41	1.1098552114655298e+41	9.474825739436184e+40	7.01237905757089e+40	2.8304620034213783e+40	1.6309663112802812e+40	7.200098293214347e+39	1.1595788002948572e+41	8.940050204068358e+40	7.01237905757089e+40	5.488710261192967e+40
145360.24077794488	1.869080168306059e+41	1.0818259219745014e+41	1.28346608079621e+41	1.2804672390323353e+41	1.1652016966307014e+41	9.260964314029262e+40	4.1509345522958944e+40	2.4748539449941277e+40	1.1293840391390172e+40	1.3026022656889643e+41	1.118414288760035e+41	9.260964314029262e+40	7.532657668462251e+40
175937.064095524	1.9091679560569472e+41	8.2996198906849085e+40	1.1523184913832194e+41	1.323314466151928e+41	1.30155903525936e+41	1.1293383260129597e+41	5.766579605859665e+40	3.5876830415718394e+40	1.706203451412115e+40	1.3034416628732553e+41	1.2757801593503297e+41	1.1293383260129597e+41	9.63410740293254e+40
212946.13767179253	1.925917732640258e+41	5.478246260123055e+40	9.077297630046491e+40	1.224683392222042e+41	1.3187134754141034e+41	1.2692176304168446e+41	7.5818347435474655e+40	4.967873796237216e+40	2.48436570581418e+40	1.1621896723365915e+41	1.3248382833756572e+41	1.2692176304168446e+41	1.146238637446157e+41
257740.58489020268	2.3382183685857392e+41	5.362932161376419e+40	9.168508083581318e+40	1.3130396750295944e+41	1.4807767113331913e+41	1.5193580122079072e+41	1.0219517713654373e+41	7.001784536774868e+40	3.6646859002173693e+40	1.2257871971254098e+41	1.5088454331058367e+41	1.5193580122079072e+41	1.4283009520458311e+41
311958.17940931406	6.947658417154911e+41	2.385952060070704e+41	3.498291794067458e+41	4.312942950729156e+41	4.462892568241416e+41	4.151416504041766e+41	2.42213279983647e+41	1.5883540695703181e+41	7.984734034553101e+40	4.1704286145811835e+41	4.44220992507673e+41	4.151416504041766e+41	3.7015245745528315e+41
377581.22573760175	1.2224316404382932e+42	3.892669532021248e+41	5.932580754702838e+41	7.522046878678624e+41	7.88056220787896e+41	7.410961123363908e+41	4.364364665132649e+41	2.865202123324045e+41	1.4406565310316993e+41	7.231278550833807e+41	7.866965481145647e+41	7.410961123363908e+41	6.637059036659616e+41
457009.0364826824	1.2453261295457557e+42	2.5595224120675548e+41	4.582313933215545e+41	6.716724596459319e+41	7.632029054008717e+41	7.880516050766637e+41	5.367915068782133e+41	3.704989243408929e+41	1.9581185528509102e+41	6.244882951441112e+41	7.789345098991748e+41	7.880516050766637e+41	7.434691714641893e+41
553145.6544441849	8.646541352844773e+41	7.175992352668396e+40	1.678298019984463e+41	3.1780676372998054e+41	4.188913452497932e+41	5.152989437537826e+41	4.6526167035385315e+41	3.548796052368495e+41	2.0756323626056204e+41	2.7825476618613436e+41	4.4543913770340014e+41	5.152989437537826e+41	5.369861570768108e+41
669506.0318065477	4.5707417706941785e+41	1.0946357619753643e+40	2.6334511235893196e+40	6.752523143342063e+40	1.1077451652056145e+41	1.7927467794132457e+41	2.5648129649349856e+41	2.3140255737098702e+41	1.611077896115338e+41	5.444561857781143e+40	1.254705811794612e+41	1.7927467794132457e+41	2.1930551717254587e+41
810344.5442402761	4.510761801833607e+41	4.341875747630322e+39	4.1876934008974955e+39	6.813655286988148e+39	1.2143763371688655e+40	2.5905422380529887e+40	6.733372218781851e+40	7.807059582037769e+40	7.268795638577545e+40	5.683454972772041e+39	1.4503414808803377e+40	2.5905422380529887e+40	3.852875443416782e+40
980810.5412553899	4.893611568415033e+40	3.118180700528261e+39	2.610039582413592e+39	2.0314126750084733e+39	1.797160962964897e+39	2.1671739006685303e+39	9.258985885111228e+39	1.5502737071849676e+40	2.157041272190243e+40	2.1645988377465648e+39	1.7872054176258464e+39	2.1671739006685303e+39	3.2606658787158155e+39
1187136.6301715467	2.319256319737684e+40	2.2236081403962714e+39	1.9583302477643552e+39	1.57208308878105e+39	1.2990538518294393e+39	9.933106307909124e+38	1.9224851278943712e+39	3.990168297669926e+39	7.354853689542261e+39	1.6738173374048568e+39	1.2212217100992484e+39	9.933106307909124e+38	9.327656549019436e+38
1436866.5249207132	1.4179174052141114e+40	1.5137003448227e+39	1.4052547455371748e+39	1.1951504378242936e+39	1.0214528665345525e+39	7.751118199957866e+38	5.5121393209487045e+38	1.1182764246646447e+39	3.1156806138058376e+39	1.254630791636394e+39	9.671204414970491e+38	7.751118199957866e+38	6.2913118700238586e+38
1739130.8728592086	9.105645216232264e+39	9.838639174744436e+38	9.62115090899769e+38	8.682968189634874e+38	7.721285688714612e+38	6.160127289976573e+38	3.0738589990068298e+38	2.9261496418782055e+38	8.863106873841975e+38	8.98008690120366e+38	7.396136747879261e+38	6.160127289976573e+38	5.0926150971693635e+38
2104981.0897938544	5.757864885503002e+39	6.110600087784205e+38	6.287020047018383e+38	6.0180608462372085e+38	5.5739539255719235e+38	4.699896841829674e+38	2.5096655607589545e+38	1.6708775089235918e+38	1.8402788586688318e+38	6.131319147655628e+38	5.404998010000915e+38	4.699896841829674e+38	4.02314947222503e+38
2547793.422123733	3.534969113769347e+39	3.625954033059763e+38	3.924777247135945e+38	3.9791880929652566e+38	3.837879649304704e+38	3.425621684245685e+38	2.052080967362108e+38	1.3935867528661624e+38	7.823073155428922e+37	3.994906639965551e+38	3.7679510603739125e+38	3.425621684245685e+38	3.04395013416975e+38
3083758.009396201	2.110978259275977e+39	2.05035263789429e+38	2.3413828050976606e+38	2.5124260238160737e+38	2.520832144613279e+38	2.381487543550728e+38	1.6131743186456523e+38	1.1560274455440692e+38	6.474108845585942e+37	2.486472216294217e+38	2.5052601844251174e+38	2.381487543550728e+38	2.1992338377706334e+38
3732470.828353704	1.2359583898569289e+39	1.09788893408239e+38	1.3323416575481912e+38	1.5160303539396431e+38	1.5811620025406609e+38	1.5788833701641494e+38	1.213874756901428e+38	9.232373359268742e+37	5.533016560124677e+37	1.478988958533091e+38	1.5901260844102249e+38	1.5788833701641494e+38	1.5152095903830972e+38
4517650.161090961	7.156335072352123e+38	5.506550385565658e+37	7.192821035731676e+37	8.735410123071393e+37	9.47855668887674e+37	9.99230374488876e+37	8.719929366973412e+37	7.067740125431443e+37	4.574368506574318e+37	8.39248047081451e+37	9.644836531447265e+37	9.99230374488876e+37	9.955820062572684e+37
