#t	Le	U	B	V	R	I	J	H	K	g	r	i	z
#----------------------------------------------- 
2.846641701943694	0.0	0.0	0.0	0.0	0.0	0.0	0.0	0.0	0.0	0.0	0.0	0.0	0.0
2.9068044894856273	0.0	0.0	0.0	0.0	0.0	0.0	0.0	0.0	0.0	0.0	0.0	0.0	0.0
2.96306173252352	0.0	0.0	0.0	0.0	0.0	0.0	0.0	0.0	0.0	0.0	0.0	0.0	0.0
3.019787474825324	0.0	0.0	0.0	0.0	0.0	0.0	0.0	0.0	0.0	0.0	0.0	0.0	0.0
3.0777062616766	0.0	0.0	0.0	0.0	0.0	0.0	0.0	0.0	0.0	0.0	0.0	0.0	0.0
3.137089943467311	0.0	0.0	0.0	0.0	0.0	0.0	0.0	0.0	0.0	0.0	0.0	0.0	0.0
3.1980888108983843	0.0	0.0	0.0	0.0	0.0	0.0	0.0	0.0	0.0	0.0	0.0	0.0	0.0
3.2608100011494945	0.0	0.0	0.0	0.0	0.0	0.0	0.0	0.0	0.0	0.0	0.0	0.0	0.0
3.325343180622274	0.0	0.0	0.0	0.0	0.0	0.0	0.0	0.0	0.0	0.0	0.0	0.0	0.0
3.3917707813395825	0.0	0.0	0.0	0.0	0.0	0.0	0.0	0.0	0.0	0.0	0.0	0.0	0.0
3.4601726914812656	0.0	0.0	0.0	0.0	0.0	0.0	0.0	0.0	0.0	0.0	0.0	0.0	0.0
3.5306286570367926	0.0	0.0	0.0	0.0	0.0	0.0	0.0	0.0	0.0	0.0	0.0	0.0	0.0
3.6032196373983885	0.0	0.0	0.0	0.0	0.0	0.0	0.0	0.0	0.0	0.0	0.0	0.0	0.0
3.678028644687326	0.0	0.0	0.0	0.0	0.0	0.0	0.0	0.0	0.0	0.0	0.0	0.0	0.0
3.755141313138542	0.0	0.0	0.0	0.0	0.0	0.0	0.0	0.0	0.0	0.0	0.0	0.0	0.0
3.8346463214621798	0.0	0.0	0.0	0.0	0.0	0.0	0.0	0.0	0.0	0.0	0.0	0.0	0.0
3.916635733283742	0.0	0.0	0.0	0.0	0.0	0.0	0.0	0.0	0.0	0.0	0.0	0.0	0.0
4.001205291987863	0.0	0.0	0.0	0.0	0.0	0.0	0.0	0.0	0.0	0.0	0.0	0.0	0.0
4.088454691222866	0.0	0.0	0.0	0.0	0.0	0.0	0.0	0.0	0.0	0.0	0.0	0.0	0.0
4.178487834092341	0.0	0.0	0.0	0.0	0.0	0.0	0.0	0.0	0.0	0.0	0.0	0.0	0.0
4.27141308939602	0.0	0.0	0.0	0.0	0.0	0.0	0.0	0.0	0.0	0.0	0.0	0.0	0.0
4.3673435505689735	0.0	0.0	0.0	0.0	0.0	0.0	0.0	0.0	0.0	0.0	0.0	0.0	0.0
4.466397301348453	0.0	0.0	0.0	0.0	0.0	0.0	0.0	0.0	0.0	0.0	0.0	0.0	0.0
4.568697691223521	0.0	0.0	0.0	0.0	0.0	0.0	0.0	0.0	0.0	0.0	0.0	0.0	0.0
4.674373623133907	0.0	0.0	0.0	0.0	0.0	0.0	0.0	0.0	0.0	0.0	0.0	0.0	0.0
4.783559855538454	0.0	0.0	0.0	0.0	0.0	0.0	0.0	0.0	0.0	0.0	0.0	0.0	0.0
4.896397320780423	0.0	0.0	0.0	0.0	0.0	0.0	0.0	0.0	0.0	0.0	0.0	0.0	0.0
5.013033461589101	0.0	0.0	0.0	0.0	0.0	0.0	0.0	0.0	0.0	0.0	0.0	0.0	0.0
5.13362258754066	0.0	0.0	0.0	0.0	0.0	0.0	0.0	0.0	0.0	0.0	0.0	0.0	0.0
5.2583262533360084	0.0	0.0	0.0	0.0	0.0	0.0	0.0	0.0	0.0	0.0	0.0	0.0	0.0
5.387313660829636	0.0	0.0	0.0	0.0	0.0	0.0	0.0	0.0	0.0	0.0	0.0	0.0	0.0
5.5207620868543605	0.0	0.0	0.0	0.0	0.0	0.0	0.0	0.0	0.0	0.0	0.0	0.0	0.0
5.658857339022652	0.0	0.0	0.0	0.0	0.0	0.0	0.0	0.0	0.0	0.0	0.0	0.0	0.0
5.80179424185181	0.0	0.0	0.0	0.0	0.0	0.0	0.0	0.0	0.0	0.0	0.0	0.0	0.0
5.949777155750202	0.0	0.0	0.0	0.0	0.0	0.0	0.0	0.0	0.0	0.0	0.0	0.0	0.0
6.10302053162348	0.0	0.0	0.0	0.0	0.0	0.0	0.0	0.0	0.0	0.0	0.0	0.0	0.0
6.261749504098054	0.0	0.0	0.0	0.0	0.0	0.0	0.0	0.0	0.0	0.0	0.0	0.0	0.0
6.426200526644439	0.0	0.0	0.0	0.0	0.0	0.0	0.0	0.0	0.0	0.0	0.0	0.0	0.0
6.596622052180066	0.0	0.0	0.0	0.0	0.0	0.0	0.0	0.0	0.0	0.0	0.0	0.0	0.0
6.773275263083609	0.0	0.0	0.0	0.0	0.0	0.0	0.0	0.0	0.0	0.0	0.0	0.0	0.0
6.956434854929199	0.0	0.0	0.0	0.0	0.0	0.0	0.0	0.0	0.0	0.0	0.0	0.0	0.0
7.146389878676458	0.0	0.0	0.0	0.0	0.0	0.0	0.0	0.0	0.0	0.0	0.0	0.0	0.0
7.343444646527046	0.0	0.0	0.0	0.0	0.0	0.0	0.0	0.0	0.0	0.0	0.0	0.0	0.0
7.547919707186966	0.0	0.0	0.0	0.0	0.0	0.0	0.0	0.0	0.0	0.0	0.0	0.0	0.0
7.760152896860021	0.0	0.0	0.0	0.0	0.0	0.0	0.0	0.0	0.0	0.0	0.0	0.0	0.0
7.980500472963025	0.0	0.0	0.0	0.0	0.0	0.0	0.0	0.0	0.0	0.0	0.0	0.0	0.0
8.209338338279196	0.0	0.0	0.0	0.0	0.0	0.0	0.0	0.0	0.0	0.0	0.0	0.0	0.0
8.447063364098867	0.0	0.0	0.0	0.0	0.0	0.0	0.0	0.0	0.0	0.0	0.0	0.0	0.0
8.694094821809692	0.0	0.0	0.0	0.0	0.0	0.0	0.0	0.0	0.0	0.0	0.0	0.0	0.0
8.950875933437027	0.0	0.0	0.0	0.0	0.0	0.0	0.0	0.0	0.0	0.0	0.0	0.0	0.0
9.217875552790614	0.0	0.0	0.0	0.0	0.0	0.0	0.0	0.0	0.0	0.0	0.0	0.0	0.0
9.495589990185957	0.0	0.0	0.0	0.0	0.0	0.0	0.0	0.0	0.0	0.0	0.0	0.0	0.0
9.784544995168813	0.0	0.0	0.0	0.0	0.0	0.0	0.0	0.0	0.0	0.0	0.0	0.0	0.0
10.085297913329184	0.0	0.0	0.0	0.0	0.0	0.0	0.0	0.0	0.0	0.0	0.0	0.0	0.0
10.398440035171012	0.0	0.0	0.0	0.0	0.0	0.0	0.0	0.0	0.0	0.0	0.0	0.0	0.0
10.724599157107052	0.0	0.0	0.0	0.0	0.0	0.0	0.0	0.0	0.0	0.0	0.0	0.0	0.0
11.064442377050067	0.0	0.0	0.0	0.0	0.0	0.0	0.0	0.0	0.0	0.0	0.0	0.0	0.0
11.418679149800937	0.0	0.0	0.0	0.0	0.0	0.0	0.0	0.0	0.0	0.0	0.0	0.0	0.0
11.788064630506677	0.0	0.0	0.0	0.0	0.0	0.0	0.0	0.0	0.0	0.0	0.0	0.0	0.0
12.173403338005285	0.0	0.0	0.0	0.0	0.0	0.0	0.0	0.0	0.0	0.0	0.0	0.0	0.0
12.575553173875003	0.0	0.0	0.0	0.0	0.0	0.0	0.0	0.0	0.0	0.0	0.0	0.0	0.0
12.995429837607801	0.0	0.0	0.0	0.0	0.0	0.0	0.0	0.0	0.0	0.0	0.0	0.0	0.0
13.434011683577802	0.0	0.0	0.0	0.0	0.0	0.0	0.0	0.0	0.0	0.0	0.0	0.0	0.0
13.892345071509565	0.0	0.0	0.0	0.0	0.0	0.0	0.0	0.0	0.0	0.0	0.0	0.0	0.0
14.37155026909916	0.0	0.0	0.0	0.0	0.0	0.0	0.0	0.0	0.0	0.0	0.0	0.0	0.0
14.87282797341282	0.0	0.0	0.0	0.0	0.0	0.0	0.0	0.0	0.0	0.0	0.0	0.0	0.0
15.397466526927792	0.0	0.0	0.0	0.0	0.0	0.0	0.0	0.0	0.0	0.0	0.0	0.0	0.0
15.94684991475695	0.0	0.0	0.0	0.0	0.0	0.0	0.0	0.0	0.0	0.0	0.0	0.0	0.0
16.522466641969693	0.0	0.0	0.0	0.0	0.0	0.0	0.0	0.0	0.0	0.0	0.0	0.0	0.0
17.12591960432825	0.0	0.0	0.0	0.0	0.0	0.0	0.0	0.0	0.0	0.0	0.0	0.0	0.0
17.758937082517186	0.0	0.0	0.0	0.0	0.0	0.0	0.0	0.0	0.0	0.0	0.0	0.0	0.0
18.423385009542763	0.0	0.0	0.0	0.0	0.0	0.0	0.0	0.0	0.0	0.0	0.0	0.0	0.0
19.121280683918688	0.0	0.0	0.0	0.0	0.0	0.0	0.0	0.0	0.0	0.0	0.0	0.0	0.0
19.854808128195778	0.0	0.0	0.0	0.0	0.0	0.0	0.0	0.0	0.0	0.0	0.0	0.0	0.0
20.62633532411411	0.0	0.0	0.0	0.0	0.0	0.0	0.0	0.0	0.0	0.0	0.0	0.0	0.0
21.43843359310824	0.0	0.0	0.0	0.0	0.0	0.0	0.0	0.0	0.0	0.0	0.0	0.0	0.0
22.293899435257345	0.0	0.0	0.0	0.0	0.0	0.0	0.0	0.0	0.0	0.0	0.0	0.0	0.0
23.195779192427253	0.0	0.0	0.0	0.0	0.0	0.0	0.0	0.0	0.0	0.0	0.0	0.0	0.0
24.14739696416129	0.0	0.0	0.0	0.0	0.0	0.0	0.0	0.0	0.0	0.0	0.0	0.0	0.0
25.152386279859442	0.0	0.0	0.0	0.0	0.0	0.0	0.0	0.0	0.0	0.0	0.0	0.0	0.0
26.21472612081359	0.0	0.0	0.0	0.0	0.0	0.0	0.0	0.0	0.0	0.0	0.0	0.0	0.0
27.338781993946867	0.0	0.0	0.0	0.0	0.0	0.0	0.0	0.0	0.0	0.0	0.0	0.0	0.0
28.529352889927686	0.0	0.0	0.0	0.0	0.0	0.0	0.0	0.0	0.0	0.0	0.0	0.0	0.0
29.791725116959473	0.0	0.0	0.0	0.0	0.0	0.0	0.0	0.0	0.0	0.0	0.0	0.0	0.0
31.131734194585658	0.0	0.0	0.0	0.0	0.0	0.0	0.0	0.0	0.0	0.0	0.0	0.0	0.0
32.555836227822724	0.0	0.0	0.0	0.0	0.0	0.0	0.0	0.0	0.0	0.0	0.0	0.0	0.0
34.07119047151437	0.0	0.0	0.0	0.0	0.0	0.0	0.0	0.0	0.0	0.0	0.0	0.0	0.0
35.68575515177906	0.0	0.0	0.0	0.0	0.0	0.0	0.0	0.0	0.0	0.0	0.0	0.0	0.0
37.4083990535658	0.0	0.0	0.0	0.0	0.0	0.0	0.0	0.0	0.0	0.0	0.0	0.0	0.0
39.24903193346595	0.0	0.0	0.0	0.0	0.0	0.0	0.0	0.0	0.0	0.0	0.0	0.0	0.0
41.21875750503714	0.0	0.0	0.0	0.0	0.0	0.0	0.0	0.0	0.0	0.0	0.0	0.0	0.0
43.33005360890444	0.0	0.0	0.0	0.0	0.0	0.0	0.0	0.0	0.0	0.0	0.0	0.0	0.0
45.59698527361473	0.0	0.0	0.0	0.0	0.0	0.0	0.0	0.0	0.0	0.0	0.0	0.0	0.0
48.035457763599446	0.0	0.0	0.0	0.0	0.0	0.0	0.0	0.0	0.0	0.0	0.0	0.0	0.0
50.66351848939325	0.0	0.0	0.0	0.0	0.0	0.0	0.0	0.0	0.0	0.0	0.0	0.0	0.0
53.501718945040274	0.0	0.0	0.0	0.0	0.0	0.0	0.0	0.0	0.0	0.0	0.0	0.0	0.0
56.57355080509855	0.0	0.0	0.0	0.0	0.0	0.0	0.0	0.0	0.0	0.0	0.0	0.0	0.0
59.90597418656336	0.0	0.0	0.0	0.0	0.0	0.0	0.0	0.0	0.0	0.0	0.0	0.0	0.0
63.53006117315633	0.0	0.0	0.0	0.0	0.0	0.0	0.0	0.0	0.0	0.0	0.0	0.0	0.0
67.48178444722033	0.0	0.0	0.0	0.0	0.0	0.0	0.0	0.0	0.0	0.0	0.0	0.0	0.0
71.8029898907331	0.0	0.0	0.0	0.0	0.0	0.0	0.0	0.0	0.0	0.0	0.0	0.0	0.0
76.56078817758907	0.0	0.0	0.0	0.0	0.0	0.0	0.0	0.0	0.0	0.0	0.0	0.0	0.0
81.81701773351163	0.0	0.0	0.0	0.0	0.0	0.0	0.0	0.0	0.0	0.0	0.0	0.0	0.0
87.64521935156866	0.0	0.0	0.0	0.0	0.0	0.0	0.0	0.0	0.0	0.0	0.0	0.0	0.0
94.133444245407	0.0	0.0	0.0	0.0	0.0	0.0	0.0	0.0	0.0	0.0	0.0	0.0	0.0
101.38788761079694	0.0	0.0	0.0	0.0	0.0	0.0	0.0	0.0	0.0	0.0	0.0	0.0	0.0
109.53763977448324	0.0	0.0	0.0	0.0	0.0	0.0	0.0	0.0	0.0	0.0	0.0	0.0	0.0
118.74096797690736	0.0	0.0	0.0	0.0	0.0	0.0	0.0	0.0	0.0	0.0	0.0	0.0	0.0
129.19372234363183	0.0	0.0	0.0	0.0	0.0	0.0	0.0	0.0	0.0	0.0	0.0	0.0	0.0
141.14073229601365	0.0	0.0	0.0	0.0	0.0	0.0	0.0	0.0	0.0	0.0	0.0	0.0	0.0
154.8914790760191	0.0	0.0	0.0	0.0	0.0	0.0	0.0	0.0	0.0	0.0	0.0	0.0	0.0
170.84198790050698	0.0	0.0	0.0	0.0	0.0	0.0	0.0	0.0	0.0	0.0	0.0	0.0	0.0
189.50593733777058	0.0	0.0	0.0	0.0	0.0	0.0	0.0	0.0	0.0	0.0	0.0	0.0	0.0
211.55971261447655	0.0	0.0	0.0	0.0	0.0	0.0	0.0	0.0	0.0	0.0	0.0	0.0	0.0
237.90904047328064	0.0	0.0	0.0	0.0	0.0	0.0	0.0	0.0	0.0	0.0	0.0	0.0	0.0
269.78988661151624	0.0	0.0	0.0	0.0	0.0	0.0	0.0	0.0	0.0	0.0	0.0	0.0	0.0
308.9253200136643	0.0	0.0	0.0	0.0	0.0	0.0	0.0	0.0	0.0	0.0	0.0	0.0	0.0
357.77678601011206	0.0	0.0	0.0	0.0	0.0	0.0	0.0	0.0	0.0	0.0	0.0	0.0	0.0
419.20122848790936	0.0	0.0	0.0	0.0	0.0	0.0	0.0	0.0	0.0	0.0	0.0	0.0	0.0
498.0315924241064	0.0	0.0	0.0	0.0	0.0	0.0	0.0	0.0	0.0	0.0	0.0	0.0	0.0
601.6535981512112	0.0	0.0	0.0	0.0	0.0	0.0	0.0	0.0	0.0	0.0	0.0	0.0	0.0
741.7865669432149	0.0	0.0	0.0	0.0	0.0	0.0	0.0	0.0	0.0	0.0	0.0	0.0	0.0
914.5616004142944	0.0	0.0	0.0	0.0	0.0	0.0	0.0	0.0	0.0	0.0	0.0	0.0	0.0
1127.582554011518	0.0	0.0	0.0	0.0	0.0	0.0	0.0	0.0	0.0	0.0	0.0	0.0	0.0
1390.2247780966618	0.0	0.0	0.0	0.0	0.0	0.0	0.0	0.0	0.0	0.0	0.0	0.0	0.0
1714.0476543024154	0.0	0.0	0.0	0.0	0.0	0.0	0.0	0.0	0.0	0.0	0.0	0.0	0.0
2113.3033785799425	0.0	0.0	0.0	0.0	0.0	0.0	0.0	0.0	0.0	0.0	0.0	0.0	0.0
2605.564268833072	0.0	0.0	0.0	0.0	0.0	0.0	0.0	0.0	0.0	0.0	0.0	0.0	0.0
3212.4962085837674	0.0	0.0	0.0	0.0	0.0	0.0	0.0	0.0	0.0	0.0	0.0	0.0	0.0
3960.812272477927	0.0	0.0	0.0	0.0	0.0	0.0	0.0	0.0	0.0	0.0	0.0	0.0	0.0
4883.448508752369	0.0	0.0	0.0	0.0	0.0	0.0	0.0	0.0	0.0	0.0	0.0	0.0	0.0
6021.013637425003	1.463319702017537e+34	1.7612663095429158e+32	1.0096210620655374e+32	5.382840226131462e+31	3.4942770542895513e+31	1.9067806447722598e+31	4.896033213002808e+30	2.4259906220500627e+30	9.218761306390425e+29	6.310308837058952e+31	3.0643767163488783e+31	1.9067806447722598e+31	1.2658067305005716e+31
7423.576454491297	6.596976797404715e+37	1.2765964158960274e+36	7.386702665356613e+35	3.9707187264176424e+35	2.5892981412889048e+35	1.4202771486567783e+35	3.6763468591109876e+34	1.826788138924333e+34	6.961914153851397e+33	4.646149888714426e+35	2.2735279333219665e+35	1.4202771486567783e+35	9.455573585806418e+34
9152.869693441718	1.402908151160746e+40	4.070008672354781e+38	2.3781966815028385e+38	1.2893961530511309e+38	8.447841912763981e+37	4.658752127371953e+37	1.2159974285219277e+37	6.059955749673301e+36	2.3163481922311215e+36	1.5057791040871519e+38	7.427081442745085e+37	4.658752127371953e+37	3.1108357855134003e+37
11285.006984694228	1.788888034642916e+41	7.859632366194314e+39	4.6494550391633595e+39	2.547988493327969e+39	1.6792321081772458e+39	9.322625855336367e+38	2.4586104882522127e+38	1.2296739292019467e+38	4.717592122492586e+37	2.968321377526123e+39	1.4786782192707123e+39	9.322625855336367e+38	6.248146131659209e+38
13913.833792823069	1.7705463482510964e+41	1.2063950624526354e+40	7.254371989763245e+39	4.0323706871978884e+39	2.6781976898726104e+39	1.4999919435076205e+39	4.00974111254124e+38	2.0149065252311664e+38	7.767143395859577e+37	4.682427701476926e+39	2.3632784280978223e+39	1.4999919435076205e+39	1.0102003551259433e+39
17155.057411033697	2.4365630614781586e+41	2.495296366316543e+40	1.5300302953263195e+40	8.649052946919566e+39	5.797332900596487e+39	3.280709389069531e+39	8.90989689496221e+38	4.5017937235474e+38	1.745032793456862e+38	1.0005055255812016e+40	5.1282826972194813e+39	3.280709389069531e+39	2.2220624914173072e+39
21151.342720572386	2.765793721131581e+41	4.224793195756969e+40	2.6558712329745796e+40	1.5338169880994855e+40	1.0400947935791981e+40	5.963271721111456e+39	1.6520420530012387e+39	8.40422569544308e+38	3.2803211681819145e+38	1.7657000302103902e+40	9.229355082771013e+39	5.963271721111456e+39	4.067995608043086e+39
26078.5871977742	3.121668324011076e+41	6.909334110944366e+40	4.479849385696579e+40	2.6565218169437394e+40	1.8273050574372516e+40	1.0645639061684387e+40	3.0214503426358195e+39	1.5498068170333324e+39	6.099765945149284e+38	3.0398968473364496e+40	1.6276909622792492e+40	1.0645639061684387e+40	7.325890443967449e+39
32153.665045436952	3.3445622007102486e+41	1.0489585653069374e+41	7.080984659799625e+40	4.3457919570080823e+40	3.045033685389473e+40	1.810987957513578e+40	5.301759214957866e+39	2.748173057743913e+39	1.0931063167011831e+39	4.934503777411846e+40	2.725843315850586e+40	1.810987957513578e+40	1.2603099655664283e+40
39643.972706174136	3.631118429661049e+41	1.5168231377755417e+41	1.0744499635426216e+41	6.870305313846674e+40	4.9210254695843765e+40	2.999291292558194e+40	9.10757289296303e+39	4.77937848160775e+39	1.9245748827349076e+39	7.729133042532787e+40	4.431163606372919e+40	2.999291292558194e+40	2.115170944438326e+40
48879.19859737301	3.856274817419118e+41	2.036399228349963e+41	1.5317438542794928e+41	1.0308421663022749e+41	7.58875147405263e+40	4.768087730406659e+40	1.5146835575589038e+40	8.069310712444065e+39	3.298475282438119e+39	1.1464002662458946e+41	6.883466651682122e+40	4.768087730406659e+40	3.4182622421292364e+40
60265.834589651524	4.004435405105034e+41	2.4923919838615357e+41	2.019489737503193e+41	1.448732886285692e+41	1.1037632068363431e+41	7.204694373421925e+40	2.421593751366382e+40	1.31449891592452e+40	5.474007563418237e+39	1.588043580993562e+41	1.0104009281014868e+41	7.204694373421925e+40	5.272484333802705e+40
74305.067955148	4.051837667270339e+41	2.7400512163308427e+41	2.4318008819048983e+41	1.8879651240698304e+41	1.5012002644924063e+41	1.0276683760874816e+41	3.7060960460556906e+40	2.0591776300194688e+40	8.774410642147871e+39	2.0327551285374474e+41	1.3900196561500023e+41	1.0276683760874816e+41	7.716420549740678e+40
91614.84141587271	4.0332176397063004e+41	2.6838454019871793e+41	2.6481269123655167e+41	2.258351882400649e+41	1.890734306765176e+41	1.3716817682811863e+41	5.3946681630762545e+40	3.084863597347238e+40	1.352264324363303e+40	2.379911533064058e+41	1.7751802917284368e+41	1.3716817682811863e+41	1.0629742053089876e+41
112957.05224736966	4.849949741641409e+41	2.9821477473115893e+41	3.1550096695713127e+41	2.876225477091662e+41	2.5035075898494996e+41	1.901494808805636e+41	8.043052038866831e+40	4.716804864203768e+40	2.1205476005655554e+40	2.9838414040488433e+41	2.3759443824430665e+41	1.901494808805636e+41	1.5122321187083907e+41
139271.08736650506	6.2768133512191815e+41	3.545147412503638e+41	3.968609156247475e+41	3.815502264585548e+41	3.4258056725517814e+41	2.700284338123705e+41	1.2135414267306498e+41	7.272461670177349e+40	3.342260290827217e+40	3.9091181193755036e+41	3.2794764200505068e+41	2.700284338123705e+41	2.1936867613786717e+41
171715.17064820873	6.0638844067274274e+41	2.774152845668174e+41	3.5121321513770315e+41	3.7725910957463266e+41	3.605590246445025e+41	3.0557307980172978e+41	1.5401937833142992e+41	9.608149651767403e+40	4.598217894163851e+40	3.76744255135603e+41	3.511111961064427e+41	3.0557307980172978e+41	2.5856735920347763e+41
211717.34284376187	4.414966713213473e+41	1.1680549001486319e+41	1.824209020706596e+41	2.377151074459258e+41	2.5345408160968564e+41	2.4395289145894227e+41	1.5063266643300358e+41	1.0100291141165383e+41	5.203575164749781e+40	2.2699740904088674e+41	2.5432462047778618e+41	2.4395289145894227e+41	2.217774875671322e+41
261038.3174143549	2.4371717597018676e+41	1.974782984092762e+40	4.1068847454685747e+40	7.285980939795478e+40	9.340597432777902e+40	1.121162797304003e+41	9.947527837281356e+40	7.60384465242087e+40	4.48339139852291e+40	6.463202061349769e+40	9.867534042490764e+40	1.121162797304003e+41	1.1571708229248023e+41
321848.9795465776	8.431553604957422e+40	2.107768052110924e+39	2.419230353495694e+39	5.379416222889588e+39	9.655773398935664e+39	1.822362786308996e+40	3.390676373799943e+40	3.350026118536683e+40	2.557684833875538e+40	4.2862029636588655e+39	1.130971804514861e+40	1.822362786308996e+40	2.447114900485369e+40
396825.9385378472	3.8925542245750225e+40	1.7076056442540496e+39	1.1392305976120779e+39	8.4397305162165e+38	9.945652687617624e+38	2.0500154633681727e+39	8.388074691654826e+39	1.153449831853391e+40	1.2420167201003995e+40	8.733975829755953e+38	1.1268061144358305e+39	2.0500154633681727e+39	3.481376452429143e+39
489269.3383988132	2.4036943029431136e+40	1.5151406073977346e+39	1.0253311501131944e+39	6.4759988875463614e+38	5.067681680563711e+38	5.6994179156969505e+38	2.851438494284223e+39	4.999844332240782e+39	7.098889712925002e+39	7.25463202010589e+38	4.89331637696851e+38	5.6994179156969505e+38	8.940334918737307e+38
603248.1158510228	1.5348270965461757e+40	1.2998180860998931e+39	9.105203223380182e+38	5.832760312452339e+38	4.2348619438999176e+38	2.9422983404638967e+38	8.588940044095255e+38	1.9312113783305216e+39	3.735151107181399e+39	6.550897966087681e+38	3.852771109407761e+38	2.9422983404638967e+38	2.9802363035222428e+38
743779.096160064	9.745912507158583e+39	1.0716451938385455e+39	7.815643155649102e+38	5.198038930782634e+38	3.82645531749844e+38	2.4394089141069294e+38	2.315107446957622e+38	5.862288302732367e+38	1.6133765081572846e+39	5.7889619568029555e+38	3.474549891281959e+38	2.4394089141069294e+38	1.8537371206552173e+38
917047.8106232452	6.129492453682939e+39	8.44985460714105e+38	6.448937191656092e+38	4.4827590613209175e+38	3.386092847756766e+38	2.206054390885965e+38	9.403357764465741e+37	1.4984538138793698e+38	5.418810381217593e+38	4.940452812548193e+38	3.095815760135348e+38	2.206054390885965e+38	1.6232061847941299e+38
1130680.7550783022	3.820160665509093e+39	6.3425973955480414e+38	5.091063128271849e+38	3.7201490969797275e+38	2.8957783750732838e+38	1.9560216336882414e+38	7.196455866965762e+37	5.321894440338033e+37	1.4023733022543273e+38	4.051369575346277e+38	2.6699966939577306e+38	1.9560216336882414e+38	1.4652281010282292e+38
1394081.0729886387	2.3618002881813804e+39	4.51143729072878e+38	3.827543180241631e+38	2.9568315520661334e+38	2.3812673714429213e+38	1.6774506486463368e+38	6.511228226562325e+37	3.8313063991399644e+37	3.548322153840859e+37	3.1773097307805498e+38	2.216921886161436e+38	1.6774506486463368e+38	1.287877974694025e+38
1718842.4383148686	1.449924751036592e+39	3.025864382693337e+38	2.727943471735032e+38	2.2403293634552064e+38	1.8739495223506977e+38	1.3843639741484923e+38	5.836104608229478e+37	3.4595526083708125e+37	1.7491176109595361e+37	2.3720569493643007e+38	1.763670543413366e+38	1.3843639741484923e+38	1.093527041324714e+38
2119259.355372633	8.846385870626272e+38	1.902044297337104e+38	1.8341954085037017e+38	1.6107126437665342e+38	1.4046670553862589e+38	1.0941571025109873e+38	5.075182632457877e+37	3.1191843299870856e+37	1.48832885023655e+37	1.6780372734820968e+38	1.3379963602422548e+38	1.0941571025109873e+38	8.92587234279004e+37
2612956.336703227	5.3680405618708895e+38	1.111076530138675e+38	1.1566130447669336e+38	1.0936652956894188e+38	9.982722437401436e+37	8.242673225966698e+37	4.259259354144789e+37	2.733368074820921e+37	1.359358359837403e+37	1.119336885143423e+38	9.63496564037297e+37	8.242673225966698e+37	6.969903290347522e+37
3221663.652439899	3.2415717957782487e+38	5.958361857493879e+37	6.7845759324627235e+37	6.974293048087293e+37	6.694091734889835e+37	5.891101658651831e+37	3.432683177401135e+37	2.3151742105316284e+37	1.2161128208210256e+37	6.998255597015805e+37	6.554711844973594e+37	5.891101658651831e+37	5.181893545143517e+37
3972173.7960469984	1.9490453854274167e+38	2.8841198167021078e+37	3.658830053431633e+37	4.145800095707036e+37	4.211089429234144e+37	3.975589340571401e+37	2.643709609079742e+37	1.8860599148180496e+37	1.0557214577548878e+37	4.0667510197915466e+37	4.1899338118229817e+37	3.975589340571401e+37	3.6510450758067204e+37
4897520.765601796	1.1674777598122736e+38	1.2322742619537297e+37	1.784404959254407e+37	2.272495573531765e+37	2.46550315140196e+37	2.519301540977027e+37	1.936439389825251e+37	1.470455724160144e+37	8.849838267428603e+36	2.170048989925298e+37	2.498367631400184e+37	2.519301540977027e+37	2.426110579972366e+37
