#t	Le	U	B	V	R	I	J	H	K	g	r	i	z
#----------------------------------------------- 
2.952510425708186	0.0	0.0	0.0	0.0	0.0	0.0	0.0	0.0	0.0	0.0	0.0	0.0	0.0
3.028650494420984	0.0	0.0	0.0	0.0	0.0	0.0	0.0	0.0	0.0	0.0	0.0	0.0	0.0
3.124852703891791	0.0	0.0	0.0	0.0	0.0	0.0	0.0	0.0	0.0	0.0	0.0	0.0	0.0
3.2286124100801774	0.0	0.0	0.0	0.0	0.0	0.0	0.0	0.0	0.0	0.0	0.0	0.0	0.0
3.338879855043568	0.0	0.0	0.0	0.0	0.0	0.0	0.0	0.0	0.0	0.0	0.0	0.0	0.0
3.455748319857568	0.0	0.0	0.0	0.0	0.0	0.0	0.0	0.0	0.0	0.0	0.0	0.0	0.0
3.579561710001008	0.0	0.0	0.0	0.0	0.0	0.0	0.0	0.0	0.0	0.0	0.0	0.0	0.0
3.710764723604319	0.0	0.0	0.0	0.0	0.0	0.0	0.0	0.0	0.0	0.0	0.0	0.0	0.0
3.84986593198527	0.0	0.0	0.0	0.0	0.0	0.0	0.0	0.0	0.0	0.0	0.0	0.0	0.0
3.997427580599167	0.0	0.0	0.0	0.0	0.0	0.0	0.0	0.0	0.0	0.0	0.0	0.0	0.0
4.154063735509709	0.0	0.0	0.0	0.0	0.0	0.0	0.0	0.0	0.0	0.0	0.0	0.0	0.0
4.320441644710269	0.0	0.0	0.0	0.0	0.0	0.0	0.0	0.0	0.0	0.0	0.0	0.0	0.0
4.497284594512857	0.0	0.0	0.0	0.0	0.0	0.0	0.0	0.0	0.0	0.0	0.0	0.0	0.0
4.685375602777536	0.0	0.0	0.0	0.0	0.0	0.0	0.0	0.0	0.0	0.0	0.0	0.0	0.0
4.885561669738498	0.0	0.0	0.0	0.0	0.0	0.0	0.0	0.0	0.0	0.0	0.0	0.0	0.0
5.098758456703242	0.0	0.0	0.0	0.0	0.0	0.0	0.0	0.0	0.0	0.0	0.0	0.0	0.0
5.32595532588888	0.0	0.0	0.0	0.0	0.0	0.0	0.0	0.0	0.0	0.0	0.0	0.0	0.0
5.568220701748659	0.0	0.0	0.0	0.0	0.0	0.0	0.0	0.0	0.0	0.0	0.0	0.0	0.0
5.826707725059375	0.0	0.0	0.0	0.0	0.0	0.0	0.0	0.0	0.0	0.0	0.0	0.0	0.0
6.102660174137727	0.0	0.0	0.0	0.0	0.0	0.0	0.0	0.0	0.0	0.0	0.0	0.0	0.0
6.39741862666871	0.0	0.0	0.0	0.0	0.0	0.0	0.0	0.0	0.0	0.0	0.0	0.0	0.0
6.712426832678169	0.0	0.0	0.0	0.0	0.0	0.0	0.0	0.0	0.0	0.0	0.0	0.0	0.0
7.049238265304538	0.0	0.0	0.0	0.0	0.0	0.0	0.0	0.0	0.0	0.0	0.0	0.0	0.0
7.4095228119373795	0.0	0.0	0.0	0.0	0.0	0.0	0.0	0.0	0.0	0.0	0.0	0.0	0.0
7.7950735646154685	0.0	0.0	0.0	0.0	0.0	0.0	0.0	0.0	0.0	0.0	0.0	0.0	0.0
8.207813665811907	0.0	0.0	0.0	0.0	0.0	0.0	0.0	0.0	0.0	0.0	0.0	0.0	0.0
8.649803164394658	0.0	0.0	0.0	0.0	0.0	0.0	0.0	0.0	0.0	0.0	0.0	0.0	0.0
9.1232458370808	0.0	0.0	0.0	0.0	0.0	0.0	0.0	0.0	0.0	0.0	0.0	0.0	0.0
9.63049593351566	0.0	0.0	0.0	0.0	0.0	0.0	0.0	0.0	0.0	0.0	0.0	0.0	0.0
10.174064808521221	0.0	0.0	0.0	0.0	0.0	0.0	0.0	0.0	0.0	0.0	0.0	0.0	0.0
10.756627413283107	0.0	0.0	0.0	0.0	0.0	0.0	0.0	0.0	0.0	0.0	0.0	0.0	0.0
11.381028628325998	0.0	0.0	0.0	0.0	0.0	0.0	0.0	0.0	0.0	0.0	0.0	0.0	0.0
12.050289434928853	0.0	0.0	0.0	0.0	0.0	0.0	0.0	0.0	0.0	0.0	0.0	0.0	0.0
12.767612937806929	0.0	0.0	0.0	0.0	0.0	0.0	0.0	0.0	0.0	0.0	0.0	0.0	0.0
13.53639026991533	0.0	0.0	0.0	0.0	0.0	0.0	0.0	0.0	0.0	0.0	0.0	0.0	0.0
14.360206429329681	0.0	0.0	0.0	0.0	0.0	0.0	0.0	0.0	0.0	0.0	0.0	0.0	0.0
15.242846117526824	0.0	0.0	0.0	0.0	0.0	0.0	0.0	0.0	0.0	0.0	0.0	0.0	0.0
16.18829966700042	0.0	0.0	0.0	0.0	0.0	0.0	0.0	0.0	0.0	0.0	0.0	0.0	0.0
17.20076916310236	0.0	0.0	0.0	0.0	0.0	0.0	0.0	0.0	0.0	0.0	0.0	0.0	0.0
18.284674879414574	0.0	0.0	0.0	0.0	0.0	0.0	0.0	0.0	0.0	0.0	0.0	0.0	0.0
19.444662157134317	0.0	0.0	0.0	0.0	0.0	0.0	0.0	0.0	0.0	0.0	0.0	0.0	0.0
20.685608866444323	0.0	0.0	0.0	0.0	0.0	0.0	0.0	0.0	0.0	0.0	0.0	0.0	0.0
22.01263359149118	0.0	0.0	0.0	0.0	0.0	0.0	0.0	0.0	0.0	0.0	0.0	0.0	0.0
23.431104680502173	0.0	0.0	0.0	0.0	0.0	0.0	0.0	0.0	0.0	0.0	0.0	0.0	0.0
24.946650299214262	0.0	0.0	0.0	0.0	0.0	0.0	0.0	0.0	0.0	0.0	0.0	0.0	0.0
26.565169619785973	0.0	0.0	0.0	0.0	0.0	0.0	0.0	0.0	0.0	0.0	0.0	0.0	0.0
28.292845269581427	0.0	0.0	0.0	0.0	0.0	0.0	0.0	0.0	0.0	0.0	0.0	0.0	0.0
30.136157155601335	0.0	0.0	0.0	0.0	0.0	0.0	0.0	0.0	0.0	0.0	0.0	0.0	0.0
32.101897771819466	0.0	0.0	0.0	0.0	0.0	0.0	0.0	0.0	0.0	0.0	0.0	0.0	0.0
34.197189089191305	0.0	0.0	0.0	0.0	0.0	0.0	0.0	0.0	0.0	0.0	0.0	0.0	0.0
36.429501122397134	0.0	0.0	0.0	0.0	0.0	0.0	0.0	0.0	0.0	0.0	0.0	0.0	0.0
38.806672264106005	0.0	0.0	0.0	0.0	0.0	0.0	0.0	0.0	0.0	0.0	0.0	0.0	0.0
41.33693147714431	0.0	0.0	0.0	0.0	0.0	0.0	0.0	0.0	0.0	0.0	0.0	0.0	0.0
44.02892243773598	0.0	0.0	0.0	0.0	0.0	0.0	0.0	0.0	0.0	0.0	0.0	0.0	0.0
46.891729729075905	0.0	0.0	0.0	0.0	0.0	0.0	0.0	0.0	0.0	0.0	0.0	0.0	0.0
49.93490719394117	0.0	0.0	0.0	0.0	0.0	0.0	0.0	0.0	0.0	0.0	0.0	0.0	0.0
53.16850856778664	0.0	0.0	0.0	0.0	0.0	0.0	0.0	0.0	0.0	0.0	0.0	0.0	0.0
56.603120529702984	0.0	0.0	0.0	0.0	0.0	0.0	0.0	0.0	0.0	0.0	0.0	0.0	0.0
60.24989832765498	0.0	0.0	0.0	0.0	0.0	0.0	0.0	0.0	0.0	0.0	0.0	0.0	0.0
64.12060415645149	0.0	0.0	0.0	0.0	0.0	0.0	0.0	0.0	0.0	0.0	0.0	0.0	0.0
68.22764849192387	0.0	0.0	0.0	0.0	0.0	0.0	0.0	0.0	0.0	0.0	0.0	0.0	0.0
72.5841346128156	0.0	0.0	0.0	0.0	0.0	0.0	0.0	0.0	0.0	0.0	0.0	0.0	0.0
77.20390657302777	0.0	0.0	0.0	0.0	0.0	0.0	0.0	0.0	0.0	0.0	0.0	0.0	0.0
82.10160092135222	0.0	0.0	0.0	0.0	0.0	0.0	0.0	0.0	0.0	0.0	0.0	0.0	0.0
87.29270250392013	0.0	0.0	0.0	0.0	0.0	0.0	0.0	0.0	0.0	0.0	0.0	0.0	0.0
92.79360472674323	0.0	0.0	0.0	0.0	0.0	0.0	0.0	0.0	0.0	0.0	0.0	0.0	0.0
98.62167470241464	0.0	0.0	0.0	0.0	0.0	0.0	0.0	0.0	0.0	0.0	0.0	0.0	0.0
104.79532375822481	0.0	0.0	0.0	0.0	0.0	0.0	0.0	0.0	0.0	0.0	0.0	0.0	0.0
111.33408384005492	0.0	0.0	0.0	0.0	0.0	0.0	0.0	0.0	0.0	0.0	0.0	0.0	0.0
118.25869040460412	0.0	0.0	0.0	0.0	0.0	0.0	0.0	0.0	0.0	0.0	0.0	0.0	0.0
125.59117247974818	0.0	0.0	0.0	0.0	0.0	0.0	0.0	0.0	0.0	0.0	0.0	0.0	0.0
133.3549506406731	0.0	0.0	0.0	0.0	0.0	0.0	0.0	0.0	0.0	0.0	0.0	0.0	0.0
141.5749437482639	0.0	0.0	0.0	0.0	0.0	0.0	0.0	0.0	0.0	0.0	0.0	0.0	0.0
150.27768540035993	0.0	0.0	0.0	0.0	0.0	0.0	0.0	0.0	0.0	0.0	0.0	0.0	0.0
159.49145116253737	0.0	0.0	0.0	0.0	0.0	0.0	0.0	0.0	0.0	0.0	0.0	0.0	0.0
169.2463977796495	0.0	0.0	0.0	0.0	0.0	0.0	0.0	0.0	0.0	0.0	0.0	0.0	0.0
179.57471573894708	0.0	0.0	0.0	0.0	0.0	0.0	0.0	0.0	0.0	0.0	0.0	0.0	0.0
190.51079672670414	0.0	0.0	0.0	0.0	0.0	0.0	0.0	0.0	0.0	0.0	0.0	0.0	0.0
202.09141770668506	0.0	0.0	0.0	0.0	0.0	0.0	0.0	0.0	0.0	0.0	0.0	0.0	0.0
214.35594358841473	0.0	0.0	0.0	0.0	0.0	0.0	0.0	0.0	0.0	0.0	0.0	0.0	0.0
227.3465507326808	0.0	0.0	0.0	0.0	0.0	0.0	0.0	0.0	0.0	0.0	0.0	0.0	0.0
241.10847385693117	0.0	0.0	0.0	0.0	0.0	0.0	0.0	0.0	0.0	0.0	0.0	0.0	0.0
255.69027924397702	0.0	0.0	0.0	0.0	0.0	0.0	0.0	0.0	0.0	0.0	0.0	0.0	0.0
271.1441675870752	0.0	0.0	0.0	0.0	0.0	0.0	0.0	0.0	0.0	0.0	0.0	0.0	0.0
287.52631028832536	0.0	0.0	0.0	0.0	0.0	0.0	0.0	0.0	0.0	0.0	0.0	0.0	0.0
304.89722358923467	0.0	0.0	0.0	0.0	0.0	0.0	0.0	0.0	0.0	0.0	0.0	0.0	0.0
323.32218558090125	0.0	0.0	0.0	0.0	0.0	0.0	0.0	0.0	0.0	0.0	0.0	0.0	0.0
342.8717019147441	0.0	0.0	0.0	0.0	0.0	0.0	0.0	0.0	0.0	0.0	0.0	0.0	0.0
363.622026945448	0.0	0.0	0.0	0.0	0.0	0.0	0.0	0.0	0.0	0.0	0.0	0.0	0.0
385.65574811291907	0.0	0.0	0.0	0.0	0.0	0.0	0.0	0.0	0.0	0.0	0.0	0.0	0.0
409.06244263602815	0.0	0.0	0.0	0.0	0.0	0.0	0.0	0.0	0.0	0.0	0.0	0.0	0.0
433.9394171066932	0.0	0.0	0.0	0.0	0.0	0.0	0.0	0.0	0.0	0.0	0.0	0.0	0.0
460.39254236139465	0.0	0.0	0.0	0.0	0.0	0.0	0.0	0.0	0.0	0.0	0.0	0.0	0.0
488.53719813894884	0.0	0.0	0.0	0.0	0.0	0.0	0.0	0.0	0.0	0.0	0.0	0.0	0.0
518.4993445927183	0.0	0.0	0.0	0.0	0.0	0.0	0.0	0.0	0.0	0.0	0.0	0.0	0.0
550.416740810485	0.0	0.0	0.0	0.0	0.0	0.0	0.0	0.0	0.0	0.0	0.0	0.0	0.0
584.4403342056615	0.0	0.0	0.0	0.0	0.0	0.0	0.0	0.0	0.0	0.0	0.0	0.0	0.0
620.7358491345549	0.0	0.0	0.0	0.0	0.0	0.0	0.0	0.0	0.0	0.0	0.0	0.0	0.0
659.4856084815513	0.0	0.0	0.0	0.0	0.0	0.0	0.0	0.0	0.0	0.0	0.0	0.0	0.0
700.8906279670482	0.0	0.0	0.0	0.0	0.0	0.0	0.0	0.0	0.0	0.0	0.0	0.0	0.0
744.8869222931047	0.0	0.0	0.0	0.0	0.0	0.0	0.0	0.0	0.0	0.0	0.0	0.0	0.0
791.6296970524124	0.0	0.0	0.0	0.0	0.0	0.0	0.0	0.0	0.0	0.0	0.0	0.0	0.0
841.2892575659009	0.0	0.0	0.0	0.0	0.0	0.0	0.0	0.0	0.0	0.0	0.0	0.0	0.0
894.0464270513385	6.589260324931705e+33	1.902959033271437e+28	1.044811619390557e+28	5.361180118748345e+27	3.4067792274725657e+27	1.813943108200529e+27	4.481063236260858e+26	2.190208159043315e+26	8.206373569185199e+25	6.340429861178614e+27	2.970338751783695e+27	1.813943108200529e+27	1.1877636775360923e+27
950.0932035942109	7.392428980635636e+35	2.3182984543491903e+30	1.2729382257386093e+30	6.532150421779612e+29	4.1510180987626225e+29	2.2103015230333294e+29	5.46054905793057e+28	2.669011237130975e+28	1.000060785694178e+28	7.725175995145881e+29	3.619267483622046e+29	2.2103015230333294e+29	1.4473300699538767e+29
1009.6334591590329	4.174128119846583e+37	1.427417029532468e+32	7.8382782026916045e+31	4.0225190782166114e+31	2.556304740504836e+31	1.3612194399504908e+31	3.363121300096934e+30	1.6438689084913764e+30	6.159622563300355e+29	4.757115806328134e+31	2.228861448170502e+31	1.3612194399504908e+31	8.91363146071162e+30
1072.883683505826	1.3994120063034836e+39	5.0909868483906e+33	2.795728395158482e+33	1.434806264853372e+33	9.118417853562299e+32	4.855663534827727e+32	1.199732865012035e+32	5.864309809719394e+31	2.1974135104171156e+31	1.6968133304939277e+33	7.950476170684501e+32	4.855663534827727e+32	3.17967513054849e+32
1140.073776114692	2.758056798698507e+40	1.1066629804017624e+35	6.077799029149034e+34	3.1194549695436662e+34	1.9825497903692046e+34	1.055784800081893e+34	2.6088353522550285e+33	1.2752390806363648e+33	4.7785872853484e+32	3.6890255221798493e+34	1.7286337672784153e+34	1.055784800081893e+34	6.91388344932533e+33
1211.4478902176731	3.6498783772938316e+41	1.5894504413268304e+36	8.729925857402793e+35	4.480972101078221e+35	2.8479612905751255e+35	1.5167166842530099e+35	3.7480558533121517e+34	1.8321533263054215e+34	6.86563822623811e+33	5.299054935586598e+35	2.4832330086706314e+35	1.5167166842530099e+35	9.932574681653319e+34
1287.2653315607142	3.375554357077224e+42	1.587496810514052e+37	8.719826702461731e+36	4.476079321128714e+36	2.84495550156052e+36	1.5151800591686615e+36	3.744510532809473e+35	1.8304642127378427e+35	6.859478901806046e+34	5.293189524547307e+36	2.4806369363697743e+36	1.5151800591686615e+36	9.922747882328108e+35
1367.8015161495425	2.156969745656458e+43	1.138401195028803e+38	6.2537313283078e+37	3.210502811598287e+37	2.04068243906379e+37	1.0869080101360994e+37	2.6863898710705826e+36	1.3132621822200084e+36	4.921506774374419e+35	3.796492946257025e+37	1.7793849020103885e+37	1.0869080101360994e+37	7.118304698500611e+36
1453.3489909051134	1.0784733529365686e+44	6.2104849505943184e+38	3.4119881580756746e+38	1.7517640059826587e+38	1.1135179150698437e+38	5.931122152806961e+37	1.4660492298119128e+37	7.167102097072729e+36	2.685983334055316e+36	2.0714632999185397e+38	9.70950172778193e+37	5.931122152806961e+37	3.88448266050716e+37
1544.21852165731	4.278936337513833e+44	2.6121762306052895e+39	1.4351935488376413e+39	7.368887234272136e+38	4.684213035915909e+38	2.495120372029357e+38	6.167758317527511e+37	3.015303299235242e+37	1.1300551500653979e+37	8.713611039219928e+38	4.084509966434049e+38	2.495120372029357e+38	1.6341667398018097e+38
1640.7402565517743	1.3780518820237806e+45	8.345412936813603e+39	4.585130405933659e+39	2.354178619361717e+39	1.4964839062078014e+39	7.971214465695184e+38	1.9704095031246475e+38	9.63293825849069e+37	3.610156207439637e+37	2.783790367567622e+39	1.3048926992904362e+39	7.971214465695184e+38	5.2206911114668474e+38
1743.2649768185618	3.3322460148825867e+45	1.8795816054729592e+40	1.0326010201720473e+40	5.3014061467280675e+39	3.3698247827109984e+39	1.79490207013183e+39	4.436521166195289e+38	2.168872729785183e+38	8.128120683087908e+37	6.268951728405458e+39	2.9383639478626373e+39	1.79490207013183e+39	1.1755296293193541e+39
1852.1654466404698	5.765587241853446e+45	2.8688006454338684e+40	1.5758563327965494e+40	8.089573775969199e+39	5.141786887511288e+39	2.738515959851606e+39	6.768085710054656e+38	3.308560543831715e+38	1.2398703108456414e+38	9.566231927390859e+39	4.483371578481889e+39	2.738515959851606e+39	1.7934529090410906e+39
1967.8378491079534	7.376197082242042e+45	3.3914725148146043e+40	1.862820209734411e+40	9.562022538390693e+39	6.077447730576577e+39	3.236702430094067e+39	7.998749561773215e+38	3.9100668990341825e+38	1.4652435972982357e+38	1.130764050119523e+40	5.299162720613138e+39	3.236702430094067e+39	2.11966106360318e+39
2090.70328040339	8.843271497326325e+45	3.9687893499476998e+40	2.1798692130903145e+40	1.1189226136789488e+40	7.111584051945403e+39	3.7874062578896923e+39	9.359479295947578e+38	4.575203087782637e+38	1.7144803201788425e+38	1.3231966860704576e+40	6.200846145638844e+39	3.7874062578896923e+39	2.4802883299126363e+39
2221.2093581132467	1.1353080317114649e+46	5.087386500155822e+40	2.794257742728561e+40	1.43428509087255e+40	9.115939778397327e+39	4.8548588398573904e+39	1.1997362724614682e+39	5.864679177948043e+38	2.197688628259772e+38	1.6961332739932446e+40	7.948514393134589e+39	4.8548588398573904e+39	3.179337755743177e+39
2359.831990189001	1.4046081386259825e+46	6.697713880543815e+40	3.67895248576637e+40	1.888497572429792e+40	1.2003155837487797e+40	6.392720711080887e+39	1.579861277702352e+39	7.722999406900219e+38	2.894121596988947e+38	2.2332408505055223e+40	1.0466067489101977e+40	6.392720711080887e+39	4.1865308473240915e+39
2507.0772397612573	1.5870060452223916e+46	8.262430710436789e+40	4.5388201426369075e+40	2.3300699755679646e+40	1.481040482497642e+40	7.888223079271307e+39	1.9496080928221112e+39	9.530744347410608e+38	3.57166299709475e+38	2.75537247486826e+40	1.2913982650902057e+40	7.888223079271307e+39	5.166067749932278e+39
2663.4832554127483	1.7031260532915843e+46	9.828166768689568e+40	5.399493226408224e+40	2.772169114579619e+40	1.7621406304832818e+40	9.385973796045039e+39	2.3200086966423582e+39	1.134185646631316e+39	4.250532578311478e+38	3.278096090259414e+40	1.5365266257218382e+40	9.385973796045039e+39	6.147169059292901e+39
2829.622325204558	1.7784572737733585e+46	1.1798003887695006e+41	6.482658136709535e+40	3.3287211679092637e+40	2.1160727906207236e+40	1.1272152585519514e+40	2.7866132453025637e+39	1.3623618628634198e+39	5.1059158657694696e+38	3.9360997794178245e+40	1.8451809904190707e+40	1.1272152585519514e+40	7.382844963231832e+39
3006.1030722615938	1.7393108842071987e+46	1.3834683630534412e+41	7.60330271284043e+40	3.904865087071768e+40	2.4825833777490398e+40	1.3226100460218273e+40	3.270271647870179e+39	1.5989280454233374e+39	5.992946623350256e+38	4.61717561478056e+40	2.1648330729724804e+40	1.3226100460218273e+40	8.663188733063549e+39
3193.5727168502162	1.7457337595252446e+46	1.6233005333218033e+41	8.923050672597276e+40	4.583425670801757e+40	2.9142650262311187e+40	1.5527608801166083e+40	3.840008256698087e+39	1.877604857204593e+39	7.03790760798087e+38	5.419306335526979e+40	2.541328678575677e+40	1.5527608801166083e+40	1.0171318927416025e+40
3392.7196193464215	1.672763671789034e+46	1.8809029604035313e+41	1.0341523806791396e+41	5.313179636833819e+40	3.3786689962715303e+40	1.8004529731527882e+40	4.4535427445227955e+39	2.1777699326815214e+39	8.163696678761769e+38	6.281835135603549e+40	2.9464002184543904e+40	1.8004529731527882e+40	1.1794744303677156e+40
3604.2758474460493	1.5348809480044257e+46	2.1467756490229125e+41	1.1806816277829871e+41	6.067610331832794e+40	3.8589872982248917e+40	2.056762958766139e+40	5.088934092046344e+39	2.488717147129903e+39	9.330269447657089e+38	7.17336984072912e+40	3.365403021487272e+40	2.056762958766139e+40	1.3475131156129544e+40
3829.0199032927085	1.3462681685832255e+46	2.4143496607854843e+41	1.3283255402354109e+41	6.828595821610479e+40	4.3437697408638735e+40	2.3156346977835954e+40	5.731381380423177e+39	2.803240232575123e+39	1.0510733759919461e+39	8.072428542636537e+40	3.788369409208561e+40	2.3156346977835954e+40	1.5172973678837206e+40
4067.7796133416214	1.1493756622220195e+46	2.686410513917128e+41	1.4786365344080342e+41	7.604209290870909e+40	4.838185084688058e+40	2.5798442891301296e+40	6.387837495954985e+39	3.124754224217526e+39	1.1717950087861127e+39	8.988529641886036e+40	4.219815218897319e+40	2.5798442891301296e+40	1.6906538416004446e+40
4321.435245402048	9.918673001945426e+45	2.9826441958503072e+41	1.6424277056271494e+41	8.449957373843584e+40	5.377513301317689e+40	2.8681817027441583e+40	7.10474081181665e+39	3.475960490195503e+39	1.3036991479339186e+39	9.987312273111303e+40	4.690502683157081e+40	2.8681817027441583e+40	1.8798880608143665e+40
4590.922902850005	9.283504675315291e+45	3.3586387043002703e+41	1.8501785007333174e+41	9.522048012476382e+40	6.060949380503142e+40	3.233421427506211e+40	8.012297036589814e+39	3.92047071095136e+39	1.4706088832593855e+39	1.1253568392925845e+41	5.286902777431921e+40	3.233421427506211e+40	2.1195410903320497e+40
4877.238272223991	8.706203483209624e+45	3.776464654990803e+41	2.0811428185323195e+41	1.0714393566861516e+41	6.821210634633808e+40	3.6398198639677523e+40	9.022527133403597e+39	4.415339386859976e+39	1.6564549370912777e+39	1.2661732938829853e+41	5.950383663647795e+40	3.6398198639677523e+40	2.3862380901086844e+40
5181.440416532806	7.358983527421551e+45	4.122659458947928e+41	2.273193162566485e+41	1.170898836562051e+41	7.456501829408501e+40	3.9801062932094205e+40	9.871129504445312e+39	4.8315056963078254e+39	1.8129275712349087e+39	1.3835499686279874e+41	6.505069561936222e+40	3.9801062932094205e+40	2.6098034247021975e+40
5504.655580843565	6.081070212853182e+45	4.450635608885108e+41	2.455602811335214e+41	1.2655799141172576e+41	8.062033882956266e+40	4.304922970932508e+40	1.0683001014472451e+40	5.229979476269361e+39	1.9628723162171087e+39	1.4952293398944369e+41	7.033953519481951e+40	4.304922970932508e+40	2.8233780397730147e+40
5848.081493873312	5.108222986294086e+45	4.781670958314247e+41	2.6400306029196407e+41	1.3614543740377828e+41	8.675717400826006e+40	4.634432761419349e+40	1.150786369871853e+40	5.635048422451152e+39	2.1153836679881338e+39	1.6082768493751843e+41	7.570080622157054e+40	4.634432761419349e+40	3.040156266987415e+40
6212.991990663173	4.4782983767515544e+45	5.160712780944056e+41	2.851088871392391e+41	1.4711207529085904e+41	9.377499947400037e+40	5.011135379837011e+40	1.2450435522947122e+40	6.097847942180405e+39	2.2896027775713692e+39	1.737600617520619e+41	8.183130020721018e+40	5.011135379837011e+40	3.287941452120922e+40
6600.741955842864	3.9983799323614336e+45	5.555674411311772e+41	3.071167028118585e+41	1.585545920742099e+41	1.0109992757736905e+41	5.404482257234792e+40	1.343528510292566e+40	6.581515710179471e+39	2.4717203856116972e+39	1.8725166349492825e+41	8.823068072894145e+40	5.404482257234792e+40	3.54673361421144e+40
7012.772511657308	3.590785034210915e+45	5.941260012019285e+41	3.286346650682963e+41	1.697574536598437e+41	1.0827679712622976e+41	5.790209488706235e+40	1.4402361235200203e+40	7.056681455507686e+39	2.650724578319694e+39	2.004566239818174e+41	9.450198516765187e+40	5.790209488706235e+40	3.800634347209605e+40
7450.616520957292	3.2288351847018693e+45	6.298980548678352e+41	3.486410416821853e+41	1.801933660708127e+41	1.1496946622307994e+41	6.150353351588121e+40	1.5307030621022668e+40	7.501485246800974e+39	2.818407569734592e+39	2.127521569430967e+41	1.0035187983779284e+41	6.150353351588121e+40	4.0378569358414815e+40
7915.904435138805	2.9040885132489474e+45	6.61529445578041e+41	3.663832241188681e+41	1.894719705891894e+41	1.2092839558453626e+41	6.471535790370605e+40	1.6115888105919163e+40	7.899537698940215e+39	2.9686045507233123e+39	2.236777392735769e+41	1.0556244053349727e+41	6.471535790370605e+40	4.2496079623237867e+40
8410.370512330404	2.6164844436149555e+45	6.882789336166278e+41	3.8144499625373536e+41	1.973754845511975e+41	1.2601370375372302e+41	6.746217415514043e+40	1.6809953428382415e+40	8.24150036405076e+39	3.0977928293500197e+39	2.3297695309050477e+41	1.1001135189587441e+41	6.746217415514043e+40	4.430917213919599e+40
8935.859433043493	2.3828993640153328e+45	7.104778967359935e+41	3.94003019081777e+41	2.0399224742061495e+41	1.3028073528101055e+41	6.977297847067003e+40	1.7396213201691713e+40	8.530758617527243e+39	3.207229702701867e+39	2.407548909507813e+41	1.1374668338191755e+41	6.977297847067003e+40	4.583666477178366e+40
9494.33335561143	2.243750728762894e+45	7.296881161995049e+41	4.04916187079871e+41	2.0976394100171083e+41	1.340105867517436e+41	7.179774678210976e+40	1.79118595041926e+40	8.785519075082794e+39	3.3037485553264123e+39	2.475336160783318e+41	1.1701363200559139e+41	7.179774678210976e+40	4.717688666435558e+40
10087.879471919492	2.0611814507937712e+45	7.472745896568021e+41	4.149333677383417e+41	2.1507547858063315e+41	1.3744833888211564e+41	7.36673982175326e+40	1.8389471142263058e+40	9.02175700990776e+39	3.393357298630676e+39	2.5376807632837564e+41	1.2002602571184598e+41	7.36673982175326e+40	4.841575933491253e+40
10718.717875889577	1.7497634383738146e+45	7.639163977329553e+41	4.24378150500332e+41	2.2007409274336364e+41	1.4068206348921311e+41	7.542609740206224e+40	1.8839277761427764e+40	9.244413921376137e+39	3.4778977414256033e+39	2.5963708628846743e+41	1.2285949162026248e+41	7.542609740206224e+40	4.95814133459669e+40
11389.209823359412	1.5727585274572043e+45	7.83826046835197e+41	4.354935842069007e+41	2.2584989822511274e+41	1.443748802877964e+41	7.740514052674411e+40	1.9333398056383442e+40	9.487099990325609e+39	3.56940816381955e+39	2.664494402622332e+41	1.2608430708753196e+41	7.740514052674411e+40	5.088189239541036e+40
12101.866933931069	1.4212219493073574e+45	8.057801295932785e+41	4.47986284041416e+41	2.324647749152383e+41	1.486515599172428e+41	7.972706091783489e+40	1.992350232147591e+40	9.778009516319488e+39	3.6792182310146e+39	2.7421661113125587e+41	1.2983051770330846e+41	7.972706091783489e+40	5.241838213454514e+40
12859.360713146616	1.2821696265633818e+45	8.275137929090263e+41	4.603892836553973e+41	2.3904894116309435e+41	1.529148065363217e+41	8.204637893009679e+40	2.051604289807249e+40	1.0071072457251525e+40	3.790366752900262e+39	2.819431295079147e+41	1.3356660393799103e+41	8.204637893009679e+40	5.395535004673279e+40
13664.532706748392	1.15429713394936e+45	8.488671249434472e+41	4.72616350977913e+41	2.4555841872612746e+41	1.5713626833298009e+41	8.434700586513138e+40	2.110539216346003e+40	1.036282851211847e+40	3.901124511117495e+39	2.895770234845881e+41	1.3726762408973188e+41	8.434700586513138e+40	5.548140517640646e+40
14520.405303743712	1.0363281418819345e+45	8.696201398415187e+41	4.845485833250609e+41	2.5193312487885225e+41	1.6127811377072781e+41	8.660902115338643e+40	2.1686720894259017e+40	1.0650933948146163e+40	4.010619926628079e+39	2.9704697625019515e+41	1.4090067803715165e+41	8.660902115338643e+40	5.698358809731295e+40
15430.193222868931	9.271099730797767e+44	8.89494286570662e+41	4.960349900608952e+41	2.580965552790892e+41	1.6529209500375398e+41	8.880697129516753e+40	2.225383912019148e+40	1.0932381127860476e+40	4.1177331520546006e+39	3.042622367613499e+41	1.4442378863897939e+41	8.880697129516753e+40	5.844532181091251e+40
16397.315725575056	8.25706188017291e+44	9.081663344569708e+41	5.0690007951979565e+41	2.639596623010915e+41	1.6912200774123407e+41	9.091117705260972e+40	2.279951820027558e+40	1.120365580641118e+40	4.221154965503404e+39	3.1111721025418903e+41	1.4778804542867414e+41	9.091117705260972e+40	5.984726683839583e+40
17425.40960161424	7.314531765391735e+44	9.252916648187908e+41	5.169566000820497e+41	2.694273732062162e+41	1.7270782681943728e+41	9.288993175230133e+40	2.3316032583165734e+40	1.1461001723763558e+40	4.319485834781873e+39	3.1749917212286382e+41	1.5094120891266759e+41	9.288993175230133e+40	6.116875939003024e+40
18518.342976515138	6.4396304579178894e+44	9.40531410264565e+41	5.2602039057642575e+41	2.744061890394196e+41	1.759905279123528e+41	9.471206452997369e+40	2.379579155846594e+40	1.170072915234963e+40	4.411351439430185e+39	3.232972603794833e+41	1.5383191295684143e+41	9.471206452997369e+40	6.238948834806628e+40
19680.22999363894	5.6307513483727575e+44	9.535775804090108e+41	5.3392412807940325e+41	2.7881121911341787e+41	1.789165510742888e+41	9.63493131735768e+40	2.4231924094386152e+40	1.191950053640646e+40	4.4955096178405216e+39	3.2841080023649942e+41	1.5641355500707384e+41	9.63493131735768e+40	6.349104768889425e+40
20915.44642705547	4.887741017638406e+44	9.64171991428854e+41	5.405276801361272e+41	2.8257147627150245e+41	1.8144116025940933e+41	9.777810987758702e+40	2.46187189538552e+40	1.211454545207861e+40	4.570930854246935e+39	3.327555709156117e+41	1.5864722400766664e+41	9.777810987758702e+40	6.445810476594959e+40
22228.646285144416	4.210984964880889e+44	9.721172367975882e+41	5.457240940393333e+41	2.856329369052362e+41	1.835303837887906e+41	9.898061229773025e+40	2.4951878745351556e+40	1.2283784693284278e+40	4.636844744071432e+39	3.3626742794490313e+41	1.605033913920361e+41	9.898061229773025e+40	6.527907475589567e+40
23624.77946861438	3.600606588193325e+44	9.772800231413061e+41	5.494413991586622e+41	2.8795945528712e+41	1.8516159244236565e+41	9.994500995591191e+40	2.5228595290639056e+40	1.2425867085722335e+40	4.692753785415702e+39	3.3890338705440787e+41	1.6196241451003305e+41	9.994500995591191e+40	6.594632090255602e+40
25109.110550574605	3.0559063858613082e+44	9.795884531613255e+41	5.516410878266706e+41	2.895319749895851e+41	1.863229960781832e+41	1.0066525529022023e+41	2.5447483089916616e+40	1.2540136989661846e+40	4.738421220061995e+39	3.406406936743878e+41	1.6301409730126985e+41	1.0066525529022023e+41	6.645597821976797e+40
26687.238750434004	2.575079393488647e+44	9.790252778138035e+41	5.523143817421148e+41	2.903466039029688e+41	1.8701241824971478e+41	1.0114041043578683e+41	2.560841796999748e+40	1.2626555485464949e+40	4.77384153183727e+39	3.414745484293393e+41	1.636566215108172e+41	1.0114041043578683e+41	6.680752566203027e+40
28365.119177788296	2.155180845704666e+44	9.756190184897844e+41	5.514773244798804e+41	2.904120854296294e+41	1.8723568676638917e+41	1.013737893832712e+41	2.5712325183302875e+40	1.2685596859829202e+40	4.799201695131623e+39	3.4141511885547134e+41	1.6389514298455846e+41	1.013737893832712e+41	6.700322428934198e+40
30149.085427130878	1.792273021618181e+44	9.694344613601928e+41	5.4916552240690726e+41	2.897470866617301e+41	1.870049072021935e+41	1.013720374410471e+41	2.5760951927467387e+40	1.271813746973946e+40	4.8148395663184584e+39	3.404843353196947e+41	1.6374028574922417e+41	1.013720374410471e+41	6.70475142722392e+40
32045.873609222177	1.481676960539507e+44	9.605635599308065e+41	5.454291009539128e+41	2.88377593577579e+41	1.863368033470988e+41	1.0114424578418431e+41	2.575664837296063e+40	1.2725348746157687e+40	4.821203820975669e+39	3.3871281439051165e+41	1.6320669422789012e+41	1.0114424578418431e+41	6.694643469916462e+40
34062.647910303545	1.2182619269793676e+44	9.49117365252444e+41	5.403282149508036e+41	2.8633458638782164e+41	1.8525123438440462e+41	1.0070115940608403e+41	2.570217155543308e+40	1.2708601346876967e+40	4.818818060459464e+39	3.3613711459705096e+41	1.6231173925524327e+41	1.0070115940608403e+41	6.670710432285636e+40
36207.02777606742	9.96723409830522e+43	9.352192823013932e+41	5.339292759121208e+41	2.8365207810058466e+41	1.83769941400361e+41	1.0005450637804253e+41	2.560051899071157e+40	1.266938380532215e+40	4.808250340067298e+39	3.327974229585223e+41	1.610744237178244e+41	1.0005450637804253e+41	6.633728148220782e+40
38487.116823415134	8.118197169824271e+43	9.189997297718374e+41	5.263019379661806e+41	2.803655372921496e+41	1.819155364149624e+41	9.921645535408714e+40	2.545479369884991e+40	1.2609236495983418e+40	4.790088425191671e+39	3.287356972176886e+41	1.5951449928443948e+41	9.921645535408714e+40	6.584500771380774e+40
40911.53358956544	6.585536252879944e+43	9.005921434200734e+41	5.175168090958357e+41	2.765106776398396e+41	1.797107227195324e+41	9.819919527407212e+40	2.526809911984435e+40	1.2529700172037336e+40	4.76492049578062e+39	3.239942432474043e+41	1.5765178441862417e+41	9.819919527407212e+40	6.523833106860421e+40
43489.44423504066	5.322973971507753e+43	8.801301889165731e+41	5.076438138793466e+41	2.7212257605176343e+41	1.771777221456357e+41	9.70146242120201e+40	2.5043460673345633e+40	1.2432277485183853e+40	4.733320702725291e+39	3.1861468258365025e+41	1.555056623909375e+41	9.70146242120201e+40	6.45251005619363e+40
46230.59732447336	4.2886678151829665e+43	8.577460189668235e+41	4.967511170952516e+41	2.672350726436789e+41	1.7433787943690795e+41	9.567413141038986e+40	2.4783769994924423e+40	1.2318405545679256e+40	4.695838847832133e+39	3.1263725487957277e+41	1.530947332538707e+41	9.567413141038986e+40	6.371282128045219e+40
49145.360817070636	3.445532179270709e+43	8.335694051368043e+41	4.849045155873565e+41	2.618804048700566e+41	1.7121141329841346e+41	9.418845621840246e+40	2.449174779858429e+40	1.2189437539519693e+40	4.652993443500181e+39	3.061003989506536e+41	1.5043659322062337e+41	9.418845621840246e+40	6.280855945543461e+40
52244.76140696888	2.7612444729025286e+43	8.077275855781064e+41	4.7216721225823694e+41	2.5608903153989858e+41	1.6781728588115788e+41	9.256760881078237e+40	2.4169921597506026e+40	1.204663155700631e+40	4.605267459423799e+39	2.9904056011437884e+41	1.4754771679189202e+41	9.256760881078237e+40	6.181888756728705e+40
55540.5263626426	2.2080311054213567e+43	7.803456875493725e+41	4.585998965594003e+41	2.498896079927758e+41	1.6417316600044346e+41	9.08208394473464e+40	2.3820614976528633e+40	1.1891145011706797e+40	4.5531061475870445e+39	2.9149217805890654e+41	1.4444342006331985e+41	9.08208394473464e+40	6.074986077669383e+40
59045.1280240252	1.7623147214854943e+43	7.515476030556686e+41	4.442610675705464e+41	2.4330907995959927e+41	1.6029546539041434e+41	8.89566451692382e+40	2.344594563389623e+40	1.172403328411911e+40	4.496916432168498e+39	2.8348781682324723e+41	1.4113788714063049e+41	8.89566451692382e+40	5.960701737409784e+40
62771.83112609537	1.4042867981257692e+43	7.214572137363684e+41	4.2920754694219735e+41	2.3637286970266615e+41	1.5619943120798592e+41	8.69828049209485e+40	2.304782992434063e+40	1.1546251474999699e+40	4.437067444579959e+39	2.750584055864634e+41	1.3764424500656676e+41	8.69828049209485e+40	5.839539730916319e+40
66734.7431284162	1.1174529287169506e+43	6.90199875522051e+41	4.1349513869440325e+41	2.291051334750214e+41	1.51899281541145e+41	8.49064359943437e+40	2.262799210552289e+40	1.135865838221785e+40	4.3738918693116737e+39	2.662335653120512e+41	1.3397467528403362e+41	8.49064359943437e+40	5.71195741120432e+40
70948.8677415261	8.881834994586847e+42	6.579040834082657e+41	3.971794005552669e+41	2.2152907390062656e+41	1.4740837369246799e+41	8.27340663315977e+40	2.218797689602752e+40	1.116202201279538e+40	4.307687840055865e+39	2.5704200156176657e+41	1.301405539880754e+41	8.27340663315977e+40	5.578369659686469e+40
75430.16185321573	7.052906591887958e+42	6.247032415460329e+41	3.803164970099357e+41	2.136672944960579e+41	1.4273939747114478e+41	8.047171858768856e+40	2.1729164293655508e+40	1.0957026107631402e+40	4.2387211874159315e+39	2.4751194790348743e+41	1.2615261253342069e+41	8.047171858768856e+40	5.439153763899604e+40
80195.59607062644	5.596435037415301e+42	5.90737463435695e+41	3.629641073699463e+41	2.0554218618975273e+41	1.3790458761999947e+41	7.8125002936452615e+40	2.1252785877743923e+40	1.0744277290371794e+40	4.1672278894168976e+39	2.376716472319329e+41	1.2202111495269393e+41	7.8125002936452615e+40	5.29465480402753e+40
85263.21910782745	4.4382692445965117e+42	5.5615532151252446e+41	3.451823630213995e+41	1.9717633740372972e+41	1.329159508763829e+41	7.569921643868426e+40	2.075994203761562e+40	1.0524312558411895e+40	4.0934166156909174e+39	2.275498600579656e+41	1.1775604752780218e+41	7.569921643868426e+40	5.145191406262652e+40
90652.2262631165	3.518451572792325e+42	5.211154551241788e+41	3.2703478659121773e+41	1.8859296007398896e+41	1.2778550404776306e+41	7.319944739923175e+40	2.0251619738075302e+40	1.0297606916647858e+40	4.0174712869558465e+39	2.171763894275013e+41	1.1336731787275337e+41	7.319944739923175e+40	4.991061763710589e+40
96383.03224580608	2.7886825025060925e+42	4.8578793139657795e+41	3.085892021125416e+41	1.7981632390900387e+41	1.2252551989127253e+41	7.06306835385549e+40	1.9728710557741906e+40	1.0064581016171438e+40	3.939553594320211e+39	2.0658261161068125e+41	1.0886496094788453e+41	7.06306835385549e+40	4.832549855498421e+40
102477.34862875412	2.2101802631958913e+42	4.5035523612221426e+41	2.899185796300608e+41	1.7087219031290366e+41	1.171487775881167e+41	6.799792303585461e+40	1.9192028829602284e+40	9.825608706964034e+39	3.859805440429259e+39	1.958020001644351e+41	1.0425934959418582e+41	6.799792303585461e+40	4.669931815063279e+40
108958.2662204462	1.7518930718521245e+42	4.150127532220128e+41	2.7110177019741673e+41	1.6178823570082651e+41	1.1166881418028597e+41	6.530628756241506e+40	1.864232977686266e+40	9.5810244466191e+39	3.778351276850456e+39	1.8487062839073628e+41	9.956140693818689e+40	6.530628756241506e+40	4.503482409314669e+40
115850.34266909513	1.3890191150303378e+42	3.7996857443473304e+41	2.522240783846559e+41	1.5259445148746583e+41	1.0610017252883165e+41	6.256113634163482e+40	1.8080327579954126e+40	9.33113053080847e+39	3.695300321141041e+39	1.7382763170617342e+41	9.478281746875628e+40	6.256113634163482e+40	4.3334815934811247e+40
123179.6956310693	1.1017904278001988e+42	3.4544246972550807e+41	2.3337761000676523e+41	1.4332350494370248e+41	1.0045864020129577e+41	5.976818006969127e+40	1.7506713340805828e+40	9.076204129960157e+39	3.610748644420817e+39	1.6271560717853598e+41	8.993623276168154e+40	5.976818006969127e+40	4.160221103757743e+40
130974.10185706474	8.744799187992966e+41	3.1166384833212382e+41	2.1466132367731247e+41	1.3401104140257513e+41	9.476147215334179e+40	5.693359317662245e+40	1.6922172922770448e+40	8.816504128032602e+39	3.524781125137372e+39	1.5158092256390344e+41	8.50354666791195e+40	5.693359317662245e+40	3.98401103949567e+40
139263.10257188213	6.945949519947674e+41	2.7886855730844185e+41	1.9618070784521858e+41	1.2469590432217494e+41	8.902758828185794e+40	5.406412246501276e+40	1.6327404656822974e+40	8.552277772510503e+39	3.4374732705666216e+39	1.4047390213979231e+41	8.009567351543449e+40	5.406412246501276e+40	3.8051863728733166e+40
148078.1155475387	5.522254425911766e+41	2.4729440549784378e+41	1.780470019994236e+41	1.1542024564400258e+41	8.327773486015952e+40	5.116718958349352e+40	1.5723136905682304e+40	8.2837671547321e+39	3.3488929126139063e+39	1.2944885183136684e+41	7.513350095008894e+40	5.116718958349352e+40	3.624113303419672e+40
157452.5542948323	4.395189359516625e+41	2.1717537320001852e+41	1.6037588454411784e+41	1.0622949528201003e+41	7.753459668514831e+40	4.825098411265957e+40	1.5110145476399913e+40	8.011215551321307e+39	3.259101790634767e+39	1.1856388243827999e+41	7.016720791682631e+40	4.825098411265957e+40	3.44119534948935e+40
167421.95482547165	3.502593639019685e+41	1.8873457610398655e+41	1.4328556345448934e+41	9.717215605720048e+40	7.182284460897878e+40	4.532454325753037e+40	1.4489270864634083e+40	7.734873669382622e+39	3.1681570408727864e+39	1.0788048816847861e+41	6.52167356841544e+40	4.532454325753037e+40	3.2568790376402354e+40
178024.11046560138	2.7952998374086877e+41	1.6217619691448328e+41	1.268942324528421e+41	8.829938985418092e+40	6.616910125552516e+40	4.2397813283232296e+40	1.386143530095468e+40	7.455005851172737e+39	3.0761126202567464e+39	9.746283950288226e+40	6.030371873664324e+40	4.2397813283232296e+40	3.071659014253619e+40
189299.2152320856	2.2344434960374906e+41	1.3767677236088866e+41	1.1131689754809673e+41	7.966436315008545e+40	6.06018063762442e+40	3.9481686878064664e+40	1.3227659532468653e+40	7.171896299586371e+39	2.9830206986776106e+39	8.737675599868128e+40	5.545142058765524e+40	3.9481686878064664e+40	2.8860823577234063e+40
201290.01631539	1.789320450154981e+41	1.1537641104081948e+41	9.666163816543418e+40	7.132132684923967e+40	5.515096311000999e+40	3.658800973659583e+40	1.2589079231186275e+40	6.885855394139639e+39	2.8889330625888516e+39	7.768833789371913e+40	5.068457890913098e+40	3.658800973659583e+40	2.7007518208394695e+40
214041.9762474403	1.4356834248699678e+41	9.537068980886094e+40	8.302544194560103e+40	6.332441744708854e+40	4.984774770671455e+40	3.372954878353618e+40	1.1946960830741807e+40	6.59722615717492e+39	2.7939025761796495e+39	6.846225630325063e+40	4.602914453203983e+40	3.372954878353618e+40	2.516327673620866e+40
227603.44536956758	1.1543899623164744e+41	7.770409576760573e+40	7.048983811083706e+40	5.572618525226604e+40	4.472396889062805e+40	3.091991384127837e+40	1.130271647027018e+40	6.306390908942177e+39	2.6979847474643615e+39	5.975973153158993e+40	4.1511900610824256e+40	3.091991384127837e+40	2.3335277556493074e+40
242025.84525471422	9.303306472103189e+40	6.236590431737194e+40	5.911664138207939e+40	4.85758812729863e+40	3.981136973251336e+40	2.8173424416307485e+40	1.0657917570426813e+40	6.013778118222372e+39	2.601239445791406e+39	5.163626731111168e+40	3.715995218849195e+40	2.8173424416307485e+40	2.1531252915423392e+40
257363.86377962102	7.515804748127929e+40	4.928927200914406e+40	4.894419132493944e+40	4.191756649815066e+40	3.5140775026708134e+40	2.5504913761442e+40	1.0014306335632884e+40	5.719869386914348e+39	2.5037328049733983e+39	4.413925308818799e+40	3.3000082903574685e+40	2.5504913761442e+40	1.9759439722005882e+40
273675.6625868988	6.087275449715607e+40	3.8354057201127926e+40	3.998451282979156e+40	3.578814411648271e+40	3.074110145171157e+40	2.292946401520641e+40	9.373804230652269e+39	5.42520642942195e+39	2.405539332685885e+39	3.7305592935010085e+40	2.9057985458472566e+40	2.292946401520641e+40	1.8028497864804433e+40
291023.0977238783	4.943424602742465e+40	2.9393472046039924e+40	3.222181202546513e+40	3.0215452286350356e+40	2.663826581056018e+40	2.0462069273944321e+40	8.73851620092494e+39	5.130397805519577e+39	2.3067442258173975e+39	3.1159560760035063e+40	2.5357385698656225e+40	2.0462069273944321e+40	1.6347391138696764e+40
309471.9542951066	4.0255923089521577e+40	2.220416706960351e+40	2.5612643059595376e+40	2.521658625046915e+40	2.285404741453566e+40	1.8117228301162508e+40	8.110729137849319e+39	4.8361250508858385e+39	2.2074458669569136e+39	2.5711107898177384e+40	2.1919096413511574e+40	1.8117228301162508e+40	1.4725226854630311e+40
329092.19601850584	3.2874445249988995e+40	1.6558841702362442e+40	2.0087929541968475e+40	2.0796635658612072e+40	1.940498177920015e+40	1.5908475289905128e+40	7.49290283991658e+39	4.543147713209874e+39	2.107758443964853e+39	2.095485016316807e+40	1.8760054852508144e+40	1.5908475289905128e+40	1.3171052043494597e+40
349958.23063173256	2.6923631181437157e+40	1.222006955377102e+40	1.555681194811507e+40	1.6948018074349993e+40	1.630138118386168e+40	1.384786583087916e+40	6.887651628924188e+39	4.2523066996522547e+39	2.0078146121677108e+39	1.6869928630592672e+40	1.5892415558883574e+40	1.384786583087916e+40	1.1693607278012413e+40
372149.1921553905	2.2113878457117853e+40	8.953824603892878e+39	1.1912047272915132e+40	1.365055518020122e+40	1.3546588086755377e+40	1.1945445010798588e+40	6.297714788801604e+39	3.964525224870391e+39	1.9077680850687512e+39	1.3420866385162325e+40	1.3322783497148676e+40	1.1945445010798588e+40	1.0301043320750118e+40
395749.2410836773	1.8215943391187432e+40	6.541255764623552e+39	9.036455887672848e+39	1.087237263988641e+40	1.1136565583804306e+40	1.0208734575990442e+40	5.725914281617476e+39	3.680806591133003e+39	1.8077960190499657e+39	1.0559436521529682e+40	1.1051678047461947e+40	1.0208734575990442e+40	9.000611204746858e+39
420847.88364103844	1.5048162981875012e+40	4.787578907929589e+39	6.809743094969844e+39	8.571611933004461e+39	9.059910603623243e+39	8.642284287401368e+39	5.175098732531477e+39	3.4022280032386056e+39	1.7081010333851652e+39	8.227427416727465e+39	9.073311840301166e+39	8.642284287401368e+39	7.79834234490494e+39
447540.3113157085	1.2466392905708022e+40	3.527468015493508e+39	5.114962778520039e+39	6.698835872014941e+39	7.29833919783253e+39	7.247337006831968e+39	4.6480735895210044e+39	3.129929681561655e+39	1.6089126970199303e+39	6.360062473524002e+39	7.375747210690448e+39	7.247337006831968e+39	6.698741283656079e+39
475927.761957919	1.0356087009557548e+40	2.6269105680196232e+39	3.8439576168873045e+39	5.199907836180068e+39	5.827641069983817e+39	6.021655130592002e+39	4.1475185583694156e+39	2.8650986452836756e+39	1.5104882947545093e+39	4.8897297026199856e+39	5.941456713833053e+39	6.021655130592002e+39	5.70451836221089e+39
506117.9038123381	8.62606438572726e+39	1.9820145424936817e+39	2.9012945580602696e+39	4.0190507948258556e+39	4.6190399258005676e+39	4.9595464266346055e+39	3.675894986917408e+39	2.6089467835500042e+39	1.413112687551242e+39	3.749627206880379e+39	4.748266669947287e+39	4.9595464266346055e+39	4.816391952111933e+39
538225.2439412831	7.203605071459157e+39	1.5156080216092454e+39	2.2064738916452256e+39	3.1017640121505286e+39	3.640837669313819e+39	4.052109325927868e+39	3.2353475666509326e+39	2.3626831439109502e+39	1.317097071365347e+39	2.876947869223458e+39	3.7706108725707365e+39	4.052109325927868e+39	4.0329882821617377e+39
572371.5625877484	6.03059114676634e+39	1.1726067221868447e+39	1.6944661672047704e+39	2.3973027086919163e+39	2.8601770249887705e+39	3.2876931541874687e+39	2.8276065039164287e+39	2.1274808362786243e+39	1.2227764537419585e+39	2.2153098446071383e+39	2.980975937789096e+39	3.2876931541874687e+39	3.350860780676766e+39
608686.3751256672	5.060469645328795e+39	9.150514009633864e+38	1.3148620694031703e+39	1.860504105355384e+39	2.2447391680893046e+39	2.6525408605374073e+39	2.453897785859399e+39	1.9044394963785947e+39	1.1305056811695297e+39	1.7162703533244932e+39	2.3513902261208494e+39	2.6525408605374073e+39	2.76463986004874e+39
647307.4233494495	4.255861115527009e+39	7.174988166373767e+38	1.0300626011872158e+39	1.4528551818173827e+39	1.764206182787525e+39	2.131555854046903e+39	2.1148700786576724e+39	1.6945448935467273e+39	1.0406538874913156e+39	1.3399091074595782e+39	1.8548027848084473e+39	2.131555854046903e+39	2.267309369946596e+39
688381.197966104	3.5866753173081374e+39	5.631716807064359e+38	8.129744907460551e+38	1.1428174995466722e+39	1.391360604669082e+39	1.7091161847169808e+39	1.8105468134788204e+39	1.498627958994423e+39	9.535973077157337e+38	1.0546012433038485e+39	1.46621964784932e+39	1.7091161847169808e+39	1.8505896960369946e+39
732063.4942715889	3.028624925695615e+39	4.410127561628391e+38	6.446212838332168e+38	9.055261192441886e+38	1.1027562922622203e+39	1.3698527541399348e+39	1.5403107044113932e+39	1.31732606731729e+39	8.697104740682133e+38	8.361910848834298e+38	1.1635076650448213e+39	1.3698527541399348e+39	1.50539245471807e+39
778520.0031188842	2.5620519449483632e+39	3.435968433014139e+38	5.119678308555964e+38	7.220443622066193e+38	8.789628481869215e+38	1.0993160245507866e+39	1.3029254950058997e+39	1.1510498982745585e+39	7.893559731282508e+38	6.668151165951302e+38	9.278316745763122e+38	1.0993160245507866e+39	1.2223016076895375e+39
827926.9394191204	2.1709996529889226e+39	2.6574769754976254e+38	4.061241360557795e+38	5.783757578732889e+38	7.04444277789623e+38	8.844757102694817e+38	1.0965958962254441e+39	9.999592564457006e+38	7.128730781088417e+38	5.336071972681007e+38	7.437460478768502e+38	8.844757102694817e+38	9.920324499431564e+38
880471.7105594411	1.842477575631464e+39	2.0367432911393746e+38	3.2097814017789743e+38	4.64414501921856e+38	5.671711314636826e+38	7.140262880169442e+38	9.190622599915102e+38	8.639509256650292e+38	6.405657652773903e+38	4.2746698919027854e+38	5.990055342004553e+38	7.140262880169442e+38	8.058248361455767e+38
936353.6272726628	1.5658783567014714e+39	1.544570930464444e+38	2.522252690769075e+38	3.729694113835596e+38	4.5807900182298754e+38	5.785011484326084e+38	7.677220784077206e+38	7.426608040929816e+38	5.7269080821207326e+38	3.42004130633127e+38	4.841851188397887e+38	5.785011484326084e+38	6.5573895993385846e+38
995784.6596547895	1.3325143150018047e+39	1.157521828798995e+38	1.9671988064304056e+38	2.9894063761680456e+38	3.704772388250156e+38	4.702235868743676e+38	6.3976682880007595e+38	6.354812602892594e+38	5.094468040384687e+38	2.727051802197125e+38	3.9220269872001756e+38	4.702235868743676e+38	5.348383986681302e+38
1058990.2411976696	1.1352482860148334e+39	8.562415559164535e+37	1.5206300089228754e+38	2.3867771973785816e+38	2.994872483446556e+38	3.8313894981434364e+38	5.323206918807222e+38	5.415929369159634e+38	4.5096504276734295e+38	2.1632047703389068e+38	3.178253130466048e+38	3.8313894981434364e+38	4.372622296815397e+38
1126210.1238861799	9.681990693559929e+38	6.244989424940679e+37	1.1635011550062424e+38	1.895109612813971e+38	2.4155925209290177e+38	3.1257772373513164e+38	4.425679988637816e+38	4.6000856898142356e+38	3.973031670353933e+38	1.7043866348457193e+38	2.5721668332643638e+38	3.1257772373513164e+38	3.5820255707094166e+38
1197699.287602991	8.265057706446932e+38	4.48609251408785e+37	8.802042592629579e+37	1.4942756960596153e+38	1.9408764302938353e+38	2.5499488140160997e+38	3.678584662227865e+38	3.8962476840450615e+38	3.484423721139002e+38	1.3320528462394524e+38	2.0755807641339068e+38	2.5499488140160997e+38	2.9381275081667757e+38
1273728.9072899427	7.061388906855579e+38	3.170577804199027e+37	6.576722918503017e+37	1.1685747545228317e+38	1.5512374173127906e+38	2.077201724876757e+38	3.0578331581508713e+38	3.292768350570115e+38	3.0428866415161118e+38	1.0314336039111055e+38	1.6675254135374153e+38	2.077201724876757e+38	2.4107476500296477e+38
1354587.3815341115	6.037484452823604e+38	2.2022543972889937e+37	4.848371249090311e+37	9.053609811534627e+37	1.2317211158948736e+38	1.6874076782889496e+38	2.542199578687455e+38	2.7779138182342768e+38	2.6467825985458312e+38	7.904156140281496e+37	1.3320720120979312e+38	1.6874076782889496e+38	1.9765134272254214e+38
1440581.4264796346	5.165415487001911e+38	1.5016485355500424e+37	3.522874099382317e+37	6.941799677499876e+37	9.705184528697867e+37	1.3652549524381742e+38	2.113473581783078e+38	2.3403221388785308e+38	2.293867760958223e+38	5.988505214194464e+37	1.0568027601307108e+38	1.3652549524381742e+38	1.6174292891023036e+38
1532037.2392141302	4.4218350917641585e+38	1.0040091419973906e+37	2.520370901206009e+37	5.262272029068748e+37	7.5804742120722655e+37	1.0989076318744129e+38	1.756375181481321e+38	1.9693620742053397e+38	1.9814142297514833e+38	4.481232873443474e+37	8.317726261670397e+37	1.0989076318744129e+38	1.319617258324542e+38
1629301.735042084	3.7871760214581294e+38	6.574357418882549e+36	1.7735365094078125e+37	3.940039210293313e+37	5.863543448028105e+37	8.790279188475304e+37	1.4583017662834438e+38	1.6553755033245064e+38	1.706350170276822e+38	3.308750203768727e+37	6.488200585414518e+37	8.790279188475304e+37	1.0722841921949557e+38
1732743.863337848	3.2449987894332395e+38	4.2108645577432364e+36	1.2261782638461539e+37	2.910919575813215e+37	4.487246712711894e+37	6.980868116200011e+37	1.2089812338199853e+38	1.389805064907114e+38	1.4654052068960189e+38	2.4081644609888155e+37	5.011140366995376e+37	6.980868116200011e+37	8.669205202882345e+37
1842756.006969003	2.7814598978827486e+38	2.6346540819441417e+36	8.319906747711581e+36	2.1199917819932147e+37	3.394273012967067e+37	5.498882002751433e+37	1.000093982486271e+38	1.1652219000821585e+38	1.2552479068889436e+38	1.7259353863627787e+37	3.8285560387182985e+37	5.498882002751433e+37	6.967036089128802e+37
1959755.4705978704	2.384876714263368e+38	1.608111485589595e+36	5.533879717888286e+36	1.5204620362024957e+37	2.5354283420261735e+37	4.292435125164126e+37	8.249096026841947e+37	9.752773314295354e+37	1.0726046116518644e+38	1.216825283252089e+37	2.890784526932343e+37	4.292435125164126e+37	5.560661725939506e+37
2084186.0635062	2.0453703591582145e+38	9.561509060608402e+35	3.6038075383721497e+36	1.072767121116409e+37	1.8684406525320474e+37	3.317491932193443e+37	6.779655775525713e+37	8.146052095386594e+37	9.143525782448279e+37	8.430083630846119e+36	2.155123358073121e+37	3.317491932193443e+37	4.403894444239366e+37
2216519.782946712	1.7545717605927003e+38	5.5297000935844815e+35	2.294908309194869e+36	7.438066834994068e+36	1.3570867631363026e+37	2.53633133905581e+37	5.547994141818071e+37	6.786995586268194e+37	7.77584663820878e+37	5.732622094877927e+36	1.584860116110729e+37	2.53633133905581e+37	3.457865504333999e+37
2357258.6044066865	1.5053788121901394e+38	3.1056763487957085e+35	1.4271421709410605e+36	5.0624256738678914e+36	9.705135451140812e+36	1.9164687910551684e+37	4.517343421764018e+37	5.637867697581229e+37	6.596466502438805e+37	3.822005235666901e+36	1.1485474224378108e+37	1.9164687910551684e+37	2.6894926640809053e+37
2506936.385574587	1.2917551048064533e+38	1.6911037592654496e+35	8.654989314257086e+35	3.378323404241276e+36	6.826727307282898e+36	1.42988122711182e+37	3.657124761148653e+37	4.667052053119506e+37	5.581513313674351e+37	2.4953037335007063e+36	8.194272966300258e+36	1.42988122711182e+37	2.0703872403825718e+37
2666120.891232341	1.1085628279168209e+38	8.912242147644865e+34	5.111325273152976e+35	2.2078353468541566e+36	4.718192513319186e+36	1.0524317191308664e+37	2.941669946052305e+37	3.8479918167860665e+37	4.709752099420999e+37	1.5933249723533953e+36	5.74943397510756e+36	1.0524317191308664e+37	1.5760650355397693e+37
2835415.94675508	9.514233698897813e+37	4.537436881213913e+34	2.9349959210692742e+35	1.411272732566542e+36	3.200427807444879e+36	7.634229632242114e+36	2.3492468669975834e+37	3.1582944875714326e+37	3.9624366096526253e+37	9.937195098429019e+35	3.963017348181564e+36	7.634229632242114e+36	1.1853657668665208e+37
3015463.7283885838	8.166008505387305e+37	2.2274301629618763e+34	1.6360433307420324e+35	8.81180892188657e+35	2.12817311116351e+36	5.452325411523593e+36	1.861316631757883e+37	2.578996339680018e+37	3.32309912018584e+37	6.045116215978878e+35	2.680573294440727e+36	5.452325411523593e+36	8.800160566054357e+36
3206947.1989943306	7.009044904194018e+37	1.0521722319315211e+34	8.838257534628457e+34	5.367021509775729e+35	1.3856323328317045e+36	3.829976501715234e+36	1.4619646841631572e+37	2.0939657648539782e+37	2.777317642529428e+37	3.5817972964699e+35	1.777152226511122e+36	3.829976501715234e+36	6.442896870286555e+36
3410592.69850491	6.01606632789594e+37	4.772349320011813e+33	4.619097999403282e+34	3.1841350149424788e+35	8.822333043772151e+35	2.6432837702090162e+36	1.1374629980085211e+37	1.6894215682398866e+37	2.3124863648997124e+37	2.0639367628941702e+35	1.1534248932688663e+36	2.6432837702090162e+36	4.647325679713802e+36
3627172.6989208073	5.163735996006889e+37	2.0737913544559264e+33	2.331101052275303e+34	1.837319359953844e+35	5.485804136026095e+35	1.7903654911998045e+36	8.759307242936507e+36	1.3535430587812414e+37	1.9176019423133216e+37	1.1547863725591032e+35	7.319317348530725e+35	1.7903654911998045e+36	3.29928921212658e+36
3857508.734305509	4.432074075963521e+37	8.61309037776587e+32	1.1337873134535673e+34	1.0294981599922758e+35	3.326738171720102e+35	1.1887390240928596e+36	6.670699199028267e+36	1.0761541831079393e+37	1.5830713915052823e+37	6.26315303461628e+34	4.5351517315333116e+35	1.1887390240928596e+36	2.302929481184047e+36
