#t	Le	U	B	V	R	I	J	H	K	g	r	i	z
#----------------------------------------------- 
3.7652155130543496	0.0	0.0	0.0	0.0	0.0	0.0	0.0	0.0	0.0	0.0	0.0	0.0	0.0
3.899421307733404	0.0	0.0	0.0	0.0	0.0	0.0	0.0	0.0	0.0	0.0	0.0	0.0	0.0
4.291803988367884	0.0	0.0	0.0	0.0	0.0	0.0	0.0	0.0	0.0	0.0	0.0	0.0	0.0
4.73808487777985	0.0	0.0	0.0	0.0	0.0	0.0	0.0	0.0	0.0	0.0	0.0	0.0	0.0
5.237761133483753	0.0	0.0	0.0	0.0	0.0	0.0	0.0	0.0	0.0	0.0	0.0	0.0	0.0
5.795854220434354	0.0	0.0	0.0	0.0	0.0	0.0	0.0	0.0	0.0	0.0	0.0	0.0	0.0
6.417966285967099	0.0	0.0	0.0	0.0	0.0	0.0	0.0	0.0	0.0	0.0	0.0	0.0	0.0
7.110046638540999	0.0	0.0	0.0	0.0	0.0	0.0	0.0	0.0	0.0	0.0	0.0	0.0	0.0
7.878334675992619	0.0	0.0	0.0	0.0	0.0	0.0	0.0	0.0	0.0	0.0	0.0	0.0	0.0
8.729323773918901	0.0	0.0	0.0	0.0	0.0	0.0	0.0	0.0	0.0	0.0	0.0	0.0	0.0
9.669725379084225	0.0	0.0	0.0	0.0	0.0	0.0	0.0	0.0	0.0	0.0	0.0	0.0	0.0
10.706429412259247	0.0	0.0	0.0	0.0	0.0	0.0	0.0	0.0	0.0	0.0	0.0	0.0	0.0
11.846461104077111	0.0	0.0	0.0	0.0	0.0	0.0	0.0	0.0	0.0	0.0	0.0	0.0	0.0
13.096935994237713	0.0	0.0	0.0	0.0	0.0	0.0	0.0	0.0	0.0	0.0	0.0	0.0	0.0
14.465015629736946	0.0	0.0	0.0	0.0	0.0	0.0	0.0	0.0	0.0	0.0	0.0	0.0	0.0
15.957866797004034	0.0	0.0	0.0	0.0	0.0	0.0	0.0	0.0	0.0	0.0	0.0	0.0	0.0
17.582626999439743	0.0	0.0	0.0	0.0	0.0	0.0	0.0	0.0	0.0	0.0	0.0	0.0	0.0
19.3463784229041	0.0	0.0	0.0	0.0	0.0	0.0	0.0	0.0	0.0	0.0	0.0	0.0	0.0
21.256131926260224	0.0	0.0	0.0	0.0	0.0	0.0	0.0	0.0	0.0	0.0	0.0	0.0	0.0
23.31882178033678	0.0	0.0	0.0	0.0	0.0	0.0	0.0	0.0	0.0	0.0	0.0	0.0	0.0
25.541311081332402	0.0	0.0	0.0	0.0	0.0	0.0	0.0	0.0	0.0	0.0	0.0	0.0	0.0
27.930407083184505	0.0	0.0	0.0	0.0	0.0	0.0	0.0	0.0	0.0	0.0	0.0	0.0	0.0
30.492885197738516	0.0	0.0	0.0	0.0	0.0	0.0	0.0	0.0	0.0	0.0	0.0	0.0	0.0
33.2355201215183	0.0	0.0	0.0	0.0	0.0	0.0	0.0	0.0	0.0	0.0	0.0	0.0	0.0
36.16512245934706	0.0	0.0	0.0	0.0	0.0	0.0	0.0	0.0	0.0	0.0	0.0	0.0	0.0
39.28857928818988	0.0	0.0	0.0	0.0	0.0	0.0	0.0	0.0	0.0	0.0	0.0	0.0	0.0
42.61289729748665	0.0	0.0	0.0	0.0	0.0	0.0	0.0	0.0	0.0	0.0	0.0	0.0	0.0
46.14524740112375	0.0	0.0	0.0	0.0	0.0	0.0	0.0	0.0	0.0	0.0	0.0	0.0	0.0
49.89301000365541	0.0	0.0	0.0	0.0	0.0	0.0	0.0	0.0	0.0	0.0	0.0	0.0	0.0
53.86382038213296	0.0	0.0	0.0	0.0	0.0	0.0	0.0	0.0	0.0	0.0	0.0	0.0	0.0
58.065613897555686	0.0	0.0	0.0	0.0	0.0	0.0	0.0	0.0	0.0	0.0	0.0	0.0	0.0
62.50667096397796	0.0	0.0	0.0	0.0	0.0	0.0	0.0	0.0	0.0	0.0	0.0	0.0	0.0
67.19566187469904	0.0	0.0	0.0	0.0	0.0	0.0	0.0	0.0	0.0	0.0	0.0	0.0	0.0
72.14169171785	0.0	0.0	0.0	0.0	0.0	0.0	0.0	0.0	0.0	0.0	0.0	0.0	0.0
77.35434571239087	0.0	0.0	0.0	0.0	0.0	0.0	0.0	0.0	0.0	0.0	0.0	0.0	0.0
82.84373536634139	0.0	0.0	0.0	0.0	0.0	0.0	0.0	0.0	0.0	0.0	0.0	0.0	0.0
88.62054591027163	0.0	0.0	0.0	0.0	0.0	0.0	0.0	0.0	0.0	0.0	0.0	0.0	0.0
94.69608549640601	0.0	0.0	0.0	0.0	0.0	0.0	0.0	0.0	0.0	0.0	0.0	0.0	0.0
101.08233668232621	0.0	0.0	0.0	0.0	0.0	0.0	0.0	0.0	0.0	0.0	0.0	0.0	0.0
107.7920107444279	0.0	0.0	0.0	0.0	0.0	0.0	0.0	0.0	0.0	0.0	0.0	0.0	0.0
114.83860539196596	0.0	0.0	0.0	0.0	0.0	0.0	0.0	0.0	0.0	0.0	0.0	0.0	0.0
122.23646648158038	0.0	0.0	0.0	0.0	0.0	0.0	0.0	0.0	0.0	0.0	0.0	0.0	0.0
130.00085436781697	0.0	0.0	0.0	0.0	0.0	0.0	0.0	0.0	0.0	0.0	0.0	0.0	0.0
138.14801556711558	0.0	0.0	0.0	0.0	0.0	0.0	0.0	0.0	0.0	0.0	0.0	0.0	0.0
146.6952604654698	0.0	0.0	0.0	0.0	0.0	0.0	0.0	0.0	0.0	0.0	0.0	0.0	0.0
155.6610478635102	0.0	0.0	0.0	0.0	0.0	0.0	0.0	0.0	0.0	0.0	0.0	0.0	0.0
165.0650772282589	0.0	0.0	0.0	0.0	0.0	0.0	0.0	0.0	0.0	0.0	0.0	0.0	0.0
174.92838961222498	0.0	0.0	0.0	0.0	0.0	0.0	0.0	0.0	0.0	0.0	0.0	0.0	0.0
185.27347830784615	0.0	0.0	0.0	0.0	0.0	0.0	0.0	0.0	0.0	0.0	0.0	0.0	0.0
196.12441043681144	0.0	0.0	0.0	0.0	0.0	0.0	0.0	0.0	0.0	0.0	0.0	0.0	0.0
207.5069608006076	0.0	0.0	0.0	0.0	0.0	0.0	0.0	0.0	0.0	0.0	0.0	0.0	0.0
219.4487595214314	0.0	0.0	0.0	0.0	0.0	0.0	0.0	0.0	0.0	0.0	0.0	0.0	0.0
231.9794551848039	0.0	0.0	0.0	0.0	0.0	0.0	0.0	0.0	0.0	0.0	0.0	0.0	0.0
245.1308954358603	0.0	0.0	0.0	0.0	0.0	0.0	0.0	0.0	0.0	0.0	0.0	0.0	0.0
258.93732725217734	0.0	0.0	0.0	0.0	0.0	0.0	0.0	0.0	0.0	0.0	0.0	0.0	0.0
273.4356194432348	0.0	0.0	0.0	0.0	0.0	0.0	0.0	0.0	0.0	0.0	0.0	0.0	0.0
288.6655102985128	0.0	0.0	0.0	0.0	0.0	0.0	0.0	0.0	0.0	0.0	0.0	0.0	0.0
304.66988374396493	0.0	0.0	0.0	0.0	0.0	0.0	0.0	0.0	0.0	0.0	0.0	0.0	0.0
321.4950778823001	0.0	0.0	0.0	0.0	0.0	0.0	0.0	0.0	0.0	0.0	0.0	0.0	0.0
339.1912304529582	0.0	0.0	0.0	0.0	0.0	0.0	0.0	0.0	0.0	0.0	0.0	0.0	0.0
357.8126663810822	0.0	0.0	0.0	0.0	0.0	0.0	0.0	0.0	0.0	0.0	0.0	0.0	0.0
377.41833354219193	0.0	0.0	0.0	0.0	0.0	0.0	0.0	0.0	0.0	0.0	0.0	0.0	0.0
398.0722937825935	0.0	0.0	0.0	0.0	0.0	0.0	0.0	0.0	0.0	0.0	0.0	0.0	0.0
419.8442775368444	0.0	0.0	0.0	0.0	0.0	0.0	0.0	0.0	0.0	0.0	0.0	0.0	0.0
442.8103117683589	0.0	0.0	0.0	0.0	0.0	0.0	0.0	0.0	0.0	0.0	0.0	0.0	0.0
467.05343277889483	0.0	0.0	0.0	0.0	0.0	0.0	0.0	0.0	0.0	0.0	0.0	0.0	0.0
492.66449747040355	0.0	0.0	0.0	0.0	0.0	0.0	0.0	0.0	0.0	0.0	0.0	0.0	0.0
519.7431092020436	0.0	0.0	0.0	0.0	0.0	0.0	0.0	0.0	0.0	0.0	0.0	0.0	0.0
548.3986775448982	0.0	0.0	0.0	0.0	0.0	0.0	0.0	0.0	0.0	0.0	0.0	0.0	0.0
578.7516349316503	0.0	0.0	0.0	0.0	0.0	0.0	0.0	0.0	0.0	0.0	0.0	0.0	0.0
610.9348378825296	0.0	0.0	0.0	0.0	0.0	0.0	0.0	0.0	0.0	0.0	0.0	0.0	0.0
645.0951861792576	0.0	0.0	0.0	0.0	0.0	0.0	0.0	0.0	0.0	0.0	0.0	0.0	0.0
681.3955004148221	0.0	0.0	0.0	0.0	0.0	0.0	0.0	0.0	0.0	0.0	0.0	0.0	0.0
720.0167072476148	0.0	0.0	0.0	0.0	0.0	0.0	0.0	0.0	0.0	0.0	0.0	0.0	0.0
761.1603926301372	0.0	0.0	0.0	0.0	0.0	0.0	0.0	0.0	0.0	0.0	0.0	0.0	0.0
805.051797055844	0.0	0.0	0.0	0.0	0.0	0.0	0.0	0.0	0.0	0.0	0.0	0.0	0.0
851.9433446099292	0.0	0.0	0.0	0.0	0.0	0.0	0.0	0.0	0.0	0.0	0.0	0.0	0.0
902.1188199106238	0.0	0.0	0.0	0.0	0.0	0.0	0.0	0.0	0.0	0.0	0.0	0.0	0.0
955.8983359265012	0.0	0.0	0.0	0.0	0.0	0.0	0.0	0.0	0.0	0.0	0.0	0.0	0.0
1013.6442725873036	0.0	0.0	0.0	0.0	0.0	0.0	0.0	0.0	0.0	0.0	0.0	0.0	0.0
1075.7684146195388	0.0	0.0	0.0	0.0	0.0	0.0	0.0	0.0	0.0	0.0	0.0	0.0	0.0
1142.7405807084647	0.0	0.0	0.0	0.0	0.0	0.0	0.0	0.0	0.0	0.0	0.0	0.0	0.0
1215.0991202256912	0.0	0.0	0.0	0.0	0.0	0.0	0.0	0.0	0.0	0.0	0.0	0.0	0.0
1293.4637663215578	0.0	0.0	0.0	0.0	0.0	0.0	0.0	0.0	0.0	0.0	0.0	0.0	0.0
1378.5514870613279	0.0	0.0	0.0	0.0	0.0	0.0	0.0	0.0	0.0	0.0	0.0	0.0	0.0
1471.1961836739679	0.0	0.0	0.0	0.0	0.0	0.0	0.0	0.0	0.0	0.0	0.0	0.0	0.0
1572.3733719325444	0.0	0.0	0.0	0.0	0.0	0.0	0.0	0.0	0.0	0.0	0.0	0.0	0.0
1683.2313832511452	8.513520042700623e+30	1.8990300608156786e+28	1.0656856677659447e+28	5.576023922847128e+27	3.58217273929242e+27	1.931519582866919e+27	4.867558861407564e+26	2.3960189383279227e+26	9.043347202275223e+25	6.564977148244255e+27	3.1325757027003567e+27	1.931519582866919e+27	1.2737168694321008e+27
1805.1311898472388	5.756842866975388e+32	1.5027107152710947e+30	8.444844437865865e+29	4.424217083273788e+29	2.8442255332465554e+29	1.5348587012803915e+29	3.8728781895727305e+28	1.9072541588694527e+28	7.201931631776145e+27	5.207375815098797e+29	2.4877247286317374e+29	1.5348587012803915e+29	1.0126018546936855e+29
1939.697772836737	2.4225966102817198e+34	7.529383462605016e+31	4.23847239380085e+31	2.223845796660902e+31	1.4308500554043536e+31	7.728846546575854e+30	1.9531443457920949e+30	9.62366100618658e+29	3.635956869432227e+29	2.6166031609420446e+31	1.251788391333872e+31	7.728846546575854e+30	5.101729490726662e+30
2088.8871565545683	6.614978237887021e+35	2.440917126185451e+33	1.376499866724454e+33	7.233633178255584e+32	4.6582920117705005e+32	2.5187495937991144e+32	6.375176428333627e+31	3.1429759451778767e+31	1.188144683069822e+31	8.508098586336167e+32	4.076309265419207e+32	2.5187495937991144e+32	1.663535518193547e+32
2255.0749899990337	1.1931393839540842e+37	5.296164404362585e+34	2.9928085425204476e+34	1.5756176179708815e+34	1.015689039196629e+34	5.498246913401902e+33	1.3941976297602518e+33	6.87785591930384e+32	2.6017716585376906e+32	1.8524449399557277e+34	8.890389797665152e+33	5.498246913401902e+33	3.63373446519152e+33
2441.1752696650196	1.6818937168934765e+38	8.29404414385721e+35	4.692712814671214e+35	2.4732817508396786e+35	1.5953234009619014e+35	8.642049711606044e+34	2.1937873049165936e+34	1.082659181527333e+34	4.097142867240926e+33	2.9070904114594878e+35	1.3966284994625505e+35	8.642049711606044e+34	5.713675342609069e+34
2650.8019109702373	1.621163431849432e+39	9.227928113660694e+36	5.2304265665343384e+36	2.761034921931855e+36	1.7824904248458588e+36	9.665661992172187e+35	2.4574989531059096e+35	1.2134775705376348e+35	4.594824849185425e+34	3.2441414893198874e+36	1.5608556304345914e+36	9.665661992172187e+35	6.394015441715287e+35
2888.4924968927494	1.1098341222772298e+40	7.511782662361664e+37	4.267518874255817e+37	2.2573181865992233e+37	1.4589398951573343e+37	7.921421711094008e+36	2.0181060372701408e+36	9.97222662947724e+35	3.778744840131541e+35	2.651053187181455e+37	1.2779266524993643e+37	7.921421711094008e+36	5.243943430310473e+36
3160.02420323352	5.545882788290447e+40	4.528598653296018e+38	2.5796762316551085e+38	1.3677712922160874e+38	8.851751334747638e+37	4.813374368249542e+37	1.2291780140341627e+37	6.078879413187984e+36	2.305415611137705e+36	1.6054730145461901e+38	7.756269609407081e+37	4.813374368249542e+37	3.189107040696157e+37
3472.8698509920555	1.9702443132451856e+41	1.9307933990715196e+39	1.1029783406430143e+39	5.862712401961659e+38	3.799389839212417e+38	2.0692886676844103e+38	5.297360545162525e+37	2.6220789232617603e+37	9.953111777951675e+36	6.877650465065855e+38	3.3304304474896905e+38	2.0692886676844103e+38	1.3722168323900802e+38
3836.873046517211	3.991379087384828e+41	4.855584527464074e+39	2.783959911964463e+39	1.48454543660798e+39	9.637893507656411e+38	5.25986338009127e+38	1.3508104877370526e+38	6.693696082705072e+37	2.543764642857685e+37	1.7402630827388582e+39	8.452370977323887e+38	5.25986338009127e+38	3.4919525631196686e+38
4265.277039789585	4.139012753408466e+41	6.559446910633518e+39	3.779693879661248e+39	2.0243743924466637e+39	1.3174387155672594e+39	7.20981684199318e+38	1.8595865002288804e+38	9.228789328752125e+37	3.512600831426144e+37	2.3707018670936953e+39	1.1561439851582609e+39	7.20981684199318e+38	4.793862551713849e+38
4776.35098473623	3.90606167926641e+41	7.688470978532266e+39	4.45061778415424e+39	2.3933132227585957e+39	1.5609935087646317e+39	8.56432889232344e+38	2.2176558021483357e+38	1.1020999519944495e+38	4.2006638092532887e+37	2.8001861337077284e+39	1.370702974656673e+39	8.56432889232344e+38	5.7024866967402106e+38
5396.154130525232	4.2890262672582495e+41	1.0877645395943278e+40	6.334334487974411e+39	3.424063545301155e+39	2.239690407075387e+39	1.232819350303817e+39	3.2085103699568974e+38	1.5973520864911696e+38	6.099380088751016e+37	4.001407857391637e+39	1.968191481423016e+39	1.232819350303817e+39	8.223506967200778e+38
6163.306001322583	4.528046435789263e+41	1.5085606913905842e+40	8.850240659313331e+39	4.815177412600989e+39	3.1608652585614513e+39	1.746946874604604e+39	4.5752410910463984e+38	2.2827803873225175e+38	8.736210089146241e+37	5.618763499886992e+39	2.780380010138036e+39	1.746946874604604e+39	1.1679197385358813e+39
7137.937770162033	4.917316730395854e+41	2.0921873005017943e+40	1.2366980930935682e+40	6.77280538558562e+39	4.461938872443002e+39	2.4761225589495208e+39	6.526026605923017e+38	3.263276807953006e+38	1.2516632069414932e+38	7.891290800686902e+39	3.928655104916734e+39	2.4761225589495208e+39	1.6591532787732e+39
8420.15087796236	5.2207406018535075e+41	2.922062666785467e+40	1.744118855963256e+40	9.632714656055921e+39	6.375443495624396e+39	3.5566071588367316e+39	9.449775119430937e+38	4.738549080778672e+38	1.8227253388930573e+38	1.1201936211607265e+40	5.620470124783953e+39	3.5566071588367316e+39	2.3900496555170153e+39
9932.724777872963	5.790223193539083e+41	4.433041881445513e+40	2.6810757535817526e+40	1.4977355144332812e+40	9.974707494094928e+39	5.603849896583409e+39	1.5051272119337222e+39	7.575741272085724e+38	2.925212518258306e+38	1.7372130888790787e+40	8.808289931860115e+39	5.603849896583409e+39	3.780449779262417e+39
11717.050240732746	6.0829893924078044e+41	6.472528533095224e+40	3.9812722605708296e+40	2.2567501039312657e+40	1.5149426780634998e+40	8.587686754612195e+39	2.338402648860831e+39	1.1825683308153616e+39	4.5882272378194574e+38	2.608931329804996e+40	1.3406525529604316e+40	8.587686754612195e+39	5.822008688200631e+39
13821.958071094048	6.360582607760138e+41	9.232503367884945e+40	5.793319212028407e+40	3.3407352362138935e+40	2.263598256501604e+40	1.2966874042090754e+40	3.587718801613657e+39	1.8243575944641166e+39	7.117767592816082e+38	3.847076566344052e+40	2.0082009015243202e+40	1.2966874042090754e+40	8.841570718770225e+39
16305.053877347715	6.6071809649980715e+41	1.282479816700597e+41	8.23881549208943e+40	4.847769327516666e+40	3.320795297676104e+40	1.925780620455455e+40	5.428393053622154e+39	2.77796936279122e+39	1.0908218255206601e+39	5.557066673876619e+40	2.9547696920210666e+40	1.925780620455455e+40	1.3219489447056557e+40
19234.294434460604	6.73020744199975e+41	1.7179994651282428e+41	1.135349533117776e+41	6.844494330260523e+40	4.750400400980506e+40	2.795569186319218e+40	8.05673321256784e+39	4.1542433418066065e+39	1.6436843376177984e+39	7.802986662702593e+40	4.241674574208692e+40	2.795569186319218e+40	1.934439303640997e+40
22689.847855375352	6.8512113311628405e+41	2.2173991346569444e+41	1.5146433570770282e+41	9.394607063366905e+40	6.6214127057578e+40	3.96444124261687e+40	1.1726376019948337e+40	6.100027410921141e+39	2.4350764731069613e+39	1.0641400509469937e+41	5.936774630047295e+40	3.96444124261687e+40	2.7691742436503746e+40
26766.28745647354	6.805273171891488e+41	2.7303379836258137e+41	1.9403203966261043e+41	1.2452431293207146e+41	8.939945809196634e+40	5.464253863992252e+40	1.6671550928080994e+40	8.763834162630104e+39	3.535352973414505e+39	1.3996466645659694e+41	8.055300021372813e+40	5.464253863992252e+40	3.8599018779075657e+40
31575.18027973845	6.726431080112344e+41	3.1970659984768373e+41	2.377237078866975e+41	1.5871788131181852e+41	1.1643176000263136e+41	7.291308911055812e+40	2.3075438985074645e+40	1.2281426400269555e+40	5.0161862848359914e+39	1.7679984264615718e+41	1.055205826787725e+41	7.291308911055812e+40	5.219191183332345e+40
37248.14076249984	8.09642658563623e+41	4.004101719633987e+41	3.0700594284195913e+41	2.109568334399918e+41	1.5731983734034217e+41	1.0042080136780593e+41	3.2748153688280925e+40	1.7611890986079525e+40	7.269473260439194e+39	2.3341914041338652e+41	1.4322191252668232e+41	1.0042080136780593e+41	7.26553977380953e+40
43940.43311290594	1.3351330200245673e+42	6.279018520991927e+41	4.796400998044673e+41	3.2925730648672933e+41	2.456591189078405e+41	1.5703937397233538e+41	5.142406063637842e+40	2.77088522642607e+40	1.1461922846580357e+40	3.6432300091536076e+41	2.2370274032633566e+41	1.5703937397233538e+41	1.1375889846521138e+41
51835.22095175093	1.757060315372043e+42	8.585736839432926e+41	6.670644796865893e+41	4.6512297105055825e+41	3.50146712395224e+41	2.2619932692659853e+41	7.533199023068526e+40	4.083537420688006e+40	1.6995790933139614e+40	5.1279061790791894e+41	3.196391908613136e+41	2.2619932692659853e+41	1.6483772625373116e+41
61148.58022993783	1.6946336834774157e+42	9.095266752643874e+41	7.411287950560565e+41	5.3944469875159926e+41	4.160458567377839e+41	2.7642449801934107e+41	9.622707473019374e+40	5.297710418224155e+40	2.2398961870826656e+40	5.888575235572256e+41	3.823212752625743e+41	2.7642449801934107e+41	2.04635537041539e+41
72135.41349914177	1.2631767811903923e+42	7.345449910095467e+41	6.493077537670711e+41	5.086786919475685e+41	4.089561012986121e+41	2.8517445422387432e+41	1.0720868050174216e+41	6.064773927641673e+40	2.6361434019754145e+40	5.4591205754411395e+41	3.801106418038924e+41	2.8517445422387432e+41	2.1694297275878007e+41
85096.42669414943	8.286846941042092e+41	4.3799364517636545e+41	4.362069077846178e+41	3.814313573203053e+41	3.2656539984025124e+41	2.452121046095776e+41	1.0389179129644845e+41	6.133950916854096e+40	2.785585608072147e+40	3.990128063821236e+41	3.0884480087638892e+41	2.452121046095776e+41	1.9455874514912815e+41
100386.35955576254	4.5546380908963135e+41	1.6962792312240652e+41	2.012457482899821e+41	2.0822693906926896e+41	1.966230816734042e+41	1.65752366999566e+41	8.462957866702733e+40	5.341315506638463e+40	2.5976106166122514e+40	2.0937284721180653e+41	1.910655655291021e+41	1.65752366999566e+41	1.4045074037584112e+41
118423.69532479072	1.9494424894441065e+41	4.161641901373442e+40	6.041183240729645e+40	7.784237009395487e+40	8.408829072283082e+40	8.357175638291641e+40	5.635996726656559e+40	3.9408437195827065e+40	2.1303424183465936e+40	7.422706711127193e+40	8.487846581123792e+40	8.357175638291641e+40	7.797703970580983e+40
139702.11445058841	1.1243693653798963e+41	1.3710967902775145e+40	2.0808138962198385e+40	3.1043833010848007e+40	3.7509366692401855e+40	4.3278225458359113e+40	3.821225317724988e+40	2.9621895569165323e+40	1.7855078812510636e+40	2.8426207242929225e+40	3.915167952591685e+40	4.3278225458359113e+40	4.424416725304526e+40
164804.00615662945	7.654797919847341e+40	6.771699268917695e+39	9.334509392687794e+39	1.4920709443111704e+40	1.9558809887788742e+40	2.5349866146694616e+40	2.8020440717166297e+40	2.3821966552433796e+40	1.5881353770266767e+40	1.3307869453451776e+40	2.094485078776657e+40	2.5349866146694616e+40	2.7899376670627232e+40
194416.40900204435	5.435213786749001e+40	4.277030162519467e+39	4.5722264830596733e+39	6.908954058558762e+39	9.745594997620891e+39	1.4457841656097026e+40	2.0480183953646563e+40	1.9133589892742715e+40	1.414325073900553e+40	6.097720597951009e+39	1.0738978078843697e+40	1.4457841656097026e+40	1.7331591206767284e+40
229349.81527513018	3.875029693263253e+40	3.290435672121536e+39	2.8223999404424486e+39	3.171808463036004e+39	4.314195033664474e+39	7.16390806044773e+39	1.3911160056489986e+40	1.4606665348057667e+40	1.2181679807597529e+40	2.952462389644946e+39	4.821386612402117e+39	7.16390806044773e+39	9.531394157611871e+39
270560.3543399157	2.745010885268479e+40	2.672794384284452e+39	2.179955061468128e+39	1.8339051184244487e+39	1.976522226509901e+39	3.056328244299654e+39	8.273156601879086e+39	1.0129886698388467e+40	9.862804169457711e+39	1.8766048995513906e+39	2.114923449381986e+39	3.056328244299654e+39	4.404707389811349e+39
319175.9620980136	1.9292070756790203e+40	2.1390963423178876e+39	1.7918184220407375e+39	1.3918875224082337e+39	1.2154911215788767e+39	1.3349462887931229e+39	4.138470836821658e+39	6.118838905464247e+39	7.285948225149409e+39	1.484635083099568e+39	1.1959263763768601e+39	1.3349462887931229e+39	1.8035126955730925e+39
376527.2528284266	1.3467377748108663e+40	1.6615546951145737e+39	1.451901525631262e+39	1.1535656330961e+39	9.562364138892141e+38	7.855810437560994e+38	1.7591782154831154e+39	3.131442556431129e+39	4.76308557300061e+39	1.2307844436030681e+39	9.046114084939718e+38	7.855810437560994e+38	8.25074941208526e+38
444183.93837282097	9.351302623228456e+39	1.2483180266726567e+39	1.1410205321156898e+39	9.486935031701677e+38	7.985609873470861e+38	6.069241670129037e+38	7.127584115144162e+38	1.373143229938671e+39	2.6936700547716245e+39	1.0018923844217746e+39	7.534961970986783e+38	6.069241670129037e+38	5.2470332875485546e+38
523997.79146564886	6.465808662875266e+39	9.057751717059155e+38	8.663866369662846e+38	7.574449528244188e+38	6.5740239365609434e+38	5.083468187933632e+38	3.445314635791042e+38	5.558468275837159e+38	1.3142443409880396e+39	7.901086157534797e+38	6.250739676511423e+38	5.083468187933632e+38	4.180411745626044e+38
618153.3291230467	4.454813710118089e+39	6.345431552720598e+38	6.346448262884021e+38	5.842322514635929e+38	5.247320058282274e+38	4.229005618139033e+38	2.2847979222914478e+38	2.4545692114787857e+38	5.694121575610985e+38	6.015738818580714e+38	5.038999751542968e+38	4.229005618139033e+38	3.5193140466270564e+38
729227.6033039717	3.0594874490879004e+39	4.295038446275444e+38	4.483510211351645e+38	4.345488073915833e+38	4.044283701342099e+38	3.417727343853026e+38	1.8468390500488676e+38	1.4296109986513663e+38	2.328989653435746e+38	4.415973781050015e+38	3.925186845286344e+38	3.417727343853026e+38	2.924077037437698e+38
860260.7353247707	2.094791533978798e+39	2.8130227043070545e+38	3.0570576724743096e+38	3.114919841654724e+38	3.0048537403438726e+38	2.6688980190828727e+38	1.5639325024113272e+38	1.0882271891196834e+38	1.030514626369787e+38	3.1246014797925495e+38	2.9483953470325174e+38	2.6688980190828727e+38	2.3572752544510047e+38
1014839.1245667681	1.4299626399110314e+39	1.785679897060515e+38	2.014925809818958e+38	2.152773998947414e+38	2.150972314981453e+38	2.00962742689378e+38	1.3051548418789772e+38	9.178452001311368e+37	6.007540584118214e+37	2.132703375488659e+38	2.1337299161975038e+38	2.00962742689378e+38	1.8356845600616453e+38
1197193.6089139807	9.731335971685732e+38	1.100031990805297e+38	1.28620200367002e+38	1.4363946953231757e+38	1.4841110812918115e+38	1.4576609314704525e+38	1.0569671645139322e+38	7.76702506633191e+37	4.614643001408939e+37	1.4064420061413063e+38	1.4879128569686514e+38	1.4576609314704525e+38	1.3781466994153441e+38
1412315.26358939	6.6023369511308326e+38	6.577549613069054e+37	7.96508976579313e+37	9.27070204887955e+37	9.883430109603925e+37	1.0184827701412741e+38	8.271216716855847e+37	6.406730916916949e+37	3.921968165974743e+37	8.979261522592892e+37	1.0008684396341281e+38	1.0184827701412741e+38	9.9649789768312e+37
1666092.0078241203	4.466179163165007e+38	3.811597048782417e+37	4.789375184009044e+37	5.799695061604875e+37	6.365383972346865e+37	6.861865033545951e+37	6.2409033883897885e+37	5.115863968678412e+37	3.3371610936195916e+37	5.560466943135873e+37	6.506441994586998e+37	6.861865033545951e+37	6.939831292864396e+37
1965469.758307718	3.012609288024985e+38	2.132138692219607e+37	2.794420241529455e+37	3.5223338589872695e+37	3.973302138313665e+37	4.465977856574751e+37	4.53472597867149e+37	3.94341596762787e+37	2.76773627161984e+37	3.3437776248754855e+37	4.0966373083309896e+37	4.465977856574751e+37	4.659792247955829e+37
2318642.540217237	2.026683267801512e+38	1.143424307152217e+37	1.5775702493010199e+37	2.077612556509151e+37	2.4078315384174193e+37	2.814208883508068e+37	3.1722573607305907e+37	2.928841450532781e+37	2.2233705557541895e+37	1.9521060660501814e+37	2.5030612851786454e+37	2.814208883508068e+37	3.0223862638007777e+37
2735276.759196583	1.3600073028149199e+38	5.82027883505058e+36	8.56865430141332e+36	1.188423737663355e+37	1.4173987301652993e+37	1.7205813778045384e+37	2.1382490595178826e+37	2.09400148446621e+37	1.7249533941398444e+37	1.1037410596879074e+37	1.4856618105646687e+37	1.7205813778045384e+37	1.8980499881778037e+37
3226775.7726484546	9.105180430917107e+37	2.775673984821287e+36	4.4385482133721284e+36	6.566100786580909e+36	8.094447461777435e+36	1.0219472957517292e+37	1.3912277447714375e+37	1.4413495026199472e+37	1.2897926995655713e+37	6.012936276901382e+36	8.56069005078133e+36	1.0219472957517292e+37	1.156589421976092e+37
3806592.001700076	6.082877174398162e+37	1.2207606890700662e+36	2.16661125217721e+36	3.4793893745892373e+36	4.4672741606938646e+36	5.895215109795822e+36	8.758401427099815e+36	9.563239360280241e+36	9.28338604404849e+36	3.130028025240028e+36	4.7747923372682175e+36	5.895215109795822e+36	6.84758026357497e+36
4490595.126400013	4.0558730078882536e+37	4.8619689916106625e+35	9.819243009958443e+35	1.750160999106705e+36	2.3662206944659952e+36	3.2944580748893587e+36	5.347904375425028e+36	6.129217669910815e+36	6.430824904072868e+36	1.5390154617996056e+36	2.5626845413242154e+36	3.2944580748893587e+36	3.937941090142192e+36
