#t	Le	U	B	V	R	I	J	H	K	g	r	i	z
#----------------------------------------------- 
6.231070087889746	0.0	0.0	0.0	0.0	0.0	0.0	0.0	0.0	0.0	0.0	0.0	0.0	0.0
6.475563181468383	0.0	0.0	0.0	0.0	0.0	0.0	0.0	0.0	0.0	0.0	0.0	0.0	0.0
9.18860574102889	0.0	0.0	0.0	0.0	0.0	0.0	0.0	0.0	0.0	0.0	0.0	0.0	0.0
11.384333486166609	0.0	0.0	0.0	0.0	0.0	0.0	0.0	0.0	0.0	0.0	0.0	0.0	0.0
14.938085727518846	0.0	0.0	0.0	0.0	0.0	0.0	0.0	0.0	0.0	0.0	0.0	0.0	0.0
19.97572925445956	0.0	0.0	0.0	0.0	0.0	0.0	0.0	0.0	0.0	0.0	0.0	0.0	0.0
26.773019169516676	0.0	0.0	0.0	0.0	0.0	0.0	0.0	0.0	0.0	0.0	0.0	0.0	0.0
35.52798376335393	0.0	0.0	0.0	0.0	0.0	0.0	0.0	0.0	0.0	0.0	0.0	0.0	0.0
46.220274485805405	0.0	0.0	0.0	0.0	0.0	0.0	0.0	0.0	0.0	0.0	0.0	0.0	0.0
58.6601513809703	0.0	0.0	0.0	0.0	0.0	0.0	0.0	0.0	0.0	0.0	0.0	0.0	0.0
72.62854779590943	0.0	0.0	0.0	0.0	0.0	0.0	0.0	0.0	0.0	0.0	0.0	0.0	0.0
87.96393467603609	0.0	0.0	0.0	0.0	0.0	0.0	0.0	0.0	0.0	0.0	0.0	0.0	0.0
104.5732556948127	0.0	0.0	0.0	0.0	0.0	0.0	0.0	0.0	0.0	0.0	0.0	0.0	0.0
122.41317227301296	0.0	0.0	0.0	0.0	0.0	0.0	0.0	0.0	0.0	0.0	0.0	0.0	0.0
141.47097118617833	0.0	0.0	0.0	0.0	0.0	0.0	0.0	0.0	0.0	0.0	0.0	0.0	0.0
161.75184232411186	0.0	0.0	0.0	0.0	0.0	0.0	0.0	0.0	0.0	0.0	0.0	0.0	0.0
183.27141487908943	0.0	0.0	0.0	0.0	0.0	0.0	0.0	0.0	0.0	0.0	0.0	0.0	0.0
206.05154104516467	0.0	0.0	0.0	0.0	0.0	0.0	0.0	0.0	0.0	0.0	0.0	0.0	0.0
230.117920561364	0.0	0.0	0.0	0.0	0.0	0.0	0.0	0.0	0.0	0.0	0.0	0.0	0.0
255.49874783741762	0.0	0.0	0.0	0.0	0.0	0.0	0.0	0.0	0.0	0.0	0.0	0.0	0.0
282.22392902956966	0.0	0.0	0.0	0.0	0.0	0.0	0.0	0.0	0.0	0.0	0.0	0.0	0.0
310.3246229027803	0.0	0.0	0.0	0.0	0.0	0.0	0.0	0.0	0.0	0.0	0.0	0.0	0.0
339.83296824274044	0.0	0.0	0.0	0.0	0.0	0.0	0.0	0.0	0.0	0.0	0.0	0.0	0.0
370.78192207558385	0.0	0.0	0.0	0.0	0.0	0.0	0.0	0.0	0.0	0.0	0.0	0.0	0.0
403.20516346698224	0.0	0.0	0.0	0.0	0.0	0.0	0.0	0.0	0.0	0.0	0.0	0.0	0.0
437.13703818676555	0.0	0.0	0.0	0.0	0.0	0.0	0.0	0.0	0.0	0.0	0.0	0.0	0.0
472.61252895930016	0.0	0.0	0.0	0.0	0.0	0.0	0.0	0.0	0.0	0.0	0.0	0.0	0.0
509.66724237990377	0.0	0.0	0.0	0.0	0.0	0.0	0.0	0.0	0.0	0.0	0.0	0.0	0.0
548.3374054462893	0.0	0.0	0.0	0.0	0.0	0.0	0.0	0.0	0.0	0.0	0.0	0.0	0.0
588.6598691671022	0.0	0.0	0.0	0.0	0.0	0.0	0.0	0.0	0.0	0.0	0.0	0.0	0.0
630.6721174823032	0.0	0.0	0.0	0.0	0.0	0.0	0.0	0.0	0.0	0.0	0.0	0.0	0.0
674.4122771946168	0.0	0.0	0.0	0.0	0.0	0.0	0.0	0.0	0.0	0.0	0.0	0.0	0.0
719.9191312399159	0.0	0.0	0.0	0.0	0.0	0.0	0.0	0.0	0.0	0.0	0.0	0.0	0.0
767.2321328082694	0.0	0.0	0.0	0.0	0.0	0.0	0.0	0.0	0.0	0.0	0.0	0.0	0.0
816.391422700038	0.0	0.0	0.0	0.0	0.0	0.0	0.0	0.0	0.0	0.0	0.0	0.0	0.0
867.437844322052	0.0	0.0	0.0	0.0	0.0	0.0	0.0	0.0	0.0	0.0	0.0	0.0	0.0
920.412960296973	0.0	0.0	0.0	0.0	0.0	0.0	0.0	0.0	0.0	0.0	0.0	0.0	0.0
975.3590695681467	0.0	0.0	0.0	0.0	0.0	0.0	0.0	0.0	0.0	0.0	0.0	0.0	0.0
1032.3192253831794	0.0	0.0	0.0	0.0	0.0	0.0	0.0	0.0	0.0	0.0	0.0	0.0	0.0
1091.3372532318908	0.0	0.0	0.0	0.0	0.0	0.0	0.0	0.0	0.0	0.0	0.0	0.0	0.0
1152.4577668439513	0.0	0.0	0.0	0.0	0.0	0.0	0.0	0.0	0.0	0.0	0.0	0.0	0.0
1215.726189820998	0.0	0.0	0.0	0.0	0.0	0.0	0.0	0.0	0.0	0.0	0.0	0.0	0.0
1281.1887744356125	0.0	0.0	0.0	0.0	0.0	0.0	0.0	0.0	0.0	0.0	0.0	0.0	0.0
1348.89261901489	0.0	0.0	0.0	0.0	0.0	0.0	0.0	0.0	0.0	0.0	0.0	0.0	0.0
1418.8856888806897	0.0	0.0	0.0	0.0	0.0	0.0	0.0	0.0	0.0	0.0	0.0	0.0	0.0
1491.2168359590964	0.0	0.0	0.0	0.0	0.0	0.0	0.0	0.0	0.0	0.0	0.0	0.0	0.0
1565.9358211507624	0.0	0.0	0.0	0.0	0.0	0.0	0.0	0.0	0.0	0.0	0.0	0.0	0.0
1643.0933344139175	1.36716394660754e+30	2.956894235196301e+27	1.6588955443382754e+27	8.677873376132527e+26	5.574152453927056e+26	3.005152808483288e+26	7.5714066928776815e+25	3.726657621867979e+25	1.406440191369639e+25	1.021751169653531e+27	4.874370577654102e+26	3.005152808483288e+26	1.9815457041712944e+26
1722.741016316905	3.2374441394952282e+31	7.894980478766003e+28	4.434023614072458e+28	2.3216878498080453e+28	1.4921018236952536e+28	8.049146653311812e+27	2.0299001139857437e+27	9.99457469159731e+26	3.773263709648742e+26	2.7330097016703846e+28	1.3049700646593766e+28	8.049146653311812e+27	5.309268557504309e+27
1804.931479247154	5.161647574815705e+32	1.4009288599994233e+30	7.875810426451308e+29	4.127475628967846e+29	2.6539486176955847e+29	1.4324826168266608e+29	3.6157651180992478e+28	1.7808459557256522e+28	6.725424383708954e+27	4.857735297225017e+29	2.3214144791606594e+29	1.4324826168266608e+29	9.451730578411357e+28
1889.7183302459691	5.981795821023955e+33	1.8256733890497459e+31	1.0275375632554972e+31	5.390465325512825e+30	3.4679959960017695e+30	1.873080565888415e+30	4.7327006021311356e+29	2.331800023287933e+29	8.809379444885384e+28	6.342708738008933e+30	3.033928054600972e+30	1.873080565888415e+30	1.2363327248968505e+30
1977.1561930764383	5.395505800601289e+34	1.8350453750720826e+32	1.0339500277709904e+32	5.429399334698733e+31	3.494939626023423e+31	1.8888104811900546e+31	4.777123483877442e+30	2.3545020555381677e+30	8.898314831235469e+29	6.387090665419835e+31	3.0579506944970285e+31	1.8888104811900546e+31	1.247149433949061e+31
2067.300731563674	3.8223652158110186e+35	1.4573172853714697e+33	8.221182051156464e+32	4.321689897827126e+32	2.783563158698248e+32	1.5053869297882062e+32	3.8114896058785175e+31	1.8792856855428957e+31	7.105124635756231e+30	5.0827382109540796e+32	2.4359171624763776e+32	1.5053869297882062e+32	9.94362570448176e+31
2160.208673415035	2.2231018796510999e+36	9.435671024672315e+33	5.329309248515919e+33	2.8044567283784897e+33	1.8073859774015845e+33	9.781165078295899e+32	2.479113793235915e+32	1.2228034438129898e+32	4.624899288431633e+31	3.297522200916551e+33	1.5819094873474754e+33	9.781165078295899e+32	6.463242965512947e+32
2255.9378347601646	1.06980471145359e+37	5.073647097131104e+34	2.8693175166491745e+34	1.5116526563552235e+34	9.748310276925913e+33	5.279405973439652e+33	1.3396356673969253e+33	6.610309954001151e+32	2.5011935925643975e+32	1.7769587961452137e+34	8.533651610241208e+33	5.279405973439652e+33	3.489966270176147e+33
2354.5471452545053	4.40330502555111e+37	2.320402825101603e+35	1.3139468069970797e+35	6.930152212877246e+34	4.471908704641651e+34	2.4236051727700993e+34	6.156793866689624e+33	3.0392255981097367e+33	1.1504465828430379e+33	8.1443311150706e+34	3.9153688593068633e+34	2.4236051727700993e+34	1.6027754981406419e+34
2456.0966722024546	1.55981858479889e+38	9.155274265195537e+35	5.191347362483972e+35	2.741386006895844e+35	1.7701563903781462e+35	9.600964870843938e+34	2.441920270421918e+34	1.2059365944934963e+34	4.566860728631813e+33	3.2207905611861906e+35	1.5501387895524538e+35	9.600964870843938e+34	6.352022806619808e+34
2560.647646246017	4.8781128862439966e+38	3.1742035685345005e+36	1.8023437217690387e+36	9.52910931200232e+35	6.157219170101474e+35	3.342116092704817e+35	8.510610478681875e+34	4.2047273441675e+34	1.5930166064609386e+34	1.1192430219625979e+36	5.392903099705023e+35	3.342116092704817e+35	2.2120993724231852e+35
2668.2624880312846	1.352981254592748e+39	9.776027797262409e+36	5.558986468825061e+36	2.942839213593595e+36	1.9028610905315614e+36	1.0337070738691674e+36	2.6356634807905363e+35	1.3027525702292106e+35	4.937925523640071e+34	3.455502370508631e+36	1.6669741079786306e+36	1.0337070738691674e+36	6.845063673602541e+35
2779.0048373494337	3.3941644879675645e+39	2.71272607927215e+37	1.5448030632783313e+37	8.188476680131743e+36	5.29850487776599e+36	2.880704507029607e+36	7.35438691262515e+35	3.636753908476519e+35	1.37910461146894e+35	9.612132089198786e+36	4.642578309460967e+36	2.880704507029607e+36	1.908430631383927e+36
2892.9395804375717	7.722471356035397e+39	6.836116435787315e+37	3.8989481466784727e+37	2.069515217115218e+37	1.3401275148713795e+37	7.29233306407512e+36	1.8642344399861037e+36	9.223042804545894e+35	3.499203872358482e+35	2.4285657968696253e+37	1.174467265010233e+37	7.29233306407512e+36	4.833401829101213e+36
3010.1328808239896	1.616942807515235e+40	1.5809209437990873e+38	9.030869064814722e+37	4.800105419255458e+37	3.1107155646603966e+37	1.6941854667653766e+37	4.336997169628378e+36	2.1467019793668436e+36	8.148565774396445e+35	5.6311184218556635e+37	2.7267495812631834e+37	1.6941854667653766e+37	1.12346347652914e+37
3130.652206930682	3.115979176280854e+40	3.3717543984741108e+38	1.9293086734978e+38	1.0269805106236063e+38	6.660782437220491e+37	3.631036496546655e+37	9.30873652754571e+36	4.6099417674989185e+36	1.7507845002240328e+36	1.2043696130765665e+38	5.8399102569339155e+37	3.631036496546655e+37	2.409093931200863e+37
3254.5663626396417	5.926983159206411e+40	6.804415409235122e+38	3.897404323783652e+38	2.0764522241870672e+38	1.3474056283911696e+38	7.349332599806334e+37	1.8857716274780096e+37	9.341737472496487e+36	3.5489689890343415e+36	2.434620151189084e+38	1.1815094345132614e+38	7.349332599806334e+37	4.877606916958325e+37
3381.945517887101	1.1150870584722572e+41	1.3041864265650752e+39	7.472474428807398e+38	3.982301372730975e+38	2.5845124409747514e+38	1.4099576893194754e+38	3.6188353927715463e+37	1.792875279516153e+37	6.811902191107347e+36	4.668906807829397e+38	2.2663967702299544e+38	1.4099576893194754e+38	9.358544082648494e+37
3512.8612405867084	1.7854579387650077e+41	2.2695953178226897e+39	1.3023150151868435e+39	6.949455614018112e+38	4.5134379220180825e+38	2.46429130239106e+38	6.3330334290322e+37	3.1389802430452376e+37	1.1931839826121355e+37	8.145216116740012e+38	3.958671833868213e+38	2.46429130239106e+38	1.6364123872345286e+38
3647.3865289815417	2.689285924513532e+41	3.7043977706846356e+39	2.1287677742441294e+39	1.1374384385734185e+39	7.392588404116968e+38	4.039594700922957e+38	1.0394737968403942e+38	5.154487162030078e+37	1.9602176713684491e+37	1.3327556796312902e+39	6.485197103924418e+38	4.039594700922957e+38	2.683716961770693e+38
3785.595845663632	3.6788462718645695e+41	5.613150458233721e+39	3.2319948088806734e+39	1.72989325946471e+39	1.1253855687064931e+39	6.156234076285816e+38	1.586817387991612e+38	7.873303982294205e+37	2.9959902629214656e+37	2.0261457873127028e+39	9.875068565095024e+38	6.156234076285816e+38	4.092385141535745e+38
3927.565151281669	4.696512068882699e+41	7.97191148374476e+39	4.6000142154321695e+39	2.466754464132763e+39	1.6064203233129056e+39	8.798090930195084e+38	2.2719702822170717e+38	1.1280125479966634e+38	4.295219623931462e+37	2.887954323155341e+39	1.4100038971303653e+39	8.798090930195084e+38	5.852427031676526e+38
4073.3719408051825	5.501932166078483e+41	1.0570287051673474e+40	6.115423130094921e+39	3.28696337923731e+39	2.1432862221333264e+39	1.1755461423079274e+39	3.042524259296166e+38	1.5117800052309813e+38	5.761180949999738e+37	3.846187164262763e+39	1.881875638225621e+39	1.1755461423079274e+39	7.825948194725423e+38
4223.095279152851	6.0524099604721144e+41	1.321620643181322e+40	7.668318064918459e+39	4.132052130915984e+39	2.6980834965447086e+39	1.482191512972563e+39	3.845650493856687e+38	1.9124898643855408e+38	7.2946695245479445e+37	4.832264797972961e+39	2.3698990878363364e+39	1.482191512972563e+39	9.87606510579765e+38
4376.815838898604	6.2180597527665224e+41	1.561404039741613e+40	9.090061856645473e+39	4.912555880949329e+39	3.2129101215577334e+39	1.768264465246606e+39	4.601016282698654e+38	2.2904294457728894e+38	8.745147341596593e+37	5.741182763682492e+39	2.8233389109291496e+39	1.768264465246606e+39	1.1794242057882304e+39
4534.615938188711	6.1369323196002216e+41	1.7687242532701834e+40	1.0333561006485738e+40	5.601882891137787e+39	3.6699779232247336e+39	2.0237326736395725e+39	5.281573497733079e+38	2.63197449166393e+38	1.005998224259026e+38	6.542163177776223e+39	3.226470857780295e+39	2.0237326736395725e+39	1.3512687426205252e+39
4696.5795819383475	5.826819472977798e+41	1.9341871399815715e+40	1.1344326300641347e+40	6.170735207786097e+39	4.050193327063117e+39	2.2381368862446284e+39	5.8603407128615114e+38	2.923738918959182e+38	1.118825205851104e+38	7.200921099063823e+39	3.56253411797853e+39	2.2381368862446284e+39	1.4961839813102327e+39
4862.792502044834	5.474012696308608e+41	2.0757304264014244e+40	1.2222447699073682e+40	6.671187710520771e+39	4.386897244795309e+39	2.4293808491172345e+39	6.382125391867857e+38	3.1877220565094486e+38	1.2212763294237774e+38	7.778850056684388e+39	3.860657228517714e+39	2.4293808491172345e+39	1.6259480833156054e+39
5033.342200055273	5.084079404738082e+41	2.1995953811122813e+40	1.300597369128764e+40	7.12466976036215e+39	4.694431555194002e+39	2.6055696993692858e+39	6.868910356537997e+38	3.4350278698140694e+38	1.3176550469512015e+38	8.300757307017954e+39	4.133522395390372e+39	2.6055696993692858e+39	1.7460475768609977e+39
5208.317990557364	4.986423910881991e+41	2.360720186764176e+40	1.4005348220321886e+40	7.694463958856917e+39	5.077957054317841e+39	2.823551650792011e+39	7.464430311361436e+38	3.7364764414293864e+38	1.434714466300081e+38	8.958670359779243e+39	4.4731503674111925e+39	2.823551650792011e+39	1.894018049434335e+39
5387.811045675029	6.337244616780989e+41	2.803775911527009e+40	1.6591247828216925e+40	9.094800047551407e+39	5.994757537232544e+39	3.3286900235611214e+39	8.78091266493644e+38	4.392177837374942e+38	1.685199052448912e+38	1.0594477309971998e+40	5.2790066498771144e+39	3.3286900235611214e+39	2.2311426349037027e+39
5571.914440799051	5.9188324019795144e+41	2.980779102723924e+40	1.771710439128969e+40	9.749456226808644e+39	6.439831774046805e+39	3.5843905447731206e+39	9.490369222566088e+38	4.753130711607013e+38	1.8260733024284404e+38	1.1347122533416164e+40	5.674170935684309e+39	3.5843905447731206e+39	2.4057074303398315e+39
5760.723201965725	6.0210574117505996e+41	3.276060852307976e+40	1.9527516194856396e+40	1.0772188720144378e+40	7.124966248214837e+39	3.9717948612469135e+39	1.054085705973911e+39	5.283565913263244e+38	2.0315468140493583e+38	1.2530428184978826e+40	6.280129278299158e+39	3.9717948612469135e+39	2.6679652514981757e+39
5954.33435542398	5.8871948869178945e+41	3.5565703437851058e+40	2.1284434665291559e+40	1.1782114757751685e+40	7.80771072460384e+39	4.361729343153124e+39	1.1613941290938206e+39	5.828103966407017e+38	2.243533182792709e+38	1.3694400171421779e+40	6.885432187429941e+39	4.361729343153124e+39	2.933359356208563e+39
6152.84697974184	5.745393731363294e+41	3.8542509787210904e+40	2.316695690067179e+40	1.2872866715316408e+40	8.548190832602531e+39	4.786599230324395e+39	1.2791238409395693e+39	6.4269137966793264e+38	2.477191510766881e+38	1.4949297853480943e+40	7.542653041449353e+39	4.786599230324395e+39	3.223254158480436e+39
6356.363699546238	5.619164890514341e+41	4.178511885894299e+40	2.5228960243742907e+40	1.407314917861761e+40	9.365035665009658e+39	5.256568958046902e+39	1.4098852772094783e+39	7.092932604782415e+38	2.7374392246164263e+38	1.6328776158848238e+40	8.268128273720891e+39	5.256568958046902e+39	3.54439736446096e+39
6564.99716297022	5.407932868339918e+41	4.482054376131915e+40	2.720356577708157e+40	1.524344805267243e+40	1.0168883932860733e+40	5.723728739650278e+39	1.541774538429975e+39	7.76794899056388e+38	3.0024734269521045e+38	1.7668461494636463e+40	8.983800230014672e+39	5.723728739650278e+39	3.865330604453487e+39
6778.863807457914	5.275372266728958e+41	4.822242788606385e+40	2.941380946602163e+40	1.655270621955488e+40	1.1068077573002399e+40	6.246299463586454e+39	1.689341843978676e+39	8.523310086619728e+38	3.2991028748842178e+38	1.9167342124572385e+40	9.784349546740032e+39	6.246299463586454e+39	4.224349717096002e+39
6998.07822757539	5.063349586265098e+41	5.1247908343312815e+40	3.143961253402361e+40	1.7780995548392526e+40	1.1921662491655076e+40	6.748673370874618e+39	1.8337961758549074e+39	9.267131361037721e+38	3.592917851695648e+38	2.0566379195981952e+40	1.0546634989179989e+40	6.748673370874618e+39	4.57180093140954e+39
7222.756250726111	4.9354050550238e+41	5.468232834536661e+40	3.372700972662758e+40	1.9163228158991595e+40	1.2880842640710611e+40	7.312434422579159e+39	1.9956486068991346e+39	1.0100190179605534e+39	3.921861251662446e+38	2.214182942657751e+40	1.1402923709285741e+40	7.312434422579159e+39	4.9614644643423707e+39
7453.017438176315	5.965427867256295e+41	6.352054029541457e+40	3.9109032320661557e+40	2.2188139959857508e+40	1.4902205147148696e+40	8.452451531728347e+39	2.3036974857750858e+39	1.165397167691807e+39	4.5231205754654905e+38	2.564551228935362e+40	1.318955168030992e+40	8.452451531728347e+39	5.732195970951598e+39
7688.984033123613	6.1796211773178586e+41	7.035907709288615e+40	4.341915322754845e+40	2.4680400404859276e+40	1.6592764029608037e+40	9.421789597881796e+39	2.572127649210156e+39	1.3019138232812738e+39	5.055781568145077e+38	2.851396662622981e+40	1.468974813390563e+40	9.421789597881796e+39	6.39340276881741e+39
7930.780183737892	5.964020420491187e+41	7.407783675891399e+40	4.598762010938892e+40	2.6275667498140105e+40	1.7715014259966735e+40	1.0091033375561856e+40	2.7682416584541995e+39	1.403526759273056e+39	5.4596427478973256e+38	3.0321434444907134e+40	1.5695172988339597e+40	1.0091033375561856e+40	6.859496611128846e+39
8178.532209860929	5.855333771209615e+41	7.876818135654328e+40	4.915669238602147e+40	2.8213553225905933e+40	1.906824064078566e+40	1.0891923722172043e+40	3.000548009051997e+39	1.5235095821996152e+39	5.9350530880611176e+38	3.2524352096125654e+40	1.69052535733038e+40	1.0891923722172043e+40	7.415132564523321e+39
8432.369354229102	5.780091177856287e+41	8.358607536354094e+40	5.244459485146594e+40	3.0240677922990265e+40	2.0489912641502556e+40	1.1737337294273435e+40	3.2475006115546296e+39	1.651358263718257e+39	6.442826828939119e+38	3.482449243002781e+40	1.8177998143936115e+40	1.1737337294273435e+40	8.003162116211096e+39
8692.423739150277	5.577052834293074e+41	8.767739285388878e+40	5.536693285190847e+40	3.210348756057895e+40	2.1817755225804443e+40	1.2540486813677678e+40	3.4877000936138223e+39	1.776649377067688e+39	6.944109993090066e+38	3.6923121884641643e+40	1.9371719185960463e+40	1.2540486813677678e+40	8.566722134841083e+39
8958.830007988458	5.454750337296838e+41	9.222734905582673e+40	5.860178529713322e+40	3.416135197035262e+40	2.328388128462883e+40	1.3427110757004375e+40	3.752959578107376e+39	1.9150495322714087e+39	7.498028885453e+38	3.924225577258856e+40	2.0689650632844858e+40	1.3427110757004375e+40	9.188885041695044e+39
9231.726066529489	5.2444226681461024e+41	9.611167328999438e+40	6.15066901150945e+40	3.607586337261344e+40	2.467099487924214e+40	1.4280574466014674e+40	4.014366167149009e+39	2.052450270384826e+39	8.051898703261474e+38	4.1383744444491317e+40	2.1941898826663305e+40	1.4280574466014674e+40	9.793082922299151e+39
9511.254877852029	5.102133172042837e+41	1.00298398244318e+41	6.463482128647563e+40	3.8140113443198707e+40	2.6168460121476045e+40	1.5203549805313559e+40	4.297968386628985e+39	2.2016975973338807e+39	8.654284349172698e+38	4.369176352310877e+40	2.3294293441742596e+40	1.5203549805313559e+40	1.0447201131540921e+40
9797.561134219828	5.94653254135867e+41	1.1496349907767396e+41	7.392889027522248e+40	4.3545288974448993e+40	2.9847733181760403e+40	1.7322104572887901e+40	4.88874984268285e+39	2.502918388121494e+39	9.832699832203314e+38	4.990422031140723e+40	2.656247044183425e+40	1.7322104572887901e+40	1.1895840696123326e+40
10090.787209588963	5.772046089841444e+41	1.2145620433335392e+41	7.860088822074242e+40	4.654300056112801e+40	3.1992220824471965e+40	1.8624434560909216e+40	5.2806084654940914e+39	2.7077370815868596e+39	1.0653859298409428e+39	5.32763768210471e+40	2.849220627270114e+40	1.8624434560909216e+40	1.2811676265153227e+40
10391.080081282791	5.909989843979197e+41	1.2959011893238067e+41	8.425059735156147e+40	5.008802294481256e+40	3.4504043729991753e+40	2.01361768952789e+40	5.730683662864742e+39	2.942305028278197e+39	1.1591857031115397e+39	5.728220202383129e+40	3.074727012432875e+40	2.01361768952789e+40	1.387030634661893e+40
10698.589602638964	5.698773598170462e+41	1.3420953207989328e+41	8.793491280163214e+40	5.262901236807479e+40	3.638578935975969e+40	2.1320669624163964e+40	6.105108266386425e+39	3.1411016579292496e+39	1.2401133299044701e+39	6.009708420864237e+40	3.2455614558208923e+40	2.1320669624163964e+40	1.471877289943778e+40
11013.467616984526	5.5974660339652456e+41	1.3974977613306799e+41	9.221483029530858e+40	5.553008260733993e+40	3.851981726422281e+40	2.265613006165711e+40	6.524645527644882e+39	3.363510059316651e+39	1.3305361749397894e+39	6.332151424708341e+40	3.4389997264713607e+40	2.265613006165711e+40	1.5672928172678737e+40
11336.404327314554	5.358456531218201e+41	1.4311501355440469e+41	9.526826117639438e+40	5.780671678612206e+40	4.026508283995753e+40	2.3792961366754314e+40	6.900448209969872e+39	3.565790641204834e+39	1.413970084668633e+39	6.580386296392057e+40	3.5988095510316723e+40	2.3792961366754314e+40	1.6501231841545368e+40
11667.40719452997	5.209492247584113e+41	1.4758528879501318e+41	9.904184543187955e+40	6.052048949735851e+40	4.2317106117613725e+40	2.5113637698625407e+40	7.331305325141753e+39	3.796908049669587e+39	1.509009489280356e+39	6.878302209387961e+40	3.7861145529265078e+40	2.5113637698625407e+40	1.7458340312911745e+40
12006.741669859408	5.0018064742377596e+41	1.50590510588701e+41	1.0199474910058686e+41	6.282821633815629e+40	4.412395072786753e+40	2.631585217452809e+40	7.740195450016781e+39	4.0189637203537356e+39	1.6013907177225475e+39	7.127521657330594e+40	3.9524407870530665e+40	2.631585217452809e+40	1.8343728634859288e+40
12354.237793554625	5.762562202130928e+41	1.7179805096889368e+41	1.1603074928055441e+41	7.129820509241523e+40	5.00051705933577e+40	2.977848036960896e+40	8.738738189856648e+39	4.5339405620045213e+39	1.8051895059116775e+39	8.092935972478087e+40	4.477639669230706e+40	2.977848036960896e+40	2.0740308953189023e+40
12710.2690773686	5.698446180935694e+41	1.810429844344493e+41	1.2311298782489677e+41	7.607542713699122e+40	5.351216478071366e+40	3.196896347046436e+40	9.425303351236421e+39	4.8976686142021275e+39	1.9529774435989125e+39	8.624418094623551e+40	4.7953749426805745e+40	3.196896347046436e+40	2.230394968668767e+40
13075.1160749198	5.603359453427917e+41	1.8511668078260265e+41	1.2695006184886277e+41	7.903917517106691e+40	5.582898614402512e+40	3.351160827998108e+40	9.952281905226548e+39	5.1844569929270094e+39	2.072568208085362e+39	8.944958882383524e+40	5.0086389392999265e+40	3.351160827998108e+40	2.3441427981108457e+40
13449.036396855949	5.425278790578539e+41	1.899380341907287e+41	1.314402404040265e+41	8.247305835995257e+40	5.849923690849121e+40	3.5279421509403946e+40	1.0551229591249411e+40	5.509542944758972e+39	2.2077751552924535e+39	9.317177863521947e+40	5.25409501886249e+40	3.5279421509403946e+40	2.474098301856174e+40
13832.486824702013	5.2930922797339325e+41	1.9342873974106816e+41	1.3508249803388399e+41	8.544689917399356e+40	6.087952374018935e+40	3.690118150200022e+40	1.1121885039704678e+40	5.822902344831367e+39	2.3395698386737018e+39	9.63528713130958e+40	5.474475189679687e+40	3.690118150200022e+40	2.5950405663238006e+40
14226.29524728003	5.078899972747804e+41	1.9561542459580088e+41	1.3800825632720057e+41	8.808045750542284e+40	6.306319912047664e+40	3.843615674532346e+40	1.1681854645696136e+40	6.133520970326142e+39	2.4714350393554522e+39	9.912065254467625e+40	5.678307343192223e+40	3.843615674532346e+40	2.7111608671980752e+40
14630.515008804496	5.097457325518631e+41	2.0251270213988376e+41	1.4389399044023385e+41	9.242479344448144e+40	6.6408834784137185e+40	4.063956218122134e+40	1.242871474771933e+40	6.539642471987775e+39	2.6407748867046683e+39	1.0385710329012544e+41	5.98531233308943e+40	4.063956218122134e+40	2.8730023791310764e+40
15045.202920045609	5.498694715670266e+41	2.2281672991828967e+41	1.5862656510132904e+41	1.0201386620808128e+41	7.333555095369362e+40	4.489742801360285e+40	1.3735932397239196e+40	7.227857770664708e+39	2.9187456200958055e+39	1.146041643195834e+41	6.61036270916567e+40	4.489742801360285e+40	3.1745491731792457e+40
15470.03857684166	5.5809865478001624e+41	2.3356013587687556e+41	1.6733351258407216e+41	1.0820775570970227e+41	7.802162850738229e+40	4.792753998813244e+40	1.4737734592941164e+40	7.768388718457592e+39	3.1424484014491204e+39	1.2141042785310418e+41	7.038425881125569e+40	4.792753998813244e+40	3.3950369973806676e+40
15905.476068065807	5.3191863747254374e+41	2.3273178761866162e+41	1.6875665888502532e+41	1.1029722562276965e+41	7.999604768098348e+40	4.946779090291386e+40	1.5365620131287788e+40	8.127199038368318e+39	3.298935460057698e+39	1.2345360762310072e+41	7.227977179496342e+40	4.946779090291386e+40	3.5169257739657504e+40
16352.00568069477	5.237855126666022e+41	2.3765671291242945e+41	1.7389312016137506e+41	1.1456763954395155e+41	8.346086928265657e+40	5.186967402627539e+40	1.6235462053418153e+40	8.609751468709859e+39	3.5040050868766666e+39	1.2799876526193686e+41	7.550044620629186e+40	5.186967402627539e+40	3.6978663032729776e+40
16809.80582618445	5.059071462086915e+41	2.3789422952035397e+41	1.760107435908282e+41	1.1712893133639202e+41	8.580385459811946e+40	5.366665076394135e+40	1.6963188289101026e+40	9.025903970698274e+39	3.685796312287051e+39	1.305593872551304e+41	7.773755166584235e+40	5.366665076394135e+40	3.8394620423454674e+40
17278.444026976475	4.9719501439030145e+41	2.4032066774493194e+41	1.7955078110085436e+41	1.2055805894038065e+41	8.876253563188873e+40	5.584100444556238e+40	1.7810682919553404e+40	9.506471608768889e+39	3.8942929409866267e+39	1.3410379855132225e+41	8.052889610222218e+40	5.584100444556238e+40	4.0079647102146246e+40
17757.617041978512	5.404157537196567e+41	2.6495474312881555e+41	1.9821941375426184e+41	1.3318992453540139e+41	9.808531735408552e+40	6.171329312017729e+40	1.9681922659071603e+40	1.0504216045205982e+40	4.302455186320163e+39	1.4813565762681738e+41	8.899058046172079e+40	6.171329312017729e+40	4.429463139435219e+40
18248.11651828752	5.300555106187856e+41	2.6987025352821063e+41	2.0416417459714694e+41	1.3848513215520596e+41	1.0249724479301792e+41	6.484610500949499e+40	2.084876917021785e+40	1.1156629403555405e+40	4.5817079614198945e+39	1.5369885065762795e+41	9.31172760307808e+40	6.484610500949499e+40	4.668105992779622e+40
18750.15178103277	5.256808663366956e+41	2.7233735720226698e+41	2.0782291307365865e+41	1.4214389047081946e+41	1.0571643266944248e+41	6.726652135946047e+40	2.18255913361679e+40	1.1717014110552822e+40	4.827639178775096e+39	1.574511175297899e+41	9.617084018786465e+40	6.726652135946047e+40	4.858057624355953e+40
19264.101597688288	5.1219670688514645e+41	2.7357139551122182e+41	2.111630348117146e+41	1.4589652694531197e+41	1.091141800618206e+41	6.986912257886795e+40	2.2889386536878444e+40	1.2328379037732793e+40	5.096196387006064e+39	1.6123429327274064e+41	9.941153504192657e+40	6.986912257886795e+40	5.06358087207888e+40
19790.176282929435	4.9918126040388996e+41	2.7297087837855143e+41	2.1308658267351248e+41	1.487497032558004e+41	1.1189675859108018e+41	7.213352894869331e+40	2.387942708136417e+40	1.2908127640665795e+40	5.355304343633084e+39	1.6399590032170615e+41	1.0210873562335375e+41	7.213352894869331e+40	5.247268182472363e+40
20328.3591310675	4.960695659752712e+41	2.7652540173454275e+41	2.178100676957263e+41	1.533170053136859e+41	1.1588323512808968e+41	7.5120879559568365e+40	2.508909649702093e+40	1.3604075577449107e+40	5.661802199598303e+39	1.6870402706020314e+41	1.058852550781152e+41	7.5120879559568365e+40	5.481760125580088e+40
20879.23735243141	5.2345373129047846e+41	2.96629512748081e+41	2.3501343668500396e+41	1.6616303729052595e+41	1.2585656366069007e+41	8.175312678245372e+40	2.73697501001643e+40	1.4849912392376505e+40	6.18354287965755e+39	1.8266618370109303e+41	1.150579881552265e+41	8.175312678245372e+40	5.97149703849475e+40
21443.04235298539	5.197464512675154e+41	2.9870432402697506e+41	2.389717732605276e+41	1.7050984655622025e+41	1.2982546526485051e+41	8.484582469223149e+40	2.867740465753996e+40	1.5610905004390905e+40	6.522119635002835e+39	1.870462350857203e+41	1.1885678302523705e+41	8.484582469223149e+40	6.218540282993885e+40
22019.483984193615	5.116285404877503e+41	2.996928570731607e+41	2.422694190425432e+41	1.745016325825821e+41	1.33577785539904e+41	8.784426940491514e+40	2.9985508427695406e+40	1.6379589235966495e+40	6.867360077701236e+39	1.910070594499085e+41	1.2247187139638959e+41	8.784426940491514e+40	6.460928363957732e+40
22609.677319285067	5.013982218735646e+41	2.9809084925980027e+41	2.438711326002506e+41	1.7759485755645626e+41	1.3679031352327447e+41	9.060041505456522e+40	3.126842558682375e+40	1.714476909998695e+40	7.215311638711105e+39	1.938991359919435e+41	1.2562935916997441e+41	9.060041505456522e+40	6.690028514632302e+40
23213.94887356551	4.8974348700130985e+41	2.954068836345083e+41	2.4448715962839558e+41	1.7994862855336402e+41	1.3944884648819236e+41	9.302114478121146e+40	3.2469507574591397e+40	1.7874315916860854e+40	7.552792870098511e+39	1.959830891580925e+41	1.2828557318914481e+41	9.302114478121146e+40	6.896424160602239e+40
23832.778170923983	5.043542154660286e+41	3.077400528930607e+41	2.567069938509936e+41	1.9022319421078833e+41	1.4794028508800502e+41	9.907188888004036e+40	3.4774399548841044e+40	1.9177085102845833e+40	8.117142451967416e+39	2.0685852030847235e+41	1.3622626512836883e+41	9.907188888004036e+40	7.360189912733298e+40
24466.604744514538	5.091817286869157e+41	3.1335285874725967e+41	2.6342173091420983e+41	1.966264175488091e+41	1.53572405661006e+41	1.0336611354742878e+41	3.658109311143662e+40	2.023240187692885e+40	8.589330815408043e+39	2.134557858836994e+41	1.4157991854281972e+41	1.0336611354742878e+41	7.7014865422706895e+40
25114.984683846607	5.069185989733096e+41	3.1488675676920702e+41	2.6770627937848e+41	2.018740588607107e+41	1.585712040545612e+41	1.0742617292239067e+41	3.8396708253223384e+40	2.1308070247350715e+40	9.076334256797554e+39	2.1863804851064393e+41	1.4641435325143712e+41	1.0742617292239067e+41	8.032664179304353e+40
25778.685589580306	4.972562714034786e+41	3.110998395474534e+41	2.676696334443854e+41	2.0410183152569305e+41	1.613452123595275e+41	1.101237523280296e+41	3.983055959382582e+40	2.2195985985089454e+40	9.494531909167298e+39	2.204790455693197e+41	1.4923717399354723e+41	1.101237523280296e+41	8.269099672755537e+40
26457.76554103549	4.8822328875165e+41	3.066683832698162e+41	2.6664564989312144e+41	2.0541605580352024e+41	1.6338098873037253e+41	1.1234245923286901e+41	4.1135875610631254e+40	2.302567610800304e+40	9.89460300546311e+39	2.213587071495826e+41	1.5138011391390507e+41	1.1234245923286901e+41	8.471997252317159e+40
27152.333419512684	4.898189913437068e+41	3.0933793860019356e+41	2.7230183330334097e+41	2.1211940219776475e+41	1.6974268863418412e+41	1.1750844470561072e+41	4.344983238692115e+40	2.439703174456614e+40	1.0515516940158789e+40	2.2800147261533993e+41	1.5753079892376495e+41	1.1750844470561072e+41	8.893626640621615e+40
27863.239011899772	5.025264205598215e+41	3.1892243839499344e+41	2.8243847521942272e+41	2.2120724305131767e+41	1.7756740950119834e+41	1.233880087237611e+41	4.591565884113727e+40	2.5843012312007795e+40	1.1166520683029124e+40	2.3747127508229484e+41	1.6493607256676307e+41	1.233880087237611e+41	9.35916649038093e+40
28590.771369128637	5.0063202735757675e+41	3.184883641418084e+41	2.8508895601332926e+41	2.255229294419739e+41	1.820751829467423e+41	1.273781141240863e+41	4.791361401774783e+40	2.706939112068925e+40	1.1741043251210158e+40	2.415404089807331e+41	1.6939171643545962e+41	1.273781141240863e+41	9.69880256830354e+40
29335.25134631261	4.9310373248292444e+41	3.1278003457151155e+41	2.8322966413445125e+41	2.266250478621777e+41	1.8420746803143404e+41	1.2991487943187439e+41	4.951056542866524e+40	2.810128546718356e+40	1.2246001317639348e+40	2.420637353265141e+41	1.7169902582041865e+41	1.2991487943187439e+41	9.93767348768941e+40
30097.089418591277	4.882467020545811e+41	3.0894913849218528e+41	2.8243654161160047e+41	2.28114736859514e+41	1.864684076319687e+41	1.3242599799156584e+41	5.107306964162562e+40	2.9117815357765603e+40	1.2748334485142176e+40	2.4311147768646077e+41	1.7408453209024034e+41	1.3242599799156584e+41	1.01713753358127e+41
30876.801401201654	4.932653278147393e+41	3.1113818088553746e+41	2.875846922160073e+41	2.347407074497424e+41	1.9304767870343034e+41	1.3804941474825036e+41	5.379293024615167e+40	3.077114069596899e+40	1.3515708032881914e+40	2.495553804988786e+41	1.805237910172511e+41	1.3804941474825036e+41	1.0643348127627623e+41
31674.514965871385	5.1021342223973054e+41	3.211717664927802e+41	2.9810308271559414e+41	2.4429987360161717e+41	2.0140129287460894e+41	1.4447603060884189e+41	5.663132380019274e+40	3.24730900247728e+40	1.430093855070371e+40	2.5947025351367624e+41	1.8846872337878387e+41	1.4447603060884189e+41	1.1160576471316402e+41
32491.174342489787	5.2207126236916945e+41	3.2565933134778972e+41	3.0402485941635077e+41	2.5082132559840453e+41	2.0767833130274887e+41	1.4980214380980371e+41	5.927701607834669e+40	3.4107264564396307e+40	1.507338877890547e+40	2.6595408182933166e+41	1.945872765296663e+41	1.4980214380980371e+41	1.1609984674782598e+41
33326.86305987146	5.377493621582799e+41	3.3077373501038618e+41	3.097705478992173e+41	2.5679987681120016e+41	2.1337865624474084e+41	1.5464982221604596e+41	6.1744835322596905e+40	3.5652086196314613e+40	1.5815014248059126e+40	2.71944941971949e+41	2.001403727157034e+41	1.5464982221604596e+41	1.2021535537896091e+41
34182.41852860338	5.656273013569412e+41	3.4270547719924834e+41	3.2042146595610996e+41	2.6575273599088918e+41	2.2107981028110365e+41	1.6060324996599527e+41	6.450319533709132e+40	3.7347643099015343e+40	1.6619224998132213e+40	2.8134544793821533e+41	2.0745754440040133e+41	1.6060324996599527e+41	1.2506552344236667e+41
35057.633699939826	6.2696587861931954e+41	3.74842406043945e+41	3.493376722720936e+41	2.8922795766495754e+41	2.4046154250804917e+41	1.7459800514057214e+41	7.008438471928127e+40	4.0570946635966965e+40	1.8049441069779108e+40	3.062963537793488e+41	2.2561512503465617e+41	1.7459800514057214e+41	1.3593475957340804e+41
35953.39291692124	7.092608302552586e+41	4.155852545607012e+41	3.8290825153575825e+41	3.145027477488223e+41	2.605901351820351e+41	1.886685940573776e+41	7.555729362907996e+40	4.3729510556345625e+40	1.9455519914673117e+40	3.3360470008375627e+41	2.443097931359147e+41	1.886685940573776e+41	1.4672411760579295e+41
36870.29191800668	8.210100314174866e+41	4.703913275676625e+41	4.276494501864838e+41	3.4750875959498237e+41	2.8640357008732566e+41	2.062353728903584e+41	8.206210081677195e+40	4.742184476049729e+40	2.1074529707109056e+40	3.694806664356225e+41	2.681453916130548e+41	2.062353728903584e+41	1.5996626728320814e+41
37808.672837628495	9.642472451782297e+41	5.369487585058716e+41	4.807833390931078e+41	3.860409742359668e+41	3.1630731559640482e+41	2.2644114971965936e+41	8.947724048228016e+40	5.161675593189379e+40	2.2906548340992427e+40	4.115140970943393e+41	2.957068849672308e+41	2.2644114971965936e+41	1.7514707777304878e+41
38768.85011436701	1.1486627893553652e+42	6.203585868877784e+41	5.45978422631635e+41	4.322610184060898e+41	3.5168827550210455e+41	2.4996439187118985e+41	9.790277156761995e+40	5.634715253576008e+40	2.4958050557454037e+40	4.622104684634501e+41	3.2819243698228724e+41	2.4996439187118985e+41	1.9266324251518664e+41
39751.71237317601	1.4380849560301333e+42	7.603882418888494e+41	6.587402537484297e+41	5.137753844635173e+41	4.143624712185541e+41	2.9145786438684395e+41	1.1224557611269235e+41	6.421790468459483e+40	2.8273138721352004e+40	5.513138966963337e+41	3.857391102584709e+41	2.9145786438684395e+41	2.233126337942644e+41
40757.96851390942	1.7710775727957368e+42	9.06279525371887e+41	7.733448701787098e+41	5.951948213730093e+41	4.7653904027416084e+41	3.324398471714251e+41	1.2643797609461438e+41	7.203168177815402e+40	3.157930957521321e+40	6.4062313337921716e+41	4.427487393430536e+41	3.324398471714251e+41	2.5356514910018043e+41
41788.02897702622	2.1608690451936852e+42	1.0662111350296902e+42	8.954623641963161e+41	6.799271718590882e+41	5.405197890999836e+41	3.7417484125136126e+41	1.4076519586603613e+41	7.991704813505329e+40	3.4920350262178756e+40	7.34043201985624e+41	5.012521841449084e+41	3.7417484125136126e+41	2.8424129269456703e+41
42842.31484534125	2.6150172540521452e+42	1.2468854448251905e+42	1.0329122490273354e+42	7.746498644468926e+41	6.1163350827507975e+41	4.201853956498631e+41	1.5634460415869796e+41	8.845646443353516e+40	3.852649934587072e+40	8.386822533140659e+41	5.6616075508100145e+41	4.201853956498631e+41	3.1789224309288745e+41
43921.617590809445	3.2247475265765586e+42	1.5031222351613218e+42	1.2313727580423317e+42	9.133766288252799e+41	7.16404588622063e+41	4.88190771380983e+41	1.7915467402151583e+41	1.0083897988164292e+41	4.368216759117456e+40	9.91476663510795e+41	6.619037604766319e+41	4.88190771380983e+41	3.6758810123109306e+41
45026.5152773693	3.8949747752871916e+42	1.7548329846094253e+42	1.4222074827582663e+42	1.0449878284515732e+42	8.15335452600469e+41	5.522489143702522e+41	2.0072641886171017e+41	1.1259688225183287e+41	4.860583436684387e+40	1.136805284399115e+42	7.522300651431117e+41	5.522489143702522e+41	4.1441001873269354e+41
46157.55966479739	4.6218662255447063e+42	2.014894856759685e+42	1.614818186505428e+42	1.1749667270894733e+42	9.119674143848963e+41	6.141844104217154e+41	2.214467238651819e+41	1.2390661661124969e+41	5.335956925567278e+40	1.2810343600550545e+42	8.40218786093124e+41	6.141844104217154e+41	4.595036577992063e+41
47315.656673733865	5.397492146847609e+42	2.284420298029272e+42	1.815496438197646e+42	1.310870371843671e+42	1.0130747215098213e+42	6.789500509407949e+41	2.4305548955583314e+41	1.3569348812981662e+41	5.831362969619179e+40	1.4317480466750756e+42	9.322818487654878e+41	6.789500509407949e+41	5.066171555233296e+41
48501.46782065601	6.365609889716942e+42	2.6411746047361313e+42	2.0789786420191246e+42	1.4870273835650788e+42	1.1429528547548675e+42	7.611733054949146e+41	2.6989902243267364e+41	1.5020614184837408e+41	6.43532633224375e+40	1.627759323062369e+42	1.0502290307265085e+42	7.611733054949146e+41	5.660001465751539e+41
49715.67897838772	7.37707229505915e+42	2.9868594402771275e+42	2.3450369817306725e+42	1.6737449018277942e+42	1.2846738548243947e+42	8.538079510478418e+41	3.0131051484759943e+41	1.673131454189222e+41	7.149631601727748e+40	1.8330888535085727e+42	1.1799422643562206e+42	8.538079510478418e+41	6.339688140739806e+41
50958.96746790935	8.376609328662911e+42	3.3017642288680786e+42	2.5755365187531425e+42	1.8284660336695878e+42	1.399692182748931e+42	9.277531009747344e+41	3.26343351837689e+41	1.810575255942647e+41	7.73117094123891e+40	2.004890153608298e+42	1.2847152069607977e+42	9.277531009747344e+41	6.879820242309136e+41
52232.20673042347	9.372959515846287e+42	3.611198198072509e+42	2.803184386263707e+42	1.981862776481693e+42	1.5138893509348713e+42	1.0012446067109644e+42	3.5127293535896725e+41	1.9476986070974377e+41	8.313078993855023e+40	2.1750917724181386e+42	1.3887703339831782e+42	1.0012446067109644e+42	7.416890176810769e+41
53536.27457709577	1.062634688018302e+43	4.0324225271084806e+42	3.108941164225655e+42	2.183860293116745e+42	1.6621622420666336e+42	1.0949004615600404e+42	3.820035933027436e+41	2.11466425095052e+41	9.012771076152902e+40	2.4003835469676184e+42	1.5233091742167575e+42	1.0949004615600404e+42	8.09357035098785e+41
54871.704436121065	1.1818357194678043e+43	4.4355536885166484e+42	3.421016600303486e+42	2.4032874635765688e+42	1.8286562822282715e+42	1.2036059712283419e+42	4.188526956776882e+41	2.3156724614948623e+41	9.854864925295993e+40	2.641649695689407e+42	1.6756628690829227e+42	1.2036059712283419e+42	8.89070583549851e+41
56239.71291612297	1.2869133808110994e+43	4.748519176455876e+42	3.655508876440798e+42	2.5655025052919275e+42	1.9517867198735312e+42	1.2849411701860418e+42	4.4766599162911865e+41	2.4762953929116878e+41	1.0544275505756668e+41	2.820380383571605e+42	1.7885170258403705e+42	1.2849411701860418e+42	9.49445378671346e+41
57641.20291639422	1.3840629827544956e+43	5.027528171059684e+42	3.861612864501043e+42	2.7065865857156683e+42	2.0584299406685642e+42	1.3552269554831433e+42	4.727439711878178e+41	2.6171595648622607e+41	1.1155760891667973e+41	2.976161055007223e+42	1.886178639196403e+42	1.3552269554831433e+42	1.0016503204942727e+42
59076.7667347912	1.515140688314962e+43	5.452658454775798e+42	4.1709791405587963e+42	2.9112356933280456e+42	2.2088252088900036e+42	1.4505570889713935e+42	5.045497730390851e+41	2.7918589641105866e+41	1.1898411465734516e+41	3.204342921162307e+42	2.0227173337054006e+42	1.4505570889713935e+42	1.0707974736661846e+42
60547.68686008778	1.6252768802325852e+43	5.826809398103574e+42	4.464772379159214e+42	3.120969323932871e+42	2.369503054050186e+42	1.556792485475005e+42	5.41514103122407e+41	2.9960109976831383e+41	1.2766685694823676e+41	3.434096972985478e+42	2.1701615817224183e+42	1.556792485475005e+42	1.1493339317521939e+42
62054.942444151544	1.7109322535744927e+43	6.083723702641949e+42	4.665809246635424e+42	3.2674572365905315e+42	2.484549806213791e+42	1.636068998995727e+42	5.715605927031071e+41	3.1673525140116583e+41	1.3518597225209307e+41	3.593406060228075e+42	2.2766425509029482e+42	1.636068998995727e+42	1.2096235282785696e+42
63599.31106241777	1.817380230732604e+43	6.403981804106476e+42	4.897477899584586e+42	3.423070675009395e+42	2.6012660108860376e+42	1.712723836503635e+42	5.9923943934059805e+41	3.3243714874271987e+41	1.4209034926944208e+41	3.765918395877667e+42	2.3833735907643203e+42	1.712723836503635e+42	1.2666465658043943e+42
65182.1175821609	1.9055626940628452e+43	6.757086313063067e+42	5.169757649359481e+42	3.611778796110137e+42	2.7433490279247098e+42	1.8052675385972278e+42	6.3153992956293696e+41	3.505004719180051e+41	1.4992447436421876e+41	3.9741671818868457e+42	2.5132021903115806e+42	1.8052675385972278e+42	1.3348129848619389e+42
66804.50561348835	1.9604925777330489e+43	6.962316537235702e+42	5.353924425078111e+42	3.75982581932609e+42	2.8642204308118377e+42	1.890969658780487e+42	6.645795960659146e+41	3.6938900738466274e+41	1.5824251880556195e+41	4.13204406466628e+42	2.6260067830965124e+42	1.890969658780487e+42	1.4005835043062667e+42
68467.31690505856	2.021258262640183e+43	7.133267594963411e+42	5.486789817530118e+42	3.859790291210982e+42	2.9457131057840034e+42	1.950532365499967e+42	6.8992412693808815e+41	3.844892937315763e+41	1.6517393318808371e+41	4.239541014964673e+42	2.702381704423451e+42	1.950532365499967e+42	1.4476719121522844e+42
70171.97972458466	2.0664890150426316e+43	7.375289352966568e+42	5.673984405036258e+42	3.9909942929336824e+42	3.0459530217978254e+42	2.0177121644561746e+42	7.152823964294443e+41	3.992177336405344e+41	1.718437742871111e+41	4.3837609860508656e+42	2.7944793158519794e+42	2.0177121644561746e+42	1.4982967402877772e+42
71919.5326161	2.0757938714073358e+43	7.49503675536607e+42	5.796724468977944e+42	4.0948707675774926e+42	3.1321269133949947e+42	2.0799423058815916e+42	7.405846579513553e+41	4.14137459582522e+41	1.7867573783828527e+41	4.4936141800360974e+42	2.875222549299512e+42	2.0799423058815916e+42	1.5467298574917826e+42
73711.43354036784	2.0794304343807196e+43	7.535934246429477e+42	5.855741213528316e+42	4.160464845187811e+42	3.1945931909005364e+42	2.131903458051051e+42	7.65562662504905e+41	4.294445817389094e+41	1.858785822310164e+41	4.5589383090266404e+42	2.9358587492311614e+42	2.131903458051051e+42	1.5900316660669274e+42
75549.03368605573	2.063339073215348e+43	7.586706442031536e+42	5.908767091368087e+42	4.20785584947908e+42	3.236409345123025e+42	2.165347518316158e+42	7.823504489454872e+41	4.401595020804731e+41	1.9118288421526516e+41	4.6081479749255535e+42	2.9758800775278554e+42	2.165347518316158e+42	1.617941490669782e+42
77433.48377305605	2.016844975272695e+43	7.538980428016611e+42	5.912832758918861e+42	4.2354794450750944e+42	3.267856576358332e+42	2.1943116944675972e+42	7.980034110767949e+41	4.502590093760895e+41	1.962411805804273e+41	4.6323183641988696e+42	3.007341127145424e+42	2.1943116944675972e+42	1.643082107290667e+42
79366.41449176444	1.9565377690628254e+43	7.403189555215757e+42	5.84740115189322e+42	4.222010770113416e+42	3.274007309577196e+42	2.2122183598736536e+42	8.128702823533895e+41	4.603926141807776e+41	2.0147566130053787e+41	4.608531352343872e+42	3.017356399240961e+42	2.2122183598736536e+42	1.6624905528339117e+42
81349.29335588629	1.8764460909286614e+43	7.247697107128322e+42	5.755556223271753e+42	4.175727614500893e+42	3.248168117244756e+42	2.2044751601926558e+42	8.180690204444103e+41	4.6543484145332136e+41	2.0473826866271465e+41	4.55274208180617e+42	2.9963763888609535e+42	2.2044751601926558e+42	1.6617170805652612e+42
83383.48481893269	1.7791334419259613e+43	6.962729370269431e+42	5.589274125766529e+42	4.0944649484231005e+42	3.201902368779079e+42	2.1864385716328267e+42	8.199638794041209e+41	4.685510633917067e+41	2.071511163662605e+41	4.4543112297327763e+42	2.957957491124053e+42	2.1864385716328267e+42	1.653964796059309e+42
85470.771142564	1.677545454758442e+43	6.649930272204948e+42	5.382844093119967e+42	3.9800976680444333e+42	3.1315800587916194e+42	2.1554393865358028e+42	8.200231372739558e+41	4.712241218428154e+41	2.0960294831749267e+41	4.3198521928446257e+42	2.8981774993471835e+42	2.1554393865358028e+42	1.6384217061003373e+42
87612.8218428446	1.567967852088323e+43	6.292999945747551e+42	5.139936116422538e+42	3.832269580398046e+42	3.0301443514622505e+42	2.0985855348678647e+42	8.082656737108574e+41	4.671084535117615e+41	2.0919084569555635e+41	4.151279217969044e+42	2.808235188039292e+42	2.0985855348678647e+42	1.6014180510904176e+42
89811.25749685492	1.4580942390327595e+43	5.860185733760933e+42	4.8400718282884574e+42	3.65033717773926e+42	2.906330877504492e+42	2.0297321308480056e+42	7.93077821132441e+41	4.610362481331461e+41	2.07896036671592e+41	3.9433401345417274e+42	2.6987202751104195e+42	2.0297321308480056e+42	1.556446941925113e+42
92068.03795879126	1.352358936159275e+43	5.503073057647653e+42	4.583063426461037e+42	3.4859172044008945e+42	2.79100887295668e+42	1.9642235678507563e+42	7.795031137915589e+41	4.561377112189434e+41	2.07218442449308e+41	3.7578546830297905e+42	2.5960024549497998e+42	1.9642235678507563e+42	1.513774396632691e+42
94384.96998706776	1.2522019207841356e+43	5.0674714771267765e+42	4.2641536895918836e+42	3.2795263905615385e+42	2.644342688195884e+42	1.8779454021045106e+42	7.58059446310566e+41	4.467677853595076e+41	2.0463255619234258e+41	3.5257736245947145e+42	2.4646190655861405e+42	1.8779454021045106e+42	1.455409289576983e+42
96764.1395399973	1.158605330527575e+43	4.660639838113596e+42	3.961293122217073e+42	3.0804195158598675e+42	2.5012834222759828e+42	1.7923691351375294e+42	7.359907040854077e+41	4.369527034348116e+41	2.018407936076907e+41	3.302757174768658e+42	2.3360157766735987e+42	1.7923691351375294e+42	1.3968419748277074e+42
99207.62460502758	1.0752099708512572e+43	4.3192385817990076e+42	3.6986463519113867e+42	2.90024441287813e+42	2.3678707723321586e+42	1.7090022164509976e+42	7.121645202329437e+41	4.2579161237541154e+41	1.9840473693418807e+41	3.10314147401408e+42	2.2149653982215443e+42	1.7090022164509976e+42	1.3380068201328039e+42
101717.53483383503	1.0011093007369953e+43	3.9738796733571554e+42	3.427898358604932e+42	2.7112776050931063e+42	2.2261589358218762e+42	1.618639005399984e+42	6.846759480263382e+41	4.123110777523754e+41	1.9387588982327297e+41	2.894705812048109e+42	2.085853981187547e+42	1.618639005399984e+42	1.2732152467329045e+42
104296.20426754667	9.349213688337026e+42	3.686071791482595e+42	3.191131106989009e+42	2.5385473975385786e+42	2.0940508477516785e+42	1.533216181606731e+42	6.5858302107511e+41	3.995258373991515e+41	1.896185373978099e+41	2.7059869260496955e+42	1.9649809161453348e+42	1.533216181606731e+42	1.2117650577344198e+42
106946.00358787003	8.753957219244309e+42	3.4554138381177714e+42	3.00995362530279e+42	2.4086338241610203e+42	1.993831968853313e+42	1.466257342652982e+42	6.354779896705768e+41	3.872922659104997e+41	1.850201399568483e+41	2.5639361996875965e+42	1.872796166489989e+42	1.466257342652982e+42	1.1620546845749584e+42
109669.36868770268	8.243503640446166e+42	3.2189271430136124e+42	2.824428837390891e+42	2.2814359003371893e+42	1.9003456427851504e+42	1.4086682096168396e+42	6.193429006969639e+41	3.796765794466098e+41	1.8264229344201076e+41	2.422786988970169e+42	1.788215715016489e+42	1.4086682096168396e+42	1.1217969997370537e+42
112468.93241802821	7.762939550159578e+42	3.028581808720916e+42	2.6671161675740536e+42	2.1661900686866154e+42	1.8126018465466714e+42	1.3532401171775957e+42	6.04497472882804e+41	3.730999244171201e+41	1.8083302396827097e+41	2.296901591951585e+42	1.7081921142034332e+42	1.3532401171775957e+42	1.0830505537700855e+42
115347.37166159041	7.318644904267821e+42	2.825561645788792e+42	2.5008212874878996e+42	2.0444669530223314e+42	1.7179720807318047e+42	1.289557083286674e+42	5.830602828385104e+41	3.6222368479587615e+41	1.7705721376409966e+41	2.1642961228577042e+42	1.6209783812184084e+42	1.289557083286674e+42	1.0357515712002785e+42
118307.5506763611	6.925198259212231e+42	2.6677166161989146e+42	2.3751028253386345e+42	1.9566884030892015e+42	1.6526150868637635e+42	1.2482030407171569e+42	5.699031699423853e+41	3.5548759463303245e+41	1.747282347861986e+41	2.0673267677429148e+42	1.561574279364307e+42	1.2482030407171569e+42	1.0059995079645297e+42
121352.43383181022	6.536938375008124e+42	2.518950837830998e+42	2.2492285306685218e+42	1.8631610061570288e+42	1.58073209059787e+42	1.2020243547595256e+42	5.5724441274923646e+41	3.5006142545509245e+41	1.7348316865803505e+41	1.9654893323806148e+42	1.4957995141470164e+42	1.2020243547595256e+42	9.733247622295558e+41
124485.10248781308	6.174543128167826e+42	2.3808747892601603e+42	2.134318549205006e+42	1.7780590569985056e+42	1.514764200566282e+42	1.1582974855492838e+42	5.4302931958057144e+41	3.431006081601047e+41	1.714151411006523e+41	1.8728999661934447e+42	1.435153841951779e+42	1.1582974855492838e+42	9.412265554097559e+41
127708.82655152716	5.819318804801392e+42	2.254118837774663e+42	2.0278830926363894e+42	1.6964387793511324e+42	1.4494203447182884e+42	1.1129205549949128e+42	5.266643572361713e+41	3.3439750011300797e+41	1.6824343326372926e+41	1.785039310734317e+42	1.374464927110729e+42	1.1129205549949128e+42	9.069113398557433e+41
131027.00948891108	5.483851887572237e+42	2.124552059990923e+42	1.9207847782126513e+42	1.6211076452457183e+42	1.3944041495385065e+42	1.0802011863907707e+42	5.18517666929371e+41	3.3088081150397152e+41	1.6749501292809092e+41	1.701657168107854e+42	1.3249581584531563e+42	1.0802011863907707e+42	8.847938908949756e+41
134443.2048361628	5.164600622981167e+42	2.007816839685788e+42	1.8207625165818403e+42	1.5447581400647793e+42	1.3345651244133517e+42	1.0407574999037513e+42	5.067113179236797e+41	3.2527770045467557e+41	1.6583117202064289e+41	1.61912694834536e+42	1.2698902939704435e+42	1.0407574999037513e+42	8.563649648533583e+41
137961.1676031424	4.852349837397322e+42	1.901234182290465e+42	1.7306768461880778e+42	1.4745230287343226e+42	1.2773579497412743e+42	9.99991342366538e+41	4.914543647187534e+41	3.1696300483497893e+41	1.6255296893665176e+41	1.5439202504032744e+42	1.2164540600953632e+42	9.99991342366538e+41	8.250882091604088e+41
141584.82286120468	4.5545964702389206e+42	1.7973193308201155e+42	1.643670654067989e+42	1.4106758102705844e+42	1.228764995432765e+42	9.69070903932068e+41	4.8255320317657604e+41	3.1274497287683552e+41	1.6122543451475502e+41	1.474157432504261e+42	1.1721124133081323e+42	9.69070903932068e+41	8.031842099284712e+41
145318.2819318442	4.272828090114986e+42	1.6923118177688145e+42	1.5499318023938484e+42	1.3366417391586755e+42	1.1698220086192143e+42	9.298491650920552e+41	4.717999757759116e+41	3.0839317078925794e+41	1.6044585896475524e+41	1.3947159666455583e+42	1.1176817518998484e+42	9.298491650920552e+41	7.750814699924064e+41
149165.88230234676	3.99731070409787e+42	1.6001597224662345e+42	1.4717416890488218e+42	1.2747924593393413e+42	1.1185483572919668e+42	8.920646080703806e+41	4.5693357549996795e+41	3.005687346823892e+41	1.5777358266833255e+41	1.3288079275527692e+42	1.069471223448694e+42	8.920646080703806e+41	7.453972778513357e+41
153132.17280653468	3.7358253912379284e+42	1.5097801980907678e+42	1.3955723693821556e+42	1.2179673801780016e+42	1.074602773171584e+42	8.629976691070893e+41	4.4659839479221865e+41	2.9486690470422333e+41	1.555882155691669e+41	1.2670102950026545e+42	1.0291161453548484e+42	8.629976691070893e+41	7.238715056256254e+41
157221.93099443734	3.488567243399027e+42	1.4174788229135867e+42	1.315544847412994e+42	1.1563913161398746e+42	1.0263941666775024e+42	8.31498434388178e+41	4.375759047791162e+41	2.907752237551062e+41	1.5450761892413285e+41	1.2005124344696478e+42	9.848076427731993e+41	8.31498434388178e+41	7.013843385891719e+41
161440.19660125638	3.2499821882568034e+42	1.3338238814872168e+42	1.2429011721731864e+42	1.0982879648657205e+42	9.784759989592663e+41	7.968126777052534e+41	4.244551402625411e+41	2.839331802574306e+41	1.5221445834827033e+41	1.1386329751516937e+42	9.398935809604865e+41	7.968126777052534e+41	6.745152503002518e+41
165792.26940158912	3.0242104089483674e+42	1.2557554324096881e+42	1.1740067185801449e+42	1.0422999898514475e+42	9.323805997887482e+41	7.641052766865467e+41	4.1276226797273714e+41	2.7791079625898325e+41	1.5023724143137553e+41	1.079145214943455e+42	8.96809953064477e+41	7.641052766865467e+41	6.496641307488079e+41
170283.72922064792	2.8083647098968294e+42	1.171064370304175e+42	1.1011667553923287e+42	9.86669850952845e+41	8.889060541758473e+41	7.354393882433068e+41	4.03558420012862e+41	2.7317942715580374e+41	1.4861657038416885e+41	1.0189730122944583e+42	8.568303776857439e+41	7.354393882433068e+41	6.28820737488194e+41
174920.46649698642	2.6067408143920336e+42	1.0950358517011852e+42	1.0346810797765396e+42	9.335398517288595e+41	8.457467153260252e+41	7.054005147542768e+41	3.932322570958306e+41	2.678983525783579e+41	1.468280616651116e+41	9.622573427235513e+41	8.16658994564641e+41	7.054005147542768e+41	6.062900397690424e+41
179708.70302923443	2.4131024689575227e+42	1.0195588305105508e+42	9.69870958659967e+41	8.83168176647503e+41	8.058067411381358e+41	6.786158041288097e+41	3.842521805697887e+41	2.6298558452162495e+41	1.4484073462423351e+41	9.080603089030848e+41	7.797791450807632e+41	6.786158041288097e+41	5.866313876128871e+41
184654.991324278	2.2335817189204066e+42	9.49593255385261e+41	9.073848688574628e+41	8.312323431484785e+41	7.623651704128318e+41	6.4725200096067e+41	3.729071004384252e+41	2.570338735477328e+41	1.4264056882413035e+41	8.532097577358398e+41	7.38997744888623e+41	6.4725200096067e+41	5.626396040412558e+41
189766.25796246217	2.0623798725134034e+42	8.8053470511685e+41	8.464745645754464e+41	7.817138286191476e+41	7.216810051358813e+41	6.1852657404138855e+41	3.627786998179648e+41	2.517915419804287e+41	1.4077044277225043e+41	8.005827832129484e+41	7.010075932079601e+41	6.1852657404138855e+41	5.40900279306882e+41
195049.8232858297	1.9024914116834226e+42	8.14987391006217e+41	7.882280574760337e+41	7.329501785891983e+41	6.806238203246769e+41	5.8874568675505285e+41	3.524925271434834e+41	2.4680590980275542e+41	1.391992412365086e+41	7.492092100212013e+41	6.624016183486323e+41	5.8874568675505285e+41	5.181857268996912e+41
200513.4310600105	1.7508464086154527e+42	7.494356058878512e+41	7.30490270408249e+41	6.859638362583976e+41	6.422149438064349e+41	5.620860069161157e+41	3.4339931528733332e+41	2.420890459424093e+41	1.3746590436933475e+41	6.992574136606355e+41	6.2663853534655775e+41	5.620860069161157e+41	4.9828839631176666e+41
206165.27873907704	1.609961511135232e+42	6.8672692805475836e+41	6.731605571355204e+41	6.366692530312453e+41	6.0045797890463834e+41	5.3224493620360705e+41	3.346470748611673e+41	2.3876577908630388e+41	1.3721417614266432e+41	6.4759356123647945e+41	5.874061157728513e+41	5.3224493620360705e+41	4.7613562972946335e+41
212014.0540300388	1.4781884385677117e+42	6.299645066276263e+41	6.2283581417843835e+41	5.93302141830223e+41	5.626828111774877e+41	5.0315109339994525e+41	3.2227135926433786e+41	2.318207348936452e+41	1.3458565207672908e+41	6.023648171387103e+41	5.514641962706308e+41	5.0315109339994525e+41	4.528032195107281e+41
218068.96754832118	1.3542374806257343e+42	5.740973912800673e+41	5.731067311887619e+41	5.5055165382960995e+41	5.259079063124918e+41	4.7577634669855994e+41	3.1143639017980014e+41	2.2565046537610404e+41	1.3202161653702614e+41	5.576881182218274e+41	5.1668054657101436e+41	4.7577634669855994e+41	4.3146463494138374e+41
224339.79319243363	1.2393586946338477e+42	5.2025379978196344e+41	5.237743165525846e+41	5.064070441818901e+41	4.869130585025001e+41	4.460871325781949e+41	3.0099596950072055e+41	2.2098539938951083e+41	1.3122328950574897e+41	5.120346951721392e+41	4.795446617443173e+41	4.460871325781949e+41	4.0840254456475514e+41
230836.91305754025	1.1323734569760818e+42	4.703218373427872e+41	4.7926825274414794e+41	4.6684688077957025e+41	4.513406492017413e+41	4.1766484296059176e+41	2.886394190849705e+41	2.14030031510162e+41	1.2857210941876302e+41	4.71207653940924e+41	4.453816236571454e+41	4.1766484296059176e+41	3.8529309741695984e+41
237571.36242752094	1.032585254436625e+42	4.2201337914993024e+41	4.357019907389652e+41	4.276181152818906e+41	4.15941711755599e+41	3.897953952269781e+41	2.7781556434593403e+41	2.0813714651546306e+41	1.2612528854260076e+41	4.308417380556124e+41	4.1141645483334436e+41	3.897953952269781e+41	3.632153237537851e+41
244554.88229157755	9.403087897667723e+41	3.758289283634357e+41	3.942437472264288e+41	3.902461906845298e+41	3.817500857563247e+41	3.620389725989382e+41	2.6672250368915047e+41	2.025385859356691e+41	1.243847949624746e+41	3.924760601459308e+41	3.7841468447943965e+41	3.620389725989382e+41	3.407684874841828e+41
251799.97452261436	8.549201476481975e+41	3.3304718580958815e+41	3.5545549182500955e+41	3.5460722443377165e+41	3.4835446471087972e+41	3.338347096884275e+41	2.5466575486640638e+41	1.9634575955244793e+41	1.2245159535912794e+41	3.5613320996452844e+41	3.4590998808936505e+41	3.338347096884275e+41	3.1738349582274892e+41
259319.9653020442	7.759079445859256e+41	2.932653812202791e+41	3.2029145213550437e+41	3.2360961602921413e+41	3.1950225752114286e+41	3.0864787370643466e+41	2.41088319106447e+41	1.8771655307433655e+41	1.1833849745752217e+41	3.2425977078118303e+41	3.177408829624849e+41	3.0864787370643466e+41	2.9548793522734783e+41
267129.0715409144	7.029344193395773e+41	2.5496287288149886e+41	2.854086857668094e+41	2.9199852054659045e+41	2.8959837907902395e+41	2.823700559535451e+41	2.289433243609827e+41	1.813561864726425e+41	1.161727283863339e+41	2.9197448912430114e+41	2.884395104550293e+41	2.823700559535451e+41	2.7301554193404346e+41
275242.47560889117	6.358341813668813e+41	2.20004943141684e+41	2.5315708329952233e+41	2.627215330234855e+41	2.616176315487329e+41	2.5694580079677408e+41	2.158999744275432e+41	1.7419814274840392e+41	1.1363929567207155e+41	2.6210401385287503e+41	2.608697761010668e+41	2.5694580079677408e+41	2.506052507410072e+41
283676.40763768984	5.7407229668058104e+41	1.875778747730856e+41	2.2286377198476994e+41	2.3556043631796943e+41	2.3577338561410914e+41	2.330611525409093e+41	2.0259840449704278e+41	1.6659295880674317e+41	1.1075452983189632e+41	2.3428531282614166e+41	2.353700488483278e+41	2.330611525409093e+41	2.290707270632405e+41
292448.2350728825	5.174143230628734e+41	1.5817074553739377e+41	1.9491359808815042e+41	2.1098134062879473e+41	2.1280478509718445e+41	2.1175016232448773e+41	1.8898417352554343e+41	1.5784599830271495e+41	1.0665395137048285e+41	2.0892227551225405e+41	2.1276970212499186e+41	2.1175016232448773e+41	2.0934942361790703e+41
301576.5626645729	4.655165156582137e+41	1.3127293586712867e+41	1.6836008205652612e+41	1.8710549634320183e+41	1.902803855548522e+41	1.905625583271783e+41	1.7569427428143987e+41	1.49915403787475e+41	1.0355042911818534e+41	1.8438585972648693e+41	1.9054148658534286e+41	1.905625583271783e+41	1.8961992816778825e+41
311081.3424654938	4.180768652477487e+41	1.0761812029628173e+41	1.4414974280216361e+41	1.6510150399326945e+41	1.6954790555475252e+41	1.7080736171530222e+41	1.6204893702355895e+41	1.4128193206164846e+41	9.994035518162559e+40	1.6177783909343704e+41	1.7006746611502437e+41	1.7080736171530222e+41	1.7080280855053655e+41
320983.9958448368	3.747506580376225e+41	8.673068012025904e+40	1.2184674920046222e+41	1.4453608364957783e+41	1.5028669220423313e+41	1.5248279134280956e+41	1.4859552307620781e+41	1.3259313490723691e+41	9.632625271412742e+40	1.4065271604076504e+41	1.5108455609142396e+41	1.5248279134280956e+41	1.5312189704172855e+41
331307.54831223446	3.3527019041904995e+41	6.870073099979612e+40	1.016643894277177e+41	1.2562137469573324e+41	1.3282017666782242e+41	1.3627076207222515e+41	1.3571441737733974e+41	1.23382049437988e+41	9.174472287415873e+40	1.21216030797674e+41	1.3398054424338115e+41	1.3627076207222515e+41	1.3744421703382896e+41
342076.77980474645	2.99416952153896e+41	5.346854715213843e+40	8.36293507044434e+40	1.0798097146442083e+41	1.1622766963103871e+41	1.2052481218243704e+41	1.2261922570296943e+41	1.1415494988191032e+41	8.76451336858435e+40	1.0324656976797296e+41	1.176556760409832e+41	1.2052481218243704e+41	1.2195445921585418e+41
353318.39204407675	2.668534658078207e+41	4.0743929301331724e+40	6.765118218275764e+40	9.176733940932243e+40	1.0094632966400296e+41	1.0622679637367838e+41	1.1025049326248318e+41	1.0503450448823305e+41	8.329055728275595e+40	8.682287145646094e+40	1.0265809478293414e+41	1.0622679637367838e+41	1.0791046208010599e+41
365061.1943101465	2.3736415031626334e+41	3.0354728121543917e+40	5.373499843981265e+40	7.696748410395373e+40	8.68459095893757e+40	9.313173329453097e+40	9.851242810944142e+40	9.595699023239255e+40	7.870297459036161e+40	7.196032557023804e+40	8.882168430953097e+40	9.313173329453097e+40	9.50816175060543e+40
377336.31155995384	2.107072229822281e+41	2.214254222725602e+40	4.1947197631527465e+40	6.373045551075228e+40	7.4003167646917895e+40	8.118524826352216e+40	8.734051359968696e+40	8.684097728324895e+40	7.377649731790661e+40	5.881153590152598e+40	7.619185864728446e+40	8.118524826352216e+40	8.33775687939476e+40
390177.41735524364	1.8663596380519316e+41	1.5765912737282263e+40	3.209151508112509e+40	5.198734385673808e+40	6.239563516334615e+40	7.052208373763554e+40	7.751929714736617e+40	7.829149757075816e+40	6.846315648636609e+40	4.7285460291547365e+40	6.47653471625596e+40	7.052208373763554e+40	7.315083629031683e+40
403620.9948131864	1.6500291125570535e+41	1.0914710303058415e+40	2.3968791741371446e+40	4.1602689416855937e+40	5.176933091366237e+40	6.049668970979439e+40	6.806279847452554e+40	6.997051558607384e+40	6.340762619029139e+40	3.725173690733162e+40	5.422131327427144e+40	6.049668970979439e+40	6.34664464980174e+40
417706.6299373848	1.455505564708631e+41	7.36849007447391e+39	1.7507624581982658e+40	3.27074678547322e+40	4.234238939760831e+40	5.14151851186249e+40	5.937500646936335e+40	6.197591150159437e+40	5.820129251005016e+40	2.8796999582040826e+40	4.479734801284396e+40	5.14151851186249e+40	5.470278091078306e+40
432477.3418479912	1.2810860022552567e+41	4.8361719566053817e+39	1.2459338963721825e+40	2.5174935856172813e+40	3.4031971703595067e+40	4.3184183600990115e+40	5.153258311878033e+40	5.451307490527073e+40	5.301357949905695e+40	2.176605501623987e+40	3.6413299584477207e+40	4.3184183600990115e+40	4.676711119990271e+40
447979.95549640834	1.1250538368750378e+41	3.088939927913852e+39	8.627182592308272e+39	1.8938141744962059e+40	2.6831278392702184e+40	3.578403131514585e+40	4.45193744455689e+40	4.766336808772472e+40	4.79452684540045e+40	1.6058701414477398e+40	2.9068608490544896e+40	3.578403131514585e+40	3.9604052948748526e+40
464265.52335239854	9.857650192108296e+40	1.930570008649961e+39	5.818226438923705e+39	1.3921499253068767e+40	2.074038809042738e+40	2.9224701550977836e+40	3.822399792925749e+40	4.1337282282700174e+40	4.2935153081835985e+40	1.1565020272159333e+40	2.277612077520939e+40	2.9224701550977836e+40	3.3177157759293954e+40
481389.80361922906	8.616120691162351e+40	1.187400356481287e+39	3.816872916767847e+39	9.974763082199186e+39	1.5679455308300615e+40	2.348231860743774e+40	3.279435478335078e+40	3.584624087379373e+40	3.821378319085064e+40	8.109927920228779e+39	1.7473587378686386e+40	2.348231860743774e+40	2.747958514986465e+40
499413.8038321143	7.514516433773837e+40	7.278042487071608e+38	2.4383167960675284e+39	6.953059792312164e+39	1.1563839107876504e+40	1.849232686491662e+40	2.776595176758664e+40	3.065876725538254e+40	3.362591664675756e+40	5.529260748103827e+39	1.3090771602246764e+40	1.849232686491662e+40	2.2373591141248234e+40
518404.4004970502	6.537024519455746e+40	4.536174349468187e+38	1.522827491892633e+39	4.7094806091002256e+39	8.304863862905784e+39	1.425338972657013e+40	2.3311136219523057e+40	2.6036482792054837e+40	2.931347443541337e+40	3.662897672244347e+39	9.559399819887668e+39	1.425338972657013e+40	1.7902777101248486e+40
538435.0471157748	5.672431984560082e+40	2.951138648401933e+38	9.383404657429345e+38	3.0998660146975293e+39	5.799549887629619e+39	1.073073906372052e+40	1.9377937156717832e+40	2.1945850514949145e+40	2.529998088263095e+40	2.3607696443715998e+39	6.792916619110073e+39	1.073073906372052e+40	1.4048326737790864e+40
559586.5858310328	4.909543339021287e+40	2.052071398310638e+38	5.802928630537863e+38	1.9892057974098308e+39	3.93911316403439e+39	7.88241943075276e+39	1.592931396395294e+40	1.8354946660571018e+40	2.1607870913422308e+40	1.4881778095639096e+39	4.6963349563605026e+39	7.88241943075276e+39	1.0795183582348295e+40
581948.1804309421	4.238077739538865e+40	1.535606168862187e+38	3.6797327245746986e+38	1.2490055581425588e+39	2.5992979848023345e+39	5.632672095576404e+39	1.2915787247960162e+40	1.5222694834871732e+40	1.8274132191609231e+40	9.239214927569819e+38	3.1531963330201067e+39	5.632672095576404e+39	8.097198293761165e+39
605618.3921486151	3.6485774401480006e+40	1.2243489753415622e+38	2.457928744429782e+38	7.763541393285842e+38	1.6722993533103997e+39	3.9139894079281255e+39	1.0310652407226849e+40	1.2507889050587183e+40	1.5297853415078725e+40	5.742452563630691e+38	2.060598922036494e+39	3.9139894079281255e+39	5.920706031037926e+39
630706.4241900118	3.132383567061306e+40	1.018679117579374e+38	1.7602972691405824e+38	4.861181507123591e+38	1.0554664960381501e+39	2.643792492102815e+39	8.083996082049957e+39	1.0168328195750213e+40	1.2680304347725477e+40	3.653428467807868e+38	1.3158789639335475e+39	2.643792492102815e+39	4.212981486337067e+39
657333.5662575865	2.681597301900212e+40	8.672103329973147e+37	1.3515287236605722e+38	3.138892542332133e+38	6.608673079623255e+38	1.7374084880140355e+39	6.206396991561227e+39	8.161646511488397e+39	1.0407828767014127e+40	2.4393011006633125e+38	8.27708417482756e+38	1.7374084880140355e+39	2.912631728353065e+39
685634.8771474918	2.2889958882418974e+40	7.45289035438179e+37	1.0953358058102465e+38	2.1432922205192898e+38	4.188435517586405e+38	1.1171109395865231e+39	4.6568851348299803e+39	6.455881320379175e+39	8.459117377599439e+39	1.7420452636025665e+38	5.2125463134205154e+38	1.1171109395865231e+39	1.9588702050779628e+39
715761.1519307926	1.9480369530551955e+40	6.416700153255834e+37	9.173473617740843e+37	1.5671522402764444e+38	2.7512231886510683e+38	7.089799042127215e+38	3.405160101892169e+39	5.017417188789756e+39	6.805653170435252e+39	1.3315668503746103e+38	3.3571296741526157e+38	7.089799042127215e+38	1.2841501293429836e+39
747881.2307525973	1.6527747334711566e+40	5.513663848812958e+37	7.8053816601235295e+37	1.2216139484608047e+38	1.916647692456426e+38	4.521225870213934e+38	2.4251948797885937e+39	3.8239809141968136e+39	5.4175635689496406e+39	1.073551537529356e+38	2.2685351945517818e+38	4.521225870213934e+38	8.274255922575258e+38
782184.719657516	1.3978491632711814e+40	4.719828960558167e+37	6.675169559602129e+37	9.965288065076855e+37	1.4268648278351543e+38	2.9597200361865315e+38	1.680249773951244e+39	2.8486191034895077e+39	4.261021522203344e+39	8.93996105289581e+37	1.6333616140139471e+38	2.9597200361865315e+38	5.301728911051082e+38
818885.2106877655	1.178413848820885e+40	4.021279991373148e+37	5.705798390450001e+37	8.339947195093476e+37	1.1251742939531286e+38	2.0359239321728032e+38	1.1351425818790312e+39	2.0704641133313958e+39	3.305942351305159e+39	7.560343245234587e+37	1.2529698006820294e+38	2.0359239321728032e+38	3.446627569410849e+38
858224.1101048421	9.901173231943345e+39	3.407820854642557e+37	4.8619123785084025e+37	7.055304758778563e+37	9.21985686958988e+37	1.490323829811776e+38	7.52066354444321e+38	1.4669568909799442e+39	2.524732964231217e+39	6.423915241140619e+37	1.0084444433832303e+38	1.490323829811776e+38	2.326475068054051e+38
900475.2112233342	8.290591192238289e+39	2.8708363130045284e+37	4.1246829881731834e+37	5.981261420843132e+37	7.705817258984649e+37	1.1559731697661081e+38	4.940824051231025e+38	1.0143191722850539e+39	1.8934785618636906e+39	5.453656413594129e+37	8.348578412868856e+37	1.1559731697661081e+38	1.6600674871053866e+38
945950.1841310244	6.917791556946732e+39	2.4026225977091673e+37	3.4813723923772375e+37	5.059701271177375e+37	6.485383739023196e+37	9.341805165652521e+37	3.2714202353693985e+38	6.86679421610761e+38	1.3881044308486516e+39	4.613945070289183e+37	6.997004334823496e+37	9.341805165652521e+37	1.2560943834621211e+38
995005.2011108787	5.75050353557665e+39	1.9962096508853562e+37	2.921717481489517e+37	4.262696492862792e+37	5.458281078606611e+37	7.722764704035647e+37	2.2373620575050977e+38	4.617005934359741e+38	1.0035577232880212e+39	3.8854844785850655e+37	5.880411936450943e+37	7.722764704035647e+37	9.97160594039087e+37
1048048.9777574923	4.7629226489212455e+39	1.6452076932991433e+37	2.4365757607385385e+37	3.573066305383781e+37	4.577943374495259e+37	6.43656779045439e+37	1.6024867569900869e+38	3.1173114631882866e+38	7.1014514709146e+38	3.254538549391423e+37	4.930521109929639e+37	6.43656779045439e+37	8.143173442429465e+37
1105552.5904302362	3.9297204291145195e+39	1.3438060198333682e+37	2.0177834994206592e+37	2.9780250272939426e+37	3.8206024064641178e+37	5.365137638085838e+37	1.2079861636266486e+38	2.1531427281309997e+38	4.94188269165855e+38	2.709912336465366e+37	4.1153647811639107e+37	5.365137638085838e+37	6.732920597608947e+37
1168061.5382000012	3.229345600047645e+39	1.0866934512873595e+37	1.657961321813711e+37	2.466583592992601e+37	3.170335841850105e+37	4.454862664694494e+37	9.498557830682853e+37	1.5463403167595461e+38	3.413435483466269e+38	2.241691402749678e+37	3.415911497680054e+37	4.454862664694494e+37	5.578662030656424e+37
1236210.6623917855	2.6428451625635152e+39	8.690070381488554e+36	1.3504425092493674e+37	2.0289116933378506e+37	2.6142092127438213e+37	3.678246883944059e+37	7.665550353570403e+37	1.1619535384636067e+38	2.3727207278310234e+38	1.8409517644267575e+37	2.8178182422460767e+37	3.678246883944059e+37	4.607004075084157e+37
1310742.7332454592	2.1536084966709095e+39	6.862848256850157e+36	1.0892095848533706e+37	1.6561535886103358e+37	2.1408196351570547e+37	3.0173008752819885e+37	6.253277145659019e+37	9.074998270873546e+37	1.6862167894183092e+38	1.49965435197608e+37	2.3087636425250304e+37	3.0173008752819885e+37	3.782487333083924e+37
1392531.7826837443	1.7471312314123246e+39	5.344232874341496e+36	8.688329714843228e+36	1.34034491038727e+37	1.739908358161168e+37	2.4575430405416515e+37	5.103542240100341e+37	7.261132174414729e+37	1.2398045155509334e+38	1.2105751088608485e+37	1.8777145718048412e+37	2.4575430405416515e+37	3.0838669101193746e+37
1482612.635642221	1.410796200387531e+39	4.0964015376722503e+36	6.844115121913984e+36	1.0743462956772688e+37	1.402240235219281e+37	1.9862105767602197e+37	4.143724874757208e+37	5.865858923856525e+37	9.45080621871309e+37	9.672399964350353e+36	1.5147290924447937e+37	1.9862105767602197e+37	2.4949464958828765e+37
1582218.6159588334	1.1336709505400457e+39	3.084432734142712e+36	5.315155414178536e+36	8.51778409960893e+36	1.1195339363353477e+37	1.5918036019070165e+37	3.338003632818849e+37	4.735095979656312e+37	7.407072676559458e+37	7.638602322657142e+36	1.210874833664528e+37	1.5918036019070165e+37	2.0016870982002917e+37
1692830.1457556959	9.06321237564741e+38	2.2760605753492208e+36	4.06133487980317e+36	6.669564907616276e+36	8.843982118254104e+36	1.263958090614058e+37	2.664173207559433e+37	3.797030526692178e+37	5.88954605968296e+37	5.952676719511462e+36	9.581650986573517e+36	1.263958090614058e+37	1.591457666031293e+37
1816238.0253927081	7.206398629975558e+38	1.641498040569449e+36	3.046230697962246e+36	5.148245842477791e+36	6.90267122431439e+36	9.933793180212391e+36	2.1047944629955973e+37	3.0157136560521774e+37	4.693102044005167e+37	4.568509247482118e+36	7.494953833998969e+36	9.933793180212391e+36	1.2528513037038748e+37
1954626.738541399	5.696902137861979e+38	1.1533294540367927e+36	2.2366831215644387e+36	3.9089024355909426e+36	5.3133353434859105e+36	7.717821400825854e+36	1.6445303120082537e+37	2.3684323489880783e+37	3.716990307065166e+37	3.4449322495841263e+36	5.785780396828875e+36	7.717821400825854e+36	9.756134544768254e+36
2110685.432571521	4.475637632531601e+38	7.864676465691309e+35	1.6024349316265537e+36	2.9116059186240906e+36	4.0248086782178483e+36	5.918295995989178e+36	1.269508939410796e+37	1.8370717996711606e+37	2.9124210359562114e+37	2.5451319326832385e+36	4.398746839370415e+36	5.918295995989178e+36	7.505849755030439e+36
2287757.6940525826	3.4925084926338266e+38	5.1816698250163154e+35	1.115851358801987e+36	2.1208120744341076e+36	2.992137411831796e+36	4.470686586187029e+36	9.671796957203487e+36	1.405586080627177e+37	2.251735931652314e+37	1.83610091032036e+36	3.285267056701177e+36	4.470686586187029e+36	5.696448562590962e+36
2490046.553914841	2.7052394985194904e+38	3.2807678898535258e+35	7.517274127147e+35	1.5047943612370178e+36	2.175883232127879e+36	3.3186238405725614e+36	7.26254971490457e+36	1.0594261131195457e+37	1.7146413388101827e+37	1.288152197363039e+36	2.4028435439356228e+36	3.3186238405725614e+36	4.256498723468844e+36
2722899.45663085	2.07832745003903e+38	1.9831434238687113e+35	4.871854534375701e+35	1.0351419896547524e+36	1.5414394082260004e+36	2.413185532471635e+36	5.366623560936016e+36	7.854179114426733e+36	1.2836298486795996e+37	8.745138134484375e+35	1.7143562288723022e+36	2.413185532471635e+36	3.1237032383315034e+36
2993211.1650969274	1.5821018455944907e+38	1.1353080445694941e+35	3.0165719096489485e+35	6.863437460734311e+35	1.058378868426947e+36	1.712148201319539e+36	3.8949600740724615e+36	5.717140426809085e+36	9.428627658152396e+36	5.710208524882544e+35	1.1873655871510539e+36	1.712148201319539e+36	2.244209335782371e+36
3310004.1772218584	1.191888254204121e+38	6.094064564076724e+34	1.7693455603993463e+35	4.3547811302880364e+35	6.998607304171498e+35	1.179213720521844e+36	2.769648764640497e+36	4.077538753568285e+36	6.779551264484088e+36	3.559183260993244e+35	7.934544886880317e+35	1.179213720521844e+36	1.571864737271605e+36
3685282.394247728	8.872668652377965e+37	3.0285477090480023e+34	9.726158108522552e+34	2.6202452686488067e+35	4.4212592489098395e+35	7.832281651608462e+35	1.9233587457509663e+36	2.8422342178589594e+36	4.759242246491295e+36	2.0977887284662542e+35	5.076395040160219e+35	7.832281651608462e+35	1.0674212809496037e+36
4135316.030695233	6.514190720260315e+37	1.3709083098637958e+34	4.942762912292457e+34	1.477997098985197e+35	2.641143459258123e+35	4.974223380859579e+35	1.2987009423628132e+36	1.930119950357455e+36	3.251626039846514e+36	1.1552539846358458e+35	3.0788777305449504e+35	4.974223380859579e+35	6.976956085277445e+35
