#t	Le	U	B	V	R	I	J	H	K	g	r	i	z
#----------------------------------------------- 
2.7753331025465227	0.0	0.0	0.0	0.0	0.0	0.0	0.0	0.0	0.0	0.0	0.0	0.0	0.0
2.821026189352161	0.0	0.0	0.0	0.0	0.0	0.0	0.0	0.0	0.0	0.0	0.0	0.0	0.0
2.8648709329530604	0.0	0.0	0.0	0.0	0.0	0.0	0.0	0.0	0.0	0.0	0.0	0.0	0.0
2.9087611410359826	0.0	0.0	0.0	0.0	0.0	0.0	0.0	0.0	0.0	0.0	0.0	0.0	0.0
2.9495212304944447	0.0	0.0	0.0	0.0	0.0	0.0	0.0	0.0	0.0	0.0	0.0	0.0	0.0
2.989490259899234	0.0	0.0	0.0	0.0	0.0	0.0	0.0	0.0	0.0	0.0	0.0	0.0	0.0
3.0295352005030995	0.0	0.0	0.0	0.0	0.0	0.0	0.0	0.0	0.0	0.0	0.0	0.0	0.0
3.0700906625439766	0.0	0.0	0.0	0.0	0.0	0.0	0.0	0.0	0.0	0.0	0.0	0.0	0.0
3.1114166147477627	0.0	0.0	0.0	0.0	0.0	0.0	0.0	0.0	0.0	0.0	0.0	0.0	0.0
3.1536899188124763	0.0	0.0	0.0	0.0	0.0	0.0	0.0	0.0	0.0	0.0	0.0	0.0	0.0
3.197043852139062	0.0	0.0	0.0	0.0	0.0	0.0	0.0	0.0	0.0	0.0	0.0	0.0	0.0
3.2415874953962076	0.0	0.0	0.0	0.0	0.0	0.0	0.0	0.0	0.0	0.0	0.0	0.0	0.0
3.287416166247765	0.0	0.0	0.0	0.0	0.0	0.0	0.0	0.0	0.0	0.0	0.0	0.0	0.0
3.3346174583166968	0.0	0.0	0.0	0.0	0.0	0.0	0.0	0.0	0.0	0.0	0.0	0.0	0.0
3.3832749572727527	0.0	0.0	0.0	0.0	0.0	0.0	0.0	0.0	0.0	0.0	0.0	0.0	0.0
3.4334706567896474	0.0	0.0	0.0	0.0	0.0	0.0	0.0	0.0	0.0	0.0	0.0	0.0	0.0
3.485286613481225	0.0	0.0	0.0	0.0	0.0	0.0	0.0	0.0	0.0	0.0	0.0	0.0	0.0
3.538806140703808	0.0	0.0	0.0	0.0	0.0	0.0	0.0	0.0	0.0	0.0	0.0	0.0	0.0
3.5941147157889897	0.0	0.0	0.0	0.0	0.0	0.0	0.0	0.0	0.0	0.0	0.0	0.0	0.0
3.6513007064037812	0.0	0.0	0.0	0.0	0.0	0.0	0.0	0.0	0.0	0.0	0.0	0.0	0.0
3.710455982332992	0.0	0.0	0.0	0.0	0.0	0.0	0.0	0.0	0.0	0.0	0.0	0.0	0.0
3.7716764556460203	0.0	0.0	0.0	0.0	0.0	0.0	0.0	0.0	0.0	0.0	0.0	0.0	0.0
3.8350625779802034	0.0	0.0	0.0	0.0	0.0	0.0	0.0	0.0	0.0	0.0	0.0	0.0	0.0
3.900719814773576	0.0	0.0	0.0	0.0	0.0	0.0	0.0	0.0	0.0	0.0	0.0	0.0	0.0
3.9687591105950952	0.0	0.0	0.0	0.0	0.0	0.0	0.0	0.0	0.0	0.0	0.0	0.0	0.0
4.039297356026238	0.0	0.0	0.0	0.0	0.0	0.0	0.0	0.0	0.0	0.0	0.0	0.0	0.0
4.1124578641155844	0.0	0.0	0.0	0.0	0.0	0.0	0.0	0.0	0.0	0.0	0.0	0.0	0.0
4.188370862813796	0.0	0.0	0.0	0.0	0.0	0.0	0.0	0.0	0.0	0.0	0.0	0.0	0.0
4.2671740087225345	0.0	0.0	0.0	0.0	0.0	0.0	0.0	0.0	0.0	0.0	0.0	0.0	0.0
4.3490129267817075	0.0	0.0	0.0	0.0	0.0	0.0	0.0	0.0	0.0	0.0	0.0	0.0	0.0
4.4340417800591565	0.0	0.0	0.0	0.0	0.0	0.0	0.0	0.0	0.0	0.0	0.0	0.0	0.0
4.522423873520968	0.0	0.0	0.0	0.0	0.0	0.0	0.0	0.0	0.0	0.0	0.0	0.0	0.0
4.61433229549663	0.0	0.0	0.0	0.0	0.0	0.0	0.0	0.0	0.0	0.0	0.0	0.0	0.0
4.7099506004770255	0.0	0.0	0.0	0.0	0.0	0.0	0.0	0.0	0.0	0.0	0.0	0.0	0.0
4.809473536869821	0.0	0.0	0.0	0.0	0.0	0.0	0.0	0.0	0.0	0.0	0.0	0.0	0.0
4.9131078233678425	0.0	0.0	0.0	0.0	0.0	0.0	0.0	0.0	0.0	0.0	0.0	0.0	0.0
5.021072977649411	0.0	0.0	0.0	0.0	0.0	0.0	0.0	0.0	0.0	0.0	0.0	0.0	0.0
5.1336022012140985	0.0	0.0	0.0	0.0	0.0	0.0	0.0	0.0	0.0	0.0	0.0	0.0	0.0
5.250943324255223	0.0	0.0	0.0	0.0	0.0	0.0	0.0	0.0	0.0	0.0	0.0	0.0	0.0
5.373359814574806	0.0	0.0	0.0	0.0	0.0	0.0	0.0	0.0	0.0	0.0	0.0	0.0	0.0
5.501131854651078	0.0	0.0	0.0	0.0	0.0	0.0	0.0	0.0	0.0	0.0	0.0	0.0	0.0
5.634557491067277	0.0	0.0	0.0	0.0	0.0	0.0	0.0	0.0	0.0	0.0	0.0	0.0	0.0
5.773953860598027	0.0	0.0	0.0	0.0	0.0	0.0	0.0	0.0	0.0	0.0	0.0	0.0	0.0
5.919658497320104	0.0	0.0	0.0	0.0	0.0	0.0	0.0	0.0	0.0	0.0	0.0	0.0	0.0
6.072030725162409	0.0	0.0	0.0	0.0	0.0	0.0	0.0	0.0	0.0	0.0	0.0	0.0	0.0
6.231453140329732	0.0	0.0	0.0	0.0	0.0	0.0	0.0	0.0	0.0	0.0	0.0	0.0	0.0
6.398333188020177	0.0	0.0	0.0	0.0	0.0	0.0	0.0	0.0	0.0	0.0	0.0	0.0	0.0
6.573104837802214	0.0	0.0	0.0	0.0	0.0	0.0	0.0	0.0	0.0	0.0	0.0	0.0	0.0
6.756230361916675	0.0	0.0	0.0	0.0	0.0	0.0	0.0	0.0	0.0	0.0	0.0	0.0	0.0
6.948202220618234	0.0	0.0	0.0	0.0	0.0	0.0	0.0	0.0	0.0	0.0	0.0	0.0	0.0
7.149545058463661	0.0	0.0	0.0	0.0	0.0	0.0	0.0	0.0	0.0	0.0	0.0	0.0	0.0
7.360817815187464	0.0	0.0	0.0	0.0	0.0	0.0	0.0	0.0	0.0	0.0	0.0	0.0	0.0
7.582615954476034	0.0	0.0	0.0	0.0	0.0	0.0	0.0	0.0	0.0	0.0	0.0	0.0	0.0
7.815573813558379	0.0	0.0	0.0	0.0	0.0	0.0	0.0	0.0	0.0	0.0	0.0	0.0	0.0
8.060367076076892	0.0	0.0	0.0	0.0	0.0	0.0	0.0	0.0	0.0	0.0	0.0	0.0	0.0
8.317715370187528	0.0	0.0	0.0	0.0	0.0	0.0	0.0	0.0	0.0	0.0	0.0	0.0	0.0
8.588384993275001	0.0	0.0	0.0	0.0	0.0	0.0	0.0	0.0	0.0	0.0	0.0	0.0	0.0
8.873191764063769	0.0	0.0	0.0	0.0	0.0	0.0	0.0	0.0	0.0	0.0	0.0	0.0	0.0
9.173004002277963	0.0	0.0	0.0	0.0	0.0	0.0	0.0	0.0	0.0	0.0	0.0	0.0	0.0
9.488745635371313	0.0	0.0	0.0	0.0	0.0	0.0	0.0	0.0	0.0	0.0	0.0	0.0	0.0
9.821399431239222	0.0	0.0	0.0	0.0	0.0	0.0	0.0	0.0	0.0	0.0	0.0	0.0	0.0
10.172010355269794	0.0	0.0	0.0	0.0	0.0	0.0	0.0	0.0	0.0	0.0	0.0	0.0	0.0
10.541689049625878	0.0	0.0	0.0	0.0	0.0	0.0	0.0	0.0	0.0	0.0	0.0	0.0	0.0
10.931615432317917	0.0	0.0	0.0	0.0	0.0	0.0	0.0	0.0	0.0	0.0	0.0	0.0	0.0
11.343042413472936	0.0	0.0	0.0	0.0	0.0	0.0	0.0	0.0	0.0	0.0	0.0	0.0	0.0
11.777299726276269	0.0	0.0	0.0	0.0	0.0	0.0	0.0	0.0	0.0	0.0	0.0	0.0	0.0
12.23579787041214	0.0	0.0	0.0	0.0	0.0	0.0	0.0	0.0	0.0	0.0	0.0	0.0	0.0
12.720032166501516	0.0	0.0	0.0	0.0	0.0	0.0	0.0	0.0	0.0	0.0	0.0	0.0	0.0
13.23158692107997	0.0	0.0	0.0	0.0	0.0	0.0	0.0	0.0	0.0	0.0	0.0	0.0	0.0
13.772139703111142	0.0	0.0	0.0	0.0	0.0	0.0	0.0	0.0	0.0	0.0	0.0	0.0	0.0
14.343465734925033	0.0	0.0	0.0	0.0	0.0	0.0	0.0	0.0	0.0	0.0	0.0	0.0	0.0
14.947442402818822	0.0	0.0	0.0	0.0	0.0	0.0	0.0	0.0	0.0	0.0	0.0	0.0	0.0
15.586053895369895	0.0	0.0	0.0	0.0	0.0	0.0	0.0	0.0	0.0	0.0	0.0	0.0	0.0
16.261395980767638	0.0	0.0	0.0	0.0	0.0	0.0	0.0	0.0	0.0	0.0	0.0	0.0	0.0
16.975680938145395	0.0	0.0	0.0	0.0	0.0	0.0	0.0	0.0	0.0	0.0	0.0	0.0	0.0
17.73124266193633	0.0	0.0	0.0	0.0	0.0	0.0	0.0	0.0	0.0	0.0	0.0	0.0	0.0
18.530541962622728	0.0	0.0	0.0	0.0	0.0	0.0	0.0	0.0	0.0	0.0	0.0	0.0	0.0
19.376172091820024	0.0	0.0	0.0	0.0	0.0	0.0	0.0	0.0	0.0	0.0	0.0	0.0	0.0
20.270864524344102	0.0	0.0	0.0	0.0	0.0	0.0	0.0	0.0	0.0	0.0	0.0	0.0	0.0
21.21749503466413	0.0	0.0	0.0	0.0	0.0	0.0	0.0	0.0	0.0	0.0	0.0	0.0	0.0
22.219090109848082	0.0	0.0	0.0	0.0	0.0	0.0	0.0	0.0	0.0	0.0	0.0	0.0	0.0
23.27883374568617	0.0	0.0	0.0	0.0	0.0	0.0	0.0	0.0	0.0	0.0	0.0	0.0	0.0
24.400074677053308	0.0	0.0	0.0	0.0	0.0	0.0	0.0	0.0	0.0	0.0	0.0	0.0	0.0
25.58633409770286	0.0	0.0	0.0	0.0	0.0	0.0	0.0	0.0	0.0	0.0	0.0	0.0	0.0
26.84131392854318	0.0	0.0	0.0	0.0	0.0	0.0	0.0	0.0	0.0	0.0	0.0	0.0	0.0
28.16890569703956	0.0	0.0	0.0	0.0	0.0	0.0	0.0	0.0	0.0	0.0	0.0	0.0	0.0
29.573200093746074	0.0	0.0	0.0	0.0	0.0	0.0	0.0	0.0	0.0	0.0	0.0	0.0	0.0
31.058497275164665	0.0	0.0	0.0	0.0	0.0	0.0	0.0	0.0	0.0	0.0	0.0	0.0	0.0
32.62931798524742	0.0	0.0	0.0	0.0	0.0	0.0	0.0	0.0	0.0	0.0	0.0	0.0	0.0
34.290415571021114	0.0	0.0	0.0	0.0	0.0	0.0	0.0	0.0	0.0	0.0	0.0	0.0	0.0
36.04678897115662	0.0	0.0	0.0	0.0	0.0	0.0	0.0	0.0	0.0	0.0	0.0	0.0	0.0
37.90369675998348	0.0	0.0	0.0	0.0	0.0	0.0	0.0	0.0	0.0	0.0	0.0	0.0	0.0
39.866672333630056	0.0	0.0	0.0	0.0	0.0	0.0	0.0	0.0	0.0	0.0	0.0	0.0	0.0
41.9415403298151	0.0	0.0	0.0	0.0	0.0	0.0	0.0	0.0	0.0	0.0	0.0	0.0	0.0
44.1344343785047	0.0	0.0	0.0	0.0	0.0	0.0	0.0	0.0	0.0	0.0	0.0	0.0	0.0
46.45181628735041	0.0	0.0	0.0	0.0	0.0	0.0	0.0	0.0	0.0	0.0	0.0	0.0	0.0
48.90049677370687	0.0	0.0	0.0	0.0	0.0	0.0	0.0	0.0	0.0	0.0	0.0	0.0	0.0
51.48765786426016	0.0	0.0	0.0	0.0	0.0	0.0	0.0	0.0	0.0	0.0	0.0	0.0	0.0
54.22087709405096	0.0	0.0	0.0	0.0	0.0	0.0	0.0	0.0	0.0	0.0	0.0	0.0	0.0
57.108153649135545	0.0	0.0	0.0	0.0	0.0	0.0	0.0	0.0	0.0	0.0	0.0	0.0	0.0
60.14840455077495	0.0	0.0	0.0	0.0	0.0	0.0	0.0	0.0	0.0	0.0	0.0	0.0	0.0
63.34911661674776	0.0	0.0	0.0	0.0	0.0	0.0	0.0	0.0	0.0	0.0	0.0	0.0	0.0
66.71862284386623	0.0	0.0	0.0	0.0	0.0	0.0	0.0	0.0	0.0	0.0	0.0	0.0	0.0
70.26567605666085	0.0	0.0	0.0	0.0	0.0	0.0	0.0	0.0	0.0	0.0	0.0	0.0	0.0
73.99946893705673	0.0	0.0	0.0	0.0	0.0	0.0	0.0	0.0	0.0	0.0	0.0	0.0	0.0
77.92965493121761	0.0	0.0	0.0	0.0	0.0	0.0	0.0	0.0	0.0	0.0	0.0	0.0	0.0
82.06637006616634	0.0	0.0	0.0	0.0	0.0	0.0	0.0	0.0	0.0	0.0	0.0	0.0	0.0
86.42025571277955	0.0	0.0	0.0	0.0	0.0	0.0	0.0	0.0	0.0	0.0	0.0	0.0	0.0
91.00248233373259	0.0	0.0	0.0	0.0	0.0	0.0	0.0	0.0	0.0	0.0	0.0	0.0	0.0
95.82477425711348	0.0	0.0	0.0	0.0	0.0	0.0	0.0	0.0	0.0	0.0	0.0	0.0	0.0
100.89943551880155	0.0	0.0	0.0	0.0	0.0	0.0	0.0	0.0	0.0	0.0	0.0	0.0	0.0
106.23937681935134	0.0	0.0	0.0	0.0	0.0	0.0	0.0	0.0	0.0	0.0	0.0	0.0	0.0
111.85814364405809	0.0	0.0	0.0	0.0	0.0	0.0	0.0	0.0	0.0	0.0	0.0	0.0	0.0
117.76994559814297	0.0	0.0	0.0	0.0	0.0	0.0	0.0	0.0	0.0	0.0	0.0	0.0	0.0
123.98968701261025	0.0	0.0	0.0	0.0	0.0	0.0	0.0	0.0	0.0	0.0	0.0	0.0	0.0
130.53299888033519	0.0	0.0	0.0	0.0	0.0	0.0	0.0	0.0	0.0	0.0	0.0	0.0	0.0
137.41627218636808	0.0	0.0	0.0	0.0	0.0	0.0	0.0	0.0	0.0	0.0	0.0	0.0	0.0
144.6566927013291	0.0	0.0	0.0	0.0	0.0	0.0	0.0	0.0	0.0	0.0	0.0	0.0	0.0
152.2722773121639	0.0	0.0	0.0	0.0	0.0	0.0	0.0	0.0	0.0	0.0	0.0	0.0	0.0
160.28191197042946	0.0	0.0	0.0	0.0	0.0	0.0	0.0	0.0	0.0	0.0	0.0	0.0	0.0
168.70539134478832	0.0	0.0	0.0	0.0	0.0	0.0	0.0	0.0	0.0	0.0	0.0	0.0	0.0
177.56346027148462	0.0	0.0	0.0	0.0	0.0	0.0	0.0	0.0	0.0	0.0	0.0	0.0	0.0
186.87785710432104	0.0	0.0	0.0	0.0	0.0	0.0	0.0	0.0	0.0	0.0	0.0	0.0	0.0
196.67135907407373	0.0	0.0	0.0	0.0	0.0	0.0	0.0	0.0	0.0	0.0	0.0	0.0	0.0
206.96782977639683	0.0	0.0	0.0	0.0	0.0	0.0	0.0	0.0	0.0	0.0	0.0	0.0	0.0
217.79226891710806	0.0	0.0	0.0	0.0	0.0	0.0	0.0	0.0	0.0	0.0	0.0	0.0	0.0
229.17086445449675	0.0	0.0	0.0	0.0	0.0	0.0	0.0	0.0	0.0	0.0	0.0	0.0	0.0
241.13104728948244	0.0	0.0	0.0	0.0	0.0	0.0	0.0	0.0	0.0	0.0	0.0	0.0	0.0
253.70154866675387	0.0	0.0	0.0	0.0	0.0	0.0	0.0	0.0	0.0	0.0	0.0	0.0	0.0
266.91246046294214	0.0	0.0	0.0	0.0	0.0	0.0	0.0	0.0	0.0	0.0	0.0	0.0	0.0
280.795298551887	0.0	0.0	0.0	0.0	0.0	0.0	0.0	0.0	0.0	0.0	0.0	0.0	0.0
295.3830694515956	0.0	0.0	0.0	0.0	0.0	0.0	0.0	0.0	0.0	0.0	0.0	0.0	0.0
310.7103404730508	0.0	0.0	0.0	0.0	0.0	0.0	0.0	0.0	0.0	0.0	0.0	0.0	0.0
326.8133134340107	0.0	0.0	0.0	0.0	0.0	0.0	0.0	0.0	0.0	0.0	0.0	0.0	0.0
343.72990257807305	0.0	0.0	0.0	0.0	0.0	0.0	0.0	0.0	0.0	0.0	0.0	0.0	0.0
361.4998167333532	0.0	0.0	0.0	0.0	0.0	0.0	0.0	0.0	0.0	0.0	0.0	0.0	0.0
380.1646460086036	0.0	0.0	0.0	0.0	0.0	0.0	0.0	0.0	0.0	0.0	0.0	0.0	0.0
399.76795335304257	0.0	0.0	0.0	0.0	0.0	0.0	0.0	0.0	0.0	0.0	0.0	0.0	0.0
420.3553713106071	0.0	0.0	0.0	0.0	0.0	0.0	0.0	0.0	0.0	0.0	0.0	0.0	0.0
441.9747043203697	0.0	0.0	0.0	0.0	0.0	0.0	0.0	0.0	0.0	0.0	0.0	0.0	0.0
464.67603698077846	0.0	0.0	0.0	0.0	0.0	0.0	0.0	0.0	0.0	0.0	0.0	0.0	0.0
488.5118485801496	0.0	0.0	0.0	0.0	0.0	0.0	0.0	0.0	0.0	0.0	0.0	0.0	0.0
513.5371342403024	0.0	0.0	0.0	0.0	0.0	0.0	0.0	0.0	0.0	0.0	0.0	0.0	0.0
539.8095334691121	0.0	0.0	0.0	0.0	0.0	0.0	0.0	0.0	0.0	0.0	0.0	0.0	0.0
567.3894661826629	0.0	0.0	0.0	0.0	0.0	0.0	0.0	0.0	0.0	0.0	0.0	0.0	0.0
596.340276974343	0.0	0.0	0.0	0.0	0.0	0.0	0.0	0.0	0.0	0.0	0.0	0.0	0.0
626.7283879458985	0.0	0.0	0.0	0.0	0.0	0.0	0.0	0.0	0.0	0.0	0.0	0.0	0.0
658.6234608016539	0.0	0.0	0.0	0.0	0.0	0.0	0.0	0.0	0.0	0.0	0.0	0.0	0.0
692.098568825675	0.0	0.0	0.0	0.0	0.0	0.0	0.0	0.0	0.0	0.0	0.0	0.0	0.0
727.2303787647493	0.0	0.0	0.0	0.0	0.0	0.0	0.0	0.0	0.0	0.0	0.0	0.0	0.0
764.099344167617	0.0	0.0	0.0	0.0	0.0	0.0	0.0	0.0	0.0	0.0	0.0	0.0	0.0
802.7899100825691	0.0	0.0	0.0	0.0	0.0	0.0	0.0	0.0	0.0	0.0	0.0	0.0	0.0
843.3907302964287	0.0	0.0	0.0	0.0	0.0	0.0	0.0	0.0	0.0	0.0	0.0	0.0	0.0
885.9948972820573	0.0	0.0	0.0	0.0	0.0	0.0	0.0	0.0	0.0	0.0	0.0	0.0	0.0
930.7001861790727	0.0	0.0	0.0	0.0	0.0	0.0	0.0	0.0	0.0	0.0	0.0	0.0	0.0
977.6093132178312	0.0	0.0	0.0	0.0	0.0	0.0	0.0	0.0	0.0	0.0	0.0	0.0	0.0
1026.8302094481385	0.0	0.0	0.0	0.0	0.0	0.0	0.0	0.0	0.0	0.0	0.0	0.0	0.0
1078.4763110053304	0.0	0.0	0.0	0.0	0.0	0.0	0.0	0.0	0.0	0.0	0.0	0.0	0.0
1132.6668667375654	9.706023437907581e+33	1.2165604148661054e+29	6.688521726360249e+28	3.4362174162458406e+28	2.185047329024593e+28	1.164352057222178e+28	2.8799704511390787e+27	1.40827421358776e+27	5.2790365383403494e+26	4.062722496619893e+28	1.9054780508427838e+28	1.164352057222178e+28	7.627530321018093e+27
1189.527264152288	9.679093707227096e+35	9.355191601108884e+30	5.141722358064651e+30	2.640784285621458e+30	1.6789674597720678e+30	8.945067651777814e+29	2.2118562257744285e+29	1.0814577680889164e+29	4.053488010697334e+28	3.1224719626257414e+30	1.4640840391340353e+30	8.945067651777814e+29	5.859183592856953e+29
1249.189375508256	5.407238840266912e+37	4.3335734180465116e+32	2.381265555953455e+32	1.2227776024517157e+32	7.773368927340014e+31	4.140907470025391e+31	1.0237201175984895e+31	5.004983852106641e+30	1.8758137414684518e+30	1.4458812224288401e+32	6.778287818706753e+31	4.140907470025391e+31	2.7121770140540814e+31
1311.7919223130498	1.7579121605894097e+39	1.2339819201123666e+34	6.779643057276214e+33	3.4808820929184e+33	2.2126820437399347e+33	1.1786043682805881e+33	2.9133631961369077e+32	1.4242787044506447e+32	5.3377742178624865e+31	4.11611629634413e+33	1.9293941528388907e+33	1.1786043682805881e+33	7.719152747544299e+32
1377.4808610952373	3.644975813108549e+40	2.3117687361195768e+35	1.2699751856178696e+35	6.519815926202545e+34	4.1442049550763726e+34	2.207306621725424e+34	5.455636158649654e+33	2.667043553941602e+33	9.994915994960024e+32	7.709805690028014e+34	3.6135715798472565e+34	2.207306621725424e+34	1.4456020096976817e+34
1446.4097911139754	4.995628665613186e+41	2.9876034009306133e+36	1.6411431924890378e+36	8.424847213487572e+35	5.354934206572218e+35	2.8520661942944804e+35	7.048828448693016e+34	3.4458200310046216e+34	1.2913151981050025e+34	9.962671059690361e+35	4.669235789434359e+35	2.8520661942944804e+35	1.867827202017305e+35
1518.7403863225388	4.961854113893875e+42	2.8176129661770104e+37	1.5476796217092424e+37	7.944658576814868e+36	5.049580862914793e+36	2.689347169176577e+36	6.646332761292857e+35	3.249000943565246e+35	1.2175346896234287e+35	9.394938193378185e+36	4.402949586155622e+36	2.689347169176577e+36	1.7612302535308562e+36
1594.6428512980142	3.363609796252471e+43	1.9603549548167976e+38	1.0768213580577032e+38	5.527721026807809e+37	3.513426419542275e+37	1.871232679320047e+37	4.624572326555026e+36	2.2606971653132844e+36	8.471826607719027e+35	6.536765362035307e+37	3.0635185649650742e+37	1.871232679320047e+37	1.2254626882680607e+37
1674.2964206021632	1.7343996938387278e+44	1.0470203867586854e+39	5.751449539937544e+38	2.9525118879937132e+38	1.8766491092176907e+38	9.995113873364678e+37	2.4702666048183134e+37	1.207588666172515e+37	4.525413153973735e+36	3.491448925092211e+38	1.636343804665753e+38	9.995113873364678e+37	6.545825083006359e+37
1757.8899310249417	6.644256828412096e+44	4.1782138304126966e+39	2.2952430631633386e+39	1.1783037480118723e+39	7.489566430184497e+38	3.989060423510776e+38	9.859194275354968e+37	4.819720788919057e+37	1.8062028406814126e+37	1.3933750021459235e+39	6.530558787893676e+38	3.989060423510776e+38	2.6124769920217604e+38
1845.622622308391	1.6832407466099894e+45	1.1148127859441711e+40	6.124362205778122e+39	3.144185953349023e+39	1.9985645984067376e+39	1.0644967873241379e+39	2.6310832853311073e+38	1.2862399151083218e+38	4.820296945825381e+37	3.7180450531522385e+39	1.742668339601925e+39	1.0644967873241379e+39	6.971610059912457e+38
1937.705057547219	2.4572680442258658e+45	1.751258244172929e+40	9.621439727575839e+39	4.939866539890877e+39	3.140080605315158e+39	1.6725729100279083e+39	4.134319702197086e+38	2.0211646917053497e+38	7.574677088274157e+37	5.841376920805783e+39	2.738051527822259e+39	1.6725729100279083e+39	1.095428318671237e+39
2034.3592156880093	2.4894679708799414e+45	1.9419953484798677e+40	1.0670325828353196e+40	5.478837583514377e+39	3.482843811908343e+39	1.8552456937182726e+39	4.586244995111567e+38	2.242167383658859e+38	8.403187135666753e+37	6.478586072381234e+39	3.0369684920770645e+39	1.8552456937182726e+39	1.2151037535984362e+39
2135.8185005196174	2.3975278058649073e+45	2.0690354043101493e+40	1.1369553233558156e+40	5.838421487722039e+39	3.711626045558457e+39	1.9772361010842384e+39	4.888291187663579e+38	2.3899184698033403e+38	8.957253164189594e+37	6.903633498959013e+39	3.23650918495785e+39	1.9772361010842384e+39	1.295047127869771e+39
2242.3288500706326	2.4302798970568588e+45	2.310562496443197e+40	1.269810231226616e+40	6.521264929618671e+39	4.145945867048333e+39	2.2087401055962193e+39	5.4611679434926486e+38	2.6700947033266656e+38	1.0007695006301115e+38	7.710893022615085e+39	3.615285092856738e+39	2.2087401055962193e+39	1.4467272116960408e+39
2354.1497058450714	2.7032480131982533e+45	2.853480797545075e+40	1.5683660137657583e+40	8.055390064354514e+39	5.12158359033422e+39	2.7286967816520295e+39	6.747515563258958e+38	3.299149843970183e+38	1.236593706935142e+38	9.524644432251874e+39	4.466118810389954e+39	2.7286967816520295e+39	1.78736885753962e+39
2471.555063164043	3.207433798503966e+45	3.8037414527963585e+40	2.0909473105997725e+40	1.0740779242427224e+40	6.829415759351161e+39	3.6388940766433497e+39	8.999396636803237e+38	4.4003911691360664e+38	1.6494406539721354e+38	1.2699471271813775e+40	5.955493865414399e+39	3.6388940766433497e+39	2.3836797542705364e+39
2594.834508799519	3.422716218324606e+45	4.643419838015574e+40	2.5529479451184346e+40	1.3115934148282404e+40	8.340330212935751e+39	4.4443793450885866e+39	1.0993142065336416e+39	5.3755577640564734e+38	2.015085863235998e+38	1.5507228617316608e+40	7.273231115139468e+39	4.4443793450885866e+39	2.911476077128602e+39
2724.293271766607	3.30573471219787e+45	5.180703805556819e+40	2.848877062847188e+40	1.4638738215621578e+40	9.309545195847118e+39	4.961392861553336e+39	1.227409371010733e+39	6.0023028864240086e+38	2.2501715122382986e+38	1.730700231528315e+40	8.118648941942894e+39	4.961392861553336e+39	3.250366189762798e+39
2860.252750406489	3.3257141897075517e+45	6.0389390885114415e+40	3.321488229109796e+40	1.707028865605791e+40	1.0856993963435094e+40	5.78676206561766e+39	1.4318655794181283e+39	7.002603465940157e+38	2.6253489916927946e+38	2.0180923697689228e+40	9.468406594341513e+39	5.78676206561766e+39	3.7913413716508884e+39
3003.0522944461954	3.387004154531534e+45	7.189275861435148e+40	3.9550744782313877e+40	2.0330604105805083e+40	1.293207215744038e+40	6.893678704855147e+39	1.7061138496989758e+39	8.344445946159515e+38	3.128659648156708e+38	2.403423444030224e+40	1.127843513972345e+40	6.893678704855147e+39	4.516897850198379e+39
3153.0501171875007	3.404450855700891e+45	8.275587781051479e+40	4.553631153810665e+40	2.341174451447448e+40	1.4893497336764859e+40	7.940207191280863e+39	1.9654940527607103e+39	9.613705103901235e+38	3.6048083424341415e+38	2.7675487000716673e+40	1.2989419502909079e+40	7.940207191280863e+39	5.2029590647147725e+39
3310.6241566007143	3.355687799527669e+45	9.51161073061771e+40	5.235028587594036e+40	2.6920932212113017e+40	1.7127989708119343e+40	9.13278793093211e+39	2.2612129006569574e+39	1.1061028620919974e+39	4.147850400275501e+38	3.1822160743891865e+40	1.493874234115575e+40	9.13278793093211e+39	5.984897118409069e+39
3476.1730533150435	3.1540557120101603e+45	1.0804696449363836e+41	5.948628593497244e+40	3.0599396913082236e+40	1.9471495234495165e+40	1.0384306989407192e+40	2.5718436670775666e+39	1.258185266129475e+39	4.718670861881778e+38	3.616792803305556e+40	1.6983457838538793e+40	1.0384306989407192e+40	6.805757524731803e+39
3650.1168475896748	2.899028117788084e+45	1.21073506111692e+41	6.668212029737467e+40	3.4311945739311095e+40	2.183787124203236e+40	1.1648753381568591e+40	2.885963510606455e+39	1.4120247346399017e+39	5.296275517383692e+38	4.0553081095032667e+40	1.9048403266470745e+40	1.1648753381568591e+40	7.635359404005287e+39
3832.898313375098	2.640423988049886e+45	1.3529311201806332e+41	7.454333967299934e+40	3.8370709697106184e+40	2.4425967085858425e+40	1.3032317083902639e+40	3.2299281800877356e+39	1.580524712442075e+39	5.929095269523167e+38	4.534637856701418e+40	2.1307074057036238e+40	1.3032317083902639e+40	8.54335088022736e+39
4024.9843181068695	2.371469077901012e+45	1.49975280789957e+41	8.266932220334937e+40	4.257033727123008e+40	2.7105370760972096e+40	1.4465609853721984e+40	3.586616385435657e+39	1.7553203828228463e+39	6.585802336847983e+38	5.030490042467126e+40	2.364578430285561e+40	1.4465609853721984e+40	9.484315346917619e+39
4226.867055338396	2.111368816691647e+45	1.6540956645683137e+41	9.122114984039188e+40	4.699446307481409e+40	2.9929580438568163e+40	1.5977335521312754e+40	3.9632054914797884e+39	1.9399350118763065e+39	7.279656917683149e+38	5.552728945941685e+40	2.6111262836655563e+40	1.5977335521312754e+40	1.0477128850524378e+40
4439.065472913283	1.8674021158857002e+45	1.8151819205898644e+41	1.0015759477086359e+41	5.16226232697413e+40	3.2885841938840954e+40	1.7560858576157874e+40	4.3581180960086013e+39	2.1336084991512095e+39	8.007853449054702e+38	6.098915439566505e+40	2.8692449247552956e+40	1.7560858576157874e+40	1.151750413844594e+40
4662.126751374038	1.6462356778561317e+45	1.98356628205867e+41	1.0951074717562879e+41	5.647205045297418e+40	3.598538275599242e+40	1.9222329699045124e+40	4.77294228111539e+39	2.3371291517583972e+39	8.773392760140683e+38	6.671066515661479e+40	3.139919909759134e+40	1.9222329699045124e+40	1.2609532690198285e+40
4896.627883463709	1.4513632546939122e+45	2.1601950842243035e+41	1.193342113830794e+41	6.157102383414274e+40	3.924645300184569e+40	2.0971640843973548e+40	5.210191282934782e+39	2.551737643420896e+39	9.58097135839101e+38	7.272505387619656e+40	3.4247491670004854e+40	2.0971640843973548e+40	1.375975658736978e+40
5143.177343935713	1.283158479349729e+45	2.345936019815101e+41	1.296771972924169e+41	6.6945533881568485e+40	4.2685836699938275e+40	2.2817896307985415e+40	5.67218109734904e+39	2.778577793264036e+39	1.0434921140163549e+39	7.906285498423252e+40	3.725202523176591e+40	2.2817896307985415e+40	1.497419962328361e+40
5402.416845860824	1.1397705182272631e+45	2.541414183535446e+41	1.4057552862693212e+41	7.261467313966055e+40	4.631592454728112e+40	2.4767855160205934e+40	6.160646115911304e+39	3.018508771863486e+39	1.1338506033407732e+39	8.574645284741001e+40	4.0423665203564644e+40	2.4767855160205934e+40	1.6257347794420775e+40
5675.023183972367	1.0179652452765536e+45	2.74665507805706e+41	1.520319929518405e+41	7.858053069908861e+40	5.013828426690691e+40	2.6822502811782844e+40	6.675890247207847e+39	3.271689858169334e+39	1.2292364842479817e+39	9.27781365741526e+40	4.376383629317741e+40	2.6822502811782844e+40	1.760990255581993e+40
5961.71016663615	9.140015864247482e+44	2.9608675002662473e+41	1.6400434471487479e+41	8.482200118760444e+40	5.413971402807457e+40	2.8974941970157365e+40	7.216262903282349e+39	3.53732379475775e+39	1.3293547616935254e+39	1.0013278773578246e+41	4.726107853767297e+40	2.8974941970157365e+40	1.9027397002242138e+40
6263.230641332799	8.243218174099254e+44	3.1824245058890572e+41	1.7640415595459153e+41	9.129414700021123e+40	5.829182001884272e+40	3.1210157127147036e+40	7.778096661204043e+39	3.813625593330185e+39	1.4335395959103623e+39	1.0775713920928442e+41	5.089067490215621e+40	3.1210157127147036e+40	2.0500037756939426e+40
6580.378621196331	7.459508053329364e+44	3.4090172705751103e+41	1.8910514688395418e+41	9.79324185824078e+40	6.255367874657253e+40	3.350642002831247e+40	8.356049697141729e+39	4.0979890716876076e+39	1.5408163771436635e+39	1.1557478117548784e+41	5.461696785671059e+40	3.350642002831247e+40	2.2013620809455155e+40
6913.991521551776	6.7661626281257e+44	3.6379020603596665e+41	2.019566440520252e+41	1.0465951259201615e+41	6.687617792658523e+40	3.5837590311281436e+40	8.943669886391137e+39	4.387261823218727e+39	1.650004462164567e+39	1.2349428499832661e+41	5.839714004705564e+40	3.5837590311281436e+40	2.3551034010729655e+40
7264.952515537559	6.146780225638657e+44	3.866158388713177e+41	2.1479769958772384e+41	1.113925907768683e+41	7.120659423299003e+40	3.8175546964994013e+40	9.533993059390607e+39	4.67803720028683e+39	1.7598264092094627e+39	1.3141774785454096e+41	6.218520330241255e+40	3.8175546964994013e+40	2.509384695615389e+40
7634.193017279275	5.589740489143754e+44	4.0909159268792e+41	2.274695677239153e+41	1.1804968974148297e+41	7.549266902333111e+40	4.049235999632973e+40	1.0120080044309186e+40	4.966916897435791e+39	1.8690063987502444e+39	1.3924837122115291e+41	6.593555282901085e+40	4.049235999632973e+40	2.6623733530920933e+40
8022.695300362298	5.086644987301749e+44	4.309546023170963e+41	2.398263247511067e+41	1.2455521853685311e+41	7.968611901691448e+40	4.2762170320613526e+40	1.0695485236848481e+40	5.2507407017297754e+39	1.976356599413144e+39	1.4689694947586871e+41	6.9606032242577825e+40	4.2762170320613526e+40	2.8123706767431527e+40
8431.495258975378	4.6311244885659365e+44	4.519822173568125e+41	2.517438651818202e+41	1.308446612315225e+41	8.3745655641279405e+40	4.496281671205376e+40	1.1254666150655057e+40	5.526788009449841e+39	2.08085319470532e+39	1.5428740776110099e+41	7.31605735447811e+40	4.496281671205376e+40	2.9579191304661827e+40
8861.685319160779	4.218089847653413e+44	4.720035980280688e+41	2.631265027722747e+41	1.3686807409255573e+41	8.76392471415097e+40	4.707706509743108e+40	1.1793296985846277e+40	5.792932834261902e+39	2.1816951428977312e+39	1.6136090773236376e+41	7.657117898684255e+40	4.707706509743108e+40	3.097883754583322e+40
9314.417508050698	3.8435235060100895e+44	4.909035206320056e+41	2.7390928023811043e+41	1.425913757335195e+41	9.134497679403384e+40	4.909308964516598e+40	1.2308397191764482e+40	6.04770837466316e+39	2.2783290472249802e+39	1.6807734438563712e+41	7.981867859070009e+40	4.909308964516598e+40	3.2314845693928165e+40
9790.90669031621	3.505695865814136e+44	5.086143791376703e+41	2.8405367913483476e+41	1.4799419784198413e+41	9.4849697184729e+40	5.100376930591441e+40	1.279816320831732e+40	6.290225793567999e+39	2.370419130708515e+39	1.7441278945980163e+41	8.289156176471328e+40	5.100376930591441e+40	3.358251015937704e+40
10292.433987158998	3.211303505295838e+44	5.250894472221335e+41	2.935326755944055e+41	1.530621039759398e+41	9.814404767940853e+40	5.280401261054171e+40	1.3261299511874067e+40	6.519845938837152e+39	2.4577237451806057e+39	1.8035031886934843e+41	8.578162430180646e+40	5.280401261054171e+40	3.477846002202756e+40
10820.350419946582	2.9927942329448366e+44	5.402288282091299e+41	3.022886532324576e+41	1.5776435012076388e+41	1.0120809697732163e+41	5.448297615942639e+40	1.3695043809096292e+40	6.735205144774286e+39	2.5397269149608634e+39	1.8585388499002387e+41	8.84713970289285e+40	5.448297615942639e+40	3.5895514033699783e+40
11376.080900964549	2.905908183721777e+44	5.536471818224665e+41	3.1010134216184175e+41	1.6198407345141745e+41	1.039662624042366e+41	5.59996237050451e+40	1.408896092031246e+40	6.931153027212522e+39	2.6144799067992895e+39	1.90786308049064e+41	9.089467031420248e+40	5.59996237050451e+40	3.6906517625509306e+40
11961.128673490552	2.7909956976972664e+44	5.64159427775593e+41	3.1629901904309442e+41	1.6536735234200863e+41	1.0619047476643674e+41	5.723062989595354e+40	1.4411880637346777e+40	7.092337218764178e+39	2.6761861295706548e+39	1.9473149339525276e+41	9.285185217170453e+40	5.723062989595354e+40	3.773004310115074e+40
12577.078929264097	2.312393160590982e+44	5.70761442734953e+41	3.2030161504081167e+41	1.6760507065380198e+41	1.0768075189523199e+41	5.806760378499769e+40	1.4636441791065904e+40	7.205307532249555e+39	2.7197815712101836e+39	1.9732679474224836e+41	9.416779614521044e+40	5.806760378499769e+40	3.8294505082031186e+40
13225.60097145089	1.998121352307788e+44	5.7668953174752715e+41	3.2380861279388003e+41	1.695331403263871e+41	1.089562837456627e+41	5.878046183283679e+40	1.4827476757870675e+40	7.301562509482436e+39	2.757026409931578e+39	1.9957044421031306e+41	9.529249616815766e+40	5.878046183283679e+40	3.877460831641198e+40
13908.455472392954	1.8207748552405934e+44	5.860997626148296e+41	3.293153858657613e+41	1.7250028332633768e+41	1.1088690096713053e+41	5.98331626222425e+40	1.5095292678818806e+40	7.433541148592668e+39	2.806877195575825e+39	2.030428313799226e+41	9.69858624315574e+40	5.98331626222425e+40	3.947194656808411e+40
14627.499621941988	1.6594456957463048e+44	5.9573886854856e+41	3.3507545312278643e+41	1.756775092598463e+41	1.1298655975311817e+41	6.100167749833036e+40	1.540417920035254e+40	7.588055373835258e+39	2.866101518289756e+39	2.067393632418994e+41	9.88359441815639e+40	6.100167749833036e+40	4.0255921894201013e+40
15384.69169746101	1.5110111582558375e+44	6.050871097572223e+41	3.4069942818820433e+41	1.7879641096395627e+41	1.1505343044221569e+41	6.21554544537567e+40	1.5710572409626865e+40	7.741603897777167e+39	2.925117416827694e+39	2.1036371651530158e+41	1.0065847578235129e+41	6.21554544537567e+40	4.1031277741307583e+40
16182.096529424127	1.3742510755717324e+44	6.14080576528619e+41	3.461530825057365e+41	1.818398902608363e+41	1.1707683197810874e+41	6.328892636126886e+40	1.6013113067923712e+40	7.893479336580965e+39	2.98358925252484e+39	2.1389553620360488e+41	1.024441901977844e+41	6.328892636126886e+40	4.1794410747284244e+40
17021.89127363864	1.2479995957628986e+44	6.226350922645436e+41	3.513910451602982e+41	1.847851352854251e+41	1.1904245700807787e+41	6.439460178502919e+40	1.6310005790918825e+40	8.042814609555937e+39	3.041196361910065e+39	2.1730770788240323e+41	1.0418066024666423e+41	6.439460178502919e+40	4.254046527420441e+40
17906.371494274492	1.1311804623974316e+44	6.306459318207961e+41	3.563566286041636e+41	1.876035239972125e+41	1.2093230826871338e+41	6.546302757661457e+40	1.6598972656041842e+40	8.18850727880332e+39	3.097530115165717e+39	2.205662453360622e+41	1.0585224244212946e+41	6.546302757661457e+40	4.326330276832185e+40
18837.957574393153	1.0228438214106453e+44	6.379904379994459e+41	3.609832419312543e+41	1.9026134066775914e+41	1.2272515133090986e+41	6.648302863773727e+40	1.687731207155126e+40	8.329248281863698e+39	3.152104670618153e+39	2.2363114008048945e+41	1.0744047118955644e+41	6.648302863773727e+40	4.395565836149322e+40
19819.201471859917	9.221949260407113e+43	6.4453331179584424e+41	3.6519726978057196e+41	1.9272124320586254e+41	1.2439744400902441e+41	6.744220118985289e+40	1.7142020150100525e+40	8.463581192978294e+39	3.204379159290598e+39	2.2645809920883626e+41	1.0892486847173405e+41	6.744220118985289e+40	4.460946335697317e+40
20852.793839786355	8.286073002545525e+43	6.501337525588425e+41	3.6892196605251444e+41	1.9494425064857144e+41	1.259245960756204e+41	6.832758175452868e+40	1.7389955418127793e+40	8.589982652219936e+39	3.2537877953479836e+39	2.2900089858080777e+41	1.1028404146462135e+41	6.832758175452868e+40	4.521628270637932e+40
21941.571531933732	7.416172230064301e+43	6.546532947621887e+41	3.7208173036936535e+41	1.9689192704222974e+41	1.2728235374304852e+41	6.912638253641182e+40	1.7618019912193836e+40	8.706950800498617e+39	3.2997729847167286e+39	2.312139682863735e+41	1.1149688892636622e+41	6.912638253641182e+40	4.5767795952889445e+40
23088.525514765497	6.609010980973857e+43	6.5796319734707215e+41	3.746061396926165e+41	1.9852844000823705e+41	1.2844810462056213e+41	6.982668452931368e+40	1.7823329858423173e+40	8.813088628082005e+39	3.3418165298817454e+39	2.3305482982079007e+41	1.1254373827511759e+41	6.982668452931368e+40	4.625625051637916e+40
24296.809209045863	5.86240838557221e+43	6.599505116929944e+41	3.764332551863138e+41	1.998222477986086e+41	1.2940194674970767e+41	7.041800511496487e+40	1.8003355399165657e+40	8.907172204829887e+39	3.379465174485629e+39	2.3448609378111443e+41	1.134072770089e+41	7.041800511496487e+40	4.667483284186834e+40
25569.7472850458	5.174840384759087e+43	6.605223441360342e+41	3.775119379912491e+41	2.00747278009643e+41	1.301274347332441e+41	7.089169383122767e+40	1.8156017927957484e+40	8.988198203091999e+39	3.4123483946007796e+39	2.3547685629610516e+41	1.1407320262109208e+41	7.089169383122767e+40	4.701792708029704e+40
26910.8449365629	4.545054582197049e+43	6.596082071132268e+41	3.778031149286103e+41	2.012835673687412e+41	1.3061198342761046e+41	7.124114586324147e+40	1.8279742439762307e+40	9.055409444710155e+39	3.4401879611242506e+39	2.360034580983618e+41	1.1453057396330298e+41	7.124114586324147e+40	4.728125444722836e+40
28323.797660124656	3.971747804820449e+43	6.571606382899292e+41	3.772800916968568e+41	2.0141741226452626e+41	1.3084696063396634e+41	7.146184992340148e+40	1.8373468990095412e+40	9.108300469624976e+39	3.4628000206056374e+39	2.3604966508432018e+41	1.147718914346124e+41	7.146184992340148e+40	4.746190414841097e+40
29812.50156696254	3.453334522624432e+43	6.5315443333479384e+41	3.7592810248640245e+41	2.0114112656073884e+41	1.3082752999608182e+41	7.155130302915668e+40	1.8436631265080268e+40	9.146607032785335e+39	3.4800911566875564e+39	2.356063846445625e+41	1.1479295933188633e+41	7.155130302915668e+40	4.755827713066477e+40
31381.064256649697	2.9878135537835284e+43	6.475848980292914e+41	3.737433180225105e+41	2.004525202427915e+41	1.3055231612627485e+41	7.150883044545639e+40	1.8469111685929583e+40	9.17028413051321e+39	3.492050154396868e+39	2.3467105215597683e+41	1.1459259312412976e+41	7.150883044545639e+40	4.756996768627184e+40
33033.81628271063	2.572724481572739e+43	6.404655096563803e+41	3.707315255732908e+41	1.9935420814994803e+41	1.3002296126408935e+41	7.133534761862269e+40	1.8471182117362622e+40	9.179476984695621e+39	3.4987371248661484e+39	2.3324681693466646e+41	1.1417223204806542e+41	7.133534761862269e+40	4.749760699799305e+40
34775.32324205006	2.2051754490790005e+43	6.318253186080035e+41	3.6690666224802965e+41	1.9785284157710723e+41	1.292436323236979e+41	7.10330953737322e+40	1.8443437880260874e+40	9.174488744445898e+39	3.500271397696847e+39	2.313416374571122e+41	1.1353550831556816e+41	7.10330953737322e+40	4.734268907754616e+40
36610.39852171657	1.8819201099052895e+43	6.2170634500651065e+41	3.622893412954327e+41	1.959583342364504e+41	1.282205236714609e+41	7.060537246060649e+40	1.838673099660792e+40	9.155747799214094e+39	3.496819264052292e+39	2.2896737045963837e+41	1.1268781244397082e+41	7.060537246060649e+40	4.710739484738602e+40
38544.116738313984	1.59946209994114e+43	6.101611491878301e+41	3.569054696128003e+41	1.936831328344505e+41	1.2696138749667583e+41	7.005628236473389e+40	1.83021068265853e+40	9.123776733598187e+39	3.488582330151118e+39	2.2613891339920155e+41	1.1163588247178603e+41	7.005628236473389e+40	4.679442542415026e+40
40581.82790729868	1.354168756548498e+43	5.972506885991618e+41	3.507850184960156e+41	1.9104156401394773e+41	1.2547511189288197e+41	6.939050505189295e+40	1.8190746716415019e+40	9.07916420115634e+39	3.4757869588750016e+39	2.2287343785946784e+41	1.1038743458420663e+41	6.939050505189295e+40	4.640685157326052e+40
42729.17238145056	1.1423804201980619e+43	5.8304252076733935e+41	3.4396098086658605e+41	1.880492747001975e+41	1.2377135743230702e+41	6.861309935020359e+40	1.8053918050375003e+40	9.022540395937595e+39	3.45867505303303e+39	2.191897340749607e+41	1.089508445362525e+41	6.861309935020359e+40	4.594798305448316e+40
44992.096599977405	9.605063788558075e+42	5.676093726686316e+41	3.364685269158435e+41	1.847227720354238e+41	1.2186025613239873e+41	6.772933801273166e+40	1.789293219687155e+40	8.954556358930605e+39	3.437496268449806e+39	2.151076738942991e+41	1.0733488326194325e+41	6.772933801273166e+40	4.542125918222667e+40
47376.86969200684	8.051026618053575e+42	5.51028069429524e+41	3.2834435542089527e+41	1.8107906163977415e+41	1.1975217199746148e+41	6.674457499749807e+40	1.7709110219660586e+40	8.875867054182374e+39	3.412501631732513e+39	2.106477906790102e+41	1.0554850594862746e+41	6.674457499749807e+40	4.483016028392596e+40
49890.10098063813	6.729301310142443e+42	5.3337879737736214e+41	3.19626228591245e+41	1.771353782257835e+41	1.1745751934474778e+41	6.566414292390151e+40	1.7503755835590915e+40	8.787117958759602e+39	3.383938466134531e+39	2.058309690410956e+41	1.0360069126592983e+41	6.566414292390151e+40	4.417813870727167e+40
52538.758436271615	5.609935925345867e+42	5.1474466562107926e+41	3.10352672889814e+41	1.7290899995477897e+41	1.1498663347350592e+41	6.4493277792947285e+40	1.7278134885014637e+40	8.688934805377243e+39	3.352046489404728e+39	2.0067823417347936e+41	1.0150032600346155e+41	6.4493277792947285e+40	4.3468567457122357e+40
55330.18813061099	4.6656405465264597e+42	4.952115243470694e+41	3.005628256271671e+41	1.6841713674293112e+41	1.123496875190705e+41	6.323706768730679e+40	1.703346048954113e+40	8.581916071617434e+39	3.3170549306078813e+39	1.952106290945884e+41	9.925612975222117e+40	6.323706768730679e+40	4.270470430101055e+40
58272.13474555005	3.8718696562111983e+42	4.7486799507367265e+41	2.9029640628242273e+41	1.6367688251204307e+41	1.0955664924337225e+41	6.19004221329194e+40	1.6770883064063092e+40	8.466627805665139e+39	3.2791805113100915e+39	1.8944916783015895e+41	9.687661419284015e+40	6.19004221329194e+40	4.1889669161680286e+40
61372.763194118714	3.206794613717827e+42	4.5380566682459774e+41	2.7959379169741705e+41	1.5870522175282031e+41	1.0661727180755665e+41	6.048805897965558e+40	1.649148439484855e+40	8.343600400211047e+39	3.238626144559198e+39	1.834148529369482e+41	9.437007182018287e+40	6.048805897965558e+40	4.102643273327419e+40
64640.681413779894	2.651195157973914e+42	4.3211941152951385e+41	2.6849617495263395e+41	1.5351908144119227e+41	1.0354111307342367e+41	5.900450595095071e+40	1.6196275070162478e+40	8.213326962489767e+39	3.1955802185900257e+39	1.7712874649496098e+41	9.174458938344552e+40	5.900450595095071e+40	4.011781445374023e+40
68084.9643956513	2.1882955408141134e+42	4.099077712428651e+41	2.5704578846053186e+41	1.481354201197863e+41	1.0033757856311578e+41	5.745411435630802e+40	1.5886194638639012e+40	8.076262971675228e+39	3.150216348283352e+39	1.7061208451659454e+41	8.900808184548448e+40	5.745411435630802e+40	3.916648819762664e+40
71715.17951668087	1.8035666810949412e+42	3.8727336854619076e+41	2.4528617231558576e+41	1.4257134668129248e+41	9.701598378134488e+40	5.584108281022186e+40	1.556211396251942e+40	7.932826959718667e+39	3.102693494115127e+39	1.6388642546872013e+41	8.616834318729694e+40	5.584108281022186e+40	3.8174994291090816e+40
75541.4132454441	1.484511340406477e+42	3.643232895913407e+41	2.3326246904814897e+41	1.3684426197730434e+41	9.358563211647932e+40	5.416948912902853e+40	1.5224839321606579e+40	7.783401995143426e+39	3.053156364513497e+39	1.5697382416842992e+41	8.323311085620209e+40	5.416948912902853e+40	3.714575667731932e+40
79574.29929606566	1.2204452016560001e+42	3.4116938667638136e+41	2.2102172553401555e+41	1.3097201675988474e+41	9.005590494652632e+40	5.244332886439557e+40	1.4875117905196533e+40	7.628337789306486e+39	3.00173603245355e+39	1.4989702261760334e+41	8.021014104563976e+40	5.244332886439557e+40	3.6081104263810234e+40
83825.04830880773	1.0022831224482032e+42	3.179284442719144e+41	2.0861318187510347e+41	1.2497307960178198e+41	8.643636085765472e+40	5.066655916677349e+40	1.4513644401018068e+40	7.467953280114524e+39	2.94855071036468e+39	1.4267964933810194e+41	7.710729227875291e+40	5.066655916677349e+40	3.4983295656066805e+40
88305.47914012492	8.223368329343209e+41	2.9472214956011685e+41	1.960885256405699e+41	1.188667083234895e+41	8.273684102792832e+40	4.884314685134192e+40	1.414106845235632e+40	7.302539579208241e+39	2.89370663903844e+39	1.3534641844945364e+41	7.393261494008462e+40	4.884314685134192e+40	3.3854546624135826e+40
93028.05184947382	6.741279564003271e+41	2.7167680652153828e+41	1.8350208802145253e+41	1.1267311806164756e+41	7.896757782014242e+40	4.697711965457117e+40	1.3758002805761383e+40	7.132363194636208e+39	2.837299056005011e+39	1.2792331908031113e+41	7.069444444474349e+40	4.697711965457117e+40	3.2697059754484885e+40
98005.90247489474	5.522184010674068e+41	2.4892273249656426e+41	1.7091095643180719e+41	1.0641363847355292e+41	7.513930347490028e+40	4.507261972683913e+40	1.336503201419773e+40	6.957669463166656e+39	2.7794132172368724e+39	1.2043778477348487e+41	6.740149566022713e+40	4.507261972683913e+40	3.1513055814236134e+40
103252.87969437076	4.520588265068674e+41	2.2659327917243174e+41	1.5837497612506032e+41	1.0011085168929822e+41	7.1263355483474035e+40	4.313395839578857e+40	1.2962721592494356e+40	6.778686143907116e+39	2.7201254527860184e+39	1.1291883135714798e+41	6.406295598805566e+40	4.313395839578857e+40	3.0304806391901066e+40
108783.58347522475	3.6985494344505664e+41	2.048234277169401e+41	1.459566119464975e+41	9.378870157926268e+40	6.735177477772531e+40	4.1165671167182246e+40	1.2551627546930873e+40	6.595627139608424e+39	2.6595042427601414e+39	1.0539715044048706e+41	6.068857419201724e+40	4.1165671167182246e+40	2.907466738600884e+40
114613.4058193571	3.0245077854546763e+41	1.837479218068114e+41	1.337206408725137e+41	8.747256374570153e+40	6.341739229365158e+40	3.9172571792598485e+40	1.2132306216122683e+40	6.408696322774458e+39	2.5976113044936204e+39	9.790514434599246e+40	5.728874161528475e+40	3.9172571792598485e+40	2.7825112882089285e+40
120758.57371796947	2.472276525694808e+41	1.634989242327903e+41	1.217336472211131e+41	8.118926453295998e+40	5.947389879913208e+40	3.7159804042235023e+40	1.1705324370154052e+40	6.218091452649957e+39	2.5345026857196855e+39	9.047688715322565e+40	5.3874561898946215e+40	3.7159804042235023e+40	2.655876889891754e+40
127236.1944355778	2.020174176651739e+41	1.44203213596734e+41	1.1006329603275965e+41	7.496703640299493e+40	5.553589213784271e+40	3.5132889563336844e+40	1.1271269515267178e+40	6.024008174571504e+39	2.4702298613853307e+39	8.314799580655319e+40	5.045790469986959e+40	3.5132889563336844e+40	2.527844638600096e+40
134064.30324961175	1.6502842645415811e+41	1.2597897777292418e+41	9.877736700146117e+40	6.883539650488963e+40	5.161889532111344e+40	3.3097769902355875e+40	1.0830760346527225e+40	5.826644097285588e+39	2.404840834368054e+39	7.595539530992428e+40	4.705143827182258e+40	3.3097769902355875e+40	2.3987172726969444e+40
141261.91377874248	1.34782721136097e+41	1.0893230915587184e+41	8.79425421798733e+40	6.282493542016379e+40	4.773933826209411e+40	3.1060840419640865e+40	1.038445727729174e+40	5.626202945141078e+39	2.3383812422373612e+39	6.893696324641643e+40	4.366863515851858e+40	3.1060840419640865e+40	2.268822084043006e+40
148849.07104029722	1.100630040860941e+41	9.315356044748463e+40	7.762295608179998e+40	5.696700423561658e+40	4.391449552145005e+40	2.902897345294717e+40	9.933072953401001e+39	5.4228987814087214e+39	2.270895473746912e+39	6.213104167714841e+40	4.032374474259642e+40	2.902897345294717e+40	2.1385134778080017e+40
156846.90738472732	8.986805913618265e+40	7.871377373114427e+40	6.787853689336895e+40	5.129329063005478e+40	4.0162372362091094e+40	2.7009527711094423e+40	9.47738262990672e+39	5.21696029557497e+39	2.2024277997212938e+39	5.557580932038749e+40	3.703172610011579e+40	2.7009527711094423e+40	2.008175050109872e+40
165277.70146311683	7.337541826470094e+40	6.566144252096674e+40	5.876319182211295e+40	4.583527894351684e+40	3.6501531890635486e+40	2.5010340548655917e+40	9.018234250951481e+39	5.0086351424133127e+39	2.1330235239248523e+39	4.930851419486295e+40	3.3808134676502657e+40	2.5010340548655917e+40	1.878221028547325e+40
174164.94039217453	5.991019988927162e+40	5.401989702541269e+40	5.032291667779658e+40	4.062359547477658e+40	3.295085726585639e+40	2.3039699517002297e+40	8.556558022866904e+39	4.79819431076572e+39	2.062730159238519e+39	4.3364576794102695e+40	3.0668956856775935e+40	2.3039699517002297e+40	1.749096896467729e+40
183533.38529006697	4.891917476964469e+40	4.378560724540336e+40	4.2593937198237023e+40	3.568724874546282e+40	2.952924513835758e+40	2.1106289499512092e+40	8.093375213541461e+39	4.585936488443031e+39	1.9915986343195724e+39	3.7776586351637195e+40	2.7630387770095563e+40	2.1106289499512092e+40	1.6212790002647512e+40
193409.1403658476	3.994923849020474e+40	3.49276678238e+40	3.5601013674726876e+40	3.1052785028094985e+40	2.625522980561005e+40	1.921911188046793e+40	7.629805841889306e+39	4.372192373039313e+39	1.9196845346336044e+39	3.2573227307643003e+40	2.470854979270917e+40	1.921911188046793e+40	1.4952729215611464e+40
203819.72575514572	3.262958282284455e+40	2.7388657603118617e+40	2.935605654657267e+40	2.6743391623469183e+40	2.314654216473203e+40	1.7387372673713363e+40	7.167074843244623e+39	4.157328857450698e+39	1.8470493796238663e+39	2.777818867440599e+40	2.1919152360682857e+40	1.7387372673713363e+40	1.3716103873005485e+40
214794.15430522416	2.6656960533635567e+40	2.108695643283627e+40	2.3857203823844307e+40	2.277799325663093e+40	2.0219613423952352e+40	1.5620337451956477e+40	6.70651621193582e+39	3.9417529930262667e+39	1.773761934611932e+39	2.3409123931996915e+40	1.9277097957194293e+40	1.5620337451956477e+40	1.2508444954455497e+40
226363.01252352676	2.178352899600685e+40	1.5920460588656975e+40	1.9088496974051134e+40	1.9170399092361612e+40	1.748904051456944e+40	1.392715237718807e+40	6.249574537922793e+39	3.725915603681608e+39	1.699899552129298e+39	1.947674107999342e+40	1.6796044470909092e+40	1.392715237718807e+40	1.133543058591896e+40
238558.54591544747	1.7806837502740548e+40	1.1771483069193022e+40	1.5020257398694062e+40	1.592856725977547e+40	1.4967037754347562e+40	1.2316632696066463e+40	5.797803272539767e+39	3.510314388904964e+39	1.6255495317015193e+39	1.5984108758180098e+40	1.4487940289697905e+40	1.2316632696066463e+40	1.0202799177561363e+40
251414.74894929305	1.45615921566049e+40	8.512479436029769e+39	1.161021098366839e+40	1.3054058177092241e+40	1.266290682056373e+40	1.0797022771592613e+40	5.352858994478692e+39	3.295496316015816e+39	1.5508104806201622e+39	1.2926262194572973e+40	1.2362555065790603e+40	1.0797022771592613e+40	9.116241614996546e+39
264967.45989931596	1.1912891493105795e+40	6.01212951098043e+39	8.805337389770608e+39	1.0541745083180549e+40	1.0582563399355692e+40	9.375734993985954e+39	4.916490909066425e+39	3.082059061005664e+39	1.4757936497365264e+39	1.0290179868935979e+40	1.0427035311994532e+40	9.375734993985954e+39	8.081273052341683e+39
279254.46083130117	9.75067661164151e+39	4.141252824489313e+39	6.544341987663127e+39	8.379838317547642e+39	8.728162720146465e+39	8.059078598024052e+39	4.490524829098328e+39	2.870651220960439e+39	1.400624210037637e+39	8.055177257444018e+39	8.68551891966711e+39	8.059078598024052e+39	7.103086464899845e+39
294315.58300953486	7.985182474140013e+39	2.778054725495663e+39	4.760573109457844e+39	6.550258322733016e+39	7.097866111161834e+39	6.851993139797337e+39	4.0768409601778404e+39	2.6619709859779153e+39	1.3254424249785314e+39	6.19372868700246e+39	7.138845109834154e+39	6.851993139797337e+39	6.18639208308408e+39
310192.818019109	6.54321322664086e+39	1.812290822558971e+39	3.385148708930029e+39	5.029362120969988e+39	5.685785571183099e+39	5.757804692422085e+39	3.6773449765282996e+39	2.456762933403065e+39	1.2504046618841116e+39	4.6726854813807146e+39	5.784395109188005e+39	5.757804692422085e+39	5.335249067144036e+39
326930.4349134636	5.365094830038994e+39	1.1480855592262981e+39	2.3500263661163804e+39	3.7889920954102893e+39	4.4821325028301657e+39	4.77802510798305e+39	3.293932153577163e+39	2.2558126033344278e+39	1.1756841756273127e+39	3.4548137475103386e+39	4.6160930806526045e+39	4.77802510798305e+39	4.552898122663993e+39
344575.1037138829	4.402183691883956e+39	7.05319808775e+38	1.5907562602037553e+39	2.7977789658068313e+39	3.473580336636854e+39	3.912215223633569e+39	2.928444714272886e+39	2.059938526735613e+39	1.1014715845643259e+39	2.5005353123467817e+39	3.6245860860263086e+39	3.912215223633569e+39	3.8416058706048246e+39
363176.0256053953	3.614831226241128e+39	4.196800265480557e+38	1.0486992778859909e+39	2.0225989245952558e+39	2.6438302214550644e+39	3.157931108221079e+39	2.5826230795657348e+39	1.8699814292619485e+39	1.027974949150006e+39	1.7697278912569886e+39	2.7976066500950195e+39	3.157931108221079e+39	3.202533357610224e+39
382785.07019222295	2.970721885634906e+39	2.4160677351742623e+38	6.725652476612714e+38	1.4300638775932436e+39	1.9743466738273088e+39	2.510767881883709e+39	2.25805235352673e+39	1.686790419179887e+39	9.554193526520805e+38	1.2234313452145414e+39	2.1205031934578337e+39	2.510767881883709e+39	2.6356416556186238e+39
403456.9201956436	2.4435168590296747e+39	1.3447119257882717e+38	4.1921664324987584e+38	9.879182959396553e+38	1.4452095008704993e+39	1.9645083357340184e+39	1.9561061142723198e+39	1.5112061095908102e+39	8.840458787559506e+38	8.253187947803878e+38	1.5769046567465463e+39	1.9645083357340184e+39	2.1396467085995007e+39
425249.22399792605	2.011747722443446e+39	7.233536923228637e+37	2.5377463083528155e+38	6.662282273857922e+38	1.0360130173450684e+39	1.5113739765846163e+39	1.677890336204054e+39	1.3440408136319583e+39	8.141098778783006e+38	5.428231515439784e+38	1.149468992550753e+39	1.5113739765846163e+39	1.7120331084745577e+39
448222.7564579248	1.657914339998214e+39	3.762168862200368e+37	1.4914112909664069e+38	4.382761581080726e+38	7.26736752934926e+38	1.142365338705687e+39	1.424190968603689e+39	1.1860561997434014e+39	7.458784204500738e+38	3.478560866334609e+38	8.206539710027097e+38	1.142365338705687e+39	1.3491322985173675e+39
472441.5884470601	1.3677495479305367e+39	1.8943669638804645e+37	8.51006642968782e+37	2.811148887995182e+38	4.985152511393831e+38	8.476679441526924e+38	1.195429202215683e+39	1.0379390825115975e+39	6.7962684800929136e+38	2.1710925221093607e+38	5.7344530541930734e+38	8.476679441526924e+38	1.0462650209480168e+39
497973.2655788028	1.1296199638317927e+39	9.258338315764262e+36	4.718388323186497e+37	1.7577736177270346e+38	3.342481297222108e+38	6.170919692334234e+38	9.91628667501033e+38	9.002763550612445e+38	6.156343633523106e+38	1.3197731330457055e+38	3.919826059607279e+38	6.170919692334234e+38	7.979412814202e+38
524888.9966305326	9.340378227915388e+38	4.4094575717072136e+36	2.546242137158277e+37	1.0717963498889647e+38	2.1901308899874965e+38	4.405090453503512e+38	8.123985554749402e+38	7.735303833438126e+38	5.5417863825678534e+38	7.818064874132961e+37	2.6203744473421866e+38	4.405090453503512e+38	5.9810452949636245e+38
553263.8521837909	7.732633415675945e+38	2.0578180067501792e+36	1.3410148321891345e+37	6.378434203483141e+37	1.4027028193933524e+38	3.0824984110724663e+38	6.56935892785989e+38	6.580164704962195e+38	4.955294780509725e+38	4.518710126775513e+37	1.713176330683747e+38	3.0824984110724663e+38	4.404012903102743e+38
583176.9740376205	6.4098087313474e+38	9.472260787568393e+35	6.919550892244243e+36	3.710790852661743e+37	8.787176259275246e+37	2.1143130636650247e+38	5.240488853069149e+38	5.538841914859166e+38	4.39941659714896e+38	2.5535456676749993e+37	1.0959409736416532e+38	2.1143130636650247e+38	3.18454111827041e+38
614711.7959799194	5.32035168151559e+38	4.329176680287923e+35	3.5152215341598666e+36	2.1155783827505587e+37	5.391030421823642e+37	1.421919278268711e+38	4.122014223297476e+38	4.611044211213338e+38	3.876471423031901e+38	1.4150892377209553e+37	6.866755308567688e+37	1.421919278268711e+38	2.2611514708861813e+38
647956.2765336807	4.422166146153157e+38	1.974706345696604e+35	1.7676356179304988e+36	1.185840026711867e+37	3.245471870293926e+37	9.38254689675653e+37	3.195767610685211e+38	3.7946373709342225e+38	3.388469606568991e+38	7.719742614122428e+36	4.220811715866257e+37	9.38254689675653e+37	1.576802955153664e+38
683003.144328695	3.6808635273584626e+38	9.009564945978369e+34	8.841935897466663e+35	6.560989003871009e+36	1.9222676792091827e+37	6.081619614331822e+37	2.4415626282061736e+38	3.085674628000222e+38	2.9370320404229154e+38	4.1639470539916836e+36	2.5509818687211467e+37	6.081619614331822e+37	1.0804912162220246e+38
719950.1567848996	3.0683386309215008e+38	4.105844835408998e+34	4.414553707518721e+35	3.598078993079558e+36	1.12377573054085e+37	3.8789453186045464e+37	1.838072634715917e+38	2.4785199707978436e+38	2.523315780537343e+38	2.230329226959185e+36	1.520321410090843e+37	3.8789453186045464e+37	7.282295082778903e+37
758900.3728311793	2.5616099420445337e+38	1.8606536216838244e+34	2.2019500572756774e+35	1.9631168652411034e+36	6.507303446790973e+36	2.439890212980743e+37	1.3637299947011926e+38	1.9660625700232017e+38	2.1479511040663313e+38	1.1903777246990866e+36	8.964024045107195e+36	2.439890212980743e+37	4.834127469698964e+37
799962.4404231666	2.1418751391194218e+38	8.333505024556692e+33	1.095295991436426e+35	1.0682576673301841e+36	3.744706873929741e+36	1.5174975352353682e+37	9.975724231123086e+37	1.5400114000524127e+38	1.810995792258433e+38	6.341707817686786e+35	5.2461160695576153e+36	1.5174975352353682e+37	3.166356441181602e+37
843250.8996656269	1.7937417850978735e+38	3.665267355291264e+33	5.411868460410589e+34	5.8015394259164724e+35	2.1469435010894878e+36	9.358184789959649e+36	7.1997010709994505e+37	1.1912501755319325e+38	1.5119119776331592e+38	3.370987385826292e+35	3.0559100354312753e+36	9.358184789959649e+36	2.0508681992870742e+37
888886.502389459	1.5046006549579551e+38	1.5739622358144695e+33	2.642697969831258e+34	3.140248625912288e+35	1.2277627607875738e+36	5.736820887082443e+36	5.131834706752251e+37	9.102256154426385e+37	1.2495698092512515e+38	1.783551356140771e+35	1.7747793954890305e+36	5.736820887082443e+36	1.3166663844802664e+37
936996.5490803901	1.2641151490662528e+38	6.567626468814641e+32	1.2686859435170253e+34	1.6890349880156632e+35	7.000012121458223e+35	3.502631244178472e+36	3.6172370642658364e+37	6.87337879558493e+37	1.022280290708481e+38	9.356838535173493e+34	1.0278971733327425e+36	3.502631244178472e+36	8.39765597339331e+36
987715.2441062651	1.0638052144756636e+38	2.652484918522426e+32	5.959246506577361e+33	8.991707060316299e+34	3.9711220938078484e+35	2.1317743951336553e+36	2.525128378263269e+37	5.133019086867175e+37	8.278572008740272e+37	4.845714881709019e+34	5.9292240985181175e+35	2.1317743951336553e+36	5.330675596470766e+36
1041184.0702426239	8.967081726175963e+37	1.0335255757377106e+32	2.727658883788062e+33	4.717661216760038e+34	2.2347183373593046e+35	1.2928853721131081e+36	1.7486271635753806e+37	3.7945239105414256e+37	6.637051564286049e+37	2.466395538433501e+34	3.3977570974266385e+35	1.2928853721131081e+36	3.371449183752625e+36
1097552.1835522556	7.571022033655717e+37	3.874258559051183e+31	1.2124777804199988e+33	2.4296320273597684e+34	1.242967211238402e+35	7.801757519369285e+35	1.203095386827544e+37	2.7797274157313916e+37	5.26928146603554e+37	1.2289180346422702e+34	1.9280093929502016e+35	7.801757519369285e+35	2.1247367322377502e+36
1156976.8297338714	6.402808032730476e+37	1.3935672713534964e+31	5.219041667993283e+32	1.2238662432785862e+34	6.808255212994926e+34	4.672994751870956e+35	8.234982495667571e+36	2.0203827496531667e+37	4.1445046847619237e+37	5.973905849469787e+33	1.0794812718690518e+35	4.672994751870956e+35	1.3330637828768713e+36
1219623.78311822	5.423687798197702e+37	4.797921971022893e+30	2.1698858594260546e+32	6.011414684612465e+33	3.6599790954594434e+34	2.7701850152967866e+35	5.612512791137334e+36	1.4587424061079758e+37	3.2314060628014546e+37	2.8249329637912875e+33	5.943345223279689e+34	2.7701850152967866e+35	8.311554637580389e+35
1285667.8095572065	4.6017205130939835e+37	1.577191376770539e+30	8.693435869319651e+31	2.87159161725168e+33	1.9252451820199014e+34	1.6203749102871886e+35	3.80970992411478e+36	1.0473856866178844e+37	2.499282838888639e+37	1.2962135861245663e+33	3.2078816015206934e+34	1.6203749102871886e+35	5.1377582392311485e+35
1355293.154523243	3.9105502210388486e+37	4.9377299414564636e+29	3.3486628269808905e+31	1.3309387812785217e+33	9.883810960768501e+33	9.325102296063046e+34	2.5744421878264674e+36	7.484584758383143e+36	1.919059763664764e+37	5.758056223507068e+32	1.692785237417347e+34	9.325102296063046e+34	3.1403701901365513e+35
1428694.0578125485	3.3284037642086054e+37	1.4684560862917411e+29	1.2373754308329906e+31	5.972430999427593e+32	4.9407812837532096e+33	5.2659201628808805e+34	1.7301191162007307e+36	5.325227926722976e+36	1.4640822010836093e+37	2.4710334173952387e+32	8.71265643151913e+33	5.2659201628808805e+34	1.8930106475948647e+35
1506075.2963279416	2.837271954942827e+37	4.137420252899805e+28	4.376184853141759e+30	2.5894818437093635e+32	2.3999159605883428e+33	2.9110809614130254e+34	1.1545196752334886e+36	3.772135215200871e+36	1.1106505296588582e+37	1.022311097874383e+32	4.364577842738231e+33	2.9110809614130254e+34	1.1225484619666078e+35
1587652.7565043475	2.422239734864972e+37	1.1013802788190873e+28	1.4779018723666454e+30	1.0826028583032412e+32	1.1305219252503009e+33	1.572101257319151e+34	7.635781415201786e+35	2.6587133384761134e+36	8.382899775948279e+36	4.069025910723814e+31	2.1238590611087617e+33	1.572101257319151e+34	6.5335419224490665e+34
1673654.0380344733	2.0709380811346885e+37	2.762122472482222e+27	4.754589844704649e+29	4.35554385127386e+31	5.15496286696767e+32	8.277945797513249e+33	4.9953649393251215e+35	1.8627671753283818e+36	6.297796106534462e+36	1.5548553190062966e+31	1.0020497756604331e+33	8.277945797513249e+33	3.7247195714035455e+34
1764319.0906535897	1.7730951382946429e+37	6.506636778540426e+26	1.453531276344932e+29	1.682826397967243e+31	2.271033778870017e+32	4.2423278014152285e+33	3.2261061143549902e+35	1.2956020030411445e+36	4.7098581967892277e+36	5.691795603616738e+30	4.575485536156307e+32	4.2423278014152285e+33	2.076020112042505e+34
1859900.8858520328	1.5201683802281295e+37	1.435276510966988e+26	4.211784991498001e+28	6.230790856703832e+30	9.648366405399031e+31	2.112413210950864e+33	2.0528799284706595e+35	8.931886063520597e+35	3.5055804099078306e+36	1.991626415834721e+30	2.01823968350232e+32	2.112413210950864e+33	1.12931167465085e+34
1960666.1255029507	1.3050429224146202e+37	2.9551613719370484e+25	1.1536702233431345e+28	2.2060126069068364e+30	3.9452997404169805e+31	1.0202601150781057e+33	1.2848551641365163e+35	6.093490265374738e+35	2.5954652599207995e+36	6.646181699847361e+29	8.58395309161282e+31	1.0202601150781057e+33	5.98589130742275e+33
2066895.9895221821	1.121783878115044e+37	5.660242281042545e+24	2.9789772978849905e+27	7.451680633928037e+29	1.5496826477872206e+31	4.7715796211707566e+32	7.896596148077075e+34	4.107081022627821e+35	1.9099555000882822e+36	2.1101427182434764e+29	3.513602674492769e+31	4.7715796211707566e+32	3.086623494553457e+33
2178886.9248185176	9.654329132007054e+36	1.0050219771469872e+24	7.230511343323262e+26	2.395880906537703e+29	5.835182419303218e+30	2.1571610688426363e+32	4.758372679377449e+34	2.730627693514453e+35	1.3955333437946064e+36	6.358518535231666e+28	1.3813863969149806e+31	2.1571610688426363e+32	1.5459296617614718e+33
2296951.4779476733	8.318409653600988e+36	1.6482189588972482e+23	1.6446759652515633e+26	7.314489923126601e+28	2.1018196218078547e+30	9.410300072765102e+31	2.8072604551480387e+34	1.788167120043693e+35	1.0112550411188455e+36	1.8138042185237463e+28	5.205855524349683e+30	9.410300072765102e+31	7.508487560439769e+32
2421419.174054275	7.17530478450477e+36	2.4871101477394565e+22	3.494926623212269e+25	2.1150002831369774e+28	7.226216123778677e+29	3.9539640517472533e+31	1.6192262881308169e+34	1.1517594103178831e+35	7.258512048507787e+35	4.884888480625518e+27	1.8765831309686838e+30	3.9539640517472533e+31	3.5307236481249485e+32
2552637.444875532	6.195819576514356e+36	3.4394138566545124e+21	6.915440254841606e+24	5.776943987500337e+27	2.365963936887845e+29	1.5971694165879214e+31	9.118807791093225e+33	7.286970552638129e+34	5.15414083254899e+35	1.238622665444435e+27	6.456407777530607e+29	1.5971694165879214e+31	1.6047097910953353e+32
2690972.6087911855	5.355403205050529e+36	4.3408474088455425e+20	1.2698164360850986e+24	1.4864565966018668e+27	7.359586218657484e+28	6.190256132273059e+30	5.0070285515876206e+33	4.52283431235836e+34	3.616185658261264e+35	2.948369399279618e+26	2.1152991420734145e+29	6.190256132273059e+30	7.037213926467573e+31
2836810.9061404006	4.633375631340471e+36	4.978238587649818e+19	2.1560117240401382e+23	3.592743090789674e+26	2.169551131344059e+28	2.2973273513236412e+30	2.6769038816954986e+33	2.750513376025259e+34	2.5038712860007764e+35	6.568510029828565e+25	6.583844636908104e+28	2.2973273513236412e+30	2.9723511455128085e+31
2990559.59329207	4.012288155239628e+36	5.164327763166788e+18	3.372340395382461e+22	8.132410832302581e+25	6.04553785704307e+27	8.146583978245997e+29	1.3915002681331713e+33	1.6369035712129606e+34	1.708994055783354e+35	1.3652746106600882e+25	1.9419592669700402e+28	8.146583978245997e+29	1.2069496949524153e+31
3152648.0992558636	3.477393922218874e+36	4.823099965349569e+17	4.840509739430974e+21	1.7185980595935668e+25	1.588099817337518e+27	2.7542960149734148e+29	7.022673033438236e+32	9.521478427748645e+33	1.1485612596138568e+35	2.638804397067506e+24	5.414190368921642e+27	2.7542960149734148e+29	4.7025247849747644e+30
