#t	Le	U	B	V	R	I	J	H	K	g	r	i	z
#----------------------------------------------- 
3.222521072820162	0.0	0.0	0.0	0.0	0.0	0.0	0.0	0.0	0.0	0.0	0.0	0.0	0.0
3.3005567433795195	0.0	0.0	0.0	0.0	0.0	0.0	0.0	0.0	0.0	0.0	0.0	0.0	0.0
3.4564905475460614	0.0	0.0	0.0	0.0	0.0	0.0	0.0	0.0	0.0	0.0	0.0	0.0	0.0
3.640592209275351	0.0	0.0	0.0	0.0	0.0	0.0	0.0	0.0	0.0	0.0	0.0	0.0	0.0
3.8422455181860617	0.0	0.0	0.0	0.0	0.0	0.0	0.0	0.0	0.0	0.0	0.0	0.0	0.0
4.059980284225573	0.0	0.0	0.0	0.0	0.0	0.0	0.0	0.0	0.0	0.0	0.0	0.0	0.0
4.294078627668047	0.0	0.0	0.0	0.0	0.0	0.0	0.0	0.0	0.0	0.0	0.0	0.0	0.0
4.54534058693496	0.0	0.0	0.0	0.0	0.0	0.0	0.0	0.0	0.0	0.0	0.0	0.0	0.0
4.8147886626064915	0.0	0.0	0.0	0.0	0.0	0.0	0.0	0.0	0.0	0.0	0.0	0.0	0.0
5.103574830796699	0.0	0.0	0.0	0.0	0.0	0.0	0.0	0.0	0.0	0.0	0.0	0.0	0.0
5.412945145579507	0.0	0.0	0.0	0.0	0.0	0.0	0.0	0.0	0.0	0.0	0.0	0.0	0.0
5.744224096668364	0.0	0.0	0.0	0.0	0.0	0.0	0.0	0.0	0.0	0.0	0.0	0.0	0.0
6.0988066395833815	0.0	0.0	0.0	0.0	0.0	0.0	0.0	0.0	0.0	0.0	0.0	0.0	0.0
6.478153423492724	0.0	0.0	0.0	0.0	0.0	0.0	0.0	0.0	0.0	0.0	0.0	0.0	0.0
6.883787361998579	0.0	0.0	0.0	0.0	0.0	0.0	0.0	0.0	0.0	0.0	0.0	0.0	0.0
7.317290710290198	0.0	0.0	0.0	0.0	0.0	0.0	0.0	0.0	0.0	0.0	0.0	0.0	0.0
7.7803022501066605	0.0	0.0	0.0	0.0	0.0	0.0	0.0	0.0	0.0	0.0	0.0	0.0	0.0
8.274514391241825	0.0	0.0	0.0	0.0	0.0	0.0	0.0	0.0	0.0	0.0	0.0	0.0	0.0
8.801670106376958	0.0	0.0	0.0	0.0	0.0	0.0	0.0	0.0	0.0	0.0	0.0	0.0	0.0
9.363559678397822	0.0	0.0	0.0	0.0	0.0	0.0	0.0	0.0	0.0	0.0	0.0	0.0	0.0
9.962017279068025	0.0	0.0	0.0	0.0	0.0	0.0	0.0	0.0	0.0	0.0	0.0	0.0	0.0
10.598917425322274	0.0	0.0	0.0	0.0	0.0	0.0	0.0	0.0	0.0	0.0	0.0	0.0	0.0
11.276171378811936	0.0	0.0	0.0	0.0	0.0	0.0	0.0	0.0	0.0	0.0	0.0	0.0	0.0
11.995723567692892	0.0	0.0	0.0	0.0	0.0	0.0	0.0	0.0	0.0	0.0	0.0	0.0	0.0
12.759548117953175	0.0	0.0	0.0	0.0	0.0	0.0	0.0	0.0	0.0	0.0	0.0	0.0	0.0
13.56964558472004	0.0	0.0	0.0	0.0	0.0	0.0	0.0	0.0	0.0	0.0	0.0	0.0	0.0
14.42803997285544	0.0	0.0	0.0	0.0	0.0	0.0	0.0	0.0	0.0	0.0	0.0	0.0	0.0
15.33677613054065	0.0	0.0	0.0	0.0	0.0	0.0	0.0	0.0	0.0	0.0	0.0	0.0	0.0
16.2979175904047	0.0	0.0	0.0	0.0	0.0	0.0	0.0	0.0	0.0	0.0	0.0	0.0	0.0
17.3135449206683	0.0	0.0	0.0	0.0	0.0	0.0	0.0	0.0	0.0	0.0	0.0	0.0	0.0
18.38575463459333	0.0	0.0	0.0	0.0	0.0	0.0	0.0	0.0	0.0	0.0	0.0	0.0	0.0
19.51665869129772	0.0	0.0	0.0	0.0	0.0	0.0	0.0	0.0	0.0	0.0	0.0	0.0	0.0
20.708384605473217	0.0	0.0	0.0	0.0	0.0	0.0	0.0	0.0	0.0	0.0	0.0	0.0	0.0
21.96307616869861	0.0	0.0	0.0	0.0	0.0	0.0	0.0	0.0	0.0	0.0	0.0	0.0	0.0
23.282894771712957	0.0	0.0	0.0	0.0	0.0	0.0	0.0	0.0	0.0	0.0	0.0	0.0	0.0
24.670021305331282	0.0	0.0	0.0	0.0	0.0	0.0	0.0	0.0	0.0	0.0	0.0	0.0	0.0
26.126658608712354	0.0	0.0	0.0	0.0	0.0	0.0	0.0	0.0	0.0	0.0	0.0	0.0	0.0
27.655034426683585	0.0	0.0	0.0	0.0	0.0	0.0	0.0	0.0	0.0	0.0	0.0	0.0	0.0
29.257404833848174	0.0	0.0	0.0	0.0	0.0	0.0	0.0	0.0	0.0	0.0	0.0	0.0	0.0
30.936058081091335	0.0	0.0	0.0	0.0	0.0	0.0	0.0	0.0	0.0	0.0	0.0	0.0	0.0
32.69331882041972	0.0	0.0	0.0	0.0	0.0	0.0	0.0	0.0	0.0	0.0	0.0	0.0	0.0
34.53155266596588	0.0	0.0	0.0	0.0	0.0	0.0	0.0	0.0	0.0	0.0	0.0	0.0	0.0
36.45317105257868	0.0	0.0	0.0	0.0	0.0	0.0	0.0	0.0	0.0	0.0	0.0	0.0	0.0
38.46063635765172	0.0	0.0	0.0	0.0	0.0	0.0	0.0	0.0	0.0	0.0	0.0	0.0	0.0
40.556467257350945	0.0	0.0	0.0	0.0	0.0	0.0	0.0	0.0	0.0	0.0	0.0	0.0	0.0
42.743244294050214	0.0	0.0	0.0	0.0	0.0	0.0	0.0	0.0	0.0	0.0	0.0	0.0	0.0
45.02361563742597	0.0	0.0	0.0	0.0	0.0	0.0	0.0	0.0	0.0	0.0	0.0	0.0	0.0
47.400303027864155	0.0	0.0	0.0	0.0	0.0	0.0	0.0	0.0	0.0	0.0	0.0	0.0	0.0
49.876107896321486	0.0	0.0	0.0	0.0	0.0	0.0	0.0	0.0	0.0	0.0	0.0	0.0	0.0
52.45391766014174	0.0	0.0	0.0	0.0	0.0	0.0	0.0	0.0	0.0	0.0	0.0	0.0	0.0
55.13671219955718	0.0	0.0	0.0	0.0	0.0	0.0	0.0	0.0	0.0	0.0	0.0	0.0	0.0
57.927570524148244	0.0	0.0	0.0	0.0	0.0	0.0	0.0	0.0	0.0	0.0	0.0	0.0	0.0
60.829677642845525	0.0	0.0	0.0	0.0	0.0	0.0	0.0	0.0	0.0	0.0	0.0	0.0	0.0
63.84633165511063	0.0	0.0	0.0	0.0	0.0	0.0	0.0	0.0	0.0	0.0	0.0	0.0	0.0
66.98095108436611	0.0	0.0	0.0	0.0	0.0	0.0	0.0	0.0	0.0	0.0	0.0	0.0	0.0
70.23708247832289	0.0	0.0	0.0	0.0	0.0	0.0	0.0	0.0	0.0	0.0	0.0	0.0	0.0
73.6184083037773	0.0	0.0	0.0	0.0	0.0	0.0	0.0	0.0	0.0	0.0	0.0	0.0	0.0
77.12875516657954	0.0	0.0	0.0	0.0	0.0	0.0	0.0	0.0	0.0	0.0	0.0	0.0	0.0
80.77210239032753	0.0	0.0	0.0	0.0	0.0	0.0	0.0	0.0	0.0	0.0	0.0	0.0	0.0
84.55259099009308	0.0	0.0	0.0	0.0	0.0	0.0	0.0	0.0	0.0	0.0	0.0	0.0	0.0
88.47453308056765	0.0	0.0	0.0	0.0	0.0	0.0	0.0	0.0	0.0	0.0	0.0	0.0	0.0
92.5424217607291	0.0	0.0	0.0	0.0	0.0	0.0	0.0	0.0	0.0	0.0	0.0	0.0	0.0
96.76094152046154	0.0	0.0	0.0	0.0	0.0	0.0	0.0	0.0	0.0	0.0	0.0	0.0	0.0
101.134979217657	0.0	0.0	0.0	0.0	0.0	0.0	0.0	0.0	0.0	0.0	0.0	0.0	0.0
105.66963567805983	0.0	0.0	0.0	0.0	0.0	0.0	0.0	0.0	0.0	0.0	0.0	0.0	0.0
110.37023797378359	0.0	0.0	0.0	0.0	0.0	0.0	0.0	0.0	0.0	0.0	0.0	0.0	0.0
115.24235244075892	0.0	0.0	0.0	0.0	0.0	0.0	0.0	0.0	0.0	0.0	0.0	0.0	0.0
120.29179849999898	0.0	0.0	0.0	0.0	0.0	0.0	0.0	0.0	0.0	0.0	0.0	0.0	0.0
125.52466335251353	0.0	0.0	0.0	0.0	0.0	0.0	0.0	0.0	0.0	0.0	0.0	0.0	0.0
130.94731762355127	0.0	0.0	0.0	0.0	0.0	0.0	0.0	0.0	0.0	0.0	0.0	0.0	0.0
136.56643203789994	0.0	0.0	0.0	0.0	0.0	0.0	0.0	0.0	0.0	0.0	0.0	0.0	0.0
142.38899521499724	0.0	0.0	0.0	0.0	0.0	0.0	0.0	0.0	0.0	0.0	0.0	0.0	0.0
148.42233268021704	0.0	0.0	0.0	0.0	0.0	0.0	0.0	0.0	0.0	0.0	0.0	0.0	0.0
154.6741271972512	0.0	0.0	0.0	0.0	0.0	0.0	0.0	0.0	0.0	0.0	0.0	0.0	0.0
161.15244053594625	0.0	0.0	0.0	0.0	0.0	0.0	0.0	0.0	0.0	0.0	0.0	0.0	0.0
167.8657368004448	0.0	0.0	0.0	0.0	0.0	0.0	0.0	0.0	0.0	0.0	0.0	0.0	0.0
174.82290745437314	0.0	0.0	0.0	0.0	0.0	0.0	0.0	0.0	0.0	0.0	0.0	0.0	0.0
182.0332981925044	0.0	0.0	0.0	0.0	0.0	0.0	0.0	0.0	0.0	0.0	0.0	0.0	0.0
189.50673782331003	0.0	0.0	0.0	0.0	0.0	0.0	0.0	0.0	0.0	0.0	0.0	0.0	0.0
197.25356934251448	0.0	0.0	0.0	0.0	0.0	0.0	0.0	0.0	0.0	0.0	0.0	0.0	0.0
205.28468339647478	0.0	0.0	0.0	0.0	0.0	0.0	0.0	0.0	0.0	0.0	0.0	0.0	0.0
213.61155435369773	0.0	0.0	0.0	0.0	0.0	0.0	0.0	0.0	0.0	0.0	0.0	0.0	0.0
222.24627922609915	0.0	0.0	0.0	0.0	0.0	0.0	0.0	0.0	0.0	0.0	0.0	0.0	0.0
231.20161970655792	0.0	0.0	0.0	0.0	0.0	0.0	0.0	0.0	0.0	0.0	0.0	0.0	0.0
240.49104761774294	0.0	0.0	0.0	0.0	0.0	0.0	0.0	0.0	0.0	0.0	0.0	0.0	0.0
250.12879409926862	0.0	0.0	0.0	0.0	0.0	0.0	0.0	0.0	0.0	0.0	0.0	0.0	0.0
260.12990289581785	0.0	0.0	0.0	0.0	0.0	0.0	0.0	0.0	0.0	0.0	0.0	0.0	0.0
270.51028814961893	0.0	0.0	0.0	0.0	0.0	0.0	0.0	0.0	0.0	0.0	0.0	0.0	0.0
281.2867971455659	0.0	0.0	0.0	0.0	0.0	0.0	0.0	0.0	0.0	0.0	0.0	0.0	0.0
292.4772785094136	0.0	0.0	0.0	0.0	0.0	0.0	0.0	0.0	0.0	0.0	0.0	0.0	0.0
304.1006564167611	0.0	0.0	0.0	0.0	0.0	0.0	0.0	0.0	0.0	0.0	0.0	0.0	0.0
316.17701143718045	0.0	0.0	0.0	0.0	0.0	0.0	0.0	0.0	0.0	0.0	0.0	0.0	0.0
328.727668711702	0.0	0.0	0.0	0.0	0.0	0.0	0.0	0.0	0.0	0.0	0.0	0.0	0.0
341.7752942475089	0.0	0.0	0.0	0.0	0.0	0.0	0.0	0.0	0.0	0.0	0.0	0.0	0.0
355.34400020977034	0.0	0.0	0.0	0.0	0.0	0.0	0.0	0.0	0.0	0.0	0.0	0.0	0.0
369.4594602010774	0.0	0.0	0.0	0.0	0.0	0.0	0.0	0.0	0.0	0.0	0.0	0.0	0.0
384.149035644995	0.0	0.0	0.0	0.0	0.0	0.0	0.0	0.0	0.0	0.0	0.0	0.0	0.0
399.4419145343669	0.0	0.0	0.0	0.0	0.0	0.0	0.0	0.0	0.0	0.0	0.0	0.0	0.0
415.3692639707846	0.0	0.0	0.0	0.0	0.0	0.0	0.0	0.0	0.0	0.0	0.0	0.0	0.0
431.96439811222444	0.0	0.0	0.0	0.0	0.0	0.0	0.0	0.0	0.0	0.0	0.0	0.0	0.0
449.2629633648765	0.0	0.0	0.0	0.0	0.0	0.0	0.0	0.0	0.0	0.0	0.0	0.0	0.0
467.31804590815904	0.0	0.0	0.0	0.0	0.0	0.0	0.0	0.0	0.0	0.0	0.0	0.0	0.0
486.17070229670986	0.0	0.0	0.0	0.0	0.0	0.0	0.0	0.0	0.0	0.0	0.0	0.0	0.0
505.8650835015898	0.0	0.0	0.0	0.0	0.0	0.0	0.0	0.0	0.0	0.0	0.0	0.0	0.0
526.4487183085671	0.0	0.0	0.0	0.0	0.0	0.0	0.0	0.0	0.0	0.0	0.0	0.0	0.0
547.972828693523	0.0	0.0	0.0	0.0	0.0	0.0	0.0	0.0	0.0	0.0	0.0	0.0	0.0
570.4926814768398	0.0	0.0	0.0	0.0	0.0	0.0	0.0	0.0	0.0	0.0	0.0	0.0	0.0
594.0679811830674	0.0	0.0	0.0	0.0	0.0	0.0	0.0	0.0	0.0	0.0	0.0	0.0	0.0
618.7633098034285	0.0	0.0	0.0	0.0	0.0	0.0	0.0	0.0	0.0	0.0	0.0	0.0	0.0
644.6486200717535	0.0	0.0	0.0	0.0	0.0	0.0	0.0	0.0	0.0	0.0	0.0	0.0	0.0
671.7997899460986	0.0	0.0	0.0	0.0	0.0	0.0	0.0	0.0	0.0	0.0	0.0	0.0	0.0
700.2992472736224	0.0	0.0	0.0	0.0	0.0	0.0	0.0	0.0	0.0	0.0	0.0	0.0	0.0
730.2366751492552	0.0	0.0	0.0	0.0	0.0	0.0	0.0	0.0	0.0	0.0	0.0	0.0	0.0
761.7098103128868	0.0	0.0	0.0	0.0	0.0	0.0	0.0	0.0	0.0	0.0	0.0	0.0	0.0
794.8253491319476	0.0	0.0	0.0	0.0	0.0	0.0	0.0	0.0	0.0	0.0	0.0	0.0	0.0
829.6999783700865	0.0	0.0	0.0	0.0	0.0	0.0	0.0	0.0	0.0	0.0	0.0	0.0	0.0
866.4615511561575	0.0	0.0	0.0	0.0	0.0	0.0	0.0	0.0	0.0	0.0	0.0	0.0	0.0
905.2504324726787	0.0	0.0	0.0	0.0	0.0	0.0	0.0	0.0	0.0	0.0	0.0	0.0	0.0
946.2210432415073	0.0	0.0	0.0	0.0	0.0	0.0	0.0	0.0	0.0	0.0	0.0	0.0	0.0
989.5436379258055	0.0	0.0	0.0	0.0	0.0	0.0	0.0	0.0	0.0	0.0	0.0	0.0	0.0
1035.4063577546635	0.0	0.0	0.0	0.0	0.0	0.0	0.0	0.0	0.0	0.0	0.0	0.0	0.0
1084.017610578163	0.0	0.0	0.0	0.0	0.0	0.0	0.0	0.0	0.0	0.0	0.0	0.0	0.0
1135.6088394354308	0.0	0.0	0.0	0.0	0.0	0.0	0.0	0.0	0.0	0.0	0.0	0.0	0.0
1190.4377557721232	0.0	0.0	0.0	0.0	0.0	0.0	0.0	0.0	0.0	0.0	0.0	0.0	0.0
1248.7921306742057	0.0	0.0	0.0	0.0	0.0	0.0	0.0	0.0	0.0	0.0	0.0	0.0	0.0
1310.994259560074	0.0	0.0	0.0	0.0	0.0	0.0	0.0	0.0	0.0	0.0	0.0	0.0	0.0
1377.406243890589	0.0	0.0	0.0	0.0	0.0	0.0	0.0	0.0	0.0	0.0	0.0	0.0	0.0
1448.4362695399168	0.0	0.0	0.0	0.0	0.0	0.0	0.0	0.0	0.0	0.0	0.0	0.0	0.0
1524.5461080880884	0.0	0.0	0.0	0.0	0.0	0.0	0.0	0.0	0.0	0.0	0.0	0.0	0.0
1606.2601280061497	0.0	0.0	0.0	0.0	0.0	0.0	0.0	0.0	0.0	0.0	0.0	0.0	0.0
1694.176182395007	0.0	0.0	0.0	0.0	0.0	0.0	0.0	0.0	0.0	0.0	0.0	0.0	0.0
1788.9788454813345	0.0	0.0	0.0	0.0	0.0	0.0	0.0	0.0	0.0	0.0	0.0	0.0	0.0
1891.455611117783	0.0	0.0	0.0	0.0	0.0	0.0	0.0	0.0	0.0	0.0	0.0	0.0	0.0
2002.516856945877	0.0	0.0	0.0	0.0	0.0	0.0	0.0	0.0	0.0	0.0	0.0	0.0	0.0
2123.2206376538875	0.0	0.0	0.0	0.0	0.0	0.0	0.0	0.0	0.0	0.0	0.0	0.0	0.0
2254.803729274634	0.0	0.0	0.0	0.0	0.0	0.0	0.0	0.0	0.0	0.0	0.0	0.0	0.0
2398.720847387543	0.0	0.0	0.0	0.0	0.0	0.0	0.0	0.0	0.0	0.0	0.0	0.0	0.0
2556.6946714512997	0.0	0.0	0.0	0.0	0.0	0.0	0.0	0.0	0.0	0.0	0.0	0.0	0.0
2730.7803267116014	0.0	0.0	0.0	0.0	0.0	0.0	0.0	0.0	0.0	0.0	0.0	0.0	0.0
2923.449463121695	0.0	0.0	0.0	0.0	0.0	0.0	0.0	0.0	0.0	0.0	0.0	0.0	0.0
3137.7012809766925	0.0	0.0	0.0	0.0	0.0	0.0	0.0	0.0	0.0	0.0	0.0	0.0	0.0
3377.211199887896	0.0	0.0	0.0	0.0	0.0	0.0	0.0	0.0	0.0	0.0	0.0	0.0	0.0
3646.5330441587093	0.0	0.0	0.0	0.0	0.0	0.0	0.0	0.0	0.0	0.0	0.0	0.0	0.0
3951.378814692149	0.0	0.0	0.0	0.0	0.0	0.0	0.0	0.0	0.0	0.0	0.0	0.0	0.0
4299.0134459377905	0.0	0.0	0.0	0.0	0.0	0.0	0.0	0.0	0.0	0.0	0.0	0.0	0.0
4698.82427388406	0.0	0.0	0.0	0.0	0.0	0.0	0.0	0.0	0.0	0.0	0.0	0.0	0.0
5163.163633434642	0.0	0.0	0.0	0.0	0.0	0.0	0.0	0.0	0.0	0.0	0.0	0.0	0.0
5708.63272086333	0.0	0.0	0.0	0.0	0.0	0.0	0.0	0.0	0.0	0.0	0.0	0.0	0.0
6358.106358382013	0.0	0.0	0.0	0.0	0.0	0.0	0.0	0.0	0.0	0.0	0.0	0.0	0.0
7144.059838109091	0.0	0.0	0.0	0.0	0.0	0.0	0.0	0.0	0.0	0.0	0.0	0.0	0.0
8114.313910310755	0.0	0.0	0.0	0.0	0.0	0.0	0.0	0.0	0.0	0.0	0.0	0.0	0.0
9342.587431385813	1.1924560038009246e+30	6.380211997827444e+28	3.8000755635213047e+28	2.0948611218561524e+28	1.385074421998899e+28	7.717814180234253e+27	2.0469231877394352e+27	1.0257813302916392e+27	3.943252909942406e+26	2.437160634375012e+28	1.2207181055629e+28	7.717814180234253e+27	5.183066117695825e+27
10949.472948211354	1.0698926248550348e+34	7.408603863336563e+32	4.457682459197249e+32	2.4791140005880016e+32	1.6470326810719756e+32	9.227588299618431e+31	2.4679128512092766e+31	1.2403449075245998e+31	4.782161151650933e+30	2.8784295899524347e+32	1.4534756946664882e+32	9.227588299618431e+31	6.215608740624406e+31
12832.802116590256	7.374163211085605e+36	6.454260104172746e+35	3.925060971051624e+35	2.203080390923405e+35	1.4710004930412185e+35	8.288183161449556e+34	2.2359950664009807e+34	1.127161581354144e+34	4.359048915629211e+33	2.552592559954673e+35	1.2998850806026508e+35	8.288183161449556e+34	5.600259151351287e+34
15040.139214301907	6.893088817496325e+38	8.097749497292149e+37	5.002857729174689e+37	2.846449617580882e+37	1.9146593751091175e+37	1.0878096883542295e+37	2.972231411642619e+36	1.504867626165094e+36	5.845629220835721e+35	3.2878777522927986e+37	1.6952989978533093e+37	1.0878096883542295e+37	7.383897427204056e+36
17627.23741422035	1.654972730922302e+40	2.459868765046084e+39	1.5427768450928404e+39	8.892002713276705e+38	6.023193792303339e+38	3.4491087385169205e+38	9.537495927364456e+37	4.848789435578504e+37	1.8913461026140572e+37	1.0240951551579953e+39	5.343161662844708e+38	3.4491087385169205e+38	2.351318632668536e+38
20659.444059432888	7.295993627027392e+40	1.4525441705841566e+40	9.319537169004068e+39	5.476946524373297e+39	3.7491047427641435e+39	2.172324662476409e+39	6.1150142033415805e+38	3.1278239594281155e+38	1.2275830660027293e+38	6.280116926585328e+39	3.335208241945429e+39	2.172324662476409e+39	1.4904721954818486e+39
24213.351597455585	7.749073575654017e+40	1.9917734894591944e+40	1.3102183657758446e+40	7.865602719265594e+39	5.446245402998185e+39	3.1963863892249325e+39	9.173018878407016e+38	4.72286620961947e+38	1.8658687564491532e+38	8.975786899501746e+39	4.8598778224054713e+39	3.1963863892249325e+39	2.208455357616656e+39
28378.732786959088	8.970194020742054e+40	2.911419304016772e+40	1.9714381373839987e+40	1.2130282846892352e+40	8.510986010306682e+39	5.0692909626673144e+39	1.4872985881512896e+39	7.71502659905775e+38	3.0709271556099216e+38	1.3765653863344805e+40	7.621561520265986e+39	5.0692909626673144e+39	3.5306489152503014e+39
33260.80976728456	1.0902155171799792e+41	4.411595659366221e+40	3.0954424111656557e+40	1.9630395769980406e+40	1.399786239236581e+40	8.488657305326742e+39	2.5581748364039256e+39	1.3390105646583608e+39	5.3781106641235215e+38	2.2125738970246805e+40	1.258928334172216e+40	8.488657305326742e+39	5.969998971412697e+39
38982.91329091964	1.1756941603269068e+41	5.827403282692141e+40	4.2769851448345964e+40	2.817908479015247e+40	2.0507961617497255e+40	1.2721272536698682e+40	3.964588300154759e+39	2.098576962872827e+39	8.523612862815887e+38	3.148907296738308e+40	1.8544919260561705e+40	1.2721272536698682e+40	9.05675731396691e+39
45689.59709918917	1.2312168188936173e+41	7.230298526223582e+40	5.611554575395152e+40	3.8769880408844127e+40	2.894029366424691e+40	1.846298465851277e+40	5.99726699176516e+39	3.218507259305095e+39	1.3251872242518125e+39	4.286297265360874e+40	2.6347467375929074e+40	1.846298465851277e+40	1.334466263690176e+40
53550.29299586573	1.3396233389674595e+41	8.785802771370544e+40	7.241424254987547e+40	5.266449676694973e+40	4.040541322480176e+40	2.6571567213405587e+40	9.0248162543031e+39	4.915165505869847e+39	2.0534241137238727e+39	5.755488212324113e+40	3.705512385783664e+40	2.6571567213405587e+40	1.9521182575268684e+40
62763.58761905012	1.4219195796411076e+41	9.938253541027572e+40	8.80359278950589e+40	6.810762571010135e+40	5.401280218766016e+40	3.684519010217495e+40	1.3204131050804583e+40	7.31925973304833e+39	3.111250159320941e+39	7.340078327635552e+40	4.997305674542326e+40	3.684519010217495e+40	2.7606320458121145e+40
73562.24084661576	1.4563305163777795e+41	1.020945235427946e+41	9.873144102314e+40	8.24175852850039e+40	6.809790905508884e+40	4.861733389062871e+40	1.8626223820743984e+40	1.0553184935898022e+40	4.5830726545153986e+39	8.730554038171458e+40	6.369851608534617e+40	4.861733389062871e+40	3.7329201104538914e+40
86219.06484076656	1.4859382437981809e+41	9.727883124047446e+40	1.039159395223824e+41	9.467608797452368e+40	8.204477179829097e+40	6.177725442370739e+40	2.5599991454662925e+40	1.4881838906826676e+40	6.627125844441671e+39	9.831273894770477e+40	7.773115628725187e+40	6.177725442370739e+40	4.881609807535807e+40
101053.8170805364	1.513949620214329e+41	8.579447335600583e+40	1.0257082078860857e+41	1.0325584452906596e+41	9.45121594255333e+40	7.567225751835359e+40	3.434032767513383e+40	2.0564894508043155e+40	9.426552607578797e+39	1.0480540672832532e+41	9.087018037333632e+40	7.567225751835359e+40	6.181699108270551e+40
118441.27907186115	1.5271738756811926e+41	6.906829782428187e+40	9.335083900596171e+40	1.0501442701999667e+41	1.0227593081006962e+41	8.788894928715831e+40	4.437029311745758e+40	2.7524663320208065e+40	1.3057873026428592e+40	1.038957491958409e+41	1.0000450388755339e+41	8.788894928715831e+40	7.463330930722449e+40
138820.72505424783	1.7269334646142565e+41	6.434485927619626e+40	9.30396639615172e+40	1.1265121738642896e+41	1.1487944681060975e+41	1.0447345316994648e+41	5.791956806187412e+40	3.7134399148255885e+40	1.8207032165395682e+40	1.0946699143553882e+41	1.138073269014957e+41	1.0447345316994648e+41	9.168526624561133e+40
162707.02010382427	4.163306385810598e+41	1.9702417457059136e+41	2.4853917468207833e+41	2.680697433069329e+41	2.5741878915134043e+41	2.1965001796143743e+41	1.1191596947999213e+41	7.002766054186927e+40	3.359254713817318e+40	2.673047076328886e+41	2.51052812192775e+41	2.1965001796143743e+41	1.8661179254079316e+41
190703.6279553638	7.99374243571984e+41	3.9389521488859986e+41	4.886996743725006e+41	5.160938640389025e+41	4.885818703294754e+41	4.0933648476169574e+41	2.020818475807689e+41	1.2501017228318373e+41	5.928009326605848e+40	5.173911507145398e+41	4.745215346024625e+41	4.0933648476169574e+41	3.4398346488991982e+41
223517.85722430784	1.0000138769294879e+42	4.360930221571637e+41	5.7712651660271706e+41	6.440862176007467e+41	6.282652111413588e+41	5.444333085551925e+41	2.8303933458063953e+41	1.782248751249015e+41	8.602743954463879e+40	6.376797553600446e+41	6.151160763046504e+41	5.444333085551925e+41	4.660861850559456e+41
261978.73118042722	9.149461381185572e+41	2.876459299700069e+41	4.3892699076552694e+41	5.56577357897775e+41	5.83038876119249e+41	5.483689110545981e+41	3.236722440297371e+41	2.128795382834206e+41	1.073093385088494e+41	5.3508188817425195e+41	5.820262167669593e+41	5.483689110545981e+41	4.913059960212895e+41
307057.9324827834	6.644189968720039e+41	1.1594722766826424e+41	2.1680041530342032e+41	3.3236353098031315e+41	3.881729549382303e+41	4.146531315342837e+41	2.998006777581577e+41	2.118289985023116e+41	1.1484194216231e+41	3.0569398650984016e+41	3.992759434843249e+41	4.146531315342837e+41	3.991761252166399e+41
359894.35154819797	3.902213932085437e+41	2.8397947457996664e+40	6.406053705637082e+40	1.2440990846857296e+41	1.6870230414548232e+41	2.1633863904693777e+41	2.1205427686633845e+41	1.6746502869776427e+41	1.0191567906089184e+41	1.0793711182254721e+41	1.8102551721149074e+41	2.1633863904693777e+41	2.3156508923711064e+41
421822.86050224135	2.834790281501216e+41	8.060900544072712e+39	1.3079956040078541e+40	2.677888650253677e+40	4.1469639193601063e+40	6.568182924077128e+40	9.869611217144253e+40	9.281774212306864e+40	6.82488078852627e+40	2.239922849330222e+40	4.6548442983070835e+40	6.568182924077128e+40	8.082694126775407e+40
494408.03820478986	7.754621466020817e+40	4.467318315083314e+39	4.359652442214207e+39	5.2621816640376587e+39	7.320988413607526e+39	1.2819084873816046e+40	2.9533130324610632e+40	3.382271142414385e+40	3.1528669420580144e+40	4.847412847834679e+39	8.253787109573525e+39	1.2819084873816046e+40	1.791174626877511e+40
579483.7005192675	3.4714719062190717e+40	3.2481273354430044e+39	3.0496422358709847e+39	2.744509820975475e+39	2.697024703875042e+39	3.3111872928704086e+39	8.616111179536255e+39	1.1909472300493003e+40	1.4047308465285308e+40	2.8121481231958357e+39	2.7469510019884407e+39	3.3111872928704086e+39	4.3838469517465374e+39
679199.226180529	2.1658280660126158e+40	2.3344594458433203e+39	2.2691363454600288e+39	2.0468615950161386e+39	1.8552943440162913e+39	1.72464251290394e+39	3.641635397279882e+39	5.68519043386272e+39	7.773630793180898e+39	2.1142659758991836e+39	1.8042800937031345e+39	1.72464251290394e+39	1.9027077663106512e+39
796073.8615039284	1.4778399606787394e+40	1.6315789795931574e+39	1.6460982991475238e+39	1.5472819920748614e+39	1.4185196415010793e+39	1.2050481900995375e+39	1.508641587735463e+39	2.6819653855262896e+39	4.70107398732047e+39	1.5832974346571825e+39	1.372849513813171e+39	1.2050481900995375e+39	1.1052521268235588e+39
933060.3677843616	1.0281703509220383e+40	1.1093567045964921e+39	1.1594836939125562e+39	1.1386649983826147e+39	1.0758790238399233e+39	9.34997305701705e+38	7.00321366951666e+38	1.0568576562426232e+39	2.4100905597463752e+39	1.1520402227338728e+39	1.0498269788157488e+39	9.34997305701705e+38	8.230932555780879e+38
1093619.6210589139	7.100999142304306e+39	7.346444093872168e+38	7.937302989123273e+38	8.126977427115174e+38	7.920003588231516e+38	7.188150077753068e+38	4.645752331219232e+38	4.41314657643158e+38	9.489126265541693e+38	8.132737121216711e+38	7.802691945884674e+38	7.188150077753068e+38	6.464977199942523e+38
1281808.04908148	4.8195549835680405e+39	4.7432353396551316e+38	5.2881798100224546e+38	5.6306037247496405e+38	5.651796737937148e+38	5.360961867016227e+38	3.6880674409325785e+38	2.7882817026986026e+38	3.2430360888780864e+38	5.576672010929646e+38	5.620411192369748e+38	5.360961867016227e+38	4.9694013056964326e+38
1502380.1145510294	3.210533181092542e+39	2.986994147791832e+38	3.4336763336995395e+38	3.79249648628708e+38	3.91382126806513e+38	3.873314461866894e+38	2.9407829727017163e+38	2.231109483608797e+38	1.5384611327785872e+38	3.720132910159466e+38	3.9267634216127335e+38	3.873314461866894e+38	3.7009339861589e+38
1760908.4337694694	2.1054163353346306e+39	1.833289278292292e+38	2.174810412728739e+38	2.487428649201393e+38	2.634229083917989e+38	2.7132743765483632e+38	2.2775298189697225e+38	1.8131498823198408e+38	1.160918116388467e+38	2.4180134665138877e+38	2.664927736052661e+38	2.7132743765483632e+38	2.6696164267719205e+38
2063924.565453252	1.365578125747098e+39	1.0939701480724236e+38	1.3435924848844543e+38	1.5908506251553571e+38	1.7262003863191764e+38	1.8454672407303865e+38	1.7080189242838946e+38	1.4330377742207458e+38	9.697026065776504e+37	1.5330820769439025e+38	1.7598378415128593e+38	1.8454672407303865e+38	1.8667762140817797e+38
2419084.0266414625	8.803022618154688e+38	6.317644002575539e+37	8.08407221646549e+37	9.928047305297776e+37	1.1029691013505282e+38	1.22094134125453e+38	1.2401257820878578e+38	1.0972354336616712e+38	7.9592478087831875e+37	9.483994077771193e+37	1.1326788014244846e+38	1.22094134125453e+38	1.2673276261811715e+38
2835359.7047256846	5.662453110008888e+38	3.505889027597195e+37	4.720288178095203e+37	6.0428944857042e+37	6.877608891682706e+37	7.870875022164435e+37	8.723202321900188e+37	8.13256868546632e+37	6.343060070996082e+37	5.718016544294442e+37	7.113431903368009e+37	7.870875022164435e+37	8.368291401058084e+37
3323268.5520372684	3.6484683650468214e+38	1.851565053141625e+37	2.6588334654109162e+37	3.5794271057609046e+37	4.183920671186982e+37	4.950690275147724e+37	5.952839461277731e+37	5.835580691381073e+37	4.898296745470924e+37	3.349622827723411e+37	4.359695809662915e+37	4.950690275147724e+37	5.3842398840927055e+37
3895137.290290738	2.359118772716575e+38	9.194328409763249e+36	1.432441380868129e+37	2.054191608753762e+37	2.478195105525055e+37	3.039554564919212e+37	3.948373332997351e+37	4.05762432360005e+37	3.661674780152548e+37	1.896164758918097e+37	2.604033079928577e+37	3.039554564919212e+37	3.3802955989449894e+37
4565413.837741778	1.5319526741847487e+38	4.231667462392785e+36	7.299564925787902e+36	1.1341904884901397e+37	1.4232018624043346e+37	1.8197967334970323e+37	2.5504593784861926e+37	2.7383556469490956e+37	2.649271266160505e+37	1.0289232310204003e+37	1.5106506338896667e+37	1.8197967334970323e+37	2.071772416781768e+37
