#t	Le	U	B	V	R	I	J	H	K	g	r	i	z
#----------------------------------------------- 
2.981965994818276	0.0	0.0	0.0	0.0	0.0	0.0	0.0	0.0	0.0	0.0	0.0	0.0	0.0
3.0609341231524025	0.0	0.0	0.0	0.0	0.0	0.0	0.0	0.0	0.0	0.0	0.0	0.0	0.0
3.1582071509884933	0.0	0.0	0.0	0.0	0.0	0.0	0.0	0.0	0.0	0.0	0.0	0.0	0.0
3.26247072576188	0.0	0.0	0.0	0.0	0.0	0.0	0.0	0.0	0.0	0.0	0.0	0.0	0.0
3.3723983886467472	0.0	0.0	0.0	0.0	0.0	0.0	0.0	0.0	0.0	0.0	0.0	0.0	0.0
3.48786705425708	0.0	0.0	0.0	0.0	0.0	0.0	0.0	0.0	0.0	0.0	0.0	0.0	0.0
3.609024463405253	0.0	0.0	0.0	0.0	0.0	0.0	0.0	0.0	0.0	0.0	0.0	0.0	0.0
3.7361152344508666	0.0	0.0	0.0	0.0	0.0	0.0	0.0	0.0	0.0	0.0	0.0	0.0	0.0
3.869433756293855	0.0	0.0	0.0	0.0	0.0	0.0	0.0	0.0	0.0	0.0	0.0	0.0	0.0
4.009308581522024	0.0	0.0	0.0	0.0	0.0	0.0	0.0	0.0	0.0	0.0	0.0	0.0	0.0
4.156096882191894	0.0	0.0	0.0	0.0	0.0	0.0	0.0	0.0	0.0	0.0	0.0	0.0	0.0
4.310182761837782	0.0	0.0	0.0	0.0	0.0	0.0	0.0	0.0	0.0	0.0	0.0	0.0	0.0
4.471977287355438	0.0	0.0	0.0	0.0	0.0	0.0	0.0	0.0	0.0	0.0	0.0	0.0	0.0
4.6419194092462	0.0	0.0	0.0	0.0	0.0	0.0	0.0	0.0	0.0	0.0	0.0	0.0	0.0
4.820477418323081	0.0	0.0	0.0	0.0	0.0	0.0	0.0	0.0	0.0	0.0	0.0	0.0	0.0
5.008150783623527	0.0	0.0	0.0	0.0	0.0	0.0	0.0	0.0	0.0	0.0	0.0	0.0	0.0
5.20547230477372	0.0	0.0	0.0	0.0	0.0	0.0	0.0	0.0	0.0	0.0	0.0	0.0	0.0
5.413010555663813	0.0	0.0	0.0	0.0	0.0	0.0	0.0	0.0	0.0	0.0	0.0	0.0	0.0
5.631372619904992	0.0	0.0	0.0	0.0	0.0	0.0	0.0	0.0	0.0	0.0	0.0	0.0	0.0
5.861207132917116	0.0	0.0	0.0	0.0	0.0	0.0	0.0	0.0	0.0	0.0	0.0	0.0	0.0
6.103207655502249	0.0	0.0	0.0	0.0	0.0	0.0	0.0	0.0	0.0	0.0	0.0	0.0	0.0
6.358116411793976	0.0	0.0	0.0	0.0	0.0	0.0	0.0	0.0	0.0	0.0	0.0	0.0	0.0
6.62672843180956	0.0	0.0	0.0	0.0	0.0	0.0	0.0	0.0	0.0	0.0	0.0	0.0	0.0
6.9098961461952575	0.0	0.0	0.0	0.0	0.0	0.0	0.0	0.0	0.0	0.0	0.0	0.0	0.0
7.208534488631303	0.0	0.0	0.0	0.0	0.0	0.0	0.0	0.0	0.0	0.0	0.0	0.0	0.0
7.523626570114461	0.0	0.0	0.0	0.0	0.0	0.0	0.0	0.0	0.0	0.0	0.0	0.0	0.0
7.85622999924936	0.0	0.0	0.0	0.0	0.0	0.0	0.0	0.0	0.0	0.0	0.0	0.0	0.0
8.207483934102104	0.0	0.0	0.0	0.0	0.0	0.0	0.0	0.0	0.0	0.0	0.0	0.0	0.0
8.578616964461187	0.0	0.0	0.0	0.0	0.0	0.0	0.0	0.0	0.0	0.0	0.0	0.0	0.0
8.97095593883112	0.0	0.0	0.0	0.0	0.0	0.0	0.0	0.0	0.0	0.0	0.0	0.0	0.0
9.385935868711236	0.0	0.0	0.0	0.0	0.0	0.0	0.0	0.0	0.0	0.0	0.0	0.0	0.0
9.825111064142236	0.0	0.0	0.0	0.0	0.0	0.0	0.0	0.0	0.0	0.0	0.0	0.0	0.0
10.290167679903544	0.0	0.0	0.0	0.0	0.0	0.0	0.0	0.0	0.0	0.0	0.0	0.0	0.0
10.782937881873622	0.0	0.0	0.0	0.0	0.0	0.0	0.0	0.0	0.0	0.0	0.0	0.0	0.0
11.305415878951646	0.0	0.0	0.0	0.0	0.0	0.0	0.0	0.0	0.0	0.0	0.0	0.0	0.0
11.85977610884892	0.0	0.0	0.0	0.0	0.0	0.0	0.0	0.0	0.0	0.0	0.0	0.0	0.0
12.448393917560836	0.0	0.0	0.0	0.0	0.0	0.0	0.0	0.0	0.0	0.0	0.0	0.0	0.0
13.073869134252764	0.0	0.0	0.0	0.0	0.0	0.0	0.0	0.0	0.0	0.0	0.0	0.0	0.0
13.739053018307194	0.0	0.0	0.0	0.0	0.0	0.0	0.0	0.0	0.0	0.0	0.0	0.0	0.0
14.447079146159476	0.0	0.0	0.0	0.0	0.0	0.0	0.0	0.0	0.0	0.0	0.0	0.0	0.0
15.20139891635516	0.0	0.0	0.0	0.0	0.0	0.0	0.0	0.0	0.0	0.0	0.0	0.0	0.0
16.005822486986425	0.0	0.0	0.0	0.0	0.0	0.0	0.0	0.0	0.0	0.0	0.0	0.0	0.0
16.86456612629743	0.0	0.0	0.0	0.0	0.0	0.0	0.0	0.0	0.0	0.0	0.0	0.0	0.0
17.782307163342725	0.0	0.0	0.0	0.0	0.0	0.0	0.0	0.0	0.0	0.0	0.0	0.0	0.0
18.764247981225626	0.0	0.0	0.0	0.0	0.0	0.0	0.0	0.0	0.0	0.0	0.0	0.0	0.0
19.81619081450619	0.0	0.0	0.0	0.0	0.0	0.0	0.0	0.0	0.0	0.0	0.0	0.0	0.0
20.944625512612607	0.0	0.0	0.0	0.0	0.0	0.0	0.0	0.0	0.0	0.0	0.0	0.0	0.0
22.15683293609611	0.0	0.0	0.0	0.0	0.0	0.0	0.0	0.0	0.0	0.0	0.0	0.0	0.0
23.461007293485206	0.0	0.0	0.0	0.0	0.0	0.0	0.0	0.0	0.0	0.0	0.0	0.0	0.0
24.86640154500456	0.0	0.0	0.0	0.0	0.0	0.0	0.0	0.0	0.0	0.0	0.0	0.0	0.0
26.38350105208046	0.0	0.0	0.0	0.0	0.0	0.0	0.0	0.0	0.0	0.0	0.0	0.0	0.0
28.024232014127794	0.0	0.0	0.0	0.0	0.0	0.0	0.0	0.0	0.0	0.0	0.0	0.0	0.0
29.80221301167361	0.0	0.0	0.0	0.0	0.0	0.0	0.0	0.0	0.0	0.0	0.0	0.0	0.0
31.733060311977425	0.0	0.0	0.0	0.0	0.0	0.0	0.0	0.0	0.0	0.0	0.0	0.0	0.0
33.83476069145084	0.0	0.0	0.0	0.0	0.0	0.0	0.0	0.0	0.0	0.0	0.0	0.0	0.0
36.12812967375899	0.0	0.0	0.0	0.0	0.0	0.0	0.0	0.0	0.0	0.0	0.0	0.0	0.0
38.63737867901991	0.0	0.0	0.0	0.0	0.0	0.0	0.0	0.0	0.0	0.0	0.0	0.0	0.0
41.39082221451303	0.0	0.0	0.0	0.0	0.0	0.0	0.0	0.0	0.0	0.0	0.0	0.0	0.0
44.421766767023726	0.0	0.0	0.0	0.0	0.0	0.0	0.0	0.0	0.0	0.0	0.0	0.0	0.0
47.76963775015784	0.0	0.0	0.0	0.0	0.0	0.0	0.0	0.0	0.0	0.0	0.0	0.0	0.0
51.481421623386055	0.0	0.0	0.0	0.0	0.0	0.0	0.0	0.0	0.0	0.0	0.0	0.0	0.0
55.613530044451416	0.0	0.0	0.0	0.0	0.0	0.0	0.0	0.0	0.0	0.0	0.0	0.0	0.0
60.23423616454825	0.0	0.0	0.0	0.0	0.0	0.0	0.0	0.0	0.0	0.0	0.0	0.0	0.0
65.42689707913877	0.0	0.0	0.0	0.0	0.0	0.0	0.0	0.0	0.0	0.0	0.0	0.0	0.0
71.29427255544249	0.0	0.0	0.0	0.0	0.0	0.0	0.0	0.0	0.0	0.0	0.0	0.0	0.0
77.96439753161059	0.0	0.0	0.0	0.0	0.0	0.0	0.0	0.0	0.0	0.0	0.0	0.0	0.0
85.59869676826634	0.0	0.0	0.0	0.0	0.0	0.0	0.0	0.0	0.0	0.0	0.0	0.0	0.0
94.40340047543252	0.0	0.0	0.0	0.0	0.0	0.0	0.0	0.0	0.0	0.0	0.0	0.0	0.0
104.6459301367873	0.0	0.0	0.0	0.0	0.0	0.0	0.0	0.0	0.0	0.0	0.0	0.0	0.0
116.67896020723795	0.0	0.0	0.0	0.0	0.0	0.0	0.0	0.0	0.0	0.0	0.0	0.0	0.0
130.9766823302917	0.0	0.0	0.0	0.0	0.0	0.0	0.0	0.0	0.0	0.0	0.0	0.0	0.0
148.1911258584093	0.0	0.0	0.0	0.0	0.0	0.0	0.0	0.0	0.0	0.0	0.0	0.0	0.0
169.24275049923074	0.0	0.0	0.0	0.0	0.0	0.0	0.0	0.0	0.0	0.0	0.0	0.0	0.0
195.47236213053435	0.0	0.0	0.0	0.0	0.0	0.0	0.0	0.0	0.0	0.0	0.0	0.0	0.0
228.9090156658823	0.0	0.0	0.0	0.0	0.0	0.0	0.0	0.0	0.0	0.0	0.0	0.0	0.0
272.7728365564989	0.0	0.0	0.0	0.0	0.0	0.0	0.0	0.0	0.0	0.0	0.0	0.0	0.0
332.4968552372466	0.0	0.0	0.0	0.0	0.0	0.0	0.0	0.0	0.0	0.0	0.0	0.0	0.0
418.0351329727307	0.0	0.0	0.0	0.0	0.0	0.0	0.0	0.0	0.0	0.0	0.0	0.0	0.0
525.5809677865265	0.0	0.0	0.0	0.0	0.0	0.0	0.0	0.0	0.0	0.0	0.0	0.0	0.0
660.7968057874807	0.0	0.0	0.0	0.0	0.0	0.0	0.0	0.0	0.0	0.0	0.0	0.0	0.0
830.8021666220112	0.0	0.0	0.0	0.0	0.0	0.0	0.0	0.0	0.0	0.0	0.0	0.0	0.0
1044.5484669372192	0.0	0.0	0.0	0.0	0.0	0.0	0.0	0.0	0.0	0.0	0.0	0.0	0.0
1313.290382502515	0.0	0.0	0.0	0.0	0.0	0.0	0.0	0.0	0.0	0.0	0.0	0.0	0.0
1651.1784962269337	0.0	0.0	0.0	0.0	0.0	0.0	0.0	0.0	0.0	0.0	0.0	0.0	0.0
2076.0044405953963	0.0	0.0	0.0	0.0	0.0	0.0	0.0	0.0	0.0	0.0	0.0	0.0	0.0
2610.13777310252	0.0	0.0	0.0	0.0	0.0	0.0	0.0	0.0	0.0	0.0	0.0	0.0	0.0
3281.7039198630987	0.0	0.0	0.0	0.0	0.0	0.0	0.0	0.0	0.0	0.0	0.0	0.0	0.0
4126.065217296366	0.0	0.0	0.0	0.0	0.0	0.0	0.0	0.0	0.0	0.0	0.0	0.0	0.0
5187.683043277357	0.0	0.0	0.0	0.0	0.0	0.0	0.0	0.0	0.0	0.0	0.0	0.0	0.0
6522.4590967399545	0.0	0.0	0.0	0.0	0.0	0.0	0.0	0.0	0.0	0.0	0.0	0.0	0.0
8200.679126116016	0.0	0.0	0.0	0.0	0.0	0.0	0.0	0.0	0.0	0.0	0.0	0.0	0.0
10310.714123458918	0.0	0.0	0.0	0.0	0.0	0.0	0.0	0.0	0.0	0.0	0.0	0.0	0.0
12963.673908760353	0.0	0.0	0.0	0.0	0.0	0.0	0.0	0.0	0.0	0.0	0.0	0.0	0.0
16299.25814441833	4.5271904535265774e+29	2.9746052540431265e+28	1.786063530255472e+28	9.91519272342847e+27	6.580816084363544e+27	3.6828357885407847e+27	9.832907653060861e+26	4.938985741710456e+26	1.9030852962705814e+26	1.1516971766040703e+28	5.805907738157975e+27	3.6828357885407847e+27	2.479200499754185e+27
20493.113020017005	2.099236813141253e+35	1.999228061318332e+34	1.2211179525927103e+34	6.879796356503468e+33	4.603059958049688e+33	2.5995380947061114e+33	7.037869466685191e+32	3.552101877148093e+32	1.3753962065839848e+32	7.964449990142161e+33	4.069846528607497e+33	2.5995380947061114e+33	1.758717001997772e+33
25766.080427492943	5.2095807942790184e+38	7.296374478370448e+37	4.558479499419698e+37	2.618650173475869e+37	1.770622833351203e+37	1.0118846002586028e+37	2.789521816537302e+36	1.416685555343585e+36	5.520148709946014e+35	3.0181729916126504e+37	1.569959317668024e+37	1.0118846002586028e+37	6.890596256210263e+36
32395.827412654857	3.8706617649909417e+40	8.43795588508663e+39	5.45984060031411e+39	3.231941924629359e+39	2.220977636648225e+39	1.29251278576385e+39	3.662382345726819e+38	1.877504142468735e+38	7.385316413648468e+37	3.6998415568924616e+39	1.9778477717164555e+39	1.29251278576385e+39	8.889268100312819e+38
40731.46783149809	7.682503458768044e+40	2.3810685082714216e+40	1.6025057257087266e+40	9.809131865708104e+39	6.86322250465436e+39	4.075163093812096e+39	1.1900758732375555e+39	6.16355518792943e+38	2.449509645690923e+38	1.1144634268181328e+40	6.141412522261295e+39	4.075163093812096e+39	2.833475541452215e+39
51211.94644955946	1.0313856556682046e+41	4.2940730518173595e+40	3.0302589359658635e+40	1.9310222022476495e+40	1.3805154946936475e+40	8.39579423934292e+39	2.5409560332273978e+39	1.3318896381885434e+39	5.3570962723519685e+38	2.1741177392256533e+40	1.2424515220690288e+40	8.39579423934292e+39	5.913821381666574e+39
64389.154463831765	1.2342259465338556e+41	6.656106742779527e+40	5.007900327351166e+40	3.3695099259272027e+40	2.4798403833543884e+40	1.5574267343323425e+40	4.943125117533069e+39	2.6324651766072237e+39	1.0756601813793085e+39	3.7475491748696663e+40	2.2491592234697163e+40	1.5574267343323425e+40	1.1162017962749462e+40
80956.99848685651	1.42385477355815e+41	9.240150130675868e+40	7.55448846125361e+40	5.455075101316551e+40	4.168988267553667e+40	2.7296707592838664e+40	9.210784333805224e+39	5.005528600459987e+39	2.086662176948067e+39	5.9713304522973875e+40	3.819310083163433e+40	2.7296707592838664e+40	2.0006372318653098e+40
101787.9275028346	1.584348085307896e+41	1.1183746827745026e+41	1.0160370230832807e+41	8.029578337434722e+40	6.439959121812438e+40	4.447534199307774e+40	1.6224503418163917e+40	9.045470859348052e+39	3.866693841127727e+39	8.612387834039453e+40	5.9760850283573895e+40	4.447534199307774e+40	3.3542371919623784e+40
127978.88144775687	1.6926290980805882e+41	1.1414991646067287e+41	1.1862914696964461e+41	1.0533307914542092e+41	8.995307014841825e+40	6.659981105605531e+40	2.689700516740744e+40	1.5501351633871558e+40	6.844457160982465e+39	1.1003666024375685e+41	8.488361268103467e+40	6.659981105605531e+40	5.213934383500526e+40
160909.05527235518	1.804424546783819e+41	9.969129775489262e+40	1.2170100154002373e+41	1.2448440720584017e+41	1.1481971503248396e+41	9.263765789814856e+40	4.2437886416019405e+40	2.548044580980232e+40	1.1706819003025241e+40	1.2592066167164627e+41	1.1060793211723579e+41	9.263765789814856e+40	7.595762774475062e+40
202312.52635930982	1.8908656069664137e+41	7.216209060192575e+40	1.0606956963606844e+41	1.2826082464840838e+41	1.298378796388672e+41	1.1640923660356205e+41	6.243332563306835e+40	3.947427740021857e+40	1.9068402307330158e+40	1.2484133408298386e+41	1.2826364380513715e+41	1.1640923660356205e+41	1.0109982440601628e+41
254369.569791444	1.890233262665814e+41	4.0185184250199516e+40	7.388866754412767e+40	1.0956343927718407e+41	1.244181656648396e+41	1.2730257218774654e+41	8.350539963247462e+40	5.644824263237083e+40	2.9097804245960906e+40	1.0172703585224623e+41	1.2682197606968324e+41	1.2730257218774654e+41	1.1892412617979001e+41
319821.4700301715	1.8316635790202615e+41	1.7689859633702897e+40	4.1579537739648855e+40	7.740522428069925e+40	1.0018067552853354e+41	1.1952952215095013e+41	1.000282711075483e+41	7.352053540066605e+40	4.1155966785351796e+40	6.815349998441217e+40	1.0586903387481232e+41	1.1952952215095013e+41	1.2178375397713215e+41
402114.8740324032	1.7737957191330997e+41	7.046707245460961e+39	2.0897532114978401e+40	4.849197355983295e+40	7.142041581958561e+40	9.954918408048767e+40	1.0799442201807155e+41	8.726667369283387e+40	5.382176942046768e+40	4.05379992214434e+40	7.82513870727754e+40	9.954918408048767e+40	1.1099988544096988e+41
505583.28902457433	2.059344566982197e+41	4.6288378140790896e+39	1.5522661690068537e+40	4.066281184237151e+40	6.446719183826106e+40	9.849304435646514e+40	1.2608599354518606e+41	1.0894689339569236e+41	7.237227954213157e+40	3.3021421245183943e+40	7.213012165368533e+40	9.849304435646514e+40	1.1607061371949633e+41
635675.2816517164	1.9432059628814976e+41	1.3066645821890166e+39	5.909384780696195e+39	2.0327667974322405e+40	3.7574265313029957e+40	6.861668498043928e+40	1.1685257148246303e+41	1.1194999173022855e+41	8.291326610718879e+40	1.5500887587351187e+40	4.384534191580902e+40	6.861668498043928e+40	8.941922281366551e+40
799241.3950037147	1.275793512639345e+41	9.18548624373872e+38	1.0787759605138296e+39	3.39206055274567e+39	7.912162660499835e+39	2.0179406395139307e+40	6.020203041544779e+40	7.052709422809916e+40	6.431633252929142e+40	2.43913900180604e+39	9.956010322976542e+39	2.0179406395139307e+40	3.2019927278186353e+40
1004894.8925461861	5.407110169767301e+40	8.116873196857427e+38	5.547320166511099e+38	4.0164511323597444e+38	5.0008007576975395e+38	1.4208599392704104e+39	1.0911523660668888e+40	1.8754023829985548e+40	2.5674563539396312e+40	4.192056680658738e+38	5.9780342845664986e+38	1.4208599392704104e+39	3.024689574651896e+39
1263465.3268721525	1.4405543205732762e+40	6.58136254929706e+38	4.677104153803872e+38	3.0271660162109682e+38	2.1932931212183717e+38	1.4066374050586816e+38	3.734431858099565e+38	1.2114785182826012e+39	3.5311219365760296e+39	3.393517168542872e+38	1.9844923592855213e+38	1.4066374050586816e+38	1.206043051857767e+38
1588568.8132556244	5.954618663887555e+39	5.0987347859003114e+38	3.817106736402571e+38	2.594020980289162e+38	1.9304272893940275e+38	1.2335869219160804e+38	4.782608285135432e+37	7.708509133519853e+37	3.7798972473233826e+38	2.8751140214699888e+38	1.757287220351388e+38	1.2335869219160804e+38	8.956194579628499e+37
1997325.0412138076	3.291547753899199e+39	3.7101610414753835e+38	2.9500421476426712e+38	2.123603442156356e+38	1.6343694694180777e+38	1.0866707961057949e+38	3.8301352058562205e+37	2.4649859386155264e+37	6.070367683951827e+37	2.3220389229468135e+38	1.501712017471441e+38	1.0866707961057949e+38	8.058101521117715e+37
2511258.7840965083	1.899435973364547e+39	2.5145941958850168e+38	2.1414181652935085e+38	1.6478894934584652e+38	1.3194966529555265e+38	9.20080839338498e+37	3.4854397188448235e+37	1.9908266385340268e+37	1.3010786884900122e+37	1.7735780411560295e+38	1.2259035242943926e+38	9.20080839338498e+37	7.011976330711506e+37
3157433.3752149884	1.0939899322833444e+39	1.5735885681558624e+38	1.4477460634986772e+38	1.202163567602625e+38	1.0077936779850042e+38	7.432251605493979e+37	3.0927818582333687e+37	1.8180091103827224e+37	8.394216805648938e+36	1.2705595130540145e+38	9.485138099218469e+37	7.432251605493979e+37	5.852410644809913e+37
3969875.839706349	6.270287844582668e+38	9.002715740606855e+37	9.036374926158764e+37	8.175291068754506e+37	7.221279254831675e+37	5.682074458809111e+37	2.644332333137751e+37	1.6205038989826143e+37	7.655280691579334e+36	8.464659950137838e+37	6.898352198333814e+37	5.682074458809111e+37	4.649556478844618e+37
4991368.728317762	3.578550628365652e+38	4.64924375796636e+37	5.156163641673873e+37	5.137577324197217e+37	4.81315637542757e+37	4.0770263502967e+37	2.162743235861686e+37	1.3937357465664383e+37	6.939798070767946e+36	5.198034057535544e+37	4.675929054462262e+37	4.0770263502967e+37	3.4875345460295234e+37
