#t	Le	U	B	V	R	I	J	H	K	g	r	i	z
#----------------------------------------------- 
27.83744588985902	0.0	0.0	0.0	0.0	0.0	0.0	0.0	0.0	0.0	0.0	0.0	0.0	0.0
27.947248312823106	0.0	0.0	0.0	0.0	0.0	0.0	0.0	0.0	0.0	0.0	0.0	0.0	0.0
28.811147818069674	0.0	0.0	0.0	0.0	0.0	0.0	0.0	0.0	0.0	0.0	0.0	0.0	0.0
29.48687781061743	0.0	0.0	0.0	0.0	0.0	0.0	0.0	0.0	0.0	0.0	0.0	0.0	0.0
30.18953742425905	0.0	0.0	0.0	0.0	0.0	0.0	0.0	0.0	0.0	0.0	0.0	0.0	0.0
30.913497506394553	0.0	0.0	0.0	0.0	0.0	0.0	0.0	0.0	0.0	0.0	0.0	0.0	0.0
31.657804275929504	0.0	0.0	0.0	0.0	0.0	0.0	0.0	0.0	0.0	0.0	0.0	0.0	0.0
32.42240061288778	0.0	0.0	0.0	0.0	0.0	0.0	0.0	0.0	0.0	0.0	0.0	0.0	0.0
33.20749995529689	0.0	0.0	0.0	0.0	0.0	0.0	0.0	0.0	0.0	0.0	0.0	0.0	0.0
34.01342108594495	0.0	0.0	0.0	0.0	0.0	0.0	0.0	0.0	0.0	0.0	0.0	0.0	0.0
34.8405314438961	0.0	0.0	0.0	0.0	0.0	0.0	0.0	0.0	0.0	0.0	0.0	0.0	0.0
35.68922399281538	0.0	0.0	0.0	0.0	0.0	0.0	0.0	0.0	0.0	0.0	0.0	0.0	0.0
36.55990651904373	0.0	0.0	0.0	0.0	0.0	0.0	0.0	0.0	0.0	0.0	0.0	0.0	0.0
37.45299617354923	0.0	0.0	0.0	0.0	0.0	0.0	0.0	0.0	0.0	0.0	0.0	0.0	0.0
38.368916458132816	0.0	0.0	0.0	0.0	0.0	0.0	0.0	0.0	0.0	0.0	0.0	0.0	0.0
39.30809544404258	0.0	0.0	0.0	0.0	0.0	0.0	0.0	0.0	0.0	0.0	0.0	0.0	0.0
40.27096465492979	0.0	0.0	0.0	0.0	0.0	0.0	0.0	0.0	0.0	0.0	0.0	0.0	0.0
41.257958327288904	0.0	0.0	0.0	0.0	0.0	0.0	0.0	0.0	0.0	0.0	0.0	0.0	0.0
42.26951289780872	0.0	0.0	0.0	0.0	0.0	0.0	0.0	0.0	0.0	0.0	0.0	0.0	0.0
43.30606663204322	0.0	0.0	0.0	0.0	0.0	0.0	0.0	0.0	0.0	0.0	0.0	0.0	0.0
44.36805934563589	0.0	0.0	0.0	0.0	0.0	0.0	0.0	0.0	0.0	0.0	0.0	0.0	0.0
45.45593218857346	0.0	0.0	0.0	0.0	0.0	0.0	0.0	0.0	0.0	0.0	0.0	0.0	0.0
46.57012747399271	0.0	0.0	0.0	0.0	0.0	0.0	0.0	0.0	0.0	0.0	0.0	0.0	0.0
47.71108853939278	0.0	0.0	0.0	0.0	0.0	0.0	0.0	0.0	0.0	0.0	0.0	0.0	0.0
48.879259633451184	0.0	0.0	0.0	0.0	0.0	0.0	0.0	0.0	0.0	0.0	0.0	0.0	0.0
50.075085821021084	0.0	0.0	0.0	0.0	0.0	0.0	0.0	0.0	0.0	0.0	0.0	0.0	0.0
51.29901290502024	0.0	0.0	0.0	0.0	0.0	0.0	0.0	0.0	0.0	0.0	0.0	0.0	0.0
52.55148736077687	0.0	0.0	0.0	0.0	0.0	0.0	0.0	0.0	0.0	0.0	0.0	0.0	0.0
53.83295628140833	0.0	0.0	0.0	0.0	0.0	0.0	0.0	0.0	0.0	0.0	0.0	0.0	0.0
55.14386733261986	0.0	0.0	0.0	0.0	0.0	0.0	0.0	0.0	0.0	0.0	0.0	0.0	0.0
56.484668715671866	0.0	0.0	0.0	0.0	0.0	0.0	0.0	0.0	0.0	0.0	0.0	0.0	0.0
57.85580913797982	0.0	0.0	0.0	0.0	0.0	0.0	0.0	0.0	0.0	0.0	0.0	0.0	0.0
59.25773778929708	0.0	0.0	0.0	0.0	0.0	0.0	0.0	0.0	0.0	0.0	0.0	0.0	0.0
60.69090432480369	0.0	0.0	0.0	0.0	0.0	0.0	0.0	0.0	0.0	0.0	0.0	0.0	0.0
62.15575885208222	0.0	0.0	0.0	0.0	0.0	0.0	0.0	0.0	0.0	0.0	0.0	0.0	0.0
63.652751923910245	0.0	0.0	0.0	0.0	0.0	0.0	0.0	0.0	0.0	0.0	0.0	0.0	0.0
65.18233453445075	0.0	0.0	0.0	0.0	0.0	0.0	0.0	0.0	0.0	0.0	0.0	0.0	0.0
66.74495812024345	0.0	0.0	0.0	0.0	0.0	0.0	0.0	0.0	0.0	0.0	0.0	0.0	0.0
68.34107456395918	0.0	0.0	0.0	0.0	0.0	0.0	0.0	0.0	0.0	0.0	0.0	0.0	0.0
69.97113620202634	0.0	0.0	0.0	0.0	0.0	0.0	0.0	0.0	0.0	0.0	0.0	0.0	0.0
71.63559583574113	0.0	0.0	0.0	0.0	0.0	0.0	0.0	0.0	0.0	0.0	0.0	0.0	0.0
73.33490674461613	0.0	0.0	0.0	0.0	0.0	0.0	0.0	0.0	0.0	0.0	0.0	0.0	0.0
75.06952270295193	0.0	0.0	0.0	0.0	0.0	0.0	0.0	0.0	0.0	0.0	0.0	0.0	0.0
76.83989799961985	0.0	0.0	0.0	0.0	0.0	0.0	0.0	0.0	0.0	0.0	0.0	0.0	0.0
78.64648745972028	0.0	0.0	0.0	0.0	0.0	0.0	0.0	0.0	0.0	0.0	0.0	0.0	0.0
80.48974646964565	0.0	0.0	0.0	0.0	0.0	0.0	0.0	0.0	0.0	0.0	0.0	0.0	0.0
82.37013100425112	0.0	0.0	0.0	0.0	0.0	0.0	0.0	0.0	0.0	0.0	0.0	0.0	0.0
84.2880976569282	0.0	0.0	0.0	0.0	0.0	0.0	0.0	0.0	0.0	0.0	0.0	0.0	0.0
86.2441036720004	0.0	0.0	0.0	0.0	0.0	0.0	0.0	0.0	0.0	0.0	0.0	0.0	0.0
88.23860698014946	0.0	0.0	0.0	0.0	0.0	0.0	0.0	0.0	0.0	0.0	0.0	0.0	0.0
90.27206623621396	0.0	0.0	0.0	0.0	0.0	0.0	0.0	0.0	0.0	0.0	0.0	0.0	0.0
92.34494086028545	0.0	0.0	0.0	0.0	0.0	0.0	0.0	0.0	0.0	0.0	0.0	0.0	0.0
94.45769108011945	0.0	0.0	0.0	0.0	0.0	0.0	0.0	0.0	0.0	0.0	0.0	0.0	0.0
96.61077797859448	0.0	0.0	0.0	0.0	0.0	0.0	0.0	0.0	0.0	0.0	0.0	0.0	0.0
98.80466354189258	0.0	0.0	0.0	0.0	0.0	0.0	0.0	0.0	0.0	0.0	0.0	0.0	0.0
101.03981071197899	0.0	0.0	0.0	0.0	0.0	0.0	0.0	0.0	0.0	0.0	0.0	0.0	0.0
103.31668344141754	0.0	0.0	0.0	0.0	0.0	0.0	0.0	0.0	0.0	0.0	0.0	0.0	0.0
105.63574675225979	0.0	0.0	0.0	0.0	0.0	0.0	0.0	0.0	0.0	0.0	0.0	0.0	0.0
107.99746679617509	0.0	0.0	0.0	0.0	0.0	0.0	0.0	0.0	0.0	0.0	0.0	0.0	0.0
110.40231091983331	0.0	0.0	0.0	0.0	0.0	0.0	0.0	0.0	0.0	0.0	0.0	0.0	0.0
112.85074773207147	0.0	0.0	0.0	0.0	0.0	0.0	0.0	0.0	0.0	0.0	0.0	0.0	0.0
115.34324717462432	0.0	0.0	0.0	0.0	0.0	0.0	0.0	0.0	0.0	0.0	0.0	0.0	0.0
117.88028059695317	0.0	0.0	0.0	0.0	0.0	0.0	0.0	0.0	0.0	0.0	0.0	0.0	0.0
120.46232083323454	0.0	0.0	0.0	0.0	0.0	0.0	0.0	0.0	0.0	0.0	0.0	0.0	0.0
123.08984228332851	0.0	0.0	0.0	0.0	0.0	0.0	0.0	0.0	0.0	0.0	0.0	0.0	0.0
125.76332099692566	0.0	0.0	0.0	0.0	0.0	0.0	0.0	0.0	0.0	0.0	0.0	0.0	0.0
128.48323476162238	0.0	0.0	0.0	0.0	0.0	0.0	0.0	0.0	0.0	0.0	0.0	0.0	0.0
131.25006319320272	0.0	0.0	0.0	0.0	0.0	0.0	0.0	0.0	0.0	0.0	0.0	0.0	0.0
134.0642878305035	0.0	0.0	0.0	0.0	0.0	0.0	0.0	0.0	0.0	0.0	0.0	0.0	0.0
136.92639223274784	0.0	0.0	0.0	0.0	0.0	0.0	0.0	0.0	0.0	0.0	0.0	0.0	0.0
139.83686208096643	0.0	0.0	0.0	0.0	0.0	0.0	0.0	0.0	0.0	0.0	0.0	0.0	0.0
142.79618528214777	0.0	0.0	0.0	0.0	0.0	0.0	0.0	0.0	0.0	0.0	0.0	0.0	0.0
145.80485207739113	0.0	0.0	0.0	0.0	0.0	0.0	0.0	0.0	0.0	0.0	0.0	0.0	0.0
148.86335515239244	0.0	0.0	0.0	0.0	0.0	0.0	0.0	0.0	0.0	0.0	0.0	0.0	0.0
151.9721897524068	0.0	0.0	0.0	0.0	0.0	0.0	0.0	0.0	0.0	0.0	0.0	0.0	0.0
155.13185379896993	0.0	0.0	0.0	0.0	0.0	0.0	0.0	0.0	0.0	0.0	0.0	0.0	0.0
158.34284801139503	0.0	0.0	0.0	0.0	0.0	0.0	0.0	0.0	0.0	0.0	0.0	0.0	0.0
161.60567603023523	0.0	0.0	0.0	0.0	0.0	0.0	0.0	0.0	0.0	0.0	0.0	0.0	0.0
164.92084454457995	0.0	0.0	0.0	0.0	0.0	0.0	0.0	0.0	0.0	0.0	0.0	0.0	0.0
168.28886342175582	0.0	0.0	0.0	0.0	0.0	0.0	0.0	0.0	0.0	0.0	0.0	0.0	0.0
171.71024584078395	0.0	0.0	0.0	0.0	0.0	0.0	0.0	0.0	0.0	0.0	0.0	0.0	0.0
175.185508428541	0.0	0.0	0.0	0.0	0.0	0.0	0.0	0.0	0.0	0.0	0.0	0.0	0.0
178.71517139842402	0.0	0.0	0.0	0.0	0.0	0.0	0.0	0.0	0.0	0.0	0.0	0.0	0.0
182.29975869250097	0.0	0.0	0.0	0.0	0.0	0.0	0.0	0.0	0.0	0.0	0.0	0.0	0.0
185.93979812686348	0.0	0.0	0.0	0.0	0.0	0.0	0.0	0.0	0.0	0.0	0.0	0.0	0.0
189.63582153870536	0.0	0.0	0.0	0.0	0.0	0.0	0.0	0.0	0.0	0.0	0.0	0.0	0.0
193.3883649371538	0.0	0.0	0.0	0.0	0.0	0.0	0.0	0.0	0.0	0.0	0.0	0.0	0.0
197.1979686559222	0.0	0.0	0.0	0.0	0.0	0.0	0.0	0.0	0.0	0.0	0.0	0.0	0.0
201.06517751022562	0.0	0.0	0.0	0.0	0.0	0.0	0.0	0.0	0.0	0.0	0.0	0.0	0.0
204.99054095496584	0.0	0.0	0.0	0.0	0.0	0.0	0.0	0.0	0.0	0.0	0.0	0.0	0.0
208.97461324589537	0.0	0.0	0.0	0.0	0.0	0.0	0.0	0.0	0.0	0.0	0.0	0.0	0.0
213.01795360386336	0.0	0.0	0.0	0.0	0.0	0.0	0.0	0.0	0.0	0.0	0.0	0.0	0.0
217.12112638171183	0.0	0.0	0.0	0.0	0.0	0.0	0.0	0.0	0.0	0.0	0.0	0.0	0.0
221.2847012329965	0.0	0.0	0.0	0.0	0.0	0.0	0.0	0.0	0.0	0.0	0.0	0.0	0.0
225.50925328435576	0.0	0.0	0.0	0.0	0.0	0.0	0.0	0.0	0.0	0.0	0.0	0.0	0.0
229.79536330958516	0.0	0.0	0.0	0.0	0.0	0.0	0.0	0.0	0.0	0.0	0.0	0.0	0.0
234.1436179071635	0.0	0.0	0.0	0.0	0.0	0.0	0.0	0.0	0.0	0.0	0.0	0.0	0.0
238.55460967931268	0.0	0.0	0.0	0.0	0.0	0.0	0.0	0.0	0.0	0.0	0.0	0.0	0.0
243.02893741497905	0.0	0.0	0.0	0.0	0.0	0.0	0.0	0.0	0.0	0.0	0.0	0.0	0.0
247.5672062741523	0.0	0.0	0.0	0.0	0.0	0.0	0.0	0.0	0.0	0.0	0.0	0.0	0.0
252.17002797579158	0.0	0.0	0.0	0.0	0.0	0.0	0.0	0.0	0.0	0.0	0.0	0.0	0.0
256.8380209880059	0.0	0.0	0.0	0.0	0.0	0.0	0.0	0.0	0.0	0.0	0.0	0.0	0.0
261.57181072057165	0.0	0.0	0.0	0.0	0.0	0.0	0.0	0.0	0.0	0.0	0.0	0.0	0.0
266.3720297211046	0.0	0.0	0.0	0.0	0.0	0.0	0.0	0.0	0.0	0.0	0.0	0.0	0.0
271.2393178727307	0.0	0.0	0.0	0.0	0.0	0.0	0.0	0.0	0.0	0.0	0.0	0.0	0.0
276.17432259576606	0.0	0.0	0.0	0.0	0.0	0.0	0.0	0.0	0.0	0.0	0.0	0.0	0.0
281.17769905118445	0.0	0.0	0.0	0.0	0.0	0.0	0.0	0.0	0.0	0.0	0.0	0.0	0.0
286.25011034823234	0.0	0.0	0.0	0.0	0.0	0.0	0.0	0.0	0.0	0.0	0.0	0.0	0.0
291.3922277530791	0.0	0.0	0.0	0.0	0.0	0.0	0.0	0.0	0.0	0.0	0.0	0.0	0.0
296.6047309027563	0.0	0.0	0.0	0.0	0.0	0.0	0.0	0.0	0.0	0.0	0.0	0.0	0.0
301.88830802023944	0.0	0.0	0.0	0.0	0.0	0.0	0.0	0.0	0.0	0.0	0.0	0.0	0.0
307.24365613359305	0.0	0.0	0.0	0.0	0.0	0.0	0.0	0.0	0.0	0.0	0.0	0.0	0.0
312.67148129811466	0.0	0.0	0.0	0.0	0.0	0.0	0.0	0.0	0.0	0.0	0.0	0.0	0.0
318.1724988218567	0.0	0.0	0.0	0.0	0.0	0.0	0.0	0.0	0.0	0.0	0.0	0.0	0.0
323.7474334947084	0.0	0.0	0.0	0.0	0.0	0.0	0.0	0.0	0.0	0.0	0.0	0.0	0.0
329.3970198198359	0.0	0.0	0.0	0.0	0.0	0.0	0.0	0.0	0.0	0.0	0.0	0.0	0.0
335.1220022504884	0.0	0.0	0.0	0.0	0.0	0.0	0.0	0.0	0.0	0.0	0.0	0.0	0.0
340.9231354287843	0.0	0.0	0.0	0.0	0.0	0.0	0.0	0.0	0.0	0.0	0.0	0.0	0.0
346.8011844292084	0.0	0.0	0.0	0.0	0.0	0.0	0.0	0.0	0.0	0.0	0.0	0.0	0.0
352.7569250055487	0.0	0.0	0.0	0.0	0.0	0.0	0.0	0.0	0.0	0.0	0.0	0.0	0.0
358.79114384240125	0.0	0.0	0.0	0.0	0.0	0.0	0.0	0.0	0.0	0.0	0.0	0.0	0.0
364.9046388090496	0.0	0.0	0.0	0.0	0.0	0.0	0.0	0.0	0.0	0.0	0.0	0.0	0.0
371.0982192203681	0.0	0.0	0.0	0.0	0.0	0.0	0.0	0.0	0.0	0.0	0.0	0.0	0.0
377.3727060996409	0.0	0.0	0.0	0.0	0.0	0.0	0.0	0.0	0.0	0.0	0.0	0.0	0.0
383.72893244673617	0.0	0.0	0.0	0.0	0.0	0.0	0.0	0.0	0.0	0.0	0.0	0.0	0.0
390.16774351101355	0.0	0.0	0.0	0.0	0.0	0.0	0.0	0.0	0.0	0.0	0.0	0.0	0.0
396.6899970714524	0.0	0.0	0.0	0.0	0.0	0.0	0.0	0.0	0.0	0.0	0.0	0.0	0.0
403.2965637174632	0.0	0.0	0.0	0.0	0.0	0.0	0.0	0.0	0.0	0.0	0.0	0.0	0.0
409.98832713581555	0.0	0.0	0.0	0.0	0.0	0.0	0.0	0.0	0.0	0.0	0.0	0.0	0.0
416.76618440336983	0.0	0.0	0.0	0.0	0.0	0.0	0.0	0.0	0.0	0.0	0.0	0.0	0.0
423.6310462857645	0.0	0.0	0.0	0.0	0.0	0.0	0.0	0.0	0.0	0.0	0.0	0.0	0.0
430.58383754021725	0.0	0.0	0.0	0.0	0.0	0.0	0.0	0.0	0.0	0.0	0.0	0.0	0.0
437.62549722601045	0.0	0.0	0.0	0.0	0.0	0.0	0.0	0.0	0.0	0.0	0.0	0.0	0.0
444.7569790191717	0.0	0.0	0.0	0.0	0.0	0.0	0.0	0.0	0.0	0.0	0.0	0.0	0.0
451.9792515336885	0.0	0.0	0.0	0.0	0.0	0.0	0.0	0.0	0.0	0.0	0.0	0.0	0.0
459.29329865008197	0.0	0.0	0.0	0.0	0.0	0.0	0.0	0.0	0.0	0.0	0.0	0.0	0.0
466.70011984910406	0.0	0.0	0.0	0.0	0.0	0.0	0.0	0.0	0.0	0.0	0.0	0.0	0.0
474.20073055227624	0.0	0.0	0.0	0.0	0.0	0.0	0.0	0.0	0.0	0.0	0.0	0.0	0.0
481.79616247018214	0.0	0.0	0.0	0.0	0.0	0.0	0.0	0.0	0.0	0.0	0.0	0.0	0.0
489.48746395658884	0.0	0.0	0.0	0.0	0.0	0.0	0.0	0.0	0.0	0.0	0.0	0.0	0.0
497.27570037178594	0.0	0.0	0.0	0.0	0.0	0.0	0.0	0.0	0.0	0.0	0.0	0.0	0.0
505.161954450896	0.0	0.0	0.0	0.0	0.0	0.0	0.0	0.0	0.0	0.0	0.0	0.0	0.0
513.1473266832547	0.0	0.0	0.0	0.0	0.0	0.0	0.0	0.0	0.0	0.0	0.0	0.0	0.0
521.2329356966404	0.0	0.0	0.0	0.0	0.0	0.0	0.0	0.0	0.0	0.0	0.0	0.0	0.0
529.419918651838	0.0	0.0	0.0	0.0	0.0	0.0	0.0	0.0	0.0	0.0	0.0	0.0	0.0
537.7094316457292	0.0	0.0	0.0	0.0	0.0	0.0	0.0	0.0	0.0	0.0	0.0	0.0	0.0
546.1026501215008	0.0	0.0	0.0	0.0	0.0	0.0	0.0	0.0	0.0	0.0	0.0	0.0	0.0
554.6007692904592	0.0	0.0	0.0	0.0	0.0	0.0	0.0	0.0	0.0	0.0	0.0	0.0	0.0
563.2050045619633	0.0	0.0	0.0	0.0	0.0	0.0	0.0	0.0	0.0	0.0	0.0	0.0	0.0
571.9165919831777	0.0	0.0	0.0	0.0	0.0	0.0	0.0	0.0	0.0	0.0	0.0	0.0	0.0
580.7367886883695	0.0	0.0	0.0	0.0	0.0	0.0	0.0	0.0	0.0	0.0	0.0	0.0	0.0
589.6668733599822	0.0	0.0	0.0	0.0	0.0	0.0	0.0	0.0	0.0	0.0	0.0	0.0	0.0
598.7081466991057	0.0	0.0	0.0	0.0	0.0	0.0	0.0	0.0	0.0	0.0	0.0	0.0	0.0
607.8619319076357	0.0	0.0	0.0	0.0	0.0	0.0	0.0	0.0	0.0	0.0	0.0	0.0	0.0
617.1295751817744	0.0	0.0	0.0	0.0	0.0	0.0	0.0	0.0	0.0	0.0	0.0	0.0	0.0
626.5124462171925	0.0	0.0	0.0	0.0	0.0	0.0	0.0	0.0	0.0	0.0	0.0	0.0	0.0
636.0119387257126	0.0	0.0	0.0	0.0	0.0	0.0	0.0	0.0	0.0	0.0	0.0	0.0	0.0
645.6294709651165	0.0	0.0	0.0	0.0	0.0	0.0	0.0	0.0	0.0	0.0	0.0	0.0	0.0
655.3664862809419	0.0	0.0	0.0	0.0	0.0	0.0	0.0	0.0	0.0	0.0	0.0	0.0	0.0
665.2244536618116	0.0	0.0	0.0	0.0	0.0	0.0	0.0	0.0	0.0	0.0	0.0	0.0	0.0
675.2048683084269	0.0	0.0	0.0	0.0	0.0	0.0	0.0	0.0	0.0	0.0	0.0	0.0	0.0
685.3092522174915	0.0	0.0	0.0	0.0	0.0	0.0	0.0	0.0	0.0	0.0	0.0	0.0	0.0
695.5391547805693	0.0	0.0	0.0	0.0	0.0	0.0	0.0	0.0	0.0	0.0	0.0	0.0	0.0
705.8961533975955	0.0	0.0	0.0	0.0	0.0	0.0	0.0	0.0	0.0	0.0	0.0	0.0	0.0
716.3818541064796	0.0	0.0	0.0	0.0	0.0	0.0	0.0	0.0	0.0	0.0	0.0	0.0	0.0
726.9978922277417	0.0	0.0	0.0	0.0	0.0	0.0	0.0	0.0	0.0	0.0	0.0	0.0	0.0
737.7459330276088	0.0	0.0	0.0	0.0	0.0	0.0	0.0	0.0	0.0	0.0	0.0	0.0	0.0
748.6276723969088	0.0	0.0	0.0	0.0	0.0	0.0	0.0	0.0	0.0	0.0	0.0	0.0	0.0
759.6448375484463	0.0	0.0	0.0	0.0	0.0	0.0	0.0	0.0	0.0	0.0	0.0	0.0	0.0
770.7991877324059	0.0	0.0	0.0	0.0	0.0	0.0	0.0	0.0	0.0	0.0	0.0	0.0	0.0
782.0925149700192	0.0	0.0	0.0	0.0	0.0	0.0	0.0	0.0	0.0	0.0	0.0	0.0	0.0
793.5266448075026	0.0	0.0	0.0	0.0	0.0	0.0	0.0	0.0	0.0	0.0	0.0	0.0	0.0
805.1034370910169	0.0	0.0	0.0	0.0	0.0	0.0	0.0	0.0	0.0	0.0	0.0	0.0	0.0
816.824786759936	0.0	0.0	0.0	0.0	0.0	0.0	0.0	0.0	0.0	0.0	0.0	0.0	0.0
828.6926246636551	0.0	0.0	0.0	0.0	0.0	0.0	0.0	0.0	0.0	0.0	0.0	0.0	0.0
840.7089183995942	0.0	0.0	0.0	0.0	0.0	0.0	0.0	0.0	0.0	0.0	0.0	0.0	0.0
852.8756731742848	0.0	0.0	0.0	0.0	0.0	0.0	0.0	0.0	0.0	0.0	0.0	0.0	0.0
865.1949326888317	0.0	0.0	0.0	0.0	0.0	0.0	0.0	0.0	0.0	0.0	0.0	0.0	0.0
877.668780047376	0.0	0.0	0.0	0.0	0.0	0.0	0.0	0.0	0.0	0.0	0.0	0.0	0.0
890.2993386918815	0.0	0.0	0.0	0.0	0.0	0.0	0.0	0.0	0.0	0.0	0.0	0.0	0.0
903.0887733627659	0.0	0.0	0.0	0.0	0.0	0.0	0.0	0.0	0.0	0.0	0.0	0.0	0.0
916.0392910867041	0.0	0.0	0.0	0.0	0.0	0.0	0.0	0.0	0.0	0.0	0.0	0.0	0.0
929.1531421927348	0.0	0.0	0.0	0.0	0.0	0.0	0.0	0.0	0.0	0.0	0.0	0.0	0.0
942.4326213566644	0.0	0.0	0.0	0.0	0.0	0.0	0.0	0.0	0.0	0.0	0.0	0.0	0.0
955.8800686756146	0.0	0.0	0.0	0.0	0.0	0.0	0.0	0.0	0.0	0.0	0.0	0.0	0.0
969.4978707746914	0.0	0.0	0.0	0.0	0.0	0.0	0.0	0.0	0.0	0.0	0.0	0.0	0.0
983.2884619430351	0.0	0.0	0.0	0.0	0.0	0.0	0.0	0.0	0.0	0.0	0.0	0.0	0.0
997.2543253061806	0.0	0.0	0.0	0.0	0.0	0.0	0.0	0.0	0.0	0.0	0.0	0.0	0.0
1011.3979940300419	0.0	0.0	0.0	0.0	0.0	0.0	0.0	0.0	0.0	0.0	0.0	0.0	0.0
1025.722052561778	0.0	0.0	0.0	0.0	0.0	0.0	0.0	0.0	0.0	0.0	0.0	0.0	0.0
1040.2291379075355	0.0	0.0	0.0	0.0	0.0	0.0	0.0	0.0	0.0	0.0	0.0	0.0	0.0
1054.9219409467732	0.0	0.0	0.0	0.0	0.0	0.0	0.0	0.0	0.0	0.0	0.0	0.0	0.0
1069.8032077878381	0.0	0.0	0.0	0.0	0.0	0.0	0.0	0.0	0.0	0.0	0.0	0.0	0.0
1084.8757411628403	0.0	0.0	0.0	0.0	0.0	0.0	0.0	0.0	0.0	0.0	0.0	0.0	0.0
1100.1424018645675	0.0	0.0	0.0	0.0	0.0	0.0	0.0	0.0	0.0	0.0	0.0	0.0	0.0
1115.6061102292772	0.0	0.0	0.0	0.0	0.0	0.0	0.0	0.0	0.0	0.0	0.0	0.0	0.0
1131.269847661098	0.0	0.0	0.0	0.0	0.0	0.0	0.0	0.0	0.0	0.0	0.0	0.0	0.0
1147.136658207698	0.0	0.0	0.0	0.0	0.0	0.0	0.0	0.0	0.0	0.0	0.0	0.0	0.0
1163.209650180845	0.0	0.0	0.0	0.0	0.0	0.0	0.0	0.0	0.0	0.0	0.0	0.0	0.0
1179.4919978302917	0.0	0.0	0.0	0.0	0.0	0.0	0.0	0.0	0.0	0.0	0.0	0.0	0.0
1195.9869430680808	0.0	0.0	0.0	0.0	0.0	0.0	0.0	0.0	0.0	0.0	0.0	0.0	0.0
1212.6977972473287	0.0	0.0	0.0	0.0	0.0	0.0	0.0	0.0	0.0	0.0	0.0	0.0	0.0
1229.6279429976955	0.0	0.0	0.0	0.0	0.0	0.0	0.0	0.0	0.0	0.0	0.0	0.0	0.0
1246.7808361199536	0.0	0.0	0.0	0.0	0.0	0.0	0.0	0.0	0.0	0.0	0.0	0.0	0.0
1264.1600075387992	0.0	0.0	0.0	0.0	0.0	0.0	0.0	0.0	0.0	0.0	0.0	0.0	0.0
1281.7690653207712	0.0	0.0	0.0	0.0	0.0	0.0	0.0	0.0	0.0	0.0	0.0	0.0	0.0
1299.6116967562004	0.0	0.0	0.0	0.0	0.0	0.0	0.0	0.0	0.0	0.0	0.0	0.0	0.0
1317.691670508332	0.0	0.0	0.0	0.0	0.0	0.0	0.0	0.0	0.0	0.0	0.0	0.0	0.0
1336.0128388350156	0.0	0.0	0.0	0.0	0.0	0.0	0.0	0.0	0.0	0.0	0.0	0.0	0.0
1354.5791398797805	0.0	0.0	0.0	0.0	0.0	0.0	0.0	0.0	0.0	0.0	0.0	0.0	0.0
1373.3946000431392	0.0	0.0	0.0	0.0	0.0	0.0	0.0	0.0	0.0	0.0	0.0	0.0	0.0
1392.4633364275392	0.0	0.0	0.0	0.0	0.0	0.0	0.0	0.0	0.0	0.0	0.0	0.0	0.0
1411.7895593689645	0.0	0.0	0.0	0.0	0.0	0.0	0.0	0.0	0.0	0.0	0.0	0.0	0.0
1431.3775750506352	0.0	0.0	0.0	0.0	0.0	0.0	0.0	0.0	0.0	0.0	0.0	0.0	0.0
1451.2317882063182	0.0	0.0	0.0	0.0	0.0	0.0	0.0	0.0	0.0	0.0	0.0	0.0	0.0
1471.3567049142805	0.0	0.0	0.0	0.0	0.0	0.0	0.0	0.0	0.0	0.0	0.0	0.0	0.0
1491.756935489774	0.0	0.0	0.0	0.0	0.0	0.0	0.0	0.0	0.0	0.0	0.0	0.0	0.0
1512.4371974745136	0.0	0.0	0.0	0.0	0.0	0.0	0.0	0.0	0.0	0.0	0.0	0.0	0.0
1533.4023187294115	0.0	0.0	0.0	0.0	0.0	0.0	0.0	0.0	0.0	0.0	0.0	0.0	0.0
1554.6572406373496	0.0	0.0	0.0	0.0	0.0	0.0	0.0	0.0	0.0	0.0	0.0	0.0	0.0
1576.2070214164648	0.0	0.0	0.0	0.0	0.0	0.0	0.0	0.0	0.0	0.0	0.0	0.0	0.0
1598.056839549193	0.0	0.0	0.0	0.0	0.0	0.0	0.0	0.0	0.0	0.0	0.0	0.0	0.0
1620.211997337583	0.0	0.0	0.0	0.0	0.0	0.0	0.0	0.0	0.0	0.0	0.0	0.0	0.0
1642.6779245789041	0.0	0.0	0.0	0.0	0.0	0.0	0.0	0.0	0.0	0.0	0.0	0.0	0.0
1665.4601823797605	0.0	0.0	0.0	0.0	0.0	0.0	0.0	0.0	0.0	0.0	0.0	0.0	0.0
1688.5644671037207	0.0	0.0	0.0	0.0	0.0	0.0	0.0	0.0	0.0	0.0	0.0	0.0	0.0
1711.9966144641312	0.0	0.0	0.0	0.0	0.0	0.0	0.0	0.0	0.0	0.0	0.0	0.0	0.0
1735.7626037647904	0.0	0.0	0.0	0.0	0.0	0.0	0.0	0.0	0.0	0.0	0.0	0.0	0.0
1759.8685622998212	0.0	0.0	0.0	0.0	0.0	0.0	0.0	0.0	0.0	0.0	0.0	0.0	0.0
1784.320769914595	0.0	0.0	0.0	0.0	0.0	0.0	0.0	0.0	0.0	0.0	0.0	0.0	0.0
1809.125663736787	0.0	0.0	0.0	0.0	0.0	0.0	0.0	0.0	0.0	0.0	0.0	0.0	0.0
1834.2898430851906	0.0	0.0	0.0	0.0	0.0	0.0	0.0	0.0	0.0	0.0	0.0	0.0	0.0
1859.8200745637823	0.0	0.0	0.0	0.0	0.0	0.0	0.0	0.0	0.0	0.0	0.0	0.0	0.0
1885.723297348163	0.0	0.0	0.0	0.0	0.0	0.0	0.0	0.0	0.0	0.0	0.0	0.0	0.0
1912.0066286770048	0.0	0.0	0.0	0.0	0.0	0.0	0.0	0.0	0.0	0.0	0.0	0.0	0.0
1938.6773695514532	0.0	0.0	0.0	0.0	0.0	0.0	0.0	0.0	0.0	0.0	0.0	0.0	0.0
1965.7430106598545	0.0	0.0	0.0	0.0	0.0	0.0	0.0	0.0	0.0	0.0	0.0	0.0	0.0
1993.2112385279183	0.0	0.0	0.0	0.0	0.0	0.0	0.0	0.0	0.0	0.0	0.0	0.0	0.0
2021.0899419148832	0.0	0.0	0.0	0.0	0.0	0.0	0.0	0.0	0.0	0.0	0.0	0.0	0.0
2049.387218460858	0.0	0.0	0.0	0.0	0.0	0.0	0.0	0.0	0.0	0.0	0.0	0.0	0.0
2078.1113815999315	0.0	0.0	0.0	0.0	0.0	0.0	0.0	0.0	0.0	0.0	0.0	0.0	0.0
2107.2709677481025	0.0	0.0	0.0	0.0	0.0	0.0	0.0	0.0	0.0	0.0	0.0	0.0	0.0
2136.874743783797	0.0	0.0	0.0	0.0	0.0	0.0	0.0	0.0	0.0	0.0	0.0	0.0	0.0
2166.9317148324203	0.0	0.0	0.0	0.0	0.0	0.0	0.0	0.0	0.0	0.0	0.0	0.0	0.0
2197.4511323661736	0.0	0.0	0.0	0.0	0.0	0.0	0.0	0.0	0.0	0.0	0.0	0.0	0.0
2228.442502642664	0.0	0.0	0.0	0.0	0.0	0.0	0.0	0.0	0.0	0.0	0.0	0.0	0.0
2259.9155954908033	0.0	0.0	0.0	0.0	0.0	0.0	0.0	0.0	0.0	0.0	0.0	0.0	0.0
2291.8804534632136	0.0	0.0	0.0	0.0	0.0	0.0	0.0	0.0	0.0	0.0	0.0	0.0	0.0
2324.3474013770788	0.0	0.0	0.0	0.0	0.0	0.0	0.0	0.0	0.0	0.0	0.0	0.0	0.0
2357.3270562549037	0.0	0.0	0.0	0.0	0.0	0.0	0.0	0.0	0.0	0.0	0.0	0.0	0.0
2390.8303376966455	0.0	0.0	0.0	0.0	0.0	0.0	0.0	0.0	0.0	0.0	0.0	0.0	0.0
2424.868478692173	0.0	0.0	0.0	0.0	0.0	0.0	0.0	0.0	0.0	0.0	0.0	0.0	0.0
2459.453036907134	0.0	0.0	0.0	0.0	0.0	0.0	0.0	0.0	0.0	0.0	0.0	0.0	0.0
2494.59590645804	0.0	0.0	0.0	0.0	0.0	0.0	0.0	0.0	0.0	0.0	0.0	0.0	0.0
2530.3093302095685	0.0	0.0	0.0	0.0	0.0	0.0	0.0	0.0	0.0	0.0	0.0	0.0	0.0
2566.6059126165924	0.0	0.0	0.0	0.0	0.0	0.0	0.0	0.0	0.0	0.0	0.0	0.0	0.0
2603.498633133782	0.0	0.0	0.0	0.0	0.0	0.0	0.0	0.0	0.0	0.0	0.0	0.0	0.0
2641.0008602387775	0.0	0.0	0.0	0.0	0.0	0.0	0.0	0.0	0.0	0.0	0.0	0.0	0.0
2679.126366083847	0.0	0.0	0.0	0.0	0.0	0.0	0.0	0.0	0.0	0.0	0.0	0.0	0.0
2717.8893418209973	0.0	0.0	0.0	0.0	0.0	0.0	0.0	0.0	0.0	0.0	0.0	0.0	0.0
2757.3044136412723	0.0	0.0	0.0	0.0	0.0	0.0	0.0	0.0	0.0	0.0	0.0	0.0	0.0
2797.386659548467	0.0	0.0	0.0	0.0	0.0	0.0	0.0	0.0	0.0	0.0	0.0	0.0	0.0
2838.1516269249078	0.0	0.0	0.0	0.0	0.0	0.0	0.0	0.0	0.0	0.0	0.0	0.0	0.0
2879.615350930163	0.0	0.0	0.0	0.0	0.0	0.0	0.0	0.0	0.0	0.0	0.0	0.0	0.0
2921.7943737672067	0.0	0.0	0.0	0.0	0.0	0.0	0.0	0.0	0.0	0.0	0.0	0.0	0.0
2964.70576488535	0.0	0.0	0.0	0.0	0.0	0.0	0.0	0.0	0.0	0.0	0.0	0.0	0.0
3008.3671421502504	0.0	0.0	0.0	0.0	0.0	0.0	0.0	0.0	0.0	0.0	0.0	0.0	0.0
3052.7966940730003	9.770046640843287e+29	4.005697758737853e+27	2.2615663506657413e+27	1.1897052761638863e+27	7.665835242288118e+26	4.147676507846955e+26	1.0509033901886352e+26	5.182875336166705e+25	1.9600298638335835e+25	1.3989824330620435e+27	6.70915580195494e+26	4.147676507846955e+26	2.740388712535673e+26
3098.01320315984	2.774604528972375e+30	1.1826023066971946e+28	6.67975118195664e+27	3.5152712430415855e+27	2.2655441075584793e+27	1.2260986943823087e+27	3.107792822604598e+26	1.5329203027496736e+26	5.797926903224553e+25	4.1332632922430755e+27	1.9829254026221198e+27	1.2260986943823087e+27	8.102008657452785e+26
3144.0360703499846	6.457029484829605e+30	2.7572185683542347e+28	1.5574061022767274e+28	8.196123472553115e+27	5.282343649537939e+27	2.8588061268898965e+27	7.246351657762212e+26	3.5742898833477684e+26	1.3519040244035056e+26	9.636978112424359e+27	4.6234027206417715e+27	2.8588061268898965e+27	1.889099561115075e+27
3190.885340696396	1.96068897527612e+31	8.019282912766016e+28	4.527462425557568e+28	2.381630768055315e+28	1.534577076900339e+28	8.302854302717518e+27	2.103656570963495e+27	1.0374785050652625e+27	3.923441889972095e+26	2.8005911267328547e+28	1.3430603248793993e+28	8.302854302717518e+27	5.485686445808713e+27
3238.5817303473436	5.209569706916679e+31	2.155091733911313e+29	1.2168596195502571e+29	6.401902966026788e+28	4.125253057746673e+28	2.2321356955475466e+28	5.656100503999582e+27	2.789579324687053e+27	1.0549810422137061e+27	7.527887473485411e+28	3.6104789448300195e+28	2.2321356955475466e+28	1.4748288055804666e+28
3287.146654910302	1.3581877337092925e+32	5.6528921439732814e+29	3.1920906922528696e+29	1.6794620924068963e+29	1.0822469320813136e+29	5.856163472177045e+28	1.4840076112790823e+28	7.319257869282869e+27	2.768105095618606e+27	1.9748230515311572e+29	9.472062835937821e+28	5.856163472177045e+28	3.869399754502163e+28
3336.602259279012	3.356933042621847e+32	1.425326736349878e+30	8.050391592331035e+29	4.236417553837952e+29	2.730254348153266e+29	1.4775605792842246e+29	3.7450283059893283e+28	1.8472117612735697e+28	6.986565584731502e+27	4.9812328330786276e+29	2.3896506982621665e+29	1.4775605792842246e+29	9.763523784951879e+28
3386.971449012247	8.140599494347021e+32	3.519253498023696e+30	1.9881189754719198e+30	1.0464129137941678e+30	6.744523833789631e+29	3.650428595364837e+29	9.254068486202063e+28	4.564804526656823e+28	1.7266245989478176e+28	1.2303341096176396e+30	5.903295714611687e+29	3.650428595364837e+29	2.4123107524062876e+29
3438.277923354464	1.9064216651348096e+33	8.451163691439314e+30	4.775664721613958e+30	2.514233335059293e+30	1.6207477917518778e+30	8.77362000971601e+29	2.2247375204262156e+29	1.0975074138669769e+29	4.151676594721872e+28	2.955970482199445e+30	1.418650626520926e+30	8.77362000971601e+29	5.798393959617189e+29
3490.5462100120203	4.369940994039734e+33	1.984176484908338e+31	1.1215499067193244e+31	5.906053594990637e+30	3.8077345895192877e+30	2.0615710402704176e+30	5.2288397640458465e+29	2.5797153975344792e+29	9.759480307403202e+28	6.943322764997818e+30	3.3330578255206774e+30	2.0615710402704176e+30	1.3625902378524857e+30
3543.801701777013	9.730248858160426e+33	4.546100808846406e+31	2.570533123697698e+31	1.3540383840452216e+31	8.731158548314573e+30	4.7280901920721587e+30	1.1995594563776074e+30	5.918801193999625e+29	2.2394194161767538e+29	1.5917372130471162e+31	7.643064609877422e+30	4.7280901920721587e+30	3.125349495239342e+30
3598.0706951271604	2.1221054037421555e+34	1.0191835344401982e+32	5.76472817350027e+31	3.0374731022629727e+31	1.9589492849208872e+31	1.0610046409264948e+31	2.692645049751656e+30	1.3287260779916559e+30	5.02785525464753e+29	3.570458448292137e+31	1.7148962325469593e+31	1.0610046409264948e+31	7.01414685585145e+30
3653.380430931626	4.5068328659846705e+34	2.232766652441212e+32	1.263374268993451e+32	6.659001322201106e+31	4.295359155172474e+31	2.326939031974553e+31	5.907315928792539e+30	2.915393079672616e+30	1.1033070921574503e+30	7.826863356643026e+31	3.7604151310293466e+31	2.326939031974553e+31	1.5384860423997387e+31
3709.7591373836035	9.385705753660706e+34	4.7916149172757896e+32	2.7122486606158004e+32	1.4300362834505252e+32	9.226041428371566e+31	4.999083919952646e+31	1.269509485134027e+31	6.266028433503768e+30	2.3716059074368673e+30	1.680712780723188e+32	8.077424525983959e+31	4.999083919952646e+31	3.305589272176894e+31
3767.2360753242406	1.907099448896006e+35	1.0061972021313278e+33	5.697799071122186e+32	3.0052501507414314e+32	1.9392576059408813e+32	1.0510172988645758e+32	2.6699990105473854e+31	1.3180212744096533e+31	4.989178226914158e+30	3.531761157553388e+32	1.6979173284994456e+32	1.0510172988645758e+32	6.9506226156594405e+31
3825.841586099874	3.803941845300292e+35	2.071993402426527e+33	1.1737769321810364e+33	6.1931572693542166e+32	3.9971633188968266e+32	2.166824378864668e+32	5.506526057918533e+31	2.7185847376773133e+31	1.0292119539670443e+31	7.277592384654148e+32	3.499903067773325e+32	2.166824378864668e+32	1.4331507962223938e+32
3885.6071421220277	7.41449563136015e+35	4.1798993085598716e+33	2.3689306763755098e+33	1.2503919618890396e+33	8.071955415506549e+32	4.3768037544515385e+32	1.112699647595339e+32	5.4941683042202715e+31	2.0802923216796116e+31	1.4692085613860913e+33	7.068188226956306e+32	4.3768037544515385e+32	2.895240302574362e+32
3946.565400335758	1.4200729788921796e+36	8.277055993528565e+33	4.6929795856873063e+33	2.4780325479778177e+33	1.6000399913757517e+33	8.67788457628585e+32	2.2069820707382677e+32	1.089884910318747e+32	4.127266064565346e+31	2.9114315121511047e+33	1.4011511766605848e+33	8.67788457628585e+32	5.741161620727404e+32
4008.750258750556	2.661403129723203e+36	1.607400757325111e+34	9.11797699482234e+33	4.8165363562536623e+33	3.1106947051650727e+33	1.687538488811699e+33	4.293545310797742e+32	2.1206080874887206e+32	8.031681654486909e+31	5.658399687327394e+33	2.724196197519107e+33	1.687538488811699e+33	1.1166130857312679e+33
4072.1969162844316	4.905528405952841e+36	3.066963809864022e+34	1.7405306983536956e+34	9.198002072162812e+33	5.941735833304445e+33	3.2241946244249844e+33	8.206508442828726e+32	4.0538192275633725e+32	1.5355845453280512e+32	1.0804684105052282e+34	5.203802147858116e+33	3.2241946244249844e+33	2.1336956451996895e+33
4136.941936128805	8.858375825431938e+36	5.744651063556341e+34	3.261746273852981e+34	1.7244494109775505e+34	1.1142298163504382e+34	6.047871210079189e+33	1.540023592089953e+33	7.608507043832348e+32	2.882549149072605e+32	2.0254701432701615e+34	9.759118902568431e+33	6.047871210079189e+33	4.002953375277577e+33
4203.023312877708	1.5745673411865727e+37	1.0581194116189859e+35	6.010798620689846e+34	3.179206026815572e+34	2.0546895085691655e+34	1.1155584718209024e+34	2.841858868159449e+33	1.404235211668806e+33	5.320888858843846e+32	3.7338029772148534e+34	1.7997413163129103e+34	1.1155584718209024e+34	7.384758282590632e+33
4270.480543706799	2.7449694867209567e+37	1.9150492550032972e+35	1.0884358717377743e+35	5.7595458581575475e+34	3.7232825647143117e+34	2.0220809340528216e+34	5.15355071207906e+33	2.5469099229710945e+33	9.652270424006596e+32	6.763560814095904e+34	3.261518402702463e+34	2.0220809340528216e+34	1.3387913298074433e+34
4339.3547038756005	4.713997949996325e+37	3.411131721388134e+35	1.939745164007776e+35	1.0268974173346869e+35	6.640089997631096e+34	3.6072118717107045e+34	9.197621202377961e+33	4.546231133056698e+33	1.7232100914628132e+33	1.2057828316414296e+35	5.81697852195245e+34	3.6072118717107045e+34	2.388667563336612e+34
4409.688526868453	7.947825495459392e+37	5.9754333777845055e+35	3.399797959178192e+35	1.8007149910645415e+35	1.1646835339680223e+35	6.329052021294693e+34	1.6145470039938324e+34	7.981783939746525e+33	3.025951325911636e+33	2.114165743099652e+35	1.0203824045847894e+35	6.329052021294693e+34	4.191763944048409e+34
4481.526489538028	1.3209750539818033e+38	1.0309769312106517e+36	5.8690594111370174e+35	3.110057042093702e+35	2.012085832836893e+35	1.0937278553715833e+35	2.791437090084562e+34	1.3802247758011174e+34	5.23343019672549e+33	3.651024717450805e+35	1.7629208885333247e+35	1.0937278553715833e+35	7.245042684926362e+34
4554.914902584074	2.1429623937126068e+38	1.7471922333990338e+36	9.952695221786637e+35	5.277008489451922e+35	3.4150954978822544e+35	1.8570454401011167e+35	4.742272308901646e+34	2.3452806268308604e+34	8.894470300642965e+33	6.1940911540146375e+35	2.9924462930216484e+35	1.8570454401011167e+35	1.230386519316015e+35
4629.9020067858155	3.704926004733187e+38	2.987964760297893e+36	1.7017864375247866e+36	9.021735010117513e+35	5.838089548270972e+35	3.1743224308998805e+35	8.105007046276568e+34	4.0081138506402803e+34	1.5199981873742494e+34	1.0589954204849067e+36	5.115462754727088e+35	3.1743224308998805e+35	2.103042945311023e+35
4706.538075417972	5.921350140368284e+38	4.939413758428505e+36	2.814649249330382e+36	1.4928032482259806e+36	9.662517037500822e+35	5.25524770224206e+35	1.3424165594110944e+35	6.639592452170202e+34	2.518336189119191e+34	1.7521138696697274e+36	8.467077133399897e+35	5.25524770224206e+35	3.482238899915384e+35
4784.875523327407	9.542347883870807e+38	8.106186565814593e+36	4.620458468031964e+36	2.4511436135250086e+36	1.5867730209072072e+36	8.6314663676921e+35	2.20537889778445e+35	1.0908727888348184e+35	4.1379395276171025e+34	2.8767649594861865e+36	1.390509305311511e+36	8.6314663676921e+35	5.719883315192897e+35
4864.969023163537	1.4811141525262446e+39	1.3026502003893487e+37	7.42894224126299e+36	3.9428833813764843e+36	2.5531274520159398e+36	1.3892204693906668e+36	3.5511686570696114e+35	1.7568434779747528e+35	6.665240933552576e+34	4.6270374608981135e+36	2.23749536822072e+36	1.3892204693906668e+36	9.207580115800536e+35
4946.875629377451	2.296214677384674e+39	2.0730965844696703e+37	1.1827553743772752e+37	6.279674270184426e+36	4.067069512325818e+36	2.2134957465019702e+36	5.6602110994396355e+35	2.800583314834648e+35	1.0626415685026208e+35	7.36869635097982e+36	3.5644668258814664e+36	2.2134957465019702e+36	1.4672624268012522e+36
5030.654910560856	3.462178465374098e+39	3.2413641587029587e+37	1.8503378579627284e+37	9.829048511167416e+36	6.367614006724289e+36	3.4666672416607005e+36	8.869154912755251e+35	4.38908626384202e+35	1.665675595578211e+35	1.1532276794063804e+37	5.581134742194806e+36	3.4666672416607005e+36	2.2983609633483065e+36
5116.369090801353	5.195368858185569e+39	5.015286682377568e+37	2.864382570687424e+37	1.5222226567706791e+37	9.863856226315585e+36	5.37156038481253e+36	1.3748501280532062e+36	6.804750585227121e+35	2.582826261922103e+35	1.7858255039670236e+37	8.646106106308034e+36	5.37156038481253e+36	3.5618232484676817e+36
5204.083200774404	7.617253704793518e+39	7.636897570236626e+37	4.364336613758551e+37	2.3205961927693153e+37	1.504172561571032e+37	8.194070839203611e+36	2.0983903129540038e+36	1.038782344124607e+36	3.9435839952205546e+35	2.7221171743381376e+37	1.3185805319466827e+37	8.194070839203611e+36	5.434431653526826e+36
5293.865239407855	1.1092410463449874e+40	1.1503574415094204e+38	6.577721873406707e+37	3.499204464623473e+37	2.2687409817834375e+37	1.2362932558189404e+37	3.167511008383373e+36	1.5683039994627987e+36	5.9548733661148395e+35	4.104194481111111e+37	1.9889589271621335e+37	1.2362932558189404e+37	8.200696693497897e+36
5385.786346973443	1.5821792012340121e+40	1.7068674454499025e+38	9.766270082199463e+37	5.198456243376522e+37	3.3715472019686554e+37	1.8379141869947942e+37	4.711624950428011e+36	2.333298329044627e+36	8.861398089622058e+35	6.096426920660194e+37	2.956023923874857e+37	1.8379141869947942e+37	1.2193914154589013e+37
5479.920990583213	2.237902857389911e+40	2.5042537754855476e+38	1.4337624291146408e+38	7.635901027512494e+37	4.953890448257204e+37	2.7014230670302755e+37	6.929031628210924e+36	3.4320567916117126e+36	1.3036797613906682e+36	8.953790773887571e+37	4.343709025731091e+37	2.7014230670302755e+37	1.7926439571450196e+37
5576.347163186454	3.1040068839512557e+40	3.6201797205652505e+38	2.0741467984260727e+38	1.1053393569624692e+38	7.173525615760228e+37	3.913375698745051e+37	1.0043866538018027e+37	4.9759670019456863e+36	1.890562350519053e+36	1.2959248389722623e+38	6.290540140517149e+37	3.913375698745051e+37	2.597460747660082e+37
5675.146641086412	4.2619431373077404e+40	5.1709850730949445e+38	2.964725349746827e+38	1.5809056438595705e+38	1.0263360576756168e+38	5.60113727337749e+37	1.4384251496414493e+37	7.127803289486984e+36	2.708715760111658e+36	1.853230459319858e+38	9.000873521753902e+37	5.60113727337749e+37	3.7184925283128177e+37
5776.4053830561215	5.676498481470971e+40	7.250007017152915e+38	4.16054051372632e+38	2.2203574570253425e+38	1.4421180015725331e+38	7.874257798133445e+37	2.0237981392135757e+37	1.003130120628458e+37	3.8132011471110027e+36	2.6023514019655527e+38	1.2648778310485076e+38	7.874257798133445e+37	5.22906241956308e+37
5880.213667256964	7.928750697435201e+40	1.0221887979108676e+39	5.8670050120020925e+38	3.1315159767375734e+38	2.0340819693550545e+38	1.1107552091430863e+38	2.855222559199634e+37	1.415313090160028e+37	5.380318823811929e+36	3.67014143489403e+38	1.7841278723261776e+38	1.1107552091430863e+38	7.376585550593344e+37
5986.666183825942	1.0458410705370412e+41	1.4016296556446284e+39	8.050602008728823e+38	4.29970465411011e+38	2.7938475601703287e+38	1.5262456634826113e+38	3.925671065100701e+37	1.94634786198508e+37	7.400691603851243e+36	5.0385383181624095e+38	2.4507612200095164e+38	1.5262456634826113e+38	1.0138108831315322e+38
6095.862376901674	1.3646585655715077e+41	1.8954762499008057e+39	1.0894412321532448e+39	5.821958359513264e+38	3.784199095015197e+38	2.0680293324433994e+38	5.32227165513146e+37	2.639317355652538e+37	1.0037687608065061e+37	6.821450293707901e+38	3.3197888784586755e+38	2.0680293324433994e+38	1.3739743948177463e+38
6207.9068369478055	1.7316601720058843e+41	2.5124980129194972e+39	1.445279934775645e+39	7.729190535473292e+38	5.025898808728172e+38	2.7478708674910333e+38	7.076981341701884e+37	3.510361551048201e+37	1.335383002999172e+37	9.054598800431587e+38	4.4095843285606964e+38	2.7478708674910333e+38	1.826119893584008e+38
6322.909615107703	2.1510071560668205e+41	3.26812448406124e+39	1.8816278269487232e+39	1.0070640118254892e+39	6.5512647503926725e+38	3.5836284831312246e+38	9.2365537576542e+37	4.582804390496706e+37	1.74383654139556e+37	1.1795442699502746e+39	5.7485742147520506e+38	3.5836284831312246e+38	2.382185050283081e+38
6440.9865539579905	2.603581102060016e+41	4.1610705025079104e+39	2.3981523349685185e+39	1.2846449490714427e+39	8.361081889651299e+38	4.576165427913344e+38	1.180496108688014e+38	5.858921472759798e+37	2.2301142617063914e+37	1.5043633163806642e+39	7.337612324116093e+38	4.576165427913344e+38	3.0429041915433674e+38
6562.259704934827	3.0672020337151752e+41	5.178012324041552e+39	2.987575035130498e+39	1.6019525744171726e+39	1.0431892851336933e+39	5.713072768957212e+38	1.4751927242565228e+38	7.3239895349208e+37	2.7887303956236788e+37	1.8755224189311925e+39	9.156275930028997e+38	5.713072768957212e+38	3.80018520212368e+38
6686.857817124649	3.510645456011287e+41	6.286624619867381e+39	3.6316858241743766e+39	1.9494318400371157e+39	1.2702232147643965e+39	6.961164523997811e+38	1.7993686748798844e+38	8.936757707648812e+37	3.404109684591723e+37	2.281778589733871e+39	1.1150796227248738e+39	6.961164523997811e+38	4.632130088974508e+38
6814.916778445862	3.8950541348177454e+41	7.43323976016761e+39	4.2999444556444527e+39	2.3109098438638996e+39	1.5067519225984216e+39	8.263631724792959e+38	2.138544085023954e+38	1.0625668449697908e+38	4.049135351072853e+37	2.7041424232169245e+39	1.3229557128909984e+39	8.263631724792959e+38	5.501123923177668e+38
6946.580061777705	4.0341415543420495e+41	8.447084835507885e+39	4.8965481974268466e+39	2.6363121529933398e+39	1.7206353911972806e+39	9.44740276557041e+38	2.4492206859399703e+38	1.2176846240705738e+38	4.643185434516389e+37	3.083640324516231e+39	1.5111577345278898e+39	9.44740276557041e+38	6.293135792784595e+38
7081.999291726021	4.682964929568634e+41	9.79351051772199e+39	5.676873267589368e+39	3.0563646396201586e+39	1.9947626239855236e+39	1.0952367231821494e+39	2.83931067022689e+38	1.411614528220478e+38	5.382617768978438e+37	3.574987475416091e+39	1.7519050042732712e+39	1.0952367231821494e+39	7.295564412267917e+38
7221.334876191568	4.733009519764531e+41	1.0665722821206439e+40	6.193171003963833e+39	3.339388525863257e+39	2.1812988409382187e+39	1.1987952045977636e+39	3.1123708465634075e+38	1.5481708339439002e+38	5.906440593991557e+37	3.90468566485287e+39	1.9161636704311802e+39	1.1987952045977636e+39	7.989597405046791e+38
7364.756651014681	4.8801882398106175e+41	1.1508230365442158e+40	6.689626099004216e+39	3.6104985400272364e+39	2.3596184882207275e+39	1.2975668539597622e+39	3.3719157981767073e+38	1.6778159726475045e+38	6.403162960449995e+37	4.220776611558396e+39	2.0731013677742214e+39	1.2975668539597622e+39	8.650728960984753e+38
7512.444587684924	4.734680402030461e+41	1.200202162392103e+40	6.989051673005901e+39	3.777957275062152e+39	2.471166868566891e+39	1.360229534508669e+39	3.540088390219797e+38	1.762424680602031e+38	6.729686620092482e+37	4.4149777183592894e+39	2.1716064250418916e+39	1.360229534508669e+39	9.073379562532227e+38
7664.589611472398	4.627094348849469e+41	1.2412336043640061e+40	7.238361380576798e+39	3.9176276308284556e+39	2.5642910282780012e+39	1.4125968742396235e+39	3.6808535828738994e+38	1.833283179519363e+38	7.003296474001065e+37	4.5768898683441165e+39	2.2538620744565437e+39	1.4125968742396235e+39	9.42679116052714e+38
7821.394497685577	4.380235594809972e+41	1.2606459873532912e+40	7.365096194795137e+39	3.9926242803414314e+39	2.615686432235284e+39	1.442357386563162e+39	3.764256621707853e+38	1.8758419011610853e+38	7.169855521529011e+37	4.6627990678083876e+39	2.2995845535213102e+39	1.442357386563162e+39	9.630749681786293e+38
7983.074914366976	4.1893441458257016e+41	1.279780431136898e+40	7.488943312224193e+39	4.0654736029929236e+39	2.6654696850517835e+39	1.4711018536413617e+39	3.844504361550869e+38	1.9167420503634057e+38	7.32974126815795e+37	4.746354023567096e+39	2.3438412730444982e+39	1.4711018536413617e+39	9.827459949911538e+38
8149.860249968001	3.673224361965279e+41	1.2597500579661562e+40	7.395824982363199e+39	4.026360203219457e+39	2.6439503510448493e+39	1.4618195824774044e+39	3.830761762326564e+38	1.9117216253564475e+38	7.317701972378878e+37	4.6976419108159906e+39	2.3259006603545035e+39	1.4618195824774044e+39	9.77505308909794e+38
8321.994432093501	4.062311255031912e+41	1.3456329909240776e+40	7.892110639307593e+39	4.292788139416883e+39	2.8175508760958047e+39	1.5569520271012024e+39	4.076617566509318e+38	2.033816163339917e+38	7.782717452336664e+37	5.0094876660924074e+39	2.4782965888251336e+39	1.5569520271012024e+39	1.0408052659369421e+39
8499.737683184429	3.914482188428225e+41	1.3751144829668303e+40	8.078741698773628e+39	4.400817048813312e+39	2.8908034641472807e+39	1.5989079338009652e+39	4.192460953624167e+38	2.0926524218943515e+38	8.011938157996508e+37	5.133818519745424e+39	2.5432879263788328e+39	1.5989079338009652e+39	1.069398871792e+39
8683.36792506566	3.894849518985756e+41	1.4272193422356681e+40	8.395467177710523e+39	4.578391636861799e+39	3.0092664973466754e+39	1.6655742495196942e+39	4.371907889607577e+38	2.183030656242937e+38	8.361119783685756e+37	5.339628780849058e+39	2.647942716939484e+39	1.6655742495196942e+39	1.1144107628022979e+39
8873.181974651205	3.781007264549869e+41	1.476756384507769e+40	8.703822513851668e+39	4.754615516655432e+39	3.1280040878959016e+39	1.7331257798133057e+39	4.5566629765514105e+38	2.276579827936791e+38	8.724483583095654e+37	5.543007969883858e+39	2.7531160535022914e+39	1.7331257798133057e+39	1.1602867252823273e+39
9069.497512762318	3.733944252701017e+41	1.5460292434419307e+40	9.129058079998186e+39	4.9949791055384e+39	3.289050148634356e+39	1.8241924301127942e+39	4.803557081544298e+38	2.401231458041279e+38	9.20726728414943e+37	5.821082336638003e+39	2.895554498155933e+39	1.8241924301127942e+39	1.2219335518107162e+39
9272.654840879466	3.5886274171168385e+41	1.6128911929585972e+40	9.54936698883967e+39	5.237108744651358e+39	3.452876522255017e+39	1.9178238323692844e+39	5.061381707321701e+38	2.5320762270768948e+38	9.716655362802256e+37	6.100027337381653e+39	3.0408262693569164e+39	1.9178238323692844e+39	1.2856779452102711e+39
9483.019039080551	3.9169774387533644e+41	1.770282523330897e+40	1.0483055889014535e+40	5.750037065348498e+39	3.791368812300862e+39	2.106029481415883e+39	5.558883654554124e+38	2.781102917416676e+38	1.0672822621242354e+38	6.697240184880746e+39	3.3389990459814895e+39	2.106029481415883e+39	1.4119210393520225e+39
9700.982537884742	3.923975140938818e+41	1.8912002066648965e+40	1.122366070679068e+40	6.167993113915428e+39	4.071192239437845e+39	2.2641406022870886e+39	5.987119378267677e+38	2.9972459587812063e+38	1.150972510686778e+38	7.180933349567017e+39	3.586443974189682e+39	2.2641406022870886e+39	1.518912436641859e+39
9926.967604031339	3.944691660606808e+41	2.0252190269956794e+40	1.2046343344141783e+40	6.633170564744901e+39	4.382960849191475e+39	2.4405136274796597e+39	6.465698351401681e+38	3.2389529756749617e+38	1.2446218823467495e+38	7.719037460054077e+39	3.8622165486424576e+39	2.4405136274796597e+39	1.63834035799869e+39
10161.429507254068	3.997147928831548e+41	2.1750065354952964e+40	1.296451691078876e+40	7.151769834936118e+39	4.73034018304639e+39	2.6369156412549442e+39	6.998176600056861e+38	3.50780852713263e+38	1.3487620011150813e+38	8.319083106494054e+39	4.1694438149029636e+39	2.6369156412549442e+39	1.7712891675086614e+39
10404.85987254717	4.1562716557039805e+41	2.35114839297282e+40	1.4034842972524479e+40	7.751976873507589e+39	5.13086502924419e+39	2.862422092920736e+39	7.605788767789159e+38	3.813961305562216e+38	1.4671013092866836e+38	9.014668863728792e+39	4.5233179758163746e+39	2.862422092920736e+39	1.9235963512942757e+39
10657.790687001167	4.0866113781605546e+41	2.4787411417721023e+40	1.48365919098169e+40	8.214057653295419e+39	5.443676044984973e+39	3.04134588160055e+39	8.099270343717355e+38	4.064564735559519e+38	1.5647324667278073e+38	9.546920689012789e+39	4.8007484163264543e+39	3.04134588160055e+39	2.0454722577174998e+39
10920.800114353156	3.987272251135457e+41	2.5925596355252016e+40	1.556216307954347e+40	8.63707208541146e+39	5.731747214578237e+39	3.207187687373812e+39	8.561006625241322e+38	4.299783629156498e+38	1.6566569783510886e+38	1.0032935826782551e+40	5.056637348976888e+39	3.207187687373812e+39	2.1588276290575898e+39
11194.516892343041	4.0333643992579324e+41	2.742684689175174e+40	1.6493059788111921e+40	9.168017743290312e+39	6.089270122013809e+39	3.4105177882941444e+39	9.117201318935529e+38	4.5814714976451896e+38	1.7661045683068605e+38	1.0645913802432566e+40	5.373281291718555e+39	3.4105177882941444e+39	2.2969091632344578e+39
11479.625709744256	4.0237990151361315e+41	2.880373711239975e+40	1.735926958521638e+40	9.667934586665545e+39	6.427988006572749e+39	3.604467371696082e+39	9.65309154648081e+38	4.853792428680132e+38	1.87227043089622e+38	1.122155319884848e+40	5.673762505221571e+39	3.604467371696082e+39	2.429102817905255e+39
11776.873582594013	3.92638663579045e+41	3.0016478624875585e+40	1.814295535485848e+40	1.0129879642376814e+40	6.744377224255378e+39	3.7877575611823446e+39	1.0168136706622452e+39	5.116979179090856e+38	1.9754428302218277e+38	1.17510031560852e+40	5.955231668376108e+39	3.7877575611823446e+39	2.5548064426503263e+39
12087.077745209666	4.000120272591277e+41	3.18838821500273e+40	1.9308234225915972e+40	1.0798153953270177e+40	7.195717309711399e+39	4.045310018027608e+39	1.0876296188850637e+39	5.476269118220743e+38	2.115294379779921e+38	1.2521568339660193e+40	6.355287205368219e+39	4.045310018027608e+39	2.73003479236161e+39
12411.135333700104	4.031605584249672e+41	3.3811598520054194e+40	2.0524523610838624e+40	1.1502027457444114e+40	7.673365270744816e+39	4.3193036326180945e+39	1.1635507275252972e+39	5.8624613091780905e+38	2.2660085995930352e+38	1.3331544686082955e+40	6.779195157574487e+39	4.3193036326180945e+39	2.9169741626729424e+39
12750.031913589151	3.950456198307405e+41	3.5515460558901943e+40	2.1632189707227113e+40	1.2158360938039314e+40	8.124176210775257e+39	4.581310172778047e+39	1.2375381693509075e+39	6.24117688019057e+38	2.4147249938190316e+38	1.4082895969076783e+40	7.180558272765282e+39	4.581310172778047e+39	3.096981403885714e+39
13104.85450281809	4.000801231764075e+41	3.781599247669199e+40	2.309196067147827e+40	1.300725488808008e+40	8.701751866352248e+39	4.9136059962478496e+39	1.3300283559185916e+39	6.712375836708134e+38	2.5988998483205302e+38	1.505867858208747e+40	7.693513258883777e+39	4.9136059962478496e+39	3.324065851227834e+39
13476.803640745116	3.995479460488155e+41	4.0025733527078096e+40	2.451525547981681e+40	1.3844940680097662e+40	9.275258604379254e+39	5.245804780867984e+39	1.4234107560493798e+39	7.189686719841899e+38	2.7860755594479056e+38	1.6019019366811082e+40	8.203690470826222e+39	5.245804780867984e+39	3.551906775093495e+39
13867.21203488429	4.025854906629655e+41	4.246286311776988e+40	2.6081395296194397e+40	1.476522868270912e+40	9.904855091202649e+39	5.610228012704032e+39	1.525756964256165e+39	7.712673092257726e+38	2.9911110392446145e+38	1.7074408767013422e+40	8.763661296749316e+39	5.610228012704032e+39	3.8017598958256266e+39
14277.568721952593	4.005383001501071e+41	4.481674209090175e+40	2.76179174340289e+40	1.567939859582629e+40	1.0534267938682777e+40	5.977069882795192e+39	1.629818015917144e+39	8.246181280594635e+38	3.200958580535974e+38	1.8119914463057872e+40	9.324407275434713e+39	5.977069882795192e+39	4.0541956632438976e+39
14709.537156527478	3.987526449909413e+41	4.730451753653118e+40	2.9251634879595786e+40	1.6656211448490657e+40	1.1208562216007325e+40	6.371197830344879e+39	1.7420945033736768e+39	8.822629722309549e+38	3.4280196953664035e+38	1.923583080062979e+40	9.9255530273659e+39	6.371197830344879e+39	4.3258267343941085e+39
15164.983253694369	3.967211706579927e+41	4.99772333762372e+40	3.1016554965085017e+40	1.7716230406587942e+40	1.1942014464546772e+40	6.801008614474701e+39	1.8650001437706325e+39	9.454448067686418e+38	3.677205003168394e+38	2.044559128750154e+40	1.0579845557698263e+40	6.801008614474701e+39	4.622459290245734e+39
15646.015931493725	3.935238692219684e+41	5.272716844397921e+40	3.285334723773311e+40	1.8829496370911415e+40	1.2715926241803285e+40	7.256840554653639e+39	1.996312560447252e+39	1.0131134189768121e+39	3.9447346970658205e+38	2.171357149775872e+40	1.1271081853345765e+40	7.256840554653639e+39	4.937902496185155e+39
16155.041249308708	3.897267023045432e+41	5.564690340077938e+40	3.4817426345390803e+40	2.0026637586130553e+40	1.3550564375366393e+40	7.749990900470008e+39	2.139026653997569e+39	1.0867689888823448e+39	4.236372245189954e+38	2.3075387878082897e+40	1.2017126340315093e+40	7.749990900470008e+39	5.279743112294748e+39
16694.811143819847	3.874865678127108e+41	5.878054600162815e+40	3.6935363043185125e+40	2.1322790385387438e+40	1.445620789915004e+40	8.286405081925174e+39	2.2948341929777628e+39	1.1672830035292869e+39	4.5555680019398364e+38	2.4548486471384094e+40	1.2827113210020217e+40	8.286405081925174e+39	5.652068974176088e+39
17268.49623202543	3.919052631030905e+41	6.262115750246957e+40	3.9496155255256294e+40	2.2874330792353187e+40	1.5534999399329983e+40	8.922118701710687e+39	2.4781883674356992e+39	1.2618204178997179e+39	4.9295456232244444e+38	2.6315641547305857e+40	1.3790747069247865e+40	8.922118701710687e+39	6.092158720650593e+39
17879.758139875692	3.942936188729133e+41	6.658454109077186e+40	4.2171190424397873e+40	2.451083861029731e+40	1.6678536423129426e+40	9.599620743734361e+39	2.6751221717399587e+39	1.363620395616261e+39	5.33327918678469e+38	2.8175600343331617e+40	1.4813548754676897e+40	9.599620743734361e+39	6.562519302678071e+39
18532.874575585647	3.805057653936041e+41	6.951284104908279e+40	4.429913158117062e+40	2.588426084881449e+40	1.7663470877834044e+40	1.0199130974218998e+40	2.8559914869647025e+39	1.4582272940733205e+39	5.712827158169651e+38	2.9718771617447273e+40	1.5700372874131024e+40	1.0199130974218998e+40	6.984560323094377e+39
19232.912011696895	3.764427928096842e+41	7.333910035457985e+40	4.699513074606867e+40	2.7589042842034344e+40	1.8874707811531236e+40	1.092960991301095e+40	3.0737591363785587e+39	1.5717261463320283e+39	6.166619015650634e+38	3.1642396917229935e+40	1.678843196794718e+40	1.092960991301095e+40	7.496456540604024e+39
19985.90031155322	3.746376998739002e+41	7.765795607494991e+40	5.003734662595052e+40	2.9513530472215566e+40	2.0242609886968618e+40	1.1755064068414708e+40	3.320117026086534e+39	1.7001816868728546e+39	6.680446544131706e+38	3.381363719564803e+40	1.8017384782695172e+40	1.1755064068414708e+40	8.075126866964851e+39
20799.051569521624	3.8171331603644604e+41	8.318403030942761e+40	5.385086449515236e+40	3.189091977585399e+40	2.192071397419951e+40	1.2760523929201983e+40	3.6173411856727315e+39	1.85470039115934e+39	7.296764584926077e+38	3.6504179899816804e+40	1.9522369796097585e+40	1.2760523929201983e+40	8.777447199301078e+39
21681.11576911013	3.8088398029561915e+41	8.834602209816803e+40	5.753692152068707e+40	3.4248589946066016e+40	2.3606178431785737e+40	1.3784016836906687e+40	3.925619718477641e+39	2.0159325804044858e+39	7.943654642963885e+38	3.9157628833858054e+40	2.1038927923087635e+40	1.3784016836906687e+40	9.497361181627873e+39
22642.951047485552	3.722192490438802e+41	9.282511903231036e+40	6.091255760987583e+40	3.6492383998066906e+40	2.5240144645711964e+40	1.479538476754937e+40	4.238314585949992e+39	2.1808293949007242e+39	8.610567931457252e+38	4.166231993325861e+40	2.2516102111875476e+40	1.479538476754937e+40	1.0215748487233506e+40
23698.12958010217	3.7163934472278414e+41	9.859741783069641e+40	6.515023663741375e+40	3.926255007755605e+40	2.7242654362990745e+40	1.6026086027203888e+40	4.6154615169521974e+39	2.379200108952194e+39	9.410928565649782e+38	4.476511934148972e+40	2.4323194419210063e+40	1.6026086027203888e+40	1.1086927069478895e+40
24863.960627691842	3.709200556886495e+41	1.0483631912936194e+41	6.978898201981766e+40	4.232477267476963e+40	2.94672898145606e+40	1.7400581489469544e+40	5.039876078958282e+39	2.602983552567957e+39	1.0316015747614827e+39	4.818769662379348e+40	2.6333334694381615e+40	1.7400581489469544e+40	1.206261685353514e+40
26163.04217266677	3.676837106379868e+41	1.1109802039787821e+41	7.45840176960457e+40	4.5558922767611965e+40	3.1841568307979684e+40	1.8883686446995294e+40	5.504824420539572e+39	2.849326149736792e+39	1.1317042382594079e+39	5.178580784444339e+40	2.8484473807678043e+40	1.8883686446995294e+40	1.3121375558676402e+40
27625.588149995558	3.67134249602124e+41	1.1823533687137937e+41	8.006903285509386e+40	4.92730048595674e+40	3.457458892933504e+40	2.0595610628831116e+40	6.043849761043916e+39	3.135349229993639e+39	1.2481093823740177e+39	5.591396967210903e+40	3.096225118970095e+40	2.0595610628831116e+40	1.434538429625943e+40
29293.45704558461	3.630726037241967e+41	1.2529417150566053e+41	8.570961218076473e+40	5.319847079159319e+40	3.7501119436857593e+40	2.2453573999596557e+40	6.639666134619602e+39	3.453330889259781e+39	1.378243510924736e+39	6.025182454922415e+40	3.3624305578932443e+40	2.2453573999596557e+40	1.5682970534874944e+40
31226.89057931966	3.593095815142237e+41	1.3284597779424732e+41	9.188343591740531e+40	5.756797381621873e+40	4.0785878117459683e+40	2.4557344894323946e+40	7.32265715051401e+39	3.819279045211891e+39	1.5285872097593747e+39	6.506285054761001e+40	3.661864272514892e+40	2.4557344894323946e+40	1.7204453367373302e+40
33517.507947587714	3.549725854564582e+41	1.4080192704943979e+41	9.859067352231603e+40	6.241890570878006e+40	4.447072798976865e+40	2.694302601890119e+40	8.108777493404082e+39	4.242472429427705e+39	1.7032461899465857e+39	7.037939317082753e+40	3.998666329727896e+40	2.694302601890119e+40	1.8939442972935004e+40
36315.159269964104	3.506818768293127e+41	1.4926391342590744e+41	1.0595471114078957e+41	6.78651181291581e+40	4.865251527158344e+40	2.968092176922173e+40	9.024990151710134e+39	4.738118010769951e+39	1.908782204584788e+39	7.632003434136665e+40	4.38194463571055e+40	2.968092176922173e+40	2.0942097183609432e+40
39891.942762108716	3.4311522724868137e+41	1.57214437554784e+41	1.13413624333459e+41	7.364594891218411e+40	5.318573264798918e+40	3.2711918309249763e+40	1.0067663907640409e+40	5.3069606065190796e+39	2.146585109904534e+39	8.25653841638663e+40	4.799622696673275e+40	3.2711918309249763e+40	2.31825140860403e+40
44833.39259386912	3.3499412719834794e+41	1.651761271102817e+41	1.2135627246525245e+41	8.003754929170449e+40	5.828370532463796e+40	3.617909881589471e+40	1.1287662473059042e+40	5.977206559545903e+39	2.4286625737591238e+39	8.941749887397171e+40	5.2713367331569025e+40	3.617909881589471e+40	2.5767376052765903e+40
52868.63897961762	3.1888793516185e+41	1.69786967367092e+41	1.275797997266024e+41	8.576255533408862e+40	6.309174690619333e+40	3.9607517165946112e+40	1.2564630679294444e+40	6.690330307271866e+39	2.733393950220277e+39	9.540280158087177e+40	5.7216834962546935e+40	3.9607517165946112e+40	2.8380894397180963e+40
62344.059128858244	3.616784796744345e+41	2.1651101744843247e+41	1.7025723153577148e+41	1.1897406721987135e+41	8.935689700213663e+40	5.739869105486207e+40	1.8835425692450294e+40	1.0142646954863676e+40	4.190227189858772e+39	1.3119625206334496e+41	8.148503659320993e+40	5.739869105486207e+40	4.1640665530869014e+40
73517.7851997079	3.890668759197503e+41	2.5587814501307533e+41	2.134649170468434e+41	1.5692215060054895e+41	1.2110614030125516e+41	8.017277055011974e+40	2.7502462362536937e+40	1.50285917910991e+40	6.299330425362558e+39	1.710734328944214e+41	1.1124083889427296e+41	8.017277055011974e+40	5.911339637448263e+40
86694.21673487771	4.073673095681755e+41	2.8192685449196155e+41	2.5277336296068567e+41	1.9774845688941255e+41	1.5781276135299077e+41	1.0842962686194461e+41	3.9285678170460747e+40	2.1857296773066884e+40	9.325209480882128e+39	2.125670319511544e+41	1.4625922487839228e+41	1.0842962686194461e+41	8.156324836896664e+40
102232.31273995595	4.195623094900061e+41	2.8834081630354243e+41	2.8140642025610474e+41	2.3706966464217036e+41	1.9694528443420064e+41	1.4151106462697622e+41	5.476818218680329e+40	3.113901156543857e+40	1.3570499410749466e+40	2.505834964086429e+41	1.8449948229538188e+41	1.4151106462697622e+41	1.0904854352170247e+41
120555.37080151196	4.247517379278538e+41	2.7068080862179787e+41	2.9138169475682967e+41	2.6773985152873335e+41	2.3326763675565703e+41	1.7681234917055197e+41	7.4080120831263365e+40	4.32329234638146e+40	1.9328412880185222e+40	2.7744442560012553e+41	2.213416631178399e+41	1.7681234917055197e+41	1.4025671585585905e+41
142162.55898720553	4.229699571413413e+41	2.3141985643464696e+41	2.7832814313279794e+41	2.8254685667290613e+41	2.6018097132402474e+41	2.1000237475068777e+41	9.670121117567308e+40	5.822770638304095e+40	2.6841250198438792e+40	2.861569901489931e+41	2.5060605164247796e+41	2.1000237475068777e+41	1.7240586596687981e+41
167642.51466566185	4.150197181614381e+41	1.797471771836101e+41	2.442024565051999e+41	2.769944984145467e+41	2.7152252496827856e+41	2.355049751443983e+41	1.2110192143693177e+41	7.567801175359535e+40	3.6181830964943547e+40	2.7342543462169774e+41	2.660283674327688e+41	2.355049751443983e+41	2.0119832747218405e+41
197689.38072719384	4.016082003588516e+41	1.2686295007159776e+41	1.966145280498226e+41	2.5159837419671773e+41	2.6414631633834683e+41	2.4818879221764003e+41	1.4474479030717328e+41	9.445962675525252e+40	4.714889071255315e+40	2.4149881299332937e+41	2.6372551203983828e+41	2.4818879221764003e+41	2.2177577308168474e+41
233121.71607151945	3.84652706244876e+41	8.185517963240936e+40	1.4578620818981192e+41	2.1217631810800415e+41	2.398385054581492e+41	2.4582707602006936e+41	1.648951096894336e+41	1.130607237340054e+41	5.931624530079828e+40	1.9764025377706803e+41	2.4439073234376325e+41	2.4582707602006936e+41	2.3078892723880577e+41
274904.7955452395	3.8699460160819134e+41	5.78195054217621e+40	1.137912447490216e+41	1.828106626129139e+41	2.1931047328563645e+41	2.4177774407035648e+41	1.838626253209702e+41	1.322211248935488e+41	7.295001768951217e+40	1.6631908191403397e+41	2.272588597049209e+41	2.4177774407035648e+41	2.3695338515830624e+41
324176.90684487246	4.183403610199911e+41	4.724030771021125e+40	9.961899005290335e+40	1.7160460138969731e+41	2.1487346281663026e+41	2.4989015286533884e+41	2.0915343915850284e+41	1.5633539713710838e+41	9.00466796295544e+40	1.535246056978591e+41	2.2539780863214094e+41	2.4989015286533884e+41	2.529055051566179e+41
382280.3607892727	4.154278881387463e+41	3.012640765136685e+40	7.175022533148574e+40	1.3830429395886643e+41	1.847403292738122e+41	2.3192926131981706e+41	2.2034626149837153e+41	1.7278294138354676e+41	1.048510684143476e+41	1.2053146480617369e+41	1.9728590415783137e+41	2.3192926131981706e+41	2.452694979980261e+41
450798.05977109534	3.4080149365839264e+41	1.1298126960195553e+40	3.3093312154420827e+40	7.717782883451153e+40	1.1496837826877866e+41	1.6407010805497947e+41	1.9182093102639382e+41	1.6225828635545326e+41	1.0673052261292234e+41	6.434250933291352e+40	1.2652371376414865e+41	1.6407010805497947e+41	1.8661377380090565e+41
531596.6206174198	2.3107719832337905e+41	2.413066895818993e+39	8.594294532084855e+39	2.622205184544999e+40	4.601267499753963e+40	7.985107851811552e+40	1.2846490068562047e+41	1.2203776652180802e+41	9.071008716254133e+40	2.047949231017995e+40	5.300407513808829e+40	7.985107851811552e+40	1.0157805814900694e+41
626877.2266550342	1.339740144880293e+41	2.4982408394791946e+39	2.916034397503169e+39	5.904320777584709e+39	1.109776279757677e+40	2.394277085377183e+40	6.07827044127503e+40	6.87454466164193e+40	6.142299782218679e+40	4.732416650198549e+39	1.3332600512855085e+40	2.394277085377183e+40	3.548602901714684e+40
739235.5945742351	5.879798139543335e+40	1.7981638408746056e+39	1.662504759046011e+39	1.5935361788685122e+39	1.9220214662078328e+39	3.7162305432945915e+39	1.637973972872652e+40	2.4417809969682935e+40	2.9460038684685694e+40	1.5767232349967055e+39	2.147241683111198e+39	3.7162305432945915e+39	6.289078354093284e+39
871732.6896327272	2.696657260130898e+40	1.2735668700680838e+39	1.218249715203588e+39	1.0675708223874268e+39	9.485847153284699e+38	8.981913652379859e+38	3.172587264917429e+39	6.346092733574651e+39	1.0939621312802637e+40	1.1115061856436457e+39	9.191560316713794e+38	8.981913652379859e+38	1.099552707955937e+39
1027978.1138173954	1.5512877715506063e+40	8.71342702785959e+38	8.751947757100405e+38	8.06291716637162e+38	7.25096799993589e+38	5.985559289281305e+38	8.546598366633744e+38	1.885831196685529e+39	4.377939476366375e+39	8.301736076594617e+38	6.973380753332893e+38	5.985559289281305e+38	5.434202130413751e+38
1212228.4425749867	1.0016425724140758e+40	5.740894949981207e+38	6.055726103064638e+38	5.895433629028526e+38	5.493993356614233e+38	4.6586133286763644e+38	3.612519266646557e+38	6.445096956040763e+38	1.8217136422111813e+39	5.9867976911584836e+38	5.334157093829685e+38	4.6586133286763644e+38	4.039848319387978e+38
1429503.1862564234	6.702833214754519e+39	3.6409190821275035e+38	4.032600271332652e+38	4.149653419864692e+38	4.016499403595542e+38	3.5785875559269835e+38	2.2694544655499344e+38	2.5037475528147094e+38	6.898233201786008e+38	4.1552221640151346e+38	3.944021510895779e+38	3.5785875559269835e+38	3.1696451530665142e+38
1685721.5360851905	4.512313845997685e+39	2.2217739505929692e+38	2.5845039981770994e+38	2.810213465210276e+38	2.8258360853410162e+38	2.6546805742886254e+38	1.7545974925968397e+38	1.396971441764312e+38	2.3663927706413197e+38	2.7749061057685226e+38	2.8071881592336814e+38	2.6546805742886254e+38	2.4318074249716847e+38
1987863.6200252962	3.027762651240306e+39	1.3028460672562923e+38	1.5941002895126697e+38	1.8312248272582108e+38	1.9125714280920554e+38	1.8955302177681756e+38	1.3921538984497107e+38	1.0467942847758294e+38	9.452248011568197e+37	1.7833080906136646e+38	1.922094977313343e+38	1.8955302177681756e+38	1.7996642039097407e+38
2344160.6616224833	2.0225722680758904e+39	7.320983923004674e+37	9.455386675229371e+37	1.1484217662147338e+38	1.2454380527436167e+38	1.3018998989180426e+38	1.0750734219118811e+38	8.396102991896223e+37	5.68541458257363e+37	1.1029670393068358e+38	1.2660975897154545e+38	1.3018998989180426e+38	1.2817058782675086e+38
2764319.2222922835	1.3462345041891476e+39	3.922388251513854e+37	5.382459834583266e+37	6.9299844656616865e+37	7.804923158575103e+37	8.60123585320708e+37	8.005718070760459e+37	6.616039850268477e+37	4.412639365563585e+37	6.561912480522085e+37	8.025423487777638e+37	8.60123585320708e+37	8.77951789585623e+37
3259785.636059478	8.938069492297787e+38	1.9881926038243402e+37	2.928695892164845e+37	4.019103598304492e+37	4.706615897548616e+37	5.467837956299049e+37	5.737224041951549e+37	5.03756247437873e+37	3.5807176063980915e+37	3.748676663494334e+37	4.895647009151207e+37	5.467837956299049e+37	5.784455123230086e+37
3844057.840711253	5.924657775386871e+38	9.431250974318581e+36	1.513159658733973e+37	2.2339913367622127e+37	2.7282709216139336e+37	3.34520796369367e+37	3.9540493132736433e+37	3.6941873476561333e+37	2.842526497019575e+37	2.048960049376323e+37	2.872129484838367e+37	3.34520796369367e+37	3.667040948883295e+37
4533053.100540733	3.9232651910319105e+38	4.1283854947920416e+36	7.352210133524787e+36	1.1840738842746288e+37	1.516193562914509e+37	1.9686942642782033e+37	2.6206792629389614e+37	2.6059510392732643e+37	2.1802633049194526e+37	1.0649386301713304e+37	1.617180569043755e+37	1.9686942642782033e+37	2.237313785748473e+37
