#t	Le	U	B	V	R	I	J	H	K	g	r	i	z
#----------------------------------------------- 
2.981965994818276	0.0	0.0	0.0	0.0	0.0	0.0	0.0	0.0	0.0	0.0	0.0	0.0	0.0
3.0609341231524025	0.0	0.0	0.0	0.0	0.0	0.0	0.0	0.0	0.0	0.0	0.0	0.0	0.0
3.159275950637516	0.0	0.0	0.0	0.0	0.0	0.0	0.0	0.0	0.0	0.0	0.0	0.0	0.0
3.2653106469824955	0.0	0.0	0.0	0.0	0.0	0.0	0.0	0.0	0.0	0.0	0.0	0.0	0.0
3.3776761865677503	0.0	0.0	0.0	0.0	0.0	0.0	0.0	0.0	0.0	0.0	0.0	0.0	0.0
3.496318481640409	0.0	0.0	0.0	0.0	0.0	0.0	0.0	0.0	0.0	0.0	0.0	0.0	0.0
3.6214909915540585	0.0	0.0	0.0	0.0	0.0	0.0	0.0	0.0	0.0	0.0	0.0	0.0	0.0
3.753568280122093	0.0	0.0	0.0	0.0	0.0	0.0	0.0	0.0	0.0	0.0	0.0	0.0	0.0
3.8929972362839522	0.0	0.0	0.0	0.0	0.0	0.0	0.0	0.0	0.0	0.0	0.0	0.0	0.0
4.040282866470506	0.0	0.0	0.0	0.0	0.0	0.0	0.0	0.0	0.0	0.0	0.0	0.0	0.0
4.195985452664571	0.0	0.0	0.0	0.0	0.0	0.0	0.0	0.0	0.0	0.0	0.0	0.0	0.0
4.360722402674305	0.0	0.0	0.0	0.0	0.0	0.0	0.0	0.0	0.0	0.0	0.0	0.0	0.0
4.53517255408336	0.0	0.0	0.0	0.0	0.0	0.0	0.0	0.0	0.0	0.0	0.0	0.0	0.0
4.720082128077331	0.0	0.0	0.0	0.0	0.0	0.0	0.0	0.0	0.0	0.0	0.0	0.0	0.0
4.916272070569488	0.0	0.0	0.0	0.0	0.0	0.0	0.0	0.0	0.0	0.0	0.0	0.0	0.0
5.124646755790584	0.0	0.0	0.0	0.0	0.0	0.0	0.0	0.0	0.0	0.0	0.0	0.0	0.0
5.3462041529713	0.0	0.0	0.0	0.0	0.0	0.0	0.0	0.0	0.0	0.0	0.0	0.0	0.0
5.582047639949512	0.0	0.0	0.0	0.0	0.0	0.0	0.0	0.0	0.0	0.0	0.0	0.0	0.0
5.833399717374479	0.0	0.0	0.0	0.0	0.0	0.0	0.0	0.0	0.0	0.0	0.0	0.0	0.0
6.101617947380792	0.0	0.0	0.0	0.0	0.0	0.0	0.0	0.0	0.0	0.0	0.0	0.0	0.0
6.388213519399042	0.0	0.0	0.0	0.0	0.0	0.0	0.0	0.0	0.0	0.0	0.0	0.0	0.0
6.694872939274285	0.0	0.0	0.0	0.0	0.0	0.0	0.0	0.0	0.0	0.0	0.0	0.0	0.0
7.0234834523094944	0.0	0.0	0.0	0.0	0.0	0.0	0.0	0.0	0.0	0.0	0.0	0.0	0.0
7.376162953115455	0.0	0.0	0.0	0.0	0.0	0.0	0.0	0.0	0.0	0.0	0.0	0.0	0.0
7.755295314124192	0.0	0.0	0.0	0.0	0.0	0.0	0.0	0.0	0.0	0.0	0.0	0.0	0.0
8.16357229144454	0.0	0.0	0.0	0.0	0.0	0.0	0.0	0.0	0.0	0.0	0.0	0.0	0.0
8.604043456558026	0.0	0.0	0.0	0.0	0.0	0.0	0.0	0.0	0.0	0.0	0.0	0.0	0.0
9.080175975220467	0.0	0.0	0.0	0.0	0.0	0.0	0.0	0.0	0.0	0.0	0.0	0.0	0.0
9.595926538058418	0.0	0.0	0.0	0.0	0.0	0.0	0.0	0.0	0.0	0.0	0.0	0.0	0.0
10.155828378227016	0.0	0.0	0.0	0.0	0.0	0.0	0.0	0.0	0.0	0.0	0.0	0.0	0.0
10.765097141670829	0.0	0.0	0.0	0.0	0.0	0.0	0.0	0.0	0.0	0.0	0.0	0.0	0.0
11.429760477075924	0.0	0.0	0.0	0.0	0.0	0.0	0.0	0.0	0.0	0.0	0.0	0.0	0.0
12.156817687225297	0.0	0.0	0.0	0.0	0.0	0.0	0.0	0.0	0.0	0.0	0.0	0.0	0.0
12.954437776283159	0.0	0.0	0.0	0.0	0.0	0.0	0.0	0.0	0.0	0.0	0.0	0.0	0.0
13.83220694730255	0.0	0.0	0.0	0.0	0.0	0.0	0.0	0.0	0.0	0.0	0.0	0.0	0.0
14.801440356961356	0.0	0.0	0.0	0.0	0.0	0.0	0.0	0.0	0.0	0.0	0.0	0.0	0.0
15.875578172143321	0.0	0.0	0.0	0.0	0.0	0.0	0.0	0.0	0.0	0.0	0.0	0.0	0.0
17.070693374568357	0.0	0.0	0.0	0.0	0.0	0.0	0.0	0.0	0.0	0.0	0.0	0.0	0.0
18.406149361419086	0.0	0.0	0.0	0.0	0.0	0.0	0.0	0.0	0.0	0.0	0.0	0.0	0.0
19.905460798266944	0.0	0.0	0.0	0.0	0.0	0.0	0.0	0.0	0.0	0.0	0.0	0.0	0.0
21.597433934047473	0.0	0.0	0.0	0.0	0.0	0.0	0.0	0.0	0.0	0.0	0.0	0.0	0.0
23.517696777302834	0.0	0.0	0.0	0.0	0.0	0.0	0.0	0.0	0.0	0.0	0.0	0.0	0.0
25.710781898289916	0.0	0.0	0.0	0.0	0.0	0.0	0.0	0.0	0.0	0.0	0.0	0.0	0.0
28.233006537291658	0.0	0.0	0.0	0.0	0.0	0.0	0.0	0.0	0.0	0.0	0.0	0.0	0.0
31.156525890635947	0.0	0.0	0.0	0.0	0.0	0.0	0.0	0.0	0.0	0.0	0.0	0.0	0.0
34.575151146638206	0.0	0.0	0.0	0.0	0.0	0.0	0.0	0.0	0.0	0.0	0.0	0.0	0.0
38.612889175381426	0.0	0.0	0.0	0.0	0.0	0.0	0.0	0.0	0.0	0.0	0.0	0.0	0.0
43.43680077970582	0.0	0.0	0.0	0.0	0.0	0.0	0.0	0.0	0.0	0.0	0.0	0.0	0.0
49.27693997636315	0.0	0.0	0.0	0.0	0.0	0.0	0.0	0.0	0.0	0.0	0.0	0.0	0.0
56.45835759291901	0.0	0.0	0.0	0.0	0.0	0.0	0.0	0.0	0.0	0.0	0.0	0.0	0.0
65.4546158819976	0.0	0.0	0.0	0.0	0.0	0.0	0.0	0.0	0.0	0.0	0.0	0.0	0.0
76.98182588223924	0.0	0.0	0.0	0.0	0.0	0.0	0.0	0.0	0.0	0.0	0.0	0.0	0.0
92.17439890998668	0.0	0.0	0.0	0.0	0.0	0.0	0.0	0.0	0.0	0.0	0.0	0.0	0.0
112.94052833874471	0.0	0.0	0.0	0.0	0.0	0.0	0.0	0.0	0.0	0.0	0.0	0.0	0.0
142.76139224138123	0.0	0.0	0.0	0.0	0.0	0.0	0.0	0.0	0.0	0.0	0.0	0.0	0.0
188.7796070363733	0.0	0.0	0.0	0.0	0.0	0.0	0.0	0.0	0.0	0.0	0.0	0.0	0.0
249.63269475335676	0.0	0.0	0.0	0.0	0.0	0.0	0.0	0.0	0.0	0.0	0.0	0.0	0.0
330.1031672176002	0.0	0.0	0.0	0.0	0.0	0.0	0.0	0.0	0.0	0.0	0.0	0.0	0.0
436.51543716553385	0.0	0.0	0.0	0.0	0.0	0.0	0.0	0.0	0.0	0.0	0.0	0.0	0.0
577.2328819413032	0.0	0.0	0.0	0.0	0.0	0.0	0.0	0.0	0.0	0.0	0.0	0.0	0.0
763.3152077300342	0.0	0.0	0.0	0.0	0.0	0.0	0.0	0.0	0.0	0.0	0.0	0.0	0.0
1009.3877505111143	0.0	0.0	0.0	0.0	0.0	0.0	0.0	0.0	0.0	0.0	0.0	0.0	0.0
1334.7910449944277	0.0	0.0	0.0	0.0	0.0	0.0	0.0	0.0	0.0	0.0	0.0	0.0	0.0
1765.101022922586	0.0	0.0	0.0	0.0	0.0	0.0	0.0	0.0	0.0	0.0	0.0	0.0	0.0
2334.139348812748	0.0	0.0	0.0	0.0	0.0	0.0	0.0	0.0	0.0	0.0	0.0	0.0	0.0
3086.6319384180606	8.069974754235498e+32	6.491380349932313e+29	3.6158936370989735e+29	1.8795265014751394e+29	1.2030240435287132e+29	6.459334804732027e+28	1.6169677999036229e+28	7.940604955145269e+27	2.989747569140385e+27	2.216229820780314e+29	1.050979912292279e+29	6.459334804732027e+28	4.249451744383611e+28
4081.724557586058	3.033929382192826e+38	4.829294279326625e+35	2.7025689319977064e+35	1.4105958082422866e+35	9.049584614468238e+34	4.871863998570348e+34	1.2246925396494662e+34	6.023151454613494e+33	2.271271159092605e+33	1.6617161781313774e+35	7.910817961263865e+34	4.871863998570348e+34	3.2098551091373105e+34
5397.632064576623	3.0360366178615874e+41	8.920656849086027e+38	5.0189104170651585e+38	2.6320514533287266e+38	1.6930385000646434e+38	9.142244940254408e+37	2.3091974654324617e+37	1.137607190311294e+37	4.297281919626563e+36	3.0972470298009745e+38	1.4810570374942695e+38	9.142244940254408e+37	6.0336549568071225e+37
7137.786126385966	1.1154364338568793e+42	5.972431220203816e+39	3.382643287700591e+39	1.784437427740854e+39	1.1515848618225169e+39	6.241887531058545e+38	1.5859471541932986e+38	7.829341909892629e+37	2.9638606929827206e+37	2.0969863454532745e+39	1.008295415602959e+39	6.241887531058545e+38	4.128147688923587e+38
9438.965477655654	1.683480145100987e+42	1.5986571613177923e+40	9.128372776476987e+39	4.8501487607154597e+39	3.1425079395113943e+39	1.7111027001561055e+39	4.378714825281639e+38	2.1670748000644827e+38	8.22482209348128e+37	5.690303757387827e+39	2.7544658634238506e+39	1.7111027001561055e+39	1.134535099382295e+39
12482.04805635978	2.0561344956082125e+42	3.6075694065447205e+40	2.0833839171289042e+40	1.1180218531803837e+40	7.283782953237425e+39	3.9910252193061104e+39	1.0313531282105274e+39	5.121850738677711e+38	1.9507843556996728e+38	1.3087082559060082e+40	6.393889949996207e+39	3.9910252193061104e+39	2.6554744218665774e+39
16506.23142949463	2.3862045491445388e+42	7.75627519211738e+40	4.547926080503055e+40	2.473253040070858e+40	1.6231230617875752e+40	8.968074373931755e+39	2.3476793476729615e+39	1.1711731331839323e+39	4.481369888173107e+38	2.886310586249519e+40	1.4276431527593865e+40	8.968074373931755e+39	5.994636570054472e+39
21827.828555722695	2.727976366584349e+42	1.5772666934189842e+41	9.42985172096579e+40	5.215519920609963e+40	3.454608353262377e+40	1.928899810966116e+40	5.132029897186045e+39	2.574656982584554e+39	9.908443796442835e+38	6.063184287468299e+40	3.0461604306819094e+40	1.928899810966116e+40	1.2968609164964428e+40
28865.133779378117	3.0167875720163954e+42	3.005201265171391e+41	1.8430264259116396e+41	1.0420404425657773e+41	6.985475688017273e+40	3.9536536533184166e+40	1.0740124530240912e+40	5.427017205060318e+39	2.1038753435674103e+39	1.205355372128218e+41	6.179513841931784e+40	3.9536536533184166e+40	2.678081997312272e+40
38171.30264973722	3.252240771561848e+42	5.307022628589359e+41	3.364877439330017e+41	1.9578075772112846e+41	1.3330194800690728e+41	7.677986946854536e+40	2.142118415737468e+40	1.0923816462531705e+40	4.2742700672825433e+39	2.2499724962384346e+41	1.1841629465662718e+41	7.677986946854536e+40	5.251006365252042e+40
50477.83253195763	3.317337238130542e+42	8.424617270262241e+41	5.585908045766885e+41	3.3775125759518454e+41	2.3480384814855694e+41	1.3844232334516906e+41	4.001597287155817e+40	2.06542203068649e+40	8.180590814129387e+39	3.847862053542757e+41	2.097528124069904e+41	1.3844232334516906e+41	9.589817196208889e+40
66752.05955049541	3.2172765997381377e+42	1.1800915536459656e+42	8.298418401680401e+41	5.2789196577684145e+41	3.772233135669169e+41	2.2938341983423147e+41	6.945877244967805e+40	3.6421372235302016e+40	1.4655950788652575e+40	5.945221054482157e+41	3.394745102613395e+41	2.2938341983423147e+41	1.6158801835844691e+41
88273.19564646676	3.130747398949252e+42	1.453610542436001e+42	1.0959337855095778e+42	7.416089875622473e+41	5.4831740972092806e+41	3.465706354656751e+41	1.113167174689144e+41	5.955517384695256e+40	2.445372289247604e+40	8.234829967449275e+41	4.980148367744721e+41	3.465706354656751e+41	2.4938313484466054e+41
116732.87942346487	3.139100403498464e+42	1.653506179128056e+42	1.3362798253765426e+42	9.639469093542951e+41	7.391148411105848e+41	4.8737212487662525e+41	1.6734028296755747e+41	9.163659231697683e+40	3.852458082109858e+40	1.054584875699002e+42	6.780443701753955e+41	4.8737212487662525e+41	3.591294981905472e+41
154368.1452128982	2.2375281472505995e+42	1.2208704147055556e+42	1.1153176409689466e+42	8.989804852110048e+41	7.339698962886148e+41	5.207360052795143e+41	2.00939316894348e+41	1.1468469605428042e+41	5.029603426375323e+40	9.58575830920816e+41	6.850270441219762e+41	5.207360052795143e+41	3.9989407848003434e+41
204137.26222427137	9.439188523569483e+41	3.824289817464279e+41	4.488865173462945e+41	4.537940907634683e+41	4.208453769536178e+41	3.4606334814930017e+41	1.6870154049354443e+41	1.0460874102595286e+41	4.995398880307966e+40	4.592232459565315e+41	4.067064874913542e+41	3.4606334814930017e+41	2.8870604289221816e+41
269952.2685008545	3.281237099207415e+41	4.940529177300142e+40	8.531122544490636e+40	1.2351442509163748e+41	1.4066002968930138e+41	1.4708532623711868e+41	1.0529653753351247e+41	7.484391603858326e+40	4.109766613307778e+40	1.1496299945034641e+41	1.4383662754694636e+41	1.4708532623711868e+41	1.4055571899526229e+41
356986.46709888993	1.6132454379072385e+41	7.168451640966169e+39	1.6539854367265787e+40	3.260690387084747e+40	4.488340638950082e+40	5.938948587391344e+40	6.409282750448784e+40	5.323004765710101e+40	3.4418229331390406e+40	2.817239770379297e+40	4.844182259317228e+40	5.938948587391344e+40	6.529220045785717e+40
472081.0647801784	9.068040477882511e+40	1.1030021399017748e+39	2.7554918363153865e+39	7.537071602865631e+39	1.2857788902826935e+40	2.2064409308455135e+40	3.691861459715398e+40	3.624736096558315e+40	2.806923247200791e+40	5.987301031186608e+39	1.474101407633891e+40	2.2064409308455135e+40	2.8209126253255245e+40
624282.917133655	5.040158318365466e+40	4.506675010718729e+38	4.472979879720103e+38	1.1143367717035234e+39	2.3634110561533296e+39	5.614117722020717e+39	1.6538107619513012e+40	2.0105136553232306e+40	1.9613724905636006e+40	8.413639809565149e+38	2.913684789092337e+39	5.614117722020717e+39	8.725406580765274e+39
825555.6435405764	2.7468831309694256e+40	3.918326582614845e+38	2.489883180529408e+38	1.983543163117887e+38	3.017397204451859e+38	8.732655497478199e+38	5.234995484506033e+39	8.401024118956358e+39	1.1050618021073459e+40	1.954046786101754e+38	3.73230295442379e+38	8.732655497478199e+38	1.7111958712555558e+39
1091720.009970019	1.470846154942534e+40	3.465344709651627e+38	2.2297649858458974e+38	1.3291779500479993e+38	9.81023610714265e+37	1.1039390042638965e+38	1.0488782359760125e+39	2.4188093139241944e+39	4.702962627695432e+39	1.5136321580033008e+38	9.298824585373254e+37	1.1039390042638965e+38	2.0624183183293567e+38
1443697.496969529	7.757996913913882e+39	2.9009159628673322e+38	1.949217829969316e+38	1.1973683763715712e+38	8.416901562657642e+37	5.168893139683137e+37	1.2333365837146976e+38	4.2658084447557286e+38	1.383345073728415e+39	1.3587266693501767e+38	7.549846541771333e+37	5.168893139683137e+37	4.2201779642637916e+37
1909154.8016236848	4.0403558873886213e+39	2.2659363111212492e+38	1.6087410336456602e+38	1.0388457557746957e+38	7.5041247712273125e+37	4.630086896250342e+37	1.9146918927256045e+37	4.426716281752669e+37	2.4951318895014516e+38	1.1653411555803137e+38	6.775013270465551e+37	4.630086896250342e+37	3.298800587806305e+37
2524678.5370438225	2.0818955800748282e+39	1.6250343405925308e+38	1.2358248584970939e+38	8.501372476320642e+37	6.365679458651121e+37	4.094274355326656e+37	1.3648970181427588e+37	8.610360935493939e+36	2.53893083079392e+37	9.397514646319954e+37	5.804053863909715e+37	4.094274355326656e+37	2.978545326473245e+37
3338651.0683043115	1.0631716114471137e+39	1.04970866517247e+38	8.688977061139555e+37	6.467750535773821e+37	5.067584273563693e+37	3.4375303733195725e+37	1.241546274582872e+37	6.941154956516695e+36	3.7684084172120473e+36	7.019096168927218e+37	4.678627037753723e+37	3.4375303733195725e+37	2.577062541536245e+37
4415053.5354813235	5.388359265511115e+38	5.970224054039059e+37	5.481597728062328e+37	4.496468473990634e+37	3.727422618619483e+37	2.703453342511265e+37	1.088295484444392e+37	6.313138074030997e+36	2.823533218466716e+36	4.769940174285214e+37	3.4955957699703702e+37	2.703453342511265e+37	2.1056796351841133e+37
