#t	Le	U	B	V	R	I	J	H	K	g	r	i	z
#----------------------------------------------- 
3.7652155130543496	0.0	0.0	0.0	0.0	0.0	0.0	0.0	0.0	0.0	0.0	0.0	0.0	0.0
3.899421307717602	0.0	0.0	0.0	0.0	0.0	0.0	0.0	0.0	0.0	0.0	0.0	0.0	0.0
4.292293807884497	0.0	0.0	0.0	0.0	0.0	0.0	0.0	0.0	0.0	0.0	0.0	0.0	0.0
4.7397718884182245	0.0	0.0	0.0	0.0	0.0	0.0	0.0	0.0	0.0	0.0	0.0	0.0	0.0
5.2412725916908505	0.0	0.0	0.0	0.0	0.0	0.0	0.0	0.0	0.0	0.0	0.0	0.0	0.0
5.802014016514684	0.0	0.0	0.0	0.0	0.0	0.0	0.0	0.0	0.0	0.0	0.0	0.0	0.0
6.4278681014672765	0.0	0.0	0.0	0.0	0.0	0.0	0.0	0.0	0.0	0.0	0.0	0.0	0.0
7.125131710261028	0.0	0.0	0.0	0.0	0.0	0.0	0.0	0.0	0.0	0.0	0.0	0.0	0.0
7.900485525201955	0.0	0.0	0.0	0.0	0.0	0.0	0.0	0.0	0.0	0.0	0.0	0.0	0.0
8.760978391932483	0.0	0.0	0.0	0.0	0.0	0.0	0.0	0.0	0.0	0.0	0.0	0.0	0.0
9.714015583566804	0.0	0.0	0.0	0.0	0.0	0.0	0.0	0.0	0.0	0.0	0.0	0.0	0.0
10.767346898133638	0.0	0.0	0.0	0.0	0.0	0.0	0.0	0.0	0.0	0.0	0.0	0.0	0.0
11.929054509935625	0.0	0.0	0.0	0.0	0.0	0.0	0.0	0.0	0.0	0.0	0.0	0.0	0.0
13.20754201528505	0.0	0.0	0.0	0.0	0.0	0.0	0.0	0.0	0.0	0.0	0.0	0.0	0.0
14.611526865403754	0.0	0.0	0.0	0.0	0.0	0.0	0.0	0.0	0.0	0.0	0.0	0.0	0.0
16.15003869690802	0.0	0.0	0.0	0.0	0.0	0.0	0.0	0.0	0.0	0.0	0.0	0.0	0.0
17.832426047062334	0.0	0.0	0.0	0.0	0.0	0.0	0.0	0.0	0.0	0.0	0.0	0.0	0.0
19.668373650340076	0.0	0.0	0.0	0.0	0.0	0.0	0.0	0.0	0.0	0.0	0.0	0.0	0.0
21.66793204675786	0.0	0.0	0.0	0.0	0.0	0.0	0.0	0.0	0.0	0.0	0.0	0.0	0.0
23.84156069096698	0.0	0.0	0.0	0.0	0.0	0.0	0.0	0.0	0.0	0.0	0.0	0.0	0.0
26.200185238868954	0.0	0.0	0.0	0.0	0.0	0.0	0.0	0.0	0.0	0.0	0.0	0.0	0.0
28.75526927720199	0.0	0.0	0.0	0.0	0.0	0.0	0.0	0.0	0.0	0.0	0.0	0.0	0.0
31.51890051217935	0.0	0.0	0.0	0.0	0.0	0.0	0.0	0.0	0.0	0.0	0.0	0.0	0.0
34.50389136400383	0.0	0.0	0.0	0.0	0.0	0.0	0.0	0.0	0.0	0.0	0.0	0.0	0.0
37.723894025149036	0.0	0.0	0.0	0.0	0.0	0.0	0.0	0.0	0.0	0.0	0.0	0.0	0.0
41.19353031273001	0.0	0.0	0.0	0.0	0.0	0.0	0.0	0.0	0.0	0.0	0.0	0.0	0.0
44.92853705262349	0.0	0.0	0.0	0.0	0.0	0.0	0.0	0.0	0.0	0.0	0.0	0.0	0.0
48.945928246526705	0.0	0.0	0.0	0.0	0.0	0.0	0.0	0.0	0.0	0.0	0.0	0.0	0.0
53.26417587550297	0.0	0.0	0.0	0.0	0.0	0.0	0.0	0.0	0.0	0.0	0.0	0.0	0.0
57.90341187375322	0.0	0.0	0.0	0.0	0.0	0.0	0.0	0.0	0.0	0.0	0.0	0.0	0.0
62.885654564365105	0.0	0.0	0.0	0.0	0.0	0.0	0.0	0.0	0.0	0.0	0.0	0.0	0.0
68.23506370449354	0.0	0.0	0.0	0.0	0.0	0.0	0.0	0.0	0.0	0.0	0.0	0.0	0.0
73.97822925949973	0.0	0.0	0.0	0.0	0.0	0.0	0.0	0.0	0.0	0.0	0.0	0.0	0.0
80.14450016254406	0.0	0.0	0.0	0.0	0.0	0.0	0.0	0.0	0.0	0.0	0.0	0.0	0.0
86.76636066001895	0.0	0.0	0.0	0.0	0.0	0.0	0.0	0.0	0.0	0.0	0.0	0.0	0.0
93.87986347100251	0.0	0.0	0.0	0.0	0.0	0.0	0.0	0.0	0.0	0.0	0.0	0.0	0.0
101.5251309814628	0.0	0.0	0.0	0.0	0.0	0.0	0.0	0.0	0.0	0.0	0.0	0.0	0.0
109.74693816255356	0.0	0.0	0.0	0.0	0.0	0.0	0.0	0.0	0.0	0.0	0.0	0.0	0.0
118.5953939939189	0.0	0.0	0.0	0.0	0.0	0.0	0.0	0.0	0.0	0.0	0.0	0.0	0.0
128.1267420740634	0.0	0.0	0.0	0.0	0.0	0.0	0.0	0.0	0.0	0.0	0.0	0.0	0.0
138.40430605538495	0.0	0.0	0.0	0.0	0.0	0.0	0.0	0.0	0.0	0.0	0.0	0.0	0.0
149.49961189473737	0.0	0.0	0.0	0.0	0.0	0.0	0.0	0.0	0.0	0.0	0.0	0.0	0.0
161.49372709351786	0.0	0.0	0.0	0.0	0.0	0.0	0.0	0.0	0.0	0.0	0.0	0.0	0.0
174.47886774458289	0.0	0.0	0.0	0.0	0.0	0.0	0.0	0.0	0.0	0.0	0.0	0.0	0.0
188.56033813417517	0.0	0.0	0.0	0.0	0.0	0.0	0.0	0.0	0.0	0.0	0.0	0.0	0.0
203.85888605114187	0.0	0.0	0.0	0.0	0.0	0.0	0.0	0.0	0.0	0.0	0.0	0.0	0.0
220.5135814445713	0.0	0.0	0.0	0.0	0.0	0.0	0.0	0.0	0.0	0.0	0.0	0.0	0.0
238.68535905173374	0.0	0.0	0.0	0.0	0.0	0.0	0.0	0.0	0.0	0.0	0.0	0.0	0.0
258.56141037489766	0.0	0.0	0.0	0.0	0.0	0.0	0.0	0.0	0.0	0.0	0.0	0.0	0.0
280.3606718796126	0.0	0.0	0.0	0.0	0.0	0.0	0.0	0.0	0.0	0.0	0.0	0.0	0.0
304.340741754286	0.0	0.0	0.0	0.0	0.0	0.0	0.0	0.0	0.0	0.0	0.0	0.0	0.0
330.8066777801547	0.0	0.0	0.0	0.0	0.0	0.0	0.0	0.0	0.0	0.0	0.0	0.0	0.0
360.1223007092809	0.0	0.0	0.0	0.0	0.0	0.0	0.0	0.0	0.0	0.0	0.0	0.0	0.0
392.72487595613916	0.0	0.0	0.0	0.0	0.0	0.0	0.0	0.0	0.0	0.0	0.0	0.0	0.0
429.14441275829665	0.0	0.0	0.0	0.0	0.0	0.0	0.0	0.0	0.0	0.0	0.0	0.0	0.0
470.0293687429779	0.0	0.0	0.0	0.0	0.0	0.0	0.0	0.0	0.0	0.0	0.0	0.0	0.0
516.1813875233648	0.0	0.0	0.0	0.0	0.0	0.0	0.0	0.0	0.0	0.0	0.0	0.0	0.0
568.6030093573715	0.0	0.0	0.0	0.0	0.0	0.0	0.0	0.0	0.0	0.0	0.0	0.0	0.0
628.5643972929898	0.0	0.0	0.0	0.0	0.0	0.0	0.0	0.0	0.0	0.0	0.0	0.0	0.0
697.698585740993	0.0	0.0	0.0	0.0	0.0	0.0	0.0	0.0	0.0	0.0	0.0	0.0	0.0
778.1406338617641	0.0	0.0	0.0	0.0	0.0	0.0	0.0	0.0	0.0	0.0	0.0	0.0	0.0
872.7364156799201	0.0	0.0	0.0	0.0	0.0	0.0	0.0	0.0	0.0	0.0	0.0	0.0	0.0
985.3657681346555	0.0	0.0	0.0	0.0	0.0	0.0	0.0	0.0	0.0	0.0	0.0	0.0	0.0
1121.461208748033	0.0	0.0	0.0	0.0	0.0	0.0	0.0	0.0	0.0	0.0	0.0	0.0	0.0
1288.877717443374	0.0	0.0	0.0	0.0	0.0	0.0	0.0	0.0	0.0	0.0	0.0	0.0	0.0
1499.4309491187166	0.0	0.0	0.0	0.0	0.0	0.0	0.0	0.0	0.0	0.0	0.0	0.0	0.0
1771.8048601857722	3.034436045630612e+33	1.0254191875411831e+30	5.686680739735029e+29	2.9442692647849663e+29	1.880379049937523e+29	1.0070544088858322e+29	2.510838556474938e+28	1.231261958726864e+28	4.6290428051063484e+27	3.474866926693371e+29	1.641739171242147e+29	1.0070544088858322e+29	6.615740189154759e+28
2137.5421602057936	3.0728984426086005e+37	1.439300434675082e+34	7.993943507664752e+33	4.144404564735397e+33	2.6488398433434213e+33	1.4198399741165302e+33	3.544868295876405e+32	1.739174284299541e+32	6.541870271882196e+31	4.889773974694665e+33	2.3131475298560078e+33	1.4198399741165302e+33	9.332021580689097e+32
2578.781179745403	1.3160873423609574e+40	9.424275775956213e+36	5.24603616137555e+36	2.725215726992534e+36	1.7437320883619874e+36	9.358875430418428e+35	2.3413669711924414e+35	1.1495469324435062e+35	4.327226905462552e+34	3.213865885026614e+36	1.5232100039329145e+36	9.358875430418428e+35	6.155648546613592e+35
3111.109053683242	6.943835382719035e+41	7.219765104984503e+38	4.028079566496724e+38	2.096771740637742e+38	1.3431460820119528e+38	7.218319044190002e+37	1.8095885482473775e+37	8.89110116582692e+36	3.3493991634489947e+36	2.47158123337623e+38	1.1736477316487994e+38	7.218319044190002e+37	4.751215367989123e+37
3753.3315672876984	3.3847070521306217e+42	5.2483345469040445e+39	2.936475243967428e+39	1.5324054081315353e+39	9.830056044853224e+38	5.291418600612507e+38	1.3299173643032004e+38	6.540233543842169e+37	2.4660932727436375e+37	1.80528578890173e+39	8.592841922792308e+38	5.291418600612507e+38	3.4860548546825605e+38
4528.137215808709	3.2147577511506814e+42	7.710749841563958e+39	4.329937738641062e+39	2.2669010884892612e+39	1.4567890000736963e+39	7.858015601011536e+38	1.9814469473537177e+38	9.75556794887703e+37	3.6828606405436695e+37	2.6685940846219735e+39	1.274061593818232e+39	7.858015601011536e+38	5.182963002399544e+38
5462.898860606127	4.322692647957595e+42	1.5904436120815497e+40	8.96903627599935e+39	4.7133538377744604e+39	3.0353061771184993e+39	1.6412071044935665e+39	4.15407897890022e+38	2.0479770312523463e+38	7.742030701454915e+37	5.543769454507695e+39	2.656094573641491e+39	1.6412071044935665e+39	1.0839567079768187e+39
6590.641050669022	4.754817948576944e+42	2.741842956746679e+40	1.5544777701229636e+40	8.207593950080066e+39	5.2993770149339947e+39	2.874027119831653e+39	7.308855193864961e+38	3.609291204549557e+38	1.3667662698870095e+38	9.643209489650776e+39	4.640608633376713e+39	2.874027119831653e+39	1.9013730564583132e+39
7951.207028260087	5.3416336599245445e+42	4.748393439440174e+40	2.708805561013793e+40	1.4380752277905237e+40	9.313331231388279e+39	5.0684859225524576e+39	1.2959708564446281e+39	6.41206956397849e+38	2.432895039409457e+38	1.6875004464302787e+40	8.162296111466634e+39	5.0684859225524576e+39	3.35965077629327e+39
9592.666201297268	5.865531342507076e+42	7.9840714708342225e+40	4.588356290063191e+40	2.451756603741495e+40	1.5935211958656955e+40	8.707893180410766e+39	2.2408433599620842e+39	1.1111984016850875e+39	4.225897623162852e+38	2.872732460667199e+40	1.3979375648583091e+40	8.707893180410766e+39	5.785221171141202e+39
11573.012725427938	6.18300177691673e+42	1.2979002425353721e+41	7.527625759563927e+40	4.0548243122753766e+40	2.647154347724135e+40	1.4539022061238346e+40	3.7710144287447185e+39	1.8751595715321536e+39	7.151457438531993e+38	4.74232564355512e+40	2.325046020540085e+40	1.4539022061238346e+40	9.686428538108842e+39
13962.214215640168	6.588794057261587e+42	2.0731896298505932e+41	1.2152318137277573e+41	6.606891258094146e+40	4.3352854154354246e+40	2.394948149900539e+40	6.268039441824543e+39	3.126645990165313e+39	1.1962798697714593e+39	7.710774012638234e+40	3.813021681410109e+40	2.394948149900539e+40	1.6007449609889884e+40
16844.683917427607	6.801350397482597e+42	3.204675432412455e+41	1.9032068923740316e+41	1.0465818388117063e+41	6.91047532178949e+40	3.844784496204207e+40	1.0173627830371127e+40	5.0942836077559524e+39	1.9567334161979872e+39	1.2182766135085802e+41	6.088262291370648e+40	3.844784496204207e+40	2.579905570416491e+40
20322.26311562612	7.045106854036027e+42	4.832488232960022e+41	2.9143873418230623e+41	1.6241691414947838e+41	1.0802808371952763e+41	6.060339693508379e+40	1.6241926664336844e+40	8.168946875013286e+39	3.151893327192164e+39	1.8848825192726707e+41	9.536263360487444e+40	6.060339693508379e+40	4.0851924132203335e+40
24517.819475123215	7.051016876656507e+42	6.988609985855793e+41	4.2958541179303124e+41	2.4339364604549864e+41	1.6335413702954972e+41	9.258086828265758e+40	2.5203316359553442e+40	1.2744879708084387e+40	4.9445759548127666e+39	2.8140412358644497e+41	1.4455315230849552e+41	9.258086828265758e+40	6.2758938228862485e+40
29579.58824678431	7.014821408044386e+42	9.7312307971021e+41	6.119491510727242e+41	3.536197028025041e+41	2.3989559810870185e+41	1.3762052721798992e+41	3.816591783093683e+40	1.9423576294330444e+40	7.58467495366291e+39	4.07016357646233e+41	2.129004096538825e+41	1.3762052721798992e+41	9.39145396722605e+40
35686.409710667685	6.833839452327133e+42	1.2913944684310012e+42	8.346719590963058e+41	4.939373766761017e+41	3.3946312066570885e+41	1.976136777738465e+41	5.604285363627634e+40	2.874157857241072e+40	1.1310863354947494e+40	5.654539535730685e+41	3.0231855756465344e+41	1.976136777738465e+41	1.3594394490512575e+41
43054.04783585106	6.807854894666342e+42	1.6436050493002476e+42	1.0955670173783933e+42	6.661235775276988e+41	4.64660964389759e+41	2.7509984138622514e+41	8.0061980136665405e+40	4.142696093555938e+40	1.6450580990250337e+40	7.578710698475465e+41	4.154836427879903e+41	2.7509984138622514e+41	1.9101564307872747e+41
51942.81366604354	7.526421061547652e+42	2.105939904244333e+42	1.4425524629846097e+42	8.990361355459987e+41	6.358895647276704e+41	3.8253813265409926e+41	1.1414060124714658e+41	5.957590829943074e+40	2.3867504101239474e+40	1.0170474704905585e+42	5.707447919380566e+41	3.8253813265409926e+41	2.679900875591079e+41
62666.76268309837	7.790709250308854e+42	2.5337398240003124e+42	1.7914433785847105e+42	1.1493240274732342e+42	8.263916598819769e+41	5.067220104112391e+41	1.5581492938426192e+41	8.219149085707983e+40	3.3284311980829694e+40	1.2914763627263766e+42	7.450788753763395e+41	5.067220104112391e+41	3.588084647204482e+41
75604.79100753863	6.536377899799776e+42	2.597331017192601e+42	1.9273946957063562e+42	1.2922022287020394e+42	9.525949496460926e+41	6.013131649839268e+41	1.9360608666289038e+41	1.0379448108132843e+41	4.2733529985724495e+40	1.4372901608363877e+42	8.647608832878444e+41	6.013131649839268e+41	4.327960165174916e+41
91214.02254187704	4.7340575898746774e+42	2.1276306466182403e+42	1.7010050479487033e+42	1.2208456938314777e+42	9.355723724397409e+41	6.179464488649218e+41	2.1388963934277093e+41	1.1764698591779125e+41	4.97235157056346e+40	1.3366119660816983e+42	8.584091068954302e+41	6.179464488649218e+41	4.562975926672987e+41
110045.96006531734	2.6903209382370626e+42	1.2808240932516216e+42	1.1567809185239476e+42	9.266909960376175e+41	7.554462441470556e+41	5.360538033203531e+41	2.078439473507644e+41	1.189940034486582e+41	5.23916399993415e+40	9.8915103921921e+41	7.049622972560739e+41	5.360538033203531e+41	4.120854407969289e+41
132765.97148804567	1.2053682812896731e+42	4.899498660974135e+41	5.404163984250153e+41	5.190665512019324e+41	4.686378438485798e+41	3.741297464416959e+41	1.74324324889714e+41	1.0635420981767219e+41	4.992194818251437e+40	5.3130243731938534e+41	4.4968363084041374e+41	3.741297464416959e+41	3.071333551428135e+41
160176.7979794436	6.8819304124053634e+41	1.8390895776664975e+41	2.4653937116526565e+41	2.8471425353478924e+41	2.8583416851690662e+41	2.5846193715149817e+41	1.4688597101736472e+41	9.609005670098912e+40	4.840465077015325e+40	2.7913626395766284e+41	2.8241910245398607e+41	2.5846193715149817e+41	2.2765270363449746e+41
193246.91582595778	4.555223812949654e+41	7.586562943551942e+40	1.192500842432393e+41	1.6214218136066722e+41	1.7958860353265692e+41	1.829011585687625e+41	1.2659738612380506e+41	8.893139720301162e+40	4.818527870226272e+40	1.5287721099876837e+41	1.8240895112150353e+41	1.829011585687625e+41	1.7258396585609492e+41
233144.75504113047	3.1319458375369025e+41	2.9690338444081653e+40	5.402055175586991e+40	8.692697073367853e+40	1.0673770983406317e+41	1.232723198973628e+41	1.0558176134612841e+41	8.028279326524674e+40	4.724203029101212e+40	7.868579762968987e+40	1.1161231469582406e+41	1.232723198973628e+41	1.2519751609310998e+41
281279.9822294195	2.1635010831502843e+41	1.095837149810812e+40	2.138455212917786e+40	4.094541434305885e+40	5.649709526560961e+40	7.53694311511971e+40	8.249064096588027e+40	6.87770390342518e+40	4.460054918628489e+40	3.543490008920801e+40	6.107538490269438e+40	7.53694311511971e+40	8.329588761716215e+40
339353.30679429614	1.4875903921687196e+41	4.777074565730586e+39	7.686403252357136e+39	1.6454612789182614e+40	2.568052673697158e+40	4.03973546723296e+40	5.894637706827069e+40	5.480717244860963e+40	3.9914139617682185e+40	1.3659554218946917e+40	2.881697036855526e+40	4.03973546723296e+40	4.927569893912298e+40
409416.5702363939	1.0153516992798238e+41	3.0979583092295124e+39	3.132623785009877e+39	5.796353360866275e+39	9.884299207651315e+39	1.850177337122933e+40	3.773017228474888e+40	3.992013357994015e+40	3.339964115903858e+40	4.779933311755662e+39	1.1502156138339968e+40	1.850177337122933e+40	2.527051715809839e+40
493945.24160794594	6.871776393527038e+40	2.5658882961157016e+39	1.9173538887503232e+39	2.1401215200187895e+39	3.3596820097770115e+39	7.120214363303962e+39	2.116257725141724e+40	2.6082892290659833e+40	2.574856329075236e+40	1.9420089261314445e+39	3.9611189683355134e+39	7.120214363303962e+39	1.0972720958761323e+40
595925.8805225271	4.6099876435372705e+40	2.209807079111386e+39	1.5667302684570332e+39	1.1613070967868482e+39	1.2611486393132784e+39	2.362988204374568e+39	1.015669264566428e+40	1.4971457070069236e+40	1.7979368221677137e+40	1.2170817702580213e+39	1.3880904466563175e+39	2.362988204374568e+39	3.9807368203501775e+39
718961.6579512281	3.066334820524814e+40	1.8554394805241042e+39	1.352713098606136e+39	9.122645439699117e+38	7.352007365471099e+38	8.222882355162596e+38	4.069044960594606e+39	7.37385727663449e+39	1.116174369671437e+40	1.0070560362753481e+39	7.128004405420704e+38	8.222882355162596e+38	1.266944279677174e+39
867399.6630521009	2.0233853619828494e+40	1.499442542899185e+39	1.1419382511050791e+39	7.887917811728313e+38	5.98201595567851e+38	4.411614108925732e+38	1.3479419627609433e+39	3.03321676480692e+39	6.028521578495041e+39	8.706079428013771e+38	5.511857825862329e+38	4.411614108925732e+38	4.631428843615409e+38
1046484.4940209972	1.325476068654863e+40	1.160643322116815e+39	9.288090069899083e+38	6.721660467595683e+38	5.188454484588479e+38	3.5088399527540214e+38	4.038798462323329e+38	1.0216021191675244e+39	2.755332471991966e+39	7.341412000903684e+38	4.773467660070442e+38	3.5088399527540214e+38	2.7990492618582277e+38
1262543.5596151364	8.625576131586429e+39	8.573158050156554e+38	7.242027550485713e+38	5.5304597318673444e+38	4.405201654169328e+38	3.0517402984907674e+38	1.5939621184801436e+38	2.9558305749837318e+38	1.0351889872304796e+39	5.963687320001211e+38	4.086260597267367e+38	3.0517402984907674e+38	2.33046039984889e+38
1523210.6383974662	5.579610147366962e+39	6.026325653569918e+38	5.391873184984361e+38	4.3687379891293886e+38	3.607969246974391e+38	2.6097972662786755e+38	1.094264827509927e+38	1.0013434743812942e+38	3.156586660742982e+38	4.644217125591275e+38	3.38100445487874e+38	2.6097972662786755e+38	2.031074710712809e+38
1837695.5944659556	3.589922616804717e+39	4.025258476819863e+38	3.821473357159524e+38	3.299387216120099e+38	2.836007048549331e+38	2.1562273765550737e+38	9.444616981575102e+37	6.061719339296816e+37	8.63365278462885e+37	3.453377794949849e+38	2.6881913137615606e+38	2.1562273765550737e+38	1.727576126136015e+38
2217109.779226058	2.298728261810387e+39	2.5546807761685227e+38	2.573612318010774e+38	2.373983000955885e+38	2.1304825732171723e+38	1.71187501606798e+38	8.241852323359795e+37	5.133572960207109e+37	3.2962131090357796e+37	2.444257699307008e+38	2.044927833967177e+38	1.71187501606798e+38	1.4180402084989349e+38
2674858.616255592	1.4657265952254964e+39	1.5419569489568954e+38	1.6463571701969194e+38	1.6235518390398624e+38	1.524309907601019e+38	1.3002797694571997e+38	6.988883898524227e+37	4.518569099837459e+37	2.328664860715166e+37	1.6436500262091808e+38	1.482807075616899e+38	1.3002797694571997e+38	1.117752273058262e+38
3227115.240014366	9.311145587886107e+38	8.85719167293298e+37	1.0012305030813317e+38	1.054427565993655e+38	1.0363505962031139e+38	9.413624231468803e+37	5.717388083129836e+37	3.8816878688217764e+37	2.0432111554560048e+37	1.0497183843334926e+38	1.0221814870584582e+38	9.413624231468803e+37	8.424086864897145e+37
3893391.9229332055	5.89574091153481e+38	4.835650998638421e+37	5.794268505073911e+37	6.506720476505635e+37	6.69037838412163e+37	6.478429336643314e+37	4.490949397680177e+37	3.2241398382214652e+37	1.8005315851935608e+37	6.372573670321818e+37	6.690993098119476e+37	6.478429336643314e+37	6.048262535052591e+37
4697229.480461485	3.7225331241565165e+38	2.496908187172817e+37	3.189160460149009e+37	3.819630964004994e+37	4.1038725107012347e+37	4.2331035876307814e+37	3.372296747919089e+37	2.576714656688911e+37	1.5434130734964142e+37	3.6813143799916393e+37	4.160200073677921e+37	4.2331035876307814e+37	4.126526151548453e+37
