#t	Le	U	B	V	R	I	J	H	K	g	r	i	z
#----------------------------------------------- 
4.340657301708096	0.0	0.0	0.0	0.0	0.0	0.0	0.0	0.0	0.0	0.0	0.0	0.0	0.0
4.424352324519746	0.0	0.0	0.0	0.0	0.0	0.0	0.0	0.0	0.0	0.0	0.0	0.0	0.0
4.90940626457707	0.0	0.0	0.0	0.0	0.0	0.0	0.0	0.0	0.0	0.0	0.0	0.0	0.0
5.60256952533161	0.0	0.0	0.0	0.0	0.0	0.0	0.0	0.0	0.0	0.0	0.0	0.0	0.0
6.438361754946418	0.0	0.0	0.0	0.0	0.0	0.0	0.0	0.0	0.0	0.0	0.0	0.0	0.0
7.42957805407187	0.0	0.0	0.0	0.0	0.0	0.0	0.0	0.0	0.0	0.0	0.0	0.0	0.0
8.600764932835979	0.0	0.0	0.0	0.0	0.0	0.0	0.0	0.0	0.0	0.0	0.0	0.0	0.0
9.981657013364323	0.0	0.0	0.0	0.0	0.0	0.0	0.0	0.0	0.0	0.0	0.0	0.0	0.0
11.606053216029846	0.0	0.0	0.0	0.0	0.0	0.0	0.0	0.0	0.0	0.0	0.0	0.0	0.0
13.511158994748733	0.0	0.0	0.0	0.0	0.0	0.0	0.0	0.0	0.0	0.0	0.0	0.0	0.0
15.736680258261613	0.0	0.0	0.0	0.0	0.0	0.0	0.0	0.0	0.0	0.0	0.0	0.0	0.0
18.323513442873836	0.0	0.0	0.0	0.0	0.0	0.0	0.0	0.0	0.0	0.0	0.0	0.0	0.0
21.312071562529216	0.0	0.0	0.0	0.0	0.0	0.0	0.0	0.0	0.0	0.0	0.0	0.0	0.0
24.740432308191995	0.0	0.0	0.0	0.0	0.0	0.0	0.0	0.0	0.0	0.0	0.0	0.0	0.0
28.64259961736666	0.0	0.0	0.0	0.0	0.0	0.0	0.0	0.0	0.0	0.0	0.0	0.0	0.0
33.04719303516345	0.0	0.0	0.0	0.0	0.0	0.0	0.0	0.0	0.0	0.0	0.0	0.0	0.0
37.97679531460335	0.0	0.0	0.0	0.0	0.0	0.0	0.0	0.0	0.0	0.0	0.0	0.0	0.0
43.44802394455752	0.0	0.0	0.0	0.0	0.0	0.0	0.0	0.0	0.0	0.0	0.0	0.0	0.0
49.47221617649304	0.0	0.0	0.0	0.0	0.0	0.0	0.0	0.0	0.0	0.0	0.0	0.0	0.0
56.056500894715896	0.0	0.0	0.0	0.0	0.0	0.0	0.0	0.0	0.0	0.0	0.0	0.0	0.0
63.205005679147426	0.0	0.0	0.0	0.0	0.0	0.0	0.0	0.0	0.0	0.0	0.0	0.0	0.0
70.91999672079343	0.0	0.0	0.0	0.0	0.0	0.0	0.0	0.0	0.0	0.0	0.0	0.0	0.0
79.20283118996349	0.0	0.0	0.0	0.0	0.0	0.0	0.0	0.0	0.0	0.0	0.0	0.0	0.0
88.05467873222808	0.0	0.0	0.0	0.0	0.0	0.0	0.0	0.0	0.0	0.0	0.0	0.0	0.0
97.47702195862475	0.0	0.0	0.0	0.0	0.0	0.0	0.0	0.0	0.0	0.0	0.0	0.0	0.0
107.47197297788632	0.0	0.0	0.0	0.0	0.0	0.0	0.0	0.0	0.0	0.0	0.0	0.0	0.0
118.04245083178652	0.0	0.0	0.0	0.0	0.0	0.0	0.0	0.0	0.0	0.0	0.0	0.0	0.0
129.1922614014052	0.0	0.0	0.0	0.0	0.0	0.0	0.0	0.0	0.0	0.0	0.0	0.0	0.0
140.92611344426192	0.0	0.0	0.0	0.0	0.0	0.0	0.0	0.0	0.0	0.0	0.0	0.0	0.0
153.24959575515476	0.0	0.0	0.0	0.0	0.0	0.0	0.0	0.0	0.0	0.0	0.0	0.0	0.0
166.16913287135236	0.0	0.0	0.0	0.0	0.0	0.0	0.0	0.0	0.0	0.0	0.0	0.0	0.0
179.6919308393208	0.0	0.0	0.0	0.0	0.0	0.0	0.0	0.0	0.0	0.0	0.0	0.0	0.0
193.82592028025127	0.0	0.0	0.0	0.0	0.0	0.0	0.0	0.0	0.0	0.0	0.0	0.0	0.0
208.5797010409139	0.0	0.0	0.0	0.0	0.0	0.0	0.0	0.0	0.0	0.0	0.0	0.0	0.0
223.96249077284565	0.0	0.0	0.0	0.0	0.0	0.0	0.0	0.0	0.0	0.0	0.0	0.0	0.0
239.98407853811233	0.0	0.0	0.0	0.0	0.0	0.0	0.0	0.0	0.0	0.0	0.0	0.0	0.0
256.654783786418	0.0	0.0	0.0	0.0	0.0	0.0	0.0	0.0	0.0	0.0	0.0	0.0	0.0
273.9854206043903	0.0	0.0	0.0	0.0	0.0	0.0	0.0	0.0	0.0	0.0	0.0	0.0	0.0
291.98726690307114	0.0	0.0	0.0	0.0	0.0	0.0	0.0	0.0	0.0	0.0	0.0	0.0	0.0
310.672038095036	0.0	0.0	0.0	0.0	0.0	0.0	0.0	0.0	0.0	0.0	0.0	0.0	0.0
330.05186478036654	0.0	0.0	0.0	0.0	0.0	0.0	0.0	0.0	0.0	0.0	0.0	0.0	0.0
350.13927396445695	0.0	0.0	0.0	0.0	0.0	0.0	0.0	0.0	0.0	0.0	0.0	0.0	0.0
370.9471733647921	0.0	0.0	0.0	0.0	0.0	0.0	0.0	0.0	0.0	0.0	0.0	0.0	0.0
392.4888384047945	0.0	0.0	0.0	0.0	0.0	0.0	0.0	0.0	0.0	0.0	0.0	0.0	0.0
414.7779015366875	0.0	0.0	0.0	0.0	0.0	0.0	0.0	0.0	0.0	0.0	0.0	0.0	0.0
437.8283435817183	0.0	0.0	0.0	0.0	0.0	0.0	0.0	0.0	0.0	0.0	0.0	0.0	0.0
461.65448681637673	0.0	0.0	0.0	0.0	0.0	0.0	0.0	0.0	0.0	0.0	0.0	0.0	0.0
486.2709895711179	0.0	0.0	0.0	0.0	0.0	0.0	0.0	0.0	0.0	0.0	0.0	0.0	0.0
511.6928421413462	0.0	0.0	0.0	0.0	0.0	0.0	0.0	0.0	0.0	0.0	0.0	0.0	0.0
537.9353638389712	0.0	0.0	0.0	0.0	0.0	0.0	0.0	0.0	0.0	0.0	0.0	0.0	0.0
565.014201039015	0.0	0.0	0.0	0.0	0.0	0.0	0.0	0.0	0.0	0.0	0.0	0.0	0.0
592.9453260956068	0.0	0.0	0.0	0.0	0.0	0.0	0.0	0.0	0.0	0.0	0.0	0.0	0.0
621.745037021336	0.0	0.0	0.0	0.0	0.0	0.0	0.0	0.0	0.0	0.0	0.0	0.0	0.0
651.4299578411337	0.0	0.0	0.0	0.0	0.0	0.0	0.0	0.0	0.0	0.0	0.0	0.0	0.0
682.017039537046	0.0	0.0	0.0	0.0	0.0	0.0	0.0	0.0	0.0	0.0	0.0	0.0	0.0
713.523561525511	0.0	0.0	0.0	0.0	0.0	0.0	0.0	0.0	0.0	0.0	0.0	0.0	0.0
745.9671336073839	0.0	0.0	0.0	0.0	0.0	0.0	0.0	0.0	0.0	0.0	0.0	0.0	0.0
779.3656983439209	0.0	0.0	0.0	0.0	0.0	0.0	0.0	0.0	0.0	0.0	0.0	0.0	0.0
813.7375338139943	0.0	0.0	0.0	0.0	0.0	0.0	0.0	0.0	0.0	0.0	0.0	0.0	0.0
849.101256720607	0.0	0.0	0.0	0.0	0.0	0.0	0.0	0.0	0.0	0.0	0.0	0.0	0.0
885.4758258146826	0.0	0.0	0.0	0.0	0.0	0.0	0.0	0.0	0.0	0.0	0.0	0.0	0.0
922.8805456114131	0.0	0.0	0.0	0.0	0.0	0.0	0.0	0.0	0.0	0.0	0.0	0.0	0.0
961.3350703768624	0.0	0.0	0.0	0.0	0.0	0.0	0.0	0.0	0.0	0.0	0.0	0.0	0.0
1000.8594083652874	0.0	0.0	0.0	0.0	0.0	0.0	0.0	0.0	0.0	0.0	0.0	0.0	0.0
1041.4739262907003	0.0	0.0	0.0	0.0	0.0	0.0	0.0	0.0	0.0	0.0	0.0	0.0	0.0
1083.1993540191904	0.0	0.0	0.0	0.0	0.0	0.0	0.0	0.0	0.0	0.0	0.0	0.0	0.0
1126.0567894704968	0.0	0.0	0.0	0.0	0.0	0.0	0.0	0.0	0.0	0.0	0.0	0.0	0.0
1170.067703720504	0.0	0.0	0.0	0.0	0.0	0.0	0.0	0.0	0.0	0.0	0.0	0.0	0.0
1215.2539462943246	0.0	0.0	0.0	0.0	0.0	0.0	0.0	0.0	0.0	0.0	0.0	0.0	0.0
1261.637750646609	0.0	0.0	0.0	0.0	0.0	0.0	0.0	0.0	0.0	0.0	0.0	0.0	0.0
1309.2417398143652	0.0	0.0	0.0	0.0	0.0	0.0	0.0	0.0	0.0	0.0	0.0	0.0	0.0
1358.0889322450007	0.0	0.0	0.0	0.0	0.0	0.0	0.0	0.0	0.0	0.0	0.0	0.0	0.0
1408.2027477957333	0.0	0.0	0.0	0.0	0.0	0.0	0.0	0.0	0.0	0.0	0.0	0.0	0.0
1459.6070138921214	0.0	0.0	0.0	0.0	0.0	0.0	0.0	0.0	0.0	0.0	0.0	0.0	0.0
1512.3259718523718	0.0	0.0	0.0	0.0	0.0	0.0	0.0	0.0	0.0	0.0	0.0	0.0	0.0
1566.3842833726067	0.0	0.0	0.0	0.0	0.0	0.0	0.0	0.0	0.0	0.0	0.0	0.0	0.0
1621.8070371762835	0.0	0.0	0.0	0.0	0.0	0.0	0.0	0.0	0.0	0.0	0.0	0.0	0.0
1678.619755813542	0.0	0.0	0.0	0.0	0.0	0.0	0.0	0.0	0.0	0.0	0.0	0.0	0.0
1736.8484026224016	0.0	0.0	0.0	0.0	0.0	0.0	0.0	0.0	0.0	0.0	0.0	0.0	0.0
1796.519388852205	0.0	0.0	0.0	0.0	0.0	0.0	0.0	0.0	0.0	0.0	0.0	0.0	0.0
1857.6595809353657	0.0	0.0	0.0	0.0	0.0	0.0	0.0	0.0	0.0	0.0	0.0	0.0	0.0
1920.2963079233778	0.0	0.0	0.0	0.0	0.0	0.0	0.0	0.0	0.0	0.0	0.0	0.0	0.0
1984.457369086791	0.0	0.0	0.0	0.0	0.0	0.0	0.0	0.0	0.0	0.0	0.0	0.0	0.0
2050.171041662466	0.0	0.0	0.0	0.0	0.0	0.0	0.0	0.0	0.0	0.0	0.0	0.0	0.0
2117.466088771868	0.0	0.0	0.0	0.0	0.0	0.0	0.0	0.0	0.0	0.0	0.0	0.0	0.0
2186.3717675066478	0.0	0.0	0.0	0.0	0.0	0.0	0.0	0.0	0.0	0.0	0.0	0.0	0.0
2256.9178371655394	0.0	0.0	0.0	0.0	0.0	0.0	0.0	0.0	0.0	0.0	0.0	0.0	0.0
2329.134567667309	0.0	0.0	0.0	0.0	0.0	0.0	0.0	0.0	0.0	0.0	0.0	0.0	0.0
2403.052748139108	0.0	0.0	0.0	0.0	0.0	0.0	0.0	0.0	0.0	0.0	0.0	0.0	0.0
2478.7036956601733	0.0	0.0	0.0	0.0	0.0	0.0	0.0	0.0	0.0	0.0	0.0	0.0	0.0
2556.119264192732	0.0	0.0	0.0	0.0	0.0	0.0	0.0	0.0	0.0	0.0	0.0	0.0	0.0
2635.331853680779	0.0	0.0	0.0	0.0	0.0	0.0	0.0	0.0	0.0	0.0	0.0	0.0	0.0
2716.374419336795	0.0	0.0	0.0	0.0	0.0	0.0	0.0	0.0	0.0	0.0	0.0	0.0	0.0
2799.2804811143137	0.0	0.0	0.0	0.0	0.0	0.0	0.0	0.0	0.0	0.0	0.0	0.0	0.0
2884.0841333491767	0.0	0.0	0.0	0.0	0.0	0.0	0.0	0.0	0.0	0.0	0.0	0.0	0.0
2970.8200546012445	0.0	0.0	0.0	0.0	0.0	0.0	0.0	0.0	0.0	0.0	0.0	0.0	0.0
3059.5235176915867	0.0	0.0	0.0	0.0	0.0	0.0	0.0	0.0	0.0	0.0	0.0	0.0	0.0
3150.2303999285464	0.0	0.0	0.0	0.0	0.0	0.0	0.0	0.0	0.0	0.0	0.0	0.0	0.0
3242.9771935332287	0.0	0.0	0.0	0.0	0.0	0.0	0.0	0.0	0.0	0.0	0.0	0.0	0.0
3337.8010162687183	0.0	0.0	0.0	0.0	0.0	0.0	0.0	0.0	0.0	0.0	0.0	0.0	0.0
3434.7396222973894	0.0	0.0	0.0	0.0	0.0	0.0	0.0	0.0	0.0	0.0	0.0	0.0	0.0
3533.8538218763783	0.0	0.0	0.0	0.0	0.0	0.0	0.0	0.0	0.0	0.0	0.0	0.0	0.0
3635.181167009639	0.0	0.0	0.0	0.0	0.0	0.0	0.0	0.0	0.0	0.0	0.0	0.0	0.0
3738.7599804464967	0.0	0.0	0.0	0.0	0.0	0.0	0.0	0.0	0.0	0.0	0.0	0.0	0.0
3844.629360379673	0.0	0.0	0.0	0.0	0.0	0.0	0.0	0.0	0.0	0.0	0.0	0.0	0.0
3952.8291858528974	0.0	0.0	0.0	0.0	0.0	0.0	0.0	0.0	0.0	0.0	0.0	0.0	0.0
4063.400122888829	0.0	0.0	0.0	0.0	0.0	0.0	0.0	0.0	0.0	0.0	0.0	0.0	0.0
4176.383631263529	0.0	0.0	0.0	0.0	0.0	0.0	0.0	0.0	0.0	0.0	0.0	0.0	0.0
4291.821971946914	0.0	0.0	0.0	0.0	0.0	0.0	0.0	0.0	0.0	0.0	0.0	0.0	0.0
4409.758215176436	0.0	0.0	0.0	0.0	0.0	0.0	0.0	0.0	0.0	0.0	0.0	0.0	0.0
4530.236249133231	0.0	0.0	0.0	0.0	0.0	0.0	0.0	0.0	0.0	0.0	0.0	0.0	0.0
4653.30078920108	0.0	0.0	0.0	0.0	0.0	0.0	0.0	0.0	0.0	0.0	0.0	0.0	0.0
4778.997387795605	0.0	0.0	0.0	0.0	0.0	0.0	0.0	0.0	0.0	0.0	0.0	0.0	0.0
4907.37244473584	0.0	0.0	0.0	0.0	0.0	0.0	0.0	0.0	0.0	0.0	0.0	0.0	0.0
5038.473218168047	0.0	0.0	0.0	0.0	0.0	0.0	0.0	0.0	0.0	0.0	0.0	0.0	0.0
5172.347836011517	0.0	0.0	0.0	0.0	0.0	0.0	0.0	0.0	0.0	0.0	0.0	0.0	0.0
5309.045307914873	0.0	0.0	0.0	0.0	0.0	0.0	0.0	0.0	0.0	0.0	0.0	0.0	0.0
5448.615537708559	0.0	0.0	0.0	0.0	0.0	0.0	0.0	0.0	0.0	0.0	0.0	0.0	0.0
5591.10933636926	0.0	0.0	0.0	0.0	0.0	0.0	0.0	0.0	0.0	0.0	0.0	0.0	0.0
5736.578435469847	0.0	0.0	0.0	0.0	0.0	0.0	0.0	0.0	0.0	0.0	0.0	0.0	0.0
5885.075501112307	0.0	0.0	0.0	0.0	0.0	0.0	0.0	0.0	0.0	0.0	0.0	0.0	0.0
6036.654148321574	0.0	0.0	0.0	0.0	0.0	0.0	0.0	0.0	0.0	0.0	0.0	0.0	0.0
6191.368955931866	0.0	0.0	0.0	0.0	0.0	0.0	0.0	0.0	0.0	0.0	0.0	0.0	0.0
6349.275481945377	0.0	0.0	0.0	0.0	0.0	0.0	0.0	0.0	0.0	0.0	0.0	0.0	0.0
6510.430279353119	0.0	0.0	0.0	0.0	0.0	0.0	0.0	0.0	0.0	0.0	0.0	0.0	0.0
6674.890912437096	0.0	0.0	0.0	0.0	0.0	0.0	0.0	0.0	0.0	0.0	0.0	0.0	0.0
6842.715973521359	0.0	0.0	0.0	0.0	0.0	0.0	0.0	0.0	0.0	0.0	0.0	0.0	0.0
7013.96510020488	0.0	0.0	0.0	0.0	0.0	0.0	0.0	0.0	0.0	0.0	0.0	0.0	0.0
7188.69899309424	0.0	0.0	0.0	0.0	0.0	0.0	0.0	0.0	0.0	0.0	0.0	0.0	0.0
7366.979433994014	0.0	0.0	0.0	0.0	0.0	0.0	0.0	0.0	0.0	0.0	0.0	0.0	0.0
7548.869304572087	0.0	0.0	0.0	0.0	0.0	0.0	0.0	0.0	0.0	0.0	0.0	0.0	0.0
7734.432605517391	0.0	0.0	0.0	0.0	0.0	0.0	0.0	0.0	0.0	0.0	0.0	0.0	0.0
7923.7344761708455	0.0	0.0	0.0	0.0	0.0	0.0	0.0	0.0	0.0	0.0	0.0	0.0	0.0
8116.841214646579	0.0	0.0	0.0	0.0	0.0	0.0	0.0	0.0	0.0	0.0	0.0	0.0	0.0
8313.820298498229	0.0	0.0	0.0	0.0	0.0	0.0	0.0	0.0	0.0	0.0	0.0	0.0	0.0
8514.740405901484	0.0	0.0	0.0	0.0	0.0	0.0	0.0	0.0	0.0	0.0	0.0	0.0	0.0
8719.671437247225	0.0	0.0	0.0	0.0	0.0	0.0	0.0	0.0	0.0	0.0	0.0	0.0	0.0
8928.684537134495	0.0	0.0	0.0	0.0	0.0	0.0	0.0	0.0	0.0	0.0	0.0	0.0	0.0
9141.852117124008	8.686411308655764e+28	7.761963705627004e+27	4.7249847877435933e+27	2.654325844152275e+27	1.7731191441263094e+27	9.995663717423465e+26	2.6987997263433265e+26	1.3608363334332676e+26	5.264209947263003e+25	3.074832107193656e+27	1.567055028526772e+27	9.995663717423465e+26	6.755931853872027e+26
9359.247879032091	5.687300479436258e+29	5.291173219404101e+28	3.227419835191024e+28	1.8161988866627688e+28	1.214387224268239e+28	6.853206989045516e+27	1.853363858292501e+27	9.350612238510519e+26	3.619221473932057e+26	2.1030973580677175e+28	1.0735294059264301e+28	6.853206989045516e+27	4.6347016855157435e+27
9580.946838803025	2.4323628334899555e+30	2.355180228124057e+29	1.4395146624848242e+29	8.11502156764957e+28	5.431248325681649e+28	3.0683575985494255e+28	8.311712115187983e+27	4.1958237918467073e+27	1.6249627387434665e+27	9.39316323954526e+28	4.802512017116713e+28	3.0683575985494255e+28	2.0763082270270955e+28
9807.025350932741	1.0527609618800838e+31	1.060510442714318e+30	6.495454228790267e+29	3.66826416265601e+29	2.457497287648265e+29	1.389875538242116e+29	3.7712753397734252e+28	1.9048717522086302e+28	7.381528381059659e+27	4.244302784742541e+29	2.173579631142339e+29	1.389875538242116e+29	9.410731459745224e+28
10037.561133480544	4.181578171934867e+31	4.380841965075866e+30	2.688867118429833e+30	1.5212831915934714e+30	1.0201673136246291e+30	5.776142502737941e+29	1.5699594350673539e+29	7.934510320375939e+28	3.0765110969618073e+28	1.7594489153832958e+30	9.0254596272768e+29	5.776142502737941e+29	3.913368848685715e+29
10272.633293678915	1.5449372250395697e+32	1.6826975619904174e+31	1.0350227779247404e+31	5.866684738135745e+30	3.938125698484007e+30	2.2322711874443246e+30	6.07779901245917e+29	3.0735179882328515e+29	1.1924369322323955e+29	6.782306187504802e+30	3.4850150794830813e+30	2.2322711874443246e+30	1.5133143308625882e+30
10512.322354111864	5.341672854252648e+32	6.046422259673135e+31	3.72725991003923e+31	2.116641985195823e+31	1.4222844609579675e+31	8.071275238260998e+30	2.2014117541209232e+30	1.1139149743544535e+30	4.324307624669905e+29	2.445948075800573e+31	1.258984862338217e+31	8.071275238260998e+30	5.475170376733984e+30
10756.710279507042	1.7339315876346092e+33	2.039056430408507e+32	1.2597473253522728e+32	7.167523483654927e+31	4.8212241744666765e+31	2.7391696280449726e+31	7.484261145032387e+30	3.7893499825737794e+30	1.4719660434024306e+30	8.279063427817322e+31	4.268862402494625e+31	2.7391696280449726e+31	1.8593098542003945e+31
11005.880504153296	5.301602792439063e+33	6.4748904575750285e+32	4.00927281514973e+32	2.285559872535608e+32	1.5389942853873364e+32	8.754115752112069e+31	2.3962082051855414e+31	1.2139732769105009e+31	4.718614120981378e+30	2.638845434718888e+32	1.3630585123116458e+32	8.754115752112069e+31	5.946023936942278e+31
11259.917959993778	1.5317098667777596e+34	1.9421509341066127e+33	1.2053453289088809e+33	6.884833684144883e+32	4.640890029883165e+32	2.643006089788665e+32	7.2477684311626275e+31	3.674189209634607e+31	1.4290351808666042e+31	7.945495940151972e+32	4.111528874648528e+32	2.643006089788665e+32	1.7963803990698966e+32
11518.909105378138	4.193941065600665e+34	5.519051774683655e+33	3.433246649395628e+33	1.9649698563052653e+33	1.3259724644062413e+33	7.560684231751509e+32	2.0771744898819198e+32	1.0536751548402717e+32	4.10079526471201e+31	2.2666607811338246e+33	1.1750682769101845e+33	7.560684231751509e+32	5.142228349064012e+32
11782.941954457874	1.140467653357724e+35	1.5184716051480065e+34	9.453010205081145e+33	5.413749877917923e+33	3.6544913124223836e+33	2.0845984524501116e+33	5.7304810016336216e+32	2.90745459044003e+32	1.1317837502894779e+32	6.244044920404139e+33	3.2388875834867523e+33	2.0845984524501116e+33	1.418094402065389e+33
12052.106107296077	3.093875446219932e+35	4.0593425197598845e+34	2.524705253335528e+34	1.4447347954018502e+34	9.748256845827384e+33	5.557875382121031e+33	1.5266962157627493e+33	7.74395883634946e+32	3.0137050625292118e+32	1.6666154822652574e+34	8.638629915906149e+33	5.557875382121031e+33	3.7798499149512154e+33
12326.49278065436	7.268654082748104e+35	9.938062075394567e+34	6.197374541207354e+34	3.554455269668521e+34	2.4013026536453438e+34	1.370978045027479e+34	3.773889033091215e+33	1.9156375787586016e+33	7.460511850857885e+32	4.0982316372182474e+34	2.1286711192734004e+34	1.370978045027479e+34	9.33094683432149e+33
12606.194839498312	1.6796110059464134e+36	2.355994453877126e+35	1.471674299041121e+35	8.45287544362676e+34	5.715023424599009e+34	3.265754691278551e+34	9.001658082739719e+33	4.571363007572458e+33	1.7811573134471057e+33	9.742844539068678e+34	5.067233798662191e+34	3.265754691278551e+34	2.2237595434704026e+34
12891.306829264006	3.617295475748042e+36	5.290636864253828e+35	3.3141357059038177e+35	1.9081540350856784e+35	1.2918004307027256e+35	7.3926457658813025e+34	2.0422509121541166e+34	1.0379221660867071e+34	4.047227486152932e+33	2.1981474440752248e+35	1.1457794764114392e+35	7.3926457658813025e+34	5.037948856586836e+34
13181.925008864067	7.593789229504887e+36	1.1488523450443176e+36	7.213464883735111e+35	4.161588070935778e+35	2.8204136756376886e+35	1.6160220780223022e+35	4.472607981474118e+34	2.274531709530194e+34	8.874897019485965e+33	4.791869730272798e+35	2.5023330007670177e+35	1.6160220780223022e+35	1.1020239623221514e+35
13478.147384351767	1.5116632602779385e+37	2.385941637555807e+36	1.502626832668961e+36	8.691405683758264e+35	5.898632772614365e+35	3.385074648940449e+35	9.39110652082907e+34	4.779716851633885e+34	1.866515061436387e+34	1.0001877064090673e+36	5.2353628102469134e+35	3.385074648940449e+35	2.3103890060225206e+35
13780.073743356099	2.9308549570286283e+37	4.8003690381251965e+36	3.0314191288377813e+36	1.7575001395039603e+36	1.19427091780803e+36	6.863298273395084e+35	1.908141810518196e+35	9.71882816392664e+34	3.7980819882941895e+34	2.021427256021089e+36	1.0603393447224264e+36	6.863298273395084e+35	4.687970049686816e+35
14087.805690445392	5.437580891164394e+37	9.291796124789269e+36	5.886596434724217e+36	3.4222058941037814e+36	2.328937541725296e+36	1.340635672823016e+36	3.736658790879307e+35	1.9048507751793086e+35	7.450567108275495e+34	3.933679778741152e+36	2.0685819848309338e+36	1.340635672823016e+36	9.16553177360005e+35
14401.44668351778	9.833987440053067e+37	1.7464105461239042e+37	1.1097265755123105e+37	6.468064330302008e+36	4.4078713035545905e+36	2.541312387991535e+36	7.099931661643027e+35	3.62227385021624e+35	1.4179553015992658e+35	7.430440775633904e+36	3.916566842119641e+36	2.541312387991535e+36	1.738898478458619e+36
14721.10207104063	1.7128088781375724e+38	3.1724018541174408e+37	2.022688291366105e+37	1.1823477924438665e+37	8.070097084586494e+36	4.6608928218800335e+36	1.3056190443590678e+36	6.667093778797533e+35	2.6122475819846974e+35	1.35737835901115e+37	7.173605665844625e+36	4.6608928218800335e+36	3.1922787572548443e+36
15046.87912995299	2.911899076376286e+38	5.60849135411785e+37	3.5875692311714967e+37	2.1029290993309626e+37	1.437506611737135e+37	8.316307839141895e+36	2.335509683908967e+36	1.1936534410190076e+36	4.680968794091102e+35	2.4127208693010477e+37	1.2783310735132556e+37	8.316307839141895e+36	5.701127455849583e+36
15378.887104309348	4.790928808777331e+38	9.618682819047432e+37	6.174753029490999e+37	3.630511607163867e+37	2.4858041548819474e+37	1.4407454584566684e+37	4.0573824863598573e+36	2.0756500747245546e+36	8.147541541534235e+35	4.162468106024716e+37	2.2115246111252536e+37	1.4407454584566684e+37	9.886750526033191e+36
15717.237244839776	7.705254426659892e+38	1.6089086165005981e+38	1.0364557926128617e+38	6.112135471195232e+37	4.1916926438897342e+37	2.4338320558927516e+37	6.872702750088216e+36	3.519144230031444e+36	1.382655253790923e+36	7.002990468345401e+37	3.7307934325239658e+37	2.4338320558927516e+37	1.6717933643226718e+37
16062.042849575706	1.2038899268397942e+39	2.6187357858000535e+38	1.6933407358594297e+38	1.0017987110881066e+38	6.882208568698962e+37	4.003772356654325e+37	1.1338966465524946e+37	5.811847883746141e+36	2.2857327790042822e+36	1.1469803399344886e+38	6.128311071182811e+37	4.003772356654325e+37	2.7530829642751057e+37
16413.419305425392	1.8412641587101823e+39	4.165116639401833e+38	2.703327211380901e+38	1.6044110464801603e+38	1.1040952581124822e+38	6.4354635946911e+37	1.827835431157629e+37	9.377866256251995e+36	3.6918521954342984e+36	1.8356044338102365e+38	9.83600386094921e+37	6.4354635946911e+37	4.429786446976447e+37
16771.484115481155	2.743833746767987e+39	6.4623441874735535e+38	4.211036611487324e+38	2.5077198887909938e+38	1.7288712798800876e+38	1.0097696630179887e+38	2.8768285046545855e+37	1.4775233920326446e+37	5.822787374507691e+36	2.8668811919535227e+38	1.5409448725026017e+38	1.0097696630179887e+38	6.958375041032821e+37
17136.356999871638	4.0070768181046507e+39	9.813387244922168e+38	6.420233778766303e+38	3.8363466816432834e+38	2.6496956968672206e+38	1.5507564807159608e+38	4.43170627943571e+37	2.278478278593837e+37	8.988715133411958e+36	4.3824290910019326e+38	2.3628337240760887e+38	1.5507564807159608e+38	1.0698239558629705e+38
17508.159886015153	5.713998163370195e+39	1.456503965342092e+39	9.569425022439338e+38	5.7388160559601254e+38	3.971406234845892e+38	2.329348966668024e+38	6.678497299994638e+37	3.4374260558786243e+37	1.357592156628363e+37	6.550356353759559e+38	3.543295239993935e+38	2.329348966668024e+38	1.6088516320080972e+38
17887.016961445413	7.990963385479537e+39	2.1182749493147082e+39	1.3977470367765356e+39	8.413161042894412e+38	5.833617382502364e+38	3.429136318094038e+38	9.864283119980184e+37	5.082847951755194e+37	2.0097053276957996e+37	9.594931820547283e+38	5.207511296917428e+38	3.429136318094038e+38	2.3712985972193708e+38
18273.054724225985	1.0926334220490324e+40	3.015030904267566e+39	1.9986289624656158e+39	1.2077031414110618e+39	8.391714728419733e+38	4.9444166146731615e+38	1.4273244200619175e+38	7.3634514539291145e+37	2.9149159620396403e+37	1.3761308390324178e+39	7.495263542892232e+38	4.9444166146731615e+38	3.423493357717779e+38
18666.402032841463	1.4654447895461501e+40	4.207959565623539e+39	2.8026550128634654e+39	1.7003894091715696e+39	1.1840740993245347e+39	6.993453895955399e+38	2.0261486444667294e+38	1.0465548138399126e+38	4.1480168524116457e+37	1.9357657800326248e+39	1.058196858374863e+39	6.993453895955399e+38	4.848591849386242e+38
19067.19015631378	1.922577299780277e+40	5.751526243744448e+39	3.850259269056822e+39	2.34610393719067e+39	1.6375170818149558e+39	9.696669459746076e+38	2.8202377073123068e+38	1.458631465077566e+38	5.788887260329629e+37	2.6682578701550564e+39	1.4643434898640952e+39	9.696669459746076e+38	6.732194294594599e+38
19475.55282522911	2.4729018167896687e+40	7.709176591803332e+39	5.188428109804545e+39	3.175895377304897e+39	2.2220975415306954e+39	1.3194082476421662e+39	3.85307282992375e+38	1.995552731447366e+38	7.930679098892794e+37	3.608291577634197e+39	1.9883971301096693e+39	1.3194082476421662e+39	9.173881521211148e+38
19891.626283887123	3.1102467463654217e+40	1.0119729897555085e+40	6.850441829085361e+39	4.213975690292859e+39	2.956227717534612e+39	1.7604899298712394e+39	5.1638625662254345e+38	2.678404754907814e+38	1.0660318263057359e+38	4.7823803733365354e+39	2.6471887166653138e+39	1.7604899298712394e+39	1.2260308111803661e+39
20315.549343531173	3.8310572510793284e+40	1.302079943489327e+40	8.869304668586074e+39	5.484770890186876e+39	3.858640901274994e+39	2.305149849803202e+39	6.793369330279214e+38	3.529198241099928e+38	1.4068901694162385e+38	6.217173244872281e+39	3.45788032862323e+39	2.305149849803202e+39	1.6080851866741125e+39
20747.463436905236	4.609793623068958e+40	1.6398007440230862e+40	1.1246557206644842e+40	6.99545654959874e+39	4.936800798722242e+39	2.9594861880401505e+39	8.766963732924969e+38	4.562433388169312e+38	1.8219548466117066e+38	7.919189312546764e+39	4.427745946114547e+39	2.9594861880401505e+39	2.0684350999179674e+39
21187.51267404078	5.424655766571448e+40	2.0223569160372314e+40	1.3974368760452545e+40	8.747498335134091e+39	6.194242696391886e+39	3.727336716958709e+39	1.110389101614406e+39	5.789543245633899e+38	2.3163650594948782e+38	9.888434218986591e+39	5.560566304846687e+39	3.727336716958709e+39	2.6104285175579944e+39
21635.84389942911	6.228891151344975e+40	2.438971465456492e+40	1.6994003361357444e+40	1.0713083595661301e+40	7.6148216208201e+39	4.6014356106031397e+39	1.379379639379285e+39	7.207163986474944e+38	2.8895995873165514e+38	1.2091133079613571e+40	6.842714878786988e+39	4.6014356106031397e+39	3.2299277004648455e+39
22092.606750866405	6.987169984603927e+40	2.8776223140629544e+40	2.0235263079679205e+40	1.28560914943671e+40	9.176185572956148e+39	5.570617774009292e+39	1.6814281805201464e+39	8.8056188331082e+38	3.538605994061709e+38	1.4484372272937767e+40	8.254926758475607e+39	5.570617774009292e+39	3.9200178568163335e+39
22557.953719634887	7.644126534290181e+40	3.3173555604178423e+40	2.356805097561537e+40	1.510439068979058e+40	1.0831191478987963e+40	6.609348030658306e+39	2.0103002922773316e+39	1.0554964624540419e+39	4.252459610398734e+38	1.6984103734433718e+40	9.755867702916084e+39	6.609348030658306e+39	4.6639506363639876e+39
23032.04021205525	8.170592783933743e+40	3.7394291203584363e+40	2.6869492967556317e+40	1.7386525114363298e+40	1.2531849675716953e+40	7.690766174634494e+39	2.359047710330621e+39	1.2421038016249498e+39	5.018360182560773e+38	1.9507978970503902e+40	1.1303141003207157e+40	7.690766174634494e+39	5.443763051791228e+39
23515.024612812704	8.527124560729647e+40	4.118584331890808e+40	2.9969199035995123e+40	1.9600563883863158e+40	1.420849865104709e+40	8.775009796454628e+39	2.7169278893328875e+39	1.4350120293542426e+39	5.815792531410402e+38	2.19393258746226e+40	1.283489426183937e+40	8.775009796454628e+39	6.232433082420909e+39
24007.068349499837	8.71380972898278e+40	4.438707641253864e+40	3.2747061045177907e+40	2.1669214497510126e+40	1.580637681317842e+40	9.829514766587113e+39	3.074660216552234e+39	1.6294912664069724e+39	6.626339085572329e+38	2.4191054754465726e+40	1.4302047530961296e+40	9.829514766587113e+39	7.007431762517113e+39
24508.33595852092	8.724210467679265e+40	4.681202004610908e+40	3.5061348063766833e+40	2.3499498283255037e+40	1.725891019596915e+40	1.081421198161752e+40	3.4206052081056315e+39	1.819568530001318e+39	7.426573757189712e+38	2.6158859378540554e+40	1.564476314653671e+40	1.081421198161752e+40	7.740850349968406e+39
25018.995153662658	1.0606003779879617e+41	5.609715614452084e+40	4.1834917600779687e+40	2.793724033164375e+40	2.0478293471220035e+40	1.2803886445130284e+40	4.0371482332815905e+39	2.1452778129104696e+39	8.746832800587037e+38	3.1124354247754954e+40	1.8553448640548315e+40	1.2803886445130284e+40	9.154476599872701e+39
25539.21689657886	1.4328252377266092e+41	7.187545756777808e+40	5.280202036261666e+40	3.481402815302204e+40	2.5345831723211725e+40	1.5728207913439204e+40	4.9042635019061285e+39	2.5964031520493002e+39	1.0547270801003548e+39	3.889724633055337e+40	2.2921838166552116e+40	1.5728207913439204e+40	1.1199699899540327e+40
26069.17546870255	1.3680963623992847e+41	7.2582265526434305e+40	5.417020002359787e+40	3.619780509236374e+40	2.6542320172673296e+40	1.660151675795198e+40	5.237401541436444e+39	2.783571640317195e+39	1.1351324401477128e+39	4.0321530036736294e+40	2.404964005650167e+40	1.660151675795198e+40	1.1872046306199594e+40
26609.04854499358	1.5186431153193352e+41	8.086311493698113e+40	6.041161223396995e+40	4.0402897884802865e+40	2.9639142734146987e+40	1.854774388291187e+40	5.85567770029891e+39	3.112927530145193e+39	1.2697477582427669e+39	4.499706143104292e+40	2.6858857362804113e+40	1.854774388291187e+40	1.3267379167968033e+40
27159.01726966797	1.4764231855119805e+41	8.189267837855131e+40	6.198065953908729e+40	4.1911481017166107e+40	3.0927017006838076e+40	1.9479870899197909e+40	6.209157405384271e+39	3.3113577825439724e+39	1.3549535678254879e+39	4.656156907501885e+40	2.8069800815070984e+40	1.9479870899197909e+40	1.3982954729538698e+40
27719.26633400793	1.5161709077100259e+41	8.587384895510371e+40	6.546004371521001e+40	4.453323937937299e+40	3.296792079058494e+40	2.0839596927093108e+40	6.677543643018199e+39	3.56735504146184e+39	1.462222964181288e+39	4.940680941438387e+40	2.9947875022990655e+40	2.0839596927093108e+40	1.4987713406227782e+40
28289.984056303685	1.4570307007236864e+41	8.556625287572579e+40	6.611632281753593e+40	4.550038435777429e+40	3.3891222806700194e+40	2.1569009345577994e+40	6.980557755011409e+39	3.7415781115643397e+39	1.538659474811578e+39	5.034919528941553e+40	3.0836913074543964e+40	2.1569009345577994e+40	1.5568952700859756e+40
28871.362463517813	1.445304153423762e+41	8.698351668241746e+40	6.789393028401315e+40	4.712601749281443e+40	3.5262858468873827e+40	2.255551277827113e+40	7.35416842576251e+39	3.951514459896392e+39	1.6289382726709536e+39	5.204753835691373e+40	3.21239685946804e+40	2.255551277827113e+40	1.6325238735749915e+40
29463.597375027544	1.3839847689015203e+41	8.586540489373967e+40	6.796220061253921e+40	4.773527909465244e+40	3.594492543416121e+40	2.315263266303802e+40	7.626512030367567e+39	4.1117270648795346e+39	1.70065362628384e+39	5.258009833745952e+40	3.2800357905299935e+40	2.315263266303802e+40	1.6820270625789966e+40
30066.8884890124	1.350451196380556e+41	8.575648963559987e+40	6.869400583960642e+40	4.874309184886957e+40	3.6903649916338315e+40	2.3913113729872395e+40	7.946603015331421e+39	4.296750797377642e+39	1.7822788990943914e+39	5.356725051507296e+40	3.372388993150931e+40	2.3913113729872395e+40	1.7428761116580018e+40
30681.439470792156	1.2950215195658238e+41	8.427928146699138e+40	6.848245034646598e+40	4.918721110023598e+40	3.748206090038621e+40	2.4462336226576044e+40	8.214808603754715e+39	4.457143814421872e+39	1.855118481725636e+39	5.3907586210285805e+40	3.431157148887065e+40	2.4462336226576044e+40	1.7897635318753105e+40
31307.45804370126	1.2544390534878384e+41	8.328836179616964e+40	6.859490777586816e+40	4.983670493013168e+40	3.821038870269287e+40	2.5106984529741346e+40	8.515295097859014e+39	4.6352847379690256e+39	1.9354768489621103e+39	5.447835481453766e+40	3.5035362247430527e+40	2.5106984529741346e+40	1.8436096471835005e+40
31945.156082986072	1.2078131756628562e+41	8.172040131819364e+40	6.830206604350735e+40	5.025094982205835e+40	3.8787097310752585e+40	2.5675206612341785e+40	8.802829741465875e+39	4.8088924578317303e+39	2.0150142990563007e+39	5.477599878253895e+40	3.562762234196594e+40	2.5675206612341785e+40	1.8928300036278568e+40
32594.749676371313	1.1667751988542833e+41	8.019570952794749e+40	6.803039280117903e+40	5.069094289886711e+40	3.939347879495645e+40	2.627316215722671e+40	9.107451061899352e+39	4.993318101737715e+39	2.0997430968016882e+39	5.509751212099595e+40	3.62501263471193e+40	2.627316215722671e+40	1.9447324032252963e+40
33256.47050380533	1.1287068975839324e+41	7.862261131223609e+40	6.772425307171986e+40	5.112809406876148e+40	4.0012529383704926e+40	2.689337137760004e+40	9.428583387301692e+39	5.188622098589193e+39	2.1898472290781966e+39	5.540872351457937e+40	3.6888504715543275e+40	2.689337137760004e+40	1.9989187735788399e+40
33931.85987711328	1.0880975450487688e+41	7.660651560831516e+40	6.706447982223181e+40	5.134028579565607e+40	4.048011046802003e+40	2.743375378986718e+40	9.73537854604569e+39	5.378821919295439e+39	2.2790131492055693e+39	5.546379672534205e+40	3.7394017841060914e+40	2.743375378986718e+40	2.0481646938716064e+40
34620.99711814174	1.0556032439698106e+41	7.490196533756735e+40	6.66318558471769e+40	5.171839360010602e+40	4.1081652857619193e+40	2.807078842854908e+40	1.0081791422385916e+40	5.592182827670042e+39	2.3785804151552354e+39	5.569815194347308e+40	3.8024749928729825e+40	2.807078842854908e+40	2.1049722558948784e+40
35323.85801293027	1.0182802870148065e+41	7.260908005181903e+40	6.573146215965403e+40	5.180006763527212e+40	4.1484938426820895e+40	2.8605279251910093e+40	1.0411814958349969e+40	5.800594094270725e+39	2.477851300475641e+39	5.559449731852249e+40	3.848210073353633e+40	2.8605279251910093e+40	2.155566765762355e+40
36040.701030895434	9.91274239444453e+40	7.082999629259585e+40	6.520480176697672e+40	5.213992859188735e+40	4.2087254236114905e+40	2.9275474613295328e+40	1.0793342009954714e+40	6.038485000355764e+39	2.5901212072787993e+39	5.577451418604294e+40	3.912301681507979e+40	2.9275474613295328e+40	2.216465592784896e+40
36772.00461675879	9.567298751874396e+40	6.826331362802234e+40	6.401354756395831e+40	5.20263499010053e+40	4.236852774884573e+40	2.976320565298284e+40	1.113381288293746e+40	6.258776487481419e+39	2.6972068795755294e+39	5.544747520356096e+40	3.9477855470358603e+40	2.976320565298284e+40	2.2654087395575755e+40
37517.958424808174	9.33141717345104e+40	6.632783825270179e+40	6.328684344839448e+40	5.222971496345322e+40	4.2890648126142546e+40	3.04120648145132e+40	1.1533889825693172e+40	6.512974151215242e+39	2.8191738111465454e+39	5.547028016672881e+40	4.0053850738066245e+40	3.04120648145132e+40	2.326462533885935e+40
38278.81036953178	9.016730950721439e+40	6.358580156175284e+40	6.183489224279027e+40	5.190995787512817e+40	4.30304370570637e+40	3.0834951397532497e+40	1.1878865812251096e+40	6.7424698858759e+39	2.933309263969272e+39	5.491556846016902e+40	4.028610262073503e+40	3.0834951397532497e+40	2.372342918502154e+40
39054.840219837846	1.1541201534176311e+41	8.156196790420349e+40	7.678909817973749e+40	6.27770307200711e+40	5.1335090489321365e+40	3.6256435293835804e+40	1.3690163881028624e+40	7.72216713742258e+39	3.3395417904494756e+39	6.680263034193616e+40	4.789092080782286e+40	3.6256435293835804e+40	2.768559879353494e+40
39846.40382343978	1.198028576630355e+41	8.522454130075755e+40	8.114256459218011e+40	6.6864945027115e+40	5.48744595875811e+40	3.888888575784389e+40	1.474260235519013e+40	8.324507942189296e+39	3.603304969622217e+39	7.1035210726952825e+40	5.123769709192088e+40	3.888888575784389e+40	2.9743200979250953e+40
40653.77265311033	1.3007039451374362e+41	9.288862146927686e+40	8.86125766616073e+40	7.307406810378526e+40	5.997142101637754e+40	4.2489157613055196e+40	1.6091859215146417e+40	9.082254495655967e+39	3.929316570711554e+39	7.762483098144842e+40	5.599471536175653e+40	4.2489157613055196e+40	3.2487694215003755e+40
41477.26531789908	1.3513585085437103e+41	9.630678584085657e+40	9.251140847890543e+40	7.675736200090308e+40	6.320505975442874e+40	4.494783613025858e+40	1.7117365313916965e+40	9.678628947254303e+39	4.1947979491972367e+39	8.142383717717117e+40	5.906685345189958e+40	4.494783613025858e+40	3.443712635449103e+40
42317.1541910787	1.321589367289074e+41	9.347730693388205e+40	9.129797771344499e+40	7.689208728255505e+40	6.384089686073216e+40	4.582415757885924e+40	1.7694374868096308e+40	1.0050733735088985e+40	4.375660869482594e+39	8.128743095187307e+40	5.979393453533825e+40	4.582415757885924e+40	3.5286259054415354e+40
43173.785935147236	1.3143064971043395e+41	9.230965924977957e+40	9.148462746380947e+40	7.805065177255904e+40	6.526083794049847e+40	4.721338508906386e+40	1.8443403762534784e+40	1.0516061581961728e+40	4.5952725151208556e+39	8.226971393384025e+40	6.123939734872286e+40	4.721338508906386e+40	3.651067367828104e+40
44047.46920175906	1.2802526310750992e+41	8.884013215797353e+40	8.957070789947e+40	7.763348013627275e+40	6.548838466945427e+40	4.78568692056236e+40	1.8979900073706875e+40	1.0876538724251166e+40	4.776356162295471e+39	8.153211740371329e+40	6.160037973084364e+40	4.78568692056236e+40	3.721241809018005e+40
44938.51895146075	1.2602250227868082e+41	8.63919406469329e+40	8.855760600056816e+40	7.790709265452359e+40	6.626122001233826e+40	4.887121479589953e+40	1.9649897393270053e+40	1.131137864401232e+40	4.989264053236001e+39	8.154058333413141e+40	6.246536173456061e+40	4.887121479589953e+40	3.81920590586367e+40
45847.273875995226	1.2248814257525691e+41	8.261569321250465e+40	8.619632771387201e+40	7.708949349121702e+40	6.618002101636618e+40	4.933562822841309e+40	2.0160683094162488e+40	1.16683178636396e+40	5.174141897889904e+39	8.037669057109919e+40	6.254742735735183e+40	4.933562822841309e+40	3.8782139199619993e+40
46774.08334881485	1.1995631419939521e+41	7.95226936688923e+40	8.44231936908097e+40	7.672167822858932e+40	6.645784938939732e+40	5.0051050335706205e+40	2.0769082087313343e+40	1.208160052247091e+40	5.384103587724766e+39	7.969778306829446e+40	6.296300352427026e+40	5.0051050335706205e+40	3.9564656687545904e+40
47719.05570075459	1.1648096744203694e+41	7.566775997766433e+40	8.179835487239751e+40	7.561536478490661e+40	6.614059116359657e+40	5.037482442559324e+40	2.126516878645132e+40	1.2441424490345692e+40	5.57586797183447e+39	7.823660243895893e+40	6.282951095301859e+40	5.037482442559324e+40	4.0068477216736916e+40
48683.08981924458	1.1374831354872222e+41	7.229726496100777e+40	7.953129236056654e+40	7.474743724712908e+40	6.600386854855555e+40	5.08232732009611e+40	2.1815315021681764e+40	1.2834597092139934e+40	5.783629712955908e+39	7.703998100401281e+40	6.286232879530647e+40	5.08232732009611e+40	4.0669959261283067e+40
49666.350720825394	1.1032736882949641e+41	6.8436611901378e+40	7.669274352265656e+40	7.336001941743921e+40	6.543871146317302e+40	5.09847453642665e+40	2.2284849267907427e+40	1.3190948686698254e+40	5.979955959921874e+39	7.529890552765591e+40	6.249774265929243e+40	5.09847453642665e+40	4.106677071245869e+40
50668.16994185428	1.0764215355513819e+41	6.507320760471353e+40	7.418840959503098e+40	7.216768798033551e+40	6.501133206251427e+40	5.123909229092766e+40	2.280079867434994e+40	1.357824381512285e+40	6.192327779468077e+39	7.378152357643841e+40	6.22584240123173e+40	5.123909229092766e+40	4.1538401962313346e+40
51689.141707053095	1.0438946821522588e+41	6.134318516364131e+40	7.127180277700161e+40	7.059404270835147e+40	6.426363008101823e+40	5.127462016773823e+40	2.3255723054011635e+40	1.3938720508121554e+40	6.397232596671269e+39	7.1867083211997065e+40	6.172045415896824e+40	5.127462016773823e+40	4.185301832605643e+40
52729.57552027092	1.0178920743765867e+41	5.81201193220078e+40	6.865559674219164e+40	6.914312256210236e+40	6.35720413656473e+40	5.132828340929214e+40	2.372261910650433e+40	1.4310525051708201e+40	6.609910549150998e+39	7.011112204916759e+40	6.122594351141086e+40	5.132828340929214e+40	4.2179419089191677e+40
53789.64257931272	1.028994349938337e+41	5.781423554983846e+40	6.90013597341497e+40	7.015761545591917e+40	6.487168741760434e+40	5.27405496435046e+40	2.46566836814337e+40	1.4935051612802783e+40	6.926971029205553e+39	7.097956156755292e+40	6.257752714716717e+40	5.27405496435046e+40	4.351434816657728e+40
54869.8403100557	1.3061179212199067e+41	7.635586386696333e+40	9.025778049819841e+40	9.018375420600287e+40	8.228433435191457e+40	6.569152478712339e+40	2.971770542748985e+40	1.7782859887638138e+40	8.146018373927154e+39	9.167560750137988e+40	7.905374047143297e+40	6.569152478712339e+40	5.359429551424391e+40
55970.42704716883	1.345900678954346e+41	7.758357081935281e+40	9.23117123509005e+40	9.29123400322208e+40	8.515960161984314e+40	6.836102050110933e+40	3.119687719876515e+40	1.8723795821014648e+40	8.60236266703005e+39	9.428093760923838e+40	8.192080241482395e+40	6.836102050110933e+40	5.594655832644137e+40
57091.666063215736	1.3288802831592866e+41	7.4314246379925555e+40	9.033882264034616e+40	9.260487428937785e+40	8.571325442486609e+40	6.955438669478648e+40	3.224426461881875e+40	1.945058897558905e+40	8.979989429656324e+39	9.358193089275493e+40	8.266879811466356e+40	6.955438669478648e+40	5.725382799243681e+40
58234.09647608131	1.3024706984895607e+41	7.080650686316569e+40	8.700807286812166e+40	9.03918594564348e+40	8.441098259431018e+40	6.927165103892975e+40	3.2726736272689454e+40	1.9874651563418858e+40	9.237807301291884e+39	9.103758106933338e+40	8.162236658713651e+40	6.927165103892975e+40	5.739990087209744e+40
59398.0779971275	1.2735502539606643e+41	6.663757406749663e+40	8.388096988567614e+40	8.896869589548942e+40	8.401770638024496e+40	6.981445919508916e+40	3.3592944837644217e+40	2.0522422763749357e+40	9.593952497369869e+39	8.918435131236743e+40	8.14858948965586e+40	6.981445919508916e+40	5.823979172022771e+40
60584.24616232146	1.2506089895107386e+41	6.352206392541551e+40	8.088299436734051e+40	8.695319710575226e+40	8.284215919001474e+40	6.960951888283164e+40	3.413142074580462e+40	2.0991725731136286e+40	9.879655464423391e+39	8.687055600855532e+40	8.05509964956143e+40	6.960951888283164e+40	5.845221390967327e+40
61793.03548600941	1.2079867619134659e+41	5.852995886461382e+40	7.648067855403463e+40	8.413305599679144e+40	8.118275046568848e+40	6.920955318966221e+40	3.4683676963373666e+40	2.1485948223536482e+40	1.0183664958736479e+40	8.361101410362164e+40	7.921013343581904e+40	6.920955318966221e+40	5.857880513814712e+40
63024.66140283891	1.188340349769215e+41	5.580775516678803e+40	7.379992519368217e+40	8.227460025582423e+40	8.007965567828336e+40	6.90230205309711e+40	3.524666652686144e+40	2.198306640983084e+40	1.0490689515192119e+40	8.149366134993116e+40	7.832986069566946e+40	6.90230205309711e+40	5.880352373088977e+40
64279.17614890378	1.1450609013970012e+41	5.104977691128689e+40	6.925365353135798e+40	7.901491719285756e+40	7.791913910502469e+40	6.818407068467996e+40	3.564227129935564e+40	2.240614535677061e+40	1.0775952512954369e+40	7.784671393077767e+40	7.648958239330618e+40	6.818407068467996e+40	5.857955950066355e+40
65557.51006172631	1.1257291411277285e+41	4.8468746561275585e+40	6.664726275806934e+40	7.711728433539677e+40	7.672509478543721e+40	6.789321711647255e+40	3.617825717597321e+40	2.2902311558482393e+40	1.1092703778070054e+40	7.571695835141712e+40	7.550985024621024e+40	6.789321711647255e+40	5.871844997739817e+40
66860.37801622448	1.0858227421507107e+41	4.428881759659814e+40	6.2389172389186e+40	7.381058068040984e+40	7.437575099649664e+40	6.68067942064939e+40	3.6457971007808734e+40	2.327072206740761e+40	1.1364043854183518e+40	7.209667167895752e+40	7.345529876248154e+40	6.68067942064939e+40	5.827028074541792e+40
68188.73481459678	1.065767150578177e+41	4.177837716274576e+40	5.976987144257911e+40	7.179107854214639e+40	7.30135166718235e+40	6.634242524075016e+40	3.6927792159743944e+40	2.374205924994896e+40	1.168014172370066e+40	6.986983647594967e+40	7.230046766863549e+40	6.634242524075016e+40	5.826159783554362e+40
69543.86281165546	1.063721021337317e+41	4.057888384534591e+40	5.863912076707044e+40	7.111124339057719e+40	7.276021663745505e+40	6.663856604823622e+40	3.7653586041532967e+40	2.4353041054865544e+40	1.2056143521983614e+40	6.904818156222056e+40	7.217738462824735e+40	6.663856604823622e+40	5.881349969037548e+40
70928.06122201879	1.2532887005565255e+41	4.858476082627739e+40	7.041468209749442e+40	8.512068553653227e+40	8.667585981116399e+40	7.869980954703353e+40	4.357764083486799e+40	2.7940724141921056e+40	1.3703303356453226e+40	8.275962046104969e+40	8.583219591815584e+40	7.869980954703353e+40	6.90212401403887e+40
72342.54863798317	1.3012721967366086e+41	4.939689308928991e+40	7.218757420138933e+40	8.800458372773469e+40	9.005604679457997e+40	8.223251142913568e+40	4.590954736562e+40	2.9511224231425836e+40	1.450812136238621e+40	8.539215163645512e+40	8.929986351350842e+40	8.223251142913568e+40	7.233996049169779e+40
73786.38651124029	1.2589678749901444e+41	4.526686085142789e+40	6.757917112488677e+40	8.405828849118103e+40	8.703977653693689e+40	8.0618591722023755e+40	4.608431651762552e+40	2.987536789363221e+40	1.481319814154392e+40	8.117809878055235e+40	8.659477006349823e+40	8.0618591722023755e+40	7.150812358642424e+40
75260.00097568314	1.2770791639688884e+41	4.446778259604377e+40	6.705504017966013e+40	8.439216348739393e+40	8.804469093000486e+40	8.230429646147533e+40	4.774469272720527e+40	3.110473015490334e+40	1.5496484158498888e+40	8.126332917365702e+40	8.778201642886816e+40	8.230429646147533e+40	7.338889145239564e+40
76764.02442160294	1.2958558489370184e+41	4.418448855639827e+40	6.707262516003818e+40	8.497221399784979e+40	8.902238844296216e+40	8.368740318700385e+40	4.909496772824406e+40	3.2134235715156794e+40	1.6090589805005382e+40	8.169131065356592e+40	8.88670797368375e+40	8.368740318700385e+40	7.489335534537129e+40
78299.4232195848	1.376228355923806e+41	4.766006587472553e+40	7.121702733260886e+40	8.952083563283275e+40	9.35985622317197e+40	8.794816335775242e+40	5.172974848578933e+40	3.391495773250662e+40	1.7015364501490169e+40	8.617659770593581e+40	9.34088842612703e+40	8.794816335775242e+40	7.874666362953113e+40
79865.72419478386	1.6152622936350608e+41	6.165970198628057e+40	8.757379824842703e+40	1.055996635514481e+41	1.0809954856000425e+41	9.938496918992623e+40	5.692628362832449e+40	3.7074892818624277e+40	1.8502539560165883e+40	1.0259305278254163e+41	1.0729610331406326e+41	9.938496918992623e+40	8.804476925642657e+40
81465.24057385889	2.0890080969241882e+41	8.952116413952279e+40	1.191645308350358e+41	1.3640232506994712e+41	1.3592075364840908e+41	1.2136188199193899e+41	6.666376932339509e+40	4.284118887959184e+40	2.1109612244007646e+40	1.3405504065864781e+41	1.3395743855879783e+41	1.2136188199193899e+41	1.0586114996793413e+41
83099.46726199273	3.008770272892307e+41	1.4998345222904433e+41	1.8249829674086203e+41	1.932015375196915e+41	1.846409224956834e+41	1.5750573846564865e+41	8.113883561777687e+40	5.112153766438138e+40	2.472805387775666e+40	1.9325931012059016e+41	1.7997053488822963e+41	1.5750573846564865e+41	1.3412718832401365e+41
84769.33031183173	4.575374451978561e+41	2.5517903736454843e+41	2.858106414523724e+41	2.811969234243023e+41	2.581805395092651e+41	2.1055787991859947e+41	1.015010354390462e+41	6.258616173607867e+40	2.965088960909309e+40	2.8602219943978368e+41	2.4895444625034138e+41	2.1055787991859947e+41	1.7499641208115836e+41
86472.7929118918	8.19469181963112e+41	4.994933893546996e+41	5.273580116603555e+41	4.867457473941087e+41	4.290792118611372e+41	3.3238972029582e+41	1.4652817657352283e+41	8.740739900653839e+40	4.0023283263109935e+40	5.0293091867906154e+41	4.089194134858803e+41	3.3238972029582e+41	2.6789211993365348e+41
88208.40154630288	1.4872625140530292e+42	9.524227505801574e+41	9.180542730545626e+41	7.804089938134376e+41	6.5727826376207924e+41	4.835298638919818e+41	1.9720508273460325e+41	1.1462810146454361e+41	5.116781792540508e+40	8.21748240972461e+41	6.187233082635548e+41	4.835298638919818e+41	3.788551782151444e+41
89979.6828202304	2.6344283920175248e+42	1.6821418009204683e+42	1.5186581536184888e+42	1.2146633872430831e+42	9.879128468013229e+41	6.976246500213528e+41	2.6658026040506047e+41	1.5145573103574849e+41	6.606561131488723e+40	1.2972985779017052e+42	9.210615368936193e+41	6.976246500213528e+41	5.341179812036822e+41
91787.89826148383	4.2286561592619594e+42	2.5778641707788313e+42	2.219605814255752e+42	1.700560135472089e+42	1.3498070273244204e+42	9.265287237686984e+41	3.3856179115108603e+41	1.89379238177736e+41	8.132126880981815e+40	1.8344361061920665e+42	1.2500827096161094e+42	9.265287237686984e+41	6.981656708575426e+41
93633.46462841275	6.711618581808358e+42	3.8454370531250116e+42	3.151623628591514e+42	2.3094992296180708e+42	1.788687249483472e+42	1.1943631796145471e+42	4.1893892447796764e+41	2.3120853397394e+41	9.798414579550256e+40	2.5168785323796347e+42	1.6456263730187937e+42	1.1943631796145471e+42	8.866333745211661e+41
95515.33756477336	1.0228809242249949e+43	5.445109014167012e+42	4.3215472187652066e+42	3.07407522998203e+42	2.340412042809253e+42	1.5315024424330143e+42	5.2002805267943925e+41	2.8371996176562595e+41	1.1883990271781166e+41	3.37344049994836e+42	2.1430487167479557e+42	1.5315024424330143e+42	1.1239343909856906e+42
97436.07303296209	1.4976028519656312e+43	7.288006131500263e+42	5.609396013335856e+42	3.883538223526723e+42	2.913039555351318e+42	1.8744677073871888e+42	6.2055612502087e+41	3.3569088925672073e+41	1.3942050931885808e+41	4.288181649994678e+42	2.6567128052718084e+42	1.8744677073871888e+42	1.3630605928776402e+42
99397.03566276332	2.1080981168370725e+43	9.376805542512712e+42	7.050981633712176e+42	4.782114163624411e+42	3.5464101070897593e+42	2.252516863678503e+42	7.308983473443862e+41	3.9266178967819045e+41	1.6195247096012075e+41	5.3053479064591664e+42	3.2243677729205625e+42	2.252516863678503e+42	1.6262172384372525e+42
101398.46043427076	2.9312466148817924e+43	1.191695444543049e+43	8.764147398034197e+42	5.827683751375434e+42	4.2749962883518637e+42	2.682055724563507e+42	8.542446332629261e+41	4.5606115702206334e+41	1.869310474291101e+41	6.494633097642521e+42	3.875387398382754e+42	2.682055724563507e+42	1.9233341248172153e+42
103442.0384661733	3.968048788179074e+43	1.4692896581552923e+43	1.0616585656264331e+43	6.951449725054509e+42	5.056408288621721e+42	3.1420131642885843e+42	9.861653188430055e+41	5.238518932637856e+41	2.1363433645604055e+41	7.774295207278928e+42	4.573295702704447e+42	3.1420131642885843e+42	2.2413116632478758e+42
105528.44749731626	5.846673098158631e+43	1.9774082024769222e+43	1.3959846261727446e+43	8.94250056275477e+42	6.423308201915831e+42	3.9331449867888427e+42	1.2061610632380373e+42	6.355399488078766e+41	2.5705742276098044e+41	1.0052353733684977e+43	5.789512417269398e+42	3.9331449867888427e+42	2.782582959815707e+42
107657.0259275969	7.886026525102517e+43	2.443218368013612e+43	1.6977202878216589e+43	1.0721086757402532e+43	7.639742448367792e+42	4.635589426623664e+42	1.4017999622961442e+42	7.350797150030511e+41	2.9588028982489333e+41	1.2091379800636413e+43	6.871039641715025e+42	4.635589426623664e+42	3.26307978429898e+42
109832.90139555155	1.0182083940731472e+44	2.82913433947788e+43	1.9460732002049313e+43	1.218565454451745e+43	8.644170514777897e+42	5.218685246596562e+42	1.56625512017814e+42	8.192219293127275e+41	3.2890533669480256e+41	1.3769366761927535e+43	7.765011861863181e+42	5.218685246596562e+42	3.6634954422670214e+42
112056.27875480495	1.3102522111297219e+44	3.3471666947374863e+43	2.276506565531183e+43	1.4112749177518443e+43	9.956217967518342e+42	5.973418439087991e+42	1.7758188127179436e+42	9.258273335434714e+41	3.704960431604624e+41	1.5983447651165009e+43	8.930326882109011e+42	5.973418439087991e+42	4.178980542070404e+42
114328.3335356093	1.6262419911388296e+44	3.8422387139663815e+43	2.590313123283543e+43	1.593947017909719e+43	1.1200533921417538e+43	6.69052385954677e+42	1.9760394373408618e+42	1.0279497866565954e+42	4.1045987446128714e+41	1.80824467091986e+43	1.003583577175342e+43	6.69052385954677e+42	4.669558184997139e+42
116650.61926903068	1.943459152654917e+44	4.388292175869091e+43	2.9390811451813963e+43	1.7977073863730796e+43	1.2589653613274991e+43	7.491101598124613e+42	2.1991942363102755e+42	1.1416558237566856e+42	4.549025994827152e+41	2.042239953245958e+43	1.1270108793579382e+43	7.491101598124613e+42	5.217035683102321e+42
119025.45165603497	2.2917098157683583e+44	4.9052494941152e+43	3.2684800981650605e+43	1.9902893271295563e+43	1.3904630796361914e+43	8.251096477644994e+42	2.412425485993345e+42	1.25061754951332e+42	4.976285573867219e+41	2.2633087703762747e+43	1.2439172629780333e+43	8.251096477644994e+42	5.737821491333933e+42
121454.01922217458	2.721103747334351e+44	5.446371660192777e+43	3.612771571876211e+43	2.191648991721469e+43	1.528046759693924e+43	9.047096833406755e+42	2.6361921869203414e+42	1.3650438347396268e+42	5.4252948860257765e+41	2.494409719586875e+43	1.3662618861447111e+43	9.047096833406755e+42	6.283642474327128e+42
123936.53811626094	3.4481479940097466e+44	6.507677704339411e+43	4.273860226024905e+43	2.5689360260402447e+43	1.7817755778152037e+43	1.0485742444722099e+43	3.026488791405328e+42	1.5619337818922925e+42	6.186782097145914e+41	2.930066521246393e+43	1.5908530311482976e+43	1.0485742444722099e+43	7.258248009097605e+42
126473.45355689418	4.098420136222995e+44	7.322849429226773e+43	4.784667402781346e+43	2.862951831106547e+43	1.9807341819349569e+43	1.1623478387240519e+43	3.3402600244683036e+42	1.721281699692341e+42	6.807617854028695e+41	3.2688072345220184e+43	1.7672948824258583e+43	1.1623478387240519e+43	8.033180903579916e+42
129063.81387654546	4.647385204726899e+44	8.033300503098953e+43	5.236280532111462e+43	3.1265669020483184e+43	2.1605803553279384e+43	1.266178058704536e+43	3.6309611610239844e+42	1.8696969737787716e+42	7.38899032742561e+41	3.5715217967632907e+43	1.9271459613951112e+43	1.266178058704536e+43	8.744191027627279e+42
131708.478925536	5.189614668361274e+44	8.76485841632545e+43	5.700070901628558e+43	3.396772133799984e+43	2.3448042467384446e+43	1.3725119789867938e+43	3.928958456169764e+42	2.0219508051801274e+42	7.985987723620044e+41	3.881917620022034e+43	2.090870661465022e+43	1.3725119789867938e+43	9.472454967170467e+42
134410.93661894277	5.71932861831539e+44	9.270145293958686e+43	6.026438258374591e+43	3.591367346142167e+43	2.479516894971035e+43	1.451785401064646e+43	4.158666525568604e+42	2.140784540435499e+42	8.458061776305408e+41	4.104159569797934e+43	2.211122881510182e+43	1.451785401064646e+43	1.0021666018637566e+43
137174.8731241799	6.2916929502474596e+44	9.997337476111816e+43	6.488669689100704e+43	3.8616227412727854e+43	2.664251058352608e+43	1.5587929488386883e+43	4.460615288200157e+42	2.295488920617581e+42	9.066541927498573e+41	4.41432329318511e+43	2.3754296670158206e+43	1.5587929488386883e+43	1.0756200377049098e+43
140001.0771439553	6.827607693341449e+44	1.0226561822306311e+44	6.626811304775681e+43	3.9393736773501116e+43	2.7164667607939707e+43	1.5885141739197822e+43	4.542701299866806e+42	2.3373631610533837e+42	9.231570751476314e+41	4.504272629953328e+43	2.421667273449286e+43	1.5885141739197822e+43	1.0958482656318238e+43
142890.27097159956	7.92924252696357e+44	1.185702173124194e+44	7.668862481728642e+43	4.549815095336419e+43	3.133592057466903e+43	1.829707306319488e+43	5.2192802448769815e+42	2.6829046212032078e+42	1.0584566256783623e+42	5.204741365703688e+43	2.7925627073563245e+43	1.829707306319488e+43	1.2611384299248586e+43
145842.00620289062	8.445803123325267e+44	1.2561665992692588e+44	8.127546214990087e+43	4.823979881693592e+43	3.3233203876448296e+43	1.9411513575444183e+43	5.540417020270324e+42	2.8486007306371654e+42	1.1240832386295217e+42	5.5177931086495e+43	2.9618741604346956e+43	1.9411513575444183e+43	1.3382219846654743e+43
148855.90457372475	8.940315043331195e+44	1.3199619438642757e+44	8.547522364069787e+43	5.077828240528149e+43	3.500177401606898e+43	2.0458915526745586e+43	5.846424125893601e+42	3.0072931146919894e+42	1.1872694487436821e+42	5.806873812471699e+43	3.119999577616886e+43	2.0458915526745586e+43	1.4110160978828435e+43
151936.4306531456	9.374664959607075e+44	1.3754692611872428e+44	8.920772035057207e+43	5.307654325420201e+43	3.661923334223608e+43	2.1427779523808824e+43	6.134402853284088e+42	3.1575141594414495e+42	1.2474361013324842e+42	6.067496977279501e+43	3.2650077888252215e+43	2.1427779523808824e+43	1.4787718325795462e+43
155085.278514261	9.688358562878722e+44	1.430863080087452e+44	9.301533751460179e+43	5.545703197184021e+43	3.830473220530868e+43	2.2441970886434317e+43	6.436370420076536e+42	3.31490639367451e+42	1.3103938343887748e+42	6.336627065040542e+43	3.4163141172094314e+43	2.2441970886434317e+43	1.5497930876034658e+43
158303.67817385416	9.907045568670976e+44	1.4768727801307025e+44	9.620928180552758e+43	5.748236322833372e+43	3.9753913605687203e+43	2.332666698141142e+43	6.707094173239425e+42	3.457535965761863e+42	1.3680940181520225e+42	6.564741294805009e+43	3.5468227700362453e+43	2.332666698141142e+43	1.6123141946213592e+43
161592.69253793912	1.0095191583017745e+45	1.5234533725578894e+44	9.94715430359321e+43	5.957300048295864e+43	4.1259940198474276e+43	2.4253721582860214e+43	6.994671863449739e+42	3.609762739048814e+42	1.4299527984442072e+42	6.7995950771629545e+43	3.6827110700484877e+43	2.4253721582860214e+43	1.6781440845849736e+43
164953.919858491	1.0086640581095337e+45	1.5827517550561669e+44	1.0334845460690244e+44	6.186725182061823e+43	4.2830652135359445e+43	2.5161223918766757e+43	7.247491741761887e+42	3.738463012630792e+42	1.4802700451859153e+42	7.062449527751537e+43	3.8223869563523953e+43	2.5161223918766757e+43	1.740227323628375e+43
168388.47617867403	9.860206109004899e+44	1.6144450168693949e+44	1.0578768254142232e+44	6.353240307232326e+43	4.4064862335272816e+43	2.594250022615272e+43	7.49859692969199e+42	3.872800260857938e+42	1.5354250755758078e+42	7.247079960846451e+43	3.9345377540226306e+43	2.594250022615272e+43	1.7964689793152729e+43
171896.299134271	9.56867768542486e+44	1.6120210654977498e+44	1.060645110325866e+44	6.393696441763967e+43	4.443913432666215e+43	2.622709511903454e+43	7.610442625758733e+42	3.9360284227853666e+42	1.5627722448652005e+42	7.286929684692163e+43	3.970251321105034e+43	2.622709511903454e+43	1.8186834466410268e+43
175481.73790703123	9.018610152347255e+44	1.599747841306992e+44	1.063934699395437e+44	6.473797118650121e+43	4.522186813965761e+43	2.6836527413791437e+43	7.849642077063337e+42	4.0702342339555634e+42	1.62008338476775e+42	7.362636080490446e+43	4.045562293997279e+43	2.6836527413791437e+43	1.8664184445921814e+43
179145.00504580882	8.494326924411413e+44	1.5580938130941616e+44	1.0385875792497117e+44	6.337610436514631e+43	4.4355863799590383e+43	2.638831927263953e+43	7.752924404322147e+42	4.026982441226358e+42	1.6058996216222207e+42	7.202529894279785e+43	3.9703283655735604e+43	2.638831927263953e+43	1.8380214661273622e+43
182888.29797928088	7.887451484577807e+44	1.5681629556787735e+44	1.0519216516374757e+44	6.458197985866896e+43	4.536789569347908e+43	2.71163278021562e+43	8.033610257890558e+42	4.1864291121444916e+42	1.6752648457552095e+42	7.328896203175915e+43	4.0652277062739433e+43	2.71163278021562e+43	1.894047737516915e+43
186714.18690527717	7.252692459203712e+44	1.6013561148947493e+44	1.0849672477158082e+44	6.717798065531892e+43	4.740135400882941e+43	2.8466039049493e+43	8.486915145633562e+42	4.430703846645657e+42	1.7758331597075824e+42	7.609040858833346e+43	4.2523661655648333e+43	2.8466039049493e+43	1.9931426034774893e+43
190624.15024450782	6.638136561859737e+44	1.6114759758612572e+44	1.0989088081950715e+44	6.840334682501418e+43	4.840114542516953e+43	2.91563942736932e+43	8.732798373238e+42	4.566142111740544e+42	1.8329608223733506e+42	7.738656032717329e+43	4.345285552518447e+43	2.91563942736932e+43	2.0448906858057887e+43
194620.4860710343	6.073841824264415e+44	1.5668494495881081e+44	1.0777518236453287e+44	6.76020836689721e+43	4.803812834355903e+43	2.907947275531857e+43	8.776587646760606e+42	4.60133965549962e+42	1.852141367906614e+42	7.63458499868662e+43	4.317689467767657e+43	2.907947275531857e+43	2.0450574586507672e+43
198705.40461999548	5.566885101407392e+44	1.56605405444507e+44	1.0865895791052824e+44	6.86432911207287e+43	4.895699082102362e+43	2.975172595605896e+43	9.028226642680771e+42	4.7412763467190867e+42	1.911559883849625e+42	7.73995936824032e+43	4.404483706227178e+43	2.975172595605896e+43	2.0965834703373933e+43
202881.2449055421	5.129887323676548e+44	1.4849354677775747e+44	1.0389502357228047e+44	6.614064803379898e+43	4.737543588652846e+43	2.893189203146587e+43	8.844987852492823e+42	4.656802956908628e+42	1.882339854651987e+42	7.444536854962149e+43	4.2671692136311567e+43	2.893189203146587e+43	2.044295865051572e+43
207150.69571389057	4.7488559333157724e+44	1.446882948261425e+44	1.0206785789132502e+44	6.54776058652021e+43	4.710474895114882e+43	2.891067900127524e+43	8.906635106840888e+42	4.7015531477245297e+42	1.9054188288644868e+42	7.356788647982183e+43	4.247819304863808e+43	2.891067900127524e+43	2.0484503062491044e+43
211516.2341988667	4.44822942581463e+44	1.4048663496210554e+44	9.982965967691165e+43	6.452840731562769e+43	4.664112929977801e+43	2.8794661768944587e+43	8.961089627455605e+42	4.748201451923322e+42	1.9318883978652204e+42	7.23682996495669e+43	4.2116766876394153e+43	2.8794661768944587e+43	2.0473404112287018e+43
215980.53274619213	4.184448360134244e+44	1.3878070357219916e+44	9.935398978380846e+43	6.464085105630199e+43	4.688873584578011e+43	2.906299808120383e+43	9.098261280755203e+42	4.830358638637227e+42	1.9691366652631875e+42	7.238688944865636e+43	4.2380769011044954e+43	2.906299808120383e+43	2.0708810638036834e+43
220546.3119141541	3.971503152542587e+44	1.340526143097571e+44	9.614522450242781e+43	6.269859476255886e+43	4.555510585054397e+43	2.8300094548692557e+43	8.897625699207137e+42	4.7320098618745354e+42	1.9327353042037336e+42	7.016957617607263e+43	4.1195902075876067e+43	2.8300094548692557e+43	2.019396298683918e+43
225216.4451698725	3.801651052928926e+44	1.3377871284420017e+44	9.651167841772354e+43	6.325534851612457e+43	4.608612186845687e+43	2.8719177410160264e+43	9.072336943228431e+42	4.8327635893176216e+42	1.9771176579551455e+42	7.071166554576557e+43	4.170701743448366e+43	2.8719177410160264e+43	2.0528060089769871e+43
229993.89329268254	3.639046174970923e+44	1.3175796038392505e+44	9.541922302760532e+43	6.277163656085274e+43	4.583847277002818e+43	2.8647588370384057e+43	9.096554459357076e+42	4.855346898900862e+42	1.9906054446297138e+42	7.010842576170109e+43	4.15102028380521e+43	2.8647588370384057e+43	2.0512705704200267e+43
234881.72996147745	3.5144671169044553e+44	1.310358597313381e+44	9.543840132702817e+43	6.307396191342547e+43	4.617056038104885e+43	2.893306177760558e+43	9.225745643016806e+42	4.931625068823555e+42	2.0249786620953702e+42	7.037405007771227e+43	4.183787611985774e+43	2.893306177760558e+43	2.0747969547589173e+43
239883.13428933732	3.3955800441857136e+44	1.3144824071760312e+44	9.638093103961614e+43	6.401411972961027e+43	4.6967483008656e+43	2.9499184363243046e+43	9.432325922277272e+42	5.046033535585098e+42	2.073501167082534e+42	7.134798887493969e+43	4.258446261566875e+43	2.9499184363243046e+43	2.1176930155105643e+43
245001.4007442729	3.2833375127688285e+44	1.304039649808001e+44	9.649616684548685e+43	6.460521675932706e+43	4.760231402007393e+43	3.0034585770580416e+43	9.664069802848465e+42	5.1799391765515934e+42	2.1323025792586528e+42	7.187718396388736e+43	4.3208112258737164e+43	3.0034585770580416e+43	2.1612406010102916e+43
250239.93985837052	3.206153930115063e+44	1.2804609809977886e+44	9.529688723465521e+43	6.415388987399225e+43	4.74157707907153e+43	3.0019988009373393e+43	9.706716306469193e+42	5.2107157725241375e+42	2.1480907454566798e+42	7.128398240267003e+43	4.3074478467379583e+43	3.0019988009373393e+43	2.164138778451942e+43
255602.28965845227	3.1014844895952673e+44	1.2487513493834256e+44	9.35799989100684e+43	6.33949315805858e+43	4.701562209204245e+43	2.9878752003852693e+43	9.711996276245274e+42	5.222022883391436e+42	2.156091134488458e+42	7.033952519835112e+43	4.2749901667050485e+43	2.9878752003852693e+43	2.15821288709483e+43
261079.21127046514	3.0285681603069964e+44	1.2065729237422562e+44	9.054529907457422e+43	6.150767630383952e+43	4.571911080971972e+43	2.9150046198505124e+43	9.536761828545809e+42	5.141164684446375e+42	2.128622501094674e+42	6.819269441699986e+43	4.160053446440611e+43	2.9150046198505124e+43	2.110066392585511e+43
266672.89269853063	2.9682370089590963e+44	1.1887926609115452e+44	8.961056477311813e+43	6.110070081565452e+43	4.550775010158112e+43	2.9080927707657476e+43	9.54726042106139e+42	5.153043412381111e+42	2.1361978591637843e+42	6.768453146271753e+43	4.14305293779398e+43	2.9080927707657476e+43	2.1076853391623068e+43
272385.8088871567	2.9114174448193447e+44	1.1640315089076322e+44	8.81268382988413e+43	6.0338763400347e+43	4.504993272381021e+43	2.887302827559244e+43	9.525630066481657e+42	5.1506203381307306e+42	2.139161450061565e+42	6.677521688098455e+43	4.104169746729484e+43	2.887302827559244e+43	2.0961878598551332e+43
278220.487114251	2.8728591415246493e+44	1.149266591287324e+44	8.750410507102767e+43	6.023452287448418e+43	4.510821171212915e+43	2.9010483756416055e+43	9.621751258235991e+42	5.2118606627078086e+42	2.1683092612622707e+42	6.657700050833919e+43	4.1128558303451424e+43	2.9010483756416055e+43	2.1101875771732088e+43
284179.5081366808	2.8054930752843376e+44	1.1095004326745715e+44	8.50836243800778e+43	5.901720623422759e+43	4.4396773734775326e+43	2.8702750964444534e+43	9.594931184398203e+42	5.2107203540608684e+42	2.173201092087001e+42	6.511260460238736e+43	4.0530177970119376e+43	2.8702750964444534e+43	2.093808774790104e+43
290265.5072669429	2.7478954652695607e+44	1.0655490632449176e+44	8.199897409382743e+43	5.717868109419462e+43	4.3171549934636067e+43	2.8041400832129667e+43	9.447952856133197e+42	5.145332766305006e+42	2.1520511321936524e+42	6.299763762228685e+43	3.9453779127772724e+43	2.8041400832129667e+43	2.051207179516477e+43
296481.1755815161	2.7004210380069547e+44	1.0315497006622505e+44	7.940547476508842e+43	5.552877238290772e+43	4.203461597191907e+43	2.7404869683984667e+43	9.298412198941854e+42	5.077420085162613e+42	2.1295557680258456e+42	6.112668509556647e+43	3.8446102025926484e+43	2.7404869683984667e+43	2.009385654101034e+43
302829.26112666575	2.635727991534625e+44	9.880380233625945e+43	7.595915974179442e+43	5.323940460670196e+43	4.040960352214989e+43	2.6456384381155804e+43	9.053014677853065e+42	4.960011060718567e+42	2.0876909824160857e+42	5.855879722967338e+43	3.699281352412466e+43	2.6456384381155804e+43	1.945265629810642e+43
309312.57009234995	2.5805493150738457e+44	9.54362867921086e+43	7.302342482170074e+43	5.114426242174174e+43	3.8868924620008854e+43	2.5523139868947817e+43	8.798788748419694e+42	4.836325137466656e+42	2.042834248381664e+42	5.624488921896031e+43	3.560233170062676e+43	2.5523139868947817e+43	1.8809543920087323e+43
315933.968096095	2.531298096140072e+44	9.384654514808918e+43	7.124141123780436e+43	4.967464583302235e+43	3.77209066511684e+43	2.478807244380744e+43	8.586369719919313e+42	4.731733567192288e+42	2.0046626958459006e+42	5.466770881187533e+43	3.4551181013344884e+43	2.478807244380744e+43	1.8290205068276618e+43
322696.38146195	2.477213402968496e+44	9.205297402110193e+43	6.920836796793421e+43	4.79452357259009e+43	3.6340720129338965e+43	2.387977482466967e+43	8.31011596875101e+42	4.5926334996557376e+42	1.9524757365692265e+42	5.282668184455222e+43	3.32795651478722e+43	2.387977482466967e+43	1.763762591256586e+43
329602.7985050088	2.430361884369337e+44	9.150700750990394e+43	6.811831897790592e+43	4.678573661831965e+43	3.533539441838598e+43	2.316803024810801e+43	8.076091456402543e+42	4.4727019720811915e+42	1.90692460580163e+42	5.164203412175307e+43	3.233537083346272e+43	2.316803024810801e+43	1.7109378129630993e+43
336656.27088795486	2.387668223881393e+44	9.291334261070567e+43	6.862522031841166e+43	4.669099450666956e+43	3.5081200268939567e+43	2.2890416836884633e+43	7.955043282472572e+42	4.4080377514417625e+42	1.8819842365162293e+42	5.165291664754956e+43	3.206139077842922e+43	2.2890416836884633e+43	1.6873601074084791e+43
343859.91498611885	2.346091181867307e+44	9.39982382986628e+43	6.901294706035414e+43	4.654844978990418e+43	3.4787307650605817e+43	2.2574969437662205e+43	7.812166002209029e+42	4.330132149992565e+42	1.8511624674126925e+42	5.16075727803767e+43	3.1748230291962136e+43	2.2574969437662205e+43	1.6603216777706445e+43
351216.91327843204	2.3082544168357076e+44	9.566158973275672e+43	7.006515544110096e+43	4.695954322144732e+43	3.492484231383781e+43	2.253302023524315e+43	7.747462781286601e+42	4.2911835988103394e+42	1.8350554490478506e+42	5.215588734444815e+43	3.182939692946029e+43	2.253302023524315e+43	1.6524735531381777e+43
358730.5157818567	2.2723210970947413e+44	9.869756032034515e+43	7.24785582452153e+43	4.84578791063451e+43	3.591292117333076e+43	2.3043898426039204e+43	7.852549499488871e+42	4.339365067506345e+42	1.8527934418951293e+42	5.387444765630713e+43	3.269112076393665e+43	2.3043898426039204e+43	1.6842778193715197e+43
366404.04150872206	2.2375765764598003e+44	1.0079670259136072e+44	7.428341700225024e+43	4.963546434832481e+43	3.6704049585350195e+43	2.345615028980404e+43	7.93405873745496e+42	4.375709456772593e+42	1.8659224697023723e+42	5.521192934149599e+43	3.3383453930205575e+43	2.345615028980404e+43	1.709803301440211e+43
374240.8799571927	2.2037178089934532e+44	1.0292175197248283e+44	7.626842667024097e+43	5.105411776545836e+43	3.7723582516749205e+43	2.4044498141216917e+43	8.080371990604252e+42	4.4466905272420543e+42	1.8929290125267788e+42	5.678555071989476e+43	3.4294986245188527e+43	2.4044498141216917e+43	1.7489554886775207e+43
382244.49263526266	2.1700659140318515e+44	1.0608318821901907e+44	7.934923694112268e+43	5.341182853497682e+43	3.9515669198545524e+43	2.5170112821617226e+43	8.41162483692501e+42	4.616085148243019e+42	1.959390364789238e+42	5.935162141528853e+43	3.5926335249998487e+43	2.5170112821617226e+43	1.8282446177779172e+43
390418.4146167851	2.1367341113122768e+44	1.0806451390558144e+44	8.148683248749137e+43	5.514387223606413e+43	4.0865765649155785e+43	2.6039210004791646e+43	8.675126023848585e+42	4.7520497588474675e+42	2.0132711282919467e+42	6.121506259792317e+43	3.716301585481978e+43	2.6039210004791646e+43	1.8901876374025297e+43
398766.25613390177	2.103101176865746e+44	1.099164338960162e+44	8.361772907797609e+43	5.694703743368233e+43	4.230584440595091e+43	2.6994077483072796e+43	8.978559653826329e+42	4.9107441925580307e+42	2.076753819491571e+42	6.313613088749364e+43	3.8491163246213705e+43	2.6994077483072796e+43	1.959419581891637e+43
407291.70420217037	2.0690053678694096e+44	1.1267537518169472e+44	8.678001845945233e+43	5.966872252838755e+43	4.451702333107113e+43	2.8500232825709893e+43	9.482766537500724e+42	5.1785684328904885e+42	2.1848586365495663e+42	6.602012718856042e+43	4.05420887193774e+43	2.8500232825709893e+43	2.0706025281751528e+43
415998.52428231266	2.0346477797984754e+44	1.141869174729031e+44	8.884041862311046e+43	6.158031049749645e+43	4.611684874157966e+43	2.9621239346767296e+43	9.872010324949996e+42	5.3877349006554705e+42	2.2702964120373657e+42	6.801715260433854e+43	4.203664788323569e+43	2.9621239346767296e+43	2.1545104391624705e+43
424890.5619801238	1.99956780994667e+44	1.1549745951655032e+44	9.082223433988019e+43	6.350046995701537e+43	4.775427650523263e+43	3.079158836449827e+43	1.0290075832396128e+43	5.61423027682085e+42	2.3634013366449434e+42	7.000617165623327e+43	4.357371881888507e+43	3.079158836449827e+43	2.2430440022502573e+43
433971.74478137866	1.963779086509932e+44	1.1757225077072412e+44	9.38043818158223e+43	6.637664115156946e+43	5.02179597064545e+43	3.257033729246863e+43	1.0940091157400826e+43	5.968855569757536e+42	2.509696281387721e+42	7.298382421881194e+43	4.58908774458173e+43	3.257033729246863e+43	2.3786227391698253e+43
443246.08382625895	1.927273824607054e+44	1.1838443862695404e+44	9.557648218327975e+43	6.830101694242982e+43	5.193413814041392e+43	3.3854174536531426e+43	1.1429651002511094e+43	6.239377766577685e+42	2.6227087423428404e+42	7.493565485874118e+43	4.751998405484838e+43	3.3854174536531426e+43	2.4781102286527695e+43
452717.67572289467	1.8898945380445833e+44	1.1892538182267404e+44	9.720903481804856e+43	7.019328605916979e+43	5.365988496433917e+43	3.5172681968541425e+43	1.194674213418934e+43	6.527493901865654e+42	2.7439052523131632e+42	7.683365661422033e+43	4.916691531896995e+43	3.5172681968541425e+43	2.581370386224399e+43
462390.7044000334	1.85163402969339e+44	1.1917363493000207e+44	9.868180520918084e+43	7.203995442501171e+43	5.538632306211167e+43	3.6521871653087286e+43	1.249182853595933e+43	6.833939904278105e+42	2.8737986494294275e+42	7.866251153439625e+43	5.082402765106365e+43	3.6521871653087286e+43	2.688220978658609e+43
472269.44300088607	1.8125742795423433e+44	1.1989711672742032e+44	1.0104579154407055e+44	7.487587290759001e+43	5.802039134978879e+43	3.857946280503932e+43	1.3330047360195131e+43	7.306796359051363e+42	3.074557573058232e+42	8.148571122404469e+43	5.335063250154796e+43	3.857946280503932e+43	2.851509146484018e+43
482358.25581915805	1.7722376000356842e+44	1.1869650111832774e+44	1.0105384666349262e+44	7.553077122194255e+43	5.879596940004682e+43	3.9289032164130098e+43	1.3664710373016834e+43	7.503030851331341e+42	3.1610464454475704e+42	8.203912817262523e+43	5.412900409771919e+43	3.9289032164130098e+43	2.9113765439173824e+43
492661.60027409927	1.7310755268056194e+44	1.1661091024548498e+44	9.990091053930564e+43	7.506813558297881e+43	5.860207048161201e+43	3.928191754465443e+43	1.3723833798467824e+43	7.546413796824494e+42	3.183821550109711e+42	8.143879591394214e+43	5.399120213457666e+43	3.928191754465443e+43	2.9156907626507064e+43
503184.02893355256	1.689138821142337e+44	1.1441684910717341e+44	9.866375573383336e+43	7.455291070504109e+43	5.837313601468215e+43	3.925669331584959e+43	1.3780076103764144e+43	7.588934847908469e+42	3.2065446131683936e+42	8.077834318179988e+43	5.3822774940921025e+43	3.925669331584959e+43	2.9189074730808833e+43
513930.1915800602	1.6463393488010347e+44	1.1210531599302778e+44	9.733380212188519e+43	7.397853103525409e+43	5.810409400115693e+43	3.9209996510973064e+43	1.38321854569718e+43	7.62986650320711e+42	3.228890939431483e+42	8.005064004298124e+43	5.361906649864795e+43	3.9209996510973064e+43	2.9207755133592172e+43
524904.8373212877	1.6027287391325676e+44	1.096754725845346e+44	9.590819452368553e+43	7.334199348602446e+43	5.779241956665313e+43	3.9140106074284934e+43	1.3879623463944315e+43	7.668936740774715e+42	3.2507583547455954e+42	7.925258770434781e+43	5.337772689567899e+43	3.9140106074284934e+43	2.921169604123559e+43
536112.8167473065	1.5583736301899477e+44	1.071277353042215e+44	9.438483655528158e+43	7.2640666269507545e+43	5.743580360014399e+43	3.9045398659325686e+43	1.3921868199375956e+43	7.705880430757576e+42	3.272046951217312e+42	7.838153686199056e+43	5.309658831413808e+43	3.9045398659325686e+43	2.919970149280101e+43
547559.0841352815	1.5133542588997253e+44	1.0446380602051155e+44	9.276243225199309e+43	7.187231933864437e+43	5.703217374812923e+43	3.8924359832468287e+43	1.3958416387666485e+43	7.740440180150137e+42	3.292659293850454e+42	7.743532172727804e+43	5.277368350607629e+43	3.8924359832468287e+43	2.917063938991493e+43
559248.699702631	1.4677629897088957e+44	1.016866937102243e+44	9.104052506479192e+43	7.103515518225467e+43	5.65797163759205e+43	3.8775596387167245e+43	1.3988786424785959e+43	7.772367798973787e+42	3.31250096679405e+42	7.641229395801633e+43	5.24072653108388e+43	3.8775596387167245e+43	2.9123449588581916e+43
571186.8319097547	1.421702605933014e+44	9.880071365171152e+43	8.92195243198693e+43	7.012783361241095e+43	5.607689489429141e+43	3.8597846775358575e+43	1.4012520893240157e+43	7.801425506508495e+42	3.3314810175992e+42	7.531134933966741e+43	5.199582303780253e+43	3.8597846775358575e+43	2.905715074163132e+43
583378.7598134471	1.375284429470104e+44	9.581146475696625e+43	8.730071931208885e+43	6.914949063487862e+43	5.552246453203756e+43	3.838998972411253e+43	1.402918859856687e+43	7.827386892584877e+42	3.3495123054157714e+42	7.413194731501789e+43	5.153809579268571e+43	3.838998972411253e+43	2.8970845948252356e+43
595829.8754721452	1.3286263356342318e+44	9.27257860678981e+43	8.528628142449121e+43	6.809975160838459e+43	5.491548370923903e+43	3.815105114495552e+43	1.403838616586097e+43	7.850037654155397e+42	3.3665117611373185e+42	7.287412359568858e+43	5.103308289046388e+43	3.815105114495552e+43	2.8863727292638246e+43
608545.6864041826	1.281850727365454e+44	8.955169375545835e+43	8.317925481835115e+43	6.697873897144512e+43	5.425532221207024e+43	3.7880209466963445e+43	1.4039739240088672e+43	7.869176129849243e+42	3.382400568370389e+42	7.15384961757656e+43	5.048005153793274e+43	3.7880209466963445e+43	2.873507936865404e+43
621531.8181002431	1.2350825280421725e+44	8.629830020362425e+43	8.098353634542018e+43	6.578707486084358e+43	5.35416663976823e+43	3.7576799538750203e+43	1.4032903336940255e+43	7.884613656613873e+42	3.397104274582992e+42	7.012626512314546e+43	4.987854199289925e+43	3.7576799538750203e+43	2.8584281896144167e+43
634794.0165912372	1.1884472452264229e+44	8.297571694440924e+43	7.870384540391973e+43	6.452587896794031e+43	5.277452166955796e+43	3.7240315250033916e+43	1.4017564391952296e+43	7.896174772979144e+42	3.410552841915661e+42	6.863920655307779e+43	4.92283704170321e+43	3.7240315250033916e+43	2.8410811537753565e+43
648338.1510728447	1.1420691495561954e+44	7.959494334609859e+43	7.634568450090546e+43	6.31967619825572e+43	5.195421246276675e+43	3.6870411022033915e+43	1.3993439054964104e+43	7.903697293118679e+42	3.422680646978568e+42	6.707966119643492e+43	4.852962963810719e+43	3.6870411022033915e+43	2.821424302389429e+43
662170.2165879899	1.096069604235899e+44	7.6167743054165875e+43	7.391529130302243e+43	6.180181496332044e+43	5.1081379967242765e+43	3.6466902308748237e+43	1.3960274774931782e+43	7.907032274857547e+42	3.433426438554719e+42	6.545051796725629e+43	4.778268802688531e+43	3.6466902308748237e+43	2.799424968850294e+43
676296.3367685403	1.0505655717000742e+44	7.270651025318748e+43	7.141958296390713e+43	6.034359495327772e+43	5.015697779899471e+43	3.602976523999836e+43	1.3917849717167667e+43	7.906043903312803e+42	3.4427332615675756e+42	6.375519291612966e+43	4.698818667715783e+43	3.602976523999836e+43	2.775060351069365e+43
690722.7666375425	1.0056683154186967e+44	6.922412786330087e+43	6.886609351391754e+43	5.882510713290485e+43	4.918226580556959e+43	3.555913552269646e+43	1.3865972551341023e+43	7.900609310019588e+42	3.4505483549743853e+42	6.199760393099402e+43	4.61470350558795e+43	3.555913552269646e+43	2.748317474771713e+43
705455.8954733305	9.614823068414462e+43	6.573381981433956e+43	6.626290509388426e+43	5.724978377417858e+43	4.815880216644403e+43	3.5055306700891395e+43	1.3804482144527262e+43	7.890618345418427e+42	3.456823030500314e+42	6.018214152055786e+43	4.526040526669193e+43	3.5055306700891395e+43	2.7191931233981626e+43
720502.249736866	9.181043403372655e+43	6.224899955567205e+43	6.361857381124793e+43	5.562146023071648e+43	4.708843392219477e+43	3.451872785814695e+43	1.3733247189285968e+43	7.875973320486375e+42	3.4615125383426234e+42	5.83136359894395e+43	4.4329725045267503e+43	3.451872785814695e+43	2.68769374094652e+43
735868.4960636942	8.756228528354069e+43	5.87831169624922e+43	6.094205099788644e+43	5.394434817281667e+43	4.597328604016075e+43	3.395000082866254e+43	1.3652165792405915e+43	7.856588731195034e+42	3.464575925189521e+42	5.63973212914423e+43	4.335666958038773e+43	3.395000082866254e+43	2.653835312926668e+43
751561.4443219197	8.341174397958822e+43	5.534950579049942e+43	5.824260065654281e+43	5.222300625484167e+43	4.481574910045486e+43	3.3349876967130683e+43	1.3561165045798004e+43	7.83239097748331e+42	3.4659758891576573e+42	5.4438795830529e+43	4.234315223192933e+43	3.3349876967130683e+43	2.617643229486648e+43
767588.0507376336	7.936585551072017e+43	5.196123380702138e+43	5.552971389586852e+43	5.046230838563711e+43	4.3618465664465785e+43	3.2719253511408686e+43	1.346020059692355e+43	7.803318086476313e+42	3.465678635528977e+42	5.24439804678495e+43	4.1291314195789063e+43	3.2719253511408686e+43	2.579152133668321e+43
783955.4210892471	7.543073795275044e+43	4.863095768799038e+43	5.281302117489475e+43	4.866740976318413e+43	4.238431537042006e+43	3.2059169557845897e+43	1.3349256232438662e+43	7.769319447929002e+42	3.463653736525986e+42	5.04190739903251e+43	4.0203513148047283e+43	3.2059169557845897e+43	2.5384057567514013e+43
800670.8139722114	7.161158402376491e+43	4.537078471120496e+43	5.010220320303159e+43	4.684371083129196e+43	4.111639878639062e+43	3.137080165599141e+43	1.3228343485203476e+43	7.730355568212444e+42	3.4598739977602515e+42	4.837050630035578e+43	3.908231088564226e+43	3.137080165599141e+43	2.4954567416996093e+43
817741.6441356319	6.79126762890212e+43	4.2192143195621887e+43	4.740690137159997e+43	4.499681932036368e+43	3.981802004168319e+43	3.0655459018230875e+43	1.3097501271666813e+43	7.686397847703761e+42	3.454315333465951e+42	4.630488959859256e+43	3.793045996973377e+43	3.0655459018230875e+43	2.450366454887026e+43
835175.4858923081	6.4337413707740245e+43	3.9105663529054493e+43	4.473662862370559e+43	4.3132510544872554e+43	3.8492668252123945e+43	2.9914578330207717e+43	1.295679556371748e+43	7.637428385096209e+42	3.44695665215269e+42	4.422896785075729e+43	3.675088937016913e+43	2.9914578330207717e+43	2.403204785520767e+43
852980.0766037634	6.0888347630215615e+43	3.612107149099144e+43	4.2100681699512947e+43	4.125668614772473e+43	3.7143997754192953e+43	2.9149718140195284e+43	1.2806319096521088e+43	7.583439810977665e+42	3.4377797539039036e+42	4.2149564855453474e+43	3.5546689105772175e+43	2.9149718140195284e+43	2.3540499315217233e+43
871163.3202418535	5.756722541913965e+43	3.32470954104052e+43	3.950805572014443e+43	3.9375331505190867e+43	3.5775807166897135e+43	2.8362552799774783e+43	1.2646191111575016e+43	7.524435152002998e+42	3.4267692401985214e+42	4.0073531261337113e+43	3.4321093875338785e+43	2.8362552799774783e+43	2.302988170067461e+43
889733.2910285738	5.437503997176346e+43	3.0491388498692613e+43	3.696736209183103e+43	3.749447203430145e+43	3.43920173082636e+43	2.755486592398577e+43	1.2476557132091826e+43	7.460427726040838e+42	3.413912436815405e+42	3.800769091714024e+43	3.3077465677844116e+43	2.755486592398577e+43	2.250113610518845e+43
908698.2371557188	5.131208355107107e+43	2.78604674665882e+43	3.4486750720697596e+43	3.5620128677650804e+43	3.2996648006079847e+43	2.672854333718587e+43	1.2297588766051655e+43	7.39144106790674e+42	3.3991993301334174e+42	3.595878697653042e+43	3.1819275428208364e+43	2.672854333718587e+43	2.1955279270899201e+43
928066.5845860741	4.837800448311231e+43	2.5359668270948617e+43	3.20738375230735e+43	3.375827287606371e+43	3.159379385878305e+43	2.588556547053935e+43	1.210948353060821e+43	7.317508884575577e+42	3.382622516913242e+42	3.3933428218648682e+43	3.0550083585993494e+43	2.588556547053935e+43	2.139340068330684e+43
947846.9409378583	4.557186543760985e+43	2.2993119546726765e+43	2.973563819461632e+43	3.191478137705935e+43	3.0187599022538327e+43	2.5027999178805123e+43	1.1912464690117479e+43	7.2386750381587e+42	3.364177167465428e+42	3.193803608342449e+43	2.9273519829046657e+43	2.5027999178805123e+43	2.081665940307724e+43
968048.0994541681	4.2892202172288645e+43	2.076373396509647e+43	2.7478509160612058e+43	3.0095391264448e+43	2.8782231123664943e+43	2.4157988947613983e+43	1.1706781098771976e+43	7.154993554377361e+42	3.3438610019494177e+42	2.997879295581318e+43	2.7993261821695765e+43	2.4157988947613983e+43	2.0226280602673715e+43
988679.0430592061	4.033708178354239e+43	1.8673217427213063e+43	2.530809656815438e+43	2.83056556305989e+43	2.73818544215435e+43	2.3277747467963157e+43	1.1492707037735337e+43	7.066528653793168e+42	3.321674279422023e+42	2.8061592263383375e+43	2.671301314768065e+43	2.3277747467963157e+43	1.9623551775704672e+43
1009748.9485031196	3.7904159662196487e+43	1.6722095661568673e+43	2.3229294096710764e+43	2.6550900345831895e+43	2.599060237503985e+43	2.238954556198779e+43	1.127054203570652e+43	6.973354802627758e+42	3.2976197991443e+42	2.6191990974696446e+43	2.543648050089125e+43	2.238954556198779e+43	1.9009818587840313e+43
1031267.1905973081	3.5590734500021843e+43	1.4909757450025848e+43	2.1246210256229195e+43	2.483618240714682e+43	2.4612549794498443e+43	2.1495701453065817e+43	1.1040610660959205e+43	6.875556779589081e+42	3.2717029135515916e+42	2.437516509951636e+43	2.4167350251603657e+43	2.1495701453065817e+43	1.8386480339984483e+43
1053243.346542095	3.3393800829264923e+43	1.323451337369892e+43	1.9362145712557919e+43	2.3166250370090965e+43	2.3251684791315113e+43	2.0598569384380373e+43	1.0803262272264616e+43	6.773229754804869e+42	3.2439315522257265e+42	2.261586879492024e+43	2.290926453230326e+43	2.0598569384380373e+43	1.775498501747172e+43
1075687.2003487083	3.131009870066706e+43	1.1693668654052574e+43	1.7579581028667688e+43	2.1545507380138865e+43	2.1911880766142176e+43	1.9700527602416402e+43	1.055887071546887e+43	6.666479376606206e+42	3.214316256124447e+42	2.091839767097141e+43	2.1665797013814225e+43	1.9700527602416402e+43	1.711682390289163e+43
1098608.747357544	2.9336160216068504e+43	1.0283608378086703e+43	1.5900175040341986e+43	1.9977977322888685e+43	2.059686870475449e+43	1.8803965735985338e+43	1.030783395208541e+43	6.555421861622033e+42	3.182870221267766e+42	1.928655686535993e+43	2.0440428569375678e+43	1.8803965735985338e+43	1.647352573520511e+43
1122018.1988547372	2.7468352728344905e+43	8.999893148525387e+42	1.4324773899160274e+43	1.8467274603447486e+43	1.9310210075764894e+43	1.791127161656072e+43	1.0050573605891347e+43	6.440184083328515e+42	3.1496093510077245e+42	1.7723634416451744e+43	1.9236523050042838e+43	1.791127161656072e+43	1.5826650403716434e+43
1145925.9867891064	2.5702918605851934e+43	7.837363000336149e+42	1.2853430618994794e+43	1.7016578044416348e+43	1.8055270646529922e+43	1.702481760244478e+43	9.787534413469464e+42	6.320903653995568e+42	3.114552315977691e+42	1.6232380408956866e+43	1.805730341933471e+43	1.702481760244478e+43	1.5177782172746368e+43
1170342.768591579	2.403601152898253e+43	6.790247280232799e+42	1.1485434758489614e+43	1.5628609356473752e+43	1.683519555017215e+43	1.6146946486184416e+43	9.5191835644961e+42	6.197728994647151e+42	3.077720620730319e+42	1.481499229428282e+43	1.6905828516083064e+43	1.6146946486184416e+43	1.4528522440618327e+43
1195279.4320992564	2.2463729346423415e+43	5.852278103363933e+42	1.0219351668708196e+43	1.4305616587120176e+43	1.5652885948262685e+43	1.527995708268718e+43	9.246009917865955e+42	6.070819387483784e+42	3.039138676043335e+42	1.3473106701026072e+43	1.5784970732614583e+43	1.527995708268718e+43	1.3880482045804837e+43
1220747.1005863207	2.0982143566867224e+43	5.016804983793311e+42	9.053070537137029e+42	1.3049362890153822e+43	1.4510977637894014e+43	1.4426089613170322e+43	8.968523080065653e+42	5.940345004974907e+42	2.998833875803295e+42	1.2207797949583308e+43	1.469739490838801e+43	1.4426089613170322e+43	1.3235273142855936e+43
1246757.137904034	1.958732560063505e+43	4.2769082846416913e+42	7.983860273934068e+42	1.1861120882334958e+43	1.3411821948503132e+43	1.3587511017578954e+43	8.68725233281979e+42	5.806486909650923e+42	2.9568366773230054e+42	1.1019583371287666e+43	1.3645538746839102e+43	1.3587511017578954e+43	1.2594500681428893e+43
1273321.1537321317	1.8275369895506424e+43	3.625509248402491e+42	7.00843211992929e+42	1.0741672765253902e+43	1.2357469261819124e+43	1.2766300344721924e+43	8.402745397882607e+42	5.669437018472998e+42	2.913180683890523e+42	9.908435408971778e+42	1.2631595064316182e+43	1.2766300344721924e+43	1.1959753533060025e+43
1300451.0089439624	1.7042414133032846e+43	3.055474544090655e+42	6.123007714582437e+42	9.691316291264456e+42	1.13496554670804e+43	1.196443438449753e+43	8.11556702793332e+42	5.529398025524228e+42	2.867902728280574e+42	8.873800345480187e+42	1.1657496173798205e+43	1.196443438449753e+43	1.1332595322043811e+43
1328158.8210877753	1.5884656667015585e+43	2.5597134992461532e+42	5.323391251572061e+42	8.709876544875701e+42	1.0389791633046698e+43	1.118377371977778e+43	7.826297413939256e+42	5.386583276691986e+42	2.8210429558972554e+42	7.914623373184884e+42	1.0724900692130222e+43	1.118377371977778e+43	1.071455502881457e+43
1356456.9699866162	1.479837139535785e+43	2.1312664626348296e+42	4.605044274387035e+42	7.796723397749493e+42	9.478957138111266e+42	1.0426049386031195e+43	7.5355304010319e+42	5.2412165899682604e+42	2.772644906144834e+42	7.029379584834819e+42	9.835183037191082e+42	1.0426049386031195e+43	1.0107117446174621e+43
1385358.1034593412	1.3779920261360452e+43	1.763383057318046e+42	3.963161627796217e+42	6.950794379805337e+42	8.617896450519002e+42	9.69285033416501e+42	7.243871506993877e+42	5.093532015037358e+42	2.7227555905601133e+42	6.216110338574327e+42	8.989425850751515e+42	9.69285033416501e+42	9.511713580429765e+42
1414875.1431653153	1.2825763581166968e+43	1.449589421524612e+42	3.3927470852007824e+42	6.170622594146417e+42	7.80701969273289e+42	8.985611895545787e+42	6.951935739786276e+42	4.943773525897408e+42	2.6714255661601222e+42	5.4724643318331666e+42	8.188415543635223e+42	8.985611895545787e+42	8.929711100448049e+42
1445021.2905754216	1.19324683916721e+43	1.1837438837750204e+42	2.888687217298148e+42	5.454369193619326e+42	7.046407058726564e+42	8.305605447458168e+42	6.660345213292972e+42	4.7921946404600555e+42	2.6187090023952404e+42	4.795742614590756e+42	7.432641112877225e+42	8.305605447458168e+42	8.362404947718447e+42
1475810.0330720646	1.109671500796161e+43	9.600808658235762e+41	2.4458221527952454e+42	4.799859835292364e+42	6.335817081509507e+42	7.653929471620273e+42	6.369726563468822e+42	4.6390579613127233e+42	2.564663740012061e+42	4.182946685948437e+42	6.722296326294141e+42	7.653929471620273e+42	7.811008228998187e+42
1507255.1501809093	1.0315301972388093e+43	7.732431396953892e+41	2.0590120045198185e+42	4.2046244400322554e+42	5.674698672665982e+42	7.031502187798403e+42	6.080708170527513e+42	4.484634632233141e+42	2.5093513400722156e+42	3.6308287528306036e+42	6.057285309690307e+42	7.031502187798403e+42	7.276643520011036e+42
1539370.7199371622	9.58514956870649e+42	6.1830287167734314e+41	1.7231978896220308e+42	3.66593951080212e+42	5.062206777854137e+42	6.439055928511444e+42	5.793917196501492e+42	4.329203705524513e+42	2.4528371212981372e+42	3.1359431885134085e+42	5.437231506878137e+42	6.439055928511444e+42	6.760334713207553e+42
1572171.1253892593	8.903302065013894e+42	4.9077215658308236e+41	1.4334566550358488e+42	3.1808722084665353e+42	4.497221414588117e+42	5.877133399412845e+42	5.5099764515149965e+42	4.173051415862839e+42	2.3951901838527608e+42	2.694698213696652e+42	4.8614899146759543e+42	5.877133399412845e+42	6.262999544597484e+42
1605671.0612428912	8.266928838838588e+42	3.8660397188975646e+41	1.1850486221193476e+42	2.7463253501232543e+42	3.978369783656748e+42	5.3460859432593387e+42	5.229501106350895e+42	4.016470357102502e+42	2.3364834175973075e+42	2.30340683496257e+42	4.3291624259540945e+42	5.3460859432593387e+42	5.785442933712955e+42
1639885.5406483673	7.67332452710467e+42	3.0218465774710652e+41	9.734578798276029e+41	2.3590824840223425e+42	3.504051075887906e+42	4.846073893881775e+42	4.95309527340065e+42	3.859758559447842e+42	2.276793492844114e+42	1.9583361147329518e+42	3.839116045879473e+42	4.846073893881775e+42	5.3283512666931194e+42
1674829.9021343722	7.119908332511689e+42	2.343191521613935e+41	7.94424875692358e+41	2.015852207510305e+42	3.0724635338077474e+42	4.3770690703926733e+42	4.681348482508238e+42	3.7032184653935474e+42	2.2162008315465362e+42	1.6557539118702698e+42	3.390003681626286e+42	4.3770690703926733e+42	4.892287744673033e+42
1710519.8166912557	6.604222607318895e+42	1.802102803602889e+41	6.439712704435488e+41	1.713310930522001e+42	2.6816332760443007e+42	3.9388594224338406e+42	4.4148320829165324e+42	3.547155804162287e+42	2.154789556885271e+42	1.3919723211010602e+42	2.980287146879456e+42	3.9388594224338406e+42	4.477688908634835e+42
1746971.295007053	6.123930824751593e+42	1.3743341521115636e+41	5.184172272863095e+41	1.4481433453786993e+42	2.329444352541868e+42	3.531055794836687e+42	4.154095606935843e+42	3.3918783657372247e+42	2.092647419188777e+42	1.1633871488452322e+42	2.608261970982964e+42	3.531055794836687e+42	4.084862436945107e+42
1784200.6948595066	5.676815037944616e+42	1.0390779575682103e+41	4.1439149377425474e+41	1.2170799423648903e+42	2.0136694728611727e+42	3.153100736162677e+42	3.899663135194858e+42	3.237694677144902e+42	2.0298656961359246e+42	9.665128890493878e+41	2.2720835609591266e+42	3.153100736162677e+42	3.7139862934218116e+42
1822224.728667438	5.2607729166257824e+42	7.786571939123313e+40	3.2883479687651357e+41	1.0169310069056136e+42	1.732000839256107e+42	2.804279231508268e+42	3.652029707307469e+42	3.0849125854152626e+42	1.9665390652525734e+42	7.980128005155319e+41	1.969794234561017e+42	2.804279231508268e+42	3.365109282209836e+42
1861060.4712048918	4.873814442355352e+42	5.782071727564118e+40	2.5899720547992223e+41	8.446166444741104e+41	1.4820805213303542e+42	2.4837311968602176e+42	3.4116578251757873e+42	2.9338377535010116e+42	1.9027654467791855e+42	6.547238317238348e+41	1.699350625167004e+42	2.4837311968602176e+42	3.038153041141911e+42
1900725.3674815397	4.5140583343934996e+42	4.2535690594750407e+40	2.024302160609358e+41	6.971924996282664e+41	1.2615298301022843e+42	2.190465531803549e+42	3.1789740989322564e+42	2.7847720774471833e+42	1.8386458150995438e+42	5.336762850069975e+41	1.458650955737618e+42	2.190465531803549e+42	2.7329154783237285e+42
1941237.2407929292	4.1797282701124354e+42	3.0991835833804056e+40	1.5697438498163624e+41	5.718709612704296e+41	1.0679771856167152e+42	1.923375490894174e+42	2.9543660875135515e+42	2.6380120352164544e+42	1.774283977077283e+42	4.321082537954686e+41	1.2455616895456089e+42	1.923375490894174e+42	2.4490756280047034e+42
1982614.3009442238	3.869148956227627e+42	2.235902897232465e+40	1.2074336480147622e+41	4.660377726772995e+41	8.990840226060027e+41	1.6812551028274116e+42	2.7381793868495132e+42	2.493846979721107e+42	1.7097863158296716e+42	3.4747499949584e+41	1.0579430897423895e+42	1.6812551028274116e+42	2.1861998720909912e+42
2024875.152651169	3.580742100234194e+42	1.5968179321592311e+40	9.210520368217883e+40	3.7726408752451975e+41	7.525683414383827e+41	1.4628163420408935e+42	2.5307150186488653e+42	2.352557390854471e+42	1.6452614987373922e+42	2.774535539725713e+41	8.936732574069304e+41	1.4628163420408935e+42	1.9437494439583607e+42
2068038.8041221083	3.313022324902348e+42	1.1285910695370782e+40	6.966173921897368e+40	3.0331412762478155e+41	6.262255842504735e+41	1.266706740385779e+42	2.3322271714105268e+42	2.2144131034298186e+42	1.5808201487574976e+42	2.199429357756294e+41	7.506702670784432e+41	1.266706740385779e+42	1.721089102206235e+42
2112124.67582494	3.064593062998597e+42	7.891786494172075e+39	5.222686486443611e+40	2.4214870069768513e+41	5.179465962395958e+41	1.0915271180556809e+42	2.142921342800725e+42	2.0796715301008607e+42	1.516574478503388e+42	1.7306045046946917e+41	6.269120783455678e+41	1.0915271180556809e+42	1.517496834968347e+42
2157152.6094430173	2.834142463857331e+42	5.458170466503366e+39	3.880437326939644e+40	1.91924923883959e+41	4.25732516375878e+41	9.358491131786491e+41	1.9629529284157824e+42	1.9485759001608785e+42	1.4526378869008975e+42	1.3513460575600871e+41	5.204539693969193e+41	9.358491131786491e+41	1.332174430887698e+42
2203142.8770240545	2.620439338997152e+42	3.732709295779932e+39	2.8565991702488283e+40	1.5099256869990134e+41	3.4770652747531385e+41	7.98232199012629e+41	1.7924262968186558e+42	1.8213535370347894e+42	1.3891245188090346e+42	1.0469520993002815e+41	4.294433113837522e+41	7.98232199012629e+41	1.1642587324162077e+42
2250116.1903262185	2.422329169268831e+42	2.5233381916970382e+39	2.0830125645933321e+40	1.1788749397195776e+41	2.8212247913152835e+41	6.772398956221592e+41	1.6313943837203068e+42	1.698214198509215e+42	1.3261487884070748e+42	8.04612376800436e+40	3.5213157782943416e+41	6.772398956221592e+41	1.0128333706839392e+42
2298093.7103656554	2.2387301925128373e+42	1.6856464982631847e+39	1.5041723127414644e+40	9.132266464849529e+40	2.273704759174196e+41	5.714549094402694e+41	1.4798588303416464e+42	1.5793485050087597e+42	1.263824867845989e+42	6.132704179804048e+40	2.8688355887544727e+41	5.714549094402694e+41	8.769407704164078e+41
2347097.05716981	2.0686295871115895e+42	1.1123959801825898e+39	1.0753569236999165e+40	7.017726637390097e+40	1.8197959451334544e+41	4.7949296769136826e+41	1.3377706816339534e+42	1.4649264817870046e+42	1.2022661432622867e+42	4.634746495346568e+40	2.3218382274626263e+41	4.7949296769136826e+41	7.555942079949572e+41
2397148.319740989	1.9110797637753337e+42	7.249580688766291e+38	7.609221950117371e+39	5.348441958993726e+40	1.4461795495093783e+41	4.000151544008191e+41	1.2050316497733446e+42	1.3550962410304343e+42	1.1415846409409144e+42	3.4722365204746863e+40	1.8664053415519157e+41	4.000151544008191e+41	6.477897064775757e+41
2448270.066234708	1.765194775348325e+42	4.6642546962134e+38	5.327710350624424e+39	4.0417974553298657e+40	1.1409042120680197e+41	3.3173859913321552e+41	1.0814959374033737e+42	1.2499828295220092e+42	1.0818904272012408e+42	2.578101563599864e+40	1.4898679920043408e+41	3.3173859913321552e+41	5.5251755825603514e+41
2500485.3543574787	1.6301468519341977e+42	2.9615533060827557e+38	3.6900372448766906e+39	3.0278832460464994e+40	8.93342437202232e+40	2.734454168993111e+41	9.669726034880018e+41	1.1496872663770377e+42	1.0232909862962487e+42	1.8966775970030402e+40	1.1807975672711765e+41	2.734454168993111e+41	4.687732786548044e+41
2553817.7419887795	1.505163066718935e+42	1.8551272238928424e+38	2.527461685609379e+39	2.2481190768723394e+40	6.941298059166381e+40	2.239898462982715e+41	8.61228443041824e+41	1.0542857937348645e+42	9.658905814533149e+41	1.3822365891562948e+40	9.28976759385657e+40	2.239898462982715e+41	3.955678120442873e+41
2608291.2980320617	1.3895221359607271e+42	1.14601631133965e+38	1.7114838723728942e+39	1.6539055865070042e+40	5.350904522847293e+40	1.8230358096523427e+41	7.639913404242623e+41	9.638293608162078e+41	9.097896049147106e+41	9.97599959904493e+39	7.253534832499543e+40	1.8230358096523427e+41	3.3193683505824756e+41
2663930.6134997625	1.2825513552280036e+42	6.979344575634904e+37	1.1454152512976299e+39	1.2053306649613743e+40	4.091522675475196e+40	1.4739933523370574e+41	6.7495404505522555e+41	8.783433587813782e+41	8.550839236675617e+41	7.128572014174419e+39	5.619807857163694e+40	1.4739933523370574e+41	2.7694902868632984e+41
2720760.8128373837	1.1836236725527307e+42	4.188779187387508e+37	7.57389686713766e+38	8.699531372350651e+39	3.102551667966125e+40	1.183727268765734e+41	5.937783083573454e+41	7.978276200350126e+41	8.01864228235926e+41	5.042021851534872e+39	4.319458420228219e+40	1.183727268765734e+41	2.2971322113045215e+41
2778807.565491817	1.0921548980935065e+42	2.476573435094645e+37	4.946560785792687e+38	6.216799971910492e+39	2.3325552740217223e+40	9.440259662477097e+40	5.200993120845324e+41	7.222566913222084e+41	7.502153925883494e+41	3.5289376088896156e+39	3.2929108129473774e+40	9.440259662477097e+40	1.8938433542962718e+41
2838097.0977292233	1.0076010489104419e+42	1.441947355913693e+37	3.18987132378187e+38	4.39747756734977e+39	1.7382960350909702e+40	7.474991473444522e+40	4.535303111353084e+41	6.515803850688482e+41	7.002158537566976e+41	2.443421078899633e+39	2.4893033164825855e+40	7.474991473444522e+40	1.5516810869138717e+41
2898656.2047078544	9.294558268231462e+41	8.264758863148387e+36	2.0304132686385787e+38	3.078133545530004e+39	1.2837835787528576e+40	5.8755448474961155e+40	3.936674089445525e+41	5.8572460824410855e+41	6.519370203001168e+41	1.6731802001738114e+39	1.8656264428787733e+40	5.8755448474961155e+40	1.2632458222195581e+41
2960512.26281137	8.572482264643877e+41	4.661771504820509e+36	1.2752358273615826e+38	2.13155622100659e+39	9.393575205416411e+39	4.583638052382088e+40	3.4009438048059987e+41	5.245924623019667e+41	6.054427189424815e+41	1.1327893552839409e+39	1.3858616189495432e+40	4.583638052382088e+40	1.0217039260934096e+41
3023693.2422482795	7.905402702846042e+41	2.5869372360450012e+36	7.900289823138118e+37	1.4598461701068728e+39	6.808211962157145e+39	3.5482076933316563e+40	2.9238745735033693e+41	4.680656021527425e+41	5.607886889393651e+41	7.580304733117828e+38	1.0201405874263724e+40	3.5482076933316563e+40	8.207992205990037e+40
3088227.719923291	7.289248668032529e+41	1.412008642121139e+36	4.826063427190281e+37	9.885323686831796e+38	4.8863833655633236e+39	2.724920472639447e+40	2.5011999123452947e+41	4.160058363904189e+41	5.180221336546087e+41	5.012119359007961e+38	7.439421666491424e+39	2.724920472639447e+40	6.548539093592964e+40
3154144.8925864715	6.7202378803614105e+41	7.579746699234835e+35	2.905978887236962e+37	6.616340734568493e+38	3.472008592144864e+39	2.0756393890034144e+40	2.1286691595160273e+41	3.682569454798288e+41	4.771813385267238e+41	3.273534276668683e+38	5.373393039828231e+39	2.0756393890034144e+40	5.187599585239338e+40
3221474.5902662347	6.194857618634141e+41	4.001876293243826e+35	1.7242355079226682e+37	4.375774773340108e+38	2.4417234878596868e+39	1.5678627379023056e+40	1.802089348141319e+41	3.246466895559549e+41	4.382953641470349e+41	2.1112239366310634e+38	3.84305741210684e+39	1.5678627379023056e+40	4.079621237690022e+40
3290247.289992324	5.709846748633003e+41	2.0788040259528333e+35	1.0077846885366946e+37	2.8586874851733897e+38	1.6990862877105653e+39	1.17415267019875e+40	1.5173636825127257e+41	2.8498897290910875e+41	4.013838223799986e+41	1.3441042796552852e+38	2.7208821947069192e+39	1.17415267019875e+40	3.184339201437139e+40
3360494.129815085	5.262178810827819e+41	1.0632902980302993e+35	5.800710566444753e+36	1.8442315385014883e+38	1.1695416452715992e+39	8.715680898285209e+39	1.2705260676574557e+41	2.49086128475556e+41	3.664567424939881e+41	8.444445915126581e+37	1.906470971371997e+39	8.715680898285209e+39	2.4664788757850486e+40
3432246.9231274542	4.8490461212746234e+41	5.363406234674123e+34	3.2872604620181593e+36	1.1745248756510359e+38	7.961090589532789e+38	6.411144408247641e+39	1.0577712570804638e+41	2.1673128273458297e+41	3.335145330099492e+41	5.233681783348009e+37	1.3216561371570278e+39	6.411144408247641e+39	1.8954151193378473e+40
3505538.17329624	4.467844839348864e+41	2.675052778803277e+34	1.8338338814547322e+36	7.381888286592482e+37	5.357458212800804e+38	4.672205693310609e+39	8.75480307244945e+40	1.8771075953115513e+41	3.0254804349917656e+41	3.1989088184690974e+37	9.062585312019341e+38	4.672205693310609e+39	1.4448012363786555e+40
3580401.0886094123	4.116160956813728e+41	1.3250018607569643e+34	1.0070501351204176e+36	4.577123365711927e+37	3.563237306355962e+38	3.372504600157301e+39	7.202411562179555e+40	1.6180648060484908e+41	2.7353872892267843e+41	1.9276140753545509e+37	6.144775714677165e+38	3.372504600157301e+39	1.0921801873370634e+40
3656869.597546248	3.791757162058701e+41	6.561797262763013e+33	5.444951656890626e+35	2.7989961116260073e+37	2.3415250842553664e+38	2.410553380319231e+39	5.888642724204003e+40	1.3879832091977051e+41	2.464589171647169e+41	1.1448182040364302e+37	4.118630431170764e+38	2.410553380319231e+39	8.185893714558293e+39
3734978.3643773687	3.492560535677598e+41	3.2808163011226e+33	2.900185175885324e+35	1.6875932081376184e+37	1.5198053225538678e+38	1.7056948343842013e+39	4.783934445523679e+40	1.1846637852274388e+41	2.2127217852471723e+41	6.699489974540397e+36	2.728116916069744e+38	1.7056948343842013e+39	6.081689825096666e+39
3814762.8051018077	3.216651033147813e+41	1.6772444195027169e+33	1.5234232918721892e+35	1.0029337468046142e+37	9.740440658164737e+37	1.1945118838076156e+39	3.8611189935830313e+40	1.005931212480495e+41	1.9793379375837844e+41	3.8623612945750293e+36	1.785276354581911e+38	1.1945118838076156e+39	4.477824200016421e+39
3896259.1037284406	2.9622507125179222e+41	8.890841550436314e+32	7.907205000138396e+34	5.873798652310574e+36	6.162230676748252e+37	8.276864571633521e+38	3.0954403789157343e+40	8.49653763489442e+40	1.763913152213279e+41	2.1934625881810285e+36	1.1538475366898371e+38	8.276864571633521e+38	3.266556331201517e+39
