#t	Le	U	B	V	R	I	J	H	K	g	r	i	z
#----------------------------------------------- 
3.222521072820162	0.0	0.0	0.0	0.0	0.0	0.0	0.0	0.0	0.0	0.0	0.0	0.0	0.0
3.3005567433795195	0.0	0.0	0.0	0.0	0.0	0.0	0.0	0.0	0.0	0.0	0.0	0.0	0.0
3.4564695509548904	0.0	0.0	0.0	0.0	0.0	0.0	0.0	0.0	0.0	0.0	0.0	0.0	0.0
3.6405205843013113	0.0	0.0	0.0	0.0	0.0	0.0	0.0	0.0	0.0	0.0	0.0	0.0	0.0
3.8420961039403654	0.0	0.0	0.0	0.0	0.0	0.0	0.0	0.0	0.0	0.0	0.0	0.0	0.0
4.059722059504566	0.0	0.0	0.0	0.0	0.0	0.0	0.0	0.0	0.0	0.0	0.0	0.0	0.0
4.293673917083313	0.0	0.0	0.0	0.0	0.0	0.0	0.0	0.0	0.0	0.0	0.0	0.0	0.0
4.544743099683431	0.0	0.0	0.0	0.0	0.0	0.0	0.0	0.0	0.0	0.0	0.0	0.0	0.0
4.813941543613977	0.0	0.0	0.0	0.0	0.0	0.0	0.0	0.0	0.0	0.0	0.0	0.0	0.0
5.102408497902316	0.0	0.0	0.0	0.0	0.0	0.0	0.0	0.0	0.0	0.0	0.0	0.0	0.0
5.411374816709541	0.0	0.0	0.0	0.0	0.0	0.0	0.0	0.0	0.0	0.0	0.0	0.0	0.0
5.742146944022924	0.0	0.0	0.0	0.0	0.0	0.0	0.0	0.0	0.0	0.0	0.0	0.0	0.0
6.09609851671949	0.0	0.0	0.0	0.0	0.0	0.0	0.0	0.0	0.0	0.0	0.0	0.0	0.0
6.474665112968382	0.0	0.0	0.0	0.0	0.0	0.0	0.0	0.0	0.0	0.0	0.0	0.0	0.0
6.879340291091237	0.0	0.0	0.0	0.0	0.0	0.0	0.0	0.0	0.0	0.0	0.0	0.0	0.0
7.311672081574395	0.0	0.0	0.0	0.0	0.0	0.0	0.0	0.0	0.0	0.0	0.0	0.0	0.0
7.773259533371896	0.0	0.0	0.0	0.0	0.0	0.0	0.0	0.0	0.0	0.0	0.0	0.0	0.0
8.265749123411105	0.0	0.0	0.0	0.0	0.0	0.0	0.0	0.0	0.0	0.0	0.0	0.0	0.0
8.790830946923466	0.0	0.0	0.0	0.0	0.0	0.0	0.0	0.0	0.0	0.0	0.0	0.0	0.0
9.350234669428445	0.0	0.0	0.0	0.0	0.0	0.0	0.0	0.0	0.0	0.0	0.0	0.0	0.0
9.94572526145042	0.0	0.0	0.0	0.0	0.0	0.0	0.0	0.0	0.0	0.0	0.0	0.0	0.0
10.579098565143454	0.0	0.0	0.0	0.0	0.0	0.0	0.0	0.0	0.0	0.0	0.0	0.0	0.0
11.252176761633628	0.0	0.0	0.0	0.0	0.0	0.0	0.0	0.0	0.0	0.0	0.0	0.0	0.0
11.966803821568469	0.0	0.0	0.0	0.0	0.0	0.0	0.0	0.0	0.0	0.0	0.0	0.0	0.0
12.724841029462892	0.0	0.0	0.0	0.0	0.0	0.0	0.0	0.0	0.0	0.0	0.0	0.0	0.0
13.528162675432483	0.0	0.0	0.0	0.0	0.0	0.0	0.0	0.0	0.0	0.0	0.0	0.0	0.0
14.378652006039243	0.0	0.0	0.0	0.0	0.0	0.0	0.0	0.0	0.0	0.0	0.0	0.0	0.0
15.278197519669048	0.0	0.0	0.0	0.0	0.0	0.0	0.0	0.0	0.0	0.0	0.0	0.0	0.0
16.228689681775293	0.0	0.0	0.0	0.0	0.0	0.0	0.0	0.0	0.0	0.0	0.0	0.0	0.0
17.232018121948336	0.0	0.0	0.0	0.0	0.0	0.0	0.0	0.0	0.0	0.0	0.0	0.0	0.0
18.29006935960695	0.0	0.0	0.0	0.0	0.0	0.0	0.0	0.0	0.0	0.0	0.0	0.0	0.0
19.404725088411187	0.0	0.0	0.0	0.0	0.0	0.0	0.0	0.0	0.0	0.0	0.0	0.0	0.0
20.57786103290809	0.0	0.0	0.0	0.0	0.0	0.0	0.0	0.0	0.0	0.0	0.0	0.0	0.0
21.811346375032258	0.0	0.0	0.0	0.0	0.0	0.0	0.0	0.0	0.0	0.0	0.0	0.0	0.0
23.10704373344182	0.0	0.0	0.0	0.0	0.0	0.0	0.0	0.0	0.0	0.0	0.0	0.0	0.0
24.466809666489745	0.0	0.0	0.0	0.0	0.0	0.0	0.0	0.0	0.0	0.0	0.0	0.0	0.0
25.892495659547425	0.0	0.0	0.0	0.0	0.0	0.0	0.0	0.0	0.0	0.0	0.0	0.0	0.0
27.385949550069494	0.0	0.0	0.0	0.0	0.0	0.0	0.0	0.0	0.0	0.0	0.0	0.0	0.0
28.949017339183634	0.0	0.0	0.0	0.0	0.0	0.0	0.0	0.0	0.0	0.0	0.0	0.0	0.0
30.583545336058997	0.0	0.0	0.0	0.0	0.0	0.0	0.0	0.0	0.0	0.0	0.0	0.0	0.0
32.29138258141055	0.0	0.0	0.0	0.0	0.0	0.0	0.0	0.0	0.0	0.0	0.0	0.0	0.0
34.07438349813145	0.0	0.0	0.0	0.0	0.0	0.0	0.0	0.0	0.0	0.0	0.0	0.0	0.0
35.93441072012932	0.0	0.0	0.0	0.0	0.0	0.0	0.0	0.0	0.0	0.0	0.0	0.0	0.0
37.87333805488582	0.0	0.0	0.0	0.0	0.0	0.0	0.0	0.0	0.0	0.0	0.0	0.0	0.0
39.89305354001279	0.0	0.0	0.0	0.0	0.0	0.0	0.0	0.0	0.0	0.0	0.0	0.0	0.0
41.99546255945254	0.0	0.0	0.0	0.0	0.0	0.0	0.0	0.0	0.0	0.0	0.0	0.0	0.0
44.18249099056468	0.0	0.0	0.0	0.0	0.0	0.0	0.0	0.0	0.0	0.0	0.0	0.0	0.0
46.456088358474894	0.0	0.0	0.0	0.0	0.0	0.0	0.0	0.0	0.0	0.0	0.0	0.0	0.0
48.818230979274695	0.0	0.0	0.0	0.0	0.0	0.0	0.0	0.0	0.0	0.0	0.0	0.0	0.0
51.27092507831207	0.0	0.0	0.0	0.0	0.0	0.0	0.0	0.0	0.0	0.0	0.0	0.0	0.0
53.816209873998986	0.0	0.0	0.0	0.0	0.0	0.0	0.0	0.0	0.0	0.0	0.0	0.0	0.0
56.45616062134494	0.0	0.0	0.0	0.0	0.0	0.0	0.0	0.0	0.0	0.0	0.0	0.0	0.0
59.192891612610566	0.0	0.0	0.0	0.0	0.0	0.0	0.0	0.0	0.0	0.0	0.0	0.0	0.0
62.02855913516237	0.0	0.0	0.0	0.0	0.0	0.0	0.0	0.0	0.0	0.0	0.0	0.0	0.0
64.965364388991	0.0	0.0	0.0	0.0	0.0	0.0	0.0	0.0	0.0	0.0	0.0	0.0	0.0
68.00555636813868	0.0	0.0	0.0	0.0	0.0	0.0	0.0	0.0	0.0	0.0	0.0	0.0	0.0
71.15143471172868	0.0	0.0	0.0	0.0	0.0	0.0	0.0	0.0	0.0	0.0	0.0	0.0	0.0
74.40535253153621	0.0	0.0	0.0	0.0	0.0	0.0	0.0	0.0	0.0	0.0	0.0	0.0	0.0
77.76971922380962	0.0	0.0	0.0	0.0	0.0	0.0	0.0	0.0	0.0	0.0	0.0	0.0	0.0
81.24700327386688	0.0	0.0	0.0	0.0	0.0	0.0	0.0	0.0	0.0	0.0	0.0	0.0	0.0
84.83973506220912	0.0	0.0	0.0	0.0	0.0	0.0	0.0	0.0	0.0	0.0	0.0	0.0	0.0
88.55050968149436	0.0	0.0	0.0	0.0	0.0	0.0	0.0	0.0	0.0	0.0	0.0	0.0	0.0
92.38198977364561	0.0	0.0	0.0	0.0	0.0	0.0	0.0	0.0	0.0	0.0	0.0	0.0	0.0
96.33690839663495	0.0	0.0	0.0	0.0	0.0	0.0	0.0	0.0	0.0	0.0	0.0	0.0	0.0
100.41807193055436	0.0	0.0	0.0	0.0	0.0	0.0	0.0	0.0	0.0	0.0	0.0	0.0	0.0
104.62836303244144	0.0	0.0	0.0	0.0	0.0	0.0	0.0	0.0	0.0	0.0	0.0	0.0	0.0
108.97074364944153	0.0	0.0	0.0	0.0	0.0	0.0	0.0	0.0	0.0	0.0	0.0	0.0	0.0
113.44825809985323	0.0	0.0	0.0	0.0	0.0	0.0	0.0	0.0	0.0	0.0	0.0	0.0	0.0
118.06403623153177	0.0	0.0	0.0	0.0	0.0	0.0	0.0	0.0	0.0	0.0	0.0	0.0	0.0
122.82129666720473	0.0	0.0	0.0	0.0	0.0	0.0	0.0	0.0	0.0	0.0	0.0	0.0	0.0
127.72335014614877	0.0	0.0	0.0	0.0	0.0	0.0	0.0	0.0	0.0	0.0	0.0	0.0	0.0
132.77360297186442	0.0	0.0	0.0	0.0	0.0	0.0	0.0	0.0	0.0	0.0	0.0	0.0	0.0
137.97556057535857	0.0	0.0	0.0	0.0	0.0	0.0	0.0	0.0	0.0	0.0	0.0	0.0	0.0
143.33283120383467	0.0	0.0	0.0	0.0	0.0	0.0	0.0	0.0	0.0	0.0	0.0	0.0	0.0
148.84912974467596	0.0	0.0	0.0	0.0	0.0	0.0	0.0	0.0	0.0	0.0	0.0	0.0	0.0
154.52828169483666	0.0	0.0	0.0	0.0	0.0	0.0	0.0	0.0	0.0	0.0	0.0	0.0	0.0
160.37422728607933	0.0	0.0	0.0	0.0	0.0	0.0	0.0	0.0	0.0	0.0	0.0	0.0	0.0
166.39102577655038	0.0	0.0	0.0	0.0	0.0	0.0	0.0	0.0	0.0	0.0	0.0	0.0	0.0
172.5828599198704	0.0	0.0	0.0	0.0	0.0	0.0	0.0	0.0	0.0	0.0	0.0	0.0	0.0
178.9540406229816	0.0	0.0	0.0	0.0	0.0	0.0	0.0	0.0	0.0	0.0	0.0	0.0	0.0
185.50901180459118	0.0	0.0	0.0	0.0	0.0	0.0	0.0	0.0	0.0	0.0	0.0	0.0	0.0
192.25235546654366	0.0	0.0	0.0	0.0	0.0	0.0	0.0	0.0	0.0	0.0	0.0	0.0	0.0
199.18879699098176	0.0	0.0	0.0	0.0	0.0	0.0	0.0	0.0	0.0	0.0	0.0	0.0	0.0
206.3232106766746	0.0	0.0	0.0	0.0	0.0	0.0	0.0	0.0	0.0	0.0	0.0	0.0	0.0
213.66062552877472	0.0	0.0	0.0	0.0	0.0	0.0	0.0	0.0	0.0	0.0	0.0	0.0	0.0
221.20623131677996	0.0	0.0	0.0	0.0	0.0	0.0	0.0	0.0	0.0	0.0	0.0	0.0	0.0
228.96538491632757	0.0	0.0	0.0	0.0	0.0	0.0	0.0	0.0	0.0	0.0	0.0	0.0	0.0
236.94361695147876	0.0	0.0	0.0	0.0	0.0	0.0	0.0	0.0	0.0	0.0	0.0	0.0	0.0
245.14663875480738	0.0	0.0	0.0	0.0	0.0	0.0	0.0	0.0	0.0	0.0	0.0	0.0	0.0
253.58034966391892	0.0	0.0	0.0	0.0	0.0	0.0	0.0	0.0	0.0	0.0	0.0	0.0	0.0
262.25084467393907	0.0	0.0	0.0	0.0	0.0	0.0	0.0	0.0	0.0	0.0	0.0	0.0	0.0
271.1644224669512	0.0	0.0	0.0	0.0	0.0	0.0	0.0	0.0	0.0	0.0	0.0	0.0	0.0
280.32759384010586	0.0	0.0	0.0	0.0	0.0	0.0	0.0	0.0	0.0	0.0	0.0	0.0	0.0
289.74709055629273	0.0	0.0	0.0	0.0	0.0	0.0	0.0	0.0	0.0	0.0	0.0	0.0	0.0
299.4298746420942	0.0	0.0	0.0	0.0	0.0	0.0	0.0	0.0	0.0	0.0	0.0	0.0	0.0
309.3831481596922	0.0	0.0	0.0	0.0	0.0	0.0	0.0	0.0	0.0	0.0	0.0	0.0	0.0
319.6143634811424	0.0	0.0	0.0	0.0	0.0	0.0	0.0	0.0	0.0	0.0	0.0	0.0	0.0
330.1312340952541	0.0	0.0	0.0	0.0	0.0	0.0	0.0	0.0	0.0	0.0	0.0	0.0	0.0
340.94174597937797	0.0	0.0	0.0	0.0	0.0	0.0	0.0	0.0	0.0	0.0	0.0	0.0	0.0
352.0541695707297	0.0	0.0	0.0	0.0	0.0	0.0	0.0	0.0	0.0	0.0	0.0	0.0	0.0
363.4770723740233	0.0	0.0	0.0	0.0	0.0	0.0	0.0	0.0	0.0	0.0	0.0	0.0	0.0
375.2259980463253	0.0	0.0	0.0	0.0	0.0	0.0	0.0	0.0	0.0	0.0	0.0	0.0	0.0
387.30983376670576	0.0	0.0	0.0	0.0	0.0	0.0	0.0	0.0	0.0	0.0	0.0	0.0	0.0
399.73782970372855	0.0	0.0	0.0	0.0	0.0	0.0	0.0	0.0	0.0	0.0	0.0	0.0	0.0
412.5196134374589	0.0	0.0	0.0	0.0	0.0	0.0	0.0	0.0	0.0	0.0	0.0	0.0	0.0
425.66520529224323	0.0	0.0	0.0	0.0	0.0	0.0	0.0	0.0	0.0	0.0	0.0	0.0	0.0
439.1850346471245	0.0	0.0	0.0	0.0	0.0	0.0	0.0	0.0	0.0	0.0	0.0	0.0	0.0
453.08995728684016	0.0	0.0	0.0	0.0	0.0	0.0	0.0	0.0	0.0	0.0	0.0	0.0	0.0
467.3912738587679	0.0	0.0	0.0	0.0	0.0	0.0	0.0	0.0	0.0	0.0	0.0	0.0	0.0
482.1007495067177	0.0	0.0	0.0	0.0	0.0	0.0	0.0	0.0	0.0	0.0	0.0	0.0	0.0
497.2306347556635	0.0	0.0	0.0	0.0	0.0	0.0	0.0	0.0	0.0	0.0	0.0	0.0	0.0
512.7936877280032	0.0	0.0	0.0	0.0	0.0	0.0	0.0	0.0	0.0	0.0	0.0	0.0	0.0
528.8031977769596	0.0	0.0	0.0	0.0	0.0	0.0	0.0	0.0	0.0	0.0	0.0	0.0	0.0
545.2730106292792	0.0	0.0	0.0	0.0	0.0	0.0	0.0	0.0	0.0	0.0	0.0	0.0	0.0
562.2175551374362	0.0	0.0	0.0	0.0	0.0	0.0	0.0	0.0	0.0	0.0	0.0	0.0	0.0
579.6518717489811	0.0	0.0	0.0	0.0	0.0	0.0	0.0	0.0	0.0	0.0	0.0	0.0	0.0
597.5916428092262	0.0	0.0	0.0	0.0	0.0	0.0	0.0	0.0	0.0	0.0	0.0	0.0	0.0
616.0532248236291	0.0	0.0	0.0	0.0	0.0	0.0	0.0	0.0	0.0	0.0	0.0	0.0	0.0
635.0536828168264	0.0	0.0	0.0	0.0	0.0	0.0	0.0	0.0	0.0	0.0	0.0	0.0	0.0
654.6108269358037	0.0	0.0	0.0	0.0	0.0	0.0	0.0	0.0	0.0	0.0	0.0	0.0	0.0
674.7432514590391	0.0	0.0	0.0	0.0	0.0	0.0	0.0	0.0	0.0	0.0	0.0	0.0	0.0
695.47037638603	0.0	0.0	0.0	0.0	0.0	0.0	0.0	0.0	0.0	0.0	0.0	0.0	0.0
716.8124917976254	0.0	0.0	0.0	0.0	0.0	0.0	0.0	0.0	0.0	0.0	0.0	0.0	0.0
738.790805193945	0.0	0.0	0.0	0.0	0.0	0.0	0.0	0.0	0.0	0.0	0.0	0.0	0.0
761.4274920348712	0.0	0.0	0.0	0.0	0.0	0.0	0.0	0.0	0.0	0.0	0.0	0.0	0.0
784.7457497292417	0.0	0.0	0.0	0.0	0.0	0.0	0.0	0.0	0.0	0.0	0.0	0.0	0.0
808.7698553401844	0.0	0.0	0.0	0.0	0.0	0.0	0.0	0.0	0.0	0.0	0.0	0.0	0.0
833.5252272987703	0.0	0.0	0.0	0.0	0.0	0.0	0.0	0.0	0.0	0.0	0.0	0.0	0.0
859.038491445231	0.0	0.0	0.0	0.0	0.0	0.0	0.0	0.0	0.0	0.0	0.0	0.0	0.0
885.3375517471615	0.0	0.0	0.0	0.0	0.0	0.0	0.0	0.0	0.0	0.0	0.0	0.0	0.0
912.4516660760473	0.0	0.0	0.0	0.0	0.0	0.0	0.0	0.0	0.0	0.0	0.0	0.0	0.0
940.41152746079	0.0	0.0	0.0	0.0	0.0	0.0	0.0	0.0	0.0	0.0	0.0	0.0	0.0
969.2493512767344	0.0	0.0	0.0	0.0	0.0	0.0	0.0	0.0	0.0	0.0	0.0	0.0	0.0
998.9989688736887	0.0	0.0	0.0	0.0	0.0	0.0	0.0	0.0	0.0	0.0	0.0	0.0	0.0
1029.6959281950406	0.0	0.0	0.0	0.0	0.0	0.0	0.0	0.0	0.0	0.0	0.0	0.0	0.0
1061.3776019971042	0.0	0.0	0.0	0.0	0.0	0.0	0.0	0.0	0.0	0.0	0.0	0.0	0.0
1094.0833043369282	0.0	0.0	0.0	0.0	0.0	0.0	0.0	0.0	0.0	0.0	0.0	0.0	0.0
1127.8544160665547	0.0	0.0	0.0	0.0	0.0	0.0	0.0	0.0	0.0	0.0	0.0	0.0	0.0
1162.7345201475398	0.0	0.0	0.0	0.0	0.0	0.0	0.0	0.0	0.0	0.0	0.0	0.0	0.0
1198.7695476837432	0.0	0.0	0.0	0.0	0.0	0.0	0.0	0.0	0.0	0.0	0.0	0.0	0.0
1236.0079356666101	0.0	0.0	0.0	0.0	0.0	0.0	0.0	0.0	0.0	0.0	0.0	0.0	0.0
1274.5007975346093	0.0	0.0	0.0	0.0	0.0	0.0	0.0	0.0	0.0	0.0	0.0	0.0	0.0
1314.3021077656417	0.0	0.0	0.0	0.0	0.0	0.0	0.0	0.0	0.0	0.0	0.0	0.0	0.0
1355.4689018569675	0.0	0.0	0.0	0.0	0.0	0.0	0.0	0.0	0.0	0.0	0.0	0.0	0.0
1398.061493200353	0.0	0.0	0.0	0.0	0.0	0.0	0.0	0.0	0.0	0.0	0.0	0.0	0.0
1442.1437085272214	0.0	0.0	0.0	0.0	0.0	0.0	0.0	0.0	0.0	0.0	0.0	0.0	0.0
1487.7831437914654	0.0	0.0	0.0	0.0	0.0	0.0	0.0	0.0	0.0	0.0	0.0	0.0	0.0
1535.051442575248	0.0	0.0	0.0	0.0	0.0	0.0	0.0	0.0	0.0	0.0	0.0	0.0	0.0
1584.024599352076	0.0	0.0	0.0	0.0	0.0	0.0	0.0	0.0	0.0	0.0	0.0	0.0	0.0
1634.7832902212876	0.0	0.0	0.0	0.0	0.0	0.0	0.0	0.0	0.0	0.0	0.0	0.0	0.0
1687.4132340380886	0.0	0.0	0.0	0.0	0.0	0.0	0.0	0.0	0.0	0.0	0.0	0.0	0.0
1742.0055872234982	0.0	0.0	0.0	0.0	0.0	0.0	0.0	0.0	0.0	0.0	0.0	0.0	0.0
1798.6573759688442	0.0	0.0	0.0	0.0	0.0	0.0	0.0	0.0	0.0	0.0	0.0	0.0	0.0
1857.4719700036746	0.0	0.0	0.0	0.0	0.0	0.0	0.0	0.0	0.0	0.0	0.0	0.0	0.0
1918.5596026391124	0.0	0.0	0.0	0.0	0.0	0.0	0.0	0.0	0.0	0.0	0.0	0.0	0.0
1982.0379424213131	0.0	0.0	0.0	0.0	0.0	0.0	0.0	0.0	0.0	0.0	0.0	0.0	0.0
2048.032722438521	0.0	0.0	0.0	0.0	0.0	0.0	0.0	0.0	0.0	0.0	0.0	0.0	0.0
2116.6784341481643	0.0	0.0	0.0	0.0	0.0	0.0	0.0	0.0	0.0	0.0	0.0	0.0	0.0
2188.1190935292207	0.0	0.0	0.0	0.0	0.0	0.0	0.0	0.0	0.0	0.0	0.0	0.0	0.0
2262.509088432482	0.0	0.0	0.0	0.0	0.0	0.0	0.0	0.0	0.0	0.0	0.0	0.0	0.0
2340.0141173063403	0.0	0.0	0.0	0.0	0.0	0.0	0.0	0.0	0.0	0.0	0.0	0.0	0.0
2420.81223110841	0.0	0.0	0.0	0.0	0.0	0.0	0.0	0.0	0.0	0.0	0.0	0.0	0.0
2505.0949917209964	0.0	0.0	0.0	0.0	0.0	0.0	0.0	0.0	0.0	0.0	0.0	0.0	0.0
2593.068762259313	0.0	0.0	0.0	0.0	0.0	0.0	0.0	0.0	0.0	0.0	0.0	0.0	0.0
2684.956147083233	0.0	0.0	0.0	0.0	0.0	0.0	0.0	0.0	0.0	0.0	0.0	0.0	0.0
2780.997602070372	0.0	0.0	0.0	0.0	0.0	0.0	0.0	0.0	0.0	0.0	0.0	0.0	0.0
2881.4532390334307	6.671756211360787e+29	3.331998920173174e+27	1.885426091627802e+27	9.938039219380629e+26	6.410603624902553e+26	3.472909317925765e+26	8.816835622976653e+25	4.35135624327231e+25	1.6467552094460534e+25	1.1680894998436962e+27	5.612254595380799e+26	3.472909317925765e+26	2.2961857451307124e+26
2986.604851989943	8.289364285016488e+30	4.274998824641679e+28	2.4199736834890485e+28	1.2760042067879036e+28	8.232537507379254e+27	4.4609152940481834e+27	1.1329046989809039e+27	5.5918847267632445e+26	2.116493931507213e+26	1.499660908891535e+28	7.207668999745184e+27	4.4609152940481834e+27	2.949788868185954e+27
3096.7581976901192	9.258745787427113e+31	4.793604109342994e+29	2.7136721864702424e+29	1.4309255365224466e+29	9.232275138534186e+28	5.002770539334477e+28	1.2705686877129941e+28	6.271470522336597e+27	2.3737489527470426e+27	1.6817205445648064e+29	8.083000380806476e+28	5.002770539334477e+28	3.3081409036868336e+28
3212.2455682708724	7.788215350610031e+32	4.3839342383561253e+30	2.4843548825679092e+30	1.311217777354783e+30	8.464266181764685e+29	4.589304386698942e+29	1.166635522196047e+29	5.760334889463451e+28	2.181013487470661e+28	1.5407053253285414e+30	7.411630234310324e+29	4.589304386698942e+29	3.035727802657061e+29
3333.428700452192	5.856833501932878e+33	3.5153575435532584e+31	1.9937868531062682e+31	1.0530708417395101e+31	6.800616032842843e+30	3.688994221086961e+30	9.38454119236647e+29	4.634866375878832e+29	1.755345243562107e+29	1.2371704569429093e+31	5.955532262383916e+30	3.688994221086961e+30	2.4408248577035868e+30
3460.7020735586266	3.745855808554637e+34	2.4544340350346517e+32	1.3936954550121576e+32	7.368763990375476e+31	4.761388764392606e+31	2.5845101197362964e+31	6.581568968285598e+30	3.251702428215594e+30	1.2319628386718757e+30	8.6549381265048e+31	4.170359223461635e+31	2.5845101197362964e+31	1.710667538007702e+31
3594.4966585653383	2.14949794003861e+35	1.5234048568492404e+33	8.659677982437077e+32	4.58292943117874e+32	2.962865758230864e+32	1.6092373901149291e+32	4.101888523297835e+31	2.0272649209759107e+31	7.683278082027158e+30	5.3816753182720405e+32	2.5954594521123258e+32	1.6092373901149291e+32	1.0655020797313078e+32
3735.284190881713	1.0792377229921956e+36	8.381133936202754e+33	4.770421729733727e+33	2.527544521312075e+33	1.6351023624426273e+33	8.887324109332795e+32	2.267943291741684e+32	1.1213313475341626e+32	4.25157493392546e+31	2.9672796098508826e+33	1.4325921551944804e+33	8.887324109332795e+32	5.886840393324234e+32
3883.582054072283	4.8996730605283917e+36	4.1459279470066304e+34	2.3628107536132153e+34	1.2533103256002648e+34	8.112874719647026e+33	4.412759792262811e+33	1.1273411606551427e+33	5.576059725788072e+32	2.1150376735086376e+32	1.4709794536260306e+34	7.10928198593264e+33	4.412759792262811e+33	2.9241106698402787e+33
4039.9588481385117	1.9820576743133583e+37	1.8434176761105132e+35	1.0521178344593915e+35	5.587944798935857e+34	3.619737869798532e+34	1.9704547442368647e+34	5.040394701392798e+33	2.494199021918211e+33	9.465017675721007e+32	6.556504036950866e+34	3.1725755543004663e+34	1.9704547442368647e+34	1.3063119575872232e+34
4205.040948457158	7.313564854229845e+37	7.449054470709842e+35	4.257705635919269e+35	2.2642345025927117e+35	1.467760273185742e+35	7.996463947080809e+34	2.0480863406082049e+34	1.0139322651946523e+34	3.849447989510784e+33	2.655913318738972e+35	1.28668963146138e+35	7.996463947080809e+34	5.303652949767803e+34
4379.519832213546	2.43842382416539e+38	2.7376448888849603e+36	1.5673264062678767e+36	8.346953896462441e+35	5.415095126511668e+35	2.9528616812983877e+35	7.573710479739347e+34	3.751332697833604e+34	1.4249409664317013e+34	9.787640078730596e+35	4.748082290214721e+35	2.9528616812983877e+35	1.959473663286621e+35
4564.160694605871	7.478464604438412e+38	9.232882163313116e+36	5.2946832411193543e+36	2.823851780545695e+36	1.8334538029062624e+36	1.0007081427032452e+36	2.5703825618089305e+35	1.2737788650764468e+35	4.8409467719663e+34	3.310144697550122e+36	1.6079668897774164e+36	1.0007081427032452e+36	6.643950457763763e+35
4759.812454573932	2.0959312799062507e+39	2.8605904817331618e+37	1.643435409037742e+37	8.779148211799057e+36	5.705134213131302e+36	3.1170523008321234e+36	8.019025462168171e+35	3.976115930078562e+35	1.5119678127654394e+35	1.0287216043001126e+37	5.0046943723796296e+36	3.1170523008321234e+36	2.070656120611746e+36
4967.419423166706	5.4425393641904014e+39	8.200522868901333e+37	4.720172097461356e+37	2.525671649560806e+37	1.6428102965522896e+37	8.985029010204652e+36	2.3152828460813857e+36	1.1486547268725601e+36	4.3704601628055154e+35	2.958406856992959e+37	1.441473962443345e+37	8.985029010204652e+36	5.972215605402353e+36
5188.034968719918	1.3019696322384678e+40	2.17628119624198e+38	1.2552536947381977e+38	6.728840770377965e+37	4.3811325347327635e+37	2.398922058176747e+37	6.192635135777706e+36	3.0742028568089155e+36	1.1704379585454851e+36	7.878449550684145e+37	3.845243920121002e+37	2.398922058176747e+37	1.5955428150772727e+37
5422.837588743101	3.0746216653191503e+40	5.475972238082458e+38	3.1626374941065938e+38	1.6973027507633672e+38	1.105813177532144e+38	6.059364039757013e+37	1.5659479338946513e+37	7.776896701014001e+36	2.962090596195177e+36	1.986759501151412e+38	9.707204200884162e+37	6.059364039757013e+37	4.031758431953559e+37
5673.149897104951	7.164860974323521e+40	1.3071906115264704e+39	7.553501120085699e+38	4.0555713068427944e+38	2.6429036505580267e+38	1.448600398973492e+38	3.745317122415471e+37	1.8603045744503205e+37	7.086700814415798e+36	4.746721313232365e+38	2.3201854280114554e+38	1.448600398973492e+38	9.640149080336654e+37
5940.461163227469	1.405970047711331e+41	2.807928565939088e+39	1.625734842845299e+39	8.743830522754875e+38	5.70352433499999e+38	3.1295444977361958e+38	8.104993215835963e+37	4.028136805803376e+37	1.5354173014870068e+37	1.0229925816087272e+39	5.008369813200931e+38	3.1295444977361958e+38	2.0839022033623146e+38
6226.454204351992	2.544020558078932e+41	5.566985212445017e+39	3.2298670305398673e+39	1.740304243539349e+39	1.1363207408289907e+39	6.242148354003538e+38	1.6194780367951538e+38	8.053706885129525e+37	3.0718041723944435e+37	2.0352410433556198e+39	9.980944790457277e+38	6.242148354003538e+38	4.159153575787478e+38
6533.037639835557	4.046148000270368e+41	9.959151068689592e+39	5.794364184059936e+39	3.129768237982378e+39	2.0463240471318245e+39	1.1258387994877443e+39	2.9278915788851753e+38	1.4572650644276658e+38	5.562978492782368e+37	3.6581332371965103e+39	1.7980590850572747e+39	1.1258387994877443e+39	7.507886070217806e+38
6862.38479749395	5.690221347485851e+41	1.5961628970802057e+40	9.317496391551047e+39	5.047335444038148e+39	3.3053327173400796e+39	1.8218137967904458e+39	4.7511958811202895e+38	2.3670784498464592e+38	9.04517901023827e+37	5.895528809586425e+39	2.9055726209456604e+39	1.8218137967904458e+39	1.2161337842811602e+39
7216.980670636156	6.835064836018616e+41	2.2458788742504574e+40	1.3166734946597222e+40	7.159324132141315e+39	4.698083309612228e+39	2.5955478356103446e+39	6.793703189745462e+38	3.388964122204256e+38	1.2966839183256966e+38	8.355272572894143e+39	4.1321835695565095e+39	2.5955478356103446e+39	1.734884845415975e+39
7599.68310775602	7.3397880953494e+41	2.811733700832094e+40	1.6558936232449198e+40	9.039393404863256e+39	5.944667091498991e+39	3.2923370550095727e+39	8.65035071601231e+38	4.3208543536635244e+38	1.655481574701182e+38	1.0539922551324496e+40	5.2316719256280805e+39	3.2923370550095727e+39	2.2036200312845493e+39
8015.172093399605	8.335793013026389e+41	3.361427309796536e+40	1.9827542801655728e+40	1.0838604407300571e+40	7.133277128934607e+39	3.9540116645632026e+39	1.0402602341438052e+39	5.198498203376408e+38	1.992675979138085e+38	1.2633838871205653e+40	6.279001311981594e+39	3.9540116645632026e+39	2.6477439349023053e+39
8467.496352536158	7.391910535094162e+41	3.551441837760122e+40	2.106968364913279e+40	1.15755708115511e+40	7.639267622410354e+39	4.2477193923967486e+39	1.1229243911157138e+39	5.620996639490652e+38	2.1583079979243313e+38	1.3477455042314232e+40	6.729389706781912e+39	4.2477193923967486e+39	2.8493268121138246e+39
8961.240854202102	6.91115366090912e+41	3.8215519508418725e+40	2.278691837896875e+40	1.2573973108962913e+40	8.31806151729756e+39	4.6377365955856655e+39	1.231169204505993e+39	6.171792732815314e+38	2.373308190379758e+38	1.4625306268493117e+40	7.33207605233711e+39	4.6377365955856655e+39	3.1156123693899944e+39
9502.347440451436	6.63078631578245e+41	4.236403351886573e+40	2.540791948451092e+40	1.4091173780593584e+40	9.347475204322931e+39	5.2280028449312957e+39	1.3945569050115704e+39	7.002519295046043e+38	2.6973351001449385e+38	1.6371217859199642e+40	8.245602685710142e+39	5.2280028449312957e+39	3.5182095397905715e+39
10097.667047007633	7.481807746144564e+41	5.138387962119949e+40	3.0904347551752473e+40	1.7181127564765477e+40	1.1412291992083336e+40	6.392391843226343e+39	1.7090657125482003e+39	8.588570422100974e+38	3.3109396748594104e+38	1.99501441121756e+40	1.0070607420811365e+40	6.392391843226343e+39	4.305329021236567e+39
10756.654952860848	7.160993157851428e+41	5.884430468410369e+40	3.567773170076833e+40	1.9973530826158293e+40	1.3317569085383447e+40	7.491698218014089e+39	2.0162059184804247e+39	1.0155133701557445e+39	3.923928336803935e+38	2.3155899533771687e+40	1.1763924301073314e+40	7.491698218014089e+39	5.057656715963011e+39
11486.624467191297	7.665244998231547e+41	6.970151091700444e+40	4.2483428016563455e+40	2.389210554381977e+40	1.5969920794555446e+40	9.009023961119873e+39	2.4350189644438256e+39	1.2282860112693458e+39	4.753263138661795e+38	2.7670164736836324e+40	1.4116294578792133e+40	9.009023961119873e+39	6.091411886739951e+39
12298.453729429788	7.532306470893533e+41	7.941404633794015e+40	4.877543414774845e+40	2.7612120004704923e+40	1.8522668289172e+40	1.0491380269725053e+40	2.853219137908664e+39	1.4422966889855985e+39	5.593485239520345e+38	3.1930618456962215e+40	1.638853328845661e+40	1.0491380269725053e+40	7.109443201060239e+39
13209.500727934905	7.928270738360155e+41	9.273045678557615e+40	5.730944074581989e+40	3.261777096056965e+40	2.194446078719267e+40	1.247049180762836e+40	3.4085505604412126e+39	1.7260024919324244e+39	6.705516405733873e+38	3.7673240021850144e+40	1.9431329618929957e+40	1.247049180762836e+40	8.465867833279365e+39
14240.622072788286	7.718105106443613e+41	1.0547471272484915e+41	6.581916663945e+40	3.777354429359347e+40	2.552778582039243e+40	1.4580469554223852e+40	4.0160965998397765e+39	2.0390345389248838e+39	7.94288577207965e+38	4.3546060279795416e+40	2.263164688098334e+40	1.4580469554223852e+40	9.925771600343121e+39
15416.080811021446	7.858799906330092e+41	1.2184806647903285e+41	7.6741627664458185e+40	4.43933226320116e+40	3.013116079972846e+40	1.7293508254721806e+40	4.798718967165473e+39	2.4425720469828245e+39	9.539289769670779e+38	5.108530368150044e+40	2.674376049915269e+40	1.7293508254721806e+40	1.1804059321762632e+40
16757.80520412391	8.165937799963706e+41	1.432123723245758e+41	9.104353995967463e+40	5.308976532845189e+40	3.6189905112928417e+40	2.087196807262006e+40	5.83446175922861e+39	2.977250393808612e+39	1.1657015620672149e+39	6.098210811002959e+40	3.215868306999535e+40	2.087196807262006e+40	1.4284467005595444e+40
18306.9973990717	8.363501509553392e+41	1.6704249144760873e+41	1.0738123236572668e+41	6.32164761963029e+40	4.331555440468306e+40	2.5126346713664835e+40	7.085393180788937e+39	3.6263929872475944e+39	1.4241469965429788e+39	7.245773791202828e+40	3.85438338122351e+40	2.5126346713664835e+40	1.7250446230117992e+40
20112.043492348454	8.364636391401063e+41	1.927738544268473e+41	1.2565229692889965e+41	7.485609003391724e+40	5.162061356870771e+40	3.0159673622307973e+40	8.597445537017056e+39	4.4165606589160787e+39	1.7409252873268458e+39	8.556877338318072e+40	4.601297638197333e+40	3.0159673622307973e+40	2.078730914225685e+40
22243.49200696097	8.28270309111845e+41	2.208360149276258e+41	1.4632853827009342e+41	8.841023558317631e+40	6.1432841847275e+40	3.619952029566755e+40	1.0452573150968797e+40	5.393052724188124e+39	2.13520343137356e+39	1.0074105942860972e+41	5.487102604983822e+40	3.619952029566755e+40	2.5066315140683633e+40
24801.948201547228	8.465403907712044e+41	2.5728498336483615e+41	1.733817499060139e+41	1.0628007683940037e+41	7.442732183327978e+40	4.424023921025145e+40	1.2942728647113848e+40	6.70757676285526e+39	2.6675163000696288e+39	1.2070818616660023e+41	6.661636858541158e+40	4.424023921025145e+40	3.0779651362209414e+40
27936.718257583474	8.657843787452852e+41	2.997717863449353e+41	2.0599072765758155e+41	1.2839245031069748e+41	9.072341867164478e+40	5.447018251733457e+40	1.6176904744312436e+40	8.426389168909622e+39	3.368173850409422e+39	1.4527374327868706e+41	8.139761171690501e+40	5.447018251733457e+40	3.8104017236125684e+40
31879.22239770682	1.2080124021985611e+42	3.9762557021097226e+41	2.7439597110966516e+41	1.7179659813734462e+41	1.2172324898135e+41	7.332173756873745e+40	2.189213303736563e+40	1.1425243136429992e+40	4.57587251242892e+39	1.941753890024212e+41	1.0929401623518868e+41	7.332173756873745e+40	5.138774464297748e+40
37012.38902344391	7.033775490464584e+42	1.0419885654586169e+42	6.7086096180174126e+41	3.9612896391887505e+41	2.7203739122508488e+41	1.582833469357811e+41	4.488498770745595e+40	2.3022667885679665e+40	9.062399770121996e+39	4.536679191582045e+41	2.422335799187738e+41	1.582833469357811e+41	1.0887417659047937e+41
42972.486502785956	2.9245806268618677e+43	2.74481095410833e+42	1.6970659962795082e+42	9.668010533587895e+41	6.509174577137397e+41	3.7027239977437815e+41	1.0139747640122266e+41	5.138329553536433e+40	1.9978408606082853e+40	1.11635564680807e+42	5.7650135490050134e+41	3.7027239977437815e+41	2.5152612758070424e+41
49892.76922952197	5.43977907866369e+43	4.8162063182813844e+42	2.9589687802400734e+42	1.6762499023524443e+42	1.1250617559468578e+42	6.377165267496811e+41	1.7367533690275143e+41	8.784121663595804e+40	3.408679527181437e+40	1.938042839418468e+42	9.955984345749771e+41	6.377165267496811e+41	4.323478764856157e+41
57927.98128284172	6.207857938663451e+43	6.742733433822653e+42	4.187040674580755e+42	2.393881483915124e+42	1.6147764092862116e+42	9.204773698592221e+41	2.5284829827908605e+41	1.282642203161881e+41	4.992244335319387e+40	2.7619769660110384e+42	1.430885235317219e+42	9.204773698592221e+41	6.2598318302530036e+41
67257.80514522221	5.119836387832107e+43	7.959393140437422e+42	5.068044933046287e+42	2.961213786639292e+42	2.0212595662429862e+42	1.167706955228141e+42	3.273905086628091e+41	1.6725244111694922e+41	6.556408518829241e+40	3.399715545210915e+42	1.7968019772781548e+42	1.167706955228141e+42	7.999753496374798e+41
78090.88079885038	3.3762783767419666e+43	7.972721049237516e+42	5.299005088615634e+42	3.2139334672811996e+42	2.2389226054566338e+42	1.3235631818347393e+42	3.843294200560398e+41	1.9871408601613936e+41	7.884849933303703e+40	3.658644712579459e+42	2.0012510032147805e+42	1.3235631818347393e+42	9.182690214994932e+41
90669.47321034198	1.8137454712830125e+43	6.404148903691378e+42	4.5707254646644734e+42	2.9510044597641157e+42	2.1273461306259084e+42	1.3072055746092517e+42	4.025723218048835e+41	2.1236437107600585e+41	8.598289444592972e+40	3.3117981079782005e+42	1.9191493080661058e+42	1.3072055746092517e+42	9.263585287989658e+41
105274.89161062393	8.221869795167458e+42	3.62939014258473e+42	2.880355390720732e+42	2.0544694835394752e+42	1.5677752848401612e+42	1.029138780963534e+42	3.5136949329066815e+41	1.9208205233318655e+41	8.061822453275043e+40	2.2527223759097037e+42	1.4365795436266203e+42	1.029138780963534e+42	7.566985955342594e+41
122233.78061984386	5.035281361087453e+42	1.9515373217536927e+42	1.6679597423808168e+42	1.294270890644328e+42	1.0431826191081927e+42	7.341276898535556e+41	2.8310248430902697e+41	1.6198131979564417e+41	7.129224840975737e+40	1.389765918712044e+42	9.711484864090568e+41	7.341276898535556e+41	5.627834018473114e+41
141925.42590329263	2.605249713031082e+42	1.279497842466418e+42	1.1314734213432555e+42	9.213655266364956e+41	7.706782939685262e+41	5.716293448171501e+41	2.443224270960068e+41	1.4571856037176317e+41	6.708287363989891e+40	9.765296895539657e+41	7.257471456882686e+41	5.716293448171501e+41	4.533049541097697e+41
164790.23951920986	1.7829060634892168e+42	9.746533838202796e+41	8.860979947515447e+41	7.270926513007358e+41	6.120732960703034e+41	4.633687953944648e+41	2.1492603996597087e+41	1.3394386205614174e+41	6.484932095613011e+40	7.695495552302623e+41	5.782282709903418e+41	4.633687953944648e+41	3.753695594865799e+41
191339.6099266129	1.2834232946234685e+42	7.125156045844478e+41	7.32984102602773e+41	6.514166775616314e+41	5.623505710456636e+41	4.304239890095074e+41	2.0139551106776816e+41	1.2759009921867117e+41	6.368318123287728e+40	6.793537952883003e+41	5.3348479333645885e+41	4.304239890095074e+41	3.490265400830359e+41
222167.34158167924	9.350603604819051e+41	4.242828922560991e+41	5.23693670933455e+41	5.438529893871389e+41	5.073165121899724e+41	4.174341536307209e+41	2.0740021477232998e+41	1.3277868747210759e+41	6.730788868355596e+40	5.479765208064381e+41	4.905447897650567e+41	4.174341536307209e+41	3.485167981914925e+41
257962.9371549491	6.741391927720225e+41	1.9123691057583323e+41	2.961680740092096e+41	3.807473642826471e+41	3.9961934236865115e+41	3.738576850469186e+41	2.1764047164285768e+41	1.4427660555162705e+41	7.506424365743505e+40	3.652073239535127e+41	3.9872100869113155e+41	3.738576850469186e+41	3.3296766873014996e+41
299527.02031600213	4.744107405678805e+41	6.604955570885885e+40	1.2694619351700826e+41	2.0925882134583512e+41	2.547181959948928e+41	2.8280817108054705e+41	2.105090196058722e+41	1.4947414846946058e+41	8.2172459537433215e+40	1.890763258283391e+41	2.647078483360712e+41	2.8280817108054705e+41	2.7635996426651367e+41
347789.2440639646	3.2405560460793786e+41	2.1180035546480737e+40	4.1819550682705855e+40	8.647657273696031e+40	1.2493109371378955e+41	1.7186924954280765e+41	1.7921059353012217e+41	1.4153711755977465e+41	8.539457777771692e+40	7.332986522909631e+40	1.3643510960544021e+41	1.7186924954280765e+41	1.8978209676171894e+41
403829.08517950046	2.14835895580468e+41	9.820249957394553e+39	1.3557393859241384e+40	2.7097813655779373e+40	4.500281744385754e+40	7.891604115545378e+40	1.2845777725106859e+41	1.183213528623443e+41	8.2391305593603995e+40	2.2351362633715503e+40	5.174516012584863e+40	7.891604115545378e+40	1.0173547066219176e+41
468899.9899259307	1.3869582452630479e+41	6.514653973227984e+39	6.977297872774134e+39	9.00417707126079e+39	1.3381609063174452e+40	2.6693546320480517e+40	7.284608350362785e+40	8.251372451928334e+40	7.047807641195837e+40	8.158058785038104e+39	1.549234907507428e+40	2.6693546320480517e+40	4.0340406830787154e+40
544457.4110896965	8.755369252770953e+40	4.5810525812390374e+39	4.833391793727719e+39	5.056101058938394e+39	5.673890920244531e+39	8.929291836674445e+39	3.33113733489532e+40	4.660175879257679e+40	4.975029366557858e+40	4.973081090844901e+39	6.067946974546953e+39	8.929291836674445e+39	1.3882163059864638e+40
632191.3634915195	5.455470513329096e+40	3.1713206960009634e+39	3.4229302556204984e+39	3.534072547764971e+39	3.5447247281318855e+39	3.883184501313665e+39	1.2424805230346536e+40	2.1664995260524948e+40	3.0299908378123427e+40	3.523016135334095e+39	3.561528895274607e+39	3.883184501313665e+39	4.902800825959375e+39
734064.2261680803	3.371533049210237e+40	2.1530876229188036e+39	2.3811889916907147e+39	2.528871578248183e+39	2.544094194113989e+39	2.479344542291198e+39	4.1637599324608094e+39	8.189547989304568e+39	1.5467915361007024e+40	2.5049593743346403e+39	2.5352657536859288e+39	2.479344542291198e+39	2.499435283532824e+39
852354.6367802751	2.077363235048994e+40	1.4345503480278603e+39	1.622894933582468e+39	1.7757542666784397e+39	1.8261832994722144e+39	1.8057994451919917e+39	1.758780320944444e+39	2.756489437646896e+39	6.45183826030851e+39	1.7450207938641092e+39	1.8309907219335974e+39	1.8057994451919917e+39	1.7397356063050155e+39
989708.4600759165	1.2818916721934813e+40	9.38768461427838e+38	1.0847060407351866e+39	1.2201035479749548e+39	1.2824091210604193e+39	1.3108757275608159e+39	1.1262576649918423e+39	1.146529709238756e+39	2.2614025238807387e+39	1.1901098537151096e+39	1.2948879377893696e+39	1.3108757275608159e+39	1.285478039650521e+39
1149197.9704660312	7.950642515824553e+39	6.036457567741385e+38	7.118003418100804e+38	8.212339397295278e+38	8.806742935680122e+38	9.296477223012103e+38	8.449824509599748e+38	7.302683638569292e+38	8.2307016136555e+38	7.95611327511494e+38	8.95109849060496e+38	9.296477223012103e+38	9.33733358337574e+38
1334390.572506492	4.9693966617834844e+39	3.8126685784311985e+38	4.590051248176013e+38	5.422535423122002e+38	5.9226191166539865e+38	6.439917036765232e+38	6.344307190043631e+38	5.5578209057278404e+38	4.431549637996304e+38	5.220649450097922e+38	6.05602228267656e+38	6.439917036765232e+38	6.616933903588637e+38
1549428.5964198038	3.135355543490238e+39	2.3615844009222975e+38	2.90941222348218e+38	3.516949677417867e+38	3.9064775716261126e+38	4.36397817447289e+38	4.645597697577528e+38	4.254318157791631e+38	3.284896435668346e+38	3.3662613863674146e+38	4.01641052605496e+38	4.36397817447289e+38	4.5788438484863684e+38
1799121.9535174624	1.9985390556917225e+39	1.4299084215764454e+38	1.8112535337648467e+38	2.2425653403763624e+38	2.530752955120489e+38	2.897609433988202e+38	3.3141523779899385e+38	3.1757271376665027e+38	2.5916459818378077e+38	2.134133328040183e+38	2.6150906675944204e+38	2.897609433988202e+38	3.0988740214958773e+38
2089055.7240324765	1.287154298127905e+39	8.4204175235687565e+37	1.104995200270722e+38	1.4059988788750332e+38	1.6119977485118098e+38	1.8882612833644352e+38	2.3063311774268944e+38	2.3072302147453934e+38	2.0092228810853105e+38	1.3297798965880009e+38	1.6736821627364099e+38	1.8882612833644352e+38	2.0546975438541907e+38
2425715.083878554	8.372411135306288e+38	4.788670681367035e+37	6.579447553778612e+37	8.657755657568527e+37	1.0098721663925561e+38	1.209379519522569e+38	1.5681997662395171e+38	1.632977243121448e+38	1.515576709702052e+38	8.129347920843361e+37	1.0535942740619945e+38	1.209379519522569e+38	1.3369914034651665e+38
2816630.3646880677	5.4956390028369246e+38	2.6064779295336007e+37	3.800554640213074e+37	5.22186403208058e+37	6.217113058767578e+37	7.619507427160764e+37	1.0437618731589358e+38	1.1275865900839822e+38	1.1119113351807118e+38	4.858742267461041e+37	6.521153615910467e+37	7.619507427160764e+37	8.550542146146053e+37
3270545.491820377	3.636511740387401e+38	1.3433241442922118e+37	2.1127369476918374e+37	3.0706944285073083e+37	3.752159071923225e+37	4.72218247650885e+37	6.812830813306491e+37	7.609700934920993e+37	7.940693602769678e+37	2.8235795686515155e+37	3.9612934662764245e+37	4.72218247650885e+37	5.379861102692931e+37
3797613.5679484718	2.423068866134909e+38	6.474740539943844e+36	1.1191237173755668e+37	1.7488108497550981e+37	2.2104024297930733e+37	2.874834060779523e+37	4.368477426171984e+37	5.028788520226625e+37	5.527521788422292e+37	1.583489713906416e+37	2.3530933870290407e+37	2.874834060779523e+37	3.330444572710868e+37
4409623.977021802	1.6239833949304733e+38	2.8783919653394657e+36	5.583349098268709e+36	9.562618917130223e+36	1.262974379004206e+37	1.7138958309830502e+37	2.7554969270261415e+37	3.260379848001152e+37	3.7569664762140353e+37	8.488973582890065e+36	1.3591885679303425e+37	1.7138958309830502e+37	2.0260650234022316e+37
