#t	Le	U	B	V	R	I	J	H	K	g	r	i	z
#----------------------------------------------- 
2.7213486828111466	0.0	0.0	0.0	0.0	0.0	0.0	0.0	0.0	0.0	0.0	0.0	0.0	0.0
2.742298565024193	0.0	0.0	0.0	0.0	0.0	0.0	0.0	0.0	0.0	0.0	0.0	0.0	0.0
2.7609734320369523	0.0	0.0	0.0	0.0	0.0	0.0	0.0	0.0	0.0	0.0	0.0	0.0	0.0
2.778433459924208	0.0	0.0	0.0	0.0	0.0	0.0	0.0	0.0	0.0	0.0	0.0	0.0	0.0
2.795160574452945	0.0	0.0	0.0	0.0	0.0	0.0	0.0	0.0	0.0	0.0	0.0	0.0	0.0
2.8114203400865145	0.0	0.0	0.0	0.0	0.0	0.0	0.0	0.0	0.0	0.0	0.0	0.0	0.0
2.8273764864367372	0.0	0.0	0.0	0.0	0.0	0.0	0.0	0.0	0.0	0.0	0.0	0.0	0.0
2.84313785617847	0.0	0.0	0.0	0.0	0.0	0.0	0.0	0.0	0.0	0.0	0.0	0.0	0.0
2.858780892459533	0.0	0.0	0.0	0.0	0.0	0.0	0.0	0.0	0.0	0.0	0.0	0.0	0.0
2.8737691736619806	0.0	0.0	0.0	0.0	0.0	0.0	0.0	0.0	0.0	0.0	0.0	0.0	0.0
2.888318299518927	0.0	0.0	0.0	0.0	0.0	0.0	0.0	0.0	0.0	0.0	0.0	0.0	0.0
2.9025656771784916	0.0	0.0	0.0	0.0	0.0	0.0	0.0	0.0	0.0	0.0	0.0	0.0	0.0
2.916604977931591	0.0	0.0	0.0	0.0	0.0	0.0	0.0	0.0	0.0	0.0	0.0	0.0	0.0
2.9305033010457104	0.0	0.0	0.0	0.0	0.0	0.0	0.0	0.0	0.0	0.0	0.0	0.0	0.0
2.9443105918455412	0.0	0.0	0.0	0.0	0.0	0.0	0.0	0.0	0.0	0.0	0.0	0.0	0.0
2.958065195085258	0.0	0.0	0.0	0.0	0.0	0.0	0.0	0.0	0.0	0.0	0.0	0.0	0.0
2.971797316997405	0.0	0.0	0.0	0.0	0.0	0.0	0.0	0.0	0.0	0.0	0.0	0.0	0.0
2.98553128174774	0.0	0.0	0.0	0.0	0.0	0.0	0.0	0.0	0.0	0.0	0.0	0.0	0.0
2.9992870566555134	0.0	0.0	0.0	0.0	0.0	0.0	0.0	0.0	0.0	0.0	0.0	0.0	0.0
3.0130813149602296	0.0	0.0	0.0	0.0	0.0	0.0	0.0	0.0	0.0	0.0	0.0	0.0	0.0
3.0269281956945213	0.0	0.0	0.0	0.0	0.0	0.0	0.0	0.0	0.0	0.0	0.0	0.0	0.0
3.0408398591710046	0.0	0.0	0.0	0.0	0.0	0.0	0.0	0.0	0.0	0.0	0.0	0.0	0.0
3.054826900969217	0.0	0.0	0.0	0.0	0.0	0.0	0.0	0.0	0.0	0.0	0.0	0.0	0.0
3.068898665746619	0.0	0.0	0.0	0.0	0.0	0.0	0.0	0.0	0.0	0.0	0.0	0.0	0.0
3.0830634887235813	0.0	0.0	0.0	0.0	0.0	0.0	0.0	0.0	0.0	0.0	0.0	0.0	0.0
3.097328884034185	0.0	0.0	0.0	0.0	0.0	0.0	0.0	0.0	0.0	0.0	0.0	0.0	0.0
3.1117016934324466	0.0	0.0	0.0	0.0	0.0	0.0	0.0	0.0	0.0	0.0	0.0	0.0	0.0
3.1261882050047958	0.0	0.0	0.0	0.0	0.0	0.0	0.0	0.0	0.0	0.0	0.0	0.0	0.0
3.140794248904067	0.0	0.0	0.0	0.0	0.0	0.0	0.0	0.0	0.0	0.0	0.0	0.0	0.0
3.155525275278427	0.0	0.0	0.0	0.0	0.0	0.0	0.0	0.0	0.0	0.0	0.0	0.0	0.0
3.1703864182607067	0.0	0.0	0.0	0.0	0.0	0.0	0.0	0.0	0.0	0.0	0.0	0.0	0.0
3.18538254894111	0.0	0.0	0.0	0.0	0.0	0.0	0.0	0.0	0.0	0.0	0.0	0.0	0.0
3.200518319557965	0.0	0.0	0.0	0.0	0.0	0.0	0.0	0.0	0.0	0.0	0.0	0.0	0.0
3.2157982006323347	0.0	0.0	0.0	0.0	0.0	0.0	0.0	0.0	0.0	0.0	0.0	0.0	0.0
3.2312265123918666	0.0	0.0	0.0	0.0	0.0	0.0	0.0	0.0	0.0	0.0	0.0	0.0	0.0
3.2468074515417715	0.0	0.0	0.0	0.0	0.0	0.0	0.0	0.0	0.0	0.0	0.0	0.0	0.0
3.262545114221594	0.0	0.0	0.0	0.0	0.0	0.0	0.0	0.0	0.0	0.0	0.0	0.0	0.0
3.2784435158175755	0.0	0.0	0.0	0.0	0.0	0.0	0.0	0.0	0.0	0.0	0.0	0.0	0.0
3.294506608169433	0.0	0.0	0.0	0.0	0.0	0.0	0.0	0.0	0.0	0.0	0.0	0.0	0.0
3.3107382946078663	0.0	0.0	0.0	0.0	0.0	0.0	0.0	0.0	0.0	0.0	0.0	0.0	0.0
3.327142443178294	0.0	0.0	0.0	0.0	0.0	0.0	0.0	0.0	0.0	0.0	0.0	0.0	0.0
3.3437228983422735	0.0	0.0	0.0	0.0	0.0	0.0	0.0	0.0	0.0	0.0	0.0	0.0	0.0
3.3604834913968267	0.0	0.0	0.0	0.0	0.0	0.0	0.0	0.0	0.0	0.0	0.0	0.0	0.0
3.3774280498107956	0.0	0.0	0.0	0.0	0.0	0.0	0.0	0.0	0.0	0.0	0.0	0.0	0.0
3.3945604056441163	0.0	0.0	0.0	0.0	0.0	0.0	0.0	0.0	0.0	0.0	0.0	0.0	0.0
3.4118844031888913	0.0	0.0	0.0	0.0	0.0	0.0	0.0	0.0	0.0	0.0	0.0	0.0	0.0
3.429403905949124	0.0	0.0	0.0	0.0	0.0	0.0	0.0	0.0	0.0	0.0	0.0	0.0	0.0
3.4471228030578738	0.0	0.0	0.0	0.0	0.0	0.0	0.0	0.0	0.0	0.0	0.0	0.0	0.0
3.465045015215713	0.0	0.0	0.0	0.0	0.0	0.0	0.0	0.0	0.0	0.0	0.0	0.0	0.0
3.4831745002220296	0.0	0.0	0.0	0.0	0.0	0.0	0.0	0.0	0.0	0.0	0.0	0.0	0.0
3.5015152581604694	0.0	0.0	0.0	0.0	0.0	0.0	0.0	0.0	0.0	0.0	0.0	0.0	0.0
3.5200713362913065	0.0	0.0	0.0	0.0	0.0	0.0	0.0	0.0	0.0	0.0	0.0	0.0	0.0
3.5388468336963452	0.0	0.0	0.0	0.0	0.0	0.0	0.0	0.0	0.0	0.0	0.0	0.0	0.0
3.5578459057159835	0.0	0.0	0.0	0.0	0.0	0.0	0.0	0.0	0.0	0.0	0.0	0.0	0.0
3.5770727682130365	0.0	0.0	0.0	0.0	0.0	0.0	0.0	0.0	0.0	0.0	0.0	0.0	0.0
3.596531701693625	0.0	0.0	0.0	0.0	0.0	0.0	0.0	0.0	0.0	0.0	0.0	0.0	0.0
3.616227055311858	0.0	0.0	0.0	0.0	0.0	0.0	0.0	0.0	0.0	0.0	0.0	0.0	0.0
3.636163250781984	0.0	0.0	0.0	0.0	0.0	0.0	0.0	0.0	0.0	0.0	0.0	0.0	0.0
3.656344786219095	0.0	0.0	0.0	0.0	0.0	0.0	0.0	0.0	0.0	0.0	0.0	0.0	0.0
3.676776239927235	0.0	0.0	0.0	0.0	0.0	0.0	0.0	0.0	0.0	0.0	0.0	0.0	0.0
3.6974622741519534	0.0	0.0	0.0	0.0	0.0	0.0	0.0	0.0	0.0	0.0	0.0	0.0	0.0
3.718407638812686	0.0	0.0	0.0	0.0	0.0	0.0	0.0	0.0	0.0	0.0	0.0	0.0	0.0
3.739617175229022	0.0	0.0	0.0	0.0	0.0	0.0	0.0	0.0	0.0	0.0	0.0	0.0	0.0
3.7610958198537863	0.0	0.0	0.0	0.0	0.0	0.0	0.0	0.0	0.0	0.0	0.0	0.0	0.0
3.782848608024823	0.0	0.0	0.0	0.0	0.0	0.0	0.0	0.0	0.0	0.0	0.0	0.0	0.0
3.8048806777466173	0.0	0.0	0.0	0.0	0.0	0.0	0.0	0.0	0.0	0.0	0.0	0.0	0.0
3.827197273512145	0.0	0.0	0.0	0.0	0.0	0.0	0.0	0.0	0.0	0.0	0.0	0.0	0.0
3.849803750174784	0.0	0.0	0.0	0.0	0.0	0.0	0.0	0.0	0.0	0.0	0.0	0.0	0.0
3.872705576879642	0.0	0.0	0.0	0.0	0.0	0.0	0.0	0.0	0.0	0.0	0.0	0.0	0.0
3.895908341063243	0.0	0.0	0.0	0.0	0.0	0.0	0.0	0.0	0.0	0.0	0.0	0.0	0.0
3.919417752530221	0.0	0.0	0.0	0.0	0.0	0.0	0.0	0.0	0.0	0.0	0.0	0.0	0.0
3.943239647615414	0.0	0.0	0.0	0.0	0.0	0.0	0.0	0.0	0.0	0.0	0.0	0.0	0.0
3.9673799934395624	0.0	0.0	0.0	0.0	0.0	0.0	0.0	0.0	0.0	0.0	0.0	0.0	0.0
3.991844892266703	0.0	0.0	0.0	0.0	0.0	0.0	0.0	0.0	0.0	0.0	0.0	0.0	0.0
4.016640585971244	0.0	0.0	0.0	0.0	0.0	0.0	0.0	0.0	0.0	0.0	0.0	0.0	0.0
4.0417734606226965	0.0	0.0	0.0	0.0	0.0	0.0	0.0	0.0	0.0	0.0	0.0	0.0	0.0
4.067250051196046	0.0	0.0	0.0	0.0	0.0	0.0	0.0	0.0	0.0	0.0	0.0	0.0	0.0
4.093077046415762	0.0	0.0	0.0	0.0	0.0	0.0	0.0	0.0	0.0	0.0	0.0	0.0	0.0
4.119261293741596	0.0	0.0	0.0	0.0	0.0	0.0	0.0	0.0	0.0	0.0	0.0	0.0	0.0
4.145809804504369	0.0	0.0	0.0	0.0	0.0	0.0	0.0	0.0	0.0	0.0	0.0	0.0	0.0
4.17272975920012	0.0	0.0	0.0	0.0	0.0	0.0	0.0	0.0	0.0	0.0	0.0	0.0	0.0
4.2000285129512385	0.0	0.0	0.0	0.0	0.0	0.0	0.0	0.0	0.0	0.0	0.0	0.0	0.0
4.227713601143305	0.0	0.0	0.0	0.0	0.0	0.0	0.0	0.0	0.0	0.0	0.0	0.0	0.0
4.255792745246701	0.0	0.0	0.0	0.0	0.0	0.0	0.0	0.0	0.0	0.0	0.0	0.0	0.0
4.284273858832298	0.0	0.0	0.0	0.0	0.0	0.0	0.0	0.0	0.0	0.0	0.0	0.0	0.0
4.313165053790835	0.0	0.0	0.0	0.0	0.0	0.0	0.0	0.0	0.0	0.0	0.0	0.0	0.0
4.342474646765929	0.0	0.0	0.0	0.0	0.0	0.0	0.0	0.0	0.0	0.0	0.0	0.0	0.0
4.372211165811063	0.0	0.0	0.0	0.0	0.0	0.0	0.0	0.0	0.0	0.0	0.0	0.0	0.0
4.40238335728123	0.0	0.0	0.0	0.0	0.0	0.0	0.0	0.0	0.0	0.0	0.0	0.0	0.0
4.43300019297043	0.0	0.0	0.0	0.0	0.0	0.0	0.0	0.0	0.0	0.0	0.0	0.0	0.0
4.464070877506573	0.0	0.0	0.0	0.0	0.0	0.0	0.0	0.0	0.0	0.0	0.0	0.0	0.0
4.495604856015937	0.0	0.0	0.0	0.0	0.0	0.0	0.0	0.0	0.0	0.0	0.0	0.0	0.0
4.527611822069789	0.0	0.0	0.0	0.0	0.0	0.0	0.0	0.0	0.0	0.0	0.0	0.0	0.0
4.560101725926405	0.0	0.0	0.0	0.0	0.0	0.0	0.0	0.0	0.0	0.0	0.0	0.0	0.0
4.593084783082228	0.0	0.0	0.0	0.0	0.0	0.0	0.0	0.0	0.0	0.0	0.0	0.0	0.0
4.626571483146692	0.0	0.0	0.0	0.0	0.0	0.0	0.0	0.0	0.0	0.0	0.0	0.0	0.0
4.660572599055774	0.0	0.0	0.0	0.0	0.0	0.0	0.0	0.0	0.0	0.0	0.0	0.0	0.0
4.695099196640189	0.0	0.0	0.0	0.0	0.0	0.0	0.0	0.0	0.0	0.0	0.0	0.0	0.0
4.730162644564825	0.0	0.0	0.0	0.0	0.0	0.0	0.0	0.0	0.0	0.0	0.0	0.0	0.0
4.765774624656893	0.0	0.0	0.0	0.0	0.0	0.0	0.0	0.0	0.0	0.0	0.0	0.0	0.0
4.801947142641126	0.0	0.0	0.0	0.0	0.0	0.0	0.0	0.0	0.0	0.0	0.0	0.0	0.0
4.838694463699852	0.0	0.0	0.0	0.0	0.0	0.0	0.0	0.0	0.0	0.0	0.0	0.0	0.0
4.876029295040176	0.0	0.0	0.0	0.0	0.0	0.0	0.0	0.0	0.0	0.0	0.0	0.0	0.0
4.913964704897024	0.0	0.0	0.0	0.0	0.0	0.0	0.0	0.0	0.0	0.0	0.0	0.0	0.0
4.952514135123904	0.0	0.0	0.0	0.0	0.0	0.0	0.0	0.0	0.0	0.0	0.0	0.0	0.0
4.991691414305128	0.0	0.0	0.0	0.0	0.0	0.0	0.0	0.0	0.0	0.0	0.0	0.0	0.0
5.031510771411904	0.0	0.0	0.0	0.0	0.0	0.0	0.0	0.0	0.0	0.0	0.0	0.0	0.0
5.071986850028443	0.0	0.0	0.0	0.0	0.0	0.0	0.0	0.0	0.0	0.0	0.0	0.0	0.0
5.113134723175789	0.0	0.0	0.0	0.0	0.0	0.0	0.0	0.0	0.0	0.0	0.0	0.0	0.0
5.154969908762494	0.0	0.0	0.0	0.0	0.0	0.0	0.0	0.0	0.0	0.0	0.0	0.0	0.0
5.197508385692939	0.0	0.0	0.0	0.0	0.0	0.0	0.0	0.0	0.0	0.0	0.0	0.0	0.0
5.240766610665842	0.0	0.0	0.0	0.0	0.0	0.0	0.0	0.0	0.0	0.0	0.0	0.0	0.0
5.284761535697172	0.0	0.0	0.0	0.0	0.0	0.0	0.0	0.0	0.0	0.0	0.0	0.0	0.0
5.3295106264038505	0.0	0.0	0.0	0.0	0.0	0.0	0.0	0.0	0.0	0.0	0.0	0.0	0.0
5.3750318810864455	0.0	0.0	0.0	0.0	0.0	0.0	0.0	0.0	0.0	0.0	0.0	0.0	0.0
5.421343850651478	0.0	0.0	0.0	0.0	0.0	0.0	0.0	0.0	0.0	0.0	0.0	0.0	0.0
5.468465659416082	0.0	0.0	0.0	0.0	0.0	0.0	0.0	0.0	0.0	0.0	0.0	0.0	0.0
5.51641702684039	0.0	0.0	0.0	0.0	0.0	0.0	0.0	0.0	0.0	0.0	0.0	0.0	0.0
5.565218290235662	0.0	0.0	0.0	0.0	0.0	0.0	0.0	0.0	0.0	0.0	0.0	0.0	0.0
5.614890428498847	0.0	0.0	0.0	0.0	0.0	0.0	0.0	0.0	0.0	0.0	0.0	0.0	0.0
5.665455086927506	0.0	0.0	0.0	0.0	0.0	0.0	0.0	0.0	0.0	0.0	0.0	0.0	0.0
5.716934603171973	0.0	0.0	0.0	0.0	0.0	0.0	0.0	0.0	0.0	0.0	0.0	0.0	0.0
5.769352034385266	0.0	0.0	0.0	0.0	0.0	0.0	0.0	0.0	0.0	0.0	0.0	0.0	0.0
5.822731185634795	0.0	0.0	0.0	0.0	0.0	0.0	0.0	0.0	0.0	0.0	0.0	0.0	0.0
5.877096639643854	0.0	0.0	0.0	0.0	0.0	0.0	0.0	0.0	0.0	0.0	0.0	0.0	0.0
5.932473787935017	0.0	0.0	0.0	0.0	0.0	0.0	0.0	0.0	0.0	0.0	0.0	0.0	0.0
5.988888863452034	0.0	0.0	0.0	0.0	0.0	0.0	0.0	0.0	0.0	0.0	0.0	0.0	0.0
6.046368974741631	0.0	0.0	0.0	0.0	0.0	0.0	0.0	0.0	0.0	0.0	0.0	0.0	0.0
6.104942141781578	0.0	0.0	0.0	0.0	0.0	0.0	0.0	0.0	0.0	0.0	0.0	0.0	0.0
6.164637333546953	0.0	0.0	0.0	0.0	0.0	0.0	0.0	0.0	0.0	0.0	0.0	0.0	0.0
6.225484507412381	0.0	0.0	0.0	0.0	0.0	0.0	0.0	0.0	0.0	0.0	0.0	0.0	0.0
6.287514650494161	0.0	0.0	0.0	0.0	0.0	0.0	0.0	0.0	0.0	0.0	0.0	0.0	0.0
6.350759823043009	0.0	0.0	0.0	0.0	0.0	0.0	0.0	0.0	0.0	0.0	0.0	0.0	0.0
6.415253204005264	0.0	0.0	0.0	0.0	0.0	0.0	0.0	0.0	0.0	0.0	0.0	0.0	0.0
6.481029138878164	0.0	0.0	0.0	0.0	0.0	0.0	0.0	0.0	0.0	0.0	0.0	0.0	0.0
6.548123189993019	0.0	0.0	0.0	0.0	0.0	0.0	0.0	0.0	0.0	0.0	0.0	0.0	0.0
6.616572189369054	0.0	0.0	0.0	0.0	0.0	0.0	0.0	0.0	0.0	0.0	0.0	0.0	0.0
6.68641429429018	0.0	0.0	0.0	0.0	0.0	0.0	0.0	0.0	0.0	0.0	0.0	0.0	0.0
6.757689045767282	0.0	0.0	0.0	0.0	0.0	0.0	0.0	0.0	0.0	0.0	0.0	0.0	0.0
6.830437430059602	0.0	0.0	0.0	0.0	0.0	0.0	0.0	0.0	0.0	0.0	0.0	0.0	0.0
6.9047019434407035	0.0	0.0	0.0	0.0	0.0	0.0	0.0	0.0	0.0	0.0	0.0	0.0	0.0
6.980526660407422	0.0	0.0	0.0	0.0	0.0	0.0	0.0	0.0	0.0	0.0	0.0	0.0	0.0
7.057957305543636	0.0	0.0	0.0	0.0	0.0	0.0	0.0	0.0	0.0	0.0	0.0	0.0	0.0
7.137041329266001	0.0	0.0	0.0	0.0	0.0	0.0	0.0	0.0	0.0	0.0	0.0	0.0	0.0
7.217827987694591	0.0	0.0	0.0	0.0	0.0	0.0	0.0	0.0	0.0	0.0	0.0	0.0	0.0
7.30036842690865	0.0	0.0	0.0	0.0	0.0	0.0	0.0	0.0	0.0	0.0	0.0	0.0	0.0
7.384715771866495	0.0	0.0	0.0	0.0	0.0	0.0	0.0	0.0	0.0	0.0	0.0	0.0	0.0
7.470925220288778	0.0	0.0	0.0	0.0	0.0	0.0	0.0	0.0	0.0	0.0	0.0	0.0	0.0
7.559054141825895	0.0	0.0	0.0	0.0	0.0	0.0	0.0	0.0	0.0	0.0	0.0	0.0	0.0
7.649162182854524	0.0	0.0	0.0	0.0	0.0	0.0	0.0	0.0	0.0	0.0	0.0	0.0	0.0
7.741311377273087	0.0	0.0	0.0	0.0	0.0	0.0	0.0	0.0	0.0	0.0	0.0	0.0	0.0
7.835566263694391	0.0	0.0	0.0	0.0	0.0	0.0	0.0	0.0	0.0	0.0	0.0	0.0	0.0
7.931994009463168	0.0	0.0	0.0	0.0	0.0	0.0	0.0	0.0	0.0	0.0	0.0	0.0	0.0
8.03066454195902	0.0	0.0	0.0	0.0	0.0	0.0	0.0	0.0	0.0	0.0	0.0	0.0	0.0
8.131650687680718	0.0	0.0	0.0	0.0	0.0	0.0	0.0	0.0	0.0	0.0	0.0	0.0	0.0
8.235028319646089	0.0	0.0	0.0	0.0	0.0	0.0	0.0	0.0	0.0	0.0	0.0	0.0	0.0
8.340876513683462	0.0	0.0	0.0	0.0	0.0	0.0	0.0	0.0	0.0	0.0	0.0	0.0	0.0
8.449277714235857	0.0	0.0	0.0	0.0	0.0	0.0	0.0	0.0	0.0	0.0	0.0	0.0	0.0
8.560317910349069	0.0	0.0	0.0	0.0	0.0	0.0	0.0	0.0	0.0	0.0	0.0	0.0	0.0
8.674086822567947	0.0	0.0	0.0	0.0	0.0	0.0	0.0	0.0	0.0	0.0	0.0	0.0	0.0
8.790678101524126	0.0	0.0	0.0	0.0	0.0	0.0	0.0	0.0	0.0	0.0	0.0	0.0	0.0
8.910189539062404	0.0	0.0	0.0	0.0	0.0	0.0	0.0	0.0	0.0	0.0	0.0	0.0	0.0
9.032723292823041	0.0	0.0	0.0	0.0	0.0	0.0	0.0	0.0	0.0	0.0	0.0	0.0	0.0
9.15838612527292	0.0	0.0	0.0	0.0	0.0	0.0	0.0	0.0	0.0	0.0	0.0	0.0	0.0
9.287289658262631	0.0	0.0	0.0	0.0	0.0	0.0	0.0	0.0	0.0	0.0	0.0	0.0	0.0
9.419550644277173	0.0	0.0	0.0	0.0	0.0	0.0	0.0	0.0	0.0	0.0	0.0	0.0	0.0
9.555291255648651	0.0	0.0	0.0	0.0	0.0	0.0	0.0	0.0	0.0	0.0	0.0	0.0	0.0
9.69463939310786	0.0	0.0	0.0	0.0	0.0	0.0	0.0	0.0	0.0	0.0	0.0	0.0	0.0
9.837729015172844	0.0	0.0	0.0	0.0	0.0	0.0	0.0	0.0	0.0	0.0	0.0	0.0	0.0
9.984700490003519	0.0	0.0	0.0	0.0	0.0	0.0	0.0	0.0	0.0	0.0	0.0	0.0	0.0
10.135700971497164	0.0	0.0	0.0	0.0	0.0	0.0	0.0	0.0	0.0	0.0	0.0	0.0	0.0
10.290884801558157	0.0	0.0	0.0	0.0	0.0	0.0	0.0	0.0	0.0	0.0	0.0	0.0	0.0
10.450413940651346	0.0	0.0	0.0	0.0	0.0	0.0	0.0	0.0	0.0	0.0	0.0	0.0	0.0
10.614458428941258	0.0	0.0	0.0	0.0	0.0	0.0	0.0	0.0	0.0	0.0	0.0	0.0	0.0
10.783196880532847	0.0	0.0	0.0	0.0	0.0	0.0	0.0	0.0	0.0	0.0	0.0	0.0	0.0
10.956817013564272	0.0	0.0	0.0	0.0	0.0	0.0	0.0	0.0	0.0	0.0	0.0	0.0	0.0
11.135516219162344	0.0	0.0	0.0	0.0	0.0	0.0	0.0	0.0	0.0	0.0	0.0	0.0	0.0
11.319502172558394	0.0	0.0	0.0	0.0	0.0	0.0	0.0	0.0	0.0	0.0	0.0	0.0	0.0
11.508993489980954	0.0	0.0	0.0	0.0	0.0	0.0	0.0	0.0	0.0	0.0	0.0	0.0	0.0
11.70422043529306	0.0	0.0	0.0	0.0	0.0	0.0	0.0	0.0	0.0	0.0	0.0	0.0	0.0
11.905425680734561	0.0	0.0	0.0	0.0	0.0	0.0	0.0	0.0	0.0	0.0	0.0	0.0	0.0
12.112865126562301	0.0	0.0	0.0	0.0	0.0	0.0	0.0	0.0	0.0	0.0	0.0	0.0	0.0
12.326808784864824	0.0	0.0	0.0	0.0	0.0	0.0	0.0	0.0	0.0	0.0	0.0	0.0	0.0
12.547541733365309	0.0	0.0	0.0	0.0	0.0	0.0	0.0	0.0	0.0	0.0	0.0	0.0	0.0
12.775365145623969	0.0	0.0	0.0	0.0	0.0	0.0	0.0	0.0	0.0	0.0	0.0	0.0	0.0
13.010597404718927	0.0	0.0	0.0	0.0	0.0	0.0	0.0	0.0	0.0	0.0	0.0	0.0	0.0
13.25357530823031	0.0	0.0	0.0	0.0	0.0	0.0	0.0	0.0	0.0	0.0	0.0	0.0	0.0
13.50465537318384	0.0	0.0	0.0	0.0	0.0	0.0	0.0	0.0	0.0	0.0	0.0	0.0	0.0
13.764215250543677	0.0	0.0	0.0	0.0	0.0	0.0	0.0	0.0	0.0	0.0	0.0	0.0	0.0
14.032655259888655	0.0	0.0	0.0	0.0	0.0	0.0	0.0	0.0	0.0	0.0	0.0	0.0	0.0
14.310400056077613	0.0	0.0	0.0	0.0	0.0	0.0	0.0	0.0	0.0	0.0	0.0	0.0	0.0
14.597900441026997	0.0	0.0	0.0	0.0	0.0	0.0	0.0	0.0	0.0	0.0	0.0	0.0	0.0
14.895635335204995	0.0	0.0	0.0	0.0	0.0	0.0	0.0	0.0	0.0	0.0	0.0	0.0	0.0
15.204113925113838	0.0	0.0	0.0	0.0	0.0	0.0	0.0	0.0	0.0	0.0	0.0	0.0	0.0
15.523878004915034	0.0	0.0	0.0	0.0	0.0	0.0	0.0	0.0	0.0	0.0	0.0	0.0	0.0
15.85550453247599	0.0	0.0	0.0	0.0	0.0	0.0	0.0	0.0	0.0	0.0	0.0	0.0	0.0
16.199608422520487	0.0	0.0	0.0	0.0	0.0	0.0	0.0	0.0	0.0	0.0	0.0	0.0	0.0
16.5568456022877	0.0	0.0	0.0	0.0	0.0	0.0	0.0	0.0	0.0	0.0	0.0	0.0	0.0
16.92791635819062	0.0	0.0	0.0	0.0	0.0	0.0	0.0	0.0	0.0	0.0	0.0	0.0	0.0
17.313569005474015	0.0	0.0	0.0	0.0	0.0	0.0	0.0	0.0	0.0	0.0	0.0	0.0	0.0
17.714603916858863	0.0	0.0	0.0	0.0	0.0	0.0	0.0	0.0	0.0	0.0	0.0	0.0	0.0
18.13187795070835	0.0	0.0	0.0	0.0	0.0	0.0	0.0	0.0	0.0	0.0	0.0	0.0	0.0
18.566309324436066	0.0	0.0	0.0	0.0	0.0	0.0	0.0	0.0	0.0	0.0	0.0	0.0	0.0
19.01888298480902	0.0	0.0	0.0	0.0	0.0	0.0	0.0	0.0	0.0	0.0	0.0	0.0	0.0
19.49065653358219	0.0	0.0	0.0	0.0	0.0	0.0	0.0	0.0	0.0	0.0	0.0	0.0	0.0
19.98276677469149	0.0	0.0	0.0	0.0	0.0	0.0	0.0	0.0	0.0	0.0	0.0	0.0	0.0
20.49643695816997	0.0	0.0	0.0	0.0	0.0	0.0	0.0	0.0	0.0	0.0	0.0	0.0	0.0
21.03298480624661	0.0	0.0	0.0	0.0	0.0	0.0	0.0	0.0	0.0	0.0	0.0	0.0	0.0
21.593831418948692	0.0	0.0	0.0	0.0	0.0	0.0	0.0	0.0	0.0	0.0	0.0	0.0	0.0
22.180511170231004	0.0	0.0	0.0	0.0	0.0	0.0	0.0	0.0	0.0	0.0	0.0	0.0	0.0
22.794682721504643	0.0	0.0	0.0	0.0	0.0	0.0	0.0	0.0	0.0	0.0	0.0	0.0	0.0
23.438141297817925	0.0	0.0	0.0	0.0	0.0	0.0	0.0	0.0	0.0	0.0	0.0	0.0	0.0
24.11283239328006	0.0	0.0	0.0	0.0	0.0	0.0	0.0	0.0	0.0	0.0	0.0	0.0	0.0
24.820867097156356	0.0	0.0	0.0	0.0	0.0	0.0	0.0	0.0	0.0	0.0	0.0	0.0	0.0
25.56453926102166	0.0	0.0	0.0	0.0	0.0	0.0	0.0	0.0	0.0	0.0	0.0	0.0	0.0
26.34634476119484	0.0	0.0	0.0	0.0	0.0	0.0	0.0	0.0	0.0	0.0	0.0	0.0	0.0
27.16900315029183	0.0	0.0	0.0	0.0	0.0	0.0	0.0	0.0	0.0	0.0	0.0	0.0	0.0
28.0354820382151	0.0	0.0	0.0	0.0	0.0	0.0	0.0	0.0	0.0	0.0	0.0	0.0	0.0
28.94902459755302	0.0	0.0	0.0	0.0	0.0	0.0	0.0	0.0	0.0	0.0	0.0	0.0	0.0
29.913180652757237	0.0	0.0	0.0	0.0	0.0	0.0	0.0	0.0	0.0	0.0	0.0	0.0	0.0
30.931841888535104	0.0	0.0	0.0	0.0	0.0	0.0	0.0	0.0	0.0	0.0	0.0	0.0	0.0
32.009281802919176	0.0	0.0	0.0	0.0	0.0	0.0	0.0	0.0	0.0	0.0	0.0	0.0	0.0
33.150201137287375	0.0	0.0	0.0	0.0	0.0	0.0	0.0	0.0	0.0	0.0	0.0	0.0	0.0
34.35977964263887	0.0	0.0	0.0	0.0	0.0	0.0	0.0	0.0	0.0	0.0	0.0	0.0	0.0
35.64373519282299	0.0	0.0	0.0	0.0	0.0	0.0	0.0	0.0	0.0	0.0	0.0	0.0	0.0
37.00839143634043	0.0	0.0	0.0	0.0	0.0	0.0	0.0	0.0	0.0	0.0	0.0	0.0	0.0
38.46075539501939	0.0	0.0	0.0	0.0	0.0	0.0	0.0	0.0	0.0	0.0	0.0	0.0	0.0
40.00860667804736	0.0	0.0	0.0	0.0	0.0	0.0	0.0	0.0	0.0	0.0	0.0	0.0	0.0
41.660600292994545	0.0	0.0	0.0	0.0	0.0	0.0	0.0	0.0	0.0	0.0	0.0	0.0	0.0
43.42638541337595	0.0	0.0	0.0	0.0	0.0	0.0	0.0	0.0	0.0	0.0	0.0	0.0	0.0
45.31674291941548	0.0	0.0	0.0	0.0	0.0	0.0	0.0	0.0	0.0	0.0	0.0	0.0	0.0
47.34374508309793	0.0	0.0	0.0	0.0	0.0	0.0	0.0	0.0	0.0	0.0	0.0	0.0	0.0
49.520941442628725	0.0	0.0	0.0	0.0	0.0	0.0	0.0	0.0	0.0	0.0	0.0	0.0	0.0
51.863575733022145	0.0	0.0	0.0	0.0	0.0	0.0	0.0	0.0	0.0	0.0	0.0	0.0	0.0
54.388839743463635	0.0	0.0	0.0	0.0	0.0	0.0	0.0	0.0	0.0	0.0	0.0	0.0	0.0
57.11617120189096	0.0	0.0	0.0	0.0	0.0	0.0	0.0	0.0	0.0	0.0	0.0	0.0	0.0
60.06760429739204	0.0	0.0	0.0	0.0	0.0	0.0	0.0	0.0	0.0	0.0	0.0	0.0	0.0
63.268183309907286	0.0	0.0	0.0	0.0	0.0	0.0	0.0	0.0	0.0	0.0	0.0	0.0	0.0
66.74645211027675	0.0	0.0	0.0	0.0	0.0	0.0	0.0	0.0	0.0	0.0	0.0	0.0	0.0
70.53503512987112	0.0	0.0	0.0	0.0	0.0	0.0	0.0	0.0	0.0	0.0	0.0	0.0	0.0
74.6713289140615	0.0	0.0	0.0	0.0	0.0	0.0	0.0	0.0	0.0	0.0	0.0	0.0	0.0
79.19832773901041	0.0	0.0	0.0	0.0	0.0	0.0	0.0	0.0	0.0	0.0	0.0	0.0	0.0
84.16561220279168	0.0	0.0	0.0	0.0	0.0	0.0	0.0	0.0	0.0	0.0	0.0	0.0	0.0
89.63053647246414	0.0	0.0	0.0	0.0	0.0	0.0	0.0	0.0	0.0	0.0	0.0	0.0	0.0
95.65965832232261	0.0	0.0	0.0	0.0	0.0	0.0	0.0	0.0	0.0	0.0	0.0	0.0	0.0
102.3304666678743	0.0	0.0	0.0	0.0	0.0	0.0	0.0	0.0	0.0	0.0	0.0	0.0	0.0
109.73347453174478	0.0	0.0	0.0	0.0	0.0	0.0	0.0	0.0	0.0	0.0	0.0	0.0	0.0
117.97476195792008	0.0	0.0	0.0	0.0	0.0	0.0	0.0	0.0	0.0	0.0	0.0	0.0	0.0
127.17907418297912	0.0	0.0	0.0	0.0	0.0	0.0	0.0	0.0	0.0	0.0	0.0	0.0	0.0
137.49360646007736	0.0	0.0	0.0	0.0	0.0	0.0	0.0	0.0	0.0	0.0	0.0	0.0	0.0
149.09263967159185	0.0	0.0	0.0	0.0	0.0	0.0	0.0	0.0	0.0	0.0	0.0	0.0	0.0
162.1832319596098	0.0	0.0	0.0	0.0	0.0	0.0	0.0	0.0	0.0	0.0	0.0	0.0	0.0
177.01222316926038	0.0	0.0	0.0	0.0	0.0	0.0	0.0	0.0	0.0	0.0	0.0	0.0	0.0
193.87487360358168	0.0	0.0	0.0	0.0	0.0	0.0	0.0	0.0	0.0	0.0	0.0	0.0	0.0
213.12553975827186	0.0	0.0	0.0	0.0	0.0	0.0	0.0	0.0	0.0	0.0	0.0	0.0	0.0
235.19089151791508	0.0	0.0	0.0	0.0	0.0	0.0	0.0	0.0	0.0	0.0	0.0	0.0	0.0
260.5863030482026	0.0	0.0	0.0	0.0	0.0	0.0	0.0	0.0	0.0	0.0	0.0	0.0	0.0
289.9362100209578	0.0	0.0	0.0	0.0	0.0	0.0	0.0	0.0	0.0	0.0	0.0	0.0	0.0
323.99942750601514	0.0	0.0	0.0	0.0	0.0	0.0	0.0	0.0	0.0	0.0	0.0	0.0	0.0
363.7006770126422	0.0	0.0	0.0	0.0	0.0	0.0	0.0	0.0	0.0	0.0	0.0	0.0	0.0
410.16989243322365	0.0	0.0	0.0	0.0	0.0	0.0	0.0	0.0	0.0	0.0	0.0	0.0	0.0
464.7912823023272	0.0	0.0	0.0	0.0	0.0	0.0	0.0	0.0	0.0	0.0	0.0	0.0	0.0
529.2646452741684	0.0	0.0	0.0	0.0	0.0	0.0	0.0	0.0	0.0	0.0	0.0	0.0	0.0
605.682100463417	0.0	0.0	0.0	0.0	0.0	0.0	0.0	0.0	0.0	0.0	0.0	0.0	0.0
696.6242487196175	0.0	0.0	0.0	0.0	0.0	0.0	0.0	0.0	0.0	0.0	0.0	0.0	0.0
805.2808883258131	0.0	0.0	0.0	0.0	0.0	0.0	0.0	0.0	0.0	0.0	0.0	0.0	0.0
935.6028275370513	0.0	0.0	0.0	0.0	0.0	0.0	0.0	0.0	0.0	0.0	0.0	0.0	0.0
1092.4931880064285	0.0	0.0	0.0	0.0	0.0	0.0	0.0	0.0	0.0	0.0	0.0	0.0	0.0
1282.0488158321057	0.0	0.0	0.0	0.0	0.0	0.0	0.0	0.0	0.0	0.0	0.0	0.0	0.0
1511.867043643136	0.0	0.0	0.0	0.0	0.0	0.0	0.0	0.0	0.0	0.0	0.0	0.0	0.0
1791.43286235788	1.3758215090194053e+32	1.1864059391347368e+30	6.76256360636869e+29	3.5875956348966236e+29	2.3224918996574372e+29	1.263366434816089e+29	3.228020858829038e+28	1.5967251630360057e+28	6.056799835216044e+27	4.210533990987988e+29	2.0352350265865638e+29	1.263366434816089e+29	8.372109498049376e+28
2122.7011660142334	4.2803888251170936e+35	5.024684740666858e+33	2.878486192201221e+33	1.5338143244701337e+33	9.953677284564789e+32	5.429657160923246e+32	1.3933971978036294e+32	6.902954852202614e+31	2.6225976524553457e+31	1.7983235749358487e+33	8.728341218597369e+32	5.429657160923246e+32	3.603737573210501e+32
2515.2336513659498	1.054813605267195e+38	1.7865921947395495e+36	1.0305948165512565e+36	5.5250606759612905e+35	3.597538455953649e+35	1.9699745174291795e+35	5.0858027919756715e+34	2.524819898895399e+34	9.613033937191577e+33	6.468868697504878e+35	3.157540872011502e+35	1.9699745174291795e+35	1.3102888404003902e+35
2980.360873393099	4.667806172422913e+39	1.0876479788502178e+38	6.318486008039993e+37	3.4083444079483686e+37	2.2268391825294537e+37	1.2241354355263854e+37	3.179419131371506e+36	1.5817412920717385e+36	6.035370264777577e+35	3.984944607478773e+37	1.956287153776167e+37	1.2241354355263854e+37	8.159635811509713e+36
3531.5089670770585	3.376659747316845e+40	1.1388732541088567e+39	6.680236673859018e+38	3.633972356115949e+38	2.3852712908946506e+38	1.3181607307600654e+38	3.4517159840880403e+37	1.7221119982556831e+37	6.590158898436572e+36	4.240582962010146e+38	2.0980978712930937e+38	1.3181607307600654e+38	8.812063523430663e+37
4184.587298031964	3.9362968188734614e+40	1.891304790328219e+39	1.1217652343483557e+39	6.1615291982926065e+38	4.065784206731174e+38	2.2604127986639185e+38	5.974327779549782e+37	2.9903321451113466e+37	1.1481178829663005e+37	7.174245894062186e+38	3.58140831340056e+38	2.2604127986639185e+38	1.5161450106408397e+38
4958.447822483102	4.533863358065352e+40	3.038286638540007e+39	1.8249887936441905e+39	1.013462471774123e+39	6.727673654609607e+38	3.765797645949194e+38	1.0057610478842523e+38	5.05241152513842e+37	1.9470102914913913e+37	1.177096701563874e+39	5.935763197315143e+38	3.765797645949194e+38	2.5353372337915176e+38
5875.4291991967	5.711113229294075e+40	5.2700500699906564e+39	3.212394994535318e+39	1.8067210365411176e+39	1.2076820122353226e+39	6.813041787628876e+38	1.8415500811315834e+38	9.289366979511518e+37	3.594873473774358e+37	2.092389738194327e+39	1.0675147731379976e+39	6.813041787628876e+38	4.606680287511506e+38
6962.001809498666	1.9649250292768086e+41	1.201309089834722e+40	7.236814166021387e+39	4.0298177231353735e+39	2.6793502146978055e+39	1.5025528055304048e+39	4.02503400938967e+38	2.0241410799202704e+38	7.808976779252346e+37	4.677473377091356e+39	2.364997937865428e+39	1.5025528055304048e+39	1.0126681184728279e+39
8249.531505807137	7.291047683721707e+41	3.1010519858344683e+40	1.8345619403170971e+40	1.0054705100116285e+40	6.626946620080583e+39	3.6794495219139307e+39	9.705383208722679e+38	4.8544941605483394e+38	1.8625504810437396e+38	1.1713094138528925e+40	5.835602833847421e+39	3.6794495219139307e+39	2.466163846337289e+39
9775.18514191524	1.4399437105117273e+42	6.02765059254231e+40	3.561701287651422e+40	1.950003115931416e+40	1.2844678239078067e+40	7.126850532456709e+39	1.8778645669831354e+39	9.389278703734246e+38	3.601045076753379e+38	2.272182346204514e+40	1.130903859762236e+40	7.126850532456709e+39	4.774985248895411e+39
11583.00342354629	1.6834410259589712e+42	9.512254101353421e+40	5.680637430941016e+40	3.1388634324919604e+40	2.0780075034838355e+40	1.15958476436663e+40	3.082418277497448e+39	1.5459201617304603e+39	5.9475255450133725e+38	3.6498097489026996e+40	1.83206176149153e+40	1.15958476436663e+40	7.79374071119016e+39
13725.172217108338	1.5387262176550403e+42	1.3421538103086356e+41	8.167350490297562e+40	4.58693326625098e+40	3.0637349629363873e+40	1.7269037839392894e+40	4.6617689599341217e+39	2.3505118666238824e+39	9.092164659342792e+38	5.313905454533229e+40	2.707593617625301e+40	1.7269037839392894e+40	1.1671129448956507e+40
16263.529019372621	1.1923370581624967e+42	1.7051687198189845e+41	1.068585911464488e+41	6.155189353497534e+40	4.168103320485164e+40	2.3860672816551386e+40	6.595144060789082e+39	3.352470562761613e+39	1.3075142305613486e+39	7.089886811055474e+40	3.6972302191201616e+40	2.3860672816551386e+40	1.6263631737980971e+40
19271.34802444329	7.785966084819387e+41	1.8588131153846685e+41	1.2226330549169193e+41	7.340941618095428e+40	5.083827286724345e+40	2.984454543143325e+40	8.569238585927467e+39	4.412919765536057e+39	1.7438106525242355e+39	8.376623807512403e+40	4.5367306258833175e+40	2.984454543143325e+40	2.0623765154373204e+40
22835.455334318518	4.589776301364032e+41	1.6155843683113954e+41	1.1522313060760803e+41	7.414935505227274e+40	5.330402943430064e+40	3.262370058137361e+40	9.970484900454342e+39	5.2438343848803295e+39	2.116339623592949e+39	8.329460221047485e+40	4.804533992555482e+40	3.262370058137361e+40	2.3060243437008085e+40
27058.73539037414	2.0933345028623325e+41	9.364772348944226e+40	7.638949594074092e+40	5.5348558587931695e+40	4.245106060905997e+40	2.79406179605113e+40	9.521021774495314e+39	5.1934744601157146e+39	2.1734620478059217e+39	6.05166492567718e+40	3.8934802576113654e+40	2.79406179605113e+40	2.0546227133888924e+40
32063.10093147463	1.2961835866456329e+41	5.978178557388508e+40	5.246454959128945e+40	4.128343010208826e+40	3.3365958817240027e+40	2.3431016952974235e+40	8.892472735661608e+39	5.040881514764212e+39	2.1937734452644304e+39	4.422970909162529e+40	3.106294565303658e+40	2.3431016952974235e+40	1.789282369939927e+40
37993.012113870245	9.791382461895834e+40	4.149303584934043e+40	3.835949249282344e+40	3.1843364620526645e+40	2.66687919701232e+40	1.9654532421854863e+40	8.195272965779381e+39	4.825629044293822e+39	2.187447394611919e+39	3.366591001689642e+40	2.509408976315708e+40	1.9654532421854863e+40	1.5479756398976977e+40
45019.64669001599	7.884868715162218e+40	2.33160391541264e+40	2.358970298824969e+40	2.1402449158427922e+40	1.8888714894851068e+40	1.4844059241647773e+40	6.952210892832155e+39	4.291736494049278e+39	2.0494409659683122e+39	2.215795137845235e+40	1.8037328050252542e+40	1.4844059241647773e+40	1.215202337265419e+40
53345.84137040408	7.817164261923814e+40	8.646258613490381e+39	9.286960060497626e+39	9.640515074166208e+39	9.422377684039813e+39	8.481205865907757e+39	5.0458031746936474e+39	3.3995428118932474e+39	1.773481445147649e+39	9.619283911897247e+39	9.276656803308884e+39	8.481205865907757e+39	7.538987300370839e+39
63211.947091092596	3.6546926825902726e+40	3.476343603621582e+39	2.5305530496482495e+39	2.054713082045897e+39	2.0357919412924275e+39	2.2250166882226353e+39	2.2779522427398124e+39	1.8833194172458028e+39	1.196893626402817e+39	2.1187151496059486e+39	2.0639367615059232e+39	2.2250166882226353e+39	2.3530706114413675e+39
74902.76720990306	2.702094206840136e+40	3.148404339438304e+39	2.2264780337790824e+39	1.593758506221715e+39	1.4153088752488943e+39	1.4461689674118813e+39	1.7319916559592543e+39	1.5840771223720682e+39	1.1221311471290514e+39	1.7111720409290317e+39	1.398341108346653e+39	1.4461689674118813e+39	1.5639174694514414e+39
88755.77861701095	2.000904158267154e+40	2.8340102638716856e+39	2.0170692775029063e+39	1.3638071823486113e+39	1.092737096740491e+39	9.568305803690373e+38	1.212937534053947e+39	1.2420240883139693e+39	1.002259878074072e+39	1.5006934227129317e+39	1.0399024552176116e+39	9.568305803690373e+38	9.958071172460308e+38
105170.87373563764	1.4726141864610637e+40	2.5125738214660167e+39	1.8241987258382576e+39	1.2297090751950766e+39	9.384203840603814e+38	7.010894315690391e+38	7.776997731320019e+38	8.877435234239365e+38	8.351058649126572e+38	1.3612428167304495e+39	8.69724064801594e+38	7.010894315690391e+38	6.530832710972293e+38
124621.90411197	1.0779624297872675e+40	2.1895120355151866e+39	1.6272336501183934e+39	1.1180470884902938e+39	8.48233231284285e+38	5.831299720390451e+38	4.772566366918504e+38	5.796283396212341e+38	6.391125512064228e+38	1.2337626811460018e+39	7.793534934755273e+38	5.831299720390451e+38	4.826580315913196e+38
147670.3589570548	7.855539529505514e+39	1.8747964942719186e+39	1.4278130172647807e+39	1.0061576821283758e+39	7.724210204146338e+38	5.2196627989853874e+38	3.019017991275739e+38	3.516892172182384e+38	4.465491004249344e+38	1.1037049416714531e+39	7.104856025454858e+38	5.2196627989853874e+38	4.0462411515094894e+38
174981.57349610928	5.704414455335769e+39	1.577052795136416e+39	1.2318379798035341e+39	8.917481882790607e+38	6.96292116325577e+38	4.769332554056013e+38	2.1658313610196037e+38	2.1023503519298306e+38	2.837442410464171e+38	9.717218158268838e+38	6.433480719978771e+38	4.769332554056013e+38	3.6427355760929976e+38
207343.93500562827	4.1301609917059204e+39	1.302257519479913e+39	1.0446241110573086e+39	7.774896471690666e+38	6.182331586092286e+38	4.332502063098266e+38	1.7995432942272527e+38	1.3749709359380473e+38	1.6665958695204785e+38	8.414175559618548e+38	5.742866616472052e+38	4.332502063098266e+38	3.336873226908384e+38
245691.64095158866	2.981454736018951e+39	1.0537595069237063e+39	8.699288306943368e+38	6.663735194890151e+38	5.398980660438407e+38	3.879881742578962e+38	1.6237900368334604e+38	1.0597994614802415e+38	9.603598070228998e+37	7.160914009058265e+38	5.043251096801179e+38	3.879881742578962e+38	3.033983844496552e+38
291131.6661789085	2.1442421900704096e+39	8.329785615014557e+38	7.100345234934781e+38	5.607629397972851e+38	4.631978426931544e+38	3.4163969351800166e+38	1.4944892634497105e+38	9.282955973910338e+37	6.076855615154768e+37	5.981770180278784e+38	4.3516399043985944e+38	3.4163969351800166e+38	2.7169856376127135e+38
344975.7176030231	1.5345112366386956e+39	6.403277110443245e+38	5.662234157367155e+38	4.6239731173570515e+38	3.8978329706575896e+38	2.953076949118367e+38	1.3642939749254927e+38	8.527841060453217e+37	4.6044210469807255e+37	4.893648345408582e+38	3.683720784165765e+38	2.953076949118367e+38	2.3900163068339653e+38
408778.0988263566	1.0913104003017607e+39	4.758885589532916e+38	4.3928690253679696e+38	3.725783591579034e+38	3.2104923024654422e+38	2.501534547111816e+38	1.2247129757781662e+38	7.840189844794907e+37	4.0202021462480567e+37	3.9086368429141764e+38	3.0532571683820043e+38	2.501534547111816e+38	2.061498864827818e+38
484380.5777016043	7.705148138773254e+38	3.3957081821733847e+38	3.2980904295172812e+38	2.923134795749191e+38	2.581620514961783e+38	2.072974637587801e+38	1.0780466367488507e+38	7.100231199847896e+37	3.695601794999996e+37	3.0359129175436165e+38	2.472090214043829e+38	2.072974637587801e+38	1.7407821352277328e+38
573965.5520147061	5.3985300629326265e+38	2.3081427623379583e+38	2.3814857752183192e+38	2.2235061690481516e+38	2.020343627763419e+38	1.677276383589067e+38	9.290970732141143e+37	6.30654180929695e+37	3.3984153671736934e+37	2.2821912401271548e+38	1.9496919875737267e+38	1.677276383589067e+38	1.4369546810742764e+38
680119.04799852	3.753729966318893e+38	1.4813943637469433e+38	1.6422355223090252e+38	1.6313305842285271e+38	1.5328004210761548e+38	1.322012364647147e+38	7.83158941684314e+37	5.485140564744357e+37	3.0764656630608856e+37	1.6510513616676725e+38	1.4926103321508184e+38	1.322012364647147e+38	1.1577002882242578e+38
805905.3702280271	2.591328374251678e+38	8.888150195364142e+37	1.0727684373807538e+38	1.1473027853064371e+38	1.121924108462601e+38	1.011940701791161e+38	6.451034019309021e+37	4.667153578769126e+37	2.7308878402382427e+37	1.1418900875964393e+38	1.1042554537432626e+38	1.011940701791161e+38	9.084780602804277e+37
954955.5577828385	1.7770490874237824e+38	4.928263121515634e+37	6.576414510826713e+37	7.678192780944981e+37	7.874881503775559e+37	7.491362563598139e+37	5.187488609747406e+37	3.8822171209479667e+37	2.3737427256048037e+37	7.4910372272539565e+37	7.850467703616371e+37	7.491362563598139e+37	6.92344375569815e+37
1131572.2001016096	1.2113062836431865e+38	2.491951373493824e+37	3.742400476648012e+37	4.847565308370993e+37	5.262086914894736e+37	5.3345380804095465e+37	4.065793836914517e+37	3.1546994533422904e+37	2.0186841182649543e+37	4.618728763941777e+37	5.326359398660794e+37	5.3345380804095465e+37	5.102971967193846e+37
1340853.638200166	8.211776100712863e+37	1.1314831731766796e+37	1.9519931135475623e+37	2.857998163051283e+37	3.318478690245515e+37	3.6293034321326546e+37	3.098039937454689e+37	2.501600266019387e+37	1.6785226164154003e+37	2.647880279411494e+37	3.4205142196359147e+37	3.6293034321326546e+37	3.617732992272302e+37
1588841.1365128139	5.5396586144331915e+37	4.5316557766597695e+36	9.195425774207948e+36	1.5549858222864596e+37	1.9550775953669175e+37	2.3399133808480156e+37	2.286261337122876e+37	1.9322447319723228e+37	1.3637687918078683e+37	1.3938931440907482e+37	2.0590045066799533e+37	2.3399133808480156e+37	2.4500791772019164e+37
1882693.2736977693	3.7205495906357066e+37	1.5681109061629767e+36	3.846027140361964e+36	7.700709893520934e+36	1.0633372942843604e+37	1.4159513218175806e+37	1.6255129378776317e+37	1.4494459924875196e+37	1.0817326239542531e+37	6.640423258225551e+36	1.1486693226363758e+37	1.4159513218175806e+37	1.5720343020581981e+37
2230892.5864636707	2.488892708081577e+37	4.577115733355263e+35	1.40027448996177e+36	3.4161285520816693e+36	5.2657471846060596e+36	7.952175304831105e+36	1.1060690440097422e+37	1.0513514445377702e+37	8.363377033132061e+36	2.8149765212040135e+36	5.860909851071712e+36	7.952175304831105e+36	9.463391614566222e+36
2643490.43150555	1.6590500790046978e+37	1.0960225237596892e+35	4.3374529340016236e+35	1.3326199578311675e+36	2.3365672367781355e+36	4.0910406010719356e+36	7.144638859433562e+36	7.331081610180779e+36	6.285957903995904e+36	1.0413482443103238e+36	2.6934706497412036e+36	4.0910406010719356e+36	5.284324331294998e+36
3132397.133860982	1.102377614292444e+37	2.0846255934329885e+34	1.1131648842528033e+35	4.4746771236472155e+35	9.119834256766794e+35	1.8989359610472713e+36	4.339335343105453e+36	4.878584542509113e+36	4.5743843953614304e+36	3.2867110205056704e+35	1.0953158017023583e+36	1.8989359610472713e+36	2.7011239282145105e+36
3711725.7972564315	7.304124364876993e+36	3.0332954202325126e+33	2.295225591827062e+34	1.26170263152867e+35	3.064766651628376e+35	7.814623734599414e+35	2.4505003152580852e+36	3.0713248076061734e+36	3.205169832975227e+36	8.622382413828255e+34	3.8614826110161656e+35	7.814623734599414e+35	1.2446848390563249e+36
4398199.701046024	4.827364731307331e+36	3.2324949312561677e+32	3.668761100492346e+33	2.9029978077534313e+34	8.651081431113954e+34	2.794123105786521e+35	1.2701050657592565e+36	1.8105338884943408e+36	2.1471351465732204e+36	1.824075981115908e+34	1.1526056595581235e+35	2.794123105786521e+35	5.079854400554603e+35
