#t	Le	U	B	V	R	I	J	H	K	g	r	i	z
#----------------------------------------------- 
2.981965994818276	0.0	0.0	0.0	0.0	0.0	0.0	0.0	0.0	0.0	0.0	0.0	0.0	0.0
3.060934123152332	0.0	0.0	0.0	0.0	0.0	0.0	0.0	0.0	0.0	0.0	0.0	0.0	0.0
3.1577111884526037	0.0	0.0	0.0	0.0	0.0	0.0	0.0	0.0	0.0	0.0	0.0	0.0	0.0
3.2611594092585996	0.0	0.0	0.0	0.0	0.0	0.0	0.0	0.0	0.0	0.0	0.0	0.0	0.0
3.3699678468014023	0.0	0.0	0.0	0.0	0.0	0.0	0.0	0.0	0.0	0.0	0.0	0.0	0.0
3.4839817690682486	0.0	0.0	0.0	0.0	0.0	0.0	0.0	0.0	0.0	0.0	0.0	0.0	0.0
3.603301084482982	0.0	0.0	0.0	0.0	0.0	0.0	0.0	0.0	0.0	0.0	0.0	0.0	0.0
3.7281121393679872	0.0	0.0	0.0	0.0	0.0	0.0	0.0	0.0	0.0	0.0	0.0	0.0	0.0
3.8586415482443113	0.0	0.0	0.0	0.0	0.0	0.0	0.0	0.0	0.0	0.0	0.0	0.0	0.0
3.9951402135754135	0.0	0.0	0.0	0.0	0.0	0.0	0.0	0.0	0.0	0.0	0.0	0.0	0.0
4.137876903528481	0.0	0.0	0.0	0.0	0.0	0.0	0.0	0.0	0.0	0.0	0.0	0.0	0.0
4.287135408838014	0.0	0.0	0.0	0.0	0.0	0.0	0.0	0.0	0.0	0.0	0.0	0.0	0.0
4.44321321170722	0.0	0.0	0.0	0.0	0.0	0.0	0.0	0.0	0.0	0.0	0.0	0.0	0.0
4.606420852348048	0.0	0.0	0.0	0.0	0.0	0.0	0.0	0.0	0.0	0.0	0.0	0.0	0.0
4.777081637978337	0.0	0.0	0.0	0.0	0.0	0.0	0.0	0.0	0.0	0.0	0.0	0.0	0.0
4.955531526123743	0.0	0.0	0.0	0.0	0.0	0.0	0.0	0.0	0.0	0.0	0.0	0.0	0.0
5.142119096959807	0.0	0.0	0.0	0.0	0.0	0.0	0.0	0.0	0.0	0.0	0.0	0.0	0.0
5.337205568852568	0.0	0.0	0.0	0.0	0.0	0.0	0.0	0.0	0.0	0.0	0.0	0.0	0.0
5.541164831155477	0.0	0.0	0.0	0.0	0.0	0.0	0.0	0.0	0.0	0.0	0.0	0.0	0.0
5.754383478934513	0.0	0.0	0.0	0.0	0.0	0.0	0.0	0.0	0.0	0.0	0.0	0.0	0.0
5.977260840244795	0.0	0.0	0.0	0.0	0.0	0.0	0.0	0.0	0.0	0.0	0.0	0.0	0.0
6.21020899008523	0.0	0.0	0.0	0.0	0.0	0.0	0.0	0.0	0.0	0.0	0.0	0.0	0.0
6.453652747370263	0.0	0.0	0.0	0.0	0.0	0.0	0.0	0.0	0.0	0.0	0.0	0.0	0.0
6.708029652701139	0.0	0.0	0.0	0.0	0.0	0.0	0.0	0.0	0.0	0.0	0.0	0.0	0.0
6.973789925773399	0.0	0.0	0.0	0.0	0.0	0.0	0.0	0.0	0.0	0.0	0.0	0.0	0.0
7.251396402060142	0.0	0.0	0.0	0.0	0.0	0.0	0.0	0.0	0.0	0.0	0.0	0.0	0.0
7.541324449051049	0.0	0.0	0.0	0.0	0.0	0.0	0.0	0.0	0.0	0.0	0.0	0.0	0.0
7.844061862917113	0.0	0.0	0.0	0.0	0.0	0.0	0.0	0.0	0.0	0.0	0.0	0.0	0.0
8.160108746957134	0.0	0.0	0.0	0.0	0.0	0.0	0.0	0.0	0.0	0.0	0.0	0.0	0.0
8.489977373670381	0.0	0.0	0.0	0.0	0.0	0.0	0.0	0.0	0.0	0.0	0.0	0.0	0.0
8.834192032700615	0.0	0.0	0.0	0.0	0.0	0.0	0.0	0.0	0.0	0.0	0.0	0.0	0.0
9.193288867316797	0.0	0.0	0.0	0.0	0.0	0.0	0.0	0.0	0.0	0.0	0.0	0.0	0.0
9.567815702426937	0.0	0.0	0.0	0.0	0.0	0.0	0.0	0.0	0.0	0.0	0.0	0.0	0.0
9.95833186743495	0.0	0.0	0.0	0.0	0.0	0.0	0.0	0.0	0.0	0.0	0.0	0.0	0.0
10.365408017494962	0.0	0.0	0.0	0.0	0.0	0.0	0.0	0.0	0.0	0.0	0.0	0.0	0.0
10.789625956939789	0.0	0.0	0.0	0.0	0.0	0.0	0.0	0.0	0.0	0.0	0.0	0.0	0.0
11.231578468778567	0.0	0.0	0.0	0.0	0.0	0.0	0.0	0.0	0.0	0.0	0.0	0.0	0.0
11.691869154242143	0.0	0.0	0.0	0.0	0.0	0.0	0.0	0.0	0.0	0.0	0.0	0.0	0.0
12.171112286373479	0.0	0.0	0.0	0.0	0.0	0.0	0.0	0.0	0.0	0.0	0.0	0.0	0.0
12.669932681607879	0.0	0.0	0.0	0.0	0.0	0.0	0.0	0.0	0.0	0.0	0.0	0.0	0.0
13.188965593172234	0.0	0.0	0.0	0.0	0.0	0.0	0.0	0.0	0.0	0.0	0.0	0.0	0.0
13.728856629971405	0.0	0.0	0.0	0.0	0.0	0.0	0.0	0.0	0.0	0.0	0.0	0.0	0.0
14.290261704393142	0.0	0.0	0.0	0.0	0.0	0.0	0.0	0.0	0.0	0.0	0.0	0.0	0.0
14.873847012224314	0.0	0.0	0.0	0.0	0.0	0.0	0.0	0.0	0.0	0.0	0.0	0.0	0.0
15.480289047547815	0.0	0.0	0.0	0.0	0.0	0.0	0.0	0.0	0.0	0.0	0.0	0.0	0.0
16.110274655171697	0.0	0.0	0.0	0.0	0.0	0.0	0.0	0.0	0.0	0.0	0.0	0.0	0.0
16.76450112278276	0.0	0.0	0.0	0.0	0.0	0.0	0.0	0.0	0.0	0.0	0.0	0.0	0.0
17.443676314684396	0.0	0.0	0.0	0.0	0.0	0.0	0.0	0.0	0.0	0.0	0.0	0.0	0.0
18.148518848583546	0.0	0.0	0.0	0.0	0.0	0.0	0.0	0.0	0.0	0.0	0.0	0.0	0.0
18.879758316596384	0.0	0.0	0.0	0.0	0.0	0.0	0.0	0.0	0.0	0.0	0.0	0.0	0.0
19.63813555124775	0.0	0.0	0.0	0.0	0.0	0.0	0.0	0.0	0.0	0.0	0.0	0.0	0.0
20.424402936997446	0.0	0.0	0.0	0.0	0.0	0.0	0.0	0.0	0.0	0.0	0.0	0.0	0.0
21.239324767487133	0.0	0.0	0.0	0.0	0.0	0.0	0.0	0.0	0.0	0.0	0.0	0.0	0.0
22.08367764849143	0.0	0.0	0.0	0.0	0.0	0.0	0.0	0.0	0.0	0.0	0.0	0.0	0.0
22.958250946343938	0.0	0.0	0.0	0.0	0.0	0.0	0.0	0.0	0.0	0.0	0.0	0.0	0.0
23.863847281422675	0.0	0.0	0.0	0.0	0.0	0.0	0.0	0.0	0.0	0.0	0.0	0.0	0.0
24.80128306614409	0.0	0.0	0.0	0.0	0.0	0.0	0.0	0.0	0.0	0.0	0.0	0.0	0.0
25.771389086859898	0.0	0.0	0.0	0.0	0.0	0.0	0.0	0.0	0.0	0.0	0.0	0.0	0.0
26.775011128938075	0.0	0.0	0.0	0.0	0.0	0.0	0.0	0.0	0.0	0.0	0.0	0.0	0.0
27.813010644348818	0.0	0.0	0.0	0.0	0.0	0.0	0.0	0.0	0.0	0.0	0.0	0.0	0.0
28.886265461058326	0.0	0.0	0.0	0.0	0.0	0.0	0.0	0.0	0.0	0.0	0.0	0.0	0.0
29.99567053358682	0.0	0.0	0.0	0.0	0.0	0.0	0.0	0.0	0.0	0.0	0.0	0.0	0.0
31.142138734190855	0.0	0.0	0.0	0.0	0.0	0.0	0.0	0.0	0.0	0.0	0.0	0.0	0.0
32.32660168419194	0.0	0.0	0.0	0.0	0.0	0.0	0.0	0.0	0.0	0.0	0.0	0.0	0.0
33.55001062515522	0.0	0.0	0.0	0.0	0.0	0.0	0.0	0.0	0.0	0.0	0.0	0.0	0.0
34.813337329705	0.0	0.0	0.0	0.0	0.0	0.0	0.0	0.0	0.0	0.0	0.0	0.0	0.0
36.11757505197904	0.0	0.0	0.0	0.0	0.0	0.0	0.0	0.0	0.0	0.0	0.0	0.0	0.0
37.46373951789077	0.0	0.0	0.0	0.0	0.0	0.0	0.0	0.0	0.0	0.0	0.0	0.0	0.0
38.85286995553753	0.0	0.0	0.0	0.0	0.0	0.0	0.0	0.0	0.0	0.0	0.0	0.0	0.0
40.28603016630551	0.0	0.0	0.0	0.0	0.0	0.0	0.0	0.0	0.0	0.0	0.0	0.0	0.0
41.76430963742366	0.0	0.0	0.0	0.0	0.0	0.0	0.0	0.0	0.0	0.0	0.0	0.0	0.0
43.2888246969538	0.0	0.0	0.0	0.0	0.0	0.0	0.0	0.0	0.0	0.0	0.0	0.0	0.0
44.86071971237397	0.0	0.0	0.0	0.0	0.0	0.0	0.0	0.0	0.0	0.0	0.0	0.0	0.0
46.481168334176175	0.0	0.0	0.0	0.0	0.0	0.0	0.0	0.0	0.0	0.0	0.0	0.0	0.0
48.15137478609775	0.0	0.0	0.0	0.0	0.0	0.0	0.0	0.0	0.0	0.0	0.0	0.0	0.0
49.87257520384231	0.0	0.0	0.0	0.0	0.0	0.0	0.0	0.0	0.0	0.0	0.0	0.0	0.0
51.64603902438165	0.0	0.0	0.0	0.0	0.0	0.0	0.0	0.0	0.0	0.0	0.0	0.0	0.0
53.4730704281477	0.0	0.0	0.0	0.0	0.0	0.0	0.0	0.0	0.0	0.0	0.0	0.0	0.0
55.35500983666261	0.0	0.0	0.0	0.0	0.0	0.0	0.0	0.0	0.0	0.0	0.0	0.0	0.0
57.29323546841952	0.0	0.0	0.0	0.0	0.0	0.0	0.0	0.0	0.0	0.0	0.0	0.0	0.0
59.28916495603202	0.0	0.0	0.0	0.0	0.0	0.0	0.0	0.0	0.0	0.0	0.0	0.0	0.0
61.34425702796278	0.0	0.0	0.0	0.0	0.0	0.0	0.0	0.0	0.0	0.0	0.0	0.0	0.0
63.46001325837521	0.0	0.0	0.0	0.0	0.0	0.0	0.0	0.0	0.0	0.0	0.0	0.0	0.0
65.63797988893464	0.0	0.0	0.0	0.0	0.0	0.0	0.0	0.0	0.0	0.0	0.0	0.0	0.0
67.87974972664331	0.0	0.0	0.0	0.0	0.0	0.0	0.0	0.0	0.0	0.0	0.0	0.0	0.0
70.18696412211841	0.0	0.0	0.0	0.0	0.0	0.0	0.0	0.0	0.0	0.0	0.0	0.0	0.0
72.5613150329901	0.0	0.0	0.0	0.0	0.0	0.0	0.0	0.0	0.0	0.0	0.0	0.0	0.0
75.00454717742493	0.0	0.0	0.0	0.0	0.0	0.0	0.0	0.0	0.0	0.0	0.0	0.0	0.0
77.5184602831375	0.0	0.0	0.0	0.0	0.0	0.0	0.0	0.0	0.0	0.0	0.0	0.0	0.0
80.10491143766316	0.0	0.0	0.0	0.0	0.0	0.0	0.0	0.0	0.0	0.0	0.0	0.0	0.0
82.76581754625823	0.0	0.0	0.0	0.0	0.0	0.0	0.0	0.0	0.0	0.0	0.0	0.0	0.0
85.50315790284311	0.0	0.0	0.0	0.0	0.0	0.0	0.0	0.0	0.0	0.0	0.0	0.0	0.0
88.31897688190674	0.0	0.0	0.0	0.0	0.0	0.0	0.0	0.0	0.0	0.0	0.0	0.0	0.0
91.21538675837633	0.0	0.0	0.0	0.0	0.0	0.0	0.0	0.0	0.0	0.0	0.0	0.0	0.0
94.19457066313257	0.0	0.0	0.0	0.0	0.0	0.0	0.0	0.0	0.0	0.0	0.0	0.0	0.0
97.25878568258761	0.0	0.0	0.0	0.0	0.0	0.0	0.0	0.0	0.0	0.0	0.0	0.0	0.0
100.41036611118025	0.0	0.0	0.0	0.0	0.0	0.0	0.0	0.0	0.0	0.0	0.0	0.0	0.0
103.6517268663348	0.0	0.0	0.0	0.0	0.0	0.0	0.0	0.0	0.0	0.0	0.0	0.0	0.0
106.98536707595242	0.0	0.0	0.0	0.0	0.0	0.0	0.0	0.0	0.0	0.0	0.0	0.0	0.0
110.41387384930407	0.0	0.0	0.0	0.0	0.0	0.0	0.0	0.0	0.0	0.0	0.0	0.0	0.0
113.93992624281029	0.0	0.0	0.0	0.0	0.0	0.0	0.0	0.0	0.0	0.0	0.0	0.0	0.0
117.56910701381365	0.0	0.0	0.0	0.0	0.0	0.0	0.0	0.0	0.0	0.0	0.0	0.0	0.0
121.30417690067512	0.0	0.0	0.0	0.0	0.0	0.0	0.0	0.0	0.0	0.0	0.0	0.0	0.0
125.14800929003312	0.0	0.0	0.0	0.0	0.0	0.0	0.0	0.0	0.0	0.0	0.0	0.0	0.0
129.1035949233933	0.0	0.0	0.0	0.0	0.0	0.0	0.0	0.0	0.0	0.0	0.0	0.0	0.0
133.17404685446326	0.0	0.0	0.0	0.0	0.0	0.0	0.0	0.0	0.0	0.0	0.0	0.0	0.0
137.36260568503198	0.0	0.0	0.0	0.0	0.0	0.0	0.0	0.0	0.0	0.0	0.0	0.0	0.0
141.67264510102075	0.0	0.0	0.0	0.0	0.0	0.0	0.0	0.0	0.0	0.0	0.0	0.0	0.0
146.10767773234272	0.0	0.0	0.0	0.0	0.0	0.0	0.0	0.0	0.0	0.0	0.0	0.0	0.0
150.67136136061458	0.0	0.0	0.0	0.0	0.0	0.0	0.0	0.0	0.0	0.0	0.0	0.0	0.0
155.3675055002257	0.0	0.0	0.0	0.0	0.0	0.0	0.0	0.0	0.0	0.0	0.0	0.0	0.0
160.2000783795461	0.0	0.0	0.0	0.0	0.0	0.0	0.0	0.0	0.0	0.0	0.0	0.0	0.0
165.1732143505383	0.0	0.0	0.0	0.0	0.0	0.0	0.0	0.0	0.0	0.0	0.0	0.0	0.0
170.29122175709088	0.0	0.0	0.0	0.0	0.0	0.0	0.0	0.0	0.0	0.0	0.0	0.0	0.0
175.55859129502846	0.0	0.0	0.0	0.0	0.0	0.0	0.0	0.0	0.0	0.0	0.0	0.0	0.0
180.98000489845052	0.0	0.0	0.0	0.0	0.0	0.0	0.0	0.0	0.0	0.0	0.0	0.0	0.0
186.56034518922073	0.0	0.0	0.0	0.0	0.0	0.0	0.0	0.0	0.0	0.0	0.0	0.0	0.0
192.3047055301895	0.0	0.0	0.0	0.0	0.0	0.0	0.0	0.0	0.0	0.0	0.0	0.0	0.0
198.21840072467398	0.0	0.0	0.0	0.0	0.0	0.0	0.0	0.0	0.0	0.0	0.0	0.0	0.0
204.30697840908525	0.0	0.0	0.0	0.0	0.0	0.0	0.0	0.0	0.0	0.0	0.0	0.0	0.0
210.5762311896608	0.0	0.0	0.0	0.0	0.0	0.0	0.0	0.0	0.0	0.0	0.0	0.0	0.0
217.03220957761206	0.0	0.0	0.0	0.0	0.0	0.0	0.0	0.0	0.0	0.0	0.0	0.0	0.0
223.68123578221102	0.0	0.0	0.0	0.0	0.0	0.0	0.0	0.0	0.0	0.0	0.0	0.0	0.0
230.52991842595182	0.0	0.0	0.0	0.0	0.0	0.0	0.0	0.0	0.0	0.0	0.0	0.0	0.0
237.58516825249276	0.0	0.0	0.0	0.0	0.0	0.0	0.0	0.0	0.0	0.0	0.0	0.0	0.0
244.85421490339854	0.0	0.0	0.0	0.0	0.0	0.0	0.0	0.0	0.0	0.0	0.0	0.0	0.0
252.3446248467399	0.0	0.0	0.0	0.0	0.0	0.0	0.0	0.0	0.0	0.0	0.0	0.0	0.0
260.0643205482155	0.0	0.0	0.0	0.0	0.0	0.0	0.0	0.0	0.0	0.0	0.0	0.0	0.0
268.021600983784	0.0	0.0	0.0	0.0	0.0	0.0	0.0	0.0	0.0	0.0	0.0	0.0	0.0
276.2251636017574	0.0	0.0	0.0	0.0	0.0	0.0	0.0	0.0	0.0	0.0	0.0	0.0	0.0
284.68412785274614	0.0	0.0	0.0	0.0	0.0	0.0	0.0	0.0	0.0	0.0	0.0	0.0	0.0
293.40806041687404	0.0	0.0	0.0	0.0	0.0	0.0	0.0	0.0	0.0	0.0	0.0	0.0	0.0
302.4070022697221	0.0	0.0	0.0	0.0	0.0	0.0	0.0	0.0	0.0	0.0	0.0	0.0	0.0
311.6914977429508	0.0	0.0	0.0	0.0	0.0	0.0	0.0	0.0	0.0	0.0	0.0	0.0	0.0
321.2726257505649	0.0	0.0	0.0	0.0	0.0	0.0	0.0	0.0	0.0	0.0	0.0	0.0	0.0
331.16203336811265	0.0	0.0	0.0	0.0	0.0	0.0	0.0	0.0	0.0	0.0	0.0	0.0	0.0
341.37197197245825	0.0	0.0	0.0	0.0	0.0	0.0	0.0	0.0	0.0	0.0	0.0	0.0	0.0
351.91533616814627	0.0	0.0	0.0	0.0	0.0	0.0	0.0	0.0	0.0	0.0	0.0	0.0	0.0
362.8057057524236	0.0	0.0	0.0	0.0	0.0	0.0	0.0	0.0	0.0	0.0	0.0	0.0	0.0
374.0573909967965	0.0	0.0	0.0	0.0	0.0	0.0	0.0	0.0	0.0	0.0	0.0	0.0	0.0
385.6854815505756	0.0	0.0	0.0	0.0	0.0	0.0	0.0	0.0	0.0	0.0	0.0	0.0	0.0
397.7058993031157	0.0	0.0	0.0	0.0	0.0	0.0	0.0	0.0	0.0	0.0	0.0	0.0	0.0
410.1354555845176	0.0	0.0	0.0	0.0	0.0	0.0	0.0	0.0	0.0	0.0	0.0	0.0	0.0
422.99191311450653	0.0	0.0	0.0	0.0	0.0	0.0	0.0	0.0	0.0	0.0	0.0	0.0	0.0
436.2940531609277	0.0	0.0	0.0	0.0	0.0	0.0	0.0	0.0	0.0	0.0	0.0	0.0	0.0
450.06174844758647	0.0	0.0	0.0	0.0	0.0	0.0	0.0	0.0	0.0	0.0	0.0	0.0	0.0
464.3160423743832	0.0	0.0	0.0	0.0	0.0	0.0	0.0	0.0	0.0	0.0	0.0	0.0	0.0
479.07923518851396	0.0	0.0	0.0	0.0	0.0	0.0	0.0	0.0	0.0	0.0	0.0	0.0	0.0
494.3749778265523	0.0	0.0	0.0	0.0	0.0	0.0	0.0	0.0	0.0	0.0	0.0	0.0	0.0
510.2283742262059	7.596987177597761e+29	2.8648918785173368e+26	1.5895312629109117e+26	8.233215024669834e+25	5.259433521163437e+25	2.8174999107089503e+25	7.027736588182044e+24	3.4467766078766905e+24	1.2960506650742586e+24	9.716017632781269e+25	4.592249383204845e+25	2.8174999107089503e+25	1.8512080531739378e+25
526.6660930060601	4.89099468457945e+30	1.9612477476923502e+27	1.0884653976192474e+27	5.639276157366388e+26	3.602910464418976e+26	1.9304048612711986e+26	4.81626811590685e+25	2.3623685010621385e+25	8.883765178669032e+24	6.654528143396493e+26	3.1459839346664644e+26	1.9304048612711986e+26	1.2684663543571124e+26
543.7164895243737	4.045778563937257e+31	1.7256635681496415e+28	9.579946474986211e+27	4.964588230841678e+27	3.172310154290831e+27	1.6999749827072688e+27	4.2424678811118534e+26	2.0811144763187916e+26	7.826851759082875e+25	5.858028771318318e+27	2.770101441590762e+27	1.6999749827072688e+27	1.1171549318269895e+27
561.409739457178	2.943128218811605e+32	1.290688736014514e+29	7.166142550806228e+28	3.714124486259706e+28	2.3734347804292063e+28	1.271970486312863e+28	3.1747168383305547e+27	1.5574024307635842e+27	5.85748277926618e+26	4.382410143102055e+28	2.0725503706556176e+28	1.271970486312863e+28	8.359230813831505e+27
579.7779851733432	1.9822535024365473e+33	8.701505383634004e+29	4.831257947637746e+29	2.5039920354266836e+29	1.600128065389229e+29	8.575423468473807e+28	2.140352363546792e+28	1.049981742541945e+28	3.949049318668155e+27	2.9545348372130028e+29	1.39727791479238e+29	8.575423468473807e+28	5.635668962429857e+28
598.8554963486146	1.0786504150701182e+34	5.114852458813538e+30	2.8409304820372346e+30	1.4729148203788038e+30	9.414128226724288e+29	5.0463121219432406e+29	1.2599435771250054e+29	6.181585505503603e+28	2.3252233219097865e+28	1.737803238481502e+30	8.221104628340385e+29	5.0463121219432406e+29	3.316776563439811e+29
618.6788464526576	5.440782587903296e+34	2.7312783330195533e+31	1.5174548555951267e+31	7.869406456801167e+30	5.030434296870891e+30	2.696931685661365e+30	6.735321264274562e+29	3.304811208935786e+29	1.2432322191509147e+29	9.284100461948752e+30	4.3931112129587664e+30	2.696931685661365e+30	1.7727664993509814e+30
639.2871069635291	2.413946056007493e+35	1.311908883529654e+32	7.291690217501351e+31	3.7827732504172257e+31	2.4185827353427803e+31	1.2969583054272076e+31	3.2402116277424256e+30	1.5900770558699143e+30	5.982490504466323e+29	4.462439065044689e+31	2.112279761499751e+31	1.2969583054272076e+31	8.526365950762188e+30
660.7220614113821	9.900855343950116e+35	5.7675757341901775e+32	3.206821956463697e+32	1.6641674252102147e+32	1.064206554590865e+32	5.7079656971941e+31	1.4264990764729635e+31	7.001111279414971e+30	2.6344085156759727e+30	1.9630293221323533e+32	9.294751271561965e+31	5.7079656971941e+31	3.752925368984427e+31
683.028441633032	3.660450943915186e+36	2.3136028125559665e+33	1.2869454240291205e+33	6.68115538078409e+32	4.273414931776464e+32	2.2926600054803985e+32	5.731948257838342e+31	2.8135780592386785e+31	1.0588593150541642e+31	7.88029376784414e+32	3.732610777877868e+32	2.2926600054803985e+32	1.5076112784228506e+32
706.2541889352594	1.2572382150794303e+37	8.567741328332904e+33	4.7677988618357766e+33	2.4761109632285764e+33	1.584102889076873e+33	8.500639631254202e+32	2.1260716427066672e+32	1.0437408860633238e+32	3.9285466068568795e+31	2.920276485845008e+33	1.3837114049307962e+33	8.500639631254202e+32	5.590612199947339e+32
730.4507432624422	3.9513215180594537e+37	2.9266879111299337e+34	1.629421551537949e+34	8.46581560274021e+33	5.417318804618095e+33	2.9078410766097134e+33	7.27584415174267e+32	3.572435082522064e+32	1.34484362716685e+32	9.983447760339524e+33	4.732323571403267e+33	2.9078410766097134e+33	1.9126897953664102e+33
755.673364007717	1.1608124139324205e+38	9.304449592800652e+34	5.182608611564801e+34	2.6937831033860135e+34	1.7241621047324743e+34	9.257199140329079e+33	2.3172573743810414e+33	1.1379411004578037e+33	4.284437356377657e+32	3.176385761717654e+34	1.506244146907239e+34	9.257199140329079e+33	6.090010004784522e+33
781.9814782104502	3.155879488499465e+38	2.7535553598808314e+35	1.5345245427183978e+35	7.979692041002201e+34	5.108721082361294e+34	2.7437293965292137e+34	6.871274837590868e+33	3.3748483636017724e+33	1.2708723641880511e+33	9.408301011447874e+34	4.463336455852372e+34	2.7437293965292137e+34	1.8053071394809137e+34
809.4391084616635	8.0692801685442e+38	7.640110936688453e+35	4.259911699820619e+35	2.216203679717429e+35	1.4192064493615517e+35	7.62432411581474e+34	1.9102813272396575e+34	9.383939167517588e+33	3.534320783255556e+33	2.6126997530560482e+35	1.2400036399473466e+35	7.62432411581474e+34	5.017438903983299e+34
838.1152874639948	1.9267044256980362e+39	1.9887270939347304e+36	1.1094736350121203e+36	5.774848034048093e+35	3.699100846419636e+35	1.987879196643405e+35	4.983147821745314e+34	2.4483237894470017e+34	9.222937161744543e+33	6.8072403445889e+35	3.2322592856633242e+35	1.987879196643405e+35	1.30842247351854e+35
868.084555814871	4.3506424503111145e+39	4.8849154764786326e+36	2.7267244543207964e+36	1.4199747891068246e+36	9.098224615110051e+35	4.890905827479637e+35	1.2266539684611363e+35	6.027882561760157e+34	2.2711467808625836e+34	1.673638103738113e+36	7.950592585948976e+35	4.890905827479637e+35	3.219771103482448e+35
899.4275176799837	9.239253631184027e+39	1.1329322791780804e+37	6.327765383727786e+36	3.2970317101929545e+36	2.1131451334088646e+36	1.1363498007566444e+36	2.851553076937588e+35	1.4015482407002288e+35	5.281714478538312e+34	3.8855312839466386e+36	1.846748077360842e+36	1.1363498007566444e+36	7.482241225890645e+35
932.231463455685	1.863238536841619e+40	2.4921402646291164e+37	1.3927919132384216e+37	7.261006853818419e+36	4.655171614662898e+36	2.5042131492035415e+36	6.287554090281828e+35	3.090962463615906e+35	1.165060867265189e+35	8.555974359408788e+36	4.0686485623229846e+36	2.5042131492035415e+36	1.6492119964456747e+36
966.591069773925	3.5490893963957126e+40	5.199244492363894e+37	2.9076599546600823e+37	1.5167423697782666e+37	9.727344281217872e+36	5.234743132573943e+36	1.3151238368410788e+36	6.466526307553096e+35	2.43792951335053e+35	1.7870029103477036e+37	8.502524811893361e+36	5.234743132573943e+36	3.448205474809953e+36
1002.6091882464717	6.425154430550937e+40	1.031470425412516e+38	5.77247175053581e+37	3.0129937260648024e+37	1.9329926034871771e+37	1.0406471755386351e+37	2.6160506535598623e+36	1.2866092149272397e+36	4.8517204772123e+35	3.549360002343227e+37	1.6897581429205652e+37	1.0406471755386351e+37	6.85642277580517e+36
1040.3977362852374	1.1671881911870046e+41	1.976256112490042e+38	1.106442026028965e+38	5.77730669448968e+37	3.70720622326878e+37	1.996287054439206e+37	5.0202779499360355e+36	2.469367240083433e+36	9.313092962165422e+35	6.8051924657236905e+37	3.240898628382516e+37	1.996287054439206e+37	1.3154508394374865e+37
1080.0787061891756	2.111855823987786e+41	3.647444511786415e+38	2.0424066611788407e+38	1.0665948647466568e+38	6.84470172570867e+37	3.686121158780422e+37	9.271191286811139e+36	4.5605278971699234e+36	1.7200682498380793e+36	1.2563208821255284e+38	5.983873649148709e+37	3.686121158780422e+37	2.4290863322985453e+37
1121.7853112244288	3.3027335633148175e+41	6.222375224057445e+38	3.4867011932615414e+38	1.8219774887405414e+38	1.1696314219169286e+38	6.301413455914385e+37	1.5859069771090653e+37	7.802867091946825e+36	2.9436393807102577e+36	2.145763491209942e+38	1.0226288583153396e+38	6.301413455914385e+37	4.1534455705900746e+37
1165.6632906856164	4.850145259710141e+41	1.001762672975494e+39	5.6176838324621786e+38	2.937528888773142e+38	1.8864849551014354e+38	1.0167928254656602e+38	2.5607759834662155e+37	1.2602422632231182e+37	4.755471121190642e+36	3.459018482907699e+38	1.6495571063743087e+38	1.0167928254656602e+38	6.703618951100418e+37
1211.87240056137	6.556431089582737e+41	1.5088161390712306e+39	8.469097446852728e+38	4.432252820565866e+38	2.847721912016565e+38	1.5357094054285638e+38	3.87091625178637e+37	1.9055729487334855e+37	7.192804833563809e+36	5.218095429712415e+38	2.4903853813695986e+38	1.5357094054285638e+38	1.0127814247106026e+38
1260.5881208560127	8.108896610813614e+41	2.1157734668003035e+39	1.188958017159069e+39	6.22865840470797e+38	4.004172507546487e+38	2.1607593840215628e+38	5.451988791498232e+37	2.6848728003471694e+37	1.0138133175912182e+37	7.331297762892632e+38	3.502261175671741e+38	2.1607593840215628e+38	1.4255115018760033e+38
1312.003616716342	9.190870342761879e+41	2.75812134800618e+39	1.5520067358959467e+39	8.140263849248095e+38	5.236538280224117e+38	2.8279299382152995e+38	7.143929012474997e+37	3.5195706352182067e+37	1.3295758605049683e+37	9.578691678609362e+38	4.580979077308156e+38	2.8279299382152995e+38	1.8664556526278926e+38
1366.3319983791014	9.533417006054501e+41	3.3436333722723777e+39	1.884464879911646e+39	9.897912856776602e+38	6.372193577021483e+38	3.444321619392319e+38	8.7133567123288e+37	4.294916588482089e+37	1.6233086937925578e+37	1.1643169294845009e+39	5.575648574901052e+38	3.444321619392319e+38	2.27441999891407e+38
1423.808881046692	9.244465597218494e+41	3.812188864246321e+39	2.1523197517099393e+39	1.1322385416745503e+39	7.295560010197931e+38	3.947341750643553e+38	1.000146783627218e+38	4.932556867233359e+37	1.8653675885148378e+37	1.3314061468263155e+39	6.3850925358836425e+38	3.947341750643553e+38	2.608028970741054e+38
1484.696007829801	8.777522722509305e+41	4.183765592283228e+39	2.3661233115146107e+39	1.2465830212479028e+39	8.039043371323531e+38	4.3537834131533565e+38	1.1047883824941597e+38	5.451524827921838e+37	2.062753673791118e+37	1.465359395344873e+39	7.037388512214664e+38	4.3537834131533565e+38	2.8781058491123524e+38
1549.4782514900069	1.0267481046613713e+42	4.8005703162315085e+39	2.7142650176213947e+39	1.4296777323721342e+39	9.218641220288422e+38	4.99191121097065e+38	1.2664295010023022e+38	6.248636789907757e+37	2.3641718430163854e+37	1.68067430567576e+39	8.069734903466466e+38	4.99191121097065e+38	3.299680696602493e+38
1618.4941783045074	9.234359226548604e+41	5.088716935616478e+39	2.882970476148543e+39	1.5212388525417504e+39	9.818705108363347e+38	5.322866569226371e+38	1.3527894343205357e+38	6.678919090509775e+37	2.5285947650283265e+37	1.7875820916945568e+39	8.59731756464326e+38	5.322866569226371e+38	3.52066458914838e+38
1692.1048855884308	9.00135588034425e+41	5.581253148692024e+39	3.166858410968156e+39	1.673298012789683e+39	1.0808263042369363e+39	5.864366749900485e+38	1.4924213644081967e+38	7.371805585763366e+37	2.7922805135094223e+37	1.9656548130823668e+39	9.465710673632526e+38	5.864366749900485e+38	3.880686502578106e+38
1770.757005880052	8.460648159165999e+41	6.143048064431895e+39	3.4932084734252403e+39	1.849277219027829e+39	1.1957661434441847e+39	6.4959234630334875e+38	1.6563040329602692e+38	8.186804276776609e+37	3.1031262457631093e+37	2.1714266510169486e+39	1.0475361635675009e+39	6.4959234630334875e+38	4.3015331831611235e+38
1855.003991309189	8.197904381086982e+41	6.899623415294648e+39	3.93204933178322e+39	2.0856281097021136e+39	1.3500398964315934e+39	7.34302224717703e+38	1.8758958026898263e+38	9.278480702244305e+37	3.519359125107175e+37	2.4478654085612006e+39	1.1830302275578768e+39	7.34302224717703e+38	4.8658010527992236e+38
1945.4223894043419	8.882406367179073e+41	8.02913269443316e+39	4.5817794277889206e+39	2.4330850224088296e+39	1.5759670798821928e+39	8.578211090635153e+38	2.193985569396132e+38	1.0856233226083217e+38	4.1195325275968014e+37	2.8549084093116597e+39	1.38125072396063e+39	8.578211090635153e+38	5.686634012036918e+38
2042.6133574683636	9.411454269499382e+41	9.350747792802334e+39	5.342881243913755e+39	2.8404929603006263e+39	1.8410136444539612e+39	1.0028115470383498e+39	2.5676986827291637e+38	1.271044272157061e+38	4.825085545549482e+37	3.332079713128838e+39	1.6138254962045436e+39	1.0028115470383498e+39	6.650460054789284e+38
2147.527880757006	9.012005396669343e+41	1.0427645936948645e+40	5.974041407395987e+39	3.18347289217257e+39	2.065977996660595e+39	1.1270173302990178e+39	2.8924028249501882e+38	1.432940186537037e+38	5.444201736884185e+37	3.7324205845462564e+39	1.8116638988671796e+39	1.1270173302990178e+39	7.480323870806487e+38
2260.6520763508715	9.771161509243759e+41	1.2054774744261888e+40	6.915189958855265e+39	3.6892090300435515e+39	2.3957001973147782e+39	1.3078321658066502e+39	3.360252072114701e+38	1.665382587413681e+38	6.329910401285137e+37	4.324232794011811e+39	2.101159404958625e+39	1.3078321658066502e+39	8.683942055736241e+38
2382.818973412695	9.35310041899735e+41	1.3472351141681175e+40	7.750039289468789e+39	4.1447669603794294e+39	2.695183329661869e+39	1.4736051113544116e+39	3.795333327227415e+38	1.882608574468268e+38	7.16177484033133e+37	4.8554774512277575e+39	2.3646920880101725e+39	1.4736051113544116e+39	9.793096126414085e+38
2515.219656909963	9.239003012211506e+41	1.5189438442809985e+40	8.761373460828602e+39	4.69672960175539e+39	3.058092963535851e+39	1.6745243898488897e+39	4.322844841920654e+38	2.1460198110144778e+38	8.170658589655089e+37	5.499111576778064e+39	2.6840508132104275e+39	1.6745243898488897e+39	1.1137565980699467e+39
2659.4205627020424	9.95647305932619e+41	1.759778956907413e+40	1.0167725338554417e+40	5.458753410508551e+39	3.5571782358360377e+39	1.9496413331135158e+39	5.040450335726965e+38	2.5035525975844558e+38	9.536937113219689e+37	6.389143069323699e+39	3.1227882937603664e+39	1.9496413331135158e+39	1.2974194961965681e+39
2817.0798824301582	9.711145873736959e+41	1.9867053790014497e+40	1.1514257018318277e+40	6.198339821657576e+39	4.0451219053024276e+39	2.2208307295814688e+39	5.7566717888451e+38	2.861924643636445e+38	1.0912369960033848e+38	7.25032336947054e+39	3.552573076234522e+39	2.2208307295814688e+39	1.4792738799893987e+39
2990.2178027410796	1.0020858347823187e+42	2.2746554563554782e+40	1.321788725499947e+40	7.131892984928045e+39	4.6603043738447556e+39	2.5622994576270814e+39	6.656846474802759e+38	3.3120690881549576e+38	1.2638996678679609e+38	8.337915998004421e+39	4.094262269424482e+39	2.5622994576270814e+39	1.708101280118895e+39
3180.2526060033283	9.505852881055716e+41	2.549092329901113e+40	1.4874988380753295e+40	8.055539282334504e+39	5.274503811483636e+39	2.9066815038311956e+39	7.578580718945468e+38	3.775382715794267e+38	1.4425428980922098e+38	9.409860270348116e+39	4.6363969255292255e+39	2.9066815038311956e+39	1.9401504596373526e+39
3389.5418025003705	9.998602969414858e+41	2.9584692314488104e+40	1.7311991340062936e+40	9.398156528511755e+39	6.16185838350099e+39	3.400878530158537e+39	8.888145643328244e+38	4.43143161587608e+38	1.6946488553604116e+38	1.097209959645727e+40	5.4183660661040803e+39	3.400878530158537e+39	2.271939741965786e+39
3621.1473908630073	9.639468217753621e+41	3.3480295642806684e+40	1.9680183329009754e+40	1.0725889468963525e+40	7.047580988068193e+39	3.899297092880538e+39	1.0229559562414543e+39	5.1069923567662625e+38	1.955638174176065e+38	1.2510964874912528e+40	6.200837478054232e+39	3.899297092880538e+39	2.6084480080964417e+39
3878.8510138501974	9.776701740903088e+41	3.8362869836656727e+40	2.264529120865669e+40	1.2387393261705813e+40	8.15577989123629e+39	4.5228585310488123e+39	1.1907904463210946e+39	5.9523051898867915e+38	2.282243005779938e+38	1.4436857770727956e+40	7.179822164956637e+39	4.5228585310488123e+39	3.029446937724664e+39
4167.332669216033	9.958342131110604e+41	4.440883670468713e+40	2.63234777036507e+40	1.4451639276342494e+40	9.53375003343583e+39	5.2989440328177086e+39	1.3999777454974302e+39	7.006417030749956e+38	2.6897267249636677e+38	1.6828746740464554e+40	8.397396253298239e+39	5.2989440328177086e+39	3.553693339360654e+39
4492.495868197774	1.0142321102133984e+42	5.140914143391928e+40	3.061543360297806e+40	1.687631530301803e+40	1.1158105507846222e+40	6.217467198666657e+39	1.6490687133103134e+39	8.264230599031192e+38	3.176984094084563e+38	1.9634078266664528e+40	9.834050986279674e+39	6.217467198666657e+39	4.175517451517019e+39
4861.937291885289	1.0037855520170407e+42	5.90000728923052e+40	3.534239834644173e+40	1.9581436044296282e+40	1.298278579330224e+40	7.257128404128535e+39	1.9342261438213474e+39	9.709708208487949e+38	3.739108023156711e+38	2.2754840898778695e+40	1.1450827345229525e+40	7.257128404128535e+39	4.8822485960186207e+39
5285.541934587584	1.0063266917652961e+42	6.829796286590805e+40	4.1162096519288885e+40	2.2926670476073214e+40	1.5244674439323393e+40	8.549401928418477e+39	2.290140653112908e+39	1.1516430906566097e+39	4.4427309342536435e+38	2.6610196438144173e+40	1.3456294390806018e+40	8.549401928418477e+39	5.762007086184373e+39
5776.384009835646	1.0857801452524716e+42	8.080497299253763e+40	4.895673856152706e+40	2.739377955690459e+40	1.8261012086882267e+40	1.0270417234113836e+40	2.763357949357598e+39	1.3917495208241734e+39	5.3774223311341455e+38	3.1761703085369384e+40	1.6129780447002562e+40	1.0270417234113836e+40	6.932891530301821e+39
6352.252063105961	1.995679971707679e+42	1.1357523085016173e+41	6.834865336783978e+40	3.80277979317766e+40	2.5272776967063927e+40	1.416583753911311e+40	3.7920317350760253e+39	1.9065126244866708e+39	7.353426336571445e+38	4.414778018983306e+40	2.2305056972136255e+40	1.416583753911311e+40	9.544792842256564e+39
7038.044493497933	5.642266621337414e+42	1.8910424642918306e+41	1.1199408723007918e+41	6.145274516680598e+40	4.0532444117945594e+40	2.252499909236803e+40	5.950666070865253e+39	2.9781609046207095e+39	1.1433462172100268e+39	7.156810801623329e+40	3.56997673346467e+40	2.252499909236803e+40	1.5105499081082201e+40
7869.7270553233775	1.5506376154646888e+43	3.296188793139731e+41	1.9231268710189783e+41	1.04143520667415e+41	6.819176194286067e+40	3.758194315307791e+40	9.800617839589003e+39	4.8827622264008025e+39	1.8658567970340715e+39	1.2165213225821727e+41	5.99427632468657e+40	3.758194315307791e+40	2.508662910839355e+40
8901.412946320186	3.121196963631069e+43	5.111025699029653e+41	2.961049677753277e+41	1.593600741539256e+41	1.0399026124011715e+41	5.708738983077629e+40	1.479674787387937e+40	7.356139779628548e+39	2.80486311505688e+39	1.864157099460136e+41	9.132595430365155e+40	5.708738983077629e+40	3.8024102695154053e+40
10219.230591567431	4.3414985045327713e+43	7.021922087981812e+41	4.066048892493218e+41	2.18729963079054e+41	1.4269557246210063e+41	7.831229058785575e+40	2.0288683342634233e+40	1.0084768939577824e+40	3.8446242745457275e+39	2.558921107771457e+41	1.2530885940917551e+41	7.831229058785575e+40	5.21527232839939e+40
11970.124925983842	4.41236664609213e+43	8.792343462180932e+41	5.114182880364694e+41	2.762008057369254e+41	1.805805773398313e+41	9.934995921487263e+40	2.5838408600824596e+40	1.286067317997286e+40	4.9096578785904146e+39	3.228361855593805e+41	1.5867119648658516e+41	9.934995921487263e+40	6.625402696266133e+40
14021.149108131305	3.0823377683139276e+43	1.0333896994535584e+42	6.103351287942526e+41	3.34070011853455e+41	2.2003555919710386e+41	1.2208239596815904e+41	3.216947303427932e+40	1.608544872314618e+40	6.169611904008367e+39	3.892821518862981e+41	1.9372682614664435e+41	1.2208239596815904e+41	8.179556303570471e+40
16423.76373728995	1.722859766093387e+43	1.0543605726540737e+42	6.395033207056377e+41	3.582801781481775e+41	2.3902231388377216e+41	1.3456413346100785e+41	3.626717836475707e+40	1.8277366188628875e+40	7.066723889165503e+39	4.152806012272393e+41	2.1117386475021832e+41	1.3456413346100785e+41	9.088843834607311e+40
19238.259486498617	7.947228924250734e+42	8.722177191080601e+41	5.536527944201861e+41	3.229176793831331e+41	2.2027594856577145e+41	1.2719851487723816e+41	3.5656136172068136e+40	1.821671347217908e+40	7.14201494399581e+39	3.708599447960042e+41	1.9578856479259297e+41	1.2719851487723816e+41	8.71297526653792e+40
22535.26576036887	4.759859838362371e+42	6.374434538455076e+41	4.283924805432513e+41	2.6335479068923718e+41	1.8508967465174006e+41	1.1064990299969385e+41	3.275973546580657e+40	1.7061525530729848e+40	6.821674759556152e+39	2.9878375710669964e+41	1.6586499843411539e+41	1.1064990299969385e+41	7.728126851979035e+40
26397.523087611364	2.4977707270160355e+42	4.822978310967022e+41	3.4199433132260413e+41	2.2169863433251524e+41	1.6075951714725298e+41	9.973158302642008e+40	3.13371576816555e+40	1.6668187364051648e+40	6.809522045428247e+39	2.4838262780901504e+41	1.4531723890484432e+41	9.973158302642008e+40	7.11362233179951e+40
30921.960475630818	1.743891903546797e+42	4.190907269680379e+41	3.0385709216398277e+41	2.0320347465828525e+41	1.506583075946044e+41	9.626220355045388e+40	3.188627565905914e+40	1.729906936402211e+40	7.214110599498452e+39	2.258121722468279e+41	1.3709103977417155e+41	9.626220355045388e+40	6.990982408598425e+40
36222.12818583177	1.2659326085838283e+42	4.053396365531981e+41	2.98986672824651e+41	2.0327691486902187e+41	1.5253280074817528e+41	9.92104285176342e+40	3.413810698521345e+40	1.8823090822958764e+40	7.990476445310114e+39	2.2494122890652764e+41	1.3932379896689144e+41	9.92104285176342e+40	7.292830181074379e+40
42431.048349244535	9.19828451934301e+41	3.924147240743382e+41	3.0445565711768555e+41	2.144906078947117e+41	1.637234984964543e+41	1.0852908838604303e+41	3.8589951310326457e+40	2.1563862801676838e+40	9.290360139349275e+39	2.3557478894935223e+41	1.5021898453438907e+41	1.0852908838604303e+41	8.065847707570046e+40
49704.55402796837	6.562208333590967e+41	3.396920668307683e+41	2.8845698516804e+41	2.1778380476658918e+41	1.7184636171017066e+41	1.1781468387770689e+41	4.388302821572449e+40	2.491182371176268e+40	1.0910419037750668e+40	2.3567214337523665e+41	1.5899821763650613e+41	1.1781468387770689e+41	8.907155355681118e+40
58225.20085115817	4.5601804619137725e+41	2.4554119195052174e+41	2.3770770597857984e+41	2.0004010137578453e+41	1.6674950666621144e+41	1.2099877064310514e+41	4.856774762264277e+40	2.82091711875378e+40	1.2632193058175797e+40	2.11353034018372e+41	1.564708558715993e+41	1.2099877064310514e+41	9.41249181473909e+40
68206.84942332572	3.086395329124362e+41	1.4002879748552185e+41	1.6172778147367044e+41	1.5928107677620524e+41	1.4437441683588606e+41	1.1458924822665084e+41	5.181824426439586e+40	3.1156761234945725e+40	1.4400353362481272e+40	1.6240320540861409e+41	1.3848541581453587e+41	1.1458924822665084e+41	9.331534104015367e+40
79900.0335294398	2.044818621255624e+41	6.046035792953778e+40	8.528343803013315e+40	1.0315221690604632e+41	1.0516585910064716e+41	9.529230894369049e+40	5.198288725385974e+40	3.3046786990813513e+40	1.6049242972903483e+40	1.0021587457399734e+41	1.0413652960958906e+41	9.529230894369049e+40	8.327485992894627e+40
93598.2488862524	1.3353553821930049e+41	2.446790201676808e+40	3.7819067168480464e+40	5.432754829603904e+40	6.213755835802121e+40	6.470370583054295e+40	4.379065203214395e+40	2.988827820604796e+40	1.5542616213506444e+40	5.048984597393065e+40	6.356373628332618e+40	6.470370583054295e+40	6.113519309072414e+40
109645.32029669163	8.692289274264757e+40	1.1227774206562317e+40	1.5326781615183287e+40	2.411617417682035e+40	3.093539405180782e+40	3.7869741189487532e+40	3.370645048162351e+40	2.525280642351398e+40	1.4369621446196159e+40	2.1615339560991537e+40	3.2810777313904446e+40	3.7869741189487532e+40	3.9424448710245927e+40
128444.03213318641	5.677393915229458e+40	7.156825850779541e+39	7.328596868296102e+39	9.871796544537586e+39	1.3234722490811463e+40	1.8782992784117575e+40	2.3199980953575286e+40	1.9600383700163027e+40	1.2546237667953912e+40	8.944734429655198e+39	1.44257961492437e+40	1.8782992784117575e+40	2.18166906392629e+40
150466.23878618272	3.7429858754013437e+40	5.490928233117278e+39	4.883413839716145e+39	4.80375483170864e+39	5.611232416943425e+39	8.118882441555902e+39	1.3988113676327095e+40	1.371984478411856e+40	1.0214248090486496e+40	4.709214627080635e+39	6.028675102886118e+39	8.118882441555902e+39	1.032141852988486e+40
176264.70886451937	2.500112908059856e+40	4.317910506879803e+39	3.8305270799313905e+39	3.2484267446266464e+39	3.070469738991558e+39	3.540482570229578e+39	7.306289567627836e+39	8.507228920771958e+39	7.639298649655743e+39	3.377127359228707e+39	3.0892495132493574e+39	3.540482570229578e+39	4.4347027149187857e+39
206487.0004531808	1.6943339747541893e+40	3.3398466051052976e+39	3.056385198775328e+39	2.586245220768572e+39	2.2555540421670067e+39	1.9922140826939322e+39	3.381334639844852e+39	4.628440180435172e+39	5.1692004995902456e+39	2.7129962108442e+39	2.1699897290359876e+39	1.9922140826939322e+39	2.0932173186674525e+39
241891.71571614948	1.1643010419838325e+40	2.5294288049512452e+39	2.3949880013799403e+39	2.0987271744484526e+39	1.8396672113992535e+39	1.48403044506646e+39	1.539137144741141e+39	2.2465746837737065e+39	3.128400996651168e+39	2.1852462262698263e+39	1.7582084081715927e+39	1.48403044506646e+39	1.3227924157827303e+39
283367.54285673355	8.094615925146256e+39	1.8751908998527764e+39	1.834775239491711e+39	1.6723147692605637e+39	1.502927709821839e+39	1.2247693824850908e+39	8.364768635082019e+38	1.0507770241467236e+39	1.693982149345248e+39	1.724009599872081e+39	1.4450632373920852e+39	1.2247693824850908e+39	1.0422692051572759e+39
331955.5634140375	5.675730632328801e+39	1.3604171779197364e+39	1.3730909140332803e+39	1.3006809637925805e+39	1.2015347701052366e+39	1.0139308764462462e+39	5.929885565793142e+38	5.5397237150964046e+38	8.434659937681454e+38	1.327539313589554e+39	1.1648310032280188e+39	1.0139308764462462e+39	8.71767228844448e+38
388875.384838456	4.000060434268508e+39	9.65346552078617e+38	1.0033022390407891e+39	9.860843110977268e+38	9.360594576699355e+38	8.212200141288134e+38	4.875396817927741e+38	3.712221766140074e+38	4.176799452588011e+38	9.967539950078544e+38	9.151636592620339e+38	8.212200141288134e+38	7.232612356072197e+38
455555.75430864264	2.824897616815723e+39	6.6960480265244374e+38	7.15562763353629e+38	7.282629947527701e+38	7.097339579792233e+38	6.474147061218802e+38	4.13312905482986e+38	2.9764403319473e+38	2.348298327244161e+38	7.293897944936228e+38	6.99668469172397e+38	6.474147061218802e+38	5.855594548871755e+38
533670.4222375684	1.9943403427594176e+39	4.537215146632124e+38	4.981187004349038e+38	5.239452326200992e+38	5.235446989690576e+38	4.9608141867163384e+38	3.453928939837171e+38	2.5313994660108335e+38	1.6349064490923712e+38	5.202123510628925e+38	5.2025447360907794e+38	4.9608141867163384e+38	4.60920828985949e+38
625180.1556895293	1.405260219598972e+39	3.000503744481575e+38	3.3848587899851777e+38	3.673892275775979e+38	3.758642011718041e+38	3.6934779760040356e+38	2.8120502509593953e+38	2.145019081789378e+38	1.3298811804871012e+38	3.6179243161778935e+38	3.763371246047674e+38	3.6934779760040356e+38	3.523680780652828e+38
732381.9563009561	9.873212362662944e+38	1.9334738909819497e+38	2.2451684876922177e+38	2.5127603085516497e+38	2.628528741628107e+38	2.6732559888237778e+38	2.2239511716242442e+38	1.77603997930755e+38	1.1388793845253844e+38	2.4551667674472927e+38	2.650607188164535e+38	2.6732559888237778e+38	2.6161080408807546e+38
857966.7181404986	6.913368114031316e+38	1.2106256771754836e+38	1.4526296887645866e+38	1.6774865913734556e+38	1.792581205287531e+38	1.8829065685299814e+38	1.706968528005486e+38	1.4296800797338776e+38	9.70714656754195e+37	1.6264200819604044e+38	1.8197935781367733e+38	1.8829065685299814e+38	1.8875485081318447e+38
1005086.7727974671	4.823523158677565e+38	7.332930258361145e+37	9.150621457904515e+37	1.093243481948413e+38	1.1932679704518027e+38	1.2923586423016237e+38	1.2714639854744339e+38	1.1171328321983685e+38	8.086306900706802e+37	1.051486613185506e+38	1.2192209991449125e+38	1.2923586423016237e+38	1.325090915299129e+38
1177435.017170158	3.3533191472561657e+38	4.269273675725117e+37	5.592711892360573e+37	6.949566594452738e+37	7.756255255906938e+37	8.654931483636158e+37	9.196922927425322e+37	8.468658147727716e+37	6.55099963701351e+37	6.624874018418958e+37	7.976397049477952e+37	8.654931483636158e+37	9.06419223405818e+37
1379337.610166583	2.323063547345792e+38	2.36883361702576e+37	3.2983973533013743e+37	4.299155627092874e+37	4.9198170536424105e+37	5.660475524541983e+37	6.467976507623995e+37	6.229458909173734e+37	5.152276702038701e+37	4.0554469523453284e+37	5.094488769617899e+37	5.660475524541983e+37	6.049946110655769e+37
1615862.565127638	1.6039520409340955e+38	1.2393539729731187e+37	1.8629012536622158e+37	2.577450727575736e+37	3.038979644983316e+37	3.615623943063736e+37	4.429555191967985e+37	4.45029724696199e+37	3.9307499903588753e+37	2.4000345123223657e+37	3.171767553334133e+37	3.615623943063736e+37	3.9439930555054e+37
1892946.963786267	1.1039528270230124e+38	6.03700749014886e+36	9.977683852627272e+36	1.4881687189646504e+37	1.8208832554390562e+37	2.252919629525581e+37	2.958817040184352e+37	3.0920158673197723e+37	2.90873875933379e+37	1.3633198231999704e+37	1.9186300590216554e+37	2.252919629525581e+37	2.511622874485296e+37
2217545.9850011524	7.575854129650244e+37	2.6979560106155474e+36	5.007790972319926e+36	8.204765492505167e+36	1.0518958052854464e+37	1.365517254758406e+37	1.930254241710352e+37	2.0928845180370635e+37	2.0891722301597817e+37	7.363630574083872e+36	1.1216310520636268e+37	1.365517254758406e+37	1.56075041864991e+37
2597807.4890828896	5.184786689572899e+37	1.0879026085558675e+36	2.3226284516584855e+36	4.273318412265619e+36	5.809935613696526e+36	8.011258141677174e+36	1.2306199933306286e+37	1.3823611179894726e+37	1.4583069704574829e+37	3.7382473153499086e+36	6.288895006401302e+36	8.011258141677174e+36	9.437581095657951e+36
3043276.540009457	3.539521975192915e+37	3.8844411695406736e+35	9.797368443811165e+35	2.0756905113824796e+36	3.0357751768693814e+36	4.5167970832995006e+36	7.663611252704961e+36	8.921073371792544e+36	9.910050435254133e+36	1.759527472114847e+36	3.3486374980289986e+36	4.5167970832995006e+36	5.526131986912635e+36
3565134.9993079496	2.410833057991314e+37	1.202481661184285e+35	3.691752515078673e+35	9.263957325370862e+35	1.4815887958726536e+36	2.4241106996527667e+36	4.652007036570972e+36	5.627628610295676e+36	6.568208001259795e+36	7.559311979624071e+35	1.6729508641259497e+36	2.4241106996527667e+36	3.111008943200103e+36
4176482.205724215	1.6386648746142263e+37	3.1514222682756196e+34	1.2178447359452528e+35	3.7354677478847e+35	6.654658853478794e+35	1.2239439257928098e+36	2.7413839090069576e+36	3.4672771402031936e+36	4.2524432944782256e+36	2.9124823993087733e+35	7.731705825176e+35	1.2239439257928098e+36	1.6678942314755992e+36
