#t	Le	U	B	V	R	I	J	H	K	g	r	i	z
#----------------------------------------------- 
4.340657301708096	0.0	0.0	0.0	0.0	0.0	0.0	0.0	0.0	0.0	0.0	0.0	0.0	0.0
4.424352324582605	0.0	0.0	0.0	0.0	0.0	0.0	0.0	0.0	0.0	0.0	0.0	0.0	0.0
4.909409139157155	0.0	0.0	0.0	0.0	0.0	0.0	0.0	0.0	0.0	0.0	0.0	0.0	0.0
5.602580809633406	0.0	0.0	0.0	0.0	0.0	0.0	0.0	0.0	0.0	0.0	0.0	0.0	0.0
6.438316662877384	0.0	0.0	0.0	0.0	0.0	0.0	0.0	0.0	0.0	0.0	0.0	0.0	0.0
7.429316936588864	0.0	0.0	0.0	0.0	0.0	0.0	0.0	0.0	0.0	0.0	0.0	0.0	0.0
8.599980647959258	0.0	0.0	0.0	0.0	0.0	0.0	0.0	0.0	0.0	0.0	0.0	0.0	0.0
9.97981313355453	0.0	0.0	0.0	0.0	0.0	0.0	0.0	0.0	0.0	0.0	0.0	0.0	0.0
11.602274005158023	0.0	0.0	0.0	0.0	0.0	0.0	0.0	0.0	0.0	0.0	0.0	0.0	0.0
13.504094099443662	0.0	0.0	0.0	0.0	0.0	0.0	0.0	0.0	0.0	0.0	0.0	0.0	0.0
15.724354541339244	0.0	0.0	0.0	0.0	0.0	0.0	0.0	0.0	0.0	0.0	0.0	0.0	0.0
18.303182272459285	0.0	0.0	0.0	0.0	0.0	0.0	0.0	0.0	0.0	0.0	0.0	0.0	0.0
21.280110747066182	0.0	0.0	0.0	0.0	0.0	0.0	0.0	0.0	0.0	0.0	0.0	0.0	0.0
24.69229486494321	0.0	0.0	0.0	0.0	0.0	0.0	0.0	0.0	0.0	0.0	0.0	0.0	0.0
28.57286434191286	0.0	0.0	0.0	0.0	0.0	0.0	0.0	0.0	0.0	0.0	0.0	0.0	0.0
32.949712062088565	0.0	0.0	0.0	0.0	0.0	0.0	0.0	0.0	0.0	0.0	0.0	0.0	0.0
37.844925081694456	0.0	0.0	0.0	0.0	0.0	0.0	0.0	0.0	0.0	0.0	0.0	0.0	0.0
43.27490547461214	0.0	0.0	0.0	0.0	0.0	0.0	0.0	0.0	0.0	0.0	0.0	0.0	0.0
49.25106378020667	0.0	0.0	0.0	0.0	0.0	0.0	0.0	0.0	0.0	0.0	0.0	0.0	0.0
55.780864380121834	0.0	0.0	0.0	0.0	0.0	0.0	0.0	0.0	0.0	0.0	0.0	0.0	0.0
62.868985031996765	0.0	0.0	0.0	0.0	0.0	0.0	0.0	0.0	0.0	0.0	0.0	0.0	0.0
70.51840314122913	0.0	0.0	0.0	0.0	0.0	0.0	0.0	0.0	0.0	0.0	0.0	0.0	0.0
78.73129947943855	0.0	0.0	0.0	0.0	0.0	0.0	0.0	0.0	0.0	0.0	0.0	0.0	0.0
87.50974179779766	0.0	0.0	0.0	0.0	0.0	0.0	0.0	0.0	0.0	0.0	0.0	0.0	0.0
96.85615953379762	0.0	0.0	0.0	0.0	0.0	0.0	0.0	0.0	0.0	0.0	0.0	0.0	0.0
106.77364533346474	0.0	0.0	0.0	0.0	0.0	0.0	0.0	0.0	0.0	0.0	0.0	0.0	0.0
117.2661258431038	0.0	0.0	0.0	0.0	0.0	0.0	0.0	0.0	0.0	0.0	0.0	0.0	0.0
128.33844086808514	0.0	0.0	0.0	0.0	0.0	0.0	0.0	0.0	0.0	0.0	0.0	0.0	0.0
139.99636248782193	0.0	0.0	0.0	0.0	0.0	0.0	0.0	0.0	0.0	0.0	0.0	0.0	0.0
152.2465775888723	0.0	0.0	0.0	0.0	0.0	0.0	0.0	0.0	0.0	0.0	0.0	0.0	0.0
165.09665019131316	0.0	0.0	0.0	0.0	0.0	0.0	0.0	0.0	0.0	0.0	0.0	0.0	0.0
178.55497442163582	0.0	0.0	0.0	0.0	0.0	0.0	0.0	0.0	0.0	0.0	0.0	0.0	0.0
192.63072498181043	0.0	0.0	0.0	0.0	0.0	0.0	0.0	0.0	0.0	0.0	0.0	0.0	0.0
207.3338091913884	0.0	0.0	0.0	0.0	0.0	0.0	0.0	0.0	0.0	0.0	0.0	0.0	0.0
222.67482285283523	0.0	0.0	0.0	0.0	0.0	0.0	0.0	0.0	0.0	0.0	0.0	0.0	0.0
238.66501101411922	0.0	0.0	0.0	0.0	0.0	0.0	0.0	0.0	0.0	0.0	0.0	0.0	0.0
255.31623398769122	0.0	0.0	0.0	0.0	0.0	0.0	0.0	0.0	0.0	0.0	0.0	0.0	0.0
272.64093856312326	0.0	0.0	0.0	0.0	0.0	0.0	0.0	0.0	0.0	0.0	0.0	0.0	0.0
290.6521341213135	0.0	0.0	0.0	0.0	0.0	0.0	0.0	0.0	0.0	0.0	0.0	0.0	0.0
309.36337325350314	0.0	0.0	0.0	0.0	0.0	0.0	0.0	0.0	0.0	0.0	0.0	0.0	0.0
328.78873643907673	0.0	0.0	0.0	0.0	0.0	0.0	0.0	0.0	0.0	0.0	0.0	0.0	0.0
348.94282036505854	0.0	0.0	0.0	0.0	0.0	0.0	0.0	0.0	0.0	0.0	0.0	0.0	0.0
369.8407294736244	0.0	0.0	0.0	0.0	0.0	0.0	0.0	0.0	0.0	0.0	0.0	0.0	0.0
391.4980703738169	0.0	0.0	0.0	0.0	0.0	0.0	0.0	0.0	0.0	0.0	0.0	0.0	0.0
413.9309487947859	0.0	0.0	0.0	0.0	0.0	0.0	0.0	0.0	0.0	0.0	0.0	0.0	0.0
437.15596879929467	0.0	0.0	0.0	0.0	0.0	0.0	0.0	0.0	0.0	0.0	0.0	0.0	0.0
461.1902340173833	0.0	0.0	0.0	0.0	0.0	0.0	0.0	0.0	0.0	0.0	0.0	0.0	0.0
486.05135069201395	0.0	0.0	0.0	0.0	0.0	0.0	0.0	0.0	0.0	0.0	0.0	0.0	0.0
511.75743235977234	0.0	0.0	0.0	0.0	0.0	0.0	0.0	0.0	0.0	0.0	0.0	0.0	0.0
538.3271060372481	0.0	0.0	0.0	0.0	0.0	0.0	0.0	0.0	0.0	0.0	0.0	0.0	0.0
565.7795197820953	0.0	0.0	0.0	0.0	0.0	0.0	0.0	0.0	0.0	0.0	0.0	0.0	0.0
594.1343515288352	0.0	0.0	0.0	0.0	0.0	0.0	0.0	0.0	0.0	0.0	0.0	0.0	0.0
623.4118191200488	0.0	0.0	0.0	0.0	0.0	0.0	0.0	0.0	0.0	0.0	0.0	0.0	0.0
653.6326914684958	0.0	0.0	0.0	0.0	0.0	0.0	0.0	0.0	0.0	0.0	0.0	0.0	0.0
684.81830080733	0.0	0.0	0.0	0.0	0.0	0.0	0.0	0.0	0.0	0.0	0.0	0.0	0.0
716.9905559646689	0.0	0.0	0.0	0.0	0.0	0.0	0.0	0.0	0.0	0.0	0.0	0.0	0.0
750.1719566555001	0.0	0.0	0.0	0.0	0.0	0.0	0.0	0.0	0.0	0.0	0.0	0.0	0.0
784.3856087658335	0.0	0.0	0.0	0.0	0.0	0.0	0.0	0.0	0.0	0.0	0.0	0.0	0.0
819.6552406117725	0.0	0.0	0.0	0.0	0.0	0.0	0.0	0.0	0.0	0.0	0.0	0.0	0.0
856.0052201826552	0.0	0.0	0.0	0.0	0.0	0.0	0.0	0.0	0.0	0.0	0.0	0.0	0.0
893.460573367464	0.0	0.0	0.0	0.0	0.0	0.0	0.0	0.0	0.0	0.0	0.0	0.0	0.0
932.0470031809444	0.0	0.0	0.0	0.0	0.0	0.0	0.0	0.0	0.0	0.0	0.0	0.0	0.0
971.7909099645811	0.0	0.0	0.0	0.0	0.0	0.0	0.0	0.0	0.0	0.0	0.0	0.0	0.0
1012.7194126167548	0.0	0.0	0.0	0.0	0.0	0.0	0.0	0.0	0.0	0.0	0.0	0.0	0.0
1054.8603708643577	0.0	0.0	0.0	0.0	0.0	0.0	0.0	0.0	0.0	0.0	0.0	0.0	0.0
1098.2424085981693	0.0	0.0	0.0	0.0	0.0	0.0	0.0	0.0	0.0	0.0	0.0	0.0	0.0
1142.8949383219792	0.0	0.0	0.0	0.0	0.0	0.0	0.0	0.0	0.0	0.0	0.0	0.0	0.0
1188.848186741088	0.0	0.0	0.0	0.0	0.0	0.0	0.0	0.0	0.0	0.0	0.0	0.0	0.0
1236.1332215162067	0.0	0.0	0.0	0.0	0.0	0.0	0.0	0.0	0.0	0.0	0.0	0.0	0.0
1284.7819792470455	0.0	0.0	0.0	0.0	0.0	0.0	0.0	0.0	0.0	0.0	0.0	0.0	0.0
1334.8272947259127	0.0	0.0	0.0	0.0	0.0	0.0	0.0	0.0	0.0	0.0	0.0	0.0	0.0
1386.3029315046228	0.0	0.0	0.0	0.0	0.0	0.0	0.0	0.0	0.0	0.0	0.0	0.0	0.0
1439.2436138650755	0.0	0.0	0.0	0.0	0.0	0.0	0.0	0.0	0.0	0.0	0.0	0.0	0.0
1493.6850601922113	0.0	0.0	0.0	0.0	0.0	0.0	0.0	0.0	0.0	0.0	0.0	0.0	0.0
1549.664017865953	0.0	0.0	0.0	0.0	0.0	0.0	0.0	0.0	0.0	0.0	0.0	0.0	0.0
1607.2182996788026	0.0	0.0	0.0	0.0	0.0	0.0	0.0	0.0	0.0	0.0	0.0	0.0	0.0
1666.3868219516535	0.0	0.0	0.0	0.0	0.0	0.0	0.0	0.0	0.0	0.0	0.0	0.0	0.0
1727.2096443510165	0.0	0.0	0.0	0.0	0.0	0.0	0.0	0.0	0.0	0.0	0.0	0.0	0.0
1789.7280114864961	0.0	0.0	0.0	0.0	0.0	0.0	0.0	0.0	0.0	0.0	0.0	0.0	0.0
1853.984396443992	0.0	0.0	0.0	0.0	0.0	0.0	0.0	0.0	0.0	0.0	0.0	0.0	0.0
1920.0225463055162	0.0	0.0	0.0	0.0	0.0	0.0	0.0	0.0	0.0	0.0	0.0	0.0	0.0
1987.8875297345526	0.0	0.0	0.0	0.0	0.0	0.0	0.0	0.0	0.0	0.0	0.0	0.0	0.0
2057.625786716547	0.0	0.0	0.0	0.0	0.0	0.0	0.0	0.0	0.0	0.0	0.0	0.0	0.0
2129.2851806670596	0.0	0.0	0.0	0.0	0.0	0.0	0.0	0.0	0.0	0.0	0.0	0.0	0.0
2202.9150529434587	0.0	0.0	0.0	0.0	0.0	0.0	0.0	0.0	0.0	0.0	0.0	0.0	0.0
2278.5662799038705	0.0	0.0	0.0	0.0	0.0	0.0	0.0	0.0	0.0	0.0	0.0	0.0	0.0
2356.291332662718	0.0	0.0	0.0	0.0	0.0	0.0	0.0	0.0	0.0	0.0	0.0	0.0	0.0
2436.1443397115286	0.0	0.0	0.0	0.0	0.0	0.0	0.0	0.0	0.0	0.0	0.0	0.0	0.0
2518.181152460992	0.0	0.0	0.0	0.0	0.0	0.0	0.0	0.0	0.0	0.0	0.0	0.0	0.0
2602.4594139531046	0.0	0.0	0.0	0.0	0.0	0.0	0.0	0.0	0.0	0.0	0.0	0.0	0.0
2689.0386309643754	0.0	0.0	0.0	0.0	0.0	0.0	0.0	0.0	0.0	0.0	0.0	0.0	0.0
2777.9802493218726	0.0	0.0	0.0	0.0	0.0	0.0	0.0	0.0	0.0	0.0	0.0	0.0	0.0
2869.347733156795	6.564720440831385e+28	1.6134165732930854e+27	9.387710057505517e+26	5.0709812342656826e+26	3.315648636728659e+26	1.824259295942785e+26	4.744501348082526e+25	2.361472825917389e+25	9.014897528891292e+24	5.926979459279035e+26	2.913412076727112e+26	1.824259295942785e+26	1.2165698258529866e+26
2963.2066481987586	3.5931692564711416e+29	9.389184872991108e+27	5.471481340191309e+27	2.9594929549850317e+27	1.93647889186198e+27	1.0663365352283644e+27	2.776911005361844e+26	1.3827741561103462e+26	5.281173613139665e+25	3.458010807448112e+27	1.701894115021079e+27	1.0663365352283644e+27	7.11452824031859e+26
3059.6247491552595	3.059904788263747e+30	8.497095990661448e+28	4.959365911843058e+28	2.686155344680257e+28	1.7589451102670185e+28	9.694040193088224e+27	2.527828193267241e+27	1.2593244806512469e+27	4.811961053500993e+26	3.137653248390569e+28	1.5461805948400475e+28	9.694040193088224e+27	6.47086138617493e+27
3158.6720714173334	2.225770318089365e+31	6.366855119508177e+29	3.718936606177808e+29	2.015667722137869e+29	1.3203902172573245e+29	7.280136632305795e+28	1.8996274763911073e+28	9.46582400207354e+27	3.6178035007776785e+27	2.354102765189071e+29	1.160791248885854e+29	7.280136632305795e+28	4.860702873354349e+28
3260.421027460658	1.4665079282704306e+32	4.198337316054605e+30	2.4523358247088892e+30	1.329192229276806e+30	8.707136893422569e+29	4.80084198981972e+29	1.2527193118769057e+29	6.242324693015266e+28	2.3858083839011457e+28	1.5523602607847975e+30	7.65470295688494e+29	4.80084198981972e+29	3.205380701680943e+29
3364.9465081775984	7.693307274178318e+32	2.360546845587767e+31	1.3814211234913822e+31	7.499656967811729e+30	4.9171962769024354e+30	2.713950575590668e+30	7.09289196727356e+29	3.536347603850199e+29	1.3523477553107421e+29	8.755576614531109e+30	4.323900140504108e+30	2.713950575590668e+30	1.8130466782781704e+30
3472.3259893311624	3.700465815405911e+33	1.194199261176939e+32	6.99839450370396e+31	3.804030848405124e+31	2.4958087808010986e+31	1.378564227827538e+31	3.607125136117434e+30	1.799167676055575e+30	6.883158247653611e+29	4.439831095173607e+31	2.195069016095245e+31	1.378564227827538e+31	9.213345900895081e+30
3582.63964357123	1.5520514200478425e+34	5.371788032259849e+32	3.154349621480813e+32	1.71756449924681e+32	1.1279661487532964e+32	6.237128306157583e+31	1.6347465658101385e+31	8.158603948961588e+30	3.123146554569408e+30	2.0038386024720424e+32	9.923054575149127e+31	6.237128306157583e+31	4.170965871670316e+31
3695.9704582690574	5.980174719315642e+34	2.1982475366765188e+33	1.2931253786706361e+33	7.052078955525614e+32	4.635210430086314e+32	2.5655350817832023e+32	6.734305707759381e+31	3.3626709288408874e+31	1.2879284365339769e+31	8.224573313193391e+32	4.07867049781693e+32	2.5655350817832023e+32	1.7165722397380205e+32
3812.435004450818	2.068072315247037e+35	8.156372241448598e+33	4.8083462318579607e+33	2.627155410471394e+33	1.728558130452241e+33	9.578540164984407e+32	2.5188203929413975e+32	1.2585235585303637e+32	4.823329435716965e+31	3.062644518332376e+33	1.5214360621786556e+33	9.578540164984407e+32	6.413034625776766e+32
3932.1207917613187	6.6279185994066296e+35	2.786310209586112e+34	1.6459088035792048e+34	9.008638044361414e+33	5.933016694243784e+33	3.291288903756109e+33	8.669566031642789e+32	4.334277503343358e+32	1.6621210651487863e+32	1.049774595122534e+34	5.223460459603144e+33	3.291288903756109e+33	2.2049195713662818e+33
4055.1186534823373	1.940930441607696e+36	8.75273417246222e+34	5.18226615224358e+34	2.8421173171088477e+34	1.873847391467186e+34	1.040794311545593e+34	2.746817108330831e+33	1.37416510805991e+33	5.2732750887623646e+32	3.3104041287218484e+34	1.6502339207165743e+34	1.040794311545593e+34	6.977342099146619e+33
4181.522884439144	5.313689735830632e+36	2.5579251329036777e+35	1.5178467493866652e+35	8.340414646809043e+34	5.504756847596184e+34	3.061180647345657e+34	8.093859015195269e+33	4.051757486673744e+33	1.5558546203760782e+33	9.710374376900625e+34	4.849234848101538e+34	3.061180647345657e+34	2.0535306355050184e+34
4311.431387421861	1.3472994585503764e+37	6.953283905160352e+35	4.136148092507626e+35	2.2776190445010806e+35	1.5050039779683602e+35	8.3803574451951e+34	2.2203097842170697e+34	1.112265538851199e+34	4.274122985250412e+33	2.6504449541105454e+35	1.3262010835701302e+35	8.3803574451951e+34	5.625893825450704e+34
4444.945828207253	3.2196151841407647e+37	1.7745363607639893e+36	1.0581219027677841e+36	5.838843379295717e+35	3.862590527244261e+35	2.153600424747954e+35	5.717162984410216e+34	2.8659951590212786e+34	1.102096342962927e+34	6.791384577489984e+35	3.4047411885376476e+35	2.153600424747954e+35	1.4467844547634735e+35
4582.171799828166	7.202864410657637e+37	4.252909265198937e+36	2.542566705133366e+36	1.40620162698981e+36	9.3140171865764e+35	5.2003516762773715e+35	1.3835192530153628e+35	6.94072812107453e+34	2.6710377630194144e+34	1.6347645167249452e+36	8.212730092034087e+35	5.2003516762773715e+35	3.496288546482555e+35
4723.21899666722	1.5296807243082125e+38	9.64507289292815e+36	5.781180988427621e+36	3.204542259301475e+36	2.1251387407619346e+36	1.188188542995691e+36	3.1678430759936845e+35	1.5903924361820207e+35	6.124996479685226e+34	3.72350584895162e+36	1.874482070182938e+36	1.188188542995691e+36	7.99450983411351e+35
4868.201399141844	3.0679989581919438e+38	2.070602946721071e+37	1.244565793587006e+37	6.915355084558137e+36	4.5920552908401104e+36	2.5712953199923447e+36	6.871055786401139e+35	3.452296095710918e+35	1.330636695484007e+35	8.030866800268888e+36	4.0518672180693064e+36	2.5712953199923447e+36	1.7314687349298045e+36
5017.237469460273	5.876958448318416e+38	4.2344598131904456e+37	2.552279944955875e+37	1.4215780715082288e+37	9.45221412655632e+36	5.300581982086997e+36	1.4196620397166194e+36	7.138583526934025e+35	2.7536696539917996e+35	1.6499886051903824e+37	8.343252547451633e+36	5.300581982086997e+36	3.572246305771009e+36
5170.450300879729	1.0705521488298832e+39	8.250760108798555e+37	4.98791013701121e+37	2.785348713979014e+37	1.8546070506099097e+37	1.0416723387759607e+37	2.7967211377063275e+36	1.407477809400985e+36	5.4339133642611265e+35	3.2309901469864e+37	1.637638449293184e+37	1.0416723387759607e+37	7.026324222937409e+36
5327.968054055627	1.8713016115676315e+39	1.539581558756233e+38	9.335421957338937e+37	5.226646902815655e+37	3.4850569516784783e+37	1.9605750216459442e+37	5.276732465309994e+36	2.6578159101672836e+36	1.0269975073996972e+36	6.059306525038226e+37	3.0785169234731363e+37	1.9605750216459442e+37	1.3236170941744807e+37
5489.9239855412325	3.125669819085518e+39	2.7505732794360517e+38	1.6732289649403502e+38	9.394060421516697e+37	6.273326068988588e+37	3.535203666239115e+37	9.539664642093654e+36	4.809339359324543e+36	1.8600667757387625e+36	1.0883751317147813e+38	5.543789232479304e+37	3.535203666239115e+37	2.388920622575616e+37
5656.456720581564	5.0234419877615556e+39	4.723181010811635e+38	2.8827244580122483e+38	1.623078521437583e+38	1.0855692182914785e+38	6.128220109436273e+37	1.6581180327779156e+37	8.366978762309808e+36	3.2390581653411404e+36	1.87924605010266e+38	9.597270056060054e+37	6.128220109436273e+37	4.1451407381596623e+37
5827.7105281969725	7.731877607788651e+39	7.787787093512335e+38	4.77024706692078e+38	2.694137159971453e+38	1.8049585111555486e+38	1.0208621286551303e+38	2.7701633995836666e+37	1.3992387713371878e+37	5.422273932972287e+36	3.1171604707121753e+38	1.5964443708299729e+38	1.0208621286551303e+38	6.912320971662541e+37
6003.83560637416	1.1450501311689607e+40	1.2360936372424453e+39	7.600076186617677e+38	4.306339565409448e+38	2.890162789887138e+38	1.6378962095140937e+38	4.458034779388901e+37	2.2541557062424287e+37	8.744478866981165e+36	4.978832406460263e+38	2.5574969291507856e+38	1.6378962095140937e+38	1.1102413202146507e+38
6184.9883814264695	1.6223223426184673e+40	1.884893334307318e+39	1.1637932448851689e+39	6.61810405278492e+38	4.450391029566483e+38	2.527671017300133e+38	6.903009286509773e+37	3.4944701985682366e+37	1.3571897015533024e+37	7.645349688378333e+38	3.940213548686038e+38	2.527671017300133e+38	1.715446084564323e+38
6371.3318240344515	2.204700236963747e+40	2.764582915860383e+39	1.714776090010174e+39	9.789805722858695e+38	6.597284530055698e+38	3.756045017425739e+38	1.0295255500300644e+38	5.2182602720823395e+37	2.0292599504209303e+37	1.1299271117522385e+39	5.844345990785627e+38	3.756045017425739e+38	2.552460328134544e+38
6563.035784522877	3.1098136585453057e+40	4.0340162942515925e+39	2.5074521725883894e+39	1.4341247980177222e+39	9.673973404821528e+38	5.5137965353581485e+38	1.5138670971681856e+38	7.67763017454455e+37	2.9873978929411568e+37	1.6545686595297962e+39	8.572160779426911e+38	5.5137965353581485e+38	3.74922941292724e+38
6760.277348697392	4.527630817559594e+40	5.846099275432972e+39	3.6327307089004715e+39	2.0771965317230753e+39	1.400993054293417e+39	7.983895129792239e+38	2.191542577758147e+38	1.111358990493113e+38	4.323991536877148e+37	2.3966264318583216e+39	1.2413818633563885e+39	7.983895129792239e+38	5.428369531205261e+38
6963.241216176266	5.636563877625677e+40	7.763704972470438e+39	4.8443968271340377e+39	2.7799186613397227e+39	1.8785764936001223e+39	1.0728789768417407e+39	2.954741250438433e+38	1.5000844941111498e+38	5.843107662184596e+37	3.2048233317236037e+39	1.6654192608380935e+39	1.0728789768417407e+39	7.303341814308599e+38
7172.120102885821	6.738417795254675e+40	9.924256518227171e+39	6.220536826068583e+39	3.583442091336177e+39	2.426646396987293e+39	1.3891541405043353e+39	3.839470686731101e+38	1.9516393738169596e+38	7.611420816135513e+37	4.1275451253378414e+39	2.1525113149432453e+39	1.3891541405043353e+39	9.468487084730554e+38
7387.1151692653	7.639843876363697e+40	1.2146412130886723e+40	7.654832375610813e+39	4.4302517019792344e+39	3.0076476680083365e+39	1.726624610137842e+39	4.792697625215644e+38	2.4397501472839065e+38	9.529177818485167e+37	5.097560943931923e+39	2.669680071704941e+39	1.726624610137842e+39	1.1786883974401448e+39
7608.436475884759	8.266341220205616e+40	1.4277796703451414e+40	9.054415974341093e+39	5.2683457028354287e+39	3.586962711229909e+39	2.0658803627285325e+39	5.762607543638869e+38	2.938415074564272e+38	1.1496329831433133e+38	6.054565248278135e+39	3.186366006954422e+39	2.0658803627285325e+39	1.412782027466315e+39
7836.3034690882005	8.56618743193793e+40	1.61579593903608e+40	1.0319664242005197e+40	6.041057348000771e+39	4.1265488076384947e+39	2.3853878256698696e+39	6.690880364815234e+38	3.4182212963756226e+38	1.3399126267319822e+38	6.933074817214265e+39	3.668909861566512e+39	2.3853878256698696e+39	1.634552819309848e+39
8070.9454999874015	8.574933328249174e+40	1.7697495048749367e+40	1.1391293498964325e+40	6.71289019178606e+39	4.601943789296354e+39	2.670903157078176e+39	7.53732157291808e+38	3.85861887407211e+38	1.5157003644149347e+38	7.692530062823924e+39	4.095519054657477e+39	2.670903157078176e+39	1.8342125529916554e+39
8312.60237764753	8.339185810084756e+40	1.884659201381911e+40	1.2234224963391479e+40	7.26198163213527e+39	4.9978045888581655e+39	2.9133304517398404e+39	8.275667893118802e+38	4.246088725990246e+38	1.6716622465533993e+38	8.308156375297685e+39	4.4524630075634156e+39	2.9133304517398404e+39	2.0054551803134713e+39
8561.524959219641	7.966033572382882e+40	1.9663818264088303e+40	1.2879143323129197e+40	7.7031670526841e+39	5.323176871783322e+39	3.1172252348840844e+39	8.916020424523228e+38	4.58534949058357e+38	1.8094781520005823e+38	8.797768901053268e+39	4.7475317050381194e+39	3.1172252348840844e+39	2.1511601979165934e+39
8817.975780661624	7.506651920731784e+40	2.0196550798364194e+40	1.3353718466072597e+40	8.051583834049166e+39	5.588076125031177e+39	3.2881999108222775e+39	9.473560870256517e+38	4.8840861894327335e+38	1.9321378072090458e+38	9.178992423152424e+39	4.989559762877973e+39	3.2881999108222775e+39	2.2751174924374504e+39
9082.229730269682	7.057697010724215e+40	2.0591977340017738e+40	1.374750713247836e+40	8.357527701366972e+39	5.82610523548218e+39	3.4452083300153914e+39	9.999565589417292e+38	5.16818145358462e+38	2.049666325747686e+38	9.510091621793748e+39	5.208247613442237e+39	3.4452083300153914e+39	2.3901446557488226e+39
9354.574769520952	6.6134824024193715e+40	2.0877217019425677e+40	1.4081439964084086e+40	8.635433083442161e+39	6.048035708327209e+39	3.595122220279103e+39	1.051636099166888e+39	5.449618069265584e+38	2.1669978582741087e+38	9.807028736366229e+39	5.4134014343119435e+39	3.595122220279103e+39	2.5012087625081157e+39
9635.312705057973	6.244775773311254e+40	2.121003978074376e+40	1.4455267961374028e+40	8.943281330303188e+39	6.2933569852695e+39	3.76071378786056e+39	1.1087720202731449e+39	5.760978513108774e+38	2.296909477279242e+38	1.0136442127027448e+40	5.640107796534218e+39	3.76071378786056e+39	2.6239005083931197e+39
9924.760015038291	5.895677000039003e+40	2.1518682321967163e+40	1.4831054285629432e+40	9.263686173057185e+39	6.55221893784655e+39	3.9377284061372424e+39	1.1708546922829409e+39	6.1009554456116755e+38	2.4394221781302833e+38	1.0477040425996217e+40	5.880119651594383e+39	3.9377284061372424e+39	2.755882354628454e+39
10223.2485866218	7.269012566969584e+40	2.544921025310729e+40	1.7426738222724596e+40	1.082534463092203e+40	7.634314451175373e+39	4.573084496156156e+39	1.353175776741707e+39	7.039454580008168e+38	2.810077541831291e+38	1.225840938412853e+40	6.845847347400269e+39	4.573084496156156e+39	3.194896268488085e+39
10531.129329622298	7.783220083608688e+40	2.785341491808179e+40	1.9137361145180005e+40	1.192193327255446e+40	8.420494738894619e+39	5.0525783453463696e+39	1.49883796904357e+39	7.80383656950284e+38	3.117855987001799e+38	1.349149101708989e+40	7.553906448137584e+39	5.0525783453463696e+39	3.5331248946917945e+39
10849.669277605795	7.92260613841059e+40	2.9629691722817227e+40	2.0501565711626533e+40	1.2848220052598673e+40	9.103739102123596e+39	5.481950667625445e+39	1.634818733016388e+39	8.526947033883636e+38	3.4128049868556065e+38	1.4520193770105686e+40	8.173793084906171e+39	5.481950667625445e+39	3.840733418201321e+39
11179.18567941755	7.711645719391197e+40	3.0615933737140243e+40	2.1416179500564435e+40	1.3546845157107952e+40	9.646826292474877e+39	5.84139103997737e+39	1.7565412313270912e+39	9.187480557135023e+38	3.68746851039639e+38	1.527761088191314e+40	8.672975887023578e+39	5.84139103997737e+39	4.1049228481711405e+39
11519.939382271697	7.596452106837993e+40	3.188907135413228e+40	2.2541497365187467e+40	1.438583600814377e+40	1.0293018180991191e+40	6.265599413772734e+39	1.8989073089544677e+39	9.958202495295808e+38	4.007275382171546e+38	1.6191374060530188e+40	9.265657233365712e+39	6.265599413772734e+39	4.415579665431948e+39
11872.383800940985	7.263135119972423e+40	3.237933928459132e+40	2.3199622316996737e+40	1.4978385800648792e+40	1.0783993673291907e+40	6.610229279143388e+39	2.024227493343369e+39	1.0652440692282084e+39	4.301576912144776e+38	1.681420384116327e+40	9.72382126552907e+39	6.610229279143388e+39	4.6760230136250695e+39
12237.213635224132	7.073153138244855e+40	3.3262109837847134e+40	2.4128033136623683e+40	1.5742162694267646e+40	1.1397722379074359e+40	7.030108681679905e+39	2.172803213317104e+39	1.1469716217786312e+39	4.645880196127286e+38	1.7629831145345292e+40	1.0292621808598956e+40	7.030108681679905e+39	4.989809895410607e+39
12614.888150159428	6.756033482818062e+40	3.3428786697930173e+40	2.4608262891555845e+40	1.6260757941171932e+40	1.1854281309862285e+40	7.367976834375418e+39	2.303450573664092e+39	1.220620816527645e+39	4.963194568832471e+38	1.8158273228182849e+40	1.0724606069518552e+40	7.367976834375418e+39	5.251411846441906e+39
13005.976675952588	6.538485279480118e+40	3.3917464952275616e+40	2.5316546689923715e+40	1.6928482258699394e+40	1.2419933522837212e+40	7.774414438521215e+39	2.456188172272061e+39	1.3061323257143135e+39	5.3294542428185895e+38	1.8853320883969152e+40	1.1255484070123391e+40	7.774414438521215e+39	5.562334808709819e+39
13411.020232347362	7.921924093333955e+40	3.989551870527517e+40	2.9566151018466013e+40	1.9655468397364826e+40	1.437744803599704e+40	8.970670729043828e+39	2.8210760458398726e+39	1.497931656762067e+39	6.1031320088391565e+38	2.1918574132013217e+40	1.3019221886696636e+40	8.970670729043828e+39	6.407278074669383e+39
13830.728207486485	8.096507193853963e+40	4.269208068874417e+40	3.1911854853558876e+40	2.1356708909529646e+40	1.5673825590740363e+40	9.813714509929924e+39	3.1010542748125746e+39	1.649082089396226e+39	6.728774413667565e+38	2.378118866854543e+40	1.4205305105410175e+40	9.813714509929924e+39	7.02204391419005e+39
14265.750638610989	7.814459473754093e+40	4.2789521481468763e+40	3.2459607022904535e+40	2.2003985427381114e+40	1.6261790637559745e+40	1.026158818959226e+40	3.28062556531851e+39	1.751416841626404e+39	7.174252397951327e+38	2.443059789088087e+40	1.4765751800890675e+40	1.026158818959226e+40	7.37368337811823e+39
14716.59684043574	7.612204142309358e+40	4.3301327253219005e+40	3.331942019631689e+40	2.2864914378726016e+40	1.7009542260312214e+40	1.081218246005234e+40	3.4942870297637296e+39	1.8722231214948832e+39	7.696597000146345e+38	2.5316363571983158e+40	1.547186008405509e+40	1.081218246005234e+40	7.80004912120538e+39
15184.510748135473	7.470602005984764e+40	4.379299365669628e+40	3.4171952939008203e+40	2.3736953885757685e+40	1.777512069934133e+40	1.1382443421904257e+40	3.719239788824902e+39	2.0000865181472802e+39	8.252302276921189e+38	2.6209408228208985e+40	1.6196834672247328e+40	1.1382443421904257e+40	8.244333604030926e+39
15669.129520638407	7.15787969534789e+40	4.341168744110986e+40	3.4463897619483174e+40	2.430194842483063e+40	1.834693638055949e+40	1.1855932990644139e+40	3.9267417199281445e+39	2.1212297641283367e+39	8.791424560441049e+38	2.6741931026850475e+40	1.6754374205999767e+40	1.1855932990644139e+40	8.629689813383874e+39
16170.881469312297	6.964785707651655e+40	4.3343510464401957e+40	3.497046365834169e+40	2.5012288244575955e+40	1.90303141695575e+40	1.240508383050519e+40	4.16245870053074e+39	2.2583735551580226e+39	9.400344873751549e+38	2.7434569052042487e+40	1.741469932352128e+40	1.240508383050519e+40	9.072227577627104e+39
16691.44055604044	7.981842079752971e+40	4.948115619057605e+40	3.9792730192994977e+40	2.8384864893132776e+40	2.1566486625361316e+40	1.4037716378114895e+40	4.700811852201244e+39	2.548872384132867e+39	1.0603228303188231e+39	3.115232146168578e+40	1.972846755648456e+40	1.4037716378114895e+40	1.0258456417965327e+40
17231.125914195236	7.680446991481397e+40	4.915713285110602e+40	4.027959202417338e+40	2.91929843925327e+40	2.23689547684093e+40	1.469620267856076e+40	4.9884585269767606e+39	2.7168606387820474e+39	1.1351373532053289e+39	3.1924773789040264e+40	2.050856319851094e+40	1.469620267856076e+40	1.079322960867619e+40
17790.84795597475	7.755718987711697e+40	5.067815898421116e+40	4.2086950153983024e+40	3.0849070607419655e+40	2.377925966694272e+40	1.5725090118633953e+40	5.388397305230428e+39	2.9437327735780814e+39	1.2336452662612271e+39	3.3650601639049686e+40	2.1836013854562974e+40	1.5725090118633953e+40	1.1589101495828176e+40
18372.170499976855	7.582252216736921e+40	5.037730898551875e+40	4.2550923865595797e+40	3.1659904575243633e+40	2.460537259794031e+40	1.6422191683287006e+40	5.705417366691762e+39	3.1312982622309883e+39	1.3182411905263444e+39	3.4417153069212737e+40	2.2644548192233498e+40	1.6422191683287006e+40	1.216370234455833e+40
18975.126258803437	7.299264857598469e+40	4.922441071472223e+40	4.240291104883142e+40	3.210608744070486e+40	2.5192757250871194e+40	1.6996827228997616e+40	6.001255128766565e+39	3.311456615727623e+39	1.401536220255816e+39	3.476301752309367e+40	2.324510167085894e+40	1.6996827228997616e+40	1.2663517223449348e+40
19601.446022534677	6.999930957294775e+40	4.776473639493674e+40	4.1997585896846437e+40	3.238735837967008e+40	2.567174779598883e+40	1.7518935130749331e+40	6.292603546350419e+39	3.492170175794522e+39	1.4864228180592548e+39	3.4920604067102583e+40	2.3751769640136e+40	1.7518935130749331e+40	1.31340691852634e+40
20252.906485205396	7.912173431780322e+40	5.407173564266067e+40	4.745174707464804e+40	3.6528823449049386e+40	2.892712727412284e+40	1.9720506634358062e+40	7.073696208028714e+39	3.924039114395386e+39	1.6696085653808866e+39	3.9401819181510574e+40	2.6757049125614573e+40	1.9720506634358062e+40	1.4776915105506884e+40
20930.78250000712	7.861872106152383e+40	5.454192238093436e+40	4.878960857732985e+40	3.815261742767667e+40	3.045872200057599e+40	2.0945938996520813e+40	7.605460522032765e+39	4.235344308279423e+39	1.8087801002068222e+39	4.101041687252003e+40	2.8233527338508285e+40	2.0945938996520813e+40	1.5766653423112105e+40
21636.745904723368	7.490785560560418e+40	5.189066663311175e+40	4.740330504854528e+40	3.7809327008394723e+40	3.0527889895282052e+40	2.1269965498567532e+40	7.880715520531549e+39	4.4188941886983694e+39	1.900135427270573e+39	4.0454252571509254e+40	2.8385380376325076e+40	2.1269965498567532e+40	1.612729745629456e+40
22374.591588258452	7.203545587929407e+40	5.003169302401851e+40	4.677164489908173e+40	3.8065994499491934e+40	3.107425157953012e+40	2.1917779633247677e+40	8.269446498342287e+39	4.664681593270368e+39	2.0176359366798085e+39	4.054235615451582e+40	2.897852029549575e+40	2.1917779633247677e+40	1.6729017281570768e+40
23145.182985333166	7.126176947805014e+40	4.923178394352956e+40	4.684946739500734e+40	3.876252350728276e+40	3.1938999584110597e+40	2.277011478353443e+40	8.73276435162099e+39	4.9532828907151217e+39	2.1542083478797952e+39	4.1126717733021135e+40	2.9860689417671985e+40	2.277011478353443e+40	1.7482561417586886e+40
23950.78378468672	7.576946196898618e+40	5.256272708056991e+40	5.063144572024836e+40	4.22714523703717e+40	3.497904318198667e+40	2.504325423061534e+40	9.655405403301524e+39	5.484822062301518e+39	2.388629609338792e+39	4.476373098711668e+40	3.2737803020512774e+40	2.504325423061534e+40	1.926752866255807e+40
24793.577119077225	7.614119369352805e+40	5.235914059892313e+40	5.118803506417618e+40	4.3346532679163616e+40	3.616552749534975e+40	2.6144476256821427e+40	1.0234522894754229e+40	5.8443136662547e+39	2.55854281075772e+39	4.574940562386329e+40	3.392539389238992e+40	2.6144476256821427e+40	2.02244260103306e+40
25675.738049244483	7.185824002296809e+40	4.863911774737068e+40	4.889096875405823e+40	4.245749036405659e+40	3.5925564227486193e+40	2.6390683078405365e+40	1.0584778483831458e+40	6.093601975317118e+39	2.6891222111209843e+39	4.455167493710259e+40	3.3829132788625004e+40	2.6390683078405365e+40	2.0595269938178183e+40
26597.855225969237	7.731720165533965e+40	5.213601153979875e+40	5.278236633454767e+40	4.612222455601022e+40	3.915943408253209e+40	2.8877450852176176e+40	1.1650492775531638e+40	6.720505485232617e+39	2.971657567148177e+39	4.832878382117742e+40	3.690818489311016e+40	2.8877450852176176e+40	2.258380062082685e+40
27560.342070740255	7.401201851015716e+40	4.878944608340666e+40	5.076407692317974e+40	4.54858345900238e+40	3.9168008016590064e+40	2.935363420745251e+40	1.2135591264026762e+40	7.05755943517726e+39	3.14575141812127e+39	4.738601070772996e+40	3.705819786594441e+40	2.935363420745251e+40	2.316058008061082e+40
28568.073177341634	7.267061440344972e+40	4.685961735816631e+40	4.991886232255144e+40	4.568776333636351e+40	3.981071604667498e+40	3.024223791018601e+40	1.2764387698365547e+40	7.475204100625713e+39	3.354973654365651e+39	4.736438479487862e+40	3.7787717319929557e+40	3.024223791018601e+40	2.404062756162646e+40
29624.703327043262	7.246054984356523e+40	4.562317598247226e+40	4.972040101762515e+40	4.644146694905556e+40	4.092533326331409e+40	3.148721250712688e+40	1.354578816430701e+40	7.98305039998731e+39	3.605112728992882e+39	4.792160549434674e+40	3.8963922451562117e+40	3.148721250712688e+40	2.520467287349178e+40
30733.0645385209	7.403517999128569e+40	4.5644874459145705e+40	5.077668284691094e+40	4.825764990942687e+40	4.2921041071879756e+40	3.3363001674995643e+40	1.4571179013857386e+40	8.630094611234107e+39	3.9162835064241385e+39	4.960177067954144e+40	4.096487106754464e+40	3.3363001674995643e+40	2.6854099890366115e+40
31897.290977886634	7.308896428060027e+40	4.376783075355993e+40	4.963792058849848e+40	4.806378877018649e+40	4.3225576400839013e+40	3.4052794160291555e+40	1.520422425993623e+40	9.076263280259108e+39	4.151807327713366e+39	4.91843895741705e+40	4.138407652758589e+40	3.4052794160291555e+40	2.762217258434059e+40
33121.302794676645	7.51313724546888e+40	4.376405581650108e+40	5.063604151847484e+40	4.991609954313204e+40	4.533493999020678e+40	3.6109535010848504e+40	1.6384525319577217e+40	9.831965339137614e+39	4.520186273074934e+39	5.087101175169137e+40	4.3518306359202496e+40	3.6109535010848504e+40	2.94645534984952e+40
34406.81733639222	7.252586664268107e+40	4.040372205894509e+40	4.804292039378694e+40	4.858716828304677e+40	4.47889239460046e+40	3.6308548939782437e+40	1.6946134589088943e+40	1.0269314708805767e+40	4.767831357156497e+39	4.922044039782656e+40	4.317182208240211e+40	3.6308548939782437e+40	2.992487237307802e+40
35762.98265579608	7.131316360093706e+40	3.803549362567571e+40	4.636722470410398e+40	4.79890462096565e+40	4.482908234697327e+40	3.691332480800123e+40	1.766421404350137e+40	1.079859263446133e+40	5.0579078517807855e+39	4.835307585877468e+40	4.336924884658329e+40	3.691332480800123e+40	3.0693767039881367e+40
37193.213952770806	7.383465939015621e+40	3.8033671927400816e+40	4.733665469174638e+40	4.989226927698395e+40	4.707283656226329e+40	3.9196246697377354e+40	1.9070550054983707e+40	1.1721994530462501e+40	5.519565449028046e+39	5.006262604832099e+40	4.566187207312364e+40	3.9196246697377354e+40	3.2790140872042505e+40
38702.605159065206	7.203279722445577e+40	3.506047303374708e+40	4.493918180817648e+40	4.866362514156853e+40	4.662399879873133e+40	3.95231402833439e+40	1.9782773098448646e+40	1.228108087102081e+40	5.840937218733717e+39	4.852440071930545e+40	4.541743378737373e+40	3.95231402833439e+40	3.3398166041323103e+40
40295.25679479368	7.569827893539196e+40	3.5697106807117375e+40	4.641735828705541e+40	5.096575732948281e+40	4.92247065515541e+40	4.2125097263580403e+40	2.1404898112615532e+40	1.3357975258694721e+40	6.386665642278533e+39	5.065457501800263e+40	4.80577142684312e+40	4.2125097263580403e+40	3.578780274797599e+40
41980.418938476694	7.8407993401967175e+40	3.589669399610415e+40	4.703861335727295e+40	5.219805909524913e+40	5.078822115412308e+40	4.3890328597808675e+40	2.270698813824797e+40	1.426964088130124e+40	6.872700274476996e+39	5.173759263534191e+40	4.969289471773487e+40	4.3890328597808675e+40	3.7513782690141795e+40
43767.085618942845	9.206532750675583e+40	4.355826645189435e+40	5.536130198609808e+40	6.014058269551554e+40	5.7983829383756835e+40	4.971368547743176e+40	2.5547080876516387e+40	1.604059420324011e+40	7.72391057198327e+39	5.987007583475099e+40	5.661265187126658e+40	4.971368547743176e+40	4.2356382772118566e+40
45660.75754271663	1.2106861239391356e+41	6.071977164087399e+40	7.377553565056517e+40	7.734490702757809e+40	7.323278445839933e+40	6.157774826594918e+40	3.0781746677109915e+40	1.9158351950178444e+40	9.148085856532256e+39	7.760079566878328e+40	7.116321324906197e+40	6.157774826594918e+40	5.19300216884664e+40
47672.87403232452	1.764811199115913e+41	9.65068537885524e+40	1.0895626902350433e+41	1.0733246467261816e+41	9.835131581489971e+40	7.983313450763526e+40	3.803528581517181e+40	2.3339361469572765e+40	1.1002317083407238e+40	1.0920121879844538e+41	9.475285952005092e+40	7.983313450763526e+40	6.610731190026931e+40
49812.002384276864	2.937916971244568e+41	1.7407369501342488e+41	1.8313871527486866e+41	1.6880982669503992e+41	1.4894220395661955e+41	1.157475043480007e+41	5.159899584326003e+40	3.0964587347467155e+40	1.4280656714103618e+40	1.7442857672412546e+41	1.4201834567873117e+41	1.157475043480007e+41	9.357059109616856e+40
52091.469772550096	4.563398400838645e+41	2.7832080266847535e+41	2.7798955106384977e+41	2.4444862585215153e+41	2.1001726750205688e+41	1.5824706564558528e+41	6.720622899312267e+40	3.9664813261094007e+40	1.7994653465919001e+40	2.5535181645195363e+41	1.9880047463348793e+41	1.5824706564558528e+41	1.257318664964508e+41
54521.04825472124	7.120605232555266e+41	4.380467968303213e+41	4.160844354554819e+41	3.496812380177209e+41	2.9299120982053135e+41	2.146081189260528e+41	8.736065393679565e+40	5.083330848096819e+40	2.273741112234676e+40	3.690963914072048e+41	2.754735371552424e+41	2.146081189260528e+41	1.6790607952014942e+41
57116.590868622356	1.0946089218807347e+42	6.758483760815174e+41	6.188325597842312e+41	5.018877344151989e+41	4.118122612131283e+41	2.942134096174029e+41	1.1501207135971334e+41	6.596421595449943e+40	2.907473615979126e+40	5.342271705670852e+41	3.849421072494174e+41	2.942134096174029e+41	2.2693024217300387e+41
59892.495211910355	1.5326410357634662e+42	9.318173499319071e+41	8.348374693882957e+41	6.637358563623e+41	5.383613582833924e+41	3.7930761558938296e+41	1.448192492682263e+41	8.233191176033763e+40	3.5956667942586826e+40	7.097945551622396e+41	5.016132809464088e+41	3.7930761558938296e+41	2.9019411545156148e+41
62868.174578453814	2.0595461573508012e+42	1.2328578245767529e+42	1.0809260202763501e+42	8.42696718781815e+41	6.760809061473936e+41	4.70434420224322e+41	1.762324954858263e+41	9.955116262694859e+40	4.3201614311045907e+40	9.052545790760551e+41	6.280656150245576e+41	4.70434420224322e+41	3.574509499352768e+41
66062.90549438672	2.6237849027055514e+42	1.547275855943339e+42	1.3379491821609004e+42	1.0305084559516096e+42	8.213133170112446e+41	5.672457163623293e+41	2.1009356468315235e+41	1.1821508401623724e+41	5.1098932536402345e+40	1.1100655051851986e+42	7.616274085227288e+41	5.672457163623293e+41	4.292505706735995e+41
69499.37980349407	3.167876687720428e+42	1.853767192607674e+42	1.5916698976106458e+42	1.2179425013796892e+42	9.671723366726291e+41	6.652523181302662e+41	2.4490801160818216e+41	1.3753379788503792e+41	5.9336235164288715e+40	1.3139491038737909e+42	8.960069626951037e+41	6.652523181302662e+41	5.023003757951375e+41
73205.51181041483	3.645560565342132e+42	2.12989264651233e+42	1.8301109235144454e+42	1.400955971730369e+42	1.1125879205995295e+42	7.65221842432555e+41	2.815788289194326e+41	1.5808454981782116e+41	6.818022747216467e+40	1.5112922060179403e+42	1.0307222360729238e+42	7.65221842432555e+41	5.777158767648851e+41
77210.78640063164	4.005421485340408e+42	2.3512838445629855e+42	2.028101203577044e+42	1.557224766513485e+42	1.2385573210250197e+42	8.53206383872598e+41	3.1467295961669116e+41	1.7682121102816314e+41	7.634590594857855e+40	1.6787600932774984e+42	1.1478678796861377e+42	8.53206383872598e+41	6.446697275625008e+41
81548.29260139092	4.199894964079606e+42	2.4831807578093725e+42	2.1702161145189027e+42	1.6861640221237663e+42	1.3500495872627196e+42	9.372092232814922e+41	3.498852174106528e+41	1.9742809493314076e+41	8.55871231396811e+40	1.8128135124268233e+42	1.2534732842194423e+42	9.372092232814922e+41	7.112167920745253e+41
86259.63295642941	4.2163493917253876e+42	2.5054478763807505e+42	2.2236171198575975e+42	1.7542494381639975e+42	1.417483612974804e+42	9.948814955564935e+41	3.779925912172505e+41	2.145830286666611e+41	9.358577916352598e+40	1.8791477607248502e+42	1.3194592472887203e+42	9.948814955564935e+41	7.597128078232732e+41
91389.68188423896	4.0513350825639127e+42	2.4291871675755088e+42	2.2070417401058254e+42	1.777653855894311e+42	1.453028158215415e+42	1.0334583821498949e+42	4.010065210015896e+41	2.29356136656099e+41	1.0079662404900885e+41	1.8951907034423456e+42	1.3567947568774278e+42	1.0334583821498949e+42	7.950743505457347e+41
96993.50332943394	3.7175886561702356e+42	2.2316997999879694e+42	2.089966289776236e+42	1.7306560934908218e+42	1.4370025609763486e+42	1.0409056499220537e+42	4.157788595766794e+41	2.4024761445315795e+41	1.0668575159878251e+41	1.8332730245352298e+42	1.347620447233599e+42	1.0409056499220537e+42	8.090785614319331e+41
103133.57985290932	3.2214334615261855e+42	1.9030935425565326e+42	1.8518028998187055e+42	1.59019063162151e+42	1.3486813006598682e+42	1.0018901903067651e+42	4.168925998047896e+41	2.4440452378953323e+41	1.101350141787351e+41	1.670146038861279e+42	1.2722710639068697e+42	1.0018901903067651e+42	7.900556557733395e+41
109884.39235859326	2.6214355003818963e+42	1.4950111408817013e+42	1.5294013206378304e+42	1.3759920650781555e+42	1.1986506570223385e+42	9.189769146645083e+41	4.0257806328083296e+41	2.404447367218662e+41	1.1044466443266682e+41	1.4295614727124315e+42	1.139124823630405e+42	9.189769146645083e+41	7.378495239962246e+41
117335.09596800752	1.9932485063259e+42	1.0430558580865556e+42	1.1342200124379059e+42	1.0858474495314795e+42	9.819202460871576e+41	7.873925533339917e+41	3.710529004096254e+41	2.2742864041677647e+41	1.0724685481921345e+41	1.1114700508864939e+42	9.429738991639754e+41	7.873925533339917e+41	6.486729959796382e+41
125592.76533204784	1.436085296805934e+42	6.68872431747223e+41	7.626832030121969e+41	7.732843256927999e+41	7.271055886028577e+41	6.1384668382851395e+41	3.1768079777134467e+41	2.0178155408886207e+41	9.873568425799657e+40	7.800732137739853e+41	7.0637481289029e+41	6.1384668382851395e+41	5.219793327809246e+41
134786.46043617214	9.931119721333014e+41	4.162327165405552e+41	4.808251674904981e+41	5.062617750872863e+41	4.923791825271896e+41	4.372360368023754e+41	2.5109314073450008e+41	1.6654533972428703e+41	8.542759946259029e+40	5.0501859251425626e+41	4.8355174975801755e+41	4.372360368023754e+41	3.845084266260151e+41
145076.3587197061	6.848189314036856e+41	2.8136280218855937e+41	3.190203743058642e+41	3.308525962765895e+41	3.2277024701265874e+41	2.9325085617431182e+41	1.8417222128205964e+41	1.2809000263985742e+41	6.948943848163481e+40	3.3067029364515026e+41	3.180281582622542e+41	2.9325085617431182e+41	2.6414505526030815e+41
156660.857987831	4.915287992224006e+41	2.0777813869191665e+41	2.408008259454818e+41	2.4486257617026294e+41	2.3275403703325267e+41	2.0507427774125363e+41	1.3008939758999833e+41	9.374830846702545e+40	5.374456056040514e+40	2.467032840706689e+41	2.27537853910277e+41	2.0507427774125363e+41	1.8308422941905155e+41
169794.41422594042	3.9378491733842585e+41	1.4922140838778122e+41	1.9093594953891408e+41	2.0932469448284083e+41	2.043040625736937e+41	1.8100271202767745e+41	1.101311785476133e+41	7.885588290691341e+40	4.598470373975711e+40	2.077649945593149e+41	2.0053561839593876e+41	1.8100271202767745e+41	1.5990420049595173e+41
184791.011030687	3.2683177363507605e+41	1.0386038177593907e+41	1.4609814562163557e+41	1.7367503537192528e+41	1.767622409403069e+41	1.6338156032185058e+41	1.0300475329136385e+41	7.3647033794788875e+40	4.28655270751113e+40	1.6929030444569377e+41	1.7537681316313207e+41	1.6338156032185058e+41	1.470524817950862e+41
202054.52546804	2.7102206186610823e+41	6.290547524361296e+40	1.0137802207031202e+41	1.3593671234132568e+41	1.4738147418569165e+41	1.455572267539441e+41	9.999602634823402e+40	7.317859829226482e+40	4.3335537467728724e+40	1.28958854682251e+41	1.486434673437331e+41	1.455572267539441e+41	1.354375338030657e+41
222112.33792699745	2.2316772372736074e+41	3.433064991416297e+40	6.452078677070095e+40	9.971616478615695e+40	1.1669364681278695e+41	1.2477429362021247e+41	9.410705902244357e+40	7.081639955307563e+40	4.3321078808687644e+40	9.157679197855317e+40	1.2005287871678986e+41	1.2477429362021247e+41	1.2057744655381395e+41
245665.2387632961	1.8073651011793194e+41	1.5832674481985645e+40	3.5563861038067165e+40	6.558317330469062e+40	8.486058189483564e+40	1.0138710730593808e+41	8.729264783365627e+40	6.738549305144958e+40	4.218231414804017e+40	5.778910682238653e+40	8.969373069325495e+40	1.0138710730593808e+41	1.0358741379502567e+41
273664.46098198113	1.4311753626771809e+41	5.806409521016578e+39	1.572189259605696e+40	3.6032237893797694e+40	5.318040996835137e+40	7.41096119186328e+40	7.921298430162962e+40	6.430297293297579e+40	4.140606181322772e+40	3.0123321099974715e+40	5.829516477714401e+40	7.41096119186328e+40	8.232023835646351e+40
307432.6291010793	1.097746979906949e+41	1.814122948124134e+39	5.365916466169924e+39	1.5483185211434965e+40	2.6825308363862327e+40	4.557243702771238e+40	6.641788761501385e+40	5.908280438552443e+40	4.0641758668528196e+40	1.2179212856037172e+40	3.0787437803042288e+40	4.557243702771238e+40	5.6676680218020675e+40
348862.02218343277	8.065549154367359e+40	6.780551409746963e+38	1.5749241438186584e+39	5.0777390958757545e+39	1.0360453068053132e+40	2.221306157463442e+40	4.832880573322128e+40	4.92000933801469e+40	3.8046926468645763e+40	3.797651516754836e+39	1.2523833843156925e+40	2.221306157463442e+40	3.179990630187054e+40
400754.2675087533	5.489255813727414e+40	3.714693924676552e+38	5.2880907469168446e+38	1.1599714073500271e+39	2.501743510310779e+39	7.007764705427698e+39	2.7267314901369903e+40	3.427217920879717e+40	3.241109751716117e+40	9.047821226353738e+38	3.1742563669689436e+39	7.007764705427698e+39	1.2209458005315884e+40
460368.3344665435	3.6471410835798546e+40	2.398780834125576e+38	3.1058284833391716e+38	4.443729427314188e+38	6.831732403596296e+38	1.7514549695747894e+39	1.168799506304493e+40	1.9049678730701607e+40	2.3545675582571026e+40	3.984440898206584e+38	8.153149219421535e+38	1.7514549695747894e+39	3.4783102489831564e+39
528853.4718603346	2.374373402518789e+40	1.5616323251543305e+38	2.013219439068353e+38	2.6516357256857143e+38	3.2562558478026446e+38	5.187585829605097e+38	3.772669421731664e+39	8.22845032861916e+39	1.4181785471283055e+40	2.4738348859400014e+38	3.510672301611842e+38	5.187585829605097e+38	8.851044448283193e+38
607530.140766569	1.5122980626730733e+40	1.0102028916242252e+38	1.3071645111870339e+38	1.722048997383379e+38	2.061228417656289e+38	2.689180525142587e+38	1.1358914206829259e+39	3.002642591550798e+39	7.114797062693529e+39	1.608795069833367e+38	2.1757211667135574e+38	2.689180525142587e+38	3.4940653647973016e+38
697915.363080367	9.50427249351728e+39	6.473356610035711e+37	8.422801314424578e+37	1.1152219757192958e+38	1.3386939902450064e+38	1.7008911692593165e+38	3.761832109233215e+38	9.305763131828756e+38	2.9391346550342825e+39	1.0404210219443791e+38	1.4122863925972947e+38	1.7008911692593165e+38	1.9962190523617184e+38
801751.9801194632	5.90791206848484e+39	4.098758632348212e+37	5.382163082995374e+37	7.165072596852882e+37	8.640653196201787e+37	1.1055193407784687e+38	1.8423040602410056e+38	3.079710805097812e+38	1.0031037223758247e+39	6.675318424967992e+37	9.130956231588119e+37	1.1055193407784687e+38	1.2885988865236103e+38
921042.2665079798	3.646622240825202e+39	2.5542879213406443e+37	3.406142915120311e+37	4.566862616522072e+37	5.529701250247827e+37	7.134730582516436e+37	1.1580713305860448e+38	1.48260835581948e+38	3.2157539424643163e+38	4.2487362600730596e+37	5.85222338581837e+37	7.134730582516436e+37	8.376577668331918e+37
1058086.5476626516	2.2428905463668287e+39	1.5579854629838128e+37	2.1292283817906447e+37	2.8873407804058558e+37	3.510469686803237e+37	4.560924651516386e+37	7.598961167208158e+37	9.319177563082542e+37	1.3269940770861114e+38	2.6810574057357745e+37	3.719854668426399e+37	4.560924651516386e+37	5.392646311788511e+37
1215527.5656924867	1.3788385201715413e+39	9.234785950838432e+36	1.309007980205221e+37	1.8086649084323117e+37	2.2114118096405164e+37	2.8904154697659773e+37	4.947916381894154e+37	6.167105218744616e+37	7.792478318728493e+37	1.6741422122085266e+37	2.3462941958841214e+37	2.8904154697659773e+37	3.4368209182352474e+37
1396401.4493901154	8.494818093884082e+38	5.2742799788604065e+36	7.866082062819495e+36	1.1194728324895965e+37	1.38142178173957e+37	1.8177014062700245e+37	3.182243706279927e+37	4.050083212536703e+37	5.192705231025141e+37	1.0307604787988297e+37	1.4683056096830665e+37	1.8177014062700245e+37	2.1709178280097896e+37
1604196.271363732	5.256614004713415e+38	2.874761742895419e+36	4.584641823095271e+36	6.815103602730579e+36	8.538497462405695e+36	1.1347408969837307e+37	2.0232290180444223e+37	2.6233983648609665e+37	3.4798560920679103e+37	6.223418515434625e+36	9.10255133396997e+36	1.1347408969837307e+37	1.360785891167637e+37
1842919.321689114	3.273244515582506e+38	1.4797719994694846e+36	2.5682822217958482e+36	4.054445498621409e+36	5.2007381094848965e+36	7.02598851466511e+36	1.2735972593386387e+37	1.677046848173682e+37	2.298243412239708e+37	3.658178110577633e+36	5.571566305598539e+36	7.02598851466511e+36	8.469788704008491e+36
2117174.3955739825	2.0540632151402016e+38	7.113297814444178e+35	1.3689365749199992e+36	2.338142688309656e+36	3.1028421934295694e+36	4.3035865992520247e+36	7.951059260236892e+36	1.0596475066480095e+37	1.4943305151604775e+37	2.075285763486837e+36	3.349318654570125e+36	4.3035865992520247e+36	5.2318777007903705e+36
2432250.585664209	1.3004313535882999e+38	3.155348562954452e+35	6.867315479586557e+35	1.294788827446112e+36	1.7992076892832982e+36	2.595815555661267e+36	4.929601039761197e+36	6.629929013031233e+36	9.575836375534132e+36	1.125066617294054e+36	1.9632878268978258e+36	2.595815555661267e+36	3.2001845227063287e+36
2794224.2915081517	8.312047566604454e+37	1.2752780004156157e+35	3.2048373067492516e+35	6.813782443493667e+35	1.0046699436985666e+36	1.531727513755384e+36	3.036745023771718e+36	4.115152207213475e+36	6.057347195328047e+36	5.766229379432036e+35	1.1123930933878881e+36	1.531727513755384e+36	1.9301068781866854e+36
3210076.4136110605	5.365662667387427e+37	4.632773133282707e+34	1.3743119606390857e+35	3.3695591387665806e+35	5.3469853469382495e+35	8.76888248224486e+35	1.8570096480274947e+36	2.5375753038615507e+36	3.789626341832892e+36	2.762045238507487e+35	6.031851755448613e+35	8.76888248224486e+35	1.140628760105872e+36
3687826.9923726246	3.4981070055704346e+37	1.4907565778453302e+34	5.3447835287603795e+34	1.5473611886589267e+35	2.682285846200911e+35	4.823486975873271e+35	1.1241091969177095e+36	1.555394882754366e+36	2.3496503385941992e+36	1.2215511900766556e+35	3.0962731351376648e+35	4.823486975873271e+35	6.5515229199521015e+35
4236689.88865555	2.302548014945085e+37	4.182439490928368e+33	1.8588809081752774e+34	6.516030406076586e+34	1.253379676715815e+35	2.52228449891036e+35	6.702667775390445e+35	9.46775764876952e+35	1.4465025066393898e+36	4.924198185258749e+34	1.4872763441508587e+35	2.52228449891036e+35	3.6226607552435714e+35
