#t	Le	U	B	V	R	I	J	H	K	g	r	i	z
#----------------------------------------------- 
6.231070087889746	0.0	0.0	0.0	0.0	0.0	0.0	0.0	0.0	0.0	0.0	0.0	0.0	0.0
6.475563181342443	0.0	0.0	0.0	0.0	0.0	0.0	0.0	0.0	0.0	0.0	0.0	0.0	0.0
9.189100756009795	0.0	0.0	0.0	0.0	0.0	0.0	0.0	0.0	0.0	0.0	0.0	0.0	0.0
11.386291945236731	0.0	0.0	0.0	0.0	0.0	0.0	0.0	0.0	0.0	0.0	0.0	0.0	0.0
14.946594505498195	0.0	0.0	0.0	0.0	0.0	0.0	0.0	0.0	0.0	0.0	0.0	0.0	0.0
20.00222406021366	0.0	0.0	0.0	0.0	0.0	0.0	0.0	0.0	0.0	0.0	0.0	0.0	0.0
26.841382445331558	0.0	0.0	0.0	0.0	0.0	0.0	0.0	0.0	0.0	0.0	0.0	0.0	0.0
35.67947076612496	0.0	0.0	0.0	0.0	0.0	0.0	0.0	0.0	0.0	0.0	0.0	0.0	0.0
46.51145137538516	0.0	0.0	0.0	0.0	0.0	0.0	0.0	0.0	0.0	0.0	0.0	0.0	0.0
59.15534471102148	0.0	0.0	0.0	0.0	0.0	0.0	0.0	0.0	0.0	0.0	0.0	0.0	0.0
73.39469086793893	0.0	0.0	0.0	0.0	0.0	0.0	0.0	0.0	0.0	0.0	0.0	0.0	0.0
89.0706447651229	0.0	0.0	0.0	0.0	0.0	0.0	0.0	0.0	0.0	0.0	0.0	0.0	0.0
106.09534795051275	0.0	0.0	0.0	0.0	0.0	0.0	0.0	0.0	0.0	0.0	0.0	0.0	0.0
124.4332810620155	0.0	0.0	0.0	0.0	0.0	0.0	0.0	0.0	0.0	0.0	0.0	0.0	0.0
144.08168853062324	0.0	0.0	0.0	0.0	0.0	0.0	0.0	0.0	0.0	0.0	0.0	0.0	0.0
165.0574737927598	0.0	0.0	0.0	0.0	0.0	0.0	0.0	0.0	0.0	0.0	0.0	0.0	0.0
187.38953810565488	0.0	0.0	0.0	0.0	0.0	0.0	0.0	0.0	0.0	0.0	0.0	0.0	0.0
211.1144973949113	0.0	0.0	0.0	0.0	0.0	0.0	0.0	0.0	0.0	0.0	0.0	0.0	0.0
236.27431773072246	0.0	0.0	0.0	0.0	0.0	0.0	0.0	0.0	0.0	0.0	0.0	0.0	0.0
262.9150183289823	0.0	0.0	0.0	0.0	0.0	0.0	0.0	0.0	0.0	0.0	0.0	0.0	0.0
291.0859729132513	0.0	0.0	0.0	0.0	0.0	0.0	0.0	0.0	0.0	0.0	0.0	0.0	0.0
320.8395534486504	0.0	0.0	0.0	0.0	0.0	0.0	0.0	0.0	0.0	0.0	0.0	0.0	0.0
352.23097536624704	0.0	0.0	0.0	0.0	0.0	0.0	0.0	0.0	0.0	0.0	0.0	0.0	0.0
385.31826579090193	0.0	0.0	0.0	0.0	0.0	0.0	0.0	0.0	0.0	0.0	0.0	0.0	0.0
420.1623103578632	0.0	0.0	0.0	0.0	0.0	0.0	0.0	0.0	0.0	0.0	0.0	0.0	0.0
456.8269524407546	0.0	0.0	0.0	0.0	0.0	0.0	0.0	0.0	0.0	0.0	0.0	0.0	0.0
495.37913039078785	0.0	0.0	0.0	0.0	0.0	0.0	0.0	0.0	0.0	0.0	0.0	0.0	0.0
535.8890437780428	0.0	0.0	0.0	0.0	0.0	0.0	0.0	0.0	0.0	0.0	0.0	0.0	0.0
578.4303441335655	0.0	0.0	0.0	0.0	0.0	0.0	0.0	0.0	0.0	0.0	0.0	0.0	0.0
623.0803475993537	0.0	0.0	0.0	0.0	0.0	0.0	0.0	0.0	0.0	0.0	0.0	0.0	0.0
669.9202686214804	0.0	0.0	0.0	0.0	0.0	0.0	0.0	0.0	0.0	0.0	0.0	0.0	0.0
719.035474972502	0.0	0.0	0.0	0.0	0.0	0.0	0.0	0.0	0.0	0.0	0.0	0.0	0.0
770.5157639488035	0.0	0.0	0.0	0.0	0.0	0.0	0.0	0.0	0.0	0.0	0.0	0.0	0.0
824.4556617835768	0.0	0.0	0.0	0.0	0.0	0.0	0.0	0.0	0.0	0.0	0.0	0.0	0.0
880.9547467874801	0.0	0.0	0.0	0.0	0.0	0.0	0.0	0.0	0.0	0.0	0.0	0.0	0.0
940.1179988418681	0.0	0.0	0.0	0.0	0.0	0.0	0.0	0.0	0.0	0.0	0.0	0.0	0.0
1002.0561784726641	0.0	0.0	0.0	0.0	0.0	0.0	0.0	0.0	0.0	0.0	0.0	0.0	0.0
1066.8862355683837	0.0	0.0	0.0	0.0	0.0	0.0	0.0	0.0	0.0	0.0	0.0	0.0	0.0
1134.7317525472536	0.0	0.0	0.0	0.0	0.0	0.0	0.0	0.0	0.0	0.0	0.0	0.0	0.0
1205.7234251480957	0.0	0.0	0.0	0.0	0.0	0.0	0.0	0.0	0.0	0.0	0.0	0.0	0.0
1279.9995853704675	0.0	0.0	0.0	0.0	0.0	0.0	0.0	0.0	0.0	0.0	0.0	0.0	0.0
1357.7067671123516	0.0	0.0	0.0	0.0	0.0	0.0	0.0	0.0	0.0	0.0	0.0	0.0	0.0
1439.0003222300707	0.0	0.0	0.0	0.0	0.0	0.0	0.0	0.0	0.0	0.0	0.0	0.0	0.0
1524.0450912140918	0.0	0.0	0.0	0.0	0.0	0.0	0.0	0.0	0.0	0.0	0.0	0.0	0.0
1613.0161338123155	0.0	0.0	0.0	0.0	0.0	0.0	0.0	0.0	0.0	0.0	0.0	0.0	0.0
1706.0995289269238	0.0	0.0	0.0	0.0	0.0	0.0	0.0	0.0	0.0	0.0	0.0	0.0	0.0
1803.4932482761142	0.0	0.0	0.0	0.0	0.0	0.0	0.0	0.0	0.0	0.0	0.0	0.0	0.0
1905.4081101487277	0.0	0.0	0.0	0.0	0.0	0.0	0.0	0.0	0.0	0.0	0.0	0.0	0.0
2012.0688279821072	0.0	0.0	0.0	0.0	0.0	0.0	0.0	0.0	0.0	0.0	0.0	0.0	0.0
2123.715158268942	0.0	0.0	0.0	0.0	0.0	0.0	0.0	0.0	0.0	0.0	0.0	0.0	0.0
2240.603161902343	0.0	0.0	0.0	0.0	0.0	0.0	0.0	0.0	0.0	0.0	0.0	0.0	0.0
2363.006593942761	0.0	0.0	0.0	0.0	0.0	0.0	0.0	0.0	0.0	0.0	0.0	0.0	0.0
2491.218434228829	0.0	0.0	0.0	0.0	0.0	0.0	0.0	0.0	0.0	0.0	0.0	0.0	0.0
2625.552577076679	0.0	0.0	0.0	0.0	0.0	0.0	0.0	0.0	0.0	0.0	0.0	0.0	0.0
2766.3457001387005	0.0	0.0	0.0	0.0	0.0	0.0	0.0	0.0	0.0	0.0	0.0	0.0	0.0
2913.9593333558264	5.826747347056753e+30	1.0166470490159825e+28	5.693449803234322e+27	2.9735741252524957e+27	1.908356198424626e+27	1.0277891733371532e+27	2.5853328618963372e+26	1.2717814950946756e+26	4.796892866592887e+25	3.502428616232806e+27	1.6683774453523132e+27	1.0277891733371532e+27	6.773199812718968e+26
3068.782153630584	1.5792645040511746e+32	3.1394849423771048e+29	1.760062732179059e+29	9.20119064581628e+28	5.9081912177092455e+28	3.1839321514238207e+28	8.016650458427143e+27	3.944904408250214e+27	1.4884557137576438e+27	1.0835271291337214e+29	5.165971700265331e+28	3.1839321514238207e+28	2.0989476302472884e+28
3231.232532960418	3.267530351422486e+33	7.314831512969798e+30	4.1050443256288356e+30	2.1479678096433767e+30	1.3799320113452447e+30	7.440798032736559e+29	1.8751937434995358e+29	9.230608271416492e+28	3.48397133102326e+28	2.5289081110896733e+30	1.2067433807674666e+30	7.440798032736559e+29	4.906801197697758e+29
3401.7613763105387	4.807050947370452e+34	1.226575965904839e+32	6.891621288538297e+31	3.6098316191405882e+31	2.3204406160772413e+31	1.252057011627504e+31	3.158710146763895e+30	1.5554508910358577e+30	5.8731040616505164e+29	4.249008753322832e+31	2.029535943575672e+31	1.252057011627504e+31	8.259734518124627e+30
3580.855286553681	5.365528942292839e+35	1.548476412584338e+33	8.71042685939692e+32	4.5672567080329525e+32	2.937578856749935e+32	1.5861032269618802e+32	4.005625534045277e+31	1.9732272408559184e+31	7.453382449678624e+30	5.3746812801293565e+32	2.5697095885600175e+32	1.5861032269618802e+32	1.0467294372602833e+32
3769.0400970149626	4.585452434397823e+36	1.508080149277066e+34	8.494270822919711e+33	4.459072163987095e+33	2.869842031561648e+33	1.5506763568405488e+33	3.920711527221365e+32	1.932190900804752e+32	7.30146310371553e+31	5.245978473766333e+33	2.5108949609256395e+33	1.5506763568405488e+33	1.0237726617858282e+33
3966.8848259142105	3.1395828419126504e+37	1.1701551581290876e+35	6.599579329349073e+34	3.4684907396593215e+34	2.2337532871492415e+34	1.2078738339560261e+34	3.0575451886955477e+33	1.5074305228824333e+33	5.6987760840366215e+32	4.0794957320047384e+34	1.9547097105655243e+34	1.2078738339560261e+34	7.977821797451293e+33
4175.006114186313	1.737152113739267e+38	7.375721247554172e+35	4.165850592505677e+35	2.1922115040034198e+35	1.412814489396591e+35	7.645843790488288e+34	1.9379038972956246e+34	9.55856637275645e+33	3.6152532809961074e+33	2.5776338203436388e+35	1.2365623083917387e+35	7.645843790488288e+34	5.052259502319788e+34
4394.07321123664	8.039247110523775e+38	3.872149759090083e+36	2.190231277417089e+36	1.1540740104037954e+36	7.443034060356892e+35	4.0313501393645775e+35	1.0231102042916576e+35	5.048732028705573e+34	1.9104394623186693e+34	1.3565721376762098e+36	6.515776531483839e+35	4.0313501393645775e+35	2.6650887301232785e+35
4624.813591408535	3.1341557687108213e+39	1.719176970245556e+37	9.739851459790621e+36	5.13936424123507e+36	3.317157695574942e+36	1.798280250515606e+36	4.5702696103793995e+35	2.2564085426117324e+35	8.542612732471408e+34	6.039180640356322e+36	2.9045231712156325e+36	1.798280250515606e+36	1.1894231464884468e+36
4868.019295688316	1.0567570314210376e+40	6.580703162602188e+37	3.7343772042891364e+37	1.9733586497144728e+37	1.2747134476009198e+37	6.916800169957752e+36	1.7604290212624537e+36	8.695930561266539e+35	3.2939482628411797e+35	2.3180889046311073e+37	1.116391165726823e+37	6.916800169957752e+36	4.5772849916257736e+36
5124.554125656058	3.2966348506591884e+40	2.237915641917609e+38	1.2714444364288212e+38	6.725637523772025e+37	4.346988227376819e+37	2.3602940396959166e+37	6.013476289945096e+36	2.9715314297885777e+36	1.1260106566058702e+36	7.898685539219868e+37	3.807674488296887e+37	2.3602940396959166e+37	1.5625272818236063e+37
5395.361785506942	9.672191150566111e+40	6.84910025599437e+38	3.8935196990277215e+38	2.0606470259718618e+38	1.3322428078036825e+38	7.236092432485099e+37	1.8445376935757032e+37	9.116352719727263e+36	3.455129161529423e+36	2.419766127853434e+38	1.1670477872428915e+38	7.236092432485099e+37	4.791211037643073e+37
5681.4751450987405	2.2963708670887715e+41	1.811996268992197e+39	1.0316723471424907e+39	5.4676270961864965e+38	3.53760012282699e+38	1.9231264807326712e+38	4.908889469540428e+37	2.4273099143762514e+37	9.204122351007811e+36	6.4184800387662236e+38	3.0995858786507745e+38	1.9231264807326712e+38	1.2739716265485951e+38
5984.026797117348	4.877155907737461e+41	4.278013139295113e+39	2.4395968902944913e+39	1.2947459756786371e+39	8.383624406621608e+38	4.561603403072761e+38	1.1659968594458896e+38	5.768355574129202e+37	2.1884039415114696e+37	1.51942173879756e+39	7.347141240350315e+38	4.561603403072761e+38	3.0233236355078928e+38
6304.261140727683	8.908540050044492e+41	8.886749015988766e+39	5.078119712577225e+39	2.6999017379321154e+39	1.7499512928944323e+39	9.532460563644288e+38	2.4409319002093583e+38	1.2083182281873653e+38	4.587065190190551e+37	3.1671126397627246e+39	1.5340146433901862e+39	9.532460563644288e+38	6.3218857381188525e+38
6643.548230413098	1.4143579568580645e+42	1.6206890243632525e+40	9.282602157052978e+39	4.945422295149917e+39	3.209022059634885e+39	1.750306600169669e+39	4.490995919299561e+38	2.2247272449600752e+38	8.451752249290657e+37	5.798499021223063e+39	2.813906184857891e+39	1.750306600169669e+39	1.1616318555314575e+39
7003.3997075354855	1.8895964230524996e+42	2.5531600949152365e+40	1.466669630507367e+40	7.83419794054117e+39	5.090815058404377e+39	2.7812618016031065e+39	7.154552596099955e+38	3.5473740307418854e+38	1.3488921341376478e+38	9.180125013738008e+39	4.4657396345565246e+39	2.7812618016031065e+39	1.8475347247022143e+39
7385.487200621574	2.20555965323755e+42	3.5105076526488705e+40	2.0230193631060392e+40	1.0836023569822108e+40	7.052274538898608e+39	3.859628476706432e+39	9.955719245227784e+38	4.940981731986565e+38	1.880658206099995e+38	1.2689598768747801e+40	6.188936817461941e+39	3.859628476706432e+39	2.5663703409177773e+39
7791.663625188268	2.6199022649642376e+42	4.473594305683557e+40	2.581707602583304e+40	1.3845891548355375e+40	9.017375905431448e+39	4.939000870363614e+39	1.2755558231488259e+39	6.333254326452761e+38	2.411653656546851e+38	1.620968420510736e+40	7.91495301042222e+39	4.939000870363614e+39	3.285512573200156e+39
8223.98791948375	2.3680705759347503e+42	4.936282176172749e+40	2.8610881878868097e+40	1.5402549772011774e+40	1.0052165612689481e+40	5.51892754496819e+39	1.4306252394180322e+39	7.112418299160536e+38	2.711956012073749e+38	1.801647725027329e+40	8.828233432905617e+39	5.51892754496819e+39	3.6761527662408126e+39
8684.753883422856	2.2704809691269958e+42	5.437965996317815e+40	3.1621782205947974e+40	1.7072163709151272e+40	1.1159339832969959e+40	6.137794230374308e+39	1.5954844058908878e+39	7.939748560065428e+38	3.0304325765567214e+38	1.9956414161507488e+40	9.804775382765255e+39	6.137794230374308e+39	4.092445226063112e+39
9176.523911886661	2.0489624594756324e+42	5.916913948145855e+40	3.457116605076527e+40	1.8742318677115393e+40	1.2279103154074895e+40	6.771302056768134e+39	1.767286481574584e+39	8.807119571319462e+38	3.3663418275337496e+38	2.188794029508224e+40	1.0795299800424439e+40	6.771302056768134e+39	4.52136486973735e+39
9702.171848777194	2.0599442340478958e+42	6.795863171591638e+40	3.986041472263109e+40	2.168287075462318e+40	1.4231988551332814e+40	7.864813834558898e+39	2.0594179119877584e+39	1.0274660407513998e+39	3.931866282963564e+38	2.5302529554114724e+40	1.2518481423754104e+40	7.864813834558898e+39	5.2576746772042e+39
10264.964225049787	2.356348688004452e+42	8.339468581425233e+40	4.900489765344076e+40	2.6700108024814834e+40	1.7540596328969119e+40	9.702902862224035e+39	2.5446520013038567e+39	1.2702370087773626e+39	4.863558488116535e+38	3.1145913518480397e+40	1.5432411091889129e+40	9.702902862224035e+39	6.490033819753911e+39
10868.605953418199	2.2527223150792663e+42	9.609538700774104e+40	5.679930480760499e+40	3.1104758242151343e+40	2.0491311654399436e+40	1.1371142372893855e+40	2.996801683613057e+39	1.4984936204660894e+39	5.747513455984997e+38	3.6241920163662655e+40	1.804208460371038e+40	1.1371142372893855e+40	7.61921863047924e+39
11517.276110760686	2.1790798282822458e+42	1.1007586993646648e+41	6.544667756073758e+40	3.6024027651719163e+40	2.3798585607610237e+40	1.3248479098276496e+40	3.508723775942596e+39	1.7574631785320794e+39	6.752522461549786e+38	4.192478302775706e+40	2.0969912250575535e+40	1.3248479098276496e+40	8.892720918159408e+39
12215.729835223803	2.3605402361128744e+42	1.298659072243463e+41	7.747709752063477e+40	4.277286820574884e+40	2.830311334835001e+40	1.578526994569382e+40	4.1925074391796714e+39	2.1020424773231246e+39	8.084632989460728e+38	4.974540089522614e+40	2.495000955451601e+40	1.578526994569382e+40	1.0606304467685186e+40
12969.410577088742	2.3446535733922423e+42	1.4861877166579305e+41	8.914125630871745e+40	4.944101799788376e+40	3.2798344172904526e+40	1.8344827274716109e+40	4.893799936009104e+39	2.457399270721129e+39	9.46603509567009e+38	5.743995943886657e+40	2.8932420233240267e+40	1.8344827274716109e+40	1.2345562837513435e+40
13784.588622535048	2.2613344649665315e+42	1.674629370820303e+41	1.0113585903719755e+41	5.642827033792473e+40	3.7555305931772294e+40	2.108287297348756e+40	5.656075473601002e+39	2.8457330403951935e+39	1.0983754144595952e+39	6.546904314040018e+40	3.315771032806927e+40	2.108287297348756e+40	1.4216957871501148e+40
14668.492230550766	2.409400980443635e+42	1.9603095489951815e+41	1.1893463240541146e+41	6.662405036128246e+40	4.443761420254619e+40	2.500802576534597e+40	6.734541948118126e+39	3.3927807280858776e+39	1.3112663143237482e+39	7.722830822216153e+40	3.925716369736715e+40	2.500802576534597e+40	1.688673578614886e+40
15629.444316359184	2.3693841791295143e+42	2.2298432311727826e+41	1.3624545280043216e+41	7.678660709942565e+40	5.138553954787219e+40	2.902619091564269e+40	7.8613254743449e+39	3.968237742656323e+39	1.5367379219008353e+39	8.88856268556081e+40	4.543553681490142e+40	2.902619091564269e+40	1.9640222806271039e+40
16677.1580089947	2.4745730722268695e+42	2.5809309642484638e+41	1.5863498853489661e+41	8.986509263997619e+40	6.030611004052336e+40	3.417306596002038e+40	9.3002212342433e+39	4.7024206134114097e+39	1.8241525394076707e+39	1.0390358270767367e+41	5.336339978115485e+40	3.417306596002038e+40	2.3163046042588603e+40
17823.037133920767	2.4061477781008665e+42	2.9108577963077327e+41	1.8045151767726584e+41	1.0297905473688943e+41	6.938302632168944e+40	3.9493817221064715e+40	1.0822175685787566e+40	5.484863985857251e+39	2.132760599693028e+39	1.1886762480620103e+41	6.146130227608508e+40	3.9493817221064715e+40	2.6835622796832034e+40
19080.499206704884	2.4733450449896778e+42	3.3368599284228084e+41	2.0843268942518754e+41	1.1972832343430374e+41	8.095590862766429e+40	4.626696968881335e+40	1.275628108445481e+40	6.478787330877204e+39	2.5246486008451594e+39	1.3799579178075989e+41	7.178170111126774e+40	4.626696968881335e+40	3.150740685729897e+40
20465.48875256961	2.5526121610495234e+42	3.851396864917346e+41	2.424205857317954e+41	1.4016917863029075e+41	9.511481438793438e+40	5.457658045309082e+40	1.5138923917695617e+40	7.704912273081303e+39	3.0087634062251414e+39	1.613152261464332e+41	8.441665050718758e+40	5.457658045309082e+40	3.7247542704405574e+40
21997.161728594037	2.3900294724687438e+42	4.227940857022486e+41	2.6953653353061584e+41	1.5756753932823186e+41	1.0755904696906656e+41	6.21316919151779e+40	1.7410892348958069e+40	8.892175582133793e+39	3.484651239991723e+39	1.8088762444283395e+41	9.56140236534186e+40	6.21316919151779e+40	4.255950413125488e+40
23698.736970288515	2.4168953450739657e+42	4.795133749036741e+41	3.089358149725497e+41	1.8224703645700558e+41	1.2501961555226065e+41	7.261854732288394e+40	2.0521105519293473e+40	1.051076556471249e+40	4.1308960373357937e+39	2.0878943560480395e+41	1.1128256091432342e+41	7.261854732288394e+40	4.98936549376017e+40
25598.498536296003	2.469465162808251e+42	5.4702825108806185e+41	3.562540833336212e+41	2.121187613696883e+41	1.4624369975727665e+41	8.542702662313945e+40	2.4347596070924324e+40	1.2507059176258343e+40	4.929937056301554e+39	2.425015663070055e+41	1.3035016544040123e+41	8.542702662313945e+40	5.88750032398432e+40
27731.27537264051	2.4814274404644887e+42	6.1703366862260836e+41	4.070149846288047e+41	2.4502398340548875e+41	1.6993962778775543e+41	9.993519625987087e+40	2.8772283033781874e+40	1.4831038571002019e+40	5.866338069186274e+39	2.79422189497203e+41	1.5171339352190986e+41	9.993519625987087e+40	6.912591541375345e+40
30140.310123133993	2.5377989940526884e+42	7.048409637015061e+41	4.709115624719172e+41	2.8659823849298686e+41	1.9994403054922616e+41	1.1835321634670055e+41	3.441230721070966e+40	1.7797564432985533e+40	7.063367758039751e+39	3.2602856963900727e+41	1.7878046750780397e+41	1.1835321634670055e+41	8.215825164695904e+40
32880.05623206331	2.5033941500185378e+42	7.809920859032034e+41	5.305968905722907e+41	3.2762924249968527e+41	2.3037032801098233e+41	1.3757110589665013e+41	4.0536590571798513e+40	2.1060185957446885e+40	8.396395885178609e+39	3.7148305849036394e+41	2.0642095419015684e+41	1.3757110589665013e+41	9.59596791061448e+40
36020.05352476536	2.5408339791462435e+42	8.799702835058075e+41	6.077498985367616e+41	3.806156506169177e+41	2.6968192408777504e+41	1.6243215015712224e+41	4.848266743721862e+40	2.5298578533451374e+40	1.013041839808117e+40	4.301811014492424e+41	2.4214171254323835e+41	1.6243215015712224e+41	1.1383049357404588e+41
39650.60823680512	2.5134095750871877e+42	9.672194426011763e+41	6.817597380708224e+41	4.3458976024271756e+41	3.109018232838267e+41	1.8929485619509635e+41	5.742989836669286e+40	3.013354239201324e+40	1.2133655024695345e+40	4.892128904075192e+41	2.798748234563146e+41	1.8929485619509635e+41	1.3344045134811856e+41
43890.706181302674	2.521674773581416e+42	1.0713239750796491e+42	7.713728619088834e+41	5.0086165990278324e+41	3.619153402181243e+41	2.2284300470688017e+41	6.876041714215727e+40	3.62854935287081e+40	1.4694679908400432e+40	5.614599650600761e+41	3.2667380902398225e+41	2.2284300470688017e+41	1.5805383973270986e+41
48900.5494494041	2.5199831695476718e+42	1.1667115293490391e+42	8.606033071187122e+41	5.708289472594971e+41	4.173229473938763e+41	2.60378167210099e+41	8.197017480245782e+40	4.3552313130336287e+40	1.7758558752584486e+40	6.367882448299936e+41	3.7787581304036815e+41	2.60378167210099e+41	1.8601831102709144e+41
54900.66249407782	2.5048267872350398e+42	1.2669884023395562e+42	9.60683167399169e+41	6.526567087221218e+41	4.833997991685877e+41	3.060469609173545e+41	9.848789939308544e+40	5.271748617715616e+40	2.1655181517978885e+40	7.241194684262552e+41	4.392405301306983e+41	3.060469609173545e+41	2.2039295304113522e+41
62287.103390638025	2.5494378818121404e+42	1.3716149800748601e+42	1.069491099296035e+42	7.44768244777175e+41	5.5917881981875455e+41	3.595145197422745e+41	1.1842400243319145e+41	6.389109791659563e+40	2.645293047594334e+40	8.216584496898478e+41	5.099659681807717e+41	3.595145197422745e+41	2.6108794117686637e+41
71567.03803903864	3.145028094303784e+42	1.6444234837927328e+42	1.2944657407836736e+42	9.111638797164279e+41	6.887954389445405e+41	4.466258084947079e+41	1.4924448206338278e+41	8.09414182723229e+40	3.3693684196054634e+40	1.0025771386172334e+42	6.294027668491956e+41	4.466258084947079e+41	3.259715884865009e+41
82229.74930902591	5.164818178841927e+42	2.4681731677714635e+42	1.9149507830030272e+42	1.3351800868117508e+42	1.0055889164163602e+42	6.502250461890864e+41	2.1702610749139645e+41	1.1775657312446223e+41	4.906231909420637e+40	1.4718825211901628e+42	9.181407729802972e+41	6.502250461890864e+41	4.7416349002227765e+41
94481.27222044194	7.613015527245301e+42	3.5775074184950195e+42	2.768379800418862e+42	1.927247527881699e+42	1.4509491919422334e+42	9.38277102976981e+41	3.1359571633937408e+41	1.7029551360919823e+41	7.102440550181857e+40	2.1251346478071508e+42	1.3247272678702764e+42	9.38277102976981e+41	6.844314770829746e+41
108558.37831148252	8.304631752909195e+42	4.174063498782566e+42	3.319606905754109e+42	2.368048041360311e+42	1.8072699292087524e+42	1.1872129943804368e+42	4.067143544202693e+41	2.2277950833272917e+41	9.373302751248212e+40	2.5965896382233254e+42	1.6561946245707318e+42	1.1872129943804368e+42	8.736626693613104e+41
124733.12478789731	7.076409190071712e+42	3.8638620691930414e+42	3.240183363389205e+42	2.4260116153507107e+42	1.9032575209090896e+42	1.2912921362695551e+42	4.6583407886251895e+41	2.5987995052402606e+41	1.1140584305942815e+41	2.63042468837519e+42	1.7574410380654388e+42	1.2912921362695551e+42	9.677726796585034e+41
143318.112995392	4.9862247220133916e+42	2.866894351752929e+42	2.612973018224987e+42	2.1093471444809847e+42	1.7267703853914103e+42	1.2312218643376513e+42	4.810111160035151e+41	2.760874495349685e+41	1.2185278493458955e+41	2.2476141049678122e+42	1.6132132758976476e+42	1.2312218643376513e+42	9.490574681658153e+41
164672.53066062162	3.114833113373478e+42	1.623364504724848e+42	1.6563862117450538e+42	1.4866309953091635e+42	1.2941853241996503e+42	9.928279699109889e+41	4.374823495681104e+41	2.623298625539028e+41	1.2112472107218138e+41	1.5452315784437106e+42	1.2298986642105014e+42	9.928279699109889e+41	7.98156647205789e+41
189209.09459564282	1.6614763422179525e+42	6.860455809470972e+41	8.026834366858799e+41	8.28264800274009e+41	7.842410902713225e+41	6.6586281602393195e+41	3.4725512355526534e+41	2.215448700824601e+41	1.0914224880289157e+41	8.32637791774465e+41	7.630609066353874e+41	6.6586281602393195e+41	5.676368760127392e+41
217402.02814629013	8.39358552052309e+41	2.4199757172898563e+41	3.1516295053587395e+41	3.6951776792344364e+41	3.816123949754749e+41	3.639831630690484e+41	2.3669215496439977e+41	1.6481208202807694e+41	8.911044189158184e+40	3.5964933679350424e+41	3.810365147777772e+41	3.639831630690484e+41	3.338608888383012e+41
249796.22698903162	5.13230901212055e+41	1.09016455837804e+41	1.5023795345483533e+41	1.9126943072909624e+41	2.0951956798344397e+41	2.1684764442455315e+41	1.6712051914027585e+41	1.2557908578551055e+41	7.415117441894982e+40	1.822044323211744e+41	2.12975500102759e+41	2.1684764442455315e+41	2.0985589533183356e+41
287017.7911149993	3.596810980531268e+41	5.618935318426026e+40	8.170815999006185e+40	1.1360937679100752e+41	1.316842125678464e+41	1.4636213024855254e+41	1.3002042929415055e+41	1.0414512001172022e+41	6.623564209248355e+40	1.0585982011566188e+41	1.360320538004858e+41	1.4636213024855254e+41	1.4815585710427754e+41
329786.12664710125	2.62526414973709e+41	3.006470865166345e+40	4.284110177331205e+40	6.540911565991878e+40	8.205796529254954e+40	1.0029708450014235e+41	1.031176423605709e+41	8.767343018901886e+40	5.993108308714373e+40	5.922063049070587e+40	8.670534198604599e+40	1.0029708450014235e+41	1.0687830822608225e+41
378927.85095677787	1.931406652651742e+41	1.8254404141152316e+40	2.2264277126467455e+40	3.371371789190351e+40	4.561354219911077e+40	6.342491532669078e+40	8.045186032702286e+40	7.324465899723826e+40	5.398102499361551e+40	3.005781432562075e+40	4.955565531975148e+40	6.342491532669078e+40	7.304260745929941e+40
435392.77001315635	1.410653481360543e+41	1.2814478272830844e+40	1.3341760755626938e+40	1.680032630748726e+40	2.249186467540637e+40	3.474051961251522e+40	5.837910515699352e+40	5.849409259614967e+40	4.731364834137033e+40	1.5450016987308698e+40	2.479676985680465e+40	3.474051961251522e+40	4.396349261695467e+40
500272.23679031024	1.0179640699668102e+41	9.464712621402463e+39	9.413641849900761e+39	9.618261908209859e+39	1.1072023070755518e+40	1.653606186177138e+40	3.7493816552910045e+40	4.302501872696525e+40	3.958030578891417e+40	9.434947617873327e+39	1.1883644476683135e+40	1.653606186177138e+40	2.2501194454173363e+40
574820.2455750249	7.25895917791494e+40	6.929106492409043e+39	7.049585150096591e+39	6.735523880145254e+39	6.640036120064407e+39	7.848133995062099e+39	2.0517721867027865e+40	2.7932263669086046e+40	3.0658571632612194e+40	6.831615559936658e+39	6.721824652915435e+39	7.848133995062099e+39	1.0262947368621302e+40
660477.6698980142	5.126832848526833e+40	4.952652915088178e+39	5.232229771766357e+39	5.111425414476178e+39	4.833582226397235e+39	4.6051145269809445e+39	9.634512302697505e+39	1.5548999960262244e+40	2.1314947463337037e+40	5.1827887724884265e+39	4.745930362714025e+39	4.6051145269809445e+39	5.026703264604977e+39
758900.1125733644	3.596987345425562e+40	3.451185256963279e+39	3.7878630255283424e+39	3.863121709102955e+39	3.7170781000091313e+39	3.34600668605308e+39	4.262841291454402e+39	7.407782485595671e+39	1.2960011956152963e+40	3.877445187986072e+39	3.64653765675171e+39	3.34600668605308e+39	3.157225107863077e+39
871989.9061477372	2.513861561501551e+40	2.3463733539355935e+39	2.670893554980211e+39	2.8487336148050995e+39	2.8254563168787616e+39	2.6049380753512564e+39	2.2130527344852996e+39	3.270236484000016e+39	6.812933829596254e+39	2.826561713787717e+39	2.7946453464682146e+39	2.6049380753512564e+39	2.382176058460889e+39
1001932.8822822848	1.7544292186640178e+40	1.558298138034737e+39	1.8355393778479218e+39	2.0443675156647264e+39	2.0926895774853935e+39	2.012759011345059e+39	1.488531655959378e+39	1.5860777945549908e+39	3.158604346544164e+39	2.00561714564453e+39	2.0899131254733672e+39	2.012759011345059e+39	1.8729254295924342e+39
1151240.6207668567	1.2246707560168557e+40	1.0125358622156574e+39	1.2309258618872622e+39	1.4283606043035442e+39	1.507785504364837e+39	1.5167291401435338e+39	1.1572483773766445e+39	9.890448985083104e+38	1.4219580314628196e+39	1.3861864960648912e+39	1.5203675594954514e+39	1.5167291401435338e+39	1.4526577356891678e+39
1322798.9947794212	8.560330716399503e+39	6.449138055419315e+38	8.066812403847255e+38	9.725880239343089e+38	1.057236852891132e+39	1.1115293222920742e+39	9.247997961065662e+38	7.453163509131553e+38	7.23264076995461e+38	9.342867711359269e+38	1.076043356896767e+39	1.1115293222920742e+39	1.0977747003970949e+39
1519923.9507010027	5.994893749396228e+39	4.035598600279329e+38	5.175349461098704e+38	6.462747722084839e+38	7.221605772140288e+38	7.921797641159551e+38	7.281846893389182e+38	5.9872286209952794e+38	4.582742278559115e+38	6.149693600339769e+38	7.415476904162595e+38	7.921797641159551e+38	8.065945370891717e+38
1746425.6006299646	4.206247679619416e+39	2.4874513617916535e+38	3.2572618125629667e+38	4.197624468867757e+38	4.811773604422894e+38	5.494655250082629e+38	5.58818677181236e+38	4.8084955483717074e+38	3.462453615007359e+38	3.959922059273275e+38	4.9821251391284944e+38	5.494655250082629e+38	5.762270705148803e+38
2006681.866411977	2.956586473532109e+39	1.5143319989051929e+38	2.0160471036871e+38	2.6699525955694008e+38	3.1324140303105513e+38	3.7134358839531374e+38	4.1692315736799596e+38	3.779742739989642e+38	2.8045024231491062e+38	2.4994826213289046e+38	3.2682425540200734e+38	3.7134358839531374e+38	4.005276688100568e+38
2305723.098619067	2.0813317481955285e+39	9.127506228267511e+37	1.2304563896720066e+38	1.6667511863661088e+38	1.9959875203474765e+38	2.448884220307841e+38	3.022993060956399e+38	2.891570335941821e+38	2.283163890770664e+38	1.5501105371128936e+38	2.09702075692736e+38	2.448884220307841e+38	2.7118541789864927e+38
2649329.3060411233	1.4669055338674973e+39	5.454558510533935e+37	7.425723214581929e+37	1.023787392132671e+38	1.2475911345417372e+38	1.5785637980948175e+38	2.131030438361614e+38	2.1498809622206007e+38	1.823471610509378e+38	9.470772035806115e+37	1.3187532590726717e+38	1.5785637980948175e+38	1.7911386048377196e+38
3044141.8749962687	1.034762180514604e+39	3.2304914325999248e+37	4.441044235164599e+37	6.204952644864015e+37	7.668371277002025e+37	9.965777587785463e+37	1.461883584771417e+38	1.5531966915931702e+38	1.4185936223544787e+38	5.716697728595558e+37	8.147487711310858e+37	9.965777587785463e+37	1.1560139481797456e+38
3497791.937833882	7.303598120192742e+38	1.8906888651865748e+37	2.634617759622262e+37	3.720981103230268e+37	4.647957978620525e+37	6.175930570944344e+37	9.771912869232537e+37	1.09086217573392e+38	1.0728588259231188e+38	3.4178294445246976e+37	4.958565745264968e+37	6.175930570944344e+37	7.304913731639187e+37
4019047.8718089582	5.156839861120917e+38	1.0873149278553037e+37	1.548587250090499e+37	2.2125852203439034e+37	2.786054732628001e+37	3.766805877046533e+37	6.375173999532539e+37	7.455332872076557e+37	7.8830923833391115e+37	2.0271639037003047e+37	2.981355946913245e+37	3.766805877046533e+37	4.529603326660122e+37
4617984.779269045	3.641646497674022e+38	6.094504723753358e+36	8.984011355287635e+36	1.3055172991076886e+37	1.6555153379374523e+37	2.2676553355334487e+37	4.0668199620209785e+37	4.964964748044098e+37	5.628106807313483e+37	1.1925068181181657e+37	1.7756456800887913e+37	2.2676553355334487e+37	2.763267573141018e+37
