#t	Le	U	B	V	R	I	J	H	K	g	r	i	z
#----------------------------------------------- 
35.01488599903051	0.0	0.0	0.0	0.0	0.0	0.0	0.0	0.0	0.0	0.0	0.0	0.0	0.0
36.15850730117236	0.0	0.0	0.0	0.0	0.0	0.0	0.0	0.0	0.0	0.0	0.0	0.0	0.0
84.18503192726628	0.0	0.0	0.0	0.0	0.0	0.0	0.0	0.0	0.0	0.0	0.0	0.0	0.0
88.29781290291376	0.0	0.0	0.0	0.0	0.0	0.0	0.0	0.0	0.0	0.0	0.0	0.0	0.0
94.86763432555266	0.0	0.0	0.0	0.0	0.0	0.0	0.0	0.0	0.0	0.0	0.0	0.0	0.0
104.3021052459946	0.0	0.0	0.0	0.0	0.0	0.0	0.0	0.0	0.0	0.0	0.0	0.0	0.0
117.03284584575471	0.0	0.0	0.0	0.0	0.0	0.0	0.0	0.0	0.0	0.0	0.0	0.0	0.0
133.44899207987729	0.0	0.0	0.0	0.0	0.0	0.0	0.0	0.0	0.0	0.0	0.0	0.0	0.0
153.8591062228496	0.0	0.0	0.0	0.0	0.0	0.0	0.0	0.0	0.0	0.0	0.0	0.0	0.0
178.49528810014792	0.0	0.0	0.0	0.0	0.0	0.0	0.0	0.0	0.0	0.0	0.0	0.0	0.0
207.53672339078224	0.0	0.0	0.0	0.0	0.0	0.0	0.0	0.0	0.0	0.0	0.0	0.0	0.0
241.1252492732405	0.0	0.0	0.0	0.0	0.0	0.0	0.0	0.0	0.0	0.0	0.0	0.0	0.0
279.3676254021724	0.0	0.0	0.0	0.0	0.0	0.0	0.0	0.0	0.0	0.0	0.0	0.0	0.0
322.33312020395203	0.0	0.0	0.0	0.0	0.0	0.0	0.0	0.0	0.0	0.0	0.0	0.0	0.0
370.0538309730232	0.0	0.0	0.0	0.0	0.0	0.0	0.0	0.0	0.0	0.0	0.0	0.0	0.0
422.5296391319434	0.0	0.0	0.0	0.0	0.0	0.0	0.0	0.0	0.0	0.0	0.0	0.0	0.0
479.7363206709366	0.0	0.0	0.0	0.0	0.0	0.0	0.0	0.0	0.0	0.0	0.0	0.0	0.0
541.6344738057371	0.0	0.0	0.0	0.0	0.0	0.0	0.0	0.0	0.0	0.0	0.0	0.0	0.0
608.1774945137176	0.0	0.0	0.0	0.0	0.0	0.0	0.0	0.0	0.0	0.0	0.0	0.0	0.0
679.317983819676	0.0	0.0	0.0	0.0	0.0	0.0	0.0	0.0	0.0	0.0	0.0	0.0	0.0
755.0121897204243	0.0	0.0	0.0	0.0	0.0	0.0	0.0	0.0	0.0	0.0	0.0	0.0	0.0
835.2228303152741	0.0	0.0	0.0	0.0	0.0	0.0	0.0	0.0	0.0	0.0	0.0	0.0	0.0
919.9205706681491	0.0	0.0	0.0	0.0	0.0	0.0	0.0	0.0	0.0	0.0	0.0	0.0	0.0
1009.0845671414226	0.0	0.0	0.0	0.0	0.0	0.0	0.0	0.0	0.0	0.0	0.0	0.0	0.0
1102.7024544188612	0.0	0.0	0.0	0.0	0.0	0.0	0.0	0.0	0.0	0.0	0.0	0.0	0.0
1200.769978449394	0.0	0.0	0.0	0.0	0.0	0.0	0.0	0.0	0.0	0.0	0.0	0.0	0.0
1303.2904433549463	0.0	0.0	0.0	0.0	0.0	0.0	0.0	0.0	0.0	0.0	0.0	0.0	0.0
1410.274168128595	0.0	0.0	0.0	0.0	0.0	0.0	0.0	0.0	0.0	0.0	0.0	0.0	0.0
1521.7377658796272	0.0	0.0	0.0	0.0	0.0	0.0	0.0	0.0	0.0	0.0	0.0	0.0	0.0
1637.7036593337154	0.0	0.0	0.0	0.0	0.0	0.0	0.0	0.0	0.0	0.0	0.0	0.0	0.0
1758.1994119865874	0.0	0.0	0.0	0.0	0.0	0.0	0.0	0.0	0.0	0.0	0.0	0.0	0.0
1883.2572470514149	0.0	0.0	0.0	0.0	0.0	0.0	0.0	0.0	0.0	0.0	0.0	0.0	0.0
2012.9136500800428	0.0	0.0	0.0	0.0	0.0	0.0	0.0	0.0	0.0	0.0	0.0	0.0	0.0
2147.209093525769	0.0	0.0	0.0	0.0	0.0	0.0	0.0	0.0	0.0	0.0	0.0	0.0	0.0
2286.1876950278424	0.0	0.0	0.0	0.0	0.0	0.0	0.0	0.0	0.0	0.0	0.0	0.0	0.0
2429.8970042159217	0.0	0.0	0.0	0.0	0.0	0.0	0.0	0.0	0.0	0.0	0.0	0.0	0.0
2578.3877106223576	0.0	0.0	0.0	0.0	0.0	0.0	0.0	0.0	0.0	0.0	0.0	0.0	0.0
2731.71353453895	0.0	0.0	0.0	0.0	0.0	0.0	0.0	0.0	0.0	0.0	0.0	0.0	0.0
2889.931087687156	0.0	0.0	0.0	0.0	0.0	0.0	0.0	0.0	0.0	0.0	0.0	0.0	0.0
3053.099762680714	4.56391229816868e+30	2.1507355485532516e+28	1.2162332467112382e+28	6.407152668009737e+27	4.131696528922658e+27	2.2375258778929352e+27	5.6773349276262544e+26	2.801371783528274e+26	1.059954192227772e+26	7.531755206645271e+27	3.616847316321199e+27	2.2375258778929352e+27	1.479092306655686e+27
3221.281682415013	1.4443494089893943e+32	7.599224111686312e+29	4.303083522637603e+29	2.2695582852931366e+29	1.4645007396323575e+29	7.936999555999512e+28	2.016256030790195e+28	9.952972378816682e+27	3.7675157775156775e+27	2.6671950350811416e+29	1.2822385578392885e+29	7.936999555999512e+28	5.248871778850864e+28
3394.5416504002237	2.7441068352567397e+33	1.6317774480039602e+31	9.254402988741477e+30	4.887739633145959e+30	3.1563712653044105e+30	1.7121254472987235e+30	4.355334468447436e+29	2.1509927183054247e+29	8.146242587370246e+28	5.742280681848623e+30	2.764123943229772e+30	1.7121254472987235e+30	1.1328108904588584e+30
3572.947101792589	3.6269468541248474e+34	2.422868797476525e+32	1.3762382434187934e+32	7.278641218444212e+31	4.703935131451008e+31	2.5538095974813784e+31	6.505325407324419e+30	3.21437049291267e+30	1.2179502033944606e+30	8.548499002724406e+31	4.120222964397513e+31	2.5538095974813784e+31	1.6905262042784822e+31
3756.5680699799204	3.463705261949941e+35	2.610293615198797e+33	1.4852161780034843e+33	7.866765248450424e+32	5.088236159839541e+32	2.7650773899240484e+32	7.053974244734863e+31	3.4872916210761797e+31	1.3220731831466468e+31	9.236063007509331e+32	4.4578401344880314e+32	2.7650773899240484e+32	1.8313469218113393e+32
3945.4770892838505	2.5274368185302365e+36	2.1382513989844483e+34	1.2187147832479735e+34	6.464926524691898e+33	4.185018375954441e+33	2.2764236059824588e+33	5.8160713626650194e+32	2.8768213027413335e+32	1.0912266840954564e+32	7.587597642165083e+33	3.667356481844056e+33	2.2764236059824588e+33	1.508508768686184e+33
4139.749215115707	1.448125406532892e+37	1.377310088995056e+35	7.864402410861542e+34	4.178531972739385e+34	2.707340978735707e+34	1.4741449892588424e+34	3.772305522975903e+33	1.8669500177513932e+33	7.085717628185148e+32	4.90235748063299e+34	2.373030890264307e+34	1.4741449892588424e+34	9.774187721588061e+33
4339.462063939214	6.773530416488843e+37	7.212466636578494e+35	4.1259074192600146e+35	2.195750955731395e+35	1.423942856909667e+35	7.761338335512214e+34	1.9893034366601876e+34	9.850813742434265e+33	3.740889400447112e+33	2.575151817485553e+35	1.2484149076435387e+35	7.761338335512214e+34	5.149032558795688e+34
4544.695806468486	2.633493736234726e+38	3.144224119308159e+36	1.8022014635440235e+36	9.607671779213452e+35	6.2365277759757704e+35	3.403000946115796e+35	8.7371131044703e+34	4.329118476941531e+34	1.645013016517282e+34	1.1263310010836964e+36	5.469176519155118e+35	3.403000946115796e+35	2.2589950993655573e+35
4755.533169406637	9.516673756232936e+38	1.2001283188952613e+37	6.88559277201067e+36	3.6739111266344586e+36	2.3859379124545207e+36	1.302608018857911e+36	3.347239326573449e+35	1.6590029893981851e+35	6.305930631442824e+34	4.306171479467848e+36	2.092637762159595e+36	1.302608018857911e+36	8.649635568862323e+35
4972.059488249516	2.753267590941226e+39	3.877006203379389e+37	2.228932043534438e+37	1.1914147642963142e+37	7.745037780099312e+36	4.233210938628137e+36	1.089706230975361e+36	5.404291948687311e+35	2.055495458613734e+35	1.3958782437911942e+37	6.794775808094257e+36	4.233210938628137e+36	2.812724625382469e+36
5194.362748464955	7.275978638516645e+39	1.1166254522498047e+38	6.43029342237894e+37	3.4421633124998845e+37	2.239454342411269e+37	1.2251486791355563e+37	3.15828776490992e+36	1.5671106905602117e+36	5.9635023867393835e+35	4.0315398997527434e+37	1.9651186387858437e+37	1.2251486791355563e+37	8.144574223676814e+36
5422.533623404689	1.6849487676444255e+40	2.852958412759477e+38	1.64619074775688e+38	8.82747287488181e+37	5.748623437508478e+37	3.1483752948159684e+37	8.129997126875686e+36	4.0364359556378253e+36	1.536971494068435e+36	1.0334826537300884e+38	5.045723088534527e+37	3.1483752948159684e+37	2.0942589572921404e+37
5656.6655204596755	3.5334826363328844e+40	6.571933781616917e+38	3.799601589882822e+38	2.041024140032445e+38	1.330427278741503e+38	7.294377236248906e+37	1.8868182426952444e+37	9.373379616574143e+36	3.571318782248612e+36	2.388595954312933e+38	1.168055082451692e+38	7.294377236248906e+37	4.855068863399814e+37
5896.854631658044	6.637909907364411e+40	1.3644542017882303e+39	7.906102644414309e+38	4.255121526233377e+38	2.7766259788317105e+38	1.524200715386288e+38	3.950064287719866e+37	1.9636196419868405e+37	7.486582581293739e+36	4.9775401509768115e+38	2.4384556792399004e+38	1.524200715386288e+38	1.015177643225052e+38
6143.199996490659	1.126385471820056e+41	2.5623646906977326e+39	1.4882070795876536e+39	8.026096835488641e+38	5.2432500917441014e+38	2.8819410142957978e+38	7.48369915985002e+37	3.722832916853892e+37	1.4204006692689937e+37	9.384337645042872e+38	4.60607490154848e+38	2.8819410142957978e+38	1.920858167528509e+38
6395.803564904796	1.7068119157460523e+41	4.3326673264542624e+39	2.5231142762143375e+39	1.3639272285660393e+39	8.921641025504613e+38	4.910939388648987e+38	1.2781491111454778e+38	6.363312281977715e+37	2.429813184724723e+37	1.5938929106942114e+39	7.84018111191948e+38	4.910939388648987e+38	3.2758712636152736e+38
6654.770262768959	2.2878061343010975e+41	6.567968219685592e+39	3.83697941669303e+39	2.0799171376275213e+39	1.3625748691136603e+39	7.513337333701765e+38	1.9607239669454288e+38	9.770696334050805e+37	3.7344922285479232e+37	2.429067836559672e+39	1.1979000614977863e+39	7.513337333701765e+38	5.016628772393166e+38
6920.209693179771	3.034358774850389e+41	9.281108705758345e+39	5.431258044544874e+39	2.948522866307659e+39	1.9331896935499292e+39	1.0669690811589281e+39	2.788446823381276e+38	1.3902412629271936e+38	5.316425532520832e+37	3.442313481741191e+39	1.699929506077642e+39	1.0669690811589281e+39	7.127791658537551e+38
7192.254917025599	3.3662183940479486e+41	1.160100657260502e+40	6.811762018162832e+39	3.708847924075441e+39	2.4356173192605474e+39	1.3467373321840297e+39	3.529602678089065e+38	1.7615025700612997e+38	6.742976867510438e+37	4.32707183644239e+39	2.1426678635918036e+39	1.3467373321840297e+39	9.005891099281212e+38
7471.05052775188	3.505610562447025e+41	1.3479066242281016e+40	7.94047464169659e+39	4.3357573446506816e+39	2.8517692346336645e+39	1.5796490343593354e+39	4.151425889461594e+38	2.0738174389870276e+38	7.946270112114739e+37	5.055192125926596e+39	2.5098274854864918e+39	1.5796490343593354e+39	1.0573807784536572e+39
7756.7333187894765	3.3870077948929096e+41	1.4717023289455414e+40	8.70351727405028e+39	4.768497547690567e+39	3.142211015299047e+39	1.7441961805388492e+39	4.598779799225322e+38	2.2998876623152984e+38	8.822671370521398e+37	5.555456671731672e+39	2.766828379641093e+39	1.7441961805388492e+39	1.16888276767929e+39
8049.437810980226	3.2199001311134153e+41	1.5670720085697734e+40	9.303167236538439e+39	5.1140596454931036e+39	3.376075694247215e+39	1.8778971722199884e+39	4.967137650550668e+38	2.486865333791897e+38	9.550744570152655e+37	5.953525530755144e+39	2.9742204179704236e+39	1.8778971722199884e+39	1.259923262250903e+39
8349.305561301437	3.0181344476083733e+41	1.650648012765143e+40	9.840638127748195e+39	5.4292947444144354e+39	3.5913401610591624e+39	2.0021617129951118e+39	5.3143141154013265e+38	2.6639051185475733e+38	1.0243281183843628e+38	6.315257347016226e+39	3.165567150803098e+39	2.0021617129951118e+39	1.3449734168581645e+39
8656.484018232766	2.73590818783078e+41	1.7213518315047546e+40	1.0318209625542188e+40	5.719720630640421e+39	3.79321791175471e+39	2.1208955307695335e+39	5.654816688166066e+38	2.839007413446704e+38	1.0933912675221892e+38	6.645934042252746e+39	3.345838492980977e+39	2.1208955307695335e+39	1.427030395811332e+39
8971.123188254072	2.9640863609439074e+41	1.9344584464087194e+40	1.1612452955867532e+40	6.445240444358086e+39	4.2772941706909784e+39	2.3934079002199893e+39	6.388985350641051e+38	3.2089169352614128e+38	1.236372173868821e+38	7.486804995521414e+39	3.7735176983632624e+39	2.3934079002199893e+39	1.611074896122673e+39
9293.374661099411	3.0634986439909626e+41	2.1532269134517197e+40	1.2966076873069037e+40	7.215980550754054e+39	4.795836476031751e+39	2.6880364664743526e+39	7.193833680240164e+38	3.616356200197182e+38	1.394610011862789e+38	8.376959260981716e+39	4.232665587161792e+39	2.6880364664743526e+39	1.8110580065893497e+39
9623.393741305174	3.1028330881027937e+41	2.3937726799511416e+40	1.4474319864940672e+40	8.084218978173038e+39	5.383362994382151e+39	3.0240015767529425e+39	8.120368674535527e+38	4.08690381191444e+38	1.5779467196017501e+38	9.377263851001494e+39	4.753696761736169e+39	3.0240015767529425e+39	2.0398873410179255e+39
9961.3405678422	3.1150622392128507e+41	2.6602978106458903e+40	1.616297106687683e+40	9.064702994672013e+39	6.049859089177509e+39	3.407035885459524e+39	9.184593375057267e+38	4.628733682666845e+38	1.7895879248803437e+38	1.0504719476193751e+40	5.345472133177097e+39	3.407035885459524e+39	2.3014814109957667e+39
10307.379743202657	3.099192949629395e+41	2.941572969422027e+40	1.796726939419883e+40	1.0122990458118042e+40	6.773070968618605e+39	3.825097152122645e+39	1.0356194876360105e+39	5.2269606737221056e+38	2.023935842652968e+38	1.1718899627221178e+40	5.988508765875339e+39	3.825097152122645e+39	2.5878947036930003e+39
10661.681598109011	3.05168647251636e+41	3.223260526178577e+40	1.9801735707718183e+40	1.1212157530164852e+40	7.522108273192588e+39	4.2610881288445646e+39	1.1590464141100549e+39	5.8593135477296666e+38	2.2724861999729235e+38	1.296513770828442e+40	6.655620623199561e+39	4.2610881288445646e+39	2.8876970977037275e+39
11024.424672269388	3.2158967487137424e+41	3.6099918734481197e+40	2.2254390983855813e+40	1.263845802275677e+40	8.492708046786825e+39	4.819678695246462e+39	1.3146339780642943e+39	6.6522093987142576e+38	2.5825056702123634e+38	1.4604572354225804e+40	7.517682193671461e+39	4.819678695246462e+39	3.2695133081176577e+39
11395.790132323356	3.3510217383384407e+41	4.004825181818411e+40	2.477647003911134e+40	1.4113836498670355e+40	9.499840870648638e+39	5.401290451508497e+39	1.477460929193953e+39	7.483419745545877e+38	2.9080636464984672e+38	1.6298177870665553e+40	8.412932294238752e+39	5.401290451508497e+39	3.667802375481947e+39
11775.949361546902	3.2939652111888036e+41	4.3075874311531713e+40	2.679923579020817e+40	1.5339749532139752e+40	1.035196315476842e+40	5.90309230633609e+39	1.6219587615589797e+39	8.227933678088226e+38	3.2023578769012548e+38	1.7694504384387788e+40	9.173993522551215e+39	5.90309230633609e+39	4.015012727745985e+39
12165.083406420457	3.230665449684336e+41	4.606500225106337e+40	2.8827393552629966e+40	1.6584038101199504e+40	1.1222295693494586e+40	6.419107619673578e+39	1.7720169837827534e+39	9.003610162875355e+38	3.5099595555418104e+38	1.9107950963969187e+40	9.952599277342294e+39	6.419107619673578e+39	4.373347126734703e+39
12563.378615040423	3.1502184726527134e+41	4.906403510389484e+40	3.089703373631462e+40	1.787042234765099e+40	1.2127999291084053e+40	6.959878655723056e+39	1.930857641444015e+39	9.82737358481522e+38	3.837686603402711e+38	2.0565066488155077e+40	1.0764235956108185e+40	6.959878655723056e+39	4.750262804342139e+39
12971.021459137835	3.086087900834656e+41	5.225451785844836e+40	3.311733685077597e+40	1.926003332962157e+40	1.3109957717577122e+40	7.54854268076983e+39	2.104798109144059e+39	1.073124803267685e+39	4.198003116975521e+38	2.2136676491156953e+40	1.164506051082817e+40	7.54854268076983e+39	5.1614495812221703e+39
13388.204804892948	3.3023617710823984e+41	5.795012496152752e+40	3.6828756213525404e+40	2.1469170407153874e+40	1.4632329038953448e+40	8.437159878921162e+39	2.357668663155676e+39	1.202937781443892e+39	4.7093309244835504e+38	2.4662576509983956e+40	1.3001770098112079e+40	8.437159878921162e+39	5.773561816465373e+39
13815.13056732911	3.3816204669096857e+41	6.301642983789209e+40	4.023441778811946e+40	2.3547217906161694e+40	1.6082753055167918e+40	9.295563104249376e+39	2.6068735530620993e+39	1.3317143660375533e+39	5.2198991546783944e+38	2.70256164690268e+40	1.4298701534730116e+40	9.295563104249376e+39	6.369216426613912e+39
14252.004201027923	3.3159847043799825e+41	6.685556566083958e+40	4.298073496928675e+40	2.530326582857209e+40	1.7337237804282883e+40	1.0056462716941887e+40	2.8355209995213626e+39	1.4511870877238206e+39	5.6987640907474156e+38	2.900234798340687e+40	1.5427194026685114e+40	1.0056462716941887e+40	6.904011683673282e+39
14699.038172376866	3.2553290731663065e+41	7.079334334816775e+40	4.583450171404474e+40	2.714659259902227e+40	1.866087540596081e+40	1.0863772642876307e+40	3.080056216179138e+39	1.5792958724047218e+39	6.213572270272139e+38	3.1072721899011435e+40	1.6619500718642729e+40	1.0863772642876307e+40	7.473092958490595e+39
15156.454390135777	3.1699459841780736e+41	7.444888199819128e+40	4.857449334434928e+40	2.895975993828208e+40	1.9978168525172614e+40	1.1677044144743194e+40	3.3305615188993354e+39	1.7112330765542414e+39	6.746522513429351e+38	3.309872965629988e+40	1.7809652433259533e+40	1.1677044144743194e+40	8.049977794832119e+39
15624.483078335932	3.362098853594759e+41	8.148705915117222e+40	5.335126206753539e+40	3.190238049955624e+40	2.20435543267663e+40	1.290746837717367e+40	3.6915313450769347e+39	1.8984551500611084e+39	7.491625608445289e+38	3.643737248981099e+40	1.965932306702402e+40	1.290746837717367e+40	8.906959324880002e+39
16103.36146175906	3.4103141916644137e+41	8.739925132255064e+40	5.754568387590715e+40	3.4575405041236914e+40	2.395180421578467e+40	1.406491672744316e+40	4.039795955518301e+39	2.080565856691832e+39	8.222197759066535e+38	3.94478378941436e+40	2.137580451277066e+40	1.406491672744316e+40	9.720718281375328e+39
16593.34954788777	3.3279018547621374e+41	9.141390086126063e+40	6.068133738423891e+40	3.6714007611538044e+40	2.5528779932815976e+40	1.5053870686851677e+40	4.3511705140686135e+39	2.2457231070651895e+39	8.893964753074116e+38	4.1821988936733254e+40	2.28060505285296e+40	1.5053870686851677e+40	1.0427957958032124e+40
17094.71752015062	3.234106648805963e+41	9.520357810762127e+40	6.374708181019777e+40	3.88552298083937e+40	2.712538478000522e+40	1.6066604419497986e+40	4.674978132564084e+39	2.4183047438957108e+39	9.599210051839537e+38	4.418721339809045e+40	2.4258194501088455e+40	1.6066604419497986e+40	1.115640899317311e+40
17607.7465826793	3.1524614006502913e+41	9.902256239703516e+40	6.689227351468552e+40	4.108093478697341e+40	2.879578235970924e+40	1.7133448270290741e+40	5.019406293665858e+39	2.6024516795372867e+39	1.035402833500135e+39	4.66388072093903e+40	2.578000875990025e+40	1.7133448270290741e+40	1.192653953141157e+40
18132.721321935223	3.323500326646301e+41	1.0723951301875072e+41	7.274309452902748e+40	4.483326264940491e+40	3.14864327453163e+40	1.8774740856295117e+40	5.518081570122277e+39	2.86414722261472e+39	1.1407772830501212e+39	5.085781940049935e+40	2.820339520724969e+40	1.8774740856295117e+40	1.3084363070933412e+40
18669.92909570845	3.3623939938025968e+41	1.1388727753340493e+41	7.7762541356187215e+40	4.819406151979529e+40	3.394730742541022e+40	2.0308884551327947e+40	5.998299273601222e+39	3.118533028961033e+39	1.2441439441646771e+39	5.460187402518587e+40	3.043174901542487e+40	2.0308884551327947e+40	1.4178752287975477e+40
19219.667820929855	3.270634984344259e+41	1.1760779317382618e+41	8.107974175834251e+40	5.066485928709385e+40	3.5845835609011558e+40	2.1550677123985482e+40	6.41220473455877e+39	3.3420320210140815e+39	1.3366366392654715e+39	5.729465547187898e+40	3.2171687752040356e+40	2.1550677123985482e+40	1.5086031346796986e+40
19782.24566332853	3.187815954619428e+41	1.2137941308820379e+41	8.450264258543573e+40	5.324632136334462e+40	3.784145987670906e+40	2.286432696498852e+40	6.8539836151984e+39	3.5812655834831656e+39	1.4359181461524633e+39	6.010056024255917e+40	3.400347309769902e+40	2.286432696498852e+40	1.6048996785256363e+40
20357.978763804156	3.3329912825439723e+41	1.3012603895574612e+41	9.104428714377247e+40	5.761556308619562e+40	4.104203918775143e+40	2.486288759926864e+40	7.48233895398423e+39	3.914768216108536e+39	1.5717213095034164e+39	6.496887164233016e+40	3.690246680556638e+40	2.486288759926864e+40	1.7476608480797018e+40
20947.195793956744	3.344654172354078e+41	1.366673904519768e+41	9.637785118959789e+40	6.139723691835042e+40	4.389071789173035e+40	2.6692739801503152e+40	8.0796113767421e+39	4.235435136435034e+39	1.703738920817054e+39	6.912992680123963e+40	3.950096223309522e+40	2.6692739801503152e+40	1.8802419657714678e+40
21550.237987630906	3.215011744278847e+41	1.3874625755540242e+41	9.899735920310017e+40	6.370298560905104e+40	4.578605038021812e+40	2.801390905701374e+40	8.556251978836426e+39	4.498904009329996e+39	1.8152057069444188e+39	7.156328285541902e+40	4.12664057588642e+40	2.801390905701374e+40	1.9797706820738756e+40
22167.44215392059	3.14712205853606e+41	1.4237643128355536e+41	1.0266721812057805e+41	6.666375419174819e+40	4.814687475066325e+40	2.9617631022879325e+40	9.118944835230166e+39	4.8076805909529805e+39	1.9449978184916043e+39	7.47368566381289e+40	4.3450404114121055e+40	2.9617631022879325e+40	2.099222438055001e+40
22799.160541142854	3.287798925875559e+41	1.5176219826256938e+41	1.1002604841652151e+41	7.177747165736485e+40	5.197232632823378e+40	3.206231854933163e+40	9.914115109690999e+39	5.234491336991101e+39	2.1207408792740924e+39	8.038424322862306e+40	4.693477629550595e+40	3.206231854933163e+40	2.276033412268882e+40
23445.762066637893	3.2907780568424114e+41	1.5801218057630869e+41	1.1559283772213492e+41	7.598315115621881e+40	5.523977587700883e+40	3.4230066876112297e+40	1.0654037500619284e+40	5.63742900449326e+39	2.288935578465851e+39	8.494935609594523e+40	4.993902347045897e+40	3.4230066876112297e+40	2.435739760912204e+40
24107.62677216348	3.1633345432707688e+41	1.586741324947792e+41	1.1759761197786012e+41	7.817748026003088e+40	5.718312025574365e+40	3.5677119753168646e+40	1.121847828329619e+40	5.956515226606402e+39	2.4267918054484275e+39	8.717937849284166e+40	5.178055599317968e+40	3.5677119753168646e+40	2.5481426580057587e+40
24785.14496050063	3.0906854976522452e+41	1.6133867478559297e+41	1.2100284819282223e+41	8.1264252316813745e+40	5.976664141672911e+40	3.7516134577428693e+40	1.1903459768695356e+40	6.339226942525128e+39	2.5904377711873395e+39	9.041349727476131e+40	5.41990059494241e+40	3.7516134577428693e+40	2.688292594827916e+40
25478.717751795353	3.2168536973911436e+41	1.7084663518249337e+41	1.289139455557958e+41	8.703638626999385e+40	6.419604276999855e+40	4.042651952838668e+40	1.2888939137464225e+40	6.875187039885936e+39	2.8139955771305923e+39	9.67191802734082e+40	5.826069872593279e+40	4.042651952838668e+40	2.9019191987523387e+40
26188.76287093072	3.2063756505004543e+41	1.761015632620699e+41	1.3427334510998973e+41	9.145665828722926e+40	6.777264305839495e+40	4.2899528652264695e+40	1.378127803008836e+40	7.369590208278641e+39	3.02382621929571e+39	1.01430336624441e+41	6.1583127718237615e+40	4.2899528652264695e+40	3.087972480334761e+40
26915.71815589057	3.099251039683403e+41	1.761852099738384e+41	1.3620539183983069e+41	9.388965479803961e+40	7.002752860649219e+40	4.464849512755054e+40	1.4498432273524856e+40	7.781051108320096e+39	3.204094759673683e+39	1.0384643709440677e+41	6.374250981175821e+40	4.464849512755054e+40	3.226480601131687e+40
27660.04059240011	3.2041372102612584e+41	1.8519417641054246e+41	1.4418393049899144e+41	9.999944145322146e+40	7.4831957764881395e+40	4.78886013794798e+40	1.563655262777174e+40	8.407338564994552e+39	3.4683318299900155e+39	1.1045075292027348e+41	6.817620238421821e+40	4.78886013794798e+40	3.4675711697788874e+40
28422.201619367523	3.107227160094345e+41	1.8533569601490245e+41	1.4636646727880462e+41	1.0276441564956521e+41	7.740887174893521e+40	4.990103030928294e+40	1.6470483877873427e+40	8.887487989968376e+39	3.679425506167715e+39	1.1319087841924505e+41	7.06479206873486e+40	4.990103030928294e+40	3.627553049080847e+40
29202.69184363643	3.065518996709266e+41	1.871451176043599e+41	1.4965839066111166e+41	1.0622983111496016e+41	8.049536256992095e+40	5.223628950851352e+40	1.7412737180082239e+40	9.427026746558363e+39	3.915611078783101e+39	1.1671780861688401e+41	7.358179750123787e+40	5.223628950851352e+40	3.8110090938430173e+40
30002.01979989051	3.0314025283197284e+41	1.894040892846195e+41	1.5342643786829436e+41	1.1011231155392902e+41	8.393217890499267e+40	5.482461932858217e+40	1.8452616837707002e+40	1.0021877996643445e+40	4.175795634103705e+39	1.206826764728732e+41	7.6844490464201e+40	5.482461932858217e+40	4.0139710299295377e+40
30820.718790258677	3.0978584991786334e+41	1.9646937963397715e+41	1.6058350839263506e+41	1.1614505666002272e+41	8.890151688216995e+40	5.834173434038452e+40	1.9772446977025663e+40	1.076335491388374e+40	4.494932204713375e+39	1.2707138231512044e+41	8.14852669247526e+40	5.834173434038452e+40	4.2822427515167336e+40
31659.342379099562	3.0600653234324447e+41	1.969762083237897e+41	1.6306757580261086e+41	1.1929903043016438e+41	9.189542075671152e+40	6.07404433265288e+40	2.0809753235583315e+40	1.1369456103464657e+40	4.7653282343229934e+39	1.3017995089295725e+41	8.437358599707316e+40	6.07404433265288e+40	4.475837213403204e+40
32525.135505665625	3.0921842269355157e+41	2.021797190623567e+41	1.6911430928324813e+41	1.2480646289227556e+41	9.658357455771127e+40	6.416478004111545e+40	2.214641778435736e+40	1.212913353627466e+40	5.095858785772585e+39	1.3592323936104222e+41	8.878694976634416e+40	6.416478004111545e+40	4.741046238821667e+40
33411.89214741338	3.0279545209239275e+41	2.006527706627396e+41	1.7029692998772966e+41	1.2732123118922807e+41	9.923776683493467e+40	6.6464083787889925e+40	2.322168906567124e+40	1.277023832215524e+40	5.3870703480337817e+39	1.3825031769960733e+41	9.140338600657957e+40	6.6464083787889925e+40	4.932713211372199e+40
34329.26078225085	2.9552862370391845e+41	1.982369000612953e+41	1.7072987413220126e+41	1.293075891194117e+41	1.015032135469499e+41	6.852594278011564e+40	2.422983280996012e+40	1.3377891769255648e+40	5.665728877416792e+39	1.3999298716528976e+41	9.366857034381078e+40	6.852594278011564e+40	5.107867079726678e+40
35276.211622213785	3.0464630347773378e+41	2.0576625694678753e+41	1.7868077683763852e+41	1.363001668968724e+41	1.0740720791086086e+41	7.282590505377229e+40	2.5915925628902385e+40	1.4339288219071847e+40	6.085650034429828e+39	1.4732427160475646e+41	9.921968877770846e+40	7.282590505377229e+40	5.441092828107542e+40
36245.76400194318	2.9858011085342668e+41	2.0378133013696276e+41	1.798855490085958e+41	1.3919457065001043e+41	1.1054095005944448e+41	7.560098265165904e+40	2.724936577098503e+40	1.5140824325491037e+40	6.452560171428796e+39	1.499653096420742e+41	1.0232652513448915e+41	7.560098265165904e+40	5.674845126616499e+40
37246.46392563529	2.9955897997465066e+41	2.0563759675181862e+41	1.8380223050829e+41	1.43787833820755e+41	1.1487023358753775e+41	7.908710283344144e+40	2.8789596563309698e+40	1.6049222526517947e+40	6.861846544168426e+39	1.5452921411069788e+41	1.0650404569933445e+41	7.908710283344144e+40	5.957996197232828e+40
38280.69798648525	2.927060193705784e+41	2.0132266736906413e+41	1.826801749825975e+41	1.4490404207665311e+41	1.1667007547610191e+41	8.105070320228403e+40	2.991378753947701e+40	1.675406465242886e+40	7.196619510983993e+39	1.5522987870623646e+41	1.0840342712355364e+41	8.105070320228403e+40	6.136312085163981e+40
39347.862821873896	2.9137390026619147e+41	2.011414599611405e+41	1.8531317901647884e+41	1.489306962707654e+41	1.2075810820484745e+41	8.454546144879405e+40	3.1559757787967376e+40	1.7741491957834295e+40	7.648376270299197e+39	1.5907184283245554e+41	1.1241215462279053e+41	8.454546144879405e+40	6.42762806615889e+40
40450.46111525277	2.9129367671112354e+41	2.0127586476191907e+41	1.8802742277035247e+41	1.5296557003286476e+41	1.2485985908993405e+41	8.807560893697916e+40	3.32485050669776e+40	1.8760723015727652e+40	8.117588894136122e+39	1.6292783769450907e+41	1.1643923122668837e+41	8.807560893697916e+40	6.723397152124231e+40
41589.28459969409	2.905846572304365e+41	2.0034066079058047e+41	1.898696400050644e+41	1.5647083700743638e+41	1.2863626267878365e+41	9.147571610206056e+40	3.49541114575465e+40	1.9803156084221382e+40	8.602927427052928e+39	1.6616863365425661e+41	1.2019255310691538e+41	9.147571610206056e+40	7.013830294548837e+40
42763.57213446968	2.8922940081714032e+41	1.988435432926343e+41	1.9140394891991175e+41	1.599080548340781e+41	1.3245164200397223e+41	9.498836829012899e+40	3.675923028698686e+40	2.0913944384322248e+40	9.123378118456853e+39	1.6928945699409594e+41	1.240077447490303e+41	9.498836829012899e+40	7.316779634337133e+40
43975.803407181054	2.895660327153867e+41	1.9789379509468715e+41	1.9324825271401546e+41	1.6356291352655893e+41	1.3646516502172334e+41	9.867819631776219e+40	3.8667532277497646e+40	2.209191837613427e+40	9.677146543318279e+39	1.7264073356967093e+41	1.2801687589938111e+41	9.867819631776219e+40	7.635508436972556e+40
45226.60091381685	2.8555320209525533e+41	1.935744270926289e+41	1.9235760596016742e+41	1.6535946511749752e+41	1.3915592931744568e+41	1.0161135097622682e+41	4.0409638047977314e+40	2.3201864991644904e+40	1.0213203863931716e+40	1.7391603072481314e+41	1.3084520222962613e+41	1.0161135097622682e+41	7.904666099913922e+40
46515.644305566995	2.896319507359851e+41	1.948673630858097e+41	1.96128819639072e+41	1.7055218600548983e+41	1.4445358296968437e+41	1.0626238475957008e+41	4.274183951778491e+40	2.463558535081291e+40	1.088584261800208e+40	1.789022573781603e+41	1.3606491604046323e+41	1.0626238475957008e+41	8.300357497625046e+40
47845.376760698244	2.819609880199111e+41	1.868732767972974e+41	1.9154922470874885e+41	1.6943998966331493e+41	1.4492667576077018e+41	1.0783887648918598e+41	4.416200272326571e+40	2.561173525831742e+40	1.1387123981277754e+40	1.7702789531955173e+41	1.36879559391726e+41	1.0783887648918598e+41	8.477764878669124e+40
49214.76679394859	2.8816465773923873e+41	1.8917436037570904e+41	1.964801018660208e+41	1.7581229637840244e+41	1.513256565853552e+41	1.1340184633499188e+41	4.693908947765733e+40	2.7319862464084277e+40	1.2189547669413708e+40	1.8320493833460424e+41	1.4316555107770332e+41	1.1340184633499188e+41	8.949708726450253e+40
50626.607478790735	2.779653704508018e+41	1.785036653212565e+41	1.8965452390171353e+41	1.7326138376995834e+41	1.5087951779969245e+41	1.1458923414110476e+41	4.840738279031021e+40	2.836779937979445e+40	1.2742707872812256e+40	1.7968291367422567e+41	1.4319736410904106e+41	1.1458923414110476e+41	9.110316909659449e+40
52082.09828174884	2.8409954116257253e+41	1.8011382633867026e+41	1.9376659637626267e+41	1.7901316792824593e+41	1.56871399396361e+41	1.2000683026513283e+41	5.127086551794814e+40	3.016240402031253e+40	1.3601323681360986e+40	1.8516875272114013e+41	1.4913979330785334e+41	1.2000683026513283e+41	9.579640683592003e+40
53581.157070147216	2.7674539391735903e+41	1.7090701220082002e+41	1.8805369029297825e+41	1.7733965221768175e+41	1.5720490181037713e+41	1.2185653898702565e+41	5.311360661253296e+40	3.145613476898328e+40	1.4278207220661185e+40	1.8256985027183146e+41	1.4992552079165238e+41	1.2185653898702565e+41	9.798051066869296e+40
55126.04035349385	2.7817418163389293e+41	1.6847491822120168e+41	1.881822871315515e+41	1.79922356660961e+41	1.607547336797952e+41	1.2576324388348801e+41	5.562779529718428e+40	3.311485756005154e+40	1.510906098488863e+40	1.8463628973929057e+41	1.5364374989886718e+41	1.2576324388348801e+41	1.0165029491459518e+41
56717.0300007573	2.7911319863038525e+41	1.6576507574838692e+41	1.8794095133485303e+41	1.821006724367086e+41	1.639159546748065e+41	1.2934675679551998e+41	5.801273569868175e+40	3.470979738525168e+40	1.5920775789301162e+40	1.8630041297525305e+41	1.5698384988034013e+41	1.2934675679551998e+41	1.0505724292843377e+41
58356.763965964856	2.7206606652738225e+41	1.5585806341137048e+41	1.809686238436823e+41	1.792868650984247e+41	1.6344773242203894e+41	1.3089390784649901e+41	6.005194722084404e+40	3.6200826720159816e+40	1.672566199261608e+40	1.8247356254744976e+41	1.5708217305165973e+41	1.3089390784649901e+41	1.0718845808843488e+41
60045.40273944073	2.772767885482824e+41	1.552771975601433e+41	1.8310405975864034e+41	1.8389960773091612e+41	1.6892727496553289e+41	1.3645798222932904e+41	6.344475446992813e+40	3.842037490289895e+40	1.783159757339089e+40	1.8658292138726054e+41	1.6268226632075611e+41	1.3645798222932904e+41	1.1228131673132015e+41
61785.83512666072	2.7105616256176334e+41	1.4558022734034403e+41	1.75968079197912e+41	1.808709997884162e+41	1.6834035578365428e+41	1.380444546231387e+41	6.565388229090814e+40	4.005580556941967e+40	1.8725684549335857e+40	1.825250556072601e+41	1.6269774332173944e+41	1.380444546231387e+41	1.1452773676703069e+41
63578.173303153424	2.7017512893672746e+41	1.4088240662994872e+41	1.7305070000851596e+41	1.8054676971658596e+41	1.6950373971276833e+41	1.4045567990770737e+41	6.7978651389413e+40	4.174183070639313e+40	1.964408491077505e+40	1.8156231022152204e+41	1.6421940066243533e+41	1.4045567990770737e+41	1.1723650935534907e+41
65425.346572002716	2.734576772457392e+41	1.3819797635302169e+41	1.7279838892100499e+41	1.8318214691203402e+41	1.7351477885794896e+41	1.4525295517210115e+41	7.141394315547989e+40	4.408651970866849e+40	2.0857994281104098e+40	1.8353780262371463e+41	1.6851256601380316e+41	1.4525295517210115e+41	1.2192740365808509e+41
67328.19220838479	2.6680802115772886e+41	1.2842027564391765e+41	1.6434494998120414e+41	1.782616264773176e+41	1.7115255226007629e+41	1.4558071625947994e+41	7.338774549714221e+40	4.569040481662302e+40	2.179742415846526e+40	1.776395142707521e+41	1.6684279203202793e+41	1.4558071625947994e+41	1.233037333331456e+41
69289.81061845578	2.665783631021321e+41	1.2392009071159583e+41	1.613184129389355e+41	1.7772225497679256e+41	1.721575625500854e+41	1.4798715011723276e+41	7.592339025136287e+40	4.757834467738352e+40	2.285300915709309e+40	1.7646369161315038e+41	1.6823565781298979e+41	1.4798715011723276e+41	1.2610719186125313e+41
71311.65356201612	2.6872251890167548e+41	1.202972363545034e+41	1.5946557365952136e+41	1.7863069386803192e+41	1.746865587764179e+41	1.5183347375406525e+41	7.927723076053555e+40	4.998566507595841e+40	2.4157648706300597e+40	1.7668091064398374e+41	1.7115262622045944e+41	1.5183347375406525e+41	1.3019468620469293e+41
73396.52016080466	2.6531268702282513e+41	1.134870811421619e+41	1.5321082895979029e+41	1.748694589502794e+41	1.7298588441077843e+41	1.5248919733066564e+41	8.150123603680922e+40	5.181492629077231e+40	2.5250233852436254e+40	1.7218059542961035e+41	1.7003928389098515e+41	1.5248919733066564e+41	1.318326416772814e+41
75546.03502468597	2.6275740800632716e+41	1.07276301290059e+41	1.477196681361592e+41	1.717914149542092e+41	1.7180790982361351e+41	1.5344007219793545e+41	8.3797804700063e+40	5.369435840695392e+40	2.637749510557153e+40	1.684070754891392e+41	1.69395616565752e+41	1.5344007219793545e+41	1.33656489611448e+41
77763.64980655047	2.623451874312538e+41	1.0230619910989968e+41	1.4357070901941803e+41	1.7000296758514467e+41	1.7181092255757952e+41	1.5536106091316884e+41	8.657970747629083e+40	5.588169803269337e+40	2.7657203476003194e+40	1.6594993103684867e+41	1.6989160731784404e+41	1.5536106091316884e+41	1.3629356012656498e+41
80050.89832355634	2.6296232345808507e+41	9.754848478548284e+40	1.3975125270265501e+41	1.6873340257935838e+41	1.7243499541165385e+41	1.5795191673862852e+41	8.982776102390823e+40	5.839000183100322e+40	2.9105860444015825e+40	1.6396466061400448e+41	1.7102931707580072e+41	1.5795191673862852e+41	1.3957142674890737e+41
82410.51569766965	2.6109837883402533e+41	9.209446591644988e+40	1.3434887875249563e+41	1.6520936100510914e+41	1.707287607395227e+41	1.5854295942533132e+41	9.226176272550286e+40	6.047560979482973e+40	3.040384240783395e+40	1.5983512776736524e+41	1.6987266979976737e+41	1.5854295942533132e+41	1.4121835024809415e+41
84846.22593428472	2.5887874747997908e+41	8.667531765583659e+40	1.2875726688208328e+41	1.612658560613992e+41	1.6853007683121354e+41	1.5866874764778788e+41	9.451184425262919e+40	6.248330727704316e+40	3.169136063839957e+40	1.5533311322439254e+41	1.6821773777974716e+41	1.5866874764778788e+41	1.4247527736646444e+41
87360.29859004183	2.573209976604126e+41	8.167423971025617e+40	1.2359808298148672e+41	1.5768208800511592e+41	1.6661852361759887e+41	1.5899398056395876e+41	9.687979305312918e+40	6.458936325007931e+40	3.3046635806310455e+40	1.512151539155737e+41	1.6682844098637202e+41	1.5899398056395876e+41	1.438928735846336e+41
89955.55829198982	2.563780033437897e+41	7.70604473451622e+40	1.1877662105081044e+41	1.5433387621840965e+41	1.648926130269898e+41	1.5948066918786982e+41	9.94113548310179e+40	6.683620729284327e+40	3.4495096700391354e+40	1.4735736246597521e+41	1.6561536922158632e+41	1.5948066918786982e+41	1.454737477782604e+41
92636.05067474439	2.5559490071590966e+41	7.275634141817062e+40	1.1416155616263951e+41	1.5101196344912726e+41	1.6309462086575182e+41	1.5983067163262207e+41	1.0187116543077952e+41	6.906128463214364e+40	3.5955497557634e+40	1.4357031663704105e+41	1.6430872825085072e+41	1.5983067163262207e+41	1.4691781909649226e+41
95406.49430404865	2.5454240383861295e+41	6.843114623958402e+40	1.093180522616905e+41	1.4727748993697035e+41	1.6085149088593523e+41	1.5981099425725935e+41	1.0425648616109372e+41	7.129212169911259e+40	3.745338595129925e+40	1.3940384573168969e+41	1.6256307316530433e+41	1.5981099425725935e+41	1.4808576223817626e+41
98269.84524147303	2.5337449408747324e+41	6.425579028872585e+40	1.0445262351664017e+41	1.4329303227491123e+41	1.5826991712605574e+41	1.5945897119725075e+41	1.0655063718265933e+41	7.351466424901487e+40	3.8982620399007394e+40	1.3503801756817888e+41	1.6046812575223907e+41	1.5945897119725075e+41	1.4898492698500841e+41
101230.409498874	2.520908416005028e+41	6.031594263465513e+40	9.970913288099699e+40	1.391912347826892e+41	1.5542445372054418e+41	1.5874962411118939e+41	1.0865300762666074e+41	7.5653312875111e+40	4.0505025596361366e+40	1.3061776745163284e+41	1.5807657248748738e+41	1.5874962411118939e+41	1.495410578492249e+41
104292.41729143464	2.5069561522623202e+41	5.651668373550639e+40	9.50026518071064e+40	1.3495084842193722e+41	1.5234297020963787e+41	1.5775265338252832e+41	1.1061746193268078e+41	7.774123099828327e+40	4.203600701390864e+40	1.261029548623503e+41	1.5542867790392676e+41	1.5775265338252832e+41	1.4983021355625688e+41
107460.8139123789	2.4924153905770215e+41	5.295166773985299e+40	9.046302564297608e+40	1.3067817417244776e+41	1.4908994885643792e+41	1.5647424691571119e+41	1.124015383831959e+41	7.974275565310264e+40	4.355563981262697e+40	1.216115480096227e+41	1.5257526540160781e+41	1.5647424691571119e+41	1.4983127173504272e+41
110740.72717337884	2.478431990721542e+41	4.954087635042349e+40	8.603238625088711e+40	1.2640901266276265e+41	1.4577032935815198e+41	1.55073094543547e+41	1.1411329481132136e+41	8.172305500410329e+40	4.509270791334713e+40	1.1715215390862651e+41	1.4963815985146786e+41	1.55073094543547e+41	1.4970488252389921e+41
114137.67952237232	2.4643337069446096e+41	4.62745403626111e+40	8.16759773737228e+40	1.2205911437174464e+41	1.422724820832625e+41	1.5343562156829246e+41	1.1573906779683414e+41	8.370247102878751e+40	4.667528449095361e+40	1.1265344975566909e+41	1.4650121512576172e+41	1.5343562156829246e+41	1.4936080082966652e+41
117657.3169641268	2.4509183563683154e+41	4.3205550178745267e+40	7.745415057783875e+40	1.1765826672815003e+41	1.3860671793242658e+41	1.5157637339721463e+41	1.1733131641289506e+41	8.572096854782437e+40	4.832097024441368e+40	1.081546966189289e+41	1.4317235346065079e+41	1.5157637339721463e+41	1.4883058477515636e+41
121305.92177542647	2.4386588488640516e+41	4.032390843893884e+40	7.343263595887792e+40	1.13405416592557e+41	1.3502605546060323e+41	1.4970781825849167e+41	1.1881968518510602e+41	8.766002551828978e+40	4.993691136051196e+40	1.0382276126832023e+41	1.3990770129391503e+41	1.4970781825849167e+41	1.482396750525073e+41
125090.12281679791	2.425216446332864e+41	3.7629072917584883e+40	6.96034169976848e+40	1.092456271609767e+41	1.3141295226697164e+41	1.476229907228501e+41	1.2000854814502876e+41	8.939870663556484e+40	5.147675031720129e+40	9.96200920895231e+40	1.365685301720664e+41	1.476229907228501e+41	1.473496770736758e+41
129016.51060388464	2.409596508582316e+41	3.512350046632807e+40	6.591615270491785e+40	1.050103838564728e+41	1.2754065031671158e+41	1.451128005700875e+41	1.2091966645333924e+41	9.100532059802004e+40	5.299931059516481e+40	9.540861751546296e+40	1.3292138177199377e+41	1.451128005700875e+41	1.4601860153535306e+41
133092.88392178513	2.396857538693857e+41	3.283956187680332e+40	6.250827647509124e+40	1.0104935994308145e+41	1.238901003371966e+41	1.4270986146025255e+41	1.2177919046534732e+41	9.257509407002846e+40	5.452566388317166e+40	9.14808982901657e+40	1.2947372321133388e+41	1.4270986146025255e+41	1.4471904841416076e+41
137327.3563682493	2.392117506878961e+41	3.077391477421066e+40	5.938347549569564e+40	9.740454983278773e+40	1.2056869070866387e+41	1.4066086952451001e+41	1.2299602633055716e+41	9.443999256809528e+40	5.624161105403464e+40	8.786389942821184e+40	1.2635975505475279e+41	1.4066086952451001e+41	1.4378994568128814e+41
141727.94752542843	2.3833922065430175e+41	2.897049909157715e+40	5.658084263419867e+40	9.395957734670635e+40	1.172363909781384e+41	1.3825041033289928e+41	1.2358066477418794e+41	9.582105033757555e+40	5.771308890136967e+40	8.450054859144259e+40	1.2315879998153788e+41	1.3825041033289928e+41	1.423165238107804e+41
146304.53723673619	2.386106291408307e+41	2.7436349858892407e+40	5.415471665352708e+40	9.097755562858704e+40	1.1441574441934553e+41	1.3641150147264366e+41	1.2471262836106227e+41	9.76392968860361e+40	5.945442924978957e+40	8.158090599209539e+40	1.204836756782619e+41	1.3641150147264366e+41	1.4143793307981627e+41
151067.12151355343	2.391854377684248e+41	2.619276703607612e+40	5.2162585952413225e+40	8.850623909887687e+40	1.1205799074772554e+41	1.3482703599735882e+41	1.2559934914463929e+41	9.91804113494922e+40	6.102186518010284e+40	7.916677737487658e+40	1.1823861417728527e+41	1.3482703599735882e+41	1.4062700193343669e+41
156026.03686477398	2.4107739396058045e+41	2.5231220682160675e+40	5.061351646735202e+40	8.658731155598958e+40	1.1026505890268633e+41	1.3379513442643717e+41	1.2707186923566132e+41	1.012590951429807e+41	6.2965818622790825e+40	7.728846117433586e+40	1.1655609744498693e+41	1.3379513442643717e+41	1.403738604386401e+41
161193.1557092535	2.43233428659942e+41	2.458110689072106e+40	4.954662699985232e+40	8.524674452339386e+40	1.0900867938452306e+41	1.3308297644035091e+41	1.2824314587228772e+41	1.0295128333775543e+41	6.462498319947838e+40	7.597963791904468e+40	1.1537762577677883e+41	1.3308297644035091e+41	1.4022956409080273e+41
166580.2896507278	2.4760131853595294e+41	2.4176824441951924e+40	4.894207241273944e+40	8.467761524952363e+40	1.0873395508093292e+41	1.3357784494251535e+41	1.3061359525071793e+41	1.0560384915579387e+41	6.687007866220628e+40	7.536156157897664e+40	1.1523853397311116e+41	1.3357784494251535e+41	1.4137023620377448e+41
172201.07968955583	2.5264035589773965e+41	2.3986465710281677e+40	4.868893128416426e+40	8.454059140950593e+40	1.0887031919069222e+41	1.3438102169630294e+41	1.331010816987235e+41	1.0834821643483146e+41	6.919141251393676e+40	7.516728730245065e+40	1.1549335783774089e+41	1.3438102169630294e+41	1.4274027766434727e+41
178070.54168537192	2.5833508320537882e+41	2.397268079781642e+40	4.877889182060709e+40	8.495136214069978e+40	1.096357637962077e+41	1.3576256180890115e+41	1.3564276390360558e+41	1.109988408088134e+41	7.141496929441189e+40	7.54740084325281e+40	1.1638389980957465e+41	1.3576256180890115e+41	1.4455141174075417e+41
184203.9854690548	2.6487615394863217e+41	2.4057444773722684e+40	4.906799608639906e+40	8.565935430425984e+40	1.1073215837594846e+41	1.374865424316431e+41	1.3852826620749406e+41	1.1396426421277582e+41	7.386857695459707e+40	7.605802719708264e+40	1.1761041404304718e+41	1.374865424316431e+41	1.4670618911494823e+41
190618.43274333124	2.724781836313109e+41	2.412379162749537e+40	4.940107759128908e+40	8.657575472098939e+40	1.1219715887889366e+41	1.397986700367677e+41	1.4208844173036352e+41	1.1745722105046684e+41	7.663162245461751e+40	7.679941265233333e+40	1.1925662890613817e+41	1.397986700367677e+41	1.4954614299327895e+41
197332.32697167137	2.805612703083169e+41	2.405743890807203e+40	4.956363093601457e+40	8.736838735183725e+40	1.136363132391834e+41	1.4226752200507322e+41	1.4603811088101072e+41	1.2131696633840778e+41	7.966619717479965e+40	7.739394236077403e+40	1.2091445671300276e+41	1.4226752200507322e+41	1.526547043250998e+41
204365.7825398782	2.8771491293664895e+41	2.380489536263948e+40	4.940130484699051e+40	8.766971875431616e+40	1.1448435777011208e+41	1.4405497183723605e+41	1.4944915362514521e+41	1.248306720784288e+41	8.257141052907714e+40	7.753799685021431e+40	1.2195556342792591e+41	1.4405497183723605e+41	1.550721449086223e+41
211740.58120775607	2.935160196939846e+41	2.3235518994420095e+40	4.874547519253952e+40	8.728682717739126e+40	1.1453787154172684e+41	1.4496734684850068e+41	1.5222203106673021e+41	1.2791132686861788e+41	8.525900574972014e+40	7.704401597497956e+40	1.2217557963590056e+41	1.4496734684850068e+41	1.5663148019873455e+41
219480.9548539648	2.983061954903616e+41	2.2313054176786546e+40	4.748006662195429e+40	8.613055406146117e+40	1.1384980408175378e+41	1.4531113560157951e+41	1.5470277395996313e+41	1.3077787399521049e+41	8.785234136360038e+40	7.579546529154436e+40	1.2168357814489216e+41	1.4531113560157951e+41	1.577426508730291e+41
227613.08811805426	3.004068875579082e+41	2.0987747187711785e+40	4.542625461565918e+40	8.364935082352619e+40	1.1150719484440633e+41	1.4376287992540482e+41	1.5587165408629556e+41	1.3282331701831372e+41	9.009864798175904e+40	7.335871408980577e+40	1.1945847570714634e+41	1.4376287992540482e+41	1.5700011277360196e+41
236165.4226182496	3.0032001510098063e+41	1.929404330827962e+40	4.266488687859291e+40	8.010294923952777e+40	1.0795525991927118e+41	1.4097040628100417e+41	1.5610012312972938e+41	1.3414496874235288e+41	9.191875971758044e+40	6.993429676947769e+40	1.16000865006388e+41	1.4097040628100417e+41	1.5507161439558963e+41
245169.27847602314	2.9709996094136335e+41	1.7264286810273058e+40	3.9174007296156426e+40	7.525868508120568e+40	1.027460348946739e+41	1.3621574687703607e+41	1.5473190192898463e+41	1.3434786602331252e+41	9.318299953944894e+40	6.535801278958722e+40	1.107960555347242e+41	1.3621574687703607e+41	1.511513213018114e+41
254659.54765344373	2.9041892794919992e+41	1.496349354850498e+40	3.501217687143852e+40	6.915679788838898e+40	9.590328329400933e+40	1.2947965000474799e+41	1.5156829036075065e+41	1.331731745315442e+41	9.36512289166203e+40	5.967504734484343e+40	1.0386101826204812e+41	1.2947965000474799e+41	1.4517253984244764e+41
264674.17305643985	2.8027643906496936e+41	1.254750434662194e+40	3.04106252655885e+40	6.201953274065483e+40	8.75816503592448e+40	1.207918541039246e+41	1.4648225747444178e+41	1.3049364821388814e+41	9.323598328092473e+40	5.312126248488678e+40	9.532410766040507e+40	1.207918541039246e+41	1.3709259733536704e+41
275255.71678521606	2.672940038467927e+41	1.0117196745172316e+40	2.557883683647183e+40	5.420906451744272e+40	7.8228385037392315e+40	1.1064220286796003e+41	1.3976884614217277e+41	1.264732056705888e+41	9.198684151529682e+40	4.602084470460129e+40	8.565041912242786e+40	1.1064220286796003e+41	1.2737359122235545e+41
286450.5950404883	2.5115772685131572e+41	7.855962204878313e+39	2.0759581290036185e+40	4.588092848541871e+40	6.784924699341248e+40	9.880120477121135e+40	1.310204957038737e+41	1.2077969500974478e+41	8.969208609506963e+40	3.856867219147314e+40	7.479330460876758e+40	9.880120477121135e+40	1.1566875176676418e+41
298310.83088952146	2.3313050942459835e+41	5.854477460508674e+39	1.6238295950141347e+40	3.7635088814157876e+40	5.722572831327745e+40	8.613841499799163e+40	1.2069142972286763e+41	1.1362481083091281e+41	8.639731716993799e+40	3.1284405492955173e+40	6.357219150458788e+40	8.613841499799163e+40	1.0278438145758312e+41
310894.300478786	2.139062147785184e+41	4.1939402409575183e+39	1.2191418591829012e+40	2.9754561196123635e+40	4.6678801724538e+40	7.296215415303258e+40	1.089144782263778e+41	1.050486954144892e+41	8.2054152245387075e+40	2.4428214615218057e+40	5.231168120941716e+40	7.296215415303258e+40	8.898641849207684e+40
324265.5173561477	1.9340026212403972e+41	2.9275950453668955e+39	8.763972022936722e+39	2.2559861812204003e+40	3.6660753782967946e+40	5.985717343900721e+40	9.616972818992303e+40	9.536194972620691e+40	7.679525058888413e+40	1.8271708527396106e+40	4.150009506110655e+40	5.985717343900721e+40	7.488614345965535e+40
338496.85701192217	1.6898458115099472e+41	2.0972118572249788e+39	6.138947196200375e+39	1.6440528325545443e+40	2.765780127805444e+40	4.730356257747486e+40	8.253030687617068e+40	8.44848130215039e+40	7.048650298709178e+40	1.3154799152088207e+40	3.163754146232522e+40	4.730356257747486e+40	6.086876883248653e+40
353669.8297711935	1.4496773510528624e+41	1.6220682256170734e+39	4.2631030353380835e+39	1.1498661031565868e+40	1.9940582783623013e+40	3.581129307639932e+40	6.868761518827465e+40	7.297144792375263e+40	6.340554497289634e+40	9.127631965021245e+39	2.304920914028078e+40	3.581129307639932e+40	4.756434961340596e+40
369876.0005344462	1.2295926550394855e+41	1.4381818930123937e+39	3.101095308003258e+39	7.862295890299011e+39	1.3806724786072995e+40	2.5876731310680917e+40	5.504870146214163e+40	6.107243389735784e+40	5.568078129085255e+40	6.263990964976675e+39	1.6084060103559494e+40	2.5876731310680917e+40	3.5518580466772606e+40
387218.9881057739	1.021784852365911e+41	1.3912158285495117e+39	2.4721746425863715e+39	5.44231502841436e+39	9.328140114394217e+39	1.785955768040858e+40	4.2225830727873843e+40	4.925044964380263e+40	4.751236341990483e+40	4.43505242076123e+39	1.0874322546037859e+40	1.785955768040858e+40	2.525352461501488e+40
405816.80053675047	8.303751581161165e+40	1.3466548087281047e+39	2.1348010816239597e+39	3.970551587611968e+39	6.345765650611352e+39	1.1902367279060423e+40	3.081593879816233e+40	3.799938676874268e+40	3.913989609875951e+40	3.3611332078593766e+39	7.315277288133057e+39	1.1902367279060423e+40	1.7131150055346442e+40
425803.91530771146	6.602948393019471e+40	1.2481131408834134e+39	1.9093480812445087e+39	3.1338571237899714e+39	4.5432241480580813e+39	7.870482616741702e+39	2.131809212395627e+40	2.7894290667999285e+40	3.097493723366535e+40	2.7536189509558416e+39	5.1117351747088615e+39	7.870482616741702e+39	1.1226117442591716e+40
447334.38527920085	5.162580955091102e+40	1.0893195982251158e+39	1.665941577913617e+39	2.5933897437168262e+39	3.490315666898921e+39	5.421090831874023e+39	1.4108552773509887e+40	1.9460605669508113e+40	2.346849823742498e+40	2.3253905667521456e+39	3.828352378706301e+39	5.421090831874023e+39	7.396165236071625e+39
470585.5922541454	4.0213412904769535e+40	9.190301665748633e+38	1.4087399778911535e+39	2.15860216293384e+39	2.798752939188968e+39	3.9861878496594034e+39	9.299970432941823e+39	1.324017586105436e+40	1.7227724403802547e+40	1.9502142573975214e+39	3.0203860423786636e+39	3.9861878496594034e+39	5.128810395572217e+39
495762.75336003595	3.1745163814712686e+40	7.729471244294222e+38	1.1944537831407382e+39	1.8351539921030367e+39	2.3447228150759083e+39	3.1572854330650315e+39	6.346507238928263e+39	9.056701819402154e+39	1.2515778166630028e+40	1.6600230124944534e+39	2.5089183134928303e+39	3.1572854330650315e+39	3.843712632447733e+39
523104.65633965394	2.570786403210147e+40	6.411285695114095e+38	9.956947841082653e+38	1.5458302021909117e+39	1.9784824921274206e+39	2.6128557520918176e+39	4.636019564886199e+39	6.454742659310957e+39	9.237656696768372e+39	1.3950399155509792e+39	2.1136583268752486e+39	2.6128557520918176e+39	3.0804433521586463e+39
552890.682562096	2.136906167608356e+40	5.2602730433806505e+38	8.184199146365217e+38	1.285393682113553e+39	1.657344314581144e+39	2.18484538429886e+39	3.571237776225456e+39	4.816945390643219e+39	7.019689490125752e+39	1.1562088876666733e+39	1.7727169733057183e+39	2.18484538429886e+39	2.5377360042413367e+39
585449.6044269596	1.8090107846448187e+40	4.271149560275694e+38	6.626746615744679e+38	1.0517821446734283e+39	1.369904950314055e+39	1.821011578915734e+39	2.8393090543549944e+39	3.7138827875357873e+39	5.458683098981516e+39	9.427484415343756e+38	1.4692634228329567e+39	1.821011578915734e+39	2.1070240590674632e+39
621171.0426395449	1.5445033861060468e+40	3.4382800043431866e+38	5.286714474597358e+38	8.45329965780649e+38	1.1131856108694309e+39	1.5002596698057538e+39	2.2838711681657676e+39	2.901944328778569e+39	4.279009829880886e+39	7.55234759943212e+38	1.1980656152393816e+39	1.5002596698057538e+39	1.7407971561603127e+39
660519.97306658	1.3207474659010094e+40	2.752181262291358e+38	4.163288968523562e+38	6.667520517576606e+38	8.87611089509563e+38	1.2172733433471393e+39	1.8430782839496212e+39	2.2795342001040466e+39	3.352829854729709e+39	5.942379251627417e+38	9.590379991737038e+38	1.2172733433471393e+39	1.4231644737667418e+39
704055.7322049859	1.1266300461511583e+40	2.197808269316946e+38	3.2514796279524364e+38	5.166208185029885e+38	6.93644097389802e+38	9.70217265734228e+38	1.4840716461949326e+39	1.789970165553664e+39	2.607771172488014e+39	4.601813682688034e+38	7.52435624728063e+38	9.70217265734228e+38	1.1473468414007686e+39
752457.0474551396	9.564904078177505e+39	1.7531647764515757e+38	2.5323583645320197e+38	3.946146355923023e+38	5.3119212007387314e+38	7.573661771608205e+38	1.1879588631842463e+39	1.4005380396888312e+39	2.0041974060114677e+39	3.523936837650156e+38	5.77997646464646e+38	7.573661771608205e+38	9.089881579006947e+38
806555.4334958087	8.070044852919172e+39	1.3951552676857013e+38	1.9759114208373044e+38	2.994524173117364e+38	4.004355850462459e+38	5.783820222577578e+38	9.437136195107061e+38	1.0922093414487195e+39	1.5174634899210418e+39	2.689653862940014e+38	4.360979231719054e+38	5.783820222577578e+38	7.056083110600816e+38
867380.4894920808	6.757726182981406e+39	1.1037333809019729e+38	1.5450434053590993e+38	2.275719214888161e+38	2.996549033599052e+38	4.331175254024917e+38	7.413113903012483e+38	8.506917906017513e+38	1.1336357641189897e+39	2.0595399033593894e+38	3.256079012419824e+38	4.331175254024917e+38	5.356195222627719e+38
936222.2325577901	5.610345031750554e+39	8.644120186713127e+37	1.2060031990574504e+38	1.7388661916979827e+38	2.2462460458239954e+38	3.204277929718556e+38	5.7234771750385505e+38	6.603409519591098e+38	8.383933689502204e+38	1.5845034116131091e+38	2.42909049650976e+38	3.204277929718556e+38	3.985862377818189e+38
1014718.5299190189	4.612230892963764e+39	6.676173264649022e+37	9.342084758267024e+37	1.3327546725791896e+38	1.694547688773383e+38	2.3665251066810178e+38	4.327154115815777e+38	5.0831863520598454e+38	6.180537137268919e+38	1.2196565825660117e+38	1.8227335606203725e+38	2.3665251066810178e+38	2.932190321618515e+38
1104980.229047079	3.7498584738553344e+39	5.067885927856957e+37	7.141655604579863e+37	1.0173767358148795e+38	1.2826739708504875e+38	1.7570702897089643e+38	3.208678592180323e+38	3.8544187450666704e+38	4.558079875803299e+38	9.324146195453824e+37	1.3745305120143669e+38	1.7570702897089643e+38	2.1543320417415725e+38
1209774.4285190415	3.0107742086226853e+39	3.7684569186079707e+37	5.363857436487787e+37	7.673377235412455e+37	9.660267014166766e+37	1.3100197667401755e+38	2.3513575643643888e+38	2.873491810842425e+38	3.3701133546800795e+38	7.029436930996003e+37	1.0337854543270266e+38	1.3100197667401755e+38	1.5900575009368245e+38
1332800.1028717407	2.3833783789748112e+39	2.7341927484131026e+37	3.9427222482289355e+37	5.681498001475755e+37	7.171793880290712e+37	9.722377419655936e+37	1.717552997061091e+38	2.113294119631124e+38	2.4886640843477624e+38	5.19746476263535e+37	7.678143356991518e+37	9.722377419655936e+37	1.17512509441524e+38
1479115.4664173299	1.8565553067680726e+39	1.9259565104427878e+37	2.8243136343355944e+37	4.1093077506477727e+37	5.21014146500216e+37	7.102013280293384e+37	1.2539173270531104e+38	1.5429973226759506e+38	1.8287702951325974e+38	3.7521231794381347e+37	5.585039023551243e+37	7.102013280293384e+37	8.60381663805315e+37
1655824.6915684086	1.3890135843131996e+39	1.3084368270279622e+37	1.960979207523733e+37	2.8895732256067293e+37	3.6831939430087885e+37	5.058164831151886e+37	9.026636155736797e+37	1.0949240020035406e+38	1.2424611377185695e+38	2.6320627856604585e+37	3.9541992223090597e+37	5.058164831151886e+37	6.162469019006172e+37
1853646.3396381328	1.0461034261382605e+39	8.026534028131805e+36	1.250242028472502e+37	1.8862161733831433e+37	2.4259407332262225e+37	3.3671024712543654e+37	6.266836118521042e+37	7.855802094147869e+37	9.342448145400968e+37	1.7105160796918245e+37	2.6103169064488798e+37	3.3671024712543654e+37	4.1402576090281913e+37
2075102.8659597756	7.887274993222026e+38	4.7958431721336596e+36	7.83508005977523e+36	1.219808848928839e+37	1.5874409111241082e+37	2.227291373551663e+37	4.29516666596018e+37	5.548727005624884e+37	6.926132160344479e+37	1.099514912470641e+37	1.712611027388173e+37	2.227291373551663e+37	2.7597863066720546e+37
2323018.1532674045	5.944059912071293e+38	2.774618225944797e+36	4.800720990332187e+36	7.785482834375876e+36	1.0296189360874814e+37	1.4635368828883759e+37	2.9089341966238716e+37	3.8609629113054052e+37	5.050921081789504e+37	6.960815188896206e+36	1.1146978747136054e+37	1.4635368828883759e+37	1.826059397121648e+37
2600553.481893834	4.4784562924004706e+38	1.546977930855902e+36	2.86271636613381e+36	4.8862574127338804e+36	6.603421445329705e+36	9.549545090559562e+36	1.9497755015669177e+37	2.6499090475526644e+37	3.6230308309889575e+37	4.3227250623014757e+36	7.18347374907867e+36	9.549545090559562e+36	1.2002424156956175e+37
2911247.8418950518	3.3738476424714143e+38	8.272238373852984e+35	1.653465170636999e+36	3.002735712037608e+36	4.173942203664005e+36	6.179492770497735e+36	1.2953791230525115e+37	1.7963740034228455e+37	2.5579008637811263e+37	2.6215122416975373e+36	4.5701587948190055e+36	6.179492770497735e+36	7.837072180505865e+36
3259063.061660301	2.541563208001868e+38	4.221447695321611e+35	9.206037375566753e+35	1.79847067516483e+36	2.5898474548867745e+36	3.956629131938218e+36	8.54194997476231e+36	1.2045991290838554e+37	1.7791432112313146e+37	1.5452294791308907e+36	2.8598392218446586e+36	3.956629131938218e+36	5.0792363267991776e+36
3648434.328480512	1.9145746173431892e+38	2.044917502346605e+35	4.9170722884468905e+35	1.0448491379181069e+36	1.5703840140860596e+36	2.498696704904796e+36	5.59601074367585e+36	8.002743408092221e+36	1.2204790661977086e+37	8.81023813060548e+35	1.7526749214274996e+36	2.498696704904796e+36	3.2613817130184754e+36
4084326.745304929	1.4422406098444812e+38	9.34659918253097e+34	2.5068341405796546e+35	5.859512120980062e+35	9.261380659857692e+35	1.5502611975226178e+36	3.6433247050417736e+36	5.2749606372301805e+36	8.267811451837647e+36	4.8353677301789146e+35	1.047092316091181e+36	1.5502611975226178e+36	2.0689033149620447e+36
