#t	Le	U	B	V	R	I	J	H	K	g	r	i	z
#----------------------------------------------- 
2.981965994818276	0.0	0.0	0.0	0.0	0.0	0.0	0.0	0.0	0.0	0.0	0.0	0.0	0.0
3.0609341231521556	0.0	0.0	0.0	0.0	0.0	0.0	0.0	0.0	0.0	0.0	0.0	0.0	0.0
3.1577464523611307	0.0	0.0	0.0	0.0	0.0	0.0	0.0	0.0	0.0	0.0	0.0	0.0	0.0
3.261252155478586	0.0	0.0	0.0	0.0	0.0	0.0	0.0	0.0	0.0	0.0	0.0	0.0	0.0
3.3701389520999556	0.0	0.0	0.0	0.0	0.0	0.0	0.0	0.0	0.0	0.0	0.0	0.0	0.0
3.484254078452046	0.0	0.0	0.0	0.0	0.0	0.0	0.0	0.0	0.0	0.0	0.0	0.0	0.0
3.6037004930579277	0.0	0.0	0.0	0.0	0.0	0.0	0.0	0.0	0.0	0.0	0.0	0.0	0.0
3.7286682508977367	0.0	0.0	0.0	0.0	0.0	0.0	0.0	0.0	0.0	0.0	0.0	0.0	0.0
3.8593882507681028	0.0	0.0	0.0	0.0	0.0	0.0	0.0	0.0	0.0	0.0	0.0	0.0	0.0
3.9961162627001974	0.0	0.0	0.0	0.0	0.0	0.0	0.0	0.0	0.0	0.0	0.0	0.0	0.0
4.139126546251901	0.0	0.0	0.0	0.0	0.0	0.0	0.0	0.0	0.0	0.0	0.0	0.0	0.0
4.2887090641540215	0.0	0.0	0.0	0.0	0.0	0.0	0.0	0.0	0.0	0.0	0.0	0.0	0.0
4.445168218833466	0.0	0.0	0.0	0.0	0.0	0.0	0.0	0.0	0.0	0.0	0.0	0.0	0.0
4.608822295655881	0.0	0.0	0.0	0.0	0.0	0.0	0.0	0.0	0.0	0.0	0.0	0.0	0.0
4.780003257314527	0.0	0.0	0.0	0.0	0.0	0.0	0.0	0.0	0.0	0.0	0.0	0.0	0.0
4.9590567214050445	0.0	0.0	0.0	0.0	0.0	0.0	0.0	0.0	0.0	0.0	0.0	0.0	0.0
5.146342036409279	0.0	0.0	0.0	0.0	0.0	0.0	0.0	0.0	0.0	0.0	0.0	0.0	0.0
5.3422324108831125	0.0	0.0	0.0	0.0	0.0	0.0	0.0	0.0	0.0	0.0	0.0	0.0	0.0
5.547115070659268	0.0	0.0	0.0	0.0	0.0	0.0	0.0	0.0	0.0	0.0	0.0	0.0	0.0
5.761391429538949	0.0	0.0	0.0	0.0	0.0	0.0	0.0	0.0	0.0	0.0	0.0	0.0	0.0
5.985477264966852	0.0	0.0	0.0	0.0	0.0	0.0	0.0	0.0	0.0	0.0	0.0	0.0	0.0
6.219802893721421	0.0	0.0	0.0	0.0	0.0	0.0	0.0	0.0	0.0	0.0	0.0	0.0	0.0
6.46481334487237	0.0	0.0	0.0	0.0	0.0	0.0	0.0	0.0	0.0	0.0	0.0	0.0	0.0
6.720968528754807	0.0	0.0	0.0	0.0	0.0	0.0	0.0	0.0	0.0	0.0	0.0	0.0	0.0
6.988743401728827	0.0	0.0	0.0	0.0	0.0	0.0	0.0	0.0	0.0	0.0	0.0	0.0	0.0
7.26862812732215	0.0	0.0	0.0	0.0	0.0	0.0	0.0	0.0	0.0	0.0	0.0	0.0	0.0
7.561128234973166	0.0	0.0	0.0	0.0	0.0	0.0	0.0	0.0	0.0	0.0	0.0	0.0	0.0
7.8667647781619685	0.0	0.0	0.0	0.0	0.0	0.0	0.0	0.0	0.0	0.0	0.0	0.0	0.0
8.186074494188006	0.0	0.0	0.0	0.0	0.0	0.0	0.0	0.0	0.0	0.0	0.0	0.0	0.0
8.519609968307671	0.0	0.0	0.0	0.0	0.0	0.0	0.0	0.0	0.0	0.0	0.0	0.0	0.0
8.867939805334203	0.0	0.0	0.0	0.0	0.0	0.0	0.0	0.0	0.0	0.0	0.0	0.0	0.0
9.231648812166853	0.0	0.0	0.0	0.0	0.0	0.0	0.0	0.0	0.0	0.0	0.0	0.0	0.0
9.61133819506958	0.0	0.0	0.0	0.0	0.0	0.0	0.0	0.0	0.0	0.0	0.0	0.0	0.0
10.007625775786813	0.0	0.0	0.0	0.0	0.0	0.0	0.0	0.0	0.0	0.0	0.0	0.0	0.0
10.421146230853477	0.0	0.0	0.0	0.0	0.0	0.0	0.0	0.0	0.0	0.0	0.0	0.0	0.0
10.852551358652535	0.0	0.0	0.0	0.0	0.0	0.0	0.0	0.0	0.0	0.0	0.0	0.0	0.0
11.302510378969412	0.0	0.0	0.0	0.0	0.0	0.0	0.0	0.0	0.0	0.0	0.0	0.0	0.0
11.771710269889688	0.0	0.0	0.0	0.0	0.0	0.0	0.0	0.0	0.0	0.0	0.0	0.0	0.0
12.260856146976646	0.0	0.0	0.0	0.0	0.0	0.0	0.0	0.0	0.0	0.0	0.0	0.0	0.0
12.770671689697139	0.0	0.0	0.0	0.0	0.0	0.0	0.0	0.0	0.0	0.0	0.0	0.0	0.0
13.301899620084425	0.0	0.0	0.0	0.0	0.0	0.0	0.0	0.0	0.0	0.0	0.0	0.0	0.0
13.855302238564924	0.0	0.0	0.0	0.0	0.0	0.0	0.0	0.0	0.0	0.0	0.0	0.0	0.0
14.431662021832155	0.0	0.0	0.0	0.0	0.0	0.0	0.0	0.0	0.0	0.0	0.0	0.0	0.0
15.031782287570465	0.0	0.0	0.0	0.0	0.0	0.0	0.0	0.0	0.0	0.0	0.0	0.0	0.0
15.656487930718905	0.0	0.0	0.0	0.0	0.0	0.0	0.0	0.0	0.0	0.0	0.0	0.0	0.0
16.306626235895312	0.0	0.0	0.0	0.0	0.0	0.0	0.0	0.0	0.0	0.0	0.0	0.0	0.0
16.983067770479813	0.0	0.0	0.0	0.0	0.0	0.0	0.0	0.0	0.0	0.0	0.0	0.0	0.0
17.686707362790788	0.0	0.0	0.0	0.0	0.0	0.0	0.0	0.0	0.0	0.0	0.0	0.0	0.0
18.41846516971916	0.0	0.0	0.0	0.0	0.0	0.0	0.0	0.0	0.0	0.0	0.0	0.0	0.0
19.179287838167404	0.0	0.0	0.0	0.0	0.0	0.0	0.0	0.0	0.0	0.0	0.0	0.0	0.0
19.970149764643512	0.0	0.0	0.0	0.0	0.0	0.0	0.0	0.0	0.0	0.0	0.0	0.0	0.0
20.792054457398088	0.0	0.0	0.0	0.0	0.0	0.0	0.0	0.0	0.0	0.0	0.0	0.0	0.0
21.64603600562639	0.0	0.0	0.0	0.0	0.0	0.0	0.0	0.0	0.0	0.0	0.0	0.0	0.0
22.5331606603896	0.0	0.0	0.0	0.0	0.0	0.0	0.0	0.0	0.0	0.0	0.0	0.0	0.0
23.454528532140426	0.0	0.0	0.0	0.0	0.0	0.0	0.0	0.0	0.0	0.0	0.0	0.0	0.0
24.411275410026537	0.0	0.0	0.0	0.0	0.0	0.0	0.0	0.0	0.0	0.0	0.0	0.0	0.0
25.40457470848945	0.0	0.0	0.0	0.0	0.0	0.0	0.0	0.0	0.0	0.0	0.0	0.0	0.0
26.435639547130737	0.0	0.0	0.0	0.0	0.0	0.0	0.0	0.0	0.0	0.0	0.0	0.0	0.0
27.505724970282863	0.0	0.0	0.0	0.0	0.0	0.0	0.0	0.0	0.0	0.0	0.0	0.0	0.0
28.616130313302406	0.0	0.0	0.0	0.0	0.0	0.0	0.0	0.0	0.0	0.0	0.0	0.0	0.0
29.768201723308234	0.0	0.0	0.0	0.0	0.0	0.0	0.0	0.0	0.0	0.0	0.0	0.0	0.0
30.96333484278893	0.0	0.0	0.0	0.0	0.0	0.0	0.0	0.0	0.0	0.0	0.0	0.0	0.0
32.202977665320965	0.0	0.0	0.0	0.0	0.0	0.0	0.0	0.0	0.0	0.0	0.0	0.0	0.0
33.48863357362803	0.0	0.0	0.0	0.0	0.0	0.0	0.0	0.0	0.0	0.0	0.0	0.0	0.0
34.82186457113238	0.0	0.0	0.0	0.0	0.0	0.0	0.0	0.0	0.0	0.0	0.0	0.0	0.0
36.20429471935305	0.0	0.0	0.0	0.0	0.0	0.0	0.0	0.0	0.0	0.0	0.0	0.0	0.0
37.63761379469735	0.0	0.0	0.0	0.0	0.0	0.0	0.0	0.0	0.0	0.0	0.0	0.0	0.0
39.12358117951836	0.0	0.0	0.0	0.0	0.0	0.0	0.0	0.0	0.0	0.0	0.0	0.0	0.0
40.66403000381507	0.0	0.0	0.0	0.0	0.0	0.0	0.0	0.0	0.0	0.0	0.0	0.0	0.0
42.26087155552298	0.0	0.0	0.0	0.0	0.0	0.0	0.0	0.0	0.0	0.0	0.0	0.0	0.0
43.916099979141286	0.0	0.0	0.0	0.0	0.0	0.0	0.0	0.0	0.0	0.0	0.0	0.0	0.0
45.63179728431629	0.0	0.0	0.0	0.0	0.0	0.0	0.0	0.0	0.0	0.0	0.0	0.0	0.0
47.41013868813062	0.0	0.0	0.0	0.0	0.0	0.0	0.0	0.0	0.0	0.0	0.0	0.0	0.0
49.253398317175524	0.0	0.0	0.0	0.0	0.0	0.0	0.0	0.0	0.0	0.0	0.0	0.0	0.0
51.163955297935615	0.0	0.0	0.0	0.0	0.0	0.0	0.0	0.0	0.0	0.0	0.0	0.0	0.0
53.144300266893616	0.0	0.0	0.0	0.0	0.0	0.0	0.0	0.0	0.0	0.0	0.0	0.0	0.0
55.197042334724294	0.0	0.0	0.0	0.0	0.0	0.0	0.0	0.0	0.0	0.0	0.0	0.0	0.0
57.3249165424016	0.0	0.0	0.0	0.0	0.0	0.0	0.0	0.0	0.0	0.0	0.0	0.0	0.0
59.530791850688566	0.0	0.0	0.0	0.0	0.0	0.0	0.0	0.0	0.0	0.0	0.0	0.0	0.0
61.81767970862398	0.0	0.0	0.0	0.0	0.0	0.0	0.0	0.0	0.0	0.0	0.0	0.0	0.0
64.18874325118685	0.0	0.0	0.0	0.0	0.0	0.0	0.0	0.0	0.0	0.0	0.0	0.0	0.0
66.64730718133343	0.0	0.0	0.0	0.0	0.0	0.0	0.0	0.0	0.0	0.0	0.0	0.0	0.0
69.19686839720282	0.0	0.0	0.0	0.0	0.0	0.0	0.0	0.0	0.0	0.0	0.0	0.0	0.0
71.84110743155208	0.0	0.0	0.0	0.0	0.0	0.0	0.0	0.0	0.0	0.0	0.0	0.0	0.0
74.58390077740872	0.0	0.0	0.0	0.0	0.0	0.0	0.0	0.0	0.0	0.0	0.0	0.0	0.0
77.42933418164527	0.0	0.0	0.0	0.0	0.0	0.0	0.0	0.0	0.0	0.0	0.0	0.0	0.0
80.38171699689975	0.0	0.0	0.0	0.0	0.0	0.0	0.0	0.0	0.0	0.0	0.0	0.0	0.0
83.4455976918735	0.0	0.0	0.0	0.0	0.0	0.0	0.0	0.0	0.0	0.0	0.0	0.0	0.0
86.62578063097487	0.0	0.0	0.0	0.0	0.0	0.0	0.0	0.0	0.0	0.0	0.0	0.0	0.0
89.927344246385	0.0	0.0	0.0	0.0	0.0	0.0	0.0	0.0	0.0	0.0	0.0	0.0	0.0
93.3556607393914	0.0	0.0	0.0	0.0	0.0	0.0	0.0	0.0	0.0	0.0	0.0	0.0	0.0
96.9164174631964	0.0	0.0	0.0	0.0	0.0	0.0	0.0	0.0	0.0	0.0	0.0	0.0	0.0
100.61564015684871	0.0	0.0	0.0	0.0	0.0	0.0	0.0	0.0	0.0	0.0	0.0	0.0	0.0
104.45971821961186	0.0	0.0	0.0	0.0	0.0	0.0	0.0	0.0	0.0	0.0	0.0	0.0	0.0
108.4554322372559	0.0	0.0	0.0	0.0	0.0	0.0	0.0	0.0	0.0	0.0	0.0	0.0	0.0
112.60998399703965	0.0	0.0	0.0	0.0	0.0	0.0	0.0	0.0	0.0	0.0	0.0	0.0	0.0
116.93102925673297	0.0	0.0	0.0	0.0	0.0	0.0	0.0	0.0	0.0	0.0	0.0	0.0	0.0
121.42671356558435	0.0	0.0	0.0	0.0	0.0	0.0	0.0	0.0	0.0	0.0	0.0	0.0	0.0
126.10571147227719	0.0	0.0	0.0	0.0	0.0	0.0	0.0	0.0	0.0	0.0	0.0	0.0	0.0
130.97726949719083	0.0	0.0	0.0	0.0	0.0	0.0	0.0	0.0	0.0	0.0	0.0	0.0	0.0
136.05125329482306	0.0	0.0	0.0	0.0	0.0	0.0	0.0	0.0	0.0	0.0	0.0	0.0	0.0
141.344017631977	0.0	0.0	0.0	0.0	0.0	0.0	0.0	0.0	0.0	0.0	0.0	0.0	0.0
146.86688259330975	0.0	0.0	0.0	0.0	0.0	0.0	0.0	0.0	0.0	0.0	0.0	0.0	0.0
152.6319853555129	0.0	0.0	0.0	0.0	0.0	0.0	0.0	0.0	0.0	0.0	0.0	0.0	0.0
158.652351657897	0.0	0.0	0.0	0.0	0.0	0.0	0.0	0.0	0.0	0.0	0.0	0.0	0.0
164.94197482633336	0.0	0.0	0.0	0.0	0.0	0.0	0.0	0.0	0.0	0.0	0.0	0.0	0.0
171.5159033322702	0.0	0.0	0.0	0.0	0.0	0.0	0.0	0.0	0.0	0.0	0.0	0.0	0.0
178.39033798551134	0.0	0.0	0.0	0.0	0.0	0.0	0.0	0.0	0.0	0.0	0.0	0.0	0.0
185.5827400194517	0.0	0.0	0.0	0.0	0.0	0.0	0.0	0.0	0.0	0.0	0.0	0.0	0.0
193.11195151487254	0.0	0.0	0.0	0.0	0.0	0.0	0.0	0.0	0.0	0.0	0.0	0.0	0.0
200.99832982830281	0.0	0.0	0.0	0.0	0.0	0.0	0.0	0.0	0.0	0.0	0.0	0.0	0.0
209.26389794931526	0.0	0.0	0.0	0.0	0.0	0.0	0.0	0.0	0.0	0.0	0.0	0.0	0.0
217.93251301585607	0.0	0.0	0.0	0.0	0.0	0.0	0.0	0.0	0.0	0.0	0.0	0.0	0.0
227.0300555765848	0.0	0.0	0.0	0.0	0.0	0.0	0.0	0.0	0.0	0.0	0.0	0.0	0.0
236.58464261614736	0.0	0.0	0.0	0.0	0.0	0.0	0.0	0.0	0.0	0.0	0.0	0.0	0.0
246.6268678667501	0.0	0.0	0.0	0.0	0.0	0.0	0.0	0.0	0.0	0.0	0.0	0.0	0.0
257.190073534614	0.0	0.0	0.0	0.0	0.0	0.0	0.0	0.0	0.0	0.0	0.0	0.0	0.0
268.3106582959459	0.0	0.0	0.0	0.0	0.0	0.0	0.0	0.0	0.0	0.0	0.0	0.0	0.0
280.0284272877159	0.0	0.0	0.0	0.0	0.0	0.0	0.0	0.0	0.0	0.0	0.0	0.0	0.0
292.38699086768617	0.0	0.0	0.0	0.0	0.0	0.0	0.0	0.0	0.0	0.0	0.0	0.0	0.0
305.4342201893852	0.0	0.0	0.0	0.0	0.0	0.0	0.0	0.0	0.0	0.0	0.0	0.0	0.0
319.22276918225145	0.0	0.0	0.0	0.0	0.0	0.0	0.0	0.0	0.0	0.0	0.0	0.0	0.0
333.8106744114187	0.0	0.0	0.0	0.0	0.0	0.0	0.0	0.0	0.0	0.0	0.0	0.0	0.0
349.26204660351004	0.0	0.0	0.0	0.0	0.0	0.0	0.0	0.0	0.0	0.0	0.0	0.0	0.0
365.6478704686633	0.0	0.0	0.0	0.0	0.0	0.0	0.0	0.0	0.0	0.0	0.0	0.0	0.0
383.0469329690279	0.0	0.0	0.0	0.0	0.0	0.0	0.0	0.0	0.0	0.0	0.0	0.0	0.0
401.5469045608832	0.0	0.0	0.0	0.0	0.0	0.0	0.0	0.0	0.0	0.0	0.0	0.0	0.0
421.2456034102219	0.0	0.0	0.0	0.0	0.0	0.0	0.0	0.0	0.0	0.0	0.0	0.0	0.0
442.25247945995085	0.0	0.0	0.0	0.0	0.0	0.0	0.0	0.0	0.0	0.0	0.0	0.0	0.0
464.6903639253764	0.0	0.0	0.0	0.0	0.0	0.0	0.0	0.0	0.0	0.0	0.0	0.0	0.0
488.6975408601376	0.0	0.0	0.0	0.0	0.0	0.0	0.0	0.0	0.0	0.0	0.0	0.0	0.0
514.4302116062721	0.0	0.0	0.0	0.0	0.0	0.0	0.0	0.0	0.0	0.0	0.0	0.0	0.0
542.065441211065	0.0	0.0	0.0	0.0	0.0	0.0	0.0	0.0	0.0	0.0	0.0	0.0	0.0
571.8046996210375	0.0	0.0	0.0	0.0	0.0	0.0	0.0	0.0	0.0	0.0	0.0	0.0	0.0
603.8781415153298	0.0	0.0	0.0	0.0	0.0	0.0	0.0	0.0	0.0	0.0	0.0	0.0	0.0
638.5498096059729	0.0	0.0	0.0	0.0	0.0	0.0	0.0	0.0	0.0	0.0	0.0	0.0	0.0
676.1240007665101	0.0	0.0	0.0	0.0	0.0	0.0	0.0	0.0	0.0	0.0	0.0	0.0	0.0
716.9531075814153	0.0	0.0	0.0	0.0	0.0	0.0	0.0	0.0	0.0	0.0	0.0	0.0	0.0
761.4473472432688	0.0	0.0	0.0	0.0	0.0	0.0	0.0	0.0	0.0	0.0	0.0	0.0	0.0
810.0869259546425	0.0	0.0	0.0	0.0	0.0	0.0	0.0	0.0	0.0	0.0	0.0	0.0	0.0
863.4373757973932	0.0	0.0	0.0	0.0	0.0	0.0	0.0	0.0	0.0	0.0	0.0	0.0	0.0
922.1690660596595	0.0	0.0	0.0	0.0	0.0	0.0	0.0	0.0	0.0	0.0	0.0	0.0	0.0
987.0822679087635	0.0	0.0	0.0	0.0	0.0	0.0	0.0	0.0	0.0	0.0	0.0	0.0	0.0
1059.1396949195425	0.0	0.0	0.0	0.0	0.0	0.0	0.0	0.0	0.0	0.0	0.0	0.0	0.0
1139.5092374797937	0.0	0.0	0.0	0.0	0.0	0.0	0.0	0.0	0.0	0.0	0.0	0.0	0.0
1229.6207969374993	0.0	0.0	0.0	0.0	0.0	0.0	0.0	0.0	0.0	0.0	0.0	0.0	0.0
1331.2429236093358	0.0	0.0	0.0	0.0	0.0	0.0	0.0	0.0	0.0	0.0	0.0	0.0	0.0
1446.5877505254953	0.0	0.0	0.0	0.0	0.0	0.0	0.0	0.0	0.0	0.0	0.0	0.0	0.0
1578.4571251529437	0.0	0.0	0.0	0.0	0.0	0.0	0.0	0.0	0.0	0.0	0.0	0.0	0.0
1730.450006453859	1.955072881638075e+32	1.9091056791334052e+29	1.0646830560122321e+29	5.539991204141525e+28	3.5480476031940556e+28	1.9063229812440985e+28	4.7771993521491614e+27	2.3468747156103128e+27	8.839755702889976e+26	6.530863333291444e+28	3.1001231295041277e+28	1.9063229812440985e+28	1.2546018519776975e+28
1907.2628007897056	4.290572646817919e+34	5.211414847504143e+31	2.9105715605998972e+31	1.5164562112935912e+31	9.719060202320562e+30	5.226288509172832e+30	1.3114186235655155e+30	6.445555241181705e+29	2.4289544400405614e+29	1.7871541899245866e+31	8.49374824900483e+30	5.226288509172832e+30	3.441164498624777e+30
2115.1378196128694	4.684313074671346e+36	6.865365766177293e+33	3.839494579456283e+33	2.0028503038065396e+33	1.2845009536941684e+33	6.912569648132944e+32	1.7366691828359163e+32	8.539328681872023e+31	3.2194088007780174e+31	2.3597201478843887e+33	1.1227653413713646e+33	6.912569648132944e+32	4.553438956005163e+32
2362.5442585456485	2.6808099925091655e+38	4.634156412382957e+35	2.5949774444797173e+35	1.3551868803346887e+35	8.696787721927457e+34	4.683594575102503e+34	1.1780226755493645e+34	5.794770042658084e+33	2.1855957612749156e+33	1.5962406452002087e+35	7.603053062744267e+34	4.683594575102503e+34	3.086424287700379e+34
2661.254045791037	7.247050421326273e+39	1.62245219608412e+37	9.10488596714074e+36	4.764032690249068e+36	3.060548429488168e+36	1.6502694906249927e+36	4.1588353278662864e+35	2.0471630864747753e+35	7.726683684399933e+34	5.608958669283759e+36	2.676424655649959e+36	1.6502694906249927e+36	1.0882541834942438e+36
3028.102782124225	1.0772795232271556e+41	3.140107954622607e+38	1.766482418724893e+38	9.263003110176115e+37	5.958002269517981e+37	3.217062775537201e+37	8.125032104579106e+36	4.0025914307461185e+36	1.5119145954441765e+36	1.0900414679566238e+38	5.211937376774253e+37	3.217062775537201e+37	2.123107545380349e+37
3487.99647421325	7.497592447122068e+41	2.7985504036428693e+39	1.5783359227020508e+39	8.295030293543369e+38	5.342068425197554e+38	2.8886315028807396e+38	7.3120253667569385e+37	3.604956878185979e+37	1.3628318311526633e+37	9.75630209186835e+38	4.67472042792502e+38	2.8886315028807396e+38	1.9078878926434043e+38
4079.351620944856	1.147655797622182e+42	5.784704740352127e+39	3.273733473371943e+39	1.7257795616539664e+39	1.1132988007387022e+39	6.031684832794003e+38	1.5314707854635011e+38	7.558550553341672e+37	2.860627688608834e+37	2.028378909906061e+39	9.746705634671225e+38	6.031684832794003e+38	3.98813885266318e+38
4862.227413859101	1.0922907396756688e+42	7.805879701425853e+39	4.437954906866185e+39	2.3490392124674427e+39	1.5187827731546035e+39	8.24984517262612e+38	2.1031746713523177e+38	1.0395016684183851e+38	3.939898847021186e+37	2.758350632940983e+39	1.3304785719222053e+39	8.24984517262612e+38	5.462650233312144e+38
5795.376723270513	1.4277766468041685e+42	1.4738321330553575e+40	8.426740201950192e+39	4.482561972064592e+39	2.906210104745008e+39	1.5836041681459122e+39	4.05711185755916e+38	2.0087223611312422e+38	7.626983389086353e+37	5.2576430590244176e+39	2.5477914605804443e+39	1.5836041681459122e+39	1.0504284972579307e+39
6907.647875417938	1.5736174185203132e+42	2.425749737345773e+40	1.397122775224768e+40	7.479856368808732e+39	4.86671905099655e+39	2.6626861064677352e+39	6.865009548148937e+38	3.406510141299975e+38	1.2963806844703707e+38	8.760309153528215e+39	4.27062682294089e+39	2.6626861064677352e+39	1.7701916018157272e+39
8233.42923507265	1.758524411440121e+42	3.96384596472915e+40	2.3020636611412477e+40	1.2414830570973531e+40	8.110131878641068e+39	4.457615599334067e+39	1.1574964399442723e+39	5.758007473676454e+38	2.1968728936440422e+38	1.4515898082621388e+40	7.124525716280074e+39	4.457615599334067e+39	2.971033956244763e+39
9813.711583108052	1.9213412211187993e+42	6.320208479896969e+40	3.7072933608737466e+40	2.016776590782043e+40	1.3237965275551537e+40	7.31578828786292e+39	1.915774009943803e+39	9.558217971373883e+38	3.657784969514502e+38	2.3534174004685906e+40	1.1644244455837334e+40	7.31578828786292e+39	4.890755820404412e+39
11697.355458393862	2.021937246856361e+42	9.75422096879634e+40	5.792695212724372e+40	3.1852925548448467e+40	2.103155674985934e+40	1.1700895350241781e+40	3.095946678434828e+39	1.550205805003289e+39	5.954231332050476e+38	3.707889498974827e+40	1.8529049730488012e+40	1.1700895350241781e+40	7.851288290002948e+39
13942.602154912049	2.124128981587669e+42	1.4750221132883204e+41	8.886910378353651e+40	4.948254998943178e+40	3.2895979164894974e+40	1.844400717267493e+40	4.9386217260629164e+39	2.4831139273276853e+39	9.577689410909028e+38	5.74372129755567e+40	2.9035265010102204e+40	1.844400717267493e+40	1.2428886462807774e+40
16618.874424155034	2.18349635962663e+42	2.1594645189068785e+41	1.3241595880511359e+41	7.485971510389773e+40	5.018092951985161e+40	2.8400160410402894e+40	7.714469217896271e+39	3.898080188826602e+39	1.511134480040444e+39	8.659407545957283e+40	4.439068398862158e+40	2.8400160410402894e+40	1.9236944228103465e+40
19808.923096272643	2.255192491144137e+42	3.0843077744632283e+41	1.93038206994308e+41	1.110760525571629e+41	7.517611616961966e+40	4.300946597231354e+40	1.18774885147566e+40	6.035850321465206e+39	2.3533878364806396e+39	1.2797334956100548e+41	6.667378163669581e+40	4.300946597231354e+40	2.930621330592383e+40
23611.38579567777	2.291259405233794e+42	4.236554047032485e+41	2.717888321714461e+41	1.597582417746561e+41	1.0938228519713863e+41	6.339991060082307e+40	1.7858870694425179e+40	9.137306787912601e+39	3.587210203082947e+39	1.8317349343413014e+41	9.731354433684597e+40	6.339991060082307e+40	4.350942398230675e+40
28143.83706305132	3.5051573485649485e+42	6.595363380994394e+41	4.276267660548063e+41	2.5380776720339963e+41	1.7472657968520406e+41	1.019147127187121e+41	2.899267559905417e+40	1.488514669436522e+40	5.86439963472313e+39	2.9035620029808578e+41	1.5567986193453342e+41	1.019147127187121e+41	7.018733667110769e+40
33546.42395469855	6.09866567479262e+42	1.1375774395657347e+42	7.37484353710023e+41	4.377505931115046e+41	3.013925213634501e+41	1.758317191754958e+41	5.004246205888664e+40	2.56971119405694e+40	1.0126147955265753e+40	5.0077007472243135e+41	2.6854922585933675e+41	1.758317191754958e+41	1.211098752288433e+41
39986.19970392855	7.491768143731266e+42	1.6283879562246684e+42	1.0737734936407015e+42	6.468913793103002e+41	4.490158025979087e+41	2.643697385686791e+41	7.630181566675533e+40	3.937015480730701e+40	1.5589622534032076e+40	7.375220236377403e+41	4.0096217805104705e+41	2.643697385686791e+41	1.830132797146628e+41
47662.2893384772	6.734913279001669e+42	1.9266984789441582e+42	1.3164397881394117e+42	8.181741786881153e+41	5.776920936251697e+41	3.467807097266503e+41	1.0309404645614994e+41	5.373759504016236e+40	2.1498252382278258e+40	9.261973774656358e+41	5.182528256226949e+41	3.467807097266503e+41	2.426328564348274e+41
56812.04687000601	4.820863567075898e+42	1.8600700130305857e+42	1.3476201426089647e+42	8.821656875483209e+41	6.409859074145747e+41	3.9752920660880645e+41	1.2424047001967664e+41	6.588078075442724e+40	2.681612493148011e+40	9.868427997482783e+41	5.795131135082226e+41	3.9752920660880645e+41	2.831847000462175e+41
67718.39469175093	2.9740378764656484e+42	1.3773935791427103e+42	1.0948402539869689e+42	7.788569464565638e+41	5.92769026541445e+41	3.876582071828923e+41	1.3149107985031713e+41	7.1715921143167895e+40	3.003044042916461e+40	8.547666293880375e+41	5.427125067402848e+41	3.876582071828923e+41	2.843847840440579e+41
80718.57214994852	1.8238307158604843e+42	6.849240620671708e+41	6.2763918191840435e+41	5.0941886382155685e+41	4.180375930329274e+41	2.9848838566957547e+41	1.1626717265085156e+41	6.653273661627725e+40	2.9240416302422403e+40	5.421680321011595e+41	3.9074065260566695e+41	2.9848838566957547e+41	2.3003720652490444e+41
96214.5637604105	6.940101433471529e+41	1.9670285741740245e+41	2.3217350205937153e+41	2.3737370353538862e+41	2.213111702548366e+41	1.8253153911062803e+41	8.839531839208517e+40	5.444180782538865e+40	2.574427473939964e+40	2.3959307296516146e+41	2.1410653701719766e+41	1.8253153911062803e+41	1.522051298062836e+41
114685.52937171713	4.284150911991927e+41	7.229694527061405e+40	9.804652858353376e+40	1.19140079843694e+41	1.2396917916658071e+41	1.16951768190768e+41	7.04998488320372e+40	4.687467270987834e+40	2.393219840361776e+40	1.152176189473669e+41	1.237281182812262e+41	1.16951768190768e+41	1.0536822182058073e+41
136702.6198411803	3.0157410755125626e+41	3.508223153323487e+40	5.072170882980421e+40	7.01037525986752e+40	7.973524105914288e+40	8.417008756107342e+40	6.140583150792633e+40	4.375207668671484e+40	2.3966391470502544e+40	6.555136131694989e+40	8.16560948790013e+40	8.417008756107342e+40	8.103114328042204e+40
162946.6384810753	2.1490364954335785e+41	1.8118311518937255e+40	2.484750101628964e+40	3.81687901405901e+40	4.780478335739267e+40	5.729274931087652e+40	5.18470654753667e+40	3.993548903286268e+40	2.36885430601194e+40	3.450895040925038e+40	5.039020551728877e+40	5.729274931087652e+40	5.945682959604334e+40
194229.09268437565	1.528296230826589e+41	1.1407386017752333e+40	1.2232291056366119e+40	1.8456384552329124e+40	2.5178893898453044e+40	3.4835392716298254e+40	4.091914256053753e+40	3.4629900008768647e+40	2.2605454834035227e+40	1.638833599593321e+40	2.7371522555785254e+40	3.4835392716298254e+40	3.9568913644289946e+40
231517.28714593645	1.0815107540028771e+41	8.939203407932883e+39	7.353626168618703e+39	8.558298895554771e+39	1.1658853049406327e+40	1.8286741593052055e+40	2.9350518046120655e+40	2.793116548901076e+40	2.0528816902464365e+40	7.887053923546428e+39	1.2927900113384997e+40	1.8286741593052055e+40	2.302595949693052e+40
275964.23460461496	7.61293187661253e+40	7.615344446249226e+39	5.676390596203767e+39	4.7296447742407417e+39	5.342760961565446e+39	8.32367386587621e+39	1.8567814472937645e+40	2.0464525466807105e+40	1.7475927429869092e+40	4.792715900033724e+39	5.779948515397627e+39	8.32367386587621e+39	1.1453013743202792e+40
328944.3089973636	5.330442970084609e+40	6.474278964370263e+39	4.8496871406024266e+39	3.480847520524368e+39	3.074026959468274e+39	3.685112606595094e+39	1.0097239427605562e+40	1.3228332929762901e+40	1.3637900135773516e+40	3.757595292818002e+39	3.075019880878213e+39	3.685112606595094e+39	5.036200116044009e+39
392095.7434812336	3.711384319113191e+40	5.365486581338637e+39	4.1540032245262964e+39	2.95044167220606e+39	2.3355765604875592e+39	1.989806299564075e+39	4.7548314389798254e+39	7.404346485522836e+39	9.494014397805358e+39	3.2273525725181095e+39	2.2000701920658808e+39	1.989806299564075e+39	2.265079776961029e+39
467371.2874340544	2.5683250518548565e+40	4.309050631575147e+39	3.470061961781788e+39	2.546541437040014e+39	1.997178352556874e+39	1.4409310062656286e+39	2.0652489942158076e+39	3.6629353409809657e+39	5.90014714559807e+39	2.769813172885919e+39	1.851548524680647e+39	1.4409310062656286e+39	1.289408239892032e+39
557098.5888341075	1.7659307954080007e+40	3.344544105772985e+39	2.807886421739382e+39	2.150830270922439e+39	1.723726478318441e+39	1.2172305343550825e+39	9.240787130874985e+38	1.6007367865727126e+39	3.226334404231171e+39	2.3158405605926488e+39	1.603063475947671e+39	1.2172305343550825e+39	9.69184737045512e+38
664052.1691445683	1.2062195457961495e+40	2.5050350642499474e+39	2.194940443219954e+39	1.7609506572050386e+39	1.45274977356725e+39	1.0550760115658512e+39	5.3130332411755544e+38	6.71001322608362e+38	1.530324283876606e+39	1.8746414743449767e+39	1.3618255237192755e+39	1.0550760115658512e+39	8.288548725021892e+38
791539.216288644	8.186023119408954e+39	1.809586691814919e+39	1.6551266452119458e+39	1.393256353116503e+39	1.1861973886558617e+39	8.964776407604026e+38	4.082470675049865e+38	3.3552908702553305e+38	6.368018577721772e+38	1.46554963321429e+39	1.1222012912189179e+39	8.964776407604026e+38	7.180019922782028e+38
943501.8485802492	5.521539030709472e+39	1.261023206493407e+39	1.2032859841296621e+39	1.0634806678917486e+39	9.357614043802109e+38	7.38810966117206e+38	3.523838180793177e+38	2.3420397068411615e+38	2.5761779440283375e+38	1.104982855048158e+39	8.939744808836329e+38	7.38810966117206e+38	6.077622151469659e+38
1124639.0117848848	3.703183636305685e+39	8.481309871354415e+38	8.435763413029548e+38	7.825033040442098e+38	7.120559741979657e+38	5.886434447405884e+38	3.0574201498082556e+38	1.9812074263529904e+38	1.3069986424257967e+38	8.030679797844403e+38	6.871896045696573e+38	5.886434447405884e+38	4.986677943737325e+38
1340551.7785749189	2.4707028502592505e+39	5.506721792663282e+38	5.706440423001439e+38	5.549971400516849e+38	5.222245359640479e+38	4.525507693243802e+38	2.5882329751802858e+38	1.7317964309498535e+38	9.484832384344499e+37	5.627100047893248e+38	5.091798480993116e+38	4.525507693243802e+38	3.954625066087149e+38
1597916.5432850004	1.6405845946040105e+39	3.449095233682232e+38	3.726601686475197e+38	3.796583084680601e+38	3.6914632429207325e+38	3.3534596880265287e+38	2.123984744273382e+38	1.485823710132695e+38	8.163466059298327e+37	3.804048438450194e+38	3.635914676978731e+38	3.3534596880265287e+38	3.025587578494108e+38
1904691.4674431363	1.0846870613466271e+39	2.079248590490898e+38	2.348916997387354e+38	2.5067785693114896e+38	2.5165739502443678e+38	2.394480456987821e+38	1.684944116409868e+38	1.2381969872911277e+38	7.162766079642703e+37	2.4826292247632425e+38	2.5033145810914278e+38	2.394480456987821e+38	2.230806752305081e+38
2270362.5597230904	7.14366111068214e+38	1.2010100806957313e+38	1.4266578111867873e+38	1.5980602559516863e+38	1.6559265633885028e+38	1.6482717324054e+38	1.2895713921689864e+38	9.988012801489735e+37	6.152898706007564e+37	1.5640863636735868e+38	1.6631675885169195e+38	1.6482717324054e+38	1.5847999488650418e+38
2706236.999527024	4.6883194382061775e+38	6.598883915279575e+37	8.318949423154905e+37	9.828152067424866e+37	1.052086590793727e+38	1.0947766885781134e+38	9.51068521021992e+37	7.78041716378442e+37	5.134091349953242e+37	9.499033043207405e+37	1.066917737634287e+38	1.0947766885781134e+38	1.0853913491210492e+38
3225792.7742600837	3.067255170588498e+38	3.412984250070883e+37	4.627643672991656e+37	5.815952301038047e+37	6.449206063228295e+37	7.021060579860464e+37	6.757050055112006e+37	5.84295899241781e+37	4.1480374482682963e+37	5.542120516483962e+37	6.606208814331247e+37	7.021060579860464e+37	7.17299710591343e+37
3845095.4416730716	2.0010764881236035e+38	1.638788474032483e+37	2.4326472319475707e+37	3.294985152025723e+37	3.8043477239384884e+37	4.346893271017166e+37	4.627128104018128e+37	4.2268890158708713e+37	3.2370012892855454e+37	3.087548012160488e+37	3.940458610435899e+37	4.346893271017166e+37	4.57743423599096e+37
4583294.904269689	1.3022467476692047e+38	7.180558791025716e+36	1.19298999468337e+37	1.7729182267803905e+37	2.148717911206991e+37	2.5934786042770815e+37	3.0571043344760975e+37	2.945923339164945e+37	2.4354706681187283e+37	1.6274060899105436e+37	2.2546019861413976e+37	2.5934786042770815e+37	2.8199838518907496e+37
