#t	Le	U	B	V	R	I	J	H	K	g	r	i	z
#----------------------------------------------- 
35.01488599903051	0.0	0.0	0.0	0.0	0.0	0.0	0.0	0.0	0.0	0.0	0.0	0.0	0.0
36.15983882178422	0.0	0.0	0.0	0.0	0.0	0.0	0.0	0.0	0.0	0.0	0.0	0.0	0.0
84.25952944595717	0.0	0.0	0.0	0.0	0.0	0.0	0.0	0.0	0.0	0.0	0.0	0.0	0.0
88.37684056397498	0.0	0.0	0.0	0.0	0.0	0.0	0.0	0.0	0.0	0.0	0.0	0.0	0.0
94.95587591479035	0.0	0.0	0.0	0.0	0.0	0.0	0.0	0.0	0.0	0.0	0.0	0.0	0.0
104.4081847641778	0.0	0.0	0.0	0.0	0.0	0.0	0.0	0.0	0.0	0.0	0.0	0.0	0.0
117.1717301313252	0.0	0.0	0.0	0.0	0.0	0.0	0.0	0.0	0.0	0.0	0.0	0.0	0.0
133.6444892217222	0.0	0.0	0.0	0.0	0.0	0.0	0.0	0.0	0.0	0.0	0.0	0.0	0.0
154.14611839284066	0.0	0.0	0.0	0.0	0.0	0.0	0.0	0.0	0.0	0.0	0.0	0.0	0.0
178.92200139421416	0.0	0.0	0.0	0.0	0.0	0.0	0.0	0.0	0.0	0.0	0.0	0.0	0.0
208.16711334867895	0.0	0.0	0.0	0.0	0.0	0.0	0.0	0.0	0.0	0.0	0.0	0.0	0.0
242.0419151869947	0.0	0.0	0.0	0.0	0.0	0.0	0.0	0.0	0.0	0.0	0.0	0.0	0.0
280.67464688905886	0.0	0.0	0.0	0.0	0.0	0.0	0.0	0.0	0.0	0.0	0.0	0.0	0.0
324.1586529477863	0.0	0.0	0.0	0.0	0.0	0.0	0.0	0.0	0.0	0.0	0.0	0.0	0.0
372.5523392396818	0.0	0.0	0.0	0.0	0.0	0.0	0.0	0.0	0.0	0.0	0.0	0.0	0.0
425.883816174143	0.0	0.0	0.0	0.0	0.0	0.0	0.0	0.0	0.0	0.0	0.0	0.0	0.0
484.1588226679301	0.0	0.0	0.0	0.0	0.0	0.0	0.0	0.0	0.0	0.0	0.0	0.0	0.0
547.3695956183119	0.0	0.0	0.0	0.0	0.0	0.0	0.0	0.0	0.0	0.0	0.0	0.0	0.0
615.5028694384698	0.0	0.0	0.0	0.0	0.0	0.0	0.0	0.0	0.0	0.0	0.0	0.0	0.0
688.5464274392998	0.0	0.0	0.0	0.0	0.0	0.0	0.0	0.0	0.0	0.0	0.0	0.0	0.0
766.4937389460517	0.0	0.0	0.0	0.0	0.0	0.0	0.0	0.0	0.0	0.0	0.0	0.0	0.0
849.3469501163223	0.0	0.0	0.0	0.0	0.0	0.0	0.0	0.0	0.0	0.0	0.0	0.0	0.0
937.1185349443147	0.0	0.0	0.0	0.0	0.0	0.0	0.0	0.0	0.0	0.0	0.0	0.0	0.0
1029.8319582486197	0.0	0.0	0.0	0.0	0.0	0.0	0.0	0.0	0.0	0.0	0.0	0.0	0.0
1127.521874023904	0.0	0.0	0.0	0.0	0.0	0.0	0.0	0.0	0.0	0.0	0.0	0.0	0.0
1230.2339161183208	0.0	0.0	0.0	0.0	0.0	0.0	0.0	0.0	0.0	0.0	0.0	0.0	0.0
1338.0244321836115	0.0	0.0	0.0	0.0	0.0	0.0	0.0	0.0	0.0	0.0	0.0	0.0	0.0
1450.959952075831	0.0	0.0	0.0	0.0	0.0	0.0	0.0	0.0	0.0	0.0	0.0	0.0	0.0
1569.1168873615457	0.0	0.0	0.0	0.0	0.0	0.0	0.0	0.0	0.0	0.0	0.0	0.0	0.0
1692.5809685324457	0.0	0.0	0.0	0.0	0.0	0.0	0.0	0.0	0.0	0.0	0.0	0.0	0.0
1821.4468856805113	0.0	0.0	0.0	0.0	0.0	0.0	0.0	0.0	0.0	0.0	0.0	0.0	0.0
1955.817984836875	0.0	0.0	0.0	0.0	0.0	0.0	0.0	0.0	0.0	0.0	0.0	0.0	0.0
2095.8061022244647	0.0	0.0	0.0	0.0	0.0	0.0	0.0	0.0	0.0	0.0	0.0	0.0	0.0
2241.531436207779	0.0	0.0	0.0	0.0	0.0	0.0	0.0	0.0	0.0	0.0	0.0	0.0	0.0
2393.1225459286825	0.0	0.0	0.0	0.0	0.0	0.0	0.0	0.0	0.0	0.0	0.0	0.0	0.0
2550.7163694716155	0.0	0.0	0.0	0.0	0.0	0.0	0.0	0.0	0.0	0.0	0.0	0.0	0.0
2714.458354550574	0.0	0.0	0.0	0.0	0.0	0.0	0.0	0.0	0.0	0.0	0.0	0.0	0.0
2884.502551086576	0.0	0.0	0.0	0.0	0.0	0.0	0.0	0.0	0.0	0.0	0.0	0.0	0.0
3061.011823819545	1.7054381341342401e+31	3.512406083187443e+28	1.969734232047977e+28	1.0300107983473907e+28	6.61482184232805e+27	3.5653587503679403e+27	8.979491130205637e+26	4.419137300386531e+26	1.66755597155411e+26	1.2128591818425034e+28	5.784070398151311e+27	3.5653587503679403e+27	2.3506253289384864e+27
3244.1581032188687	6.765954241032397e+32	1.5768893345885304e+30	8.85264933664103e+29	4.633656999755012e+29	2.9773653447195805e+29	1.6057728089562358e+29	4.048112305514687e+28	1.992906371262771e+28	7.522856861637491e+27	5.455026427856496e+29	2.6038184162957575e+29	1.6057728089562358e+29	1.0590425604161172e+29
3434.1226405242696	1.5602330268641287e+34	4.167440007721434e+31	2.342532793910553e+31	1.2274934991867016e+31	7.892165451163339e+30	4.259487580056728e+30	1.0750090364165784e+30	5.294420461010925e+29	1.9993616496276506e+29	1.4447121445042233e+31	6.903159639871361e+30	4.259487580056728e+30	2.810343485800354e+30
3631.0963713461324	2.396445833366855e+35	7.291543308955003e+32	4.1037787494838636e+32	2.1527990688960624e+32	1.3850033622583128e+32	7.480367741355218e+31	1.8900203783537213e+31	9.312055699958349e+30	3.5180037166917583e+30	2.53311013245146e+32	1.211647128229033e+32	7.480367741355218e+31	4.937403782073974e+31
3835.280253545245	2.564225280416322e+36	8.927361148434246e+33	5.031358782218971e+33	2.642618516547196e+33	1.7012817956094275e+33	9.195744726873677e+32	2.3262815977836477e+32	1.146645729718737e+32	4.333844316079462e+31	3.1085905802803105e+33	1.4886127017553861e+33	9.195744726873677e+32	6.07227727035507e+32
4046.8856169317514	2.0350008142330287e+37	8.067624710694488e+34	4.55318764046506e+34	2.3944338041002825e+34	1.5425655320686718e+34	8.344453569027688e+33	2.1135513815654997e+33	1.0422461463457178e+33	3.941035142760803e+32	2.8158431049466554e+34	1.3499896677485726e+34	8.344453569027688e+33	5.51257305147112e+33
4266.134626564854	1.2365074562771636e+38	5.5943849634804566e+35	3.162087668331909e+35	1.6650906154755646e+35	1.0734923004987145e+35	5.81194001970041e+34	1.4740538002865379e+34	7.272346603816301e+33	2.751212212063666e+33	1.957542682962792e+35	9.396646218089322e+34	5.81194001970041e+34	3.841340661371812e+34
4493.260747800592	6.538206019512966e+38	3.168940867015786e+36	1.7926251523665833e+36	9.446400332813347e+35	6.0925781351698365e+35	3.3000670680615877e+35	8.375829359027436e+34	4.1333237268480375e+34	1.5640923961707909e+34	1.1103706467286627e+36	5.333622697713468e+35	3.3000670680615877e+35	2.1817034105917745e+35
4728.509363885335	2.639531216940024e+39	1.4408738711797787e+37	8.16275012954301e+36	4.306999524146676e+36	2.779848611687073e+36	1.506955637671949e+36	3.829712840194593e+35	1.8907561938626383e+35	7.158165562987551e+34	5.0611329008758046e+36	2.43403627066294e+36	1.506955637671949e+36	9.967192039190113e+35
4972.138396258336	9.066264784989657e+39	5.524063682100363e+37	3.1338972690167034e+37	1.6556434336450191e+37	1.0693372638647016e+37	5.801497024577642e+36	1.4762094416019675e+36	7.291357446655607e+35	2.7616647079767285e+35	1.9449798928279884e+37	9.364887883053261e+36	5.801497024577642e+36	3.838886772284657e+36
5224.418909191547	2.6456072771781923e+40	1.809782487947604e+38	1.028328949650947e+38	5.440189492561138e+37	3.5163692019645924e+37	1.9094191779963986e+37	4.865264196537091e+36	2.404236758222949e+36	9.110787562083754e+35	6.388882194022874e+37	3.0801561184576373e+37	1.9094191779963986e+37	1.2640930012811487e+37
5485.635826391157	6.731485270226114e+40	5.1575087666342374e+38	2.9352432444146455e+38	1.5550421382689114e+38	1.0059211461727308e+38	5.467163889878736e+37	1.3950173102288903e+37	6.897091673259336e+36	2.614966269953645e+36	1.8256263329686025e+38	8.813226744390343e+37	5.467163889878736e+37	3.621244016794158e+37
5756.088718740128	1.4904753702089005e+41	1.2849106714288988e+39	7.325553404516523e+38	3.886971738259018e+38	2.5165509962082986e+38	1.369086384939572e+38	3.4987748360966974e+37	1.730761879443497e+37	6.565663037862842e+36	4.561703215333738e+38	2.2053521442051523e+38	1.369086384939572e+38	9.073278499002466e+37
6036.092584830758	2.863059371143233e+41	2.798261135897782e+39	1.598497211683661e+39	8.49643724524102e+38	5.5061552245965994e+38	2.9988273980986703e+38	7.676855366374e+37	3.799857215488816e+37	1.4423744862652395e+37	9.967354000462066e+38	4.826518390062911e+38	2.9988273980986703e+38	1.9886153837516538e+38
6325.978746389156	5.104738495663683e+41	5.422487189620715e+39	3.101819576267668e+39	1.6506864772864713e+39	1.0704477696302585e+39	5.834447018515768e+38	1.4953703432895636e+38	7.40481892777037e+37	2.8119763895810474e+37	1.935922231673232e+39	9.384897502391129e+38	5.834447018515768e+38	3.87064420829427e+38
6626.09844298728	7.443505999833642e+41	8.949150768651931e+39	5.1300882310771486e+39	2.735183022125975e+39	1.7755664051599597e+39	9.689149835112275e+38	2.487927061612832e+38	1.2327793157221471e+38	4.684592280616396e+37	3.20644341344976e+39	1.557123312533913e+39	9.689149835112275e+38	6.43213741433734e+38
6936.8614040575	9.293921903259542e+41	1.274346530140488e+40	7.322674317862422e+39	3.912409535687702e+39	2.542723395887847e+39	1.3893913505045596e+39	3.574997381102021e+38	1.7727153624970113e+38	6.741382896736321e+37	4.584296219097182e+39	2.2306016788204966e+39	1.3893913505045596e+39	9.230276962930726e+38
7258.718217486877	1.0011770485509963e+42	1.583988382220161e+40	9.127206003293257e+39	4.8884244795237216e+39	3.181315516590693e+39	1.740999062582082e+39	4.490425783453741e+38	2.228510847591934e+38	8.4819883316085275e+37	5.724739645619672e+39	2.791822278658529e+39	1.740999062582082e+39	1.1576006378118281e+39
7592.123492235063	9.762522820587106e+41	1.7865098227241144e+40	1.0325212922656526e+40	5.544681001903078e+39	3.6136536951123245e+39	1.9808894467671394e+39	5.1223877510845324e+38	2.544445762318232e+38	9.69346699378741e+37	6.489352941263294e+39	3.1724801946631e+39	1.9808894467671394e+39	1.318320955424963e+39
7937.547465597646	8.675505175181757e+41	1.890929484324723e+40	1.097146848286161e+40	5.911900129619065e+39	3.860244917079778e+39	2.120614534650273e+39	5.502043916305941e+38	2.736228004667621e+38	1.0436566444040612e+38	6.913735830452227e+39	3.3906958652467097e+39	2.120614534650273e+39	1.412993680083941e+39
8295.49334330536	9.367001679077754e+41	2.1225961618039178e+40	1.2326815578536287e+40	6.647493531165809e+39	4.34245568898689e+39	2.386704143631841e+39	6.197217411069268e+38	3.082778997149592e+38	1.1761640073215216e+38	7.772574892939257e+39	3.814703193746889e+39	2.386704143631841e+39	1.5907318678655506e+39
8666.491850965323	8.8736638433539e+41	2.3044387028314774e+40	1.342755174557456e+40	7.262223677822715e+39	4.75163763881108e+39	2.6163753314256945e+39	6.812857333150862e+38	3.3923852822623038e+38	1.2955991247101291e+38	8.485700366435086e+39	4.175968287630893e+39	2.6163753314256945e+39	1.7455734817455396e+39
9051.098447977009	8.888960985033088e+41	2.58872277347267e+40	1.5129318694098188e+40	8.204067158124426e+39	5.375610897877261e+39	2.964806559695462e+39	7.7397834226638e+38	3.857357211854897e+38	1.47451452068987e+38	9.580492527177053e+39	4.726186486988711e+39	2.964806559695462e+39	1.9798333066468008e+39
9449.901211869514	8.778806105917897e+41	2.9370713974740963e+40	1.7231395342550944e+40	9.375371951778165e+39	6.154428715578093e+39	3.4014761850996836e+39	8.908616667651284e+38	4.4449124350302944e+38	1.7010806157115547e+38	1.0939930856635305e+40	5.413615075089004e+39	3.4014761850996836e+39	2.2740703069727125e+39
9863.526538742837	9.02968839562208e+41	3.403697392981887e+40	2.0040403243386486e+40	1.0937663225020542e+40	7.192243655757834e+39	3.9827801751463535e+39	1.046240477677255e+39	5.225624727106907e+38	2.00199593099311e+38	1.2753895495740104e+40	6.329425599990372e+39	3.9827801751463535e+39	2.665560597229616e+39
10292.650103403217	9.825433087292321e+41	4.019694018121509e+40	2.372675215699311e+40	1.2977891716942126e+40	8.54403875619432e+39	4.737781175537336e+39	1.2471848322610373e+39	6.233821810957074e+38	2.3900260662003736e+38	1.5125388496935406e+40	7.521482318664747e+39	4.737781175537336e+39	3.1732413432531996e+39
10737.98071656277	9.712819883729898e+41	4.541082217211712e+40	2.6922920315056e+40	1.4782734539074367e+40	9.752736879099831e+39	5.420940419330927e+39	1.4322843663644375e+39	7.16817729724863e+38	2.7518448263571093e+38	1.7213831280961023e+40	8.590398804366797e+39	5.420940419330927e+39	3.63559136108242e+39
11200.234191905798	9.457114317453525e+41	5.03686824443967e+40	3.000306115855598e+40	1.6541387906910793e+40	1.0937403613608498e+40	6.094859895557759e+39	1.6166487629746628e+39	8.10186054948264e+38	3.1145902100032853e+38	1.9243800411850758e+40	9.639692761154836e+39	6.094859895557759e+39	4.0932853161860187e+39
11680.179933347437	9.830699159484108e+41	5.68124206143359e+40	3.3945825743829686e+40	1.8765195759041552e+40	1.2425946613749672e+40	6.935819063013493e+39	1.8444025609017754e+39	9.251421714368556e+38	3.559716299856235e+38	2.181764977502286e+40	1.0955938595989816e+40	6.935819063013493e+39	4.6623233376545704e+39
12178.635786529652	9.920616463353514e+41	6.326183909655113e+40	3.794495754765971e+40	2.1045826684213502e+40	1.3961470765624309e+40	7.808951303100317e+39	2.0831627797658594e+39	1.0460477175198482e+39	4.029418525452871e+38	2.4450750948369813e+40	1.2315840769222462e+40	7.808951303100317e+39	5.2552028409915045e+39
12696.46024560006	9.703281734940095e+41	6.956389562225358e+40	4.1932998192968105e+40	2.3358080487345904e+40	1.553181436370705e+40	8.710401438914199e+39	2.3331418012824236e+39	1.173229695362693e+39	4.525829223168086e+38	2.711055050583608e+40	1.3709769033053824e+40	8.710401438914199e+39	5.870440435240877e+39
13234.570053514231	1.0203625347095787e+42	7.865206222118688e+40	4.756712508835308e+40	2.6571766981005437e+40	1.7696091082688906e+40	9.941533744258267e+39	2.670067183760161e+39	1.3439011815912916e+39	5.189104721340853e+38	3.082063057526801e+40	1.5626669629300493e+40	9.941533744258267e+39	6.706628276173708e+39
13793.951230005296	1.0303797512202914e+42	8.751952274380275e+40	5.316704287921459e+40	2.9814711386233704e+40	1.9897515912136914e+40	1.1204807327858503e+40	3.020292764918467e+39	1.522082806657433e+39	5.8845878407828045e+38	3.455185787402824e+40	1.7580589711967499e+40	1.1204807327858503e+40	7.568697591960399e+39
14375.648421563843	1.0018516482009414e+42	9.551834132122346e+40	5.836585883759828e+40	3.2895305509501e+40	2.201365301187274e+40	1.2434875622539593e+40	3.3677649110888104e+39	1.6999661344943436e+39	6.5832168886253165e+38	3.8078348694459685e+40	1.9464676205466396e+40	1.2434875622539593e+40	8.413886431396567e+39
14980.783593566717	1.0353608695979006e+42	1.0648679168265902e+41	6.53376584770611e+40	3.695622744010739e+40	2.477925960150352e+40	1.4027770857877122e+40	3.811909658323216e+39	1.926381130487407e+39	7.468762163753507e+38	4.27444880358516e+40	2.192149905291857e+40	1.4027770857877122e+40	9.503120109328269e+39
15610.590362293873	1.0334879901657541e+42	1.1701581894587923e+41	7.217874438325215e+40	4.101172878793249e+40	2.7566401258109615e+40	1.5649025304984873e+40	4.270520584279903e+39	2.1612903361858717e+39	8.391908438054968e+38	4.7386298608842e+40	2.440338794638846e+40	1.5649025304984873e+40	1.0617606640674228e+40
16266.402154790687	9.914515560838622e+41	1.258889991765895e+41	7.8203455586999465e+40	4.47064387053746e+40	3.014935474351851e+40	1.7179212346860886e+40	4.7147962041334435e+39	2.3907993914374924e+39	9.301433472685981e+38	5.158396606453212e+40	2.67137175359887e+40	1.7179212346860886e+40	1.1679650255485082e+40
16949.653155398308	1.0266037838075355e+42	1.3967432588289331e+41	8.716446755295287e+40	5.002542390197281e+40	3.380840837703944e+40	1.9310459771793978e+40	5.3191175161487e+39	2.7006287905436585e+39	1.0520188992998112e+39	5.766978323138463e+40	2.997298659533398e+40	1.9310459771793978e+40	1.31459072301199e+40
17661.875748679937	1.022628716739611e+42	1.5240157665540016e+41	9.568854726946806e+40	5.520525234444726e+40	3.74146643389915e+40	2.1438231942482983e+40	5.933751275074181e+39	3.017669810404543e+39	1.177485031272423e+39	6.356588258321235e+40	3.3195314650211473e+40	2.1438231942482983e+40	1.4619796947564602e+40
18404.71734377563	1.0482368145913095e+42	1.6764248069231812e+41	1.0582226064907467e+41	6.133303371201804e+40	4.167142225263639e+40	2.394435593545684e+40	6.655707307812024e+39	3.389776037258681e+39	1.3246351809745771e+39	7.054811730068966e+40	3.6996800384723763e+40	2.394435593545684e+40	1.6353932507357661e+40
19179.923760811653	1.0097857264902549e+42	1.794267430127236e+41	1.1417488161874369e+41	6.663065218454364e+40	4.54391698464555e+40	2.621826248575758e+40	7.333858643080456e+39	3.743212713729709e+39	1.4659319754902198e+39	7.652254151175049e+40	4.0382093794976366e+40	2.621826248575758e+40	1.7947778035758461e+40
19989.362019803484	9.89814945952932e+41	1.927466000339601e+41	1.2361205301773267e+41	7.26220713811855e+40	4.970430791661723e+40	2.879570777878513e+40	8.104380826930934e+39	4.145158621765054e+39	1.6267768489916842e+39	8.327729133649854e+40	4.421539227578456e+40	2.879570777878513e+40	1.975584998401359e+40
20835.044177782074	1.0102438778608074e+42	2.1063570522480896e+41	1.3593193108875709e+41	8.028867090073327e+40	5.511058439500182e+40	3.2031412902753444e+40	9.059310873090215e+39	4.641322564055469e+39	1.824566967194251e+39	9.195728133914426e+40	4.90626697341598e+40	3.2031412902753444e+40	2.2014662942713703e+40
21719.121959676286	1.0013645258606012e+42	2.2678796390260827e+41	1.4751341642098384e+41	8.771772410050616e+40	6.042871615306893e+40	3.5265305038812634e+40	1.0035179649513282e+40	5.1520050727213044e+39	2.029575393693435e+39	1.0031326796099729e+41	5.38494972269688e+40	3.5265305038812634e+40	2.429094407364123e+40
22643.925758371894	1.0154199298240612e+42	2.4627497911809364e+41	1.613306954173717e+41	9.651833686355873e+40	6.670940858894815e+40	3.907346250030113e+40	1.1180365974439977e+40	5.750716095514567e+39	2.2697123107235198e+39	1.102261481151934e+41	5.949852547103414e+40	3.907346250030113e+40	2.696777373061558e+40
23611.983608042072	1.0412042287211354e+42	2.6792080779794686e+41	1.7672602663134305e+41	1.0635752976291586e+41	7.374586505769699e+40	4.3350451661303257e+40	1.2471686933707733e+40	6.426782893596424e+39	2.5412683369278577e+39	1.2129974648662292e+41	6.583097566558481e+40	4.3350451661303257e+40	2.997840256071714e+40
24626.058251316626	9.970933480181357e+41	2.8170441017586674e+41	1.878574834209828e+41	1.1411331113047112e+41	7.952016173250089e+40	4.700643418664109e+40	1.3637249998257342e+40	7.047372486801217e+39	2.7946096226213774e+39	1.298720396046349e+41	7.108057059204433e+40	4.700643418664109e+40	3.26054059637699e+40
25689.17098749757	1.021102693842662e+42	3.0510914144315666e+41	2.0502524222157424e+41	1.2536192040131219e+41	8.766916536256886e+40	5.202983159546283e+40	1.5185238940115026e+40	7.863297595081711e+39	3.1245377338263686e+39	1.4246216217786414e+41	7.843927140348566e+40	5.202983159546283e+40	3.6168033860397265e+40
26804.59456418447	9.998566894103803e+41	3.2331708635990995e+41	2.1956548206418842e+41	1.354619805863202e+41	9.51889788434703e+40	5.679594110892422e+40	1.6709422269663483e+40	8.675940101091916e+39	3.4567785686537184e+39	1.5362887237133475e+41	8.527686903715892e+40	5.679594110892422e+40	3.959591642835567e+40
27975.885073106536	9.99938770012972e+41	3.4496981082073366e+41	2.3657852936190367e+41	1.471865689929657e+41	1.0389514582660928e+41	6.23032681216463e+40	1.8468341155968363e+40	9.613649770844081e+39	3.840173186462847e+39	1.66610075349276e+41	9.318879015718734e+40	6.23032681216463e+40	4.355423399150188e+40
29206.934065498474	1.0081906598298334e+42	3.6782522365580715e+41	2.547494722664822e+41	1.5984283825758758e+41	1.1334814918683351e+41	6.832243301542511e+40	2.0409790482068273e+40	1.0652111598416773e+40	4.266170287916919e+39	1.805888001708083e+41	1.0179292012307759e+41	6.832243301542511e+40	4.78959342043052e+40
30502.014555817914	1.020565320175096e+42	3.94085051108738e+41	2.756221886066871e+41	1.7438853577003114e+41	1.2421765315281943e+41	7.524822874489588e+40	2.26463963493267e+40	1.1848995675949505e+40	4.7573883437870006e+39	1.9665172865645733e+41	1.1168783571635861e+41	7.524822874489588e+40	5.289368154571994e+40
31865.784433242072	9.952198552966177e+41	4.122282820431093e+41	2.9210746279066664e+41	1.8688593972606024e+41	1.3391469465431194e+41	8.166103965407327e+40	2.481941847587044e+40	1.302888414522486e+40	5.248367799867225e+39	2.1021681271927827e+41	1.2059826253060558e+41	8.166103965407327e+40	5.760715460590851e+40
33303.356081748156	9.731573586219419e+41	4.284771265349382e+41	3.0782242810101266e+41	1.9928461549711434e+41	1.437143477504495e+41	8.826469431242048e+40	2.711458847836937e+40	1.428501052839958e+40	5.775084928497221e+39	2.2356346636064966e+41	1.2964508039213336e+41	8.826469431242048e+40	6.250745430534931e+40
34820.37868831284	9.713806370808164e+41	4.497513829519402e+41	3.2723841372825117e+41	2.141956206223353e+41	1.5538882603799082e+41	9.607185130816987e+40	2.9808470324354327e+40	1.5757018650444366e+40	6.391560760843413e+39	2.3969310638635292e+41	1.4040028218736102e+41	9.607185130816987e+40	6.828272951688741e+40
36423.05878097304	9.760875535925536e+41	4.7412352367355306e+41	3.493494684359372e+41	2.3116342635411874e+41	1.6868241289711562e+41	1.0497401520753046e+41	3.2889400645623057e+40	1.7442534297746983e+40	7.098346852483736e+39	2.5804618998135493e+41	1.526504618023147e+41	1.0497401520753046e+41	7.4874452010065995e+40
38118.258562265495	9.792781662066422e+41	4.976134027418515e+41	3.715891923100385e+41	2.4873426518274953e+41	1.826402191948084e+41	1.1445535015675782e+41	3.6235245954627063e+40	1.9284188214571159e+40	7.875171124074547e+39	2.769349534927929e+41	1.6555816375179988e+41	1.1445535015675782e+41	8.194648408441899e+40
39913.56909245544	9.718668861820651e+41	5.1799675921642835e+41	3.927217989103153e+41	2.66317883563562e+41	1.969206220322267e+41	1.2436497476991876e+41	3.9827534371373346e+40	2.1277305355524954e+40	8.722208425912598e+39	2.9564318371694697e+41	1.7883577616757196e+41	1.2436497476991876e+41	8.941503968411674e+40
41817.42018149687	9.827356370243486e+41	5.430677606607736e+41	4.1725291574148155e+41	2.8626761275640128e+41	2.1302370141178835e+41	1.3550524434353445e+41	4.387105896535629e+40	2.35246128535782e+40	9.67940666539096e+39	3.169477662303866e+41	1.937921135946774e+41	1.3550524434353445e+41	9.780885110110045e+40
43839.18813567533	9.731654657695102e+41	5.601174658241965e+41	4.377701801644006e+41	3.0482281939520163e+41	2.2865094385766394e+41	1.4674444874416052e+41	4.81379457828622e+40	2.592511833501497e+40	1.0713048281096726e+40	3.36361540605321e+41	2.0845324236040094e+41	1.4674444874416052e+41	1.0643055559950202e+41
45989.35961965463	9.543786830770248e+41	5.708443944825043e+41	4.5461367820467476e+41	3.217537429514184e+41	2.4349071826521355e+41	1.5781636535673458e+41	5.253486519774933e+40	2.84318343127634e+40	1.180602277394853e+40	3.537335431897189e+41	2.2250757332829264e+41	1.5781636535673458e+41	1.1507350486389845e+41
48279.66386970855	9.647512055395678e+41	5.938497361756503e+41	4.806163972567904e+41	3.4496389717910854e+41	2.63052313267109e+41	1.7195575196577156e+41	5.797488461785859e+40	3.1509614863176947e+40	1.3139319462020612e+40	3.78043400514632e+41	2.4087529936461156e+41	1.7195575196577156e+41	1.2596512310450266e+41
50723.28908965539	9.485790958747674e+41	5.999155570426749e+41	4.9527533344923e+41	3.618027691081909e+41	2.7857615860166107e+41	1.8410336714943722e+41	6.30993725569668e+40	3.4484669564895077e+40	1.4459021509988816e+40	3.9490377566801054e+41	2.5575676759167906e+41	1.8410336714943722e+41	1.3567009092790448e+41
53335.10111965177	9.501293219273363e+41	6.15220414027453e+41	5.17590254377206e+41	3.8439125043047686e+41	2.9863850059431287e+41	1.9935984891790856e+41	6.936421133479806e+40	3.809933748989871e+40	1.6054271568775245e+40	4.179876123527955e+41	2.748377395077114e+41	1.9935984891790856e+41	1.477189142061556e+41
56131.9215964766	9.42241132567375e+41	6.212493560866301e+41	5.331635169149454e+41	4.030223480162161e+41	3.1619551795462323e+41	2.134496111594116e+41	7.554792885361592e+40	4.1738997520667754e+40	1.7691271081362557e+40	4.364735091388842e+41	2.917689849335546e+41	2.134496111594116e+41	1.5913545476897646e+41
59132.86457941023	9.35946835085158e+41	6.281539950737839e+41	5.518142336552485e+41	4.256184599713674e+41	3.3757109074860955e+41	2.3064115975549713e+41	8.308393542654122e+40	4.616725570864313e+40	1.9678459323537478e+40	4.588450571572715e+41	3.123976845245221e+41	2.3064115975549713e+41	1.730681239424568e+41
62359.74151210183	9.312382154649344e+41	6.291343957171319e+41	5.644236818541223e+41	4.437115386448636e+41	3.557009547262e+41	2.4603366900603315e+41	9.033376072237533e+40	5.052588555639046e+40	2.1678593422237793e+40	4.762536078786628e+41	3.301354443927684e+41	2.4603366900603315e+41	1.858832485477793e+41
65837.54021524981	9.280278229032304e+41	6.295345791903349e+41	5.788062926199959e+41	4.6502856915715315e+41	3.772721561322149e+41	2.644860557667884e+41	9.907028429068747e+40	5.577915906471517e+40	2.4087808848183655e+40	4.96656942080864e+41	3.512846277487217e+41	2.644860557667884e+41	2.0128774601661775e+41
69595.03224262378	9.213422167770055e+41	6.237301697063391e+41	5.881171656507331e+41	4.832970098775279e+41	3.9703486482509314e+41	2.8233263435032248e+41	1.0806352482687593e+41	6.128569524474684e+40	2.6656640265565146e+40	5.134992005567201e+41	3.709419734572111e+41	2.8233263435032248e+41	2.165554804443647e+41
73665.5262141074	9.16344430763913e+41	6.153120580474765e+41	5.957842092033066e+41	5.01375300173343e+41	4.173536426162017e+41	3.0126218950106546e+41	1.1795569436348066e+41	6.740707170321067e+40	2.954074023854679e+40	5.298074339462064e+41	3.913198806112544e+41	3.0126218950106546e+41	2.329816301887621e+41
78087.78351619579	9.12833700461477e+41	6.0427449128056864e+41	6.008446322575927e+41	5.179542376921389e+41	4.370238252490539e+41	3.204023977969722e+41	1.2848813400371185e+41	7.402544282762845e+40	3.270453208562494e+40	5.4429219952269925e+41	4.112757904462774e+41	3.204023977969722e+41	2.4992642520439445e+41
82907.20508259324	9.05881431240373e+41	5.8714410724313215e+41	6.006940989464663e+41	5.313716350318458e+41	4.5490224430430774e+41	3.391357692957763e+41	1.3956680506714934e+41	8.11218279866774e+40	3.615659982852934e+40	5.5507100628674256e+41	4.2980009389248126e+41	3.391357692957763e+41	2.67008876577678e+41
88177.30596538035	8.998383561410489e+41	5.6705634305362796e+41	5.975205021100682e+41	5.429542813204232e+41	4.719226636781455e+41	3.580546056447753e+41	1.5143917850117078e+41	8.885343068666466e+40	3.9975961002215385e+40	5.6365541611679884e+41	4.477349171773898e+41	3.580546056447753e+41	2.8467801509987205e+41
93961.61217489353	8.936180482420878e+41	5.431135937938754e+41	5.9120905435977135e+41	5.531187331206938e+41	4.88646013270493e+41	3.7773132507489786e+41	1.6443992429911484e+41	9.743869563796915e+40	4.427242627998292e+40	5.703671724404392e+41	4.656585218826942e+41	3.7773132507489786e+41	3.0344924056050572e+41
100336.14514749162	8.866256224403773e+41	5.152187740719092e+41	5.793373922497016e+41	5.584994205886913e+41	5.019079739028947e+41	3.957950765464055e+41	1.7779654930266102e+41	1.0650301157367199e+41	4.891952164235037e+40	5.719149853373448e+41	4.805485410606355e+41	3.957950765464055e+41	3.215387354817708e+41
107392.6457269136	8.791078379082097e+41	4.843209772729509e+41	5.634817601505371e+41	5.6055174251572894e+41	5.128600133810227e+41	4.1298547726414e+41	1.9177870718554818e+41	1.1621755138013762e+41	5.400787782278809e+40	5.698389064434267e+41	4.934592981476059e+41	4.1298547726414e+41	3.3948281614056136e+41
115242.83017842211	8.706250706894783e+41	4.5021586937152004e+41	5.4299685897191975e+41	5.584847948921412e+41	5.208104422750533e+41	4.288641424768359e+41	2.0636814674103132e+41	1.2662957873775727e+41	5.959194470954454e+40	5.633468761257401e+41	5.037481530227531e+41	4.288641424768359e+41	3.570122280774013e+41
124024.19148520399	8.602251480916795e+41	4.1326398804656634e+41	5.176742248844819e+41	5.514452052955724e+41	5.246896129163605e+41	4.423951025323823e+41	2.211359047683058e+41	1.3753594189913214e+41	6.561764753258851e+40	5.517192260331297e+41	5.103229275227814e+41	4.423951025323823e+41	3.732533001757589e+41
133908.0079492093	8.497494821661685e+41	3.759189750579954e+41	4.888531360527365e+41	5.3959966948533346e+41	5.241856059064599e+41	4.530263638110098e+41	2.3579425241362823e+41	1.488045215806961e+41	7.206024828141719e+40	5.353722996423658e+41	5.1278195045773474e+41	4.530263638110098e+41	3.8767694319488165e+41
145110.4478759115	8.412714480826063e+41	3.399349844725151e+41	4.5900323152791286e+41	5.251618666576026e+41	5.2101000571237146e+41	4.617864569906013e+41	2.5064973784613845e+41	1.6063095943232471e+41	7.903460243841692e+40	5.166619832290811e+41	5.1267590353747536e+41	4.617864569906013e+41	4.009801757580406e+41
157908.5029112817	8.40695225290382e+41	3.0901914125369017e+41	4.319793743156307e+41	5.115689796159508e+41	5.1812755462898696e+41	4.70908862414342e+41	2.666546243812894e+41	1.7359629820757042e+41	8.682739504763946e+40	4.991704598275147e+41	5.128126608213737e+41	4.70908862414342e+41	4.149330072164879e+41
172663.3144552971	8.539067283205629e+41	2.8782127183953054e+41	4.136173219408618e+41	5.039551422850156e+41	5.19462158215768e+41	4.825878402019495e+41	2.8409686612707277e+41	1.877833485706647e+41	9.547229336486844e+40	4.8837264591141035e+41	5.167187277050565e+41	4.825878402019495e+41	4.308481251442702e+41
189855.24168458398	8.782546031782284e+41	2.7230157641401082e+41	4.0078531417765515e+41	5.008154247281348e+41	5.2457791614115405e+41	4.97437125045115e+41	3.0400597854438736e+41	2.039697370769626e+41	1.0540522318187455e+41	4.8233770625011685e+41	5.2423736589057364e+41	4.97437125045115e+41	4.49698395943944e+41
210335.14758480358	8.963891215837174e+41	2.5286920010220667e+41	3.832400136119057e+41	4.9262468776504554e+41	5.2485106729618e+41	5.082959664985994e+41	3.2259109430227397e+41	2.1974860372261063e+41	1.1547895462840876e+41	4.712685758205408e+41	5.270482809434018e+41	5.082959664985994e+41	4.6536722218007476e+41
235118.98546843123	8.694421975232305e+41	2.118046559377461e+41	3.3686867603571e+41	4.529358138670682e+41	4.953572380006093e+41	4.950183856704454e+41	3.313226876743732e+41	2.3035672275322506e+41	1.2376767949113323e+41	4.287581157743139e+41	5.010703517378129e+41	4.950183856704454e+41	4.615583061394843e+41
265687.5031218303	7.65894164304692e+41	1.4643129785083027e+41	2.522051798338028e+41	3.6457158817680025e+41	4.1556001847548085e+41	4.3611472228230345e+41	3.166990893310536e+41	2.2709292841293803e+41	1.2613949977378792e+41	3.3935546817691723e+41	4.251888322163431e+41	4.3611472228230345e+41	4.18263099571292e+41
300230.47207248304	5.8176705389264055e+41	6.980046200499303e+40	1.3823687311401067e+41	2.2734430028197385e+41	2.7913909756036118e+41	3.199886450541599e+41	2.692537586952609e+41	2.0421180660215285e+41	1.2060068428244262e+41	2.0534432352631228e+41	2.915533748833943e+41	3.199886450541599e+41	3.2291568302135496e+41
339264.63814587303	4.105399145013991e+41	2.4829518047883276e+40	5.808243881781201e+40	1.1326511938854036e+41	1.5385140204437749e+41	1.9907965257494996e+41	2.0501142888492966e+41	1.6771622520538272e+41	1.0744598261241145e+41	9.824761372873593e+40	1.652886901636206e+41	1.9907965257494996e+41	2.154716365411825e+41
383373.9541088294	2.592114863298049e+41	9.247894230601993e+39	1.9797164510762266e+40	4.372567325752642e+40	6.65109671128904e+40	1.0009413579639048e+41	1.3442741227375139e+41	1.2163488358740478e+41	8.682767667471039e+40	3.645967627750737e+40	7.393363429910257e+40	1.0009413579639048e+41	1.1865341081797634e+41
433218.29997480905	1.5181945229909257e+41	5.391632239920276e+39	7.382390863474025e+39	1.3619375265578423e+40	2.1726740747353425e+40	3.801939663851963e+40	7.224134023560548e+40	7.510945473458424e+40	6.222050432559676e+40	1.1474547826083012e+40	2.4838638912265054e+40	3.801939663851963e+40	5.044500341588934e+40
489543.35510014347	8.735425049860908e+40	3.720038450450738e+39	4.1273789360627316e+39	5.197961930111674e+39	7.083787004802547e+39	1.2410364560508363e+40	3.2731873024228155e+40	4.0189113626512847e+40	4.0071543440592415e+40	4.7942625392417547e+39	7.947320122118857e+39	1.2410364560508363e+40	1.788461986336838e+40
553191.7539435762	5.680104705688478e+40	2.705798955094274e+39	2.961680254668128e+39	3.200801775337023e+39	3.605573219351551e+39	5.216377247709922e+39	1.5648676620103343e+40	2.21110678851967e+40	2.6140693035527933e+40	3.1249161131108945e+39	3.8243425980186377e+39	5.216377247709922e+39	7.391936752234352e+39
625115.69236382	4.07459771408913e+40	1.9547180451019983e+39	2.1935419866314687e+39	2.335210391319091e+39	2.4302069819383037e+39	2.9077536413652793e+39	8.207398893261104e+39	1.2934840364094374e+40	1.775586642686276e+40	2.30835534114969e+39	2.4832994637636985e+39	2.9077536413652793e+39	3.762657943675278e+39
706391.1730769	3.0267644364710413e+40	1.3884896307722878e+39	1.6060322519994082e+39	1.750270034840959e+39	1.7907855318366747e+39	1.9006239243790168e+39	4.3943001229530606e+39	7.536254076217403e+39	1.1941876603245998e+40	1.725285317738772e+39	1.8015651148841483e+39	1.9006239243790168e+39	2.1864740492757295e+39
798234.1032957038	2.272912205480512e+40	9.68974021478795e+38	1.1543717031381722e+39	1.302208018287796e+39	1.3490410931951705e+39	1.3688624713618813e+39	2.3596235517895212e+39	4.229279069851034e+39	7.729037472613044e+39	1.2733234166917953e+39	1.3552408970154474e+39	1.3688624713618813e+39	1.429475308905225e+39
902018.4854096408	1.7114124336751478e+40	6.6500751669469225e+38	8.140122281778802e+38	9.517900629586356e+38	1.0094072511203641e+39	1.0311574276125404e+39	1.3197148285891696e+39	2.2725255781774147e+39	4.727800329846417e+39	9.220500410927185e+38	1.0195973451864107e+39	1.0311574276125404e+39	1.0295430632814872e+39
1019296.9728561161	1.287466698355478e+40	4.4949111884055034e+38	5.636912870149179e+38	6.818574934630189e+38	7.419928649816485e+38	7.80980396724823e+38	8.181221498014818e+38	1.2061385537177114e+39	2.7011418608541843e+39	6.545467537311394e+38	7.552692472236287e+38	7.80980396724823e+38	7.781570938828524e+38
1151824.0987127395	9.663365624647463e+39	2.9966512373193623e+38	3.839060104036925e+38	4.7898936765866444e+38	5.343998595118334e+38	5.833899975606075e+38	5.71911238633536e+38	6.793426855514882e+38	1.447376088547046e+39	4.559152964323381e+38	5.483146425809249e+38	5.833899975606075e+38	5.921056713023485e+38
1301582.5245234922	7.234533919347982e+39	1.97280332916094e+38	2.5756582820412824e+38	3.303608602119756e+38	3.772058224417328e+38	4.271472591250545e+38	4.307093128745921e+38	4.330884609279152e+38	7.503541900303068e+38	3.120384199049099e+38	3.899829425905145e+38	4.271472591250545e+38	4.444634681250055e+38
1470812.7020563378	5.4033389521682533e+39	1.2832692025879269e+38	1.7049079967329345e+38	2.2406125262273603e+38	2.6124471844336976e+38	3.0625107883936982e+38	3.3147458774070883e+38	3.1117068759114473e+38	4.021672405174878e+38	2.1019650959343562e+38	2.7199767790577724e+38	3.0625107883936982e+38	3.2697606880917335e+38
1662046.391749116	4.027419193605449e+39	8.245301757494934e+37	1.114770758397474e+38	1.4969026031422578e+38	1.7780216956090224e+38	2.151656457453082e+38	2.5312847660993947e+38	2.381399579570125e+38	2.408157711042442e+38	1.3959165525788885e+38	1.8629766024371938e+38	2.151656457453082e+38	2.3547339356282973e+38
1878144.5392987712	2.9967571688910104e+39	5.225588833693808e+37	7.204253337502507e+37	9.866713214092595e+37	1.19119308347304e+38	1.4832960805883798e+38	1.8969299796496423e+38	1.8471441683128298e+38	1.6557284859066236e+38	9.15275268061095e+37	1.2551277030298925e+38	1.4832960805883798e+38	1.661050769391752e+38
2122340.0770492447	2.2267039850422982e+39	3.258099291532795e+37	4.599949983679746e+37	6.425005477954311e+37	7.869077592268471e+37	1.0049121894727013e+38	1.3910187663456474e+38	1.4166038462166763e+38	1.2515260318894908e+38	5.931221620306673e+37	8.332172466383451e+37	1.0049121894727013e+38	1.1491384287449395e+38
2398286.290511098	1.652563073495171e+39	1.9909414207981803e+37	2.897457448194194e+37	4.1362145325505106e+37	5.133558935341103e+37	6.702333929321699e+37	9.980803823715773e+37	1.0648160334142315e+38	9.794254967570271e+37	3.799648438305975e+37	5.459194682716448e+37	6.702333929321699e+37	7.808638799490318e+37
2710111.4736034726	1.2251981613524368e+39	1.1867966587121646e+37	1.7954792109224892e+37	2.6318982457182887e+37	3.3106801972916264e+37	4.408384724717299e+37	7.013474885902717e+37	7.828230606964222e+37	7.64782120638404e+37	2.404346936358341e+37	3.5347549275948486e+37	4.408384724717299e+37	5.220817267646065e+37
3062480.6902917656	9.07516588209921e+38	6.864245748120222e+36	1.0902845879247836e+37	1.6530017991082818e+37	2.1111834621238228e+37	2.8639203712238354e+37	4.832824320893251e+37	5.629425001127283e+37	5.8690222448711375e+37	1.4997397543446502e+37	2.2632166765101136e+37	2.8639203712238354e+37	3.440621918917403e+37
3460665.566610142	6.71636472908048e+38	3.830183429066682e+36	6.456369625645767e+36	1.0220321442490848e+37	1.3300845336289379e+37	1.839645674991092e+37	3.270791047616447e+37	3.963303554071712e+37	4.406341394708041e+37	9.191089856727356e+36	1.4324604767219977e+37	1.839645674991092e+37	2.238694877482147e+37
3910623.157197048	4.966747123701788e+38	2.0497004960074643e+36	3.708039422517791e+36	6.196819933202015e+36	8.261553875492012e+36	1.1687232763978916e+37	2.177984237107839e+37	2.735238044074654e+37	3.2339485078498442e+37	5.509882331746776e+36	8.948623048508243e+36	1.1687232763978916e+37	1.4400293342269774e+37
4419085.066231725	3.6701891810254585e+38	1.0456580635002394e+36	2.0534068709802733e+36	3.6667999126625933e+36	5.0420293093734024e+36	7.33710793172164e+36	1.4295714163301203e+37	1.8533298423303917e+37	2.321223206372329e+37	3.214240999919571e+36	5.501872892949938e+36	7.33710793172164e+36	9.162613832409956e+36
