#t	Le	U	B	V	R	I	J	H	K	g	r	i	z
#----------------------------------------------- 
2.952510425708186	0.0	0.0	0.0	0.0	0.0	0.0	0.0	0.0	0.0	0.0	0.0	0.0	0.0
3.0286504944211377	0.0	0.0	0.0	0.0	0.0	0.0	0.0	0.0	0.0	0.0	0.0	0.0	0.0
3.1248880819889044	0.0	0.0	0.0	0.0	0.0	0.0	0.0	0.0	0.0	0.0	0.0	0.0	0.0
3.228706536091264	0.0	0.0	0.0	0.0	0.0	0.0	0.0	0.0	0.0	0.0	0.0	0.0	0.0
3.3390557930795484	0.0	0.0	0.0	0.0	0.0	0.0	0.0	0.0	0.0	0.0	0.0	0.0	0.0
3.4560323271073132	0.0	0.0	0.0	0.0	0.0	0.0	0.0	0.0	0.0	0.0	0.0	0.0	0.0
3.5799845792224723	0.0	0.0	0.0	0.0	0.0	0.0	0.0	0.0	0.0	0.0	0.0	0.0	0.0
3.711362820761352	0.0	0.0	0.0	0.0	0.0	0.0	0.0	0.0	0.0	0.0	0.0	0.0	0.0
3.8506822648502417	0.0	0.0	0.0	0.0	0.0	0.0	0.0	0.0	0.0	0.0	0.0	0.0	0.0
3.9985130009253815	0.0	0.0	0.0	0.0	0.0	0.0	0.0	0.0	0.0	0.0	0.0	0.0	0.0
4.15547832962548	0.0	0.0	0.0	0.0	0.0	0.0	0.0	0.0	0.0	0.0	0.0	0.0	0.0
4.3222563582402795	0.0	0.0	0.0	0.0	0.0	0.0	0.0	0.0	0.0	0.0	0.0	0.0	0.0
4.4995831388213965	0.0	0.0	0.0	0.0	0.0	0.0	0.0	0.0	0.0	0.0	0.0	0.0	0.0
4.6882566971041255	0.0	0.0	0.0	0.0	0.0	0.0	0.0	0.0	0.0	0.0	0.0	0.0	0.0
4.889141682113256	0.0	0.0	0.0	0.0	0.0	0.0	0.0	0.0	0.0	0.0	0.0	0.0	0.0
5.103174518207654	0.0	0.0	0.0	0.0	0.0	0.0	0.0	0.0	0.0	0.0	0.0	0.0	0.0
5.331369006735413	0.0	0.0	0.0	0.0	0.0	0.0	0.0	0.0	0.0	0.0	0.0	0.0	0.0
5.574822354247519	0.0	0.0	0.0	0.0	0.0	0.0	0.0	0.0	0.0	0.0	0.0	0.0	0.0
5.83472161818553	0.0	0.0	0.0	0.0	0.0	0.0	0.0	0.0	0.0	0.0	0.0	0.0	0.0
6.112350567504464	0.0	0.0	0.0	0.0	0.0	0.0	0.0	0.0	0.0	0.0	0.0	0.0	0.0
6.409096958715105	0.0	0.0	0.0	0.0	0.0	0.0	0.0	0.0	0.0	0.0	0.0	0.0	0.0
6.726460229270846	0.0	0.0	0.0	0.0	0.0	0.0	0.0	0.0	0.0	0.0	0.0	0.0	0.0
7.066059611224832	0.0	0.0	0.0	0.0	0.0	0.0	0.0	0.0	0.0	0.0	0.0	0.0	0.0
7.4296426693916855	0.0	0.0	0.0	0.0	0.0	0.0	0.0	0.0	0.0	0.0	0.0	0.0	0.0
7.819094270479744	0.0	0.0	0.0	0.0	0.0	0.0	0.0	0.0	0.0	0.0	0.0	0.0	0.0
8.236445993300611	0.0	0.0	0.0	0.0	0.0	0.0	0.0	0.0	0.0	0.0	0.0	0.0	0.0
8.683885995741868	0.0	0.0	0.0	0.0	0.0	0.0	0.0	0.0	0.0	0.0	0.0	0.0	0.0
9.163769362142792	0.0	0.0	0.0	0.0	0.0	0.0	0.0	0.0	0.0	0.0	0.0	0.0	0.0
9.678628965452583	0.0	0.0	0.0	0.0	0.0	0.0	0.0	0.0	0.0	0.0	0.0	0.0	0.0
10.231186892485896	0.0	0.0	0.0	0.0	0.0	0.0	0.0	0.0	0.0	0.0	0.0	0.0	0.0
10.82436649794148	0.0	0.0	0.0	0.0	0.0	0.0	0.0	0.0	0.0	0.0	0.0	0.0	0.0
11.461305173858516	0.0	0.0	0.0	0.0	0.0	0.0	0.0	0.0	0.0	0.0	0.0	0.0	0.0
12.145367945888916	0.0	0.0	0.0	0.0	0.0	0.0	0.0	0.0	0.0	0.0	0.0	0.0	0.0
12.88016203613386	0.0	0.0	0.0	0.0	0.0	0.0	0.0	0.0	0.0	0.0	0.0	0.0	0.0
13.669552564172378	0.0	0.0	0.0	0.0	0.0	0.0	0.0	0.0	0.0	0.0	0.0	0.0	0.0
14.517679593085836	0.0	0.0	0.0	0.0	0.0	0.0	0.0	0.0	0.0	0.0	0.0	0.0	0.0
15.42897676550188	0.0	0.0	0.0	0.0	0.0	0.0	0.0	0.0	0.0	0.0	0.0	0.0	0.0
16.408191815760862	0.0	0.0	0.0	0.0	0.0	0.0	0.0	0.0	0.0	0.0	0.0	0.0	0.0
17.460409288139576	0.0	0.0	0.0	0.0	0.0	0.0	0.0	0.0	0.0	0.0	0.0	0.0	0.0
18.591075837803736	0.0	0.0	0.0	0.0	0.0	0.0	0.0	0.0	0.0	0.0	0.0	0.0	0.0
19.80602854120281	0.0	0.0	0.0	0.0	0.0	0.0	0.0	0.0	0.0	0.0	0.0	0.0	0.0
21.111526696774746	0.0	0.0	0.0	0.0	0.0	0.0	0.0	0.0	0.0	0.0	0.0	0.0	0.0
22.514287656293153	0.0	0.0	0.0	0.0	0.0	0.0	0.0	0.0	0.0	0.0	0.0	0.0	0.0
24.021527293748917	0.0	0.0	0.0	0.0	0.0	0.0	0.0	0.0	0.0	0.0	0.0	0.0	0.0
25.641005794504434	0.0	0.0	0.0	0.0	0.0	0.0	0.0	0.0	0.0	0.0	0.0	0.0	0.0
27.38107953550348	0.0	0.0	0.0	0.0	0.0	0.0	0.0	0.0	0.0	0.0	0.0	0.0	0.0
29.250759930988142	0.0	0.0	0.0	0.0	0.0	0.0	0.0	0.0	0.0	0.0	0.0	0.0	0.0
31.259780241635962	0.0	0.0	0.0	0.0	0.0	0.0	0.0	0.0	0.0	0.0	0.0	0.0	0.0
33.41867149319484	0.0	0.0	0.0	0.0	0.0	0.0	0.0	0.0	0.0	0.0	0.0	0.0	0.0
35.73884882941796	0.0	0.0	0.0	0.0	0.0	0.0	0.0	0.0	0.0	0.0	0.0	0.0	0.0
38.23270984030561	0.0	0.0	0.0	0.0	0.0	0.0	0.0	0.0	0.0	0.0	0.0	0.0	0.0
40.91374666873054	0.0	0.0	0.0	0.0	0.0	0.0	0.0	0.0	0.0	0.0	0.0	0.0	0.0
43.796674016577484	0.0	0.0	0.0	0.0	0.0	0.0	0.0	0.0	0.0	0.0	0.0	0.0	0.0
46.897575558025416	0.0	0.0	0.0	0.0	0.0	0.0	0.0	0.0	0.0	0.0	0.0	0.0	0.0
50.23407173801686	0.0	0.0	0.0	0.0	0.0	0.0	0.0	0.0	0.0	0.0	0.0	0.0	0.0
53.82551250760575	0.0	0.0	0.0	0.0	0.0	0.0	0.0	0.0	0.0	0.0	0.0	0.0	0.0
57.693199249214736	0.0	0.0	0.0	0.0	0.0	0.0	0.0	0.0	0.0	0.0	0.0	0.0	0.0
61.86064100485101	0.0	0.0	0.0	0.0	0.0	0.0	0.0	0.0	0.0	0.0	0.0	0.0	0.0
66.35385117869728	0.0	0.0	0.0	0.0	0.0	0.0	0.0	0.0	0.0	0.0	0.0	0.0	0.0
71.20169219322337	0.0	0.0	0.0	0.0	0.0	0.0	0.0	0.0	0.0	0.0	0.0	0.0	0.0
76.43627720098945	0.0	0.0	0.0	0.0	0.0	0.0	0.0	0.0	0.0	0.0	0.0	0.0	0.0
82.09343997851389	0.0	0.0	0.0	0.0	0.0	0.0	0.0	0.0	0.0	0.0	0.0	0.0	0.0
88.21328666467076	0.0	0.0	0.0	0.0	0.0	0.0	0.0	0.0	0.0	0.0	0.0	0.0	0.0
94.84084620275434	0.0	0.0	0.0	0.0	0.0	0.0	0.0	0.0	0.0	0.0	0.0	0.0	0.0
102.02684039839171	0.0	0.0	0.0	0.0	0.0	0.0	0.0	0.0	0.0	0.0	0.0	0.0	0.0
109.82859967263104	0.0	0.0	0.0	0.0	0.0	0.0	0.0	0.0	0.0	0.0	0.0	0.0	0.0
118.31115722002566	0.0	0.0	0.0	0.0	0.0	0.0	0.0	0.0	0.0	0.0	0.0	0.0	0.0
127.54856284774036	0.0	0.0	0.0	0.0	0.0	0.0	0.0	0.0	0.0	0.0	0.0	0.0	0.0
137.62546893016315	0.0	0.0	0.0	0.0	0.0	0.0	0.0	0.0	0.0	0.0	0.0	0.0	0.0
148.63905551088587	0.0	0.0	0.0	0.0	0.0	0.0	0.0	0.0	0.0	0.0	0.0	0.0	0.0
160.70138089181341	0.0	0.0	0.0	0.0	0.0	0.0	0.0	0.0	0.0	0.0	0.0	0.0	0.0
173.9422697727926	0.0	0.0	0.0	0.0	0.0	0.0	0.0	0.0	0.0	0.0	0.0	0.0	0.0
188.5128855602028	0.0	0.0	0.0	0.0	0.0	0.0	0.0	0.0	0.0	0.0	0.0	0.0	0.0
204.590180353104	0.0	0.0	0.0	0.0	0.0	0.0	0.0	0.0	0.0	0.0	0.0	0.0	0.0
222.38248035192603	0.0	0.0	0.0	0.0	0.0	0.0	0.0	0.0	0.0	0.0	0.0	0.0	0.0
242.1365533898262	0.0	0.0	0.0	0.0	0.0	0.0	0.0	0.0	0.0	0.0	0.0	0.0	0.0
264.1466298882601	0.0	0.0	0.0	0.0	0.0	0.0	0.0	0.0	0.0	0.0	0.0	0.0	0.0
288.76602514175494	0.0	0.0	0.0	0.0	0.0	0.0	0.0	0.0	0.0	0.0	0.0	0.0	0.0
316.422264599416	0.0	0.0	0.0	0.0	0.0	0.0	0.0	0.0	0.0	0.0	0.0	0.0	0.0
347.63698324257035	0.0	0.0	0.0	0.0	0.0	0.0	0.0	0.0	0.0	0.0	0.0	0.0	0.0
383.0524162234324	0.0	0.0	0.0	0.0	0.0	0.0	0.0	0.0	0.0	0.0	0.0	0.0	0.0
423.4671180006913	0.0	0.0	0.0	0.0	0.0	0.0	0.0	0.0	0.0	0.0	0.0	0.0	0.0
469.8848142803503	0.0	0.0	0.0	0.0	0.0	0.0	0.0	0.0	0.0	0.0	0.0	0.0	0.0
523.5822434553036	8.50739694627162e+31	2.3327045708950143e+28	1.292463043824022e+28	6.686213981681988e+27	4.2682383779414786e+27	2.284681663955713e+27	5.691501320121677e+26	2.7901585592335032e+26	1.0486626723154523e+26	7.892652572182022e+27	3.726086840025169e+27	2.284681663955713e+27	1.5004515285563064e+27
586.2049733989298	5.000346440557395e+34	1.584803387354288e+31	8.78600949150213e+30	4.5476209689358404e+30	2.9038996402093126e+30	1.5549185281240033e+30	3.875650129813139e+29	1.9003360955261828e+29	7.143710696042269e+28	5.36752320949823e+30	2.5352518435592283e+30	1.5549185281240033e+30	1.0213802542230734e+30
659.905264263951	8.056179970875914e+36	3.3705691178255446e+33	1.8709137732823095e+33	9.694458403740227e+32	6.194236655409207e+32	3.319113876976384e+32	8.282219771077693e+31	4.062617043142727e+31	1.5278410316381659e+31	1.1439404280718905e+33	5.4087902484131104e+32	3.319113876976384e+32	2.1810960904582897e+32
747.5446023296614	5.116061062054933e+38	2.7766500780037564e+35	1.543205719029457e+35	8.005462277557119e+34	5.118304881847218e+34	2.7445972972810493e+34	6.856557180985335e+33	3.3646805259912674e+33	1.2659029022891225e+33	9.443932897227382e+34	4.470063236809285e+34	2.7445972972810493e+34	1.8043032595087164e+34
852.9982142024969	1.3408160658051205e+40	9.884838832764028e+36	5.502926221611871e+36	2.858904651257385e+36	1.829358655024237e+36	9.818976211997424e+35	2.456682575607064e+35	1.206200210296818e+35	4.540627846312219e+34	3.371461227754575e+36	1.598028144655553e+36	9.818976211997424e+35	6.458467584588975e+35
981.6249636353331	1.8030080013990095e+41	1.7193942157557245e+38	9.586773744526966e+37	4.98744436972901e+37	3.1938316651022817e+37	1.71579560675503e+37	4.298906399433876e+36	2.1117601305030738e+36	7.953605972061423e+35	5.879747809205905e+37	2.7905440057143304e+37	1.71579560675503e+37	1.1291328369597483e+37
1141.0139167918426	1.0389713579190691e+42	1.2836027964871694e+39	7.169247721301226e+38	3.7354527029235704e+38	2.3941299213327362e+38	1.2874442604343866e+38	3.2306857246319113e+37	1.587889182547741e+37	5.983921838890568e+36	4.4022149093524536e+38	2.0923077932174627e+38	1.2874442604343866e+38	8.477093745624597e+37
1342.2111635263154	1.5324977025621138e+42	2.7514407395423107e+39	1.541070860689215e+39	8.049644328398625e+38	5.1663720782910575e+38	2.782677654112584e+38	7.000462272801127e+37	3.443824038969362e+37	1.29899422044615e+37	9.481030479152202e+38	4.5167730182089296e+38	2.782677654112584e+38	1.8338803258062185e+38
1601.8326841559203	1.5495820031707422e+42	3.946209274350506e+39	2.2169894583949777e+39	1.161156417861022e+39	7.463677869812771e+38	4.027003415678511e+38	1.0158489920491941e+38	5.002211887118073e+37	1.888684815665919e+37	1.3667850651579117e+39	6.5278980984529884e+38	4.027003415678511e+38	2.656502882328598e+38
1945.9933482653446	1.4668718217991258e+43	1.0736028078959306e+40	5.995863707275568e+39	3.1239567634421024e+39	2.0021944220539024e+39	1.0766844159600996e+39	2.701893235905202e+38	1.3280110506406988e+38	5.004693064877584e+37	3.6815912865367825e+39	1.7497820214429205e+39	1.0766844159600996e+39	7.089411775796442e+38
2417.770410758514	1.1116875302810291e+44	3.310751692871919e+40	1.8368040433030765e+40	9.513542970011908e+39	6.077157968894383e+39	3.255463502819506e+39	8.119798347298772e+38	3.982321744340803e+38	1.4974024865302093e+38	1.1227054939308768e+40	5.3062046724424345e+39	3.255463502819506e+39	2.138933326418804e+39
3004.0294101735612	2.067771576099615e+44	7.157065039031185e+40	3.9709664019599696e+40	2.056826057681006e+40	1.3139167994979182e+40	7.03872396357918e+39	1.755689669005142e+39	8.610856570099286e+38	3.2378464057948274e+38	2.427259049921451e+40	1.147240857208991e+40	7.03872396357918e+39	4.624725786526379e+39
3732.5682408033135	1.5987403507274185e+44	1.1184472248390689e+41	6.229310545891013e+40	3.2376163679647634e+40	2.0721686694613011e+40	1.1125223100876878e+40	2.7846831604935273e+39	1.3674507335009508e+39	5.148442789696331e+38	3.8177066943534563e+40	1.8102481990578116e+40	1.1125223100876878e+40	7.318755689082132e+39
4637.948618214332	4.3769601232872006e+43	1.0692982609172887e+41	6.024888464293353e+40	3.163773784149943e+40	2.0365647271701097e+40	1.100664102298729e+40	2.7838768979017904e+39	1.3721135686433717e+39	5.185696894130647e+38	3.721818842307307e+40	1.7819301163526388e+40	1.100664102298729e+40	7.267588713811745e+39
5763.129682492308	1.0740412759162409e+43	7.769219419180977e+40	4.488434569802978e+40	2.4100947753635044e+40	1.5708268179269017e+40	8.612084469596966e+39	2.2279399939784536e+39	1.1069061430040177e+39	4.217908738687501e+38	2.8207090764369644e+40	1.379090373862097e+40	8.612084469596966e+39	5.732227927683085e+39
7161.505924107147	6.581641123030586e+42	7.950046768679543e+40	4.676547238093781e+40	2.552405599946746e+40	1.6789311160194618e+40	9.303304570159836e+39	2.4477392701135353e+39	1.2234280720728467e+39	4.690856932110775e+38	2.9760314884752824e+40	1.4777074872227504e+40	9.303304570159836e+39	6.229448967236761e+39
8899.442882048235	5.210516550091042e+42	8.484391696365473e+40	5.067219775829424e+40	2.805630644581717e+40	1.8611136114642018e+40	1.0417751398540383e+40	2.7877014054183314e+39	1.4021146310754024e+39	5.411629294095901e+38	3.260243167365356e+40	1.6419139598012763e+40	1.0417751398540383e+40	7.016718528878655e+39
11059.42883902666	3.7814060675135516e+42	9.030920217399565e+40	5.487207952701028e+40	3.0838748413156196e+40	2.062212482656087e+40	1.164696559402382e+40	3.157911487399743e+39	1.5952832560825857e+39	6.184564731970495e+38	3.57147460366411e+40	1.823239231695367e+40	1.164696559402382e+40	7.882440150190268e+39
13743.991600735426	2.0410646936879996e+42	1.1232702966768634e+41	6.959367974144074e+40	3.9745248266492757e+40	2.6803300188187773e+40	1.5279332832198357e+40	4.200082441654445e+39	2.1315133560384426e+39	8.30058399575193e+38	4.586484017033266e+40	2.375041216100874e+40	1.5279332832198357e+40	1.0392609896304439e+40
17080.566465020387	1.4279618310117872e+42	1.2543810480446981e+41	8.028969382923119e+40	4.711579504959159e+40	3.223285462324976e+40	1.866705304001873e+40	5.252210553186942e+39	2.686266319985329e+39	1.0542313284901744e+39	5.404072150440063e+40	2.867048970695112e+40	1.866705304001873e+40	1.2805113934048664e+40
21227.546947988212	9.854548811162986e+41	1.225203085406952e+41	8.209421069364807e+40	5.0120654202237e+40	3.503347930372609e+40	2.0785035593777827e+40	6.065875746294643e+39	3.141320611654138e+39	1.2484017946699936e+39	5.697289684836617e+40	3.134205241117895e+40	2.0785035593777827e+40	1.4447405952545308e+40
26381.805649641577	6.681104470811613e+41	1.0822535628814e+41	7.727538445995975e+40	4.987089678252531e+40	3.5927142213144416e+40	2.2049863907936463e+40	6.771738627263729e+39	3.567934496027839e+39	1.4427775198019134e+39	5.597828896475526e+40	3.2403180857441296e+40	2.2049863907936463e+40	1.5612195681308986e+40
32788.04201990286	4.473217045112776e+41	8.3266974418926795e+40	6.482580114920999e+40	4.521960912262149e+40	3.4001462120554337e+40	2.189977428896706e+40	7.231660514959233e+39	3.9044518396461535e+39	1.6180239748261093e+39	4.986145291013708e+40	3.102217752114056e+40	2.189977428896706e+40	1.591924047219568e+40
40750.40099896746	2.9837117950415153e+41	5.435531809130288e+40	4.702252170035677e+40	3.6376092770999983e+40	2.9020235571545034e+40	2.0004755510132571e+40	7.322863102647138e+39	4.092951330243907e+39	1.7557191894365156e+39	3.9150142846634364e+40	2.69082325038436e+40	2.0004755510132571e+40	1.5094643658351352e+40
50646.91420029393	1.993727451954692e+41	3.0880107291344926e+40	2.917331257690789e+40	2.5370432433581174e+40	2.182249681481189e+40	1.647644522139859e+40	6.960923305176155e+39	4.084295898700579e+39	1.838295650443559e+39	2.6516354817848876e+40	2.066895805364699e+40	1.647644522139859e+40	1.308863902210612e+40
62947.44932010847	1.3355645687718356e+41	1.769240957590674e+40	1.6426136261645132e+40	1.539013139419156e+40	1.42758518733269e+40	1.2004265201725162e+40	6.131023931697198e+39	3.845975986467273e+39	1.8493515079045723e+39	1.5693934399050037e+40	1.384721428667123e+40	1.2004265201725162e+40	1.0187547100973273e+40
78236.02003159594	8.95047357042492e+40	1.2314452732003582e+40	9.996959443078998e+39	8.806445749063915e+39	8.384302805256915e+39	7.705693771370046e+39	4.926304844242752e+39	3.376712624622881e+39	1.7755194390103353e+39	9.010998856779316e+39	8.261093476985322e+39	7.705693771370046e+39	7.024514798991337e+39
97238.51566266328	5.98595591715754e+40	1.0020430270173063e+40	7.464456427955224e+39	5.645050635675503e+39	4.99547949288703e+39	4.559375305907148e+39	3.562473781853505e+39	2.724159139960176e+39	1.6101484649611448e+39	5.997164525594705e+39	4.868211714420915e+39	4.559375305907148e+39	4.3468688019754666e+39
120857.16729377607	3.989285794260524e+40	8.338705582400744e+39	6.243767502510406e+39	4.385228967705886e+39	3.513258954056085e+39	2.820008120492734e+39	2.3210772380698187e+39	1.9925092469695143e+39	1.359937603412949e+39	4.791775419676987e+39	3.314548966975856e+39	2.820008120492734e+39	2.6020142717696962e+39
150213.38676550932	2.6488222013630295e+40	6.731313579320468e+39	5.2407811846927234e+39	3.72979211663312e+39	2.892432611851958e+39	2.0619337949829892e+39	1.419166308128217e+39	1.3188032200339948e+39	1.0525672725535926e+39	4.0833686300362927e+39	2.677396381797506e+39	2.0619337949829892e+39	1.7251524809771828e+39
186701.01264098595	1.7531430465025696e+40	5.221740726370467e+39	4.2586700699890825e+39	3.166377429065738e+39	2.4940454910936133e+39	1.7308428419631664e+39	9.023738306454902e+38	8.151783274890159e+38	7.371129430976465e+38	3.433716168955794e+39	2.3091487043894848e+39	1.7308428419631664e+39	1.3545920637886643e+39
232052.49130244818	1.1567035576351245e+40	3.887638483041648e+39	3.326737305080028e+39	2.6036855168855733e+39	2.1147772077017956e+39	1.5070864212091842e+39	6.645813525535814e+38	5.153271231043577e+38	4.694546497711201e+38	2.7886060742455424e+39	1.9736451596769662e+39	1.5070864212091842e+39	1.1709250127925651e+39
288421.1355355731	7.59854180840465e+39	2.7761692756039567e+39	2.491648346879491e+39	2.0577362940735495e+39	1.730826116202015e+39	1.287950348315035e+39	5.610092322520269e+38	3.731608489835406e+38	2.8653448276616874e+38	2.174614163363377e+39	1.6316968248338088e+39	1.287950348315035e+39	1.0219463989229061e+39
358483.3663313832	4.957003235575699e+39	1.8994622522745212e+39	1.7847955764442698e+39	1.5559731910381318e+39	1.3579392222578836e+39	1.0610222830566347e+39	4.9551787561272474e+38	3.1242768695864453e+38	1.8851256717844695e+38	1.62190844590195e+39	1.294248263966373e+39	1.0610222830566347e+39	8.672437846071588e+38
445565.7924599666	3.2018673263103775e+39	1.2431575151587574e+39	1.2200595834290496e+39	1.1212952144614231e+39	1.0160174020499986e+39	8.361139323985209e+38	4.3090232208494105e+38	2.7666487322300943e+38	1.4638063946156064e+38	1.1529702015064392e+39	9.794668587005205e+38	8.361139323985209e+38	7.064913711935645e+38
553803.1616946126	2.0435367148932797e+39	7.76413765742784e+38	7.949733176524769e+38	7.683069893867052e+38	7.22305465356147e+38	6.268581537569582e+38	3.609117546391597e+38	2.4212543692970046e+38	1.2748014668473038e+38	7.797212173638459e+38	7.043436916851443e+38	6.268581537569582e+38	5.4879924358464044e+38
688334.6833854571	1.2879554274829555e+39	4.607722845435225e+38	4.9340003319924215e+38	5.004963299582536e+38	4.873396076976674e+38	4.4567862555273805e+38	2.8877158696706325e+38	2.0430580736542814e+38	1.1314171226174295e+38	5.016597180609368e+38	4.805127648152634e+38	4.4567862555273805e+38	4.046705187209701e+38
855548.0439968199	8.020798021372011e+38	2.57760155233331e+38	2.910015124746507e+38	3.102758379060554e+38	3.1241164748694062e+38	3.00316051963393e+38	2.196146427625836e+38	1.6482150246232943e+38	9.775411772389438e+37	3.0721961519453496e+38	3.1127491713355003e+38	3.00316051963393e+38	2.8264904776594044e+38
1063382.7017377457	4.941153908766243e+38	1.3409017335419322e+38	1.6200753529503473e+38	1.829455695782454e+38	1.9059167606795595e+38	1.9211997210485547e+38	1.582402741812115e+38	1.264818054306226e+38	8.110709033378627e+37	1.78754044292123e+38	1.9183385848046785e+38	1.9211997210485547e+38	1.8708226746350165e+38
1321706.86105203	3.0149035961888196e+38	6.358819118963293e+37	8.405206894426789e+37	1.0207659123009754e+38	1.1056275059452847e+38	1.1694431598944977e+38	1.0790818027474923e+38	9.198907922677537e+37	6.422916322731877e+37	9.813593331261568e+37	1.1249180695474332e+38	1.1694431598944977e+38	1.1761022900313712e+38
1642786.0261344602	1.824161289912102e+38	2.6770946820151116e+37	3.984909284656368e+37	5.32836005912391e+37	6.062422407767751e+37	6.773622773559787e+37	6.973211034362338e+37	6.329950531368994e+37	4.831709289679218e+37	5.015264155783418e+37	6.248811996626532e+37	6.773622773559787e+37	7.037976438721864e+37
2041865.3809124192	1.095620999988958e+38	9.68184902640403e+36	1.6814979623713198e+37	2.5544218858501518e+37	3.102178720215896e+37	3.714680998114773e+37	4.282404960613361e+37	4.124198526929537e+37	3.4413643529719916e+37	2.3373942659096426e+37	3.2521032126448794e+37	3.714680998114773e+37	4.005977430354162e+37
2537893.647537264	6.538491390072751e+37	2.891248995186786e+36	6.110582471334415e+36	1.096381488006645e+37	1.452034792542882e+37	1.905922213912682e+37	2.5046112950036557e+37	2.551222982961876e+37	2.318149719617003e+37	9.665949302157782e+36	1.5569523904870632e+37	1.905922213912682e+37	2.154739902324239e+37
3154422.792984417	3.880443064387546e+37	6.80314472588883e+35	1.838255836209317e+36	4.0797892083753806e+36	6.051118807287147e+36	8.97364002076553e+36	1.3925597138419592e+37	1.502656956017263e+37	1.4789951988616648e+37	3.428205372189233e+36	6.684783149249724e+36	8.97364002076553e+36	1.0802216835012091e+37
3920726.3028217442	2.2919098491315976e+37	1.1933582913414498e+35	4.3688927100565735e+35	1.2661891346248748e+36	2.1707265773737606e+36	3.775650506391962e+36	7.299348345163739e+36	8.424980294879903e+36	8.966329381776299e+36	1.0012625743636898e+36	2.4924351629587286e+36	3.775650506391962e+36	4.940870624613713e+36
4873189.11901387	1.348088194593178e+37	1.4610311753905374e+34	7.762856365233044e+34	3.1309794596005022e+35	6.43839395128195e+35	1.373176686785867e+36	3.5496388766642676e+36	4.4680361884971806e+36	5.178703608978317e+36	2.295513339352343e+35	7.763402798178658e+35	1.373176686785867e+36	2.0040878197441286e+36
