#t	Le	U	B	V	R	I	J	H	K	g	r	i	z
#----------------------------------------------- 
2.981965994818276	0.0	0.0	0.0	0.0	0.0	0.0	0.0	0.0	0.0	0.0	0.0	0.0	0.0
3.060934123152332	0.0	0.0	0.0	0.0	0.0	0.0	0.0	0.0	0.0	0.0	0.0	0.0	0.0
3.1576966086698803	0.0	0.0	0.0	0.0	0.0	0.0	0.0	0.0	0.0	0.0	0.0	0.0	0.0
3.2611221576738996	0.0	0.0	0.0	0.0	0.0	0.0	0.0	0.0	0.0	0.0	0.0	0.0	0.0
3.369901171783048	0.0	0.0	0.0	0.0	0.0	0.0	0.0	0.0	0.0	0.0	0.0	0.0	0.0
3.4838789369573537	0.0	0.0	0.0	0.0	0.0	0.0	0.0	0.0	0.0	0.0	0.0	0.0	0.0
3.603155087347955	0.0	0.0	0.0	0.0	0.0	0.0	0.0	0.0	0.0	0.0	0.0	0.0	0.0
3.7279156250024315	0.0	0.0	0.0	0.0	0.0	0.0	0.0	0.0	0.0	0.0	0.0	0.0	0.0
3.85838682298474	0.0	0.0	0.0	0.0	0.0	0.0	0.0	0.0	0.0	0.0	0.0	0.0	0.0
3.9948192810644563	0.0	0.0	0.0	0.0	0.0	0.0	0.0	0.0	0.0	0.0	0.0	0.0	0.0
4.1374815287278786	0.0	0.0	0.0	0.0	0.0	0.0	0.0	0.0	0.0	0.0	0.0	0.0	0.0
4.286657204176338	0.0	0.0	0.0	0.0	0.0	0.0	0.0	0.0	0.0	0.0	0.0	0.0	0.0
4.442643744739382	0.0	0.0	0.0	0.0	0.0	0.0	0.0	0.0	0.0	0.0	0.0	0.0	0.0
4.605751775078659	0.0	0.0	0.0	0.0	0.0	0.0	0.0	0.0	0.0	0.0	0.0	0.0	0.0
4.776304838075779	0.0	0.0	0.0	0.0	0.0	0.0	0.0	0.0	0.0	0.0	0.0	0.0	0.0
4.954639299973715	0.0	0.0	0.0	0.0	0.0	0.0	0.0	0.0	0.0	0.0	0.0	0.0	0.0
5.141104344003883	0.0	0.0	0.0	0.0	0.0	0.0	0.0	0.0	0.0	0.0	0.0	0.0	0.0
5.336062005979606	0.0	0.0	0.0	0.0	0.0	0.0	0.0	0.0	0.0	0.0	0.0	0.0	0.0
5.539887225099165	0.0	0.0	0.0	0.0	0.0	0.0	0.0	0.0	0.0	0.0	0.0	0.0	0.0
5.752967893669757	0.0	0.0	0.0	0.0	0.0	0.0	0.0	0.0	0.0	0.0	0.0	0.0	0.0
5.975704895310902	0.0	0.0	0.0	0.0	0.0	0.0	0.0	0.0	0.0	0.0	0.0	0.0	0.0
6.208512124590776	0.0	0.0	0.0	0.0	0.0	0.0	0.0	0.0	0.0	0.0	0.0	0.0	0.0
6.451816483185102	0.0	0.0	0.0	0.0	0.0	0.0	0.0	0.0	0.0	0.0	0.0	0.0	0.0
6.706057849030537	0.0	0.0	0.0	0.0	0.0	0.0	0.0	0.0	0.0	0.0	0.0	0.0	0.0
6.971689015962726	0.0	0.0	0.0	0.0	0.0	0.0	0.0	0.0	0.0	0.0	0.0	0.0	0.0
7.249175602116894	0.0	0.0	0.0	0.0	0.0	0.0	0.0	0.0	0.0	0.0	0.0	0.0	0.0
7.53899592605074	0.0	0.0	0.0	0.0	0.0	0.0	0.0	0.0	0.0	0.0	0.0	0.0	0.0
7.84164085017212	0.0	0.0	0.0	0.0	0.0	0.0	0.0	0.0	0.0	0.0	0.0	0.0	0.0
8.157613591630774	0.0	0.0	0.0	0.0	0.0	0.0	0.0	0.0	0.0	0.0	0.0	0.0	0.0
8.487429501431935	0.0	0.0	0.0	0.0	0.0	0.0	0.0	0.0	0.0	0.0	0.0	0.0	0.0
8.831615813073475	0.0	0.0	0.0	0.0	0.0	0.0	0.0	0.0	0.0	0.0	0.0	0.0	0.0
9.190711362576137	0.0	0.0	0.0	0.0	0.0	0.0	0.0	0.0	0.0	0.0	0.0	0.0	0.0
9.565266282292923	0.0	0.0	0.0	0.0	0.0	0.0	0.0	0.0	0.0	0.0	0.0	0.0	0.0
9.955841671403867	0.0	0.0	0.0	0.0	0.0	0.0	0.0	0.0	0.0	0.0	0.0	0.0	0.0
10.363009246415384	0.0	0.0	0.0	0.0	0.0	0.0	0.0	0.0	0.0	0.0	0.0	0.0	0.0
10.78735097545357	0.0	0.0	0.0	0.0	0.0	0.0	0.0	0.0	0.0	0.0	0.0	0.0	0.0
11.229458700406784	0.0	0.0	0.0	0.0	0.0	0.0	0.0	0.0	0.0	0.0	0.0	0.0	0.0
11.68993375130675	0.0	0.0	0.0	0.0	0.0	0.0	0.0	0.0	0.0	0.0	0.0	0.0	0.0
12.169386557467984	0.0	0.0	0.0	0.0	0.0	0.0	0.0	0.0	0.0	0.0	0.0	0.0	0.0
12.66843626006175	0.0	0.0	0.0	0.0	0.0	0.0	0.0	0.0	0.0	0.0	0.0	0.0	0.0
13.187710330774912	0.0	0.0	0.0	0.0	0.0	0.0	0.0	0.0	0.0	0.0	0.0	0.0	0.0
13.72784420115625	0.0	0.0	0.0	0.0	0.0	0.0	0.0	0.0	0.0	0.0	0.0	0.0	0.0
14.289480907112754	0.0	0.0	0.0	0.0	0.0	0.0	0.0	0.0	0.0	0.0	0.0	0.0	0.0
14.873270752746151	0.0	0.0	0.0	0.0	0.0	0.0	0.0	0.0	0.0	0.0	0.0	0.0	0.0
15.479870997481	0.0	0.0	0.0	0.0	0.0	0.0	0.0	0.0	0.0	0.0	0.0	0.0	0.0
16.109945570011583	0.0	0.0	0.0	0.0	0.0	0.0	0.0	0.0	0.0	0.0	0.0	0.0	0.0
16.764164812238008	0.0	0.0	0.0	0.0	0.0	0.0	0.0	0.0	0.0	0.0	0.0	0.0	0.0
17.443205255874332	0.0	0.0	0.0	0.0	0.0	0.0	0.0	0.0	0.0	0.0	0.0	0.0	0.0
18.1477494339521	0.0	0.0	0.0	0.0	0.0	0.0	0.0	0.0	0.0	0.0	0.0	0.0	0.0
18.87848572896946	0.0	0.0	0.0	0.0	0.0	0.0	0.0	0.0	0.0	0.0	0.0	0.0	0.0
19.636108258901693	0.0	0.0	0.0	0.0	0.0	0.0	0.0	0.0	0.0	0.0	0.0	0.0	0.0
20.42131680185051	0.0	0.0	0.0	0.0	0.0	0.0	0.0	0.0	0.0	0.0	0.0	0.0	0.0
21.23481675962889	0.0	0.0	0.0	0.0	0.0	0.0	0.0	0.0	0.0	0.0	0.0	0.0	0.0
22.077319160133914	0.0	0.0	0.0	0.0	0.0	0.0	0.0	0.0	0.0	0.0	0.0	0.0	0.0
22.949540697973653	0.0	0.0	0.0	0.0	0.0	0.0	0.0	0.0	0.0	0.0	0.0	0.0	0.0
23.852203812468368	0.0	0.0	0.0	0.0	0.0	0.0	0.0	0.0	0.0	0.0	0.0	0.0	0.0
24.786036801776017	0.0	0.0	0.0	0.0	0.0	0.0	0.0	0.0	0.0	0.0	0.0	0.0	0.0
25.7517739717109	0.0	0.0	0.0	0.0	0.0	0.0	0.0	0.0	0.0	0.0	0.0	0.0	0.0
26.750155817513573	0.0	0.0	0.0	0.0	0.0	0.0	0.0	0.0	0.0	0.0	0.0	0.0	0.0
27.781929236747448	0.0	0.0	0.0	0.0	0.0	0.0	0.0	0.0	0.0	0.0	0.0	0.0	0.0
28.847847771289505	0.0	0.0	0.0	0.0	0.0	0.0	0.0	0.0	0.0	0.0	0.0	0.0	0.0
29.948671876371233	0.0	0.0	0.0	0.0	0.0	0.0	0.0	0.0	0.0	0.0	0.0	0.0	0.0
31.08516921453529	0.0	0.0	0.0	0.0	0.0	0.0	0.0	0.0	0.0	0.0	0.0	0.0	0.0
32.25811497240923	0.0	0.0	0.0	0.0	0.0	0.0	0.0	0.0	0.0	0.0	0.0	0.0	0.0
33.468292198193495	0.0	0.0	0.0	0.0	0.0	0.0	0.0	0.0	0.0	0.0	0.0	0.0	0.0
34.716492157846154	0.0	0.0	0.0	0.0	0.0	0.0	0.0	0.0	0.0	0.0	0.0	0.0	0.0
36.00351470800798	0.0	0.0	0.0	0.0	0.0	0.0	0.0	0.0	0.0	0.0	0.0	0.0	0.0
37.33016868382414	0.0	0.0	0.0	0.0	0.0	0.0	0.0	0.0	0.0	0.0	0.0	0.0	0.0
38.69727229993144	0.0	0.0	0.0	0.0	0.0	0.0	0.0	0.0	0.0	0.0	0.0	0.0	0.0
40.105653563001816	0.0	0.0	0.0	0.0	0.0	0.0	0.0	0.0	0.0	0.0	0.0	0.0	0.0
41.55615069438718	0.0	0.0	0.0	0.0	0.0	0.0	0.0	0.0	0.0	0.0	0.0	0.0	0.0
43.04961256151206	0.0	0.0	0.0	0.0	0.0	0.0	0.0	0.0	0.0	0.0	0.0	0.0	0.0
44.58689911686588	0.0	0.0	0.0	0.0	0.0	0.0	0.0	0.0	0.0	0.0	0.0	0.0	0.0
46.16888184350439	0.0	0.0	0.0	0.0	0.0	0.0	0.0	0.0	0.0	0.0	0.0	0.0	0.0
47.79644420617817	0.0	0.0	0.0	0.0	0.0	0.0	0.0	0.0	0.0	0.0	0.0	0.0	0.0
49.47048210731665	0.0	0.0	0.0	0.0	0.0	0.0	0.0	0.0	0.0	0.0	0.0	0.0	0.0
51.19190434719978	0.0	0.0	0.0	0.0	0.0	0.0	0.0	0.0	0.0	0.0	0.0	0.0	0.0
52.961633087812395	0.0	0.0	0.0	0.0	0.0	0.0	0.0	0.0	0.0	0.0	0.0	0.0	0.0
54.78060431996768	0.0	0.0	0.0	0.0	0.0	0.0	0.0	0.0	0.0	0.0	0.0	0.0	0.0
56.64976833337204	0.0	0.0	0.0	0.0	0.0	0.0	0.0	0.0	0.0	0.0	0.0	0.0	0.0
58.570090189469674	0.0	0.0	0.0	0.0	0.0	0.0	0.0	0.0	0.0	0.0	0.0	0.0	0.0
60.54255019690582	0.0	0.0	0.0	0.0	0.0	0.0	0.0	0.0	0.0	0.0	0.0	0.0	0.0
62.56814438960138	0.0	0.0	0.0	0.0	0.0	0.0	0.0	0.0	0.0	0.0	0.0	0.0	0.0
64.64788500747316	0.0	0.0	0.0	0.0	0.0	0.0	0.0	0.0	0.0	0.0	0.0	0.0	0.0
66.78280097990739	0.0	0.0	0.0	0.0	0.0	0.0	0.0	0.0	0.0	0.0	0.0	0.0	0.0
68.97393841216126	0.0	0.0	0.0	0.0	0.0	0.0	0.0	0.0	0.0	0.0	0.0	0.0	0.0
71.22236107489982	0.0	0.0	0.0	0.0	0.0	0.0	0.0	0.0	0.0	0.0	0.0	0.0	0.0
73.52915089715744	0.0	0.0	0.0	0.0	0.0	0.0	0.0	0.0	0.0	0.0	0.0	0.0	0.0
75.89540846302889	0.0	0.0	0.0	0.0	0.0	0.0	0.0	0.0	0.0	0.0	0.0	0.0	0.0
78.32225351243464	0.0	0.0	0.0	0.0	0.0	0.0	0.0	0.0	0.0	0.0	0.0	0.0	0.0
80.81082544634928	0.0	0.0	0.0	0.0	0.0	0.0	0.0	0.0	0.0	0.0	0.0	0.0	0.0
83.36228383689351	0.0	0.0	0.0	0.0	0.0	0.0	0.0	0.0	0.0	0.0	0.0	0.0	0.0
85.9778089427451	0.0	0.0	0.0	0.0	0.0	0.0	0.0	0.0	0.0	0.0	0.0	0.0	0.0
88.65860223031194	0.0	0.0	0.0	0.0	0.0	0.0	0.0	0.0	0.0	0.0	0.0	0.0	0.0
91.40588690113229	0.0	0.0	0.0	0.0	0.0	0.0	0.0	0.0	0.0	0.0	0.0	0.0	0.0
94.22090842602793	0.0	0.0	0.0	0.0	0.0	0.0	0.0	0.0	0.0	0.0	0.0	0.0	0.0
97.10493508648435	0.0	0.0	0.0	0.0	0.0	0.0	0.0	0.0	0.0	0.0	0.0	0.0	0.0
100.05925852380497	0.0	0.0	0.0	0.0	0.0	0.0	0.0	0.0	0.0	0.0	0.0	0.0	0.0
103.08519429655246	0.0	0.0	0.0	0.0	0.0	0.0	0.0	0.0	0.0	0.0	0.0	0.0	0.0
106.18408244683165	0.0	0.0	0.0	0.0	0.0	0.0	0.0	0.0	0.0	0.0	0.0	0.0	0.0
109.35728807597135	0.0	0.0	0.0	0.0	0.0	0.0	0.0	0.0	0.0	0.0	0.0	0.0	0.0
112.60841803367073	0.0	0.0	0.0	0.0	0.0	0.0	0.0	0.0	0.0	0.0	0.0	0.0	0.0
115.93875750392442	0.0	0.0	0.0	0.0	0.0	0.0	0.0	0.0	0.0	0.0	0.0	0.0	0.0
119.34962549542936	0.0	0.0	0.0	0.0	0.0	0.0	0.0	0.0	0.0	0.0	0.0	0.0	0.0
122.84237520301858	0.0	0.0	0.0	0.0	0.0	0.0	0.0	0.0	0.0	0.0	0.0	0.0	0.0
126.41839437173702	0.0	0.0	0.0	0.0	0.0	0.0	0.0	0.0	0.0	0.0	0.0	0.0	0.0
130.07910566900097	0.0	0.0	0.0	0.0	0.0	0.0	0.0	0.0	0.0	0.0	0.0	0.0	0.0
133.82596706889103	0.0	0.0	0.0	0.0	0.0	0.0	0.0	0.0	0.0	0.0	0.0	0.0	0.0
137.6604722519307	0.0	0.0	0.0	0.0	0.0	0.0	0.0	0.0	0.0	0.0	0.0	0.0	0.0
141.58415102321936	0.0	0.0	0.0	0.0	0.0	0.0	0.0	0.0	0.0	0.0	0.0	0.0	0.0
145.59856975130384	0.0	0.0	0.0	0.0	0.0	0.0	0.0	0.0	0.0	0.0	0.0	0.0	0.0
149.70533182984425	0.0	0.0	0.0	0.0	0.0	0.0	0.0	0.0	0.0	0.0	0.0	0.0	0.0
153.90607816378474	0.0	0.0	0.0	0.0	0.0	0.0	0.0	0.0	0.0	0.0	0.0	0.0	0.0
158.2024876815094	0.0	0.0	0.0	0.0	0.0	0.0	0.0	0.0	0.0	0.0	0.0	0.0	0.0
162.59627787421755	0.0	0.0	0.0	0.0	0.0	0.0	0.0	0.0	0.0	0.0	0.0	0.0	0.0
167.08920536359508	0.0	0.0	0.0	0.0	0.0	0.0	0.0	0.0	0.0	0.0	0.0	0.0	0.0
171.6830664987272	0.0	0.0	0.0	0.0	0.0	0.0	0.0	0.0	0.0	0.0	0.0	0.0	0.0
176.37969798306324	0.0	0.0	0.0	0.0	0.0	0.0	0.0	0.0	0.0	0.0	0.0	0.0	0.0
181.18097753220025	0.0	0.0	0.0	0.0	0.0	0.0	0.0	0.0	0.0	0.0	0.0	0.0	0.0
186.088824563132	0.0	0.0	0.0	0.0	0.0	0.0	0.0	0.0	0.0	0.0	0.0	0.0	0.0
191.10520091563578	0.0	0.0	0.0	0.0	0.0	0.0	0.0	0.0	0.0	0.0	0.0	0.0	0.0
196.232111606373	0.0	0.0	0.0	0.0	0.0	0.0	0.0	0.0	0.0	0.0	0.0	0.0	0.0
201.47160561633365	0.0	0.0	0.0	0.0	0.0	0.0	0.0	0.0	0.0	0.0	0.0	0.0	0.0
206.82577671220375	0.0	0.0	0.0	0.0	0.0	0.0	0.0	0.0	0.0	0.0	0.0	0.0	0.0
212.2967643022586	0.0	0.0	0.0	0.0	0.0	0.0	0.0	0.0	0.0	0.0	0.0	0.0	0.0
217.88675432742585	0.0	0.0	0.0	0.0	0.0	0.0	0.0	0.0	0.0	0.0	0.0	0.0	0.0
223.5979801881391	0.0	0.0	0.0	0.0	0.0	0.0	0.0	0.0	0.0	0.0	0.0	0.0	0.0
229.43272370769012	0.0	0.0	0.0	0.0	0.0	0.0	0.0	0.0	0.0	0.0	0.0	0.0	0.0
235.3933161327792	0.0	0.0	0.0	0.0	0.0	0.0	0.0	0.0	0.0	0.0	0.0	0.0	0.0
241.48213917210145	0.0	0.0	0.0	0.0	0.0	0.0	0.0	0.0	0.0	0.0	0.0	0.0	0.0
247.70162607374849	0.0	0.0	0.0	0.0	0.0	0.0	0.0	0.0	0.0	0.0	0.0	0.0	0.0
254.05426274208102	0.0	0.0	0.0	0.0	0.0	0.0	0.0	0.0	0.0	0.0	0.0	0.0	0.0
260.5425888952214	0.0	0.0	0.0	0.0	0.0	0.0	0.0	0.0	0.0	0.0	0.0	0.0	0.0
267.1691992641128	0.0	0.0	0.0	0.0	0.0	0.0	0.0	0.0	0.0	0.0	0.0	0.0	0.0
273.93674483406505	0.0	0.0	0.0	0.0	0.0	0.0	0.0	0.0	0.0	0.0	0.0	0.0	0.0
280.8479341299056	0.0	0.0	0.0	0.0	0.0	0.0	0.0	0.0	0.0	0.0	0.0	0.0	0.0
287.9055345458564	0.0	0.0	0.0	0.0	0.0	0.0	0.0	0.0	0.0	0.0	0.0	0.0	0.0
295.1123737214025	0.0	0.0	0.0	0.0	0.0	0.0	0.0	0.0	0.0	0.0	0.0	0.0	0.0
302.4713409643952	0.0	0.0	0.0	0.0	0.0	0.0	0.0	0.0	0.0	0.0	0.0	0.0	0.0
309.9853887227915	0.0	0.0	0.0	0.0	0.0	0.0	0.0	0.0	0.0	0.0	0.0	0.0	0.0
317.65753410643293	0.0	0.0	0.0	0.0	0.0	0.0	0.0	0.0	0.0	0.0	0.0	0.0	0.0
325.4908604604265	0.0	0.0	0.0	0.0	0.0	0.0	0.0	0.0	0.0	0.0	0.0	0.0	0.0
333.4885189916718	0.0	0.0	0.0	0.0	0.0	0.0	0.0	0.0	0.0	0.0	0.0	0.0	0.0
341.65373045024586	0.0	0.0	0.0	0.0	0.0	0.0	0.0	0.0	0.0	0.0	0.0	0.0	0.0
349.9897868673924	0.0	0.0	0.0	0.0	0.0	0.0	0.0	0.0	0.0	0.0	0.0	0.0	0.0
358.5000533520011	0.0	0.0	0.0	0.0	0.0	0.0	0.0	0.0	0.0	0.0	0.0	0.0	0.0
367.18796994747976	0.0	0.0	0.0	0.0	0.0	0.0	0.0	0.0	0.0	0.0	0.0	0.0	0.0
376.057053550782	0.0	0.0	0.0	0.0	0.0	0.0	0.0	0.0	0.0	0.0	0.0	0.0	0.0
385.1108998958352	0.0	0.0	0.0	0.0	0.0	0.0	0.0	0.0	0.0	0.0	0.0	0.0	0.0
394.35318560416414	0.0	0.0	0.0	0.0	0.0	0.0	0.0	0.0	0.0	0.0	0.0	0.0	0.0
403.7876703048325	0.0	0.0	0.0	0.0	0.0	0.0	0.0	0.0	0.0	0.0	0.0	0.0	0.0
413.4181988262211	0.0	0.0	0.0	0.0	0.0	0.0	0.0	0.0	0.0	0.0	0.0	0.0	0.0
423.2487034621327	0.0	0.0	0.0	0.0	0.0	0.0	0.0	0.0	0.0	0.0	0.0	0.0	0.0
433.2832063150014	0.0	0.0	0.0	0.0	0.0	0.0	0.0	0.0	0.0	0.0	0.0	0.0	0.0
443.52582171893124	0.0	0.0	0.0	0.0	0.0	0.0	0.0	0.0	0.0	0.0	0.0	0.0	0.0
453.980758745559	0.0	0.0	0.0	0.0	0.0	0.0	0.0	0.0	0.0	0.0	0.0	0.0	0.0
464.6523237958876	0.0	0.0	0.0	0.0	0.0	0.0	0.0	0.0	0.0	0.0	0.0	0.0	0.0
475.54492328130175	0.0	0.0	0.0	0.0	0.0	0.0	0.0	0.0	0.0	0.0	0.0	0.0	0.0
486.6630663971688	0.0	0.0	0.0	0.0	0.0	0.0	0.0	0.0	0.0	0.0	0.0	0.0	0.0
498.0113679926694	0.0	0.0	0.0	0.0	0.0	0.0	0.0	0.0	0.0	0.0	0.0	0.0	0.0
509.59455154067695	0.0	0.0	0.0	0.0	0.0	0.0	0.0	0.0	0.0	0.0	0.0	0.0	0.0
521.417452211663	0.0	0.0	0.0	0.0	0.0	0.0	0.0	0.0	0.0	0.0	0.0	0.0	0.0
533.485020055736	0.0	0.0	0.0	0.0	0.0	0.0	0.0	0.0	0.0	0.0	0.0	0.0	0.0
545.8023232971661	0.0	0.0	0.0	0.0	0.0	0.0	0.0	0.0	0.0	0.0	0.0	0.0	0.0
558.3745517459352	0.0	0.0	0.0	0.0	0.0	0.0	0.0	0.0	0.0	0.0	0.0	0.0	0.0
571.2070203310417	0.0	0.0	0.0	0.0	0.0	0.0	0.0	0.0	0.0	0.0	0.0	0.0	0.0
584.3051727605205	0.0	0.0	0.0	0.0	0.0	0.0	0.0	0.0	0.0	0.0	0.0	0.0	0.0
597.6745853133415	0.0	0.0	0.0	0.0	0.0	0.0	0.0	0.0	0.0	0.0	0.0	0.0	0.0
611.3209707688125	0.0	0.0	0.0	0.0	0.0	0.0	0.0	0.0	0.0	0.0	0.0	0.0	0.0
625.2501824792542	0.0	0.0	0.0	0.0	0.0	0.0	0.0	0.0	0.0	0.0	0.0	0.0	0.0
639.4682185918988	0.0	0.0	0.0	0.0	0.0	0.0	0.0	0.0	0.0	0.0	0.0	0.0	0.0
653.9812264263054	0.0	0.0	0.0	0.0	0.0	0.0	0.0	0.0	0.0	0.0	0.0	0.0	0.0
668.7955070140374	0.0	0.0	0.0	0.0	0.0	0.0	0.0	0.0	0.0	0.0	0.0	0.0	0.0
683.9175198076057	0.0	0.0	0.0	0.0	0.0	0.0	0.0	0.0	0.0	0.0	0.0	0.0	0.0
699.3538875658979	0.0	0.0	0.0	0.0	0.0	0.0	0.0	0.0	0.0	0.0	0.0	0.0	0.0
715.1114014238456	0.0	0.0	0.0	0.0	0.0	0.0	0.0	0.0	0.0	0.0	0.0	0.0	0.0
731.197026154409	0.0	0.0	0.0	0.0	0.0	0.0	0.0	0.0	0.0	0.0	0.0	0.0	0.0
747.6179056314143	0.0	0.0	0.0	0.0	0.0	0.0	0.0	0.0	0.0	0.0	0.0	0.0	0.0
764.381368502152	0.0	0.0	0.0	0.0	0.0	0.0	0.0	0.0	0.0	0.0	0.0	0.0	0.0
781.4949340790752	0.0	0.0	0.0	0.0	0.0	0.0	0.0	0.0	0.0	0.0	0.0	0.0	0.0
798.9663184605583	0.0	0.0	0.0	0.0	0.0	0.0	0.0	0.0	0.0	0.0	0.0	0.0	0.0
816.8034408910355	0.0	0.0	0.0	0.0	0.0	0.0	0.0	0.0	0.0	0.0	0.0	0.0	0.0
835.0144303714784	0.0	0.0	0.0	0.0	0.0	0.0	0.0	0.0	0.0	0.0	0.0	0.0	0.0
853.6076325317929	0.0	0.0	0.0	0.0	0.0	0.0	0.0	0.0	0.0	0.0	0.0	0.0	0.0
872.5916167773363	0.0	0.0	0.0	0.0	0.0	0.0	0.0	0.0	0.0	0.0	0.0	0.0	0.0
891.9751837220211	0.0	0.0	0.0	0.0	0.0	0.0	0.0	0.0	0.0	0.0	0.0	0.0	0.0
911.7673729216937	0.0	0.0	0.0	0.0	0.0	0.0	0.0	0.0	0.0	0.0	0.0	0.0	0.0
931.977470921937	0.0	0.0	0.0	0.0	0.0	0.0	0.0	0.0	0.0	0.0	0.0	0.0	0.0
952.6150196352293	0.0	0.0	0.0	0.0	0.0	0.0	0.0	0.0	0.0	0.0	0.0	0.0	0.0
973.6898250633594	0.0	0.0	0.0	0.0	0.0	0.0	0.0	0.0	0.0	0.0	0.0	0.0	0.0
995.2119663815981	0.0	0.0	0.0	0.0	0.0	0.0	0.0	0.0	0.0	0.0	0.0	0.0	0.0
1017.1918054021602	0.0	0.0	0.0	0.0	0.0	0.0	0.0	0.0	0.0	0.0	0.0	0.0	0.0
1039.6399964355742	0.0	0.0	0.0	0.0	0.0	0.0	0.0	0.0	0.0	0.0	0.0	0.0	0.0
1062.567496569705	0.0	0.0	0.0	0.0	0.0	0.0	0.0	0.0	0.0	0.0	0.0	0.0	0.0
1085.9855763869668	0.0	0.0	0.0	0.0	0.0	0.0	0.0	0.0	0.0	0.0	0.0	0.0	0.0
1109.9058311415554	0.0	0.0	0.0	0.0	0.0	0.0	0.0	0.0	0.0	0.0	0.0	0.0	0.0
1134.3401924200339	0.0	0.0	0.0	0.0	0.0	0.0	0.0	0.0	0.0	0.0	0.0	0.0	0.0
1159.3009403096685	0.0	0.0	0.0	0.0	0.0	0.0	0.0	0.0	0.0	0.0	0.0	0.0	0.0
1184.8007161001806	0.0	0.0	0.0	0.0	0.0	0.0	0.0	0.0	0.0	0.0	0.0	0.0	0.0
1210.8525355469276	0.0	0.0	0.0	0.0	0.0	0.0	0.0	0.0	0.0	0.0	0.0	0.0	0.0
1237.4698027242237	0.0	0.0	0.0	0.0	0.0	0.0	0.0	0.0	0.0	0.0	0.0	0.0	0.0
1264.6663244992617	0.0	0.0	0.0	0.0	0.0	0.0	0.0	0.0	0.0	0.0	0.0	0.0	0.0
1292.4563256595266	0.0	0.0	0.0	0.0	0.0	0.0	0.0	0.0	0.0	0.0	0.0	0.0	0.0
1320.8544647289377	0.0	0.0	0.0	0.0	0.0	0.0	0.0	0.0	0.0	0.0	0.0	0.0	0.0
1349.8758505086855	0.0	0.0	0.0	0.0	0.0	0.0	0.0	0.0	0.0	0.0	0.0	0.0	0.0
1379.5360593815344	0.0	0.0	0.0	0.0	0.0	0.0	0.0	0.0	0.0	0.0	0.0	0.0	0.0
1409.8511534216038	0.0	0.0	0.0	0.0	0.0	0.0	0.0	0.0	0.0	0.0	0.0	0.0	0.0
1440.8376993533768	0.0	0.0	0.0	0.0	0.0	0.0	0.0	0.0	0.0	0.0	0.0	0.0	0.0
1472.5127884065093	0.0	0.0	0.0	0.0	0.0	0.0	0.0	0.0	0.0	0.0	0.0	0.0	0.0
1504.894057116187	0.0	0.0	0.0	0.0	0.0	0.0	0.0	0.0	0.0	0.0	0.0	0.0	0.0
1537.9997091218327	0.0	0.0	0.0	0.0	0.0	0.0	0.0	0.0	0.0	0.0	0.0	0.0	0.0
1571.8485380206046	0.0	0.0	0.0	0.0	0.0	0.0	0.0	0.0	0.0	0.0	0.0	0.0	0.0
1606.4599513354349	0.0	0.0	0.0	0.0	0.0	0.0	0.0	0.0	0.0	0.0	0.0	0.0	0.0
1641.8539956609784	0.0	0.0	0.0	0.0	0.0	0.0	0.0	0.0	0.0	0.0	0.0	0.0	0.0
1678.0513830558502	0.0	0.0	0.0	0.0	0.0	0.0	0.0	0.0	0.0	0.0	0.0	0.0	0.0
1715.073518754584	0.0	0.0	0.0	0.0	0.0	0.0	0.0	0.0	0.0	0.0	0.0	0.0	0.0
1752.9425302756542	0.0	0.0	0.0	0.0	0.0	0.0	0.0	0.0	0.0	0.0	0.0	0.0	0.0
1791.6812980091947	0.0	0.0	0.0	0.0	0.0	0.0	0.0	0.0	0.0	0.0	0.0	0.0	0.0
1831.3134873708657	0.0	0.0	0.0	0.0	0.0	0.0	0.0	0.0	0.0	0.0	0.0	0.0	0.0
1871.8635826173777	0.0	0.0	0.0	0.0	0.0	0.0	0.0	0.0	0.0	0.0	0.0	0.0	0.0
1913.3569224245452	0.0	0.0	0.0	0.0	0.0	0.0	0.0	0.0	0.0	0.0	0.0	0.0	0.0
1955.8197373359164	0.0	0.0	0.0	0.0	0.0	0.0	0.0	0.0	0.0	0.0	0.0	0.0	0.0
1999.2791891978798	0.0	0.0	0.0	0.0	0.0	0.0	0.0	0.0	0.0	0.0	0.0	0.0	0.0
2043.7634127040972	0.0	0.0	0.0	0.0	0.0	0.0	0.0	0.0	0.0	0.0	0.0	0.0	0.0
2089.3015591822964	0.0	0.0	0.0	0.0	0.0	0.0	0.0	0.0	0.0	0.0	0.0	0.0	0.0
2135.9238427671885	0.0	0.0	0.0	0.0	0.0	0.0	0.0	0.0	0.0	0.0	0.0	0.0	0.0
2183.661589110223	0.0	0.0	0.0	0.0	0.0	0.0	0.0	0.0	0.0	0.0	0.0	0.0	0.0
2232.5472867879243	0.0	0.0	0.0	0.0	0.0	0.0	0.0	0.0	0.0	0.0	0.0	0.0	0.0
2282.6146415614885	0.0	0.0	0.0	0.0	0.0	0.0	0.0	0.0	0.0	0.0	0.0	0.0	0.0
2333.8986337294755	0.0	0.0	0.0	0.0	0.0	0.0	0.0	0.0	0.0	0.0	0.0	0.0	0.0
2386.435578759089	0.0	0.0	0.0	0.0	0.0	0.0	0.0	0.0	0.0	0.0	0.0	0.0	0.0
2440.263191409198	0.0	0.0	0.0	0.0	0.0	0.0	0.0	0.0	0.0	0.0	0.0	0.0	0.0
2495.4206535851226	0.0	0.0	0.0	0.0	0.0	0.0	0.0	0.0	0.0	0.0	0.0	0.0	0.0
2551.9486861798955	0.0	0.0	0.0	0.0	0.0	0.0	0.0	0.0	0.0	0.0	0.0	0.0	0.0
2609.889625172763	0.0	0.0	0.0	0.0	0.0	0.0	0.0	0.0	0.0	0.0	0.0	0.0	0.0
2669.2875022887233	0.0	0.0	0.0	0.0	0.0	0.0	0.0	0.0	0.0	0.0	0.0	0.0	0.0
2730.1881305351803	0.0	0.0	0.0	0.0	0.0	0.0	0.0	0.0	0.0	0.0	0.0	0.0	0.0
2792.6391949569734	0.0	0.0	0.0	0.0	0.0	0.0	0.0	0.0	0.0	0.0	0.0	0.0	0.0
2856.6903490035907	5.536963535275165e+28	1.5296733779268242e+27	8.924209419913119e+26	4.831851411766573e+26	3.16334216673596e+26	1.743001789271227e+26	4.543434348810804e+25	2.2631835514369043e+25	8.646661464480585e+24	5.644482893075757e+26	2.78054630322721e+26	1.743001789271227e+26	1.1633201770023956e+26
2922.393316897045	2.086060737540015e+29	5.997959066726268e+27	3.50289078146333e+27	1.8983008747321708e+27	1.2434104080743605e+27	6.855089380877682e+26	1.7884723119437812e+26	8.911510596416467e+25	3.405779618993174e+25	2.2171016389291883e+27	1.0930930921638105e+27	6.855089380877682e+26	4.5766878316839164e+26
2989.8020024601246	1.0311648911803452e+30	3.085574442439475e+28	1.803929917749346e+28	9.784981329086674e+27	6.412542007002945e+27	3.537367739595073e+27	9.237164261140489e+26	4.604088336053093e+26	1.7601420267529965e+26	1.1425859488159583e+28	5.638097960894177e+27	3.537367739595073e+27	2.3624222775671135e+27
3058.9726048687216	4.345094601800566e+30	1.3530935110367992e+29	7.919191867369244e+28	4.299626167548066e+28	2.819199435495263e+28	1.5560794481759911e+28	4.067116208057743e+27	2.0278220216053833e+27	7.75488167732251e+26	5.01956608704193e+28	2.479071428799264e+28	1.5560794481759911e+28	1.039562867923388e+28
3129.9637418583407	1.740342058071476e+31	5.640007584849883e+29	3.3045433701922784e+29	1.795885856323915e+29	1.1781565700964597e+29	6.5068347977599615e+28	1.7022693263694452e+28	8.490090240407785e+27	3.247891084806051e+27	2.096133850601843e+29	1.036163403532507e+29	6.5068347977599615e+28	4.348436010960331e+28
3202.836580952119	6.567793199874775e+31	2.2150454816080236e+30	1.2992802273179153e+30	7.06798862125318e+29	4.6393141420377114e+29	2.5638132626518696e+29	6.713611352327447e+28	3.349528080241295e+28	1.2817969292638317e+28	8.247817592380203e+29	4.0807709936742295e+29	2.5638132626518696e+29	1.7139445069684745e+29
3277.654979318593	2.3382948956225117e+32	8.207054524529269e+30	4.819544805442794e+30	2.624420480162241e+30	1.723573024050223e+30	9.530888284331995e+29	2.4981726644975777e+29	1.2467977054673032e+29	4.772883160981298e+28	3.0618054530487807e+30	1.5162911055532653e+30	9.530888284331995e+29	6.373730204083087e+29
3354.4856329621857	7.869863284117996e+32	2.8746928592847535e+31	1.6901264574039273e+31	9.212764705383696e+30	6.053819129527863e+30	3.349728980832171e+30	8.78873323007853e+29	4.3878196823310796e+29	1.680295432551877e+29	1.074565975276479e+31	5.32657567897659e+30	3.349728980832171e+30	2.240902085236917e+30
3433.3982359163256	2.509638876302873e+33	9.540854068083314e+31	5.616102151659681e+31	3.0644921998977038e+31	2.0148662803047281e+31	1.1156004208247147e+31	2.929958150836245e+30	1.463308164357093e+30	5.6056723434225176e+29	3.5735382906948435e+31	1.7730950072420954e+31	1.1156004208247147e+31	7.465826492904146e+30
3514.465650125863	7.599187657858892e+33	3.0068673139291873e+32	1.7721210637227946e+32	9.68008966523202e+31	6.368257089102275e+31	3.5283457272940433e+31	9.276175278623204e+30	4.6344507083202256e+30	1.7760218516634286e+30	1.1285320903091763e+32	5.6049906550943e+31	3.5283457272940433e+31	2.3621071251508826e+31
3597.764087245651	2.3038228171106863e+34	9.181027326029966e+32	5.412086860665768e+32	2.956874217138522e+32	1.9454454228618365e+32	1.0780048751511046e+32	2.8346373257265064e+31	1.4162969069225444e+31	5.427906890426798e+30	3.447058677121932e+32	1.712322323520149e+32	1.0780048751511046e+32	7.2173444939165465e+31
3683.3733030120757	6.933604896182775e+34	2.711500667692408e+33	1.5974515773011915e+33	8.723152664475623e+32	5.7376998821787664e+32	3.178345008225632e+32	8.353412996913618e+31	4.172980143928956e+31	1.5989999070553157e+31	1.017044504967543e+33	5.049767225338886e+32	3.178345008225632e+32	2.127557119958621e+32
3771.376805340115	1.7140103954223622e+35	7.254573160046524e+33	4.2845831265538185e+33	2.344729422119608e+33	1.54408518785019e+33	8.564827787717956e+32	2.255711403574137e+32	1.1276641519046652e+32	4.32416378680316e+31	2.732407190191235e+33	1.359389008621669e+33	8.564827787717956e+32	5.737485455306401e+32
3861.862077218253	4.5227491792565415e+35	1.9308846922166442e+34	1.140701539246181e+34	6.243953262685978e+33	4.112395103734955e+33	2.2814269777174705e+33	6.009949248631559e+32	3.0047033128948283e+32	1.1522831233626489e+32	7.275934204936493e+33	3.620617475237071e+33	2.2814269777174705e+33	1.5284283597375696e+33
3954.9208157118546	1.0634217525010659e+36	4.801304609265226e+34	2.841636577588575e+34	1.557922925934485e+34	1.0269726780651114e+34	5.702949925504344e+33	1.5046155729417208e+33	7.526385549671215e+32	2.887877441966422e+32	1.8147548704119034e+34	9.043754380786796e+33	5.702949925504344e+33	3.822741741686538e+33
4050.6491886202543	2.491076042086197e+36	1.1618056233453593e+35	6.883558890472844e+34	3.777453015428593e+34	2.4913552185122195e+34	1.3843000016179434e+34	3.655508074644443e+33	1.8291307449821417e+33	7.02062554958514e+32	4.3992437299296645e+34	2.1942491720505623e+34	1.3843000016179434e+34	9.282090556647467e+33
4149.1481080500735	5.430578884109169e+36	2.672570449635232e+35	1.5863789329952475e+35	8.71939173772816e+34	5.755752143421377e+34	3.201305377866495e+34	8.466582122606431e+33	4.2387290157923806e+33	1.6278024883187777e+33	1.0150964452720275e+35	5.070547113161849e+34	3.201305377866495e+34	2.147732960879957e+34
4250.52353286849	1.1635227964906153e+37	5.966266060155698e+35	3.54654944362469e+35	1.9517686667557195e+35	1.2892622518155293e+35	7.176344048270411e+34	1.9002178359223757e+34	9.517243839977288e+33	3.656461262200745e+33	2.2715684849770198e+35	1.135989233727936e+35	7.176344048270411e+34	4.816619779767181e+34
4354.886781292511	2.3588405376524737e+37	1.2761193964634925e+36	7.600327078125322e+35	4.189684100569506e+35	2.7700747871502176e+35	1.5434907169820732e+35	4.0935291444313325e+34	2.0513817820025017e+34	7.885724723931285e+33	4.874312671266104e+35	2.4413593228589695e+35	1.5434907169820732e+35	1.0365533628144624e+35
4462.3548745901035	4.680761417439778e+37	2.64999806992185e+36	1.580943187397053e+36	8.727664445177923e+35	5.775027558173745e+35	3.2207617435067823e+35	8.553733672700256e+34	4.288581069733996e+34	1.6493845295024282e+34	1.0150470150404283e+36	5.090818481291104e+35	3.2207617435067823e+35	2.164025688814388e+35
4573.0509072019295	8.870511483294049e+37	5.299224012936641e+36	3.1678908575442323e+36	1.7519468466514052e+36	1.1603712802213415e+36	6.478544949499952e+35	1.7234815535363566e+35	8.646062641230568e+34	3.3272477453987115e+34	2.036733051422589e+36	1.0231607520882817e+36	6.478544949499952e+35	4.355556650647985e+35
4687.104445879471	1.6436135208866524e+38	1.0301892991318182e+37	6.170075826627662e+36	3.417807757728589e+36	2.2657363382778996e+36	1.2662713042900813e+36	3.373863147397568e+35	1.6934482584745626e+35	6.520420398423321e+34	3.9719168071151685e+36	1.9982983630650176e+36	1.2662713042900813e+36	8.517922935046995e+35
4804.651960530117	2.926359149319868e+38	1.9358837232048124e+37	1.1619737724431417e+37	6.448672679521064e+36	4.2793505808490065e+36	2.3944183267806307e+36	6.3911073637737e+35	3.2098826545361255e+35	1.2367050197782895e+35	7.490953306267443e+36	3.775279227560568e+36	2.3944183267806307e+36	1.611703031242554e+36
4925.8372900495815	5.094365167650337e+38	3.541978961215697e+37	2.1303890758331842e+37	1.1844263884166295e+37	7.867530212844961e+36	4.406960148910083e+36	1.1782836414884325e+36	5.921301880652667e+35	2.2827212133732534e+35	1.375303686034595e+37	6.942624118798713e+36	4.406960148910083e+36	2.9681621860550955e+36
5050.81214636637	8.559051635583752e+38	6.282881800529248e+37	3.7877359065190387e+37	2.1100869006271049e+37	1.4031555701712352e+37	7.869444338227932e+36	2.1080429967662553e+36	1.0600641040487769e+36	4.089384429258786e+35	2.4490225771558026e+37	1.2385660165810044e+37	7.869444338227932e+36	5.303816075724809e+36
5179.736660378491	1.406508981209548e+39	1.0866561235486367e+38	6.565869493516605e+37	3.6648754274482347e+37	2.4396407333491373e+37	1.3698898051455396e+37	3.676381575487565e+36	1.8499061369656244e+36	7.140958882820702e+35	4.251668051949401e+37	2.1540883745661716e+37	1.3698898051455396e+37	9.238829869152815e+36
5312.779974114828	2.237385585698317e+39	1.826165564000103e+38	1.1061790043216694e+38	6.187704968895887e+37	4.123886454168678e+37	2.318693931235659e+37	6.235371485554523e+36	3.1397631283773737e+36	1.2128696069417403e+36	7.174915877026045e+37	3.642351794701026e+37	2.318693931235659e+37	1.5649198295958818e+37
5450.120883618408	3.4812935135160014e+39	2.9953458221526907e+38	1.818899343569919e+38	1.0196285078401626e+38	6.803381604809764e+37	3.8303015983615903e+37	1.0321117100539612e+37	5.200718462966134e+36	2.0104229708838156e+36	1.1817297276082255e+38	6.010855309010839e+37	3.8303015983615903e+37	2.5869961694407474e+37
5591.948537866669	5.251863955020607e+39	4.7803453238180064e+38	2.9107737475949003e+38	1.6355584660609992e+38	1.092713268170881e+38	6.160893183517617e+37	1.6637964259001928e+37	8.390137062930924e+36	3.245865376727514e+36	1.8945657324823346e+38	9.657567432203747e+37	6.160893183517617e+37	4.1643989212961365e+37
5738.463199042444	7.743122141771596e+39	7.44800455062653e+38	4.547733493333095e+38	2.5614870023822763e+38	1.713552966835672e+38	9.675490333308708e+37	2.6188147140770487e+37	1.321630180929706e+37	5.1169685743043354e+36	2.9655126748294547e+38	1.5149951922466884e+38	9.675490333308708e+37	6.54533780659983e+37
5889.877071699311	1.1066354533716742e+40	1.1293084626921139e+39	6.916826436501618e+38	3.9062291256342405e+38	2.6169174818250825e+38	1.4800375949583462e+38	4.0159181845509897e+37	2.028440537547019e+37	7.860365792763745e+36	4.5196366715564044e+38	2.314581630611436e+38	1.4800375949583462e+38	1.0021209398266796e+38
6046.41520708098	1.541972681664333e+40	1.6701644026917115e+39	1.0262540120595005e+39	5.811818753185253e+38	3.899415666042222e+38	2.209128354699511e+38	6.009805612810875e+37	3.0382674523421294e+37	1.1784199977803775e+37	6.720230664130257e+38	3.4503114395343804e+38	2.209128354699511e+38	1.4971789098532934e+38
6208.31649103779	2.0776292574335252e+40	2.4006578464085486e+39	1.480504685801715e+39	8.41064803353794e+38	5.652705842429992e+38	3.2085666799285148e+38	8.75429284043968e+37	4.430203895526473e+37	1.7200490491336134e+37	9.718350560650788e+38	5.0039626785853535e+38	3.2085666799285148e+38	2.176811532326608e+38
6375.8347249161	2.7172795602022036e+40	3.357690730579812e+39	2.0789201427809627e+39	1.1850422228232413e+39	7.979238395414222e+38	4.53855729404925e+38	1.2422280407785062e+38	6.293265102628421e+37	2.4460839642454475e+37	1.3682397260862176e+39	7.066989073330714e+38	4.53855729404925e+38	3.0826331046863947e+38
6549.2398093489255	3.4202369468158965e+40	4.5508667820246036e+39	2.830598927980886e+39	1.6198727669196253e+39	1.0930331938661954e+39	6.232044102135372e+38	1.7119759646998127e+38	8.683925246767671e+37	3.379573482594645e+37	1.8686264407523016e+39	9.68623311570809e+38	6.232044102135372e+38	4.238426582192741e+38
6728.819043167532	4.1542623357637463e+40	5.979667165021631e+39	3.7384232227863925e+39	2.1488300072048842e+39	1.4534138020819644e+39	8.309025182160314e+38	2.2918470280937242e+38	1.1641541599540783e+38	4.537011748265655e+37	2.4763423514608982e+39	1.2888098991678834e+39	8.309025182160314e+38	5.6592801618807785e+38
6914.878550094097	5.408733634382328e+40	7.971600554890502e+39	4.991708718686475e+39	2.873137916308811e+39	1.944755323494194e+39	1.1127225052521506e+39	3.0730581662381077e+38	1.5616494732956666e+38	6.08881818918685e+37	3.310020135663088e+39	1.7248480692478474e+39	1.1127225052521506e+39	7.58220586714959e+38
7107.744848836365	7.349843051304988e+40	1.066046083388602e+40	6.66809465947945e+39	3.834415093257564e+39	2.5940945328028632e+39	1.483400342759838e+39	4.093206666935212e+38	2.0794415177744758e+38	8.105222672111129e+37	4.41841114821097e+39	2.3004462705438505e+39	1.483400342759838e+39	1.0104868251486653e+39
7307.766583230607	8.327073418161509e+40	1.2957801906503262e+40	8.144587582436697e+39	4.7030199268399823e+39	3.1889143571889504e+39	1.8281668736970528e+39	5.063971067091245e+38	2.57600237623963e+38	1.005409081776856e+38	5.41419436326909e+39	2.8296463245085636e+39	1.8281668736970528e+39	1.2470676383713825e+39
7515.316421988294	9.36113447436548e+40	1.5440301615154418e+40	9.745978709147274e+39	5.648097823280496e+39	3.8372176125008935e+39	2.2046607436752732e+39	6.127184562093304e+38	3.1203980369579693e+38	1.219286212745164e+38	6.496867798543943e+39	3.4066962953078066e+39	2.2046607436752732e+39	1.5056933382954903e+39
7730.798263244228	9.751553703911564e+40	1.7494918120942271e+40	1.1114150338499318e+40	6.476563677274665e+39	4.4131701668041583e+39	2.5440486333006167e+39	7.106229787229099e+38	3.6252526198243804e+38	1.4190287623920873e+38	7.440553354755348e+39	3.921157552469579e+39	2.5440486333006167e+39	1.740651727459209e+39
7955.064381779834	9.993566615134272e+40	1.936609698775739e+40	1.2380414542441974e+40	7.253313533993768e+39	4.9567998337571916e+39	2.866733556761711e+39	8.047016583132599e+38	4.112084959240843e+38	1.6123138869128611e+38	8.322797792511508e+39	4.40760459924581e+39	2.866733556761711e+39	1.9649161325592974e+39
8188.568475565208	9.728608422272331e+40	2.0637617714343687e+40	1.3297881194349071e+40	7.843558353841656e+39	5.379691013643751e+39	3.12400699169767e+39	8.823273109358233e+38	4.518213527039503e+38	1.775298282404982e+38	8.986357236266338e+39	4.788306102728233e+39	3.12400699169767e+39	2.1460170128937862e+39
8431.738350008678	9.414724057316831e+40	2.1670331236682065e+40	1.4070703700364737e+40	8.353828150174344e+39	5.749878923937701e+39	3.352154630729292e+39	9.524014105060394e+38	4.88690796313383e+38	1.924074735507225e+38	9.556843557300558e+39	5.1226287895485666e+39	3.352154630729292e+39	2.3076882807482047e+39
8685.14235501015	8.826580946044532e+40	2.2192289173758064e+40	1.4539130545469132e+40	8.69802908863603e+39	6.011409743284365e+39	3.5207394781798194e+39	1.0072272983032163e+39	5.1803570275333e+38	2.044426918977976e+38	9.933481114529366e+39	5.361517692313441e+39	3.5207394781798194e+39	2.4298041762072154e+39
8949.513003899698	8.328676167421091e+40	2.2645536549071413e+40	1.4963841077996941e+40	9.017731945854732e+39	6.256877192542819e+39	3.6806025870072235e+39	1.0599176648717763e+39	5.4635368285684004e+38	2.1610263108614484e+38	1.0281624797397975e+40	5.586313087609585e+39	3.6806025870072235e+39	2.546193658649116e+39
9225.498362333641	7.742795592924229e+40	2.2844312378089915e+40	1.524239100783872e+40	9.261777947083951e+39	6.45477408789755e+39	3.8158520749501866e+39	1.1070514703478222e+39	5.72084934380112e+38	2.2685160026608e+38	1.0540207311009897e+40	5.769842326502125e+39	3.8158520749501866e+39	2.646863514353047e+39
9513.793374729448	7.307207792387128e+40	2.3194141822848843e+40	1.5622559260744504e+40	9.569297813744085e+39	6.697885815067116e+39	3.978632375451581e+39	1.16260665921492e+39	6.022554164714e+38	2.3939783425533087e+38	1.0870465502752002e+40	5.994056629430636e+39	3.978632375451581e+39	2.766978448090366e+39
9815.175671070174	7.746121619589009e+40	2.475694382726627e+40	1.67396032059084e+40	1.0289228688541341e+40	7.21574388168082e+39	4.2957382069939266e+39	1.2595585551205606e+39	6.5324747956675165e+38	2.5997717068134623e+38	1.1678945943610129e+40	6.460890624758225e+39	4.2957382069939266e+39	2.991169681449762e+39
10130.570249851584	2.643300735456471e+41	4.860757632109654e+40	3.0984286505839956e+40	1.8109155226938515e+40	1.235975934157288e+40	7.138129251930691e+39	1.9995100871934766e+39	1.0210454737748829e+39	4.000610968091477e+38	2.079050844088707e+40	1.0986621029530023e+40	7.138129251930691e+39	4.8888981150105366e+39
10460.798459974265	1.1058106856760502e+42	9.422502733535824e+40	5.734165261327484e+40	3.2207363473741385e+40	2.1513741246671383e+40	1.2127622469909308e+40	3.2744377611927706e+39	1.6511214084004702e+39	6.387290157948443e+38	3.7310829581610985e+40	1.9013313177363443e+40	1.2127622469909308e+40	8.1968469816139e+39
10807.14011659006	3.096270878519941e+42	1.5204459500287096e+41	9.033776928376035e+40	4.969636571804468e+40	3.282088789078288e+40	1.8264878510253082e+40	4.834779490204533e+39	2.4212390110504876e+39	9.301236900203852e+38	5.784412845408321e+40	2.891746432938215e+40	1.8264878510253082e+40	1.2257579498027615e+40
11170.084221114792	6.855381116216295e+42	2.1802467332794925e+41	1.2782167485641326e+41	6.95045860992181e+40	4.561143954405506e+40	2.519986205159811e+40	6.596389536959239e+39	3.290629263482856e+39	1.259097772330901e+39	8.111439344120417e+40	4.011771790511202e+40	2.519986205159811e+40	1.684418218009753e+40
11550.608123285578	1.4857078712541344e+43	3.0619566204588284e+41	1.7763038762727183e+41	9.570325791652404e+40	6.248690758049869e+40	3.4324952482931913e+40	8.905089118338728e+39	4.4284972473630976e+39	1.6890881156852157e+39	1.1192413036136023e+41	5.488536401343522e+40	3.4324952482931913e+40	2.2870487546134845e+40
11950.495476617252	2.8320139276048733e+43	4.106791496432369e+41	2.3649243442955225e+41	1.2659668068785882e+41	8.2364570478696e+40	4.50609040130195e+40	1.161696217187963e+40	5.76439654791605e+39	2.1936672676177927e+39	1.4827222218753073e+41	7.227525341676199e+40	4.50609040130195e+40	2.9956338786659153e+40
12370.843019391537	6.54438028236412e+43	5.795970951675876e+41	3.3097169361992503e+41	1.7586752911181562e+41	1.1395389505972414e+41	6.205226548818405e+40	1.5881090562494564e+40	7.860097483844112e+39	2.983338590128452e+39	2.0632776641242147e+41	9.988417420027415e+40	6.205226548818405e+40	4.1144999396452146e+40
12813.461207886008	8.9832738375058e+43	7.084392556820418e+41	4.035247640966297e+41	2.1393966523406034e+41	1.3845002153263524e+41	7.528324025149026e+40	1.9223904678209577e+40	9.50699343780463e+39	3.6054695506423004e+39	2.5112320419685125e+41	1.2131459158753944e+41	7.528324025149026e+40	4.987807964765809e+40
13279.416188746573	1.9482994716642014e+44	9.66917176884034e+41	5.475032398072706e+41	2.887630403627344e+41	1.863323542033917e+41	1.0098459893886057e+41	2.5653640781669446e+40	1.2663654287245868e+40	4.793636035208575e+39	3.3935647572645653e+41	1.6314258699001705e+41	1.0098459893886057e+41	6.678297250331792e+40
13771.7580860826	3.244561596609944e+44	1.2235592269792099e+42	6.9058849715016956e+41	3.631883152391744e+41	2.3398516687107866e+41	1.2657916761416048e+41	3.2063566400193723e+40	1.581185341347261e+40	5.979120905889642e+39	4.271017707752686e+41	2.0477627275586116e+41	1.2657916761416048e+41	8.362390710094482e+40
14293.331781742474	5.554953423582883e+44	1.5091583364186255e+42	8.495348755215364e+41	4.457389166168517e+41	2.8679757815306154e+41	1.5491927344454447e+41	3.91513945412557e+40	1.9291381088752337e+40	7.288756316664638e+39	5.244597715041552e+41	2.5090781723775177e+41	1.5491927344454447e+41	1.0226216733394242e+41
14846.381460803887	7.872553707350522e+44	1.84241323908672e+42	1.0348467747681692e+42	5.419032488036975e+41	3.4828887721266286e+41	1.878964588199463e+41	4.739022420796388e+40	2.3334311975391613e+40	8.809783047653444e+39	6.37895788479327e+41	3.0461279460017822e+41	1.878964588199463e+41	1.2394222463842108e+41
15432.3807507594	9.078984290904006e+44	2.0693924278402233e+42	1.1613624580357562e+42	6.076981567435347e+41	3.904123677160928e+41	2.105193494860157e+41	5.30553451659044e+40	2.611662502133629e+40	9.85746312211308e+39	7.15469040429026e+41	3.4141481875647822e+41	2.105193494860157e+41	1.388272378741299e+41
16041.53695874815	1.0062294479282674e+45	2.246934547395692e+42	1.2607883030848221e+42	6.596254017542811e+41	4.2373747921088205e+41	2.2846713871221176e+41	5.756989641793231e+40	2.8337414300734797e+40	1.0695091567402249e+40	7.76631865384522e+41	3.705491640837836e+41	2.2846713871221176e+41	1.5065486868259452e+41
16674.755212630986	1.0961461691151964e+45	2.426236403376721e+42	1.3613096122919705e+42	7.12176002097585e+41	4.574810019823209e+41	2.466516823084029e+41	6.21485330897227e+40	3.0590519441741974e+40	1.1545216470489342e+40	8.385150368721267e+41	4.000536824108243e+41	2.466516823084029e+41	1.6264273250146574e+41
17332.99055490765	1.1799874824082529e+45	2.6076993125215238e+42	1.4631545216512715e+42	7.654707391357492e+41	4.91721047943416e+41	2.651154270414047e+41	6.680208580007571e+40	3.288129551770973e+40	1.240986835136026e+40	9.01260370702953e+41	4.2999680693252356e+41	2.651154270414047e+41	1.7481894335948572e+41
18017.236380033228	1.2158834410171969e+45	2.7725826266671276e+42	1.5560580851601478e+42	8.142552194327781e+41	5.231236582928463e+41	2.8208645503731916e+41	7.109420990954839e+40	3.4996726105524903e+40	1.320933540860095e+40	9.586500901554759e+41	4.5747291664470865e+41	2.8208645503731916e+41	1.860245109966658e+41
18728.52590515088	1.214876611358708e+45	2.916524286048273e+42	1.637634956258415e+42	8.573111558279704e+41	5.509170330648148e+41	2.971554400193573e+41	7.492451108027282e+40	3.688788034815752e+40	1.3925340456133224e+40	1.0092417036023432e+42	4.818096866471572e+41	2.971554400193573e+41	1.959920555717444e+41
19467.933700830316	1.202074643971662e+45	3.060212435245011e+42	1.719254382649114e+42	9.004755028064087e+41	5.788109407896681e+41	3.122978381733188e+41	7.878094811109472e+40	3.8793232162788323e+40	1.4647222480977758e+40	1.0599376390295325e+42	5.062417358913567e+41	3.122978381733188e+41	2.0601509968639818e+41
20236.57732695939	1.1458559628886035e+45	3.17748876931627e+42	1.786575465573841e+42	9.364023599222054e+41	6.021427503028676e+41	3.2503470512857225e+41	8.205278807849698e+40	4.0414591906085976e+40	1.5263383946180015e+40	1.1020464485696928e+42	5.2670512100042544e+41	3.2503470512857225e+41	2.14471910431892e+41
21035.618942074787	1.0834438909445327e+45	3.286229862606398e+42	1.8494192494761063e+42	9.701332826035446e+41	6.241167358483345e+41	3.370724535214524e+41	8.516164649268698e+40	4.1958039066923734e+40	1.5851040952366963e+40	1.1415300335208089e+42	5.459937442389686e+41	3.370724535214524e+41	2.224799249871908e+41
21866.267056833636	1.0071434306841005e+45	3.3886318394937237e+42	1.909015938193216e+42	1.0023105905412378e+42	6.451449633846171e+41	3.486328719545023e+41	8.81632351255357e+40	4.345096274172798e+40	1.642051693246022e+40	1.179145035969629e+42	5.644678067884479e+41	3.486328719545023e+41	2.3018523957164807e+41
22729.77832713257	9.123698361989309e+44	3.46734941990121e+42	1.9558537895534706e+42	1.0280623570310331e+42	6.6213559388400414e+41	3.580726401884782e+41	9.06529882868997e+40	4.469590085006166e+40	1.6897940611557875e+40	1.2091269087050653e+42	5.794326268018535e+41	3.580726401884782e+41	2.365130286702822e+41
23627.459389768446	8.096541777124335e+44	3.521863667872991e+42	1.9896571686167096e+42	1.0472533173861915e+42	6.7500537954422765e+41	3.65349346615169e+41	9.262131371647701e+40	4.568833874156756e+40	1.7281691800793542e+40	1.2313138081254763e+42	5.908163219989821e+41	3.65349346615169e+41	2.4143630117737536e+41
24560.6687923934	7.29823436153582e+44	3.590158276788717e+42	2.0313063220585507e+42	1.0706055978566965e+42	6.905695771974216e+41	3.740924425808896e+41	9.496480825355305e+40	4.686646734001917e+40	1.7735931099476987e+40	1.2583845189670206e+42	6.0456138194941034e+41	3.740924425808896e+41	2.4733170444789774e+41
25530.81911379029	6.531206774949904e+44	3.655859264705878e+42	2.0718380695007823e+42	1.0935350773290763e+42	7.059213020971351e+41	3.8275827080809305e+41	9.730394062206956e+40	4.804512548380763e+40	1.8191419797955757e+40	1.28491321531115e+42	6.181348566722858e+41	3.8275827080809305e+41	2.5319007915879344e+41
26539.37909539147	5.650250118082298e+44	3.6908720000351184e+42	2.0958327957108292e+42	1.1081383185184444e+42	7.16043045228516e+41	3.886789777237657e+41	9.898155407643886e+40	4.890350826814777e+40	1.8528122788818028e+40	1.3015498546887816e+42	6.271633407724047e+41	3.886789777237657e+41	2.5726613935104384e+41
27587.8757888204	4.80733499115005e+44	3.704148029690857e+42	2.108207720876555e+42	1.1169419028383797e+42	7.225421851667281e+41	3.927118632044995e+41	1.0021016862989124e+41	4.954564228261282e+40	1.8785081755730933e+40	1.3112813406140196e+42	6.330488039313139e+41	3.927118632044995e+41	2.601218705514246e+41
28677.896852308062	4.113061454136055e+44	3.717873453543208e+42	2.1211755177162212e+42	1.1262254402725555e+42	7.294133624986554e+41	3.969863079945635e+41	1.015166670062642e+41	5.022918584645038e+40	1.9058886211985046e+40	1.3215308950178958e+42	6.392751042360444e+41	3.969863079945635e+41	2.6315242083029537e+41
29811.092995989868	3.663869838655617e+44	3.762709350384828e+42	2.1516224201294998e+42	1.1446735151256828e+42	7.42181234963611e+41	4.0444711561060414e+41	1.0362948921144709e+41	5.131030703610662e+40	1.948302823945736e+40	1.3425643810124388e+42	6.506604543781318e+41	4.0444711561060414e+41	2.6828705368925858e+41
30989.18059344202	3.3589117700818454e+44	3.8409971545814876e+42	2.2009006803524705e+42	1.1730088930111204e+42	7.613149054579494e+41	4.1534988191794e+41	1.0661393081156218e+41	5.282127696966934e+40	2.0069733573287063e+40	1.37522888685735e+42	6.676161476433539e+41	4.1534988191794e+41	2.7569520132114814e+41
32213.944356443113	3.012565930820776e+44	3.9048948221793434e+42	2.2427121713339276e+42	1.1977357191937431e+42	7.782411331190694e+41	4.251330803104269e+41	1.0934531991627677e+41	5.421289956096682e+40	2.0613451148656554e+40	1.4035626639580295e+42	6.826682766402174e+41	4.251330803104269e+41	2.8239170785087645e+41
33487.240004894054	2.648799755741353e+44	3.9516591198080314e+42	2.2755576589228685e+42	1.2180919259040976e+42	7.924793241419856e+41	4.335436068654366e+41	1.1176251638929573e+41	5.54555753410869e+40	2.110320938339703e+40	1.4266620714790544e+42	6.953988096937211e+41	4.335436068654366e+41	2.8821203208832217e+41
34810.997058636385	2.319537803274633e+44	3.9983503300071095e+42	2.3088645586829177e+42	1.2389399281580411e+42	8.071274580623225e+41	4.422356373269615e+41	1.1427578264370851e+41	5.675008196773894e+40	2.1614328856075846e+40	1.4502711501585014e+42	7.085107026287531e+41	4.422356373269615e+41	2.942409207066904e+41
36187.22177612324	2.0385890271989814e+44	4.0436884843288106e+42	2.3419079056744116e+42	1.2599035524167868e+42	8.219466557840393e+41	4.510828895512315e+41	1.168547289135183e+41	5.808177243052381e+40	2.2141415397303583e+40	1.4739455387627705e+42	7.217959012071522e+41	4.510828895512315e+41	3.0039627235699058e+41
37618.00022241347	1.816361604215633e+44	4.103172607950841e+42	2.38327422918023e+42	1.2854196974613042e+42	8.397662089692976e+41	4.615973248429711e+41	1.1987470506039664e+41	5.963438168165734e+40	2.2753408774177825e+40	1.502924569865506e+42	7.377234554133398e+41	4.615973248429711e+41	3.0766996045020573e+41
39105.50147431512	1.6525878625691635e+44	4.179764557698086e+42	2.4346056791833565e+42	1.3163400315489937e+42	8.61131017726923e+41	4.740716018500394e+41	1.2340913500911916e+41	6.1444013826092065e+40	2.346392487099383e+40	1.5382128313747026e+42	7.567693959349757e+41	4.740716018500394e+41	3.162546225978844e+41
40651.98096118021	1.5535477191112287e+44	4.284168911910212e+42	2.501831441861697e+42	1.3557281058513137e+42	8.879946474700547e+41	4.895497635536672e+41	1.277172633997124e+41	6.363758466879691e+40	2.4320590893069225e+40	1.5834279565251816e+42	7.80638565838327e+41	4.895497635536672e+41	3.2683521111599935e+41
42259.78395631427	1.506562391622185e+44	4.413610951318223e+42	2.583417536996322e+42	1.402795236890526e+42	9.198562920243192e+41	5.0776584079059565e+41	1.327339149307707e+41	6.618336904747363e+40	2.531157858385537e+40	1.6376372883747052e+42	8.088945080515974e+41	5.0776584079059565e+41	3.3923796805604586e+41
43931.349205150495	1.4386478226028833e+44	4.5100674797229365e+42	2.6471974284908067e+42	1.440927068720721e+42	9.46128584953975e+41	5.2306873035155914e+41	1.3706013236221859e+41	6.83974533642486e+40	2.618065628681623e+40	1.681218056773733e+42	8.323001304727503e+41	5.2306873035155914e+41	3.497588786552793e+41
45669.212614861106	1.3665175725670233e+44	4.592146080131234e+42	2.7034122642397736e+42	1.4753853400848013e+42	9.701563907798778e+41	5.372396814165449e+41	1.4113578554418312e+41	7.049476752769572e+40	2.700832215836906e+40	1.7203916803552254e+42	8.537719744625958e+41	5.372396814165449e+41	3.595642459740679e+41
47476.011115449706	1.2519195369299758e+44	4.612648573545778e+42	2.725737147345475e+42	1.4925098310918398e+42	9.832152630714204e+41	5.4561132745661196e+41	1.4380211261120202e+41	7.190836652261345e+40	2.7582016614224326e+40	1.739040518462886e+42	8.656939453022425e+41	5.4561132745661196e+41	3.655914072987858e+41
49354.486611351946	1.123917509580151e+44	4.589824770143797e+42	2.724105462850097e+42	1.4973580108240934e+42	9.885053051251923e+41	5.498794644572119e+41	1.4547509655141995e+41	7.28410996988333e+40	2.7977571279286847e+40	1.743156481541439e+42	8.708529927873866e+41	5.498794644572119e+41	3.68947911047595e+41
51307.49012808569	1.0295701271512869e+44	4.6242265343843486e+42	2.754618008932836e+42	1.5190394258933848e+42	1.0046151553431494e+42	5.599857385625777e+41	1.4862130964109104e+41	7.449942652485439e+40	2.8647161105933763e+40	1.767087158272883e+42	8.854753281260434e+41	5.599857385625777e+41	3.7615599293547415e+41
53337.98619783269	9.336923267854295e+43	4.633560185819963e+42	2.7711976839369336e+42	1.5335716061620247e+42	1.0162045735822513e+42	5.6771051364849874e+41	1.5119575382572467e+41	7.588216046351566e+40	2.9215199155856934e+40	1.7825544496957773e+42	8.961643075375119e+41	5.6771051364849874e+41	3.8181770055726576e+41
55449.057354463206	8.598104336544409e+43	4.721988238033161e+42	2.832631179196125e+42	1.5717130706902782e+42	1.0429907201535678e+42	5.8363781773142724e+41	1.5583517355656962e+41	7.828020946919452e+40	3.0165840387717554e+40	1.82578808258817e+42	9.201474654975183e+41	5.8363781773142724e+41	3.928884954955354e+41
57643.908859695955	7.870731837508119e+43	4.7982247602585896e+42	2.887581606333182e+42	1.6066564993828573e+42	1.0677996927729836e+42	5.985510128261575e+41	1.6024193877403635e+41	8.056806622995668e+40	3.1076645833993453e+40	1.8652011233197448e+42	9.424209157330783e+41	5.985510128261575e+41	4.0331098131081335e+41
59925.87357345169	7.259218347395863e+43	4.928470225429889e+42	2.974019822162298e+42	1.6585051134085505e+42	1.103588388839278e+42	6.1944116710733516e+41	1.6616740357288747e+41	8.360417596570275e+40	3.226982074372283e+40	1.9244139386891603e+42	9.743205556267322e+41	6.1944116710733516e+41	4.1769021289355515e+41
62298.417046223185	6.701291104327213e+43	5.043859655446962e+42	3.052786796781904e+42	1.7066470109435088e+42	1.137102530518874e+42	6.391687012523494e+41	1.7182344705361091e+41	8.651147257730832e+40	3.3415789993430967e+40	1.979180488848497e+42	1.004256033398491e+42	6.391687012523494e+41	4.313253706560841e+41
64765.1427994738	6.204124527608421e+43	5.046873461019872e+42	3.0663108119098466e+42	1.7199335152857385e+42	1.1480543507465406e+42	6.466692605216054e+41	1.7439956612470795e+41	8.790677341413885e+40	3.3993473895954143e+40	1.9930724910532677e+42	1.0144303453912037e+42	6.466692605216054e+41	4.3688925773128865e+41
67329.79782086065	5.79030706849573e+43	5.0492063864404056e+42	3.079066053193429e+42	1.732654634304422e+42	1.1585908510058674e+42	6.5391728695884126e+41	1.769031360954748e+41	8.926520379198e+40	3.4556878198065505e+40	2.0063408134856993e+42	1.024229868133482e+42	6.5391728695884126e+41	4.4227738770226435e+41
69996.27828682908	5.45135504440511e+43	5.039409897060052e+42	3.0843865126021757e+42	1.741217298497289e+42	1.1663695114655613e+42	6.596307448488192e+41	1.790052126860669e+41	9.04241057997349e+40	3.5044388943916e+40	2.0147824881221432e+42	1.0315984233650181e+42	6.596307448488192e+41	4.466382243831118e+41
72768.63551332535	5.217216721987657e+43	5.0177082242323764e+42	3.0822349285419364e+42	1.745506768259432e+42	1.1712791069159794e+42	6.637257304907771e+41	1.806754659277784e+41	9.136708056162375e+40	3.5449286181194537e+40	2.0182897038951227e+42	1.0364296066573395e+42	6.637257304907771e+41	4.49907678765398e+41
75651.0821581659	4.986818946038503e+43	4.985813664450048e+42	3.073480310686713e+42	1.7458927043135488e+42	1.1735171782451637e+42	6.662811707113056e+41	1.8192279441774156e+41	9.209680689472984e+40	3.577200104033821e+40	2.0173245824140707e+42	1.0388859007536733e+42	6.662811707113056e+41	4.521273288170338e+41
78647.99863721374	4.491535399468715e+43	4.947012461487204e+42	3.0601359620935853e+42	1.7434243912213293e+42	1.1737298642960133e+42	6.676169228126302e+41	1.8281358215290223e+41	9.2643704313483e+40	3.602331104470449e+40	2.013133427337395e+42	1.0395229615132828e+42	6.676169228126302e+41	4.5349522444293024e+41
81763.93968752713	4.0210178475102107e+43	4.9062775191814825e+42	3.045847015749437e+42	1.7403710204952306e+42	1.1734568748283236e+42	6.685766453381434e+41	1.835447962208785e+41	9.310037760935546e+40	3.62366364587792e+40	2.0083031212567305e+42	1.039698802328295e+42	6.685766453381434e+41	4.545599107171064e+41
85003.64130714785	3.733672635499995e+43	4.865191731397598e+42	3.0322600270470235e+42	1.738324569991556e+42	1.1740825172130098e+42	6.701447637330809e+41	1.844193225287786e+41	9.361326208266952e+40	3.6463782787732103e+40	2.004469181348871e+42	1.0407163309485395e+42	6.701447637330809e+41	4.560454864292764e+41
88372.02803522458	3.4778120830950883e+43	4.8216640019818006e+42	3.017553321083795e+42	1.7360249764817802e+42	1.1747745600552851e+42	6.719767371955068e+41	1.8550484709008668e+41	9.425539461770785e+40	3.6744732672428205e+40	2.0002141100600085e+42	1.0418641140786489e+42	6.719767371955068e+41	4.578220170834664e+41
91874.22045212856	3.238744922712906e+43	4.774863764502943e+42	3.0010691054443005e+42	1.7328822093556638e+42	1.1749758558122314e+42	6.7359132913418586e+41	1.8658059186049885e+41	9.49118451274486e+40	3.7043859763079476e+40	1.9949361833233777e+42	1.0425978034253869e+42	6.7359132913418586e+41	4.594818146424302e+41
95515.54297899008	3.015284081412391e+43	4.7246604517926574e+42	2.9827122252494716e+42	1.7288374090904097e+42	1.174643273439386e+42	6.74955495934616e+41	1.8761335420056672e+41	9.555146029849551e+40	3.7338613881690227e+40	1.9885687519508068e+42	1.0428775280390417e+42	6.74955495934616e+41	4.609931980639585e+41
99301.53198816587	2.8063983814687676e+43	4.670966904623527e+42	2.9624104982538135e+42	1.7238448945615746e+42	1.1737456416744813e+42	6.760518664496892e+41	1.8859887962381615e+41	9.617219294225749e+40	3.762811684192656e+40	1.9810598220541224e+42	1.0426757193692879e+42	6.760518664496892e+41	4.623446963746333e+41
103237.94423635287	2.6110921204946694e+43	4.613674182479789e+42	2.94007705867451e+42	1.7178502561313767e+42	1.1722458645951796e+42	6.768597171477548e+41	1.8953203872539746e+41	9.677159397647813e+40	3.791148668742375e+40	1.97234738804778e+42	1.041959560543541e+42	6.768597171477548e+41	4.635225843137541e+41
107330.76563315434	2.428403107150506e+43	4.552643589284529e+42	2.915605393500459e+42	1.710787549163546e+42	1.170099053486575e+42	6.773539310154059e+41	1.9040655085742526e+41	9.73466453190664e+40	3.8187627014756943e+40	1.9623561819478044e+42	1.0406893385927433e+42	6.773539310154059e+41	4.6451018570841585e+41
111586.22035841313	2.2574053258351367e+43	4.487701534468002e+42	2.888865888453265e+42	1.7025772352978246e+42	1.16725112388239e+42	6.77504198224009e+41	1.912147708082127e+41	9.789365369311795e+40	3.8455186631117903e+40	1.9509953146108656e+42	1.0388171999070586e+42	6.77504198224009e+41	4.652873332518412e+41
116010.78034214975	2.0972144698239518e+43	4.418637571525401e+42	2.8597040932288987e+42	1.6931249859416838e+42	1.1636379322353114e+42	6.772744989589492e+41	1.9194754339408067e+41	9.840817737959108e+40	3.8712531480162244e+40	1.9381569426893138e+42	1.036286374178394e+42	6.772744989589492e+41	4.6583001123040605e+41
120611.17512149161	1.946995673484717e+43	4.3452066555079086e+42	2.8279413322657804e+42	1.6823216889760913e+42	1.1591851744571922e+42	6.766229894923191e+41	1.9259415660705938e+41	9.888500097604795e+40	3.895773450042882e+40	1.9237163597766988e+42	1.0330310617668457e+42	6.766229894923191e+41	4.661102612936084e+41
125394.40208954953	1.8059723136757182e+43	4.2671361724732843e+42	2.793378023781153e+42	1.6700448666306438e+42	1.1538091847370578e+42	6.755023683305938e+41	1.9314241315013083e+41	9.931816795116735e+40	3.918858711163948e+40	1.9075337523026692e+42	1.0289771064935643e+42	6.755023683305938e+41	4.660964025117652e+41
130367.73715179726	1.673434498044899e+43	4.184137673549045e+42	2.7557997254327746e+42	1.6561615347269836e+42	1.1474186598382638e+42	6.738607388808033e+41	1.93578825250637e+41	9.97010734808967e+40	3.9402633287752123e+40	1.8894576507450306e+42	1.0240434771093984e+42	6.738607388808033e+41	4.657535773952906e+41
135538.74580613425	1.548745868419237e+43	4.0959226246527476e+42	2.7149855727104216e+42	1.6405323488861845e+42	1.1399172156630584e+42	6.716429214668192e+41	1.9388892177274443e+41	1.000266122782496e+41	3.959722425835888e+40	1.8693298893506628e+42	1.0181444772092339e+42	6.716429214668192e+41	4.650445937261631e+41
140915.2946634662	1.4313476036707526e+43	4.002220980249223e+42	2.6707184848471003e+42	1.623016728191187e+42	1.1312065826495499e+42	6.6879211330023434e+41	1.9405764300700973e+41	1.002873694316722e+41	3.976958936264647e+40	1.8469917055229978e+42	1.0111925156189012e+42	6.6879211330023434e+41	4.6393099627784205e+41
146505.56342631954	1.3207589371325812e+43	3.9028010874313996e+42	2.6227963309936544e+42	1.6034785473380107e+42	1.1211901815508799e+42	6.65251759436722e+41	1.9406978944706572e+41	1.0047583780092991e+41	3.991691689706262e+40	1.8222904939277502e+42	1.0031012121997635e+42	6.65251759436722e+41	4.623742789069497e+41
152318.05734371746	1.2165740091593179e+43	3.797489352863774e+42	2.571043195012878e+42	1.5817919551838964e+42	1.1097767985095642e+42	6.609674848463248e+41	1.9391048742028303e+41	1.0058464380466837e+41	4.0036438145893586e+40	1.795086692509457e+42	9.93788593930172e+41	6.609674848463248e+41	4.603371387811944e+41
158361.6201612829	1.1184553564479184e+43	3.6861882370549746e+42	2.5153199401032083e+42	1.5578469063117753e+42	1.096884095493432e+42	6.558889462606558e+41	1.9356563635866817e+41	1.0060676434721983e+41	4.0125508118641383e+40	1.7652603124630867e+42	9.831801508356342e+41	6.558889462606558e+41	4.577846799004471e+41
164645.44758630384	1.0261247191649532e+43	3.568891420772924e+42	2.4555334237633346e+42	1.531554067304878e+42	1.0824417393850011e+42	6.499714873221744e+41	1.93022308536724e+41	1.0053572056975202e+41	4.0181677613889316e+40	1.732716713377629e+42	9.712115624037745e+41	6.499714873221744e+41	4.546854892475776e+41
171179.1012882897	9.393520812260046e+42	3.445695345954953e+42	2.3916439096637858e+42	1.5028488603454972e+42	1.0663939972475815e+42	6.4317751478455615e+41	1.922690805431332e+41	1.0036573823133012e+41	4.02027527712175e+40	1.6973913440277426e+42	9.578309611391998e+41	6.4317751478455615e+41	4.510125313098348e+41
177972.52345637564	8.579439392893416e+42	3.316806701570581e+42	2.3236704278425796e+42	1.4716945135729746e+42	1.048701713728897e+42	6.3547755022295734e+41	1.912962848787695e+41	1.000918689893977e+41	4.018683994571151e+40	1.659253295158512e+42	9.430006597011698e+41	6.3547755022295734e+41	4.4674383082057835e+41
185036.05193578434	7.81731740858306e+42	3.182545753200546e+42	2.2516940189533256e+42	1.4380840847005656e+42	1.0293436490882385e+42	6.268509454375511e+41	1.9009617851048047e+41	9.971007098235226e+40	4.013237529036706e+40	1.6183076247169552e+42	9.266983227659709e+41	6.268509454375511e+41	4.418629357776465e+41
192380.43596644254	7.105612771813256e+42	3.043345674027697e+42	2.1758589442352474e+42	1.4020415019612403e+42	1.0083172065921132e+42	6.1728627700723015e+41	1.8866303207931528e+41	9.921725048700158e+40	4.0038139697505875e+40	1.5745965069595383e+42	9.08917608791159e+41	6.1728627700723015e+41	4.363591708043266e+41
200016.85254776638	6.44283604504919e+42	2.899748214274411e+42	2.0963720435645595e+42	1.3636217205167458e+42	9.856386133317235e+41	6.067814547768531e+41	1.8699314837552793e+41	9.861126883899917e+40	3.9903260658703994e+40	1.5281993200804825e+42	8.896683378616032e+41	6.067814547768531e+41	4.302277037323429e+41
207956.9234545822	5.827478372841808e+42	2.7523961501890664e+42	2.0135004808790998e+42	1.3229101234397287e+42	9.613426390425611e+41	5.953435904851169e+41	1.850848216492816e+41	9.789092026263066e+40	3.972720315240969e+40	1.4792318230394777e+42	8.689762598954482e+41	5.953435904851169e+41	4.234694559189719e+41
216212.73293013708	5.2579594085918245e+42	2.6020229959540722e+42	1.927568136351563e+42	1.28002130759094e+42	9.354819453079942e+41	5.829886773306567e+41	1.8293825058362257e+41	9.705588688298243e+40	3.950975190614638e+40	1.427844585105399e+42	8.468825044630571e+41	5.829886773306567e+41	4.160908899559388e+41
224796.8460831791	4.732594700559972e+42	2.4494404596445007e+42	1.838950897228093e+42	1.2350973908093618e+42	9.081261555267336e+41	5.697411305765908e+41	1.805554176951771e+41	9.610667717419206e+40	3.9250987375432457e+40	1.3742208268013017e+42	8.234427918659833e+41	5.697411305765908e+41	4.081037080960199e+41
233722.32801715148	4.2495806497502457e+42	2.295524094867805e+42	1.7480710737669365e+42	1.1883059626176345e+42	8.793607272534157e+41	5.556332349212965e+41	1.7793994694764427e+41	9.504455362760167e+40	3.895125760756018e+40	1.3185738141386439e+42	7.987264775797207e+41	5.556332349212965e+41	3.995244919709956e+41
243002.76372065317	3.8069942813999927e+42	2.1411975582753448e+42	1.655391131870754e+42	1.1398377805219007e+42	8.492856957687122e+41	5.407045378004983e+41	1.750969498332359e+41	9.387145468434205e+40	3.861114788313964e+40	1.2611439244868739e+42	7.728154911119978e+41	5.407045378004983e+41	3.903743099764328e+41
252652.2787494688	3.402804641613379e+42	1.987415841617875e+42	1.56140689675004e+42	1.0899042914846812e+42	8.180143432281783e+41	5.250012202182414e+41	1.7203286839363038e+41	9.258991511330827e+40	3.8231449706348314e+40	1.2021954763294902e+42	7.4580321770834e+41	5.250012202182414e+41	3.806783138331792e+41
262685.56073166826	3.034892563099456e+42	1.8351478134622105e+42	1.4666403472999748e+42	1.0387350358116141e+42	7.856718330641032e+41	5.085754689693947e+41	1.6875532182330508e+41	9.120298812999423e+40	3.7813130384596636e+40	1.142013389534905e+42	7.177933585271902e+41	5.085754689693947e+41	3.704653408512638e+41
273117.8817285223	2.7010757466291417e+42	1.685358385188818e+42	1.3716320924967165e+42	9.865749704134493e+41	7.523938356485467e+41	4.914848668311848e+41	1.6527296157861463e+41	8.97141717201926e+40	3.735730412844318e+40	1.0808997198803756e+42	6.888987929284391e+41	4.914848668311848e+41	3.597675337235324e+41
283965.1214852758	2.3991364842657335e+42	1.5389906100607744e+42	1.2769336010077618e+42	9.336817312305404e+41	7.183251591919003e+41	4.737918107783015e+41	1.6159533838215182e+41	8.812734089282387e+40	3.6865205327283746e+40	1.0191700926703954e+42	6.592404559058355e+41	4.737918107783015e+41	3.4861998546560655e+41
295243.7916071693	2.1268498246515568e+42	1.3969480321972156e+42	1.1830992443265399e+42	8.803228411257808e+41	6.836183897784914e+41	4.555629626644507e+41	1.5773278319827633e+41	8.644668695522864e+40	3.6338164422089696e+40	9.571500460986689e+41	6.289462347203225e+41	4.555629626644507e+41	3.3706041348836412e+41
306971.0606975027	1.8820104845894566e+42	1.2600776216863422e+42	1.0906782124539276e+42	8.26772860173025e+41	6.4843253655752376e+41	4.3686873220885816e+41	1.5369630318377214e+41	8.467666439303943e+40	3.5777586607497963e+40	8.951712859937182e+41	5.9814988164620965e+41	4.3686873220885816e+41	3.251288637968294e+41
319164.780495994	1.662457295739549e+42	1.129153657862326e+42	1.000206368610086e+42	7.733104698503372e+41	6.129316722854669e+41	4.177827884207848e+41	1.4949749275353879e+41	8.282194552858119e+40	3.518493344562364e+40	8.335678495822786e+41	5.669899342976359e+41	4.177827884207848e+41	3.128674438735369e+41
331843.51305720647	1.4660944099169877e+42	1.0048629494942386e+42	9.121981247995517e+41	7.202154812460689e+41	5.772835556891605e+41	3.9838159277517084e+41	1.451484592359316e+41	8.088738282236792e+40	3.4561707361591685e+40	7.726721769077711e+41	5.356086312782645e+41	3.9838159277517084e+41	3.0032008090680117e+41
345026.5590103956	1.2909088536274759e+42	8.877918015129404e+41	8.271384415716829e+41	6.677657597772276e+41	5.416582203674636e+41	3.787439454189118e+41	1.4066176209229909e+41	7.887797845517942e+40	3.3909438909839876e+40	7.128110941957557e+41	5.041508087782087e+41	3.787439454189118e+41	2.875323005869167e+41
358733.9869437733	1.1349843156862317e+42	7.784151458246139e+41	7.454750808381418e+41	6.1623406480511125e+41	5.062265150473586e+41	3.589505343415816e+41	1.3605036430462081e+41	7.679886066562772e+40	3.3229676644085276e+40	6.543017232693412e+41	4.727627631137816e+41	3.589505343415816e+41	2.7455102063638696e+41
372986.66395789373	9.965112728202648e+41	6.7708824207758344e+41	6.6761126764604e+41	5.65884811636239e+41	4.711585819100886e+41	3.390834767446325e+41	1.3132759427181143e+41	7.4655266208991015e+40	3.252397938838568e+40	5.974473445548261e+41	4.4159106503022235e+41	3.390834767446325e+41	2.6142435252133858e+41
387806.2874346465	8.73793713574514e+41	5.840413171210777e+41	5.938989423664007e+41	5.169707752789294e+41	4.366222633188763e+41	3.1922584174291057e+41	1.26507116373998e+41	7.245252823458006e+40	3.179391068718952e+40	5.425332575046504e+41	4.107813138054511e+41	3.1922584174291057e+41	2.48201404364059e+41
403215.41807018913	7.652528199727911e+41	4.993774452208587e+41	5.246328055465747e+41	4.6972976942096465e+41	4.027814325224496e+41	2.994611440084877e+41	1.2160290824472899e+41	7.019606884046612e+40	3.10410352047188e+40	4.898227004198523e+41	3.804768227552459e+41	2.994611440084877e+41	2.3493207791113583e+41
419237.5142220753	6.694280194236103e+41	4.230738731347943e+41	4.600453701222924e+41	4.243813495663483e+41	3.697942505831156e+41	2.798727989645329e+41	1.1662924270233115e+41	6.789139553936574e+40	3.026691684207977e+40	4.3955291035082425e+41	3.5081723252068664e+41	2.798727989645329e+41	2.2166685245689874e+41
435896.96762283694	5.849758372580337e+41	3.549868668940231e+41	4.003032368132881e+41	3.8112360543863525e+41	3.3781135990004216e+41	2.6054353178015544e+41	1.1160067225628977e+41	6.554410086854315e+40	2.9473118348348206e+40	3.919314218083842e+41	3.219370546043102e+41	2.6054353178015544e+41	2.0845654895755465e+41
453219.1405143523	5.1066697162962804e+41	2.9486000521636313e+41	3.4550479500526036e+41	3.401301231786965e+41	3.0697403378932095e+41	2.415547345774899e+41	1.0653201407243913e+41	6.315986437262859e+40	2.8661202208963667e+40	3.4713271840859657e+41	2.9396415467496524e+41	2.415547345774899e+41	1.9535206810667587e+41
471230.40425950213	4.4538198605728255e+41	2.423356770869268e+41	2.9567952148697236e+41	3.015472114237862e+41	2.7741231144918823e+41	2.2298576905008586e+41	1.0143833327703322e+41	6.074445619213725e+40	2.7832732605184804e+40	3.0529536271717775e+41	2.670181931277706e+41	2.2298576905008586e+41	1.8240409696582378e+41
489958.1794898568	3.881059771256524e+41	1.969693700589163e+41	2.5078900209341455e+41	2.654914955039757e+41	2.492431577509754e+41	2.0491321507331748e+41	9.633492249540573e+40	5.830374149523153e+40	2.698927824921103e+40	2.6651973450633537e+41	2.412090489247823e+41	2.0491321507331748e+41	1.6966277985796278e+41
509430.97785047936	3.379225310345524e+41	1.5824617554296288e+41	2.1072973729663362e+41	2.320479891786808e+41	2.2256869702376574e+41	1.874100698227428e+41	9.123727555513862e+40	5.58436849924869e+40	2.613241590919847e+40	2.308665046315757e+41	2.1663526143501015e+41	1.874100698227428e+41	1.5717735065282552e+41
529678.4454053593	2.9400723681180412e+41	1.2559880295918534e+41	1.753377146412891e+41	2.0126875210501033e+41	1.974745785999522e+41	1.7054490633521838e+41	8.616105334142394e+40	5.337035477314518e+40	2.5263734445941636e+40	1.98355959384954e+41	1.933825333171645e+41	1.7054490633521838e+41	1.449957253215266e+41
550731.4077695183	2.5562097901353856e+41	9.842630045545144e+40	1.4439464315198388e+41	1.7317223241715173e+41	1.7402853855400473e+41	1.5438100525817739e+41	8.112203989208311e+40	5.088992470234596e+40	2.4384839190147127e+40	1.6896826771176597e+41	1.7152234484919248e+41	1.5438100525817739e+41	1.331640557432524e+41
572621.9170364559	2.2210319040582063e+41	7.611263734512e+40	1.1763565353997635e+41	1.477433765443813e+41	1.5227922583204172e+41	1.3897547850790614e+41	7.613608695819234e+40	4.840867461612153e+40	2.349735649282166e+40	1.4264475098044135e+41	1.5111073572175732e+41	1.3897547850790614e+41	1.217262481688588e+41
595383.300572337	1.9286520674142947e+41	5.804431952887035e+40	9.475818076939373e+40	1.2493456261287091e+41	1.3225536100037575e+41	1.2437840847596066e+41	7.121904545692616e+40	4.593298755258509e+40	2.2602938283552857e+40	1.1929017309441894e+41	1.3218731345021057e+41	1.2437840847596066e+41	1.107234524727512e+41
619050.2117511623	1.6738383184803862e+41	4.362628506569332e+40	7.543167035020193e+40	1.0466738006408846e+41	1.1396529133719475e+41	1.1063203093333055e+41	6.638668251077754e+40	4.346934326212971e+40	2.1703266470529492e+40	9.877601963771188e+40	1.1477454743340539e+41	1.1063203093333055e+41	1.0019353126639274e+41
643658.6827081157	1.4519519207932223e+41	3.22954575959006e+40	5.930769443651687e+40	8.683523805583521e+40	9.739699645194792e+40	9.776999351717826e+40	6.165458312271946e+40	4.1024307254468893e+40	2.0800057013784923e+40	8.09446816145043e+40	9.887740367433337e+40	9.776999351717826e+40	9.017052100924432e+40
669246.1791913543	1.2588893461031168e+41	2.353150922835025e+40	4.603003489755137e+40	7.13067412127443e+40	8.251858384548319e+40	8.581672419899354e+40	5.703803598741492e+40	3.860451466791696e+40	1.9895063498520097e+40	6.561440618312661e+40	8.448336681040809e+40	8.581672419899354e+40	8.068410026978723e+40
695851.6575956978	1.0910280381953953e+41	1.686458568116261e+40	3.5244292275262036e+40	5.792972661080244e+40	6.927929411835779e+40	7.47869449929921e+40	5.255190349810323e+40	3.621664829415705e+40	1.899008002985414e+40	5.258482821846437e+40	7.156288325144224e+40	7.47869449929921e+40	7.17590830688936e+40
723515.624264995	9.451761365945444e+40	1.1879955825268648e+40	2.6606613229782536e+40	4.653581426929391e+40	5.761101169346489e+40	6.468536494242393e+40	4.821047667553478e+40	3.3867410162050704e+40	1.8086943262937986e+40	4.1642857259910395e+40	6.007024212734481e+40	6.468536494242393e+40	6.341495752780936e+40
752280.1971533949	8.185262104806997e+40	8.219745692439483e+39	1.9791192677171808e+40	3.69452888509268e+40	4.743025033203649e+40	5.550658280851393e+40	4.402731652266364e+40	3.15634861859279e+40	1.718753337492246e+40	3.256866870331953e+40	4.9944890138161185e+40	5.550658280851393e+40	5.566549158736833e+40
782189.16993934	7.086129547627151e+40	5.582085727560025e+39	1.4496295027350075e+40	2.8972106416571707e+40	3.864055528039589e+40	4.723522372358706e+40	4.0015084197810593e+40	2.9311503531050096e+40	1.6293773782091602e+40	2.5141539234028243e+40	4.1113153486044763e+40	4.723522372358706e+40	4.8518428107873e+40
813288.078689828	6.132747261035312e+40	3.718125876540838e+39	1.0448643593914065e+40	2.2428809754992768e+40	3.1135237732057666e+40	3.984632529253717e+40	3.618536333365636e+40	2.711798052190506e+40	1.5407629396627783e+40	1.9145276109138734e+40	3.349031637379001e+40	3.984632529253717e+40	4.1975290869049337e+40
845624.2711763706	5.306187448624209e+40	2.427448024240685e+39	7.406138606211256e+39	1.7131140859434008e+40	2.4800334975055233e+40	3.3305977641305675e+40	3.2548478838191955e+40	2.498926916031472e+40	1.453110322083422e+40	1.4373017981656704e+40	2.6982983156175333e+40	3.3305977641305675e+40	3.603132077673807e+40
879246.9789481057	4.589897531750182e+40	1.5524275093822208e+39	5.158971728436323e+39	1.2902159601585206e+40	1.9517673260072755e+40	2.7572209127567866e+40	2.911331747940568e+40	2.293149059392487e+40	1.3666231076933401e+40	1.0631229273018347e+40	2.1491632042105105e+40	2.7572209127567866e+40	3.067555771747749e+40
914207.392271724	3.9694189831003977e+40	9.720692991142033e+38	3.529298921807879e+39	9.575712233587643e+39	1.5167902089600587e+40	2.2596095773120714e+40	2.5887156472353975e+40	2.0950464217687176e+40	1.2815074285820035e+40	7.742766850295755e+39	1.6913254356605987e+40	2.2596095773120714e+40	2.5891078094598423e+40
950558.7380522139	3.432135991306985e+40	5.957791170848236e+38	2.3697059754809673e+39	6.999138940126367e+39	1.1633369396400464e+40	1.8323058861328545e+40	2.287550700775296e+40	1.9051631455133168e+40	1.19797101212769e+40	5.548961574082482e+39	1.3143966279862786e+40	1.8323058861328545e+40	2.165539118559689e+40
988356.3608529834	2.967051515519001e+40	3.574379156573605e+38	1.5607471444616063e+39	5.0351621646377145e+39	8.800717421764134e+39	1.4694302863097253e+40	2.00819801740916e+40	1.7239975691551736e+40	1.1162219901325419e+40	3.910722237087493e+39	1.0081480854320758e+40	1.4694302863097253e+40	1.7940989532505201e+40
1027657.8071386123	2.5645883222354337e+40	2.1004324350329742e+38	1.0078552839661109e+39	3.5629518037091403e+39	6.563098256880814e+39	1.1648335969367016e+40	1.7508182861262312e+40	1.551994025315682e+40	1.0364674614772312e+40	2.7087294063311988e+39	7.627337046170105e+39	1.1648335969367016e+40	1.4716039996136528e+40
1068522.9128684015	2.2164126854563357e+40	1.2107628520487409e+38	6.379132645857937e+38	2.478414631292014e+39	4.821934477903617e+39	9.122509199088966e+39	1.5153650991368393e+40	1.389534677829748e+40	9.589118046959488e+39	1.8428365328720817e+39	5.688799308734364e+39	9.122509199088966e+39	1.1945193625433505e+40
1111013.8945739763	1.9152785364169821e+40	6.865924479363496e+37	3.957455788309978e+38	1.6937988279607784e+39	3.488181551482226e+39	7.054507961305139e+39	1.3015826615038943e+40	1.2369316699767648e+40	8.837547425898391e+39	1.2308314322478495e+39	4.180363892351581e+39	7.054507961305139e+39	9.590484684179467e+39
1155195.4440595037	1.6548899940806747e+40	3.849161598082445e+37	2.407422733744749e+38	1.136736879625559e+39	2.483081950139672e+39	5.383732692655104e+39	1.1090084168885557e+40	1.0944198933169279e+40	8.111891717422415e+39	8.067308892827436e+38	3.024835177775885e+39	5.383732692655104e+39	7.61228298972847e+39
1201134.8268685853	1.4297803443218484e+40	2.149925830340449e+37	1.4377180817089513e+38	7.488691814936029e+38	1.7384329121928307e+39	4.0525124697680994e+39	9.369809317002131e+39	9.621507069157291e+39	7.413987786417231e+39	5.187844375781089e+38	2.1539638529893465e+39	4.0525124697680994e+39	5.970259573838676e+39
1248901.9846676227	1.2352056931157585e+40	1.2097246123712055e+37	8.448230144685451e+37	4.8419611493170674e+38	1.1964177948148466e+39	3.0071069657103256e+39	7.846531530086542e+39	8.401869483562726e+39	6.745554773844403e+39	3.273520779430933e+38	1.5086663227784793e+39	3.0071069657103256e+39	4.6243242987900576e+39
1298569.6417014091	1.0670516670503822e+40	6.953613853794243e+36	4.90378721338278e+37	3.0729917833218636e+38	8.090725742392829e+38	2.1984666327971918e+39	6.510108868725042e+39	7.284995677941971e+39	6.10816716576303e+39	2.0279785904157964e+38	1.038868744480449e+39	2.1984666327971918e+39	3.53549556416653e+39
1350213.4154828803	9.21751683444041e+39	4.142183141513884e+36	2.8292843620905826e+37	1.9155436511033833e+38	5.374728192306197e+38	1.5827372916496243e+39	5.348960570469072e+39	6.269661865328182e+39	5.503227173704169e+39	1.2351087058833528e+38	7.030376083367063e+38	1.5827372916496243e+39	2.6666666841007457e+39
1403911.9318854148	7.962154528404273e+39	2.5837715285708134e+36	1.6373852807149517e+37	1.1743658400053582e+38	3.50731854082349e+38	1.1215118317405854e+39	4.350340166074326e+39	5.3537182736155936e+39	4.9319371831818336e+39	7.413153209642414e+37	4.674705304221324e+38	1.1215118317405854e+39	1.983240531138595e+39
1459746.9448127535	6.877665126295218e+39	1.6916355967406115e+36	9.618973514159375e+36	7.098605995255399e+37	2.2489829156718106e+38	7.818469941039871e+38	3.500639241945076e+39	4.534119877518779e+39	4.395273166800272e+39	4.402804589060639e+37	3.0542548098078704e+38	7.818469941039871e+38	1.453613051632653e+39
1517803.4606285777	5.940877117675779e+39	1.1552085196577505e+36	5.812807102988885e+36	4.247969599505504e+37	1.4183189657339374e+38	5.3607585473562616e+38	2.785709813314265e+39	3.8069812593198594e+39	3.8939600583571715e+39	2.6038669833235846e+37	1.9616439384119962e+38	5.3607585473562616e+38	1.049496388378346e+39
1578169.8675350156	5.131736864180468e+39	8.133868696253259e+35	3.6550763148767304e+36	2.532512965776863e+37	8.812271620618958e+37	3.6145573523564e+38	2.1911918838682404e+39	3.1676551575535e+39	3.428450180126327e+39	1.547216839267574e+37	1.2397912212719454e+38	3.6145573523564e+38	7.460827242534577e+38
1640938.0700968744	4.432894689657485e+39	5.832544349132129e+35	2.4050254978477596e+36	1.5174604940620154e+37	5.410167764521739e+37	2.396962504013805e+38	1.7028322181129378e+39	2.610832973911808e+39	2.9989058392784145e+39	9.34236072540268e+36	7.725557362928213e+37	2.396962504013805e+38	5.220595642932311e+38
1706203.6291162272	3.829344705243833e+39	4.216025846484368e+35	1.652341825843867e+36	9.240815869023104e+36	3.2973544822004144e+37	1.5641306662605995e+38	1.3067808110087858e+39	2.1306642274962816e+39	2.6051871901851353e+39	5.803039106271589e+36	4.7617439389857855e+37	1.5641306662605995e+38	3.594952286325879e+38
1774065.9070700984	3.308111653052759e+39	3.0498163678523823e+35	1.1751773311791867e+36	5.787657394872692e+36	2.0087042168696572e+37	1.0055008136206189e+38	9.898529733023155e+38	1.7208907516147453e+39	2.2468463726091588e+39	3.745802889687223e+36	2.9176016358948395e+37	1.0055008136206189e+38	2.4361918431240233e+38
1844628.2193324743	2.8579788304028427e+39	2.1974714197647476e+35	8.555458677981727e+35	3.764738226596622e+36	1.2343435626647175e+37	6.380691482996745e+37	7.397472500217254e+38	1.3749904205304394e+39	1.9231287654949722e+39	2.5241883984115464e+36	1.789877795227652e+37	6.380691482996745e+37	1.625251498024064e+38
1917997.9914106396	2.4692518637340785e+39	1.5725125501265609e+35	6.308787730197254e+35	2.554505298049347e+36	7.734680948337073e+36	4.010083709495903e+37	5.4521237380672814e+38	1.0863244905124383e+39	1.6329819523560017e+39	1.7713523508163213e+36	1.1097716591321439e+37	4.010083709495903e+37	1.0682562636085514e+38
1994286.922434993	2.1335537418216788e+39	1.1156386065404386e+35	4.673744720855171e+35	1.803639564417024e+36	4.9956153926079676e+36	2.5083605991075143e+37	3.96159851090682e+38	8.482823217902117e+38	1.3750726836657833e+39	1.2840528676312539e+36	7.029726717678814e+36	2.5083605991075143e+37	6.928487907498707e+37
2073611.155151008	1.8436470704631553e+39	7.838525191063665e+34	3.459044153031084e+35	1.314779980174294e+36	3.351320099093626e+36	1.572515969021297e+37	2.837222629548961e+38	6.544173487674557e+38	1.1478117423103974e+39	9.516014904020312e+35	4.5955911885163224e+36	1.572515969021297e+37	4.445386794120608e+37
2156091.4526718706	1.5932800082061822e+39	5.4500850773256545e+34	2.548307925329205e+35	9.79589812438173e+35	2.340135421417429e+36	9.96850856448342e+36	2.0026063236101927e+38	4.9856871047337734e+38	9.493862041263256e+38	7.140169684590647e+35	3.12125836497185e+36	9.96850856448342e+36	2.832583776710085e+37
2241853.38226063	1.377052808165515e+39	3.7478703489344073e+34	1.8645890984882736e+35	7.389494667207562e+35	1.6941211787520328e+36	6.454053896658643e+36	1.3932698614413556e+38	3.749639133144718e+38	7.77798176728782e+38	5.383278279444066e+35	2.2045487321286196e+36	6.454053896658643e+36	1.8025882633066584e+37
2331027.50642136	1.1903022408589181e+39	2.547818216694342e+34	1.3531621366863757e+35	5.6018698639807065e+35	1.2612463089733114e+36	4.3071799250375625e+36	9.559027547161822e+37	2.782991481493179e+38	6.3090867714863845e+38	4.0566498342472335e+35	1.6115577876618984e+36	4.3071799250375625e+36	1.1542420670333213e+37
2423749.5815899554	1.029001557770827e+39	1.7114329348669378e+34	9.731141334424574e+34	4.2454988459450726e+35	9.566059822109345e+35	2.98034033353185e+36	6.473504206746946e+37	2.0379538807208967e+38	5.0648499117194066e+38	3.04489466561947e+35	1.2091783647057952e+36	2.98034033353185e+36	7.503691820851731e+36
2520160.764726729	8.896739295566956e+38	1.1354502399899095e+34	6.930277264547867e+34	3.2056483615112882e+35	7.329776221382473e+35	2.1397680179722094e+36	4.334254542531711e+37	1.4722993667573455e+38	4.022495919339604e+38	2.271544498629738e+35	9.227611021920542e+35	2.1397680179722094e+36	4.9984557566792275e+36
2620407.8281250047	7.693175728386458e+38	7.43706607544884e+33	4.885323344404781e+34	2.4063435799274377e+35	5.637174264436898e+35	1.5870581568206087e+36	2.876360926892621e+37	1.0494459720584988e+38	3.1592857441304435e+38	1.6820011392643447e+35	7.105349814053283e+35	1.5870581568206087e+36	3.4372202972894875e+36
2724643.3827623557	6.6534100349668814e+38	4.80691019080702e+33	3.407229778924472e+34	1.7933522381790937e+35	4.331966586669587e+35	1.2068172203569095e+36	1.8991327297556326e+37	7.383292745023937e+37	2.452975660576699e+38	1.2351083287050563e+35	5.487312545276826e+35	1.2068172203569095e+36	2.4485770948111727e+36
2833026.110534173	5.755070651793948e+38	3.064520935493797e+33	2.350147371949486e+34	1.3257356611430703e+35	3.3164730868420053e+35	9.329697901028346e+35	1.2540200555448784e+37	5.131004829419666e+37	1.8822322978078147e+38	8.98852396358884e+34	4.2325346963518845e+35	9.329697901028346e+35	1.8044507078788248e+36
2945721.005722692	4.978845559588179e+38	1.9261410617283367e+33	1.6024972355364796e+34	9.71544807250763e+34	2.5247505330825233e+35	7.278621740515783e+35	8.336475165921607e+36	3.526910774483361e+37	1.426987594829543e+38	6.479859968134231e+34	3.2517994152476925e+35	7.278621740515783e+35	1.368074399871666e+36
3062899.626068698	4.308064274493264e+38	1.192982401895951e+33	1.0797666024103985e+34	7.0546242887349285e+34	1.908932425640981e+35	5.6977744685972745e+35	5.622625928659605e+36	2.4028749904754877e+37	1.0687216415095767e+38	4.625451276587897e+34	2.4841342984021712e+35	5.6977744685972745e+35	1.0590545239212037e+36
3184740.353827679	3.728336751805102e+38	7.277572269026136e+32	7.186408872645646e+33	5.073521740810202e+34	1.4323453977231823e+35	4.457490711590542e+35	3.877268673793833e+36	1.6275822958529516e+37	7.906661589801372e+37	3.2680077846997564e+34	1.884824445139872e+35	4.457490711590542e+35	8.307434766001895e+35
3311428.6672074087	3.2272414930768475e+38	4.37044812044362e+32	4.722355188831663e+33	3.612448627812039e+34	1.0659652468325536e+35	3.47571894301514e+35	2.7504045411032585e+36	1.1007129462754772e+37	5.77926419973338e+37	2.2844702942408785e+34	1.4193426112293642e+35	3.47571894301514e+35	6.561100994784609e+35
3443157.422599689	2.794056191230316e+38	2.582419874085544e+32	3.06253498035167e+33	2.5455782700402107e+34	7.864676657389945e+34	2.6966116120342466e+35	2.0128774333770996e+36	7.473368252430411e+36	4.175243949611105e+37	1.5794072382034209e+34	1.0602024521248572e+35	2.6966116120342466e+35	5.192345811106272e+35
3580127.148035411	2.419525141794538e+38	1.5005740160420616e+32	1.9592300465778228e+33	1.7745977424500114e+34	5.750304528436458e+34	2.0793452944210533e+35	1.5182731597885987e+36	5.1276324338033304e+36	2.9837033995069606e+37	1.0795414785904356e+34	7.852117234130492e+34	2.0793452944210533e+35	4.103725650502095e+35
3722546.3483091346	2.0956584529321675e+38	8.569973795316924e+31	1.2358709680615206e+33	1.2234216151547893e+34	4.164986747383107e+34	1.5923688200953918e+35	1.1751740344076092e+36	3.580009496817513e+36	2.1117357709899028e+37	7.292028144099649e+33	5.763880912244227e+34	1.5923688200953918e+35	3.2319044805932523e+35
3870631.82223713	1.8155587021797543e+38	4.807820504350538e+31	7.683167957693133e+32	8.337697591962503e+33	2.9874014930082167e+34	1.210416284231077e+35	9.276415817810412e+35	2.5590593372014056e+36	1.4830557486976476e+37	4.86569101528024e+33	4.1919602775984e+34	1.210416284231077e+35	2.532662621575561e+35
4024608.9925312544	1.5732713145106512e+38	2.647963616311724e+31	4.705197096545528e+32	5.614838998006153e+33	2.1211686990333996e+34	9.12880734605029e+34	7.41956931538204e+35	1.880291158293635e+36	1.0362957734328763e+37	3.205879287154844e+33	3.019535625778411e+34	9.12880734605029e+34	1.9729774739487833e+35
