#t	Le	U	B	V	R	I	J	H	K	g	r	i	z
#----------------------------------------------- 
2.981965994818276	0.0	0.0	0.0	0.0	0.0	0.0	0.0	0.0	0.0	0.0	0.0	0.0	0.0
3.0609341231524025	0.0	0.0	0.0	0.0	0.0	0.0	0.0	0.0	0.0	0.0	0.0	0.0	0.0
3.1577467230089704	0.0	0.0	0.0	0.0	0.0	0.0	0.0	0.0	0.0	0.0	0.0	0.0	0.0
3.261254521985072	0.0	0.0	0.0	0.0	0.0	0.0	0.0	0.0	0.0	0.0	0.0	0.0	0.0
3.370146429359791	0.0	0.0	0.0	0.0	0.0	0.0	0.0	0.0	0.0	0.0	0.0	0.0	0.0
3.4842709671383747	0.0	0.0	0.0	0.0	0.0	0.0	0.0	0.0	0.0	0.0	0.0	0.0	0.0
3.6037326263900846	0.0	0.0	0.0	0.0	0.0	0.0	0.0	0.0	0.0	0.0	0.0	0.0	0.0
3.7287233116312146	0.0	0.0	0.0	0.0	0.0	0.0	0.0	0.0	0.0	0.0	0.0	0.0	0.0
3.8594761479113764	0.0	0.0	0.0	0.0	0.0	0.0	0.0	0.0	0.0	0.0	0.0	0.0	0.0
3.9962495699453364	0.0	0.0	0.0	0.0	0.0	0.0	0.0	0.0	0.0	0.0	0.0	0.0	0.0
4.139321007293536	0.0	0.0	0.0	0.0	0.0	0.0	0.0	0.0	0.0	0.0	0.0	0.0	0.0
4.288984171173583	0.0	0.0	0.0	0.0	0.0	0.0	0.0	0.0	0.0	0.0	0.0	0.0	0.0
4.445547870913542	0.0	0.0	0.0	0.0	0.0	0.0	0.0	0.0	0.0	0.0	0.0	0.0	0.0
4.609335544093985	0.0	0.0	0.0	0.0	0.0	0.0	0.0	0.0	0.0	0.0	0.0	0.0	0.0
4.780685144842763	0.0	0.0	0.0	0.0	0.0	0.0	0.0	0.0	0.0	0.0	0.0	0.0	0.0
4.9599492222179675	0.0	0.0	0.0	0.0	0.0	0.0	0.0	0.0	0.0	0.0	0.0	0.0	0.0
5.147495103650629	0.0	0.0	0.0	0.0	0.0	0.0	0.0	0.0	0.0	0.0	0.0	0.0	0.0
5.3437051378532425	0.0	0.0	0.0	0.0	0.0	0.0	0.0	0.0	0.0	0.0	0.0	0.0	0.0
5.548976971475074	0.0	0.0	0.0	0.0	0.0	0.0	0.0	0.0	0.0	0.0	0.0	0.0	0.0
5.763723844313494	0.0	0.0	0.0	0.0	0.0	0.0	0.0	0.0	0.0	0.0	0.0	0.0	0.0
5.988374893770406	0.0	0.0	0.0	0.0	0.0	0.0	0.0	0.0	0.0	0.0	0.0	0.0	0.0
6.223375462683964	0.0	0.0	0.0	0.0	0.0	0.0	0.0	0.0	0.0	0.0	0.0	0.0	0.0
6.46918740676552	0.0	0.0	0.0	0.0	0.0	0.0	0.0	0.0	0.0	0.0	0.0	0.0	0.0
6.7262893993055926	0.0	0.0	0.0	0.0	0.0	0.0	0.0	0.0	0.0	0.0	0.0	0.0	0.0
6.995177231786598	0.0	0.0	0.0	0.0	0.0	0.0	0.0	0.0	0.0	0.0	0.0	0.0	0.0
7.27636410983947	0.0	0.0	0.0	0.0	0.0	0.0	0.0	0.0	0.0	0.0	0.0	0.0	0.0
7.5703809446341515	0.0	0.0	0.0	0.0	0.0	0.0	0.0	0.0	0.0	0.0	0.0	0.0	0.0
7.877776640405439	0.0	0.0	0.0	0.0	0.0	0.0	0.0	0.0	0.0	0.0	0.0	0.0	0.0
8.199118379383762	0.0	0.0	0.0	0.0	0.0	0.0	0.0	0.0	0.0	0.0	0.0	0.0	0.0
8.534991905970386	0.0	0.0	0.0	0.0	0.0	0.0	0.0	0.0	0.0	0.0	0.0	0.0	0.0
8.886001812558543	0.0	0.0	0.0	0.0	0.0	0.0	0.0	0.0	0.0	0.0	0.0	0.0	0.0
9.252771829950103	0.0	0.0	0.0	0.0	0.0	0.0	0.0	0.0	0.0	0.0	0.0	0.0	0.0
9.635945125870734	0.0	0.0	0.0	0.0	0.0	0.0	0.0	0.0	0.0	0.0	0.0	0.0	0.0
10.036184615610386	0.0	0.0	0.0	0.0	0.0	0.0	0.0	0.0	0.0	0.0	0.0	0.0	0.0
10.454173289335932	0.0	0.0	0.0	0.0	0.0	0.0	0.0	0.0	0.0	0.0	0.0	0.0	0.0
10.890614561082232	0.0	0.0	0.0	0.0	0.0	0.0	0.0	0.0	0.0	0.0	0.0	0.0	0.0
11.34623264487796	0.0	0.0	0.0	0.0	0.0	0.0	0.0	0.0	0.0	0.0	0.0	0.0	0.0
11.82177296382751	0.0	0.0	0.0	0.0	0.0	0.0	0.0	0.0	0.0	0.0	0.0	0.0	0.0
12.318002598352853	0.0	0.0	0.0	0.0	0.0	0.0	0.0	0.0	0.0	0.0	0.0	0.0	0.0
12.835710780033112	0.0	0.0	0.0	0.0	0.0	0.0	0.0	0.0	0.0	0.0	0.0	0.0	0.0
13.375709437735193	0.0	0.0	0.0	0.0	0.0	0.0	0.0	0.0	0.0	0.0	0.0	0.0	0.0
13.938833802901593	0.0	0.0	0.0	0.0	0.0	0.0	0.0	0.0	0.0	0.0	0.0	0.0	0.0
14.52594308096148	0.0	0.0	0.0	0.0	0.0	0.0	0.0	0.0	0.0	0.0	0.0	0.0	0.0
15.137921195936627	0.0	0.0	0.0	0.0	0.0	0.0	0.0	0.0	0.0	0.0	0.0	0.0	0.0
15.775677615331835	0.0	0.0	0.0	0.0	0.0	0.0	0.0	0.0	0.0	0.0	0.0	0.0	0.0
16.440148262393	0.0	0.0	0.0	0.0	0.0	0.0	0.0	0.0	0.0	0.0	0.0	0.0	0.0
17.132296522832977	0.0	0.0	0.0	0.0	0.0	0.0	0.0	0.0	0.0	0.0	0.0	0.0	0.0
17.85311435309651	0.0	0.0	0.0	0.0	0.0	0.0	0.0	0.0	0.0	0.0	0.0	0.0	0.0
18.60362349718848	0.0	0.0	0.0	0.0	0.0	0.0	0.0	0.0	0.0	0.0	0.0	0.0	0.0
19.38487681914516	0.0	0.0	0.0	0.0	0.0	0.0	0.0	0.0	0.0	0.0	0.0	0.0	0.0
20.197959758210743	0.0	0.0	0.0	0.0	0.0	0.0	0.0	0.0	0.0	0.0	0.0	0.0	0.0
21.043991913882234	0.0	0.0	0.0	0.0	0.0	0.0	0.0	0.0	0.0	0.0	0.0	0.0	0.0
21.924128768114986	0.0	0.0	0.0	0.0	0.0	0.0	0.0	0.0	0.0	0.0	0.0	0.0	0.0
22.839563552158115	0.0	0.0	0.0	0.0	0.0	0.0	0.0	0.0	0.0	0.0	0.0	0.0	0.0
23.791529265777157	0.0	0.0	0.0	0.0	0.0	0.0	0.0	0.0	0.0	0.0	0.0	0.0	0.0
24.781300856975943	0.0	0.0	0.0	0.0	0.0	0.0	0.0	0.0	0.0	0.0	0.0	0.0	0.0
25.81019757079744	0.0	0.0	0.0	0.0	0.0	0.0	0.0	0.0	0.0	0.0	0.0	0.0	0.0
26.8795854763111	0.0	0.0	0.0	0.0	0.0	0.0	0.0	0.0	0.0	0.0	0.0	0.0	0.0
27.9908801816269	0.0	0.0	0.0	0.0	0.0	0.0	0.0	0.0	0.0	0.0	0.0	0.0	0.0
29.14554974752287	0.0	0.0	0.0	0.0	0.0	0.0	0.0	0.0	0.0	0.0	0.0	0.0	0.0
30.345117811222504	0.0	0.0	0.0	0.0	0.0	0.0	0.0	0.0	0.0	0.0	0.0	0.0	0.0
31.59116693294282	0.0	0.0	0.0	0.0	0.0	0.0	0.0	0.0	0.0	0.0	0.0	0.0	0.0
32.885342179028775	0.0	0.0	0.0	0.0	0.0	0.0	0.0	0.0	0.0	0.0	0.0	0.0	0.0
34.22935495685842	0.0	0.0	0.0	0.0	0.0	0.0	0.0	0.0	0.0	0.0	0.0	0.0	0.0
35.624987118294655	0.0	0.0	0.0	0.0	0.0	0.0	0.0	0.0	0.0	0.0	0.0	0.0	0.0
37.074095350079844	0.0	0.0	0.0	0.0	0.0	0.0	0.0	0.0	0.0	0.0	0.0	0.0	0.0
38.57861587164679	0.0	0.0	0.0	0.0	0.0	0.0	0.0	0.0	0.0	0.0	0.0	0.0	0.0
40.14056946278493	0.0	0.0	0.0	0.0	0.0	0.0	0.0	0.0	0.0	0.0	0.0	0.0	0.0
41.76206684606974	0.0	0.0	0.0	0.0	0.0	0.0	0.0	0.0	0.0	0.0	0.0	0.0	0.0
43.44531445155868	0.0	0.0	0.0	0.0	0.0	0.0	0.0	0.0	0.0	0.0	0.0	0.0	0.0
45.19262059415144	0.0	0.0	0.0	0.0	0.0	0.0	0.0	0.0	0.0	0.0	0.0	0.0	0.0
47.00640209720524	0.0	0.0	0.0	0.0	0.0	0.0	0.0	0.0	0.0	0.0	0.0	0.0	0.0
48.889191399610816	0.0	0.0	0.0	0.0	0.0	0.0	0.0	0.0	0.0	0.0	0.0	0.0	0.0
50.84364418740897	0.0	0.0	0.0	0.0	0.0	0.0	0.0	0.0	0.0	0.0	0.0	0.0	0.0
52.87254759549017	0.0	0.0	0.0	0.0	0.0	0.0	0.0	0.0	0.0	0.0	0.0	0.0	0.0
54.97882902972026	0.0	0.0	0.0	0.0	0.0	0.0	0.0	0.0	0.0	0.0	0.0	0.0	0.0
57.16556566534094	0.0	0.0	0.0	0.0	0.0	0.0	0.0	0.0	0.0	0.0	0.0	0.0	0.0
59.435994683483564	0.0	0.0	0.0	0.0	0.0	0.0	0.0	0.0	0.0	0.0	0.0	0.0	0.0
61.793524314445925	0.0	0.0	0.0	0.0	0.0	0.0	0.0	0.0	0.0	0.0	0.0	0.0	0.0
64.24174576395157	0.0	0.0	0.0	0.0	0.0	0.0	0.0	0.0	0.0	0.0	0.0	0.0	0.0
66.7844461071067	0.0	0.0	0.0	0.0	0.0	0.0	0.0	0.0	0.0	0.0	0.0	0.0	0.0
69.42562224427908	0.0	0.0	0.0	0.0	0.0	0.0	0.0	0.0	0.0	0.0	0.0	0.0	0.0
72.16949602395316	0.0	0.0	0.0	0.0	0.0	0.0	0.0	0.0	0.0	0.0	0.0	0.0	0.0
75.02053064964926	0.0	0.0	0.0	0.0	0.0	0.0	0.0	0.0	0.0	0.0	0.0	0.0	0.0
77.98344850171509	0.0	0.0	0.0	0.0	0.0	0.0	0.0	0.0	0.0	0.0	0.0	0.0	0.0
81.06325052033387	0.0	0.0	0.0	0.0	0.0	0.0	0.0	0.0	0.0	0.0	0.0	0.0	0.0
84.26523731360909	0.0	0.0	0.0	0.0	0.0	0.0	0.0	0.0	0.0	0.0	0.0	0.0	0.0
87.59503217462566	0.0	0.0	0.0	0.0	0.0	0.0	0.0	0.0	0.0	0.0	0.0	0.0	0.0
91.05860621413795	0.0	0.0	0.0	0.0	0.0	0.0	0.0	0.0	0.0	0.0	0.0	0.0	0.0
94.66230584143594	0.0	0.0	0.0	0.0	0.0	0.0	0.0	0.0	0.0	0.0	0.0	0.0	0.0
98.41288285577362	0.0	0.0	0.0	0.0	0.0	0.0	0.0	0.0	0.0	0.0	0.0	0.0	0.0
102.31752744469802	0.0	0.0	0.0	0.0	0.0	0.0	0.0	0.0	0.0	0.0	0.0	0.0	0.0
106.38390442472027	0.0	0.0	0.0	0.0	0.0	0.0	0.0	0.0	0.0	0.0	0.0	0.0	0.0
110.62019310488826	0.0	0.0	0.0	0.0	0.0	0.0	0.0	0.0	0.0	0.0	0.0	0.0	0.0
115.0351312056992	0.0	0.0	0.0	0.0	0.0	0.0	0.0	0.0	0.0	0.0	0.0	0.0	0.0
119.63806332589112	0.0	0.0	0.0	0.0	0.0	0.0	0.0	0.0	0.0	0.0	0.0	0.0	0.0
124.43899451952974	0.0	0.0	0.0	0.0	0.0	0.0	0.0	0.0	0.0	0.0	0.0	0.0	0.0
129.44864962666705	0.0	0.0	0.0	0.0	0.0	0.0	0.0	0.0	0.0	0.0	0.0	0.0	0.0
134.67853909552824	0.0	0.0	0.0	0.0	0.0	0.0	0.0	0.0	0.0	0.0	0.0	0.0	0.0
140.14103214465592	0.0	0.0	0.0	0.0	0.0	0.0	0.0	0.0	0.0	0.0	0.0	0.0	0.0
145.8494382429596	0.0	0.0	0.0	0.0	0.0	0.0	0.0	0.0	0.0	0.0	0.0	0.0	0.0
151.8252434815029	0.0	0.0	0.0	0.0	0.0	0.0	0.0	0.0	0.0	0.0	0.0	0.0	0.0
158.08407684380634	0.0	0.0	0.0	0.0	0.0	0.0	0.0	0.0	0.0	0.0	0.0	0.0	0.0
164.6428572717615	0.0	0.0	0.0	0.0	0.0	0.0	0.0	0.0	0.0	0.0	0.0	0.0	0.0
171.519926349739	0.0	0.0	0.0	0.0	0.0	0.0	0.0	0.0	0.0	0.0	0.0	0.0	0.0
178.73519778574982	0.0	0.0	0.0	0.0	0.0	0.0	0.0	0.0	0.0	0.0	0.0	0.0	0.0
186.31032628485548	0.0	0.0	0.0	0.0	0.0	0.0	0.0	0.0	0.0	0.0	0.0	0.0	0.0
194.26889885217452	0.0	0.0	0.0	0.0	0.0	0.0	0.0	0.0	0.0	0.0	0.0	0.0	0.0
202.63665211716227	0.0	0.0	0.0	0.0	0.0	0.0	0.0	0.0	0.0	0.0	0.0	0.0	0.0
211.4417199434616	0.0	0.0	0.0	0.0	0.0	0.0	0.0	0.0	0.0	0.0	0.0	0.0	0.0
220.7149164085188	0.0	0.0	0.0	0.0	0.0	0.0	0.0	0.0	0.0	0.0	0.0	0.0	0.0
230.49006024080333	0.0	0.0	0.0	0.0	0.0	0.0	0.0	0.0	0.0	0.0	0.0	0.0	0.0
240.80434803777266	0.0	0.0	0.0	0.0	0.0	0.0	0.0	0.0	0.0	0.0	0.0	0.0	0.0
251.69878511457586	0.0	0.0	0.0	0.0	0.0	0.0	0.0	0.0	0.0	0.0	0.0	0.0	0.0
263.2186847280739	0.0	0.0	0.0	0.0	0.0	0.0	0.0	0.0	0.0	0.0	0.0	0.0	0.0
275.4142487967798	0.0	0.0	0.0	0.0	0.0	0.0	0.0	0.0	0.0	0.0	0.0	0.0	0.0
288.341246221958	0.0	0.0	0.0	0.0	0.0	0.0	0.0	0.0	0.0	0.0	0.0	0.0	0.0
302.0618086951574	0.0	0.0	0.0	0.0	0.0	0.0	0.0	0.0	0.0	0.0	0.0	0.0	0.0
316.6453686956524	0.0	0.0	0.0	0.0	0.0	0.0	0.0	0.0	0.0	0.0	0.0	0.0	0.0
332.1697705684343	0.0	0.0	0.0	0.0	0.0	0.0	0.0	0.0	0.0	0.0	0.0	0.0	0.0
348.7225935774987	0.0	0.0	0.0	0.0	0.0	0.0	0.0	0.0	0.0	0.0	0.0	0.0	0.0
366.4027362670345	0.0	0.0	0.0	0.0	0.0	0.0	0.0	0.0	0.0	0.0	0.0	0.0	0.0
385.32232524328475	0.0	0.0	0.0	0.0	0.0	0.0	0.0	0.0	0.0	0.0	0.0	0.0	0.0
405.6090297411398	0.0	0.0	0.0	0.0	0.0	0.0	0.0	0.0	0.0	0.0	0.0	0.0	0.0
427.4088878601445	0.0	0.0	0.0	0.0	0.0	0.0	0.0	0.0	0.0	0.0	0.0	0.0	0.0
450.8897836365876	0.0	0.0	0.0	0.0	0.0	0.0	0.0	0.0	0.0	0.0	0.0	0.0	0.0
476.24575981016557	0.0	0.0	0.0	0.0	0.0	0.0	0.0	0.0	0.0	0.0	0.0	0.0	0.0
503.70241473540943	0.0	0.0	0.0	0.0	0.0	0.0	0.0	0.0	0.0	0.0	0.0	0.0	0.0
533.523721506548	0.0	0.0	0.0	0.0	0.0	0.0	0.0	0.0	0.0	0.0	0.0	0.0	0.0
566.020735700979	0.0	0.0	0.0	0.0	0.0	0.0	0.0	0.0	0.0	0.0	0.0	0.0	0.0
601.5628450193743	0.0	0.0	0.0	0.0	0.0	0.0	0.0	0.0	0.0	0.0	0.0	0.0	0.0
640.5924911575297	0.0	0.0	0.0	0.0	0.0	0.0	0.0	0.0	0.0	0.0	0.0	0.0	0.0
683.6447135015703	0.0	0.0	0.0	0.0	0.0	0.0	0.0	0.0	0.0	0.0	0.0	0.0	0.0
731.3735131372351	0.0	0.0	0.0	0.0	0.0	0.0	0.0	0.0	0.0	0.0	0.0	0.0	0.0
784.5880657382929	0.0	0.0	0.0	0.0	0.0	0.0	0.0	0.0	0.0	0.0	0.0	0.0	0.0
844.3034944675442	0.0	0.0	0.0	0.0	0.0	0.0	0.0	0.0	0.0	0.0	0.0	0.0	0.0
911.813753254741	0.0	0.0	0.0	0.0	0.0	0.0	0.0	0.0	0.0	0.0	0.0	0.0	0.0
988.7991443286419	0.0	0.0	0.0	0.0	0.0	0.0	0.0	0.0	0.0	0.0	0.0	0.0	0.0
1077.4900929070789	0.0	0.0	0.0	0.0	0.0	0.0	0.0	0.0	0.0	0.0	0.0	0.0	0.0
1180.9263221687531	0.0	0.0	0.0	0.0	0.0	0.0	0.0	0.0	0.0	0.0	0.0	0.0	0.0
1303.3864375884964	0.0	0.0	0.0	0.0	0.0	0.0	0.0	0.0	0.0	0.0	0.0	0.0	0.0
1451.1420486660702	0.0	0.0	0.0	0.0	0.0	0.0	0.0	0.0	0.0	0.0	0.0	0.0	0.0
1633.8822138274277	0.0	0.0	0.0	0.0	0.0	0.0	0.0	0.0	0.0	0.0	0.0	0.0	0.0
1867.6780711501801	0.0	0.0	0.0	0.0	0.0	0.0	0.0	0.0	0.0	0.0	0.0	0.0	0.0
2182.0467837406154	0.0	0.0	0.0	0.0	0.0	0.0	0.0	0.0	0.0	0.0	0.0	0.0	0.0
2640.5967855102144	0.0	0.0	0.0	0.0	0.0	0.0	0.0	0.0	0.0	0.0	0.0	0.0	0.0
3195.5403989553183	4.322914781265668e+32	2.839243772477563e+30	1.6123025944035717e+30	8.525060285797325e+29	5.508709074853171e+29	2.990265708602166e+29	7.615264844822251e+28	3.7624855086886787e+28	1.425510249224114e+28	1.0012931563173421e+30	4.824955328601892e+29	2.990265708602166e+29	1.9792730402122853e+29
3867.146233460358	3.038166381643293e+36	3.067042758356884e+34	1.752867619007179e+34	9.32084125475533e+33	6.041806832802214e+33	3.29142908345384e+33	8.429376365592688e+32	4.172941558594937e+32	1.5842278059818185e+32	1.093343703817313e+34	5.296384862858829e+33	3.29142908345384e+33	2.1829691847342175e+33
4679.947262136689	1.0756738805276744e+39	1.6369544215171044e+37	9.424553477021534e+36	5.043993658006446e+36	3.281234798841855e+36	1.7948538247424805e+36	4.626010785896168e+35	2.2952219805314767e+35	8.733649556070973e+34	5.907910335028965e+36	2.8791935732997144e+36	1.7948538247424805e+36	1.1931038260281714e+36
5663.636139680498	4.5177034608801215e+40	9.923908736011834e+38	5.758596492946119e+38	3.1032575629742394e+38	2.0264082996118433e+38	1.1132640260279042e+38	2.88867221349934e+37	1.4366126767863349e+37	5.479722340491648e+36	3.6290641846114976e+38	1.7799455473877284e+38	1.1132640260279042e+38	7.418056736907225e+37
6854.150368173053	1.4763575556201468e+41	4.745846722521895e+39	2.7808466438269703e+39	1.5113736611667943e+39	9.915423098467737e+38	5.476400907948912e+38	1.4327828499608824e+38	7.146175900979054e+37	2.733835309318554e+37	1.7640295270333504e+39	8.720483843960329e+38	5.476400907948912e+38	3.659890250309661e+38
8294.985716559642	1.4591705539975942e+41	6.928383411217303e+39	4.109361476593257e+39	2.257162210504361e+39	1.489428586280184e+39	8.28064987207659e+38	2.1886072390408435e+38	1.0954661989609222e+38	4.205976403779973e+37	2.6281495440864426e+39	1.3119869125024358e+39	8.28064987207659e+38	5.554156970556122e+38
10038.786768563466	1.9392979463241013e+41	1.3588728856857342e+40	8.181546218597272e+39	4.5527034999349283e+39	3.025589432997446e+39	1.695699901415072e+39	4.5375989322343875e+38	2.2809745570545932e+38	8.796002741484915e+37	5.2853327107848204e+39	2.6702503386376235e+39	1.695699901415072e+39	1.1424280148071779e+39
12149.273335589976	2.207366601563621e+41	2.2513988436138623e+40	1.380355199163938e+40	7.802382602881763e+39	5.2296204051308104e+39	2.959316111613216e+39	8.036545721147447e+38	4.060442711085733e+38	1.5739193296650277e+38	9.02579204855103e+39	4.6260407714926754e+39	2.959316111613216e+39	2.0043338286102932e+39
14703.569037502088	2.3503032439271294e+41	3.5352057266120524e+40	2.2206454773955055e+40	1.2816304873361157e+40	8.687831399643957e+39	4.979152400663246e+39	1.3786088537368673e+39	7.01185153508665e+38	2.7363141540518788e+38	1.475603953034976e+40	7.708494649851724e+39	4.979152400663246e+39	3.395943056777759e+39
17795.019674654948	2.6022597806238446e+41	5.461616511282236e+40	3.524868326697519e+40	2.0820365006732457e+40	1.4291259696050913e+40	8.306324593873939e+39	2.3491771175009102e+39	1.2035276618940682e+39	4.7311506516514364e+38	2.3846161859776743e+40	1.2722909346482104e+40	8.306324593873939e+39	5.708756710772863e+39
21536.602839325118	2.7569360860924876e+41	7.940945568048866e+40	5.3055772224381325e+40	3.22789188552405e+40	2.251207736756567e+40	1.3319424708744152e+40	3.869246989670296e+39	2.0004002254238396e+39	7.935967776408721e+38	3.672375303009179e+40	2.012719915771552e+40	1.3319424708744152e+40	9.243289798976699e+39
26065.05633182766	2.9321736551854907e+41	1.1076834173127225e+41	7.710966192374722e+40	4.858568343959367e+40	3.4528621229695535e+40	2.0862409439149986e+40	6.253843267556175e+39	3.2676935422848717e+39	1.3101955158206062e+39	5.484045170646874e+40	3.1026520700607856e+40	2.0862409439149986e+40	1.4643751662617305e+40
31545.87495629789	3.026032589297317e+41	1.444421830103341e+41	1.0582820190599579e+41	6.965855445058887e+40	5.067938584680882e+40	3.1430561760386325e+40	9.795221212911495e+39	5.185260208232089e+39	2.106266827555731e+39	7.785442058735133e+40	4.582542343223197e+40	3.1430561760386325e+40	2.237564673549509e+40
38179.35919874965	3.0793334838427164e+41	1.758552896764732e+41	1.370630535692545e+41	9.513543539695416e+40	7.121841321134532e+40	4.559304826068382e+40	1.4894184847944533e+40	8.009342425368586e+39	3.304592446852882e+39	1.05060948711869e+41	6.489008258626608e+40	4.559304826068382e+40	3.3019616064342053e+40
46207.93623965542	3.560622692747474e+41	2.1422334525851853e+41	1.7648974317407182e+41	1.2882682441628887e+41	9.918268135609211e+40	6.555466722298811e+40	2.248013388905837e+40	1.228887103471442e+40	5.154069512530695e+39	1.406277632691271e+41	9.105886058932872e+40	6.555466722298811e+40	4.831595838075487e+40
55925.01990953658	1.1640288180123505e+42	5.708966441910258e+41	4.396531564159356e+41	3.0389773989893766e+41	2.275499174916485e+41	1.4601284517674254e+41	4.805469807940964e+40	2.5932025959245766e+40	1.0741733766788876e+40	3.357457557116074e+41	2.074045679552193e+41	1.4601284517674254e+41	1.059748577395833e+41
67685.734302886	2.222316666002412e+42	1.0993734251953764e+42	8.418650449727851e+41	5.781197174016272e+41	4.310899809379914e+41	2.7521626882719812e+41	8.982391449067736e+40	4.832884742046146e+40	1.9958948385148373e+40	6.397371411441956e+41	3.9246274531168044e+41	2.7521626882719812e+41	1.991633320717449e+41
81919.89256982067	2.3814608147610835e+42	1.3238961087679896e+42	1.0672383455889215e+42	7.664689718650601e+41	5.856681777363246e+41	3.843095289042275e+41	1.3070839136258657e+41	7.130625164019305e+40	2.9856070533401896e+40	8.395581269968036e+41	5.3670286431599624e+41	3.843095289042275e+41	2.8230043564145504e+41
99147.70385978464	1.732266088872355e+42	1.0571683639734469e+42	9.427402171620873e+41	7.414216266977941e+41	5.9601560985355744e+41	4.1452844520767776e+41	1.5422298799175414e+41	8.675924340017327e+40	3.7461749106267433e+40	7.953152868870249e+41	5.537759585659541e+41	4.1452844520767776e+41	3.1447063719552542e+41
119998.78640582593	9.447155106588491e+41	5.256340623211858e+41	5.509396691443277e+41	5.0245497889297834e+41	4.393524028465688e+41	3.370203165774816e+41	1.4644131809474868e+41	8.698906811862186e+40	3.9688139184129345e+40	5.207744289151338e+41	4.177463074199206e+41	3.370203165774816e+41	2.701579071375065e+41
145235.17832759029	6.963217114671624e+41	1.3817818954858334e+41	1.7648950164441226e+41	1.963848560296769e+41	1.941413073017298e+41	1.7367183479266011e+41	9.87844346245792e+40	6.492789428492045e+40	3.289790929105531e+40	1.9401591231309828e+41	1.9119240413052544e+41	1.7367183479266011e+41	1.5263615125554922e+41
175779.18841889643	1.4849351355511603e+41	2.1385365340010028e+40	3.472517510709078e+40	5.109891546538551e+40	5.999701745688047e+40	6.611413651068045e+40	5.327731831316453e+40	3.9889994302773495e+40	2.323261797741197e+40	4.716539348871599e+40	6.201558328487592e+40	6.611413651068045e+40	6.556781456920105e+40
212747.1084143144	7.709674186590835e+40	6.367217066820341e+39	9.809490560035157e+39	1.6382050332679532e+40	2.1334201160880773e+40	2.6939353116162994e+40	2.868306082049374e+40	2.4453235638566127e+40	1.656730127950199e+40	1.4561291387672987e+40	2.2735926632360236e+40	2.6939353116162994e+40	2.9139242943640294e+40
257490.0001851991	4.951942614681036e+40	3.3289396869983465e+39	3.5349782634367834e+39	5.758251966128237e+39	8.595050496191572e+39	1.3358976148726168e+40	1.9133722777188126e+40	1.785138376900556e+40	1.3407523243092374e+40	4.965909501510972e+39	9.60009684514499e+39	1.3358976148726168e+40	1.6207691977631047e+40
311643.0776562485	3.306787400829983e+40	2.537440500064512e+39	2.0297742182833342e+39	2.0232526046661235e+39	2.7434816289334587e+39	5.047465818320316e+39	1.190904175284356e+40	1.3073520929641643e+40	1.1328319665507392e+40	1.9297603928416565e+39	3.1156283825928675e+39	5.047465818320316e+39	7.247811528922677e+39
377185.4689275275	2.1766867428399383e+40	2.0309427409021202e+39	1.6108280317794378e+39	1.2030160766400986e+39	1.0815581900721222e+39	1.4335937816423234e+39	5.46153162069438e+39	7.810528398707339e+39	8.675327465439643e+39	1.2897466597610452e+39	1.0938609741006389e+39	1.4335937816423234e+39	2.2020988194085945e+39
456512.5473993794	1.3975810347840672e+40	1.5705452874433332e+39	1.3024244212673208e+39	9.819334537162571e+38	7.845103955644821e+38	6.0824812125592835e+38	1.6420144248222782e+39	3.267586359672294e+39	5.2827826463510825e+39	1.061266638449017e+39	7.330003595452428e+38	6.0824812125592835e+38	6.361966460356871e+38
552523.4753770903	8.782408696776644e+39	1.1635656447730476e+39	1.0132919766349695e+39	8.033611148656369e+38	6.5640054397939835e+38	4.721874784458815e+38	4.005949425216283e+38	8.920506648676401e+38	2.2763077353155263e+39	8.580900116486247e+38	6.13546456371114e+38	4.721874784458815e+38	3.7725168735996944e+38
668727.1595995704	5.4429033313790735e+39	8.241003824304177e+38	7.545157796353907e+38	6.318241198973888e+38	5.345245419178696e+38	3.9960617874157154e+38	1.87677170546629e+38	2.1239393253376567e+38	6.463217280170525e+38	6.658358305317458e+38	5.045651599434086e+38	3.9960617874157154e+38	3.1775586103815975e+38
809370.491034277	3.35003280811677e+39	5.576286967596013e+38	5.367099138627312e+38	4.755932449031914e+38	4.1771082469798594e+38	3.278146778536904e+38	1.5371952108519829e+38	1.0605312689023036e+38	1.6944236706865578e+38	4.9414726336455414e+38	3.986521917580518e+38	3.278146778536904e+38	2.681981620381501e+38
979593.5557001131	2.060971695194825e+39	3.605675206479319e+38	3.645338702301709e+38	3.4193264390134784e+38	3.122482587633363e+38	2.582114721994156e+38	1.326904355605735e+38	8.540937622560482e+37	6.004655402100571e+37	3.50178166628832e+38	3.014897236176373e+38	2.582114721994156e+38	2.1829307697742548e+38
1185617.488985283	1.2706463425032465e+39	2.2279915665065376e+38	2.365139001758508e+38	2.3463795427650706e+38	2.2286193721775998e+38	1.9464220587746516e+38	1.1146015647626674e+38	7.427102417137029e+37	4.0102759284775385e+37	2.3687596302674192e+38	2.177726381711354e+38	1.9464220587746516e+38	1.704787375095622e+38
1434971.8389425108	7.858079133364285e+38	1.3135470107467472e+38	1.4664992703744637e+38	1.537335621090415e+38	1.5178660323879846e+38	1.4010797902595543e+38	9.017534556047052e+37	6.315637483799792e+37	3.453788745374889e+37	1.5303839703651773e+38	1.5010156011578401e+38	1.4010797902595543e+38	1.2734774231935803e+38
1736769.747970664	4.873729555812702e+38	7.355924274194201e+37	8.682066227954827e+37	9.624480811999513e+37	9.869854526588109e+37	9.621808196440816e+37	6.997932182194897e+37	5.182744724809667e+37	3.0112713389410042e+37	9.44885664755328e+37	9.874938457728005e+37	9.621808196440816e+37	9.080700880367868e+37
2102041.0099005387	3.0293308602604225e+38	3.8799957281368095e+37	4.890015777284823e+37	5.756881661017266e+37	6.132373365535265e+37	6.306036110723928e+37	5.1927678756342e+37	4.0859764519638384e+37	2.5502436343215454e+37	5.571044026610968e+37	6.206264934925631e+37	6.306036110723928e+37	6.176527149898068e+37
2544135.174662706	1.885424380420883e+38	1.9028062545772087e+37	2.6007559725396302e+37	3.2822237681758216e+37	3.640296346094584e+37	3.948006962469935e+37	3.676975322428013e+37	3.0837336994539995e+37	2.0833129539399874e+37	3.12577330371034e+37	3.7274643683845537e+37	3.948006962469935e+37	4.009447179601313e+37
3079209.432729051	1.174151066836088e+38	8.523750946848643e+36	1.2905283405655922e+37	1.7730942347770752e+37	2.0593337949966802e+37	2.3621166696920753e+37	2.482925265709256e+37	2.2221293369994404e+37	1.6346823524589635e+37	1.6566330912006473e+37	2.135706934190483e+37	2.3621166696920753e+37	2.4864964740848357e+37
3726819.1099470435	7.312016622614667e+37	3.410481804380027e+36	5.87484907357857e+36	8.981548453152565e+36	1.1032386058232626e+37	1.3483807664345386e+37	1.599889841935256e+37	1.5269339019365996e+37	1.227592972693551e+37	8.194408533265833e+36	1.1614076638371972e+37	1.3483807664345386e+37	1.4735960791285938e+37
4510632.3534641825	4.551648528005039e+37	1.186479857356283e+36	2.4010811040987913e+36	4.2013496165389513e+36	5.53667879290952e+36	7.306120052797131e+36	9.848702610255911e+36	1.0006938025306128e+37	8.800090537920239e+36	3.7195226515642515e+36	5.93742360216872e+36	7.306120052797131e+36	8.328752841491264e+36
