#t	Le	U	B	V	R	I	J	H	K	g	r	i	z
#----------------------------------------------- 
3.222521072820162	0.0	0.0	0.0	0.0	0.0	0.0	0.0	0.0	0.0	0.0	0.0	0.0	0.0
3.300580242386059	0.0	0.0	0.0	0.0	0.0	0.0	0.0	0.0	0.0	0.0	0.0	0.0	0.0
3.4565442281986924	0.0	0.0	0.0	0.0	0.0	0.0	0.0	0.0	0.0	0.0	0.0	0.0	0.0
3.6406593908728575	0.0	0.0	0.0	0.0	0.0	0.0	0.0	0.0	0.0	0.0	0.0	0.0	0.0
3.8423028249851585	0.0	0.0	0.0	0.0	0.0	0.0	0.0	0.0	0.0	0.0	0.0	0.0	0.0
4.059995731640453	0.0	0.0	0.0	0.0	0.0	0.0	0.0	0.0	0.0	0.0	0.0	0.0	0.0
4.2940091182720685	0.0	0.0	0.0	0.0	0.0	0.0	0.0	0.0	0.0	0.0	0.0	0.0	0.0
4.545129092549315	0.0	0.0	0.0	0.0	0.0	0.0	0.0	0.0	0.0	0.0	0.0	0.0	0.0
4.814360916205425	0.0	0.0	0.0	0.0	0.0	0.0	0.0	0.0	0.0	0.0	0.0	0.0	0.0
5.102835430269297	0.0	0.0	0.0	0.0	0.0	0.0	0.0	0.0	0.0	0.0	0.0	0.0	0.0
5.411772989017012	0.0	0.0	0.0	0.0	0.0	0.0	0.0	0.0	0.0	0.0	0.0	0.0	0.0
5.742467073056505	0.0	0.0	0.0	0.0	0.0	0.0	0.0	0.0	0.0	0.0	0.0	0.0	0.0
6.096275501038762	0.0	0.0	0.0	0.0	0.0	0.0	0.0	0.0	0.0	0.0	0.0	0.0	0.0
6.4746147681076875	0.0	0.0	0.0	0.0	0.0	0.0	0.0	0.0	0.0	0.0	0.0	0.0	0.0
6.878955660768755	0.0	0.0	0.0	0.0	0.0	0.0	0.0	0.0	0.0	0.0	0.0	0.0	0.0
7.310819317366133	0.0	0.0	0.0	0.0	0.0	0.0	0.0	0.0	0.0	0.0	0.0	0.0	0.0
7.77177334279816	0.0	0.0	0.0	0.0	0.0	0.0	0.0	0.0	0.0	0.0	0.0	0.0	0.0
8.263427794323423	0.0	0.0	0.0	0.0	0.0	0.0	0.0	0.0	0.0	0.0	0.0	0.0	0.0
8.787430963878004	0.0	0.0	0.0	0.0	0.0	0.0	0.0	0.0	0.0	0.0	0.0	0.0	0.0
9.345464944865698	0.0	0.0	0.0	0.0	0.0	0.0	0.0	0.0	0.0	0.0	0.0	0.0	0.0
9.939241010602355	0.0	0.0	0.0	0.0	0.0	0.0	0.0	0.0	0.0	0.0	0.0	0.0	0.0
10.570494858022556	0.0	0.0	0.0	0.0	0.0	0.0	0.0	0.0	0.0	0.0	0.0	0.0	0.0
11.240981788170233	0.0	0.0	0.0	0.0	0.0	0.0	0.0	0.0	0.0	0.0	0.0	0.0	0.0
11.952471906622968	0.0	0.0	0.0	0.0	0.0	0.0	0.0	0.0	0.0	0.0	0.0	0.0	0.0
12.70674543296082	0.0	0.0	0.0	0.0	0.0	0.0	0.0	0.0	0.0	0.0	0.0	0.0	0.0
13.50558820942725	0.0	0.0	0.0	0.0	0.0	0.0	0.0	0.0	0.0	0.0	0.0	0.0	0.0
14.350787495169355	0.0	0.0	0.0	0.0	0.0	0.0	0.0	0.0	0.0	0.0	0.0	0.0	0.0
15.244128124678765	0.0	0.0	0.0	0.0	0.0	0.0	0.0	0.0	0.0	0.0	0.0	0.0	0.0
16.187389097651568	0.0	0.0	0.0	0.0	0.0	0.0	0.0	0.0	0.0	0.0	0.0	0.0	0.0
17.182340653635283	0.0	0.0	0.0	0.0	0.0	0.0	0.0	0.0	0.0	0.0	0.0	0.0	0.0
18.230741869118482	0.0	0.0	0.0	0.0	0.0	0.0	0.0	0.0	0.0	0.0	0.0	0.0	0.0
19.334338798362797	0.0	0.0	0.0	0.0	0.0	0.0	0.0	0.0	0.0	0.0	0.0	0.0	0.0
20.49486316320318	0.0	0.0	0.0	0.0	0.0	0.0	0.0	0.0	0.0	0.0	0.0	0.0	0.0
21.71403158183178	0.0	0.0	0.0	0.0	0.0	0.0	0.0	0.0	0.0	0.0	0.0	0.0	0.0
22.993545313306726	0.0	0.0	0.0	0.0	0.0	0.0	0.0	0.0	0.0	0.0	0.0	0.0	0.0
24.335090483238524	0.0	0.0	0.0	0.0	0.0	0.0	0.0	0.0	0.0	0.0	0.0	0.0	0.0
25.740338747456363	0.0	0.0	0.0	0.0	0.0	0.0	0.0	0.0	0.0	0.0	0.0	0.0	0.0
27.21094834430518	0.0	0.0	0.0	0.0	0.0	0.0	0.0	0.0	0.0	0.0	0.0	0.0	0.0
28.74856548260407	0.0	0.0	0.0	0.0	0.0	0.0	0.0	0.0	0.0	0.0	0.0	0.0	0.0
30.354826010921084	0.0	0.0	0.0	0.0	0.0	0.0	0.0	0.0	0.0	0.0	0.0	0.0	0.0
32.031357314441166	0.0	0.0	0.0	0.0	0.0	0.0	0.0	0.0	0.0	0.0	0.0	0.0	0.0
33.77978038813681	0.0	0.0	0.0	0.0	0.0	0.0	0.0	0.0	0.0	0.0	0.0	0.0	0.0
35.60171203834847	0.0	0.0	0.0	0.0	0.0	0.0	0.0	0.0	0.0	0.0	0.0	0.0	0.0
37.49876716936035	0.0	0.0	0.0	0.0	0.0	0.0	0.0	0.0	0.0	0.0	0.0	0.0	0.0
39.47256111668551	0.0	0.0	0.0	0.0	0.0	0.0	0.0	0.0	0.0	0.0	0.0	0.0	0.0
41.52471199388172	0.0	0.0	0.0	0.0	0.0	0.0	0.0	0.0	0.0	0.0	0.0	0.0	0.0
43.656843025072625	0.0	0.0	0.0	0.0	0.0	0.0	0.0	0.0	0.0	0.0	0.0	0.0	0.0
45.87058484037454	0.0	0.0	0.0	0.0	0.0	0.0	0.0	0.0	0.0	0.0	0.0	0.0	0.0
48.16757771629136	0.0	0.0	0.0	0.0	0.0	0.0	0.0	0.0	0.0	0.0	0.0	0.0	0.0
50.54947374734235	0.0	0.0	0.0	0.0	0.0	0.0	0.0	0.0	0.0	0.0	0.0	0.0	0.0
53.017938939166314	0.0	0.0	0.0	0.0	0.0	0.0	0.0	0.0	0.0	0.0	0.0	0.0	0.0
55.574655216648075	0.0	0.0	0.0	0.0	0.0	0.0	0.0	0.0	0.0	0.0	0.0	0.0	0.0
58.221322343459235	0.0	0.0	0.0	0.0	0.0	0.0	0.0	0.0	0.0	0.0	0.0	0.0	0.0
60.95965975182095	0.0	0.0	0.0	0.0	0.0	0.0	0.0	0.0	0.0	0.0	0.0	0.0	0.0
63.791408283276986	0.0	0.0	0.0	0.0	0.0	0.0	0.0	0.0	0.0	0.0	0.0	0.0	0.0
66.71833184267005	0.0	0.0	0.0	0.0	0.0	0.0	0.0	0.0	0.0	0.0	0.0	0.0	0.0
69.74221896887484	0.0	0.0	0.0	0.0	0.0	0.0	0.0	0.0	0.0	0.0	0.0	0.0	0.0
72.86488432661879	0.0	0.0	0.0	0.0	0.0	0.0	0.0	0.0	0.0	0.0	0.0	0.0	0.0
76.08817012429695	0.0	0.0	0.0	0.0	0.0	0.0	0.0	0.0	0.0	0.0	0.0	0.0	0.0
79.41394746328616	0.0	0.0	0.0	0.0	0.0	0.0	0.0	0.0	0.0	0.0	0.0	0.0	0.0
82.8441176242181	0.0	0.0	0.0	0.0	0.0	0.0	0.0	0.0	0.0	0.0	0.0	0.0	0.0
86.38061329598055	0.0	0.0	0.0	0.0	0.0	0.0	0.0	0.0	0.0	0.0	0.0	0.0	0.0
90.02539975306247	0.0	0.0	0.0	0.0	0.0	0.0	0.0	0.0	0.0	0.0	0.0	0.0	0.0
93.78047598677443	0.0	0.0	0.0	0.0	0.0	0.0	0.0	0.0	0.0	0.0	0.0	0.0	0.0
97.64787579568026	0.0	0.0	0.0	0.0	0.0	0.0	0.0	0.0	0.0	0.0	0.0	0.0	0.0
101.62966884036273	0.0	0.0	0.0	0.0	0.0	0.0	0.0	0.0	0.0	0.0	0.0	0.0	0.0
105.72796166738446	0.0	0.0	0.0	0.0	0.0	0.0	0.0	0.0	0.0	0.0	0.0	0.0	0.0
109.94489870707098	0.0	0.0	0.0	0.0	0.0	0.0	0.0	0.0	0.0	0.0	0.0	0.0	0.0
114.28266324936149	0.0	0.0	0.0	0.0	0.0	0.0	0.0	0.0	0.0	0.0	0.0	0.0	0.0
118.74347840174725	0.0	0.0	0.0	0.0	0.0	0.0	0.0	0.0	0.0	0.0	0.0	0.0	0.0
123.32960803312493	0.0	0.0	0.0	0.0	0.0	0.0	0.0	0.0	0.0	0.0	0.0	0.0	0.0
128.04335770694647	0.0	0.0	0.0	0.0	0.0	0.0	0.0	0.0	0.0	0.0	0.0	0.0	0.0
132.88707560693524	0.0	0.0	0.0	0.0	0.0	0.0	0.0	0.0	0.0	0.0	0.0	0.0	0.0
137.86315345833935	0.0	0.0	0.0	0.0	0.0	0.0	0.0	0.0	0.0	0.0	0.0	0.0	0.0
142.97402744745148	0.0	0.0	0.0	0.0	0.0	0.0	0.0	0.0	0.0	0.0	0.0	0.0	0.0
148.22217914201275	0.0	0.0	0.0	0.0	0.0	0.0	0.0	0.0	0.0	0.0	0.0	0.0	0.0
153.6101364147632	0.0	0.0	0.0	0.0	0.0	0.0	0.0	0.0	0.0	0.0	0.0	0.0	0.0
159.14047437241058	0.0	0.0	0.0	0.0	0.0	0.0	0.0	0.0	0.0	0.0	0.0	0.0	0.0
164.81581629194613	0.0	0.0	0.0	0.0	0.0	0.0	0.0	0.0	0.0	0.0	0.0	0.0	0.0
170.63883456626317	0.0	0.0	0.0	0.0	0.0	0.0	0.0	0.0	0.0	0.0	0.0	0.0	0.0
176.6122516607948	0.0	0.0	0.0	0.0	0.0	0.0	0.0	0.0	0.0	0.0	0.0	0.0	0.0
182.73884108277718	0.0	0.0	0.0	0.0	0.0	0.0	0.0	0.0	0.0	0.0	0.0	0.0	0.0
189.02142836472856	0.0	0.0	0.0	0.0	0.0	0.0	0.0	0.0	0.0	0.0	0.0	0.0	0.0
195.4628920635201	0.0	0.0	0.0	0.0	0.0	0.0	0.0	0.0	0.0	0.0	0.0	0.0	0.0
202.06616477644576	0.0	0.0	0.0	0.0	0.0	0.0	0.0	0.0	0.0	0.0	0.0	0.0	0.0
208.83423417556085	0.0	0.0	0.0	0.0	0.0	0.0	0.0	0.0	0.0	0.0	0.0	0.0	0.0
215.77014406149758	0.0	0.0	0.0	0.0	0.0	0.0	0.0	0.0	0.0	0.0	0.0	0.0	0.0
222.87699543799107	0.0	0.0	0.0	0.0	0.0	0.0	0.0	0.0	0.0	0.0	0.0	0.0	0.0
230.15794760820836	0.0	0.0	0.0	0.0	0.0	0.0	0.0	0.0	0.0	0.0	0.0	0.0	0.0
237.6162192939999	0.0	0.0	0.0	0.0	0.0	0.0	0.0	0.0	0.0	0.0	0.0	0.0	0.0
245.2550897791229	0.0	0.0	0.0	0.0	0.0	0.0	0.0	0.0	0.0	0.0	0.0	0.0	0.0
253.07790007753275	0.0	0.0	0.0	0.0	0.0	0.0	0.0	0.0	0.0	0.0	0.0	0.0	0.0
261.0880541277076	0.0	0.0	0.0	0.0	0.0	0.0	0.0	0.0	0.0	0.0	0.0	0.0	0.0
269.2890200140987	0.0	0.0	0.0	0.0	0.0	0.0	0.0	0.0	0.0	0.0	0.0	0.0	0.0
277.6843312166362	0.0	0.0	0.0	0.0	0.0	0.0	0.0	0.0	0.0	0.0	0.0	0.0	0.0
286.2775878894007	0.0	0.0	0.0	0.0	0.0	0.0	0.0	0.0	0.0	0.0	0.0	0.0	0.0
295.07245816935995	0.0	0.0	0.0	0.0	0.0	0.0	0.0	0.0	0.0	0.0	0.0	0.0	0.0
304.07267951629615	0.0	0.0	0.0	0.0	0.0	0.0	0.0	0.0	0.0	0.0	0.0	0.0	0.0
313.2820600848486	0.0	0.0	0.0	0.0	0.0	0.0	0.0	0.0	0.0	0.0	0.0	0.0	0.0
322.70448012978846	0.0	0.0	0.0	0.0	0.0	0.0	0.0	0.0	0.0	0.0	0.0	0.0	0.0
332.34389344551977	0.0	0.0	0.0	0.0	0.0	0.0	0.0	0.0	0.0	0.0	0.0	0.0	0.0
342.2091731209413	0.0	0.0	0.0	0.0	0.0	0.0	0.0	0.0	0.0	0.0	0.0	0.0	0.0
352.3041076743358	0.0	0.0	0.0	0.0	0.0	0.0	0.0	0.0	0.0	0.0	0.0	0.0	0.0
362.6325838490759	0.0	0.0	0.0	0.0	0.0	0.0	0.0	0.0	0.0	0.0	0.0	0.0	0.0
373.19858699715036	0.0	0.0	0.0	0.0	0.0	0.0	0.0	0.0	0.0	0.0	0.0	0.0	0.0
384.00620155253733	0.0	0.0	0.0	0.0	0.0	0.0	0.0	0.0	0.0	0.0	0.0	0.0	0.0
395.0596116015917	0.0	0.0	0.0	0.0	0.0	0.0	0.0	0.0	0.0	0.0	0.0	0.0	0.0
406.3631015522967	0.0	0.0	0.0	0.0	0.0	0.0	0.0	0.0	0.0	0.0	0.0	0.0	0.0
417.92105690326514	0.0	0.0	0.0	0.0	0.0	0.0	0.0	0.0	0.0	0.0	0.0	0.0	0.0
429.7379651129317	0.0	0.0	0.0	0.0	0.0	0.0	0.0	0.0	0.0	0.0	0.0	0.0	0.0
441.8184165688154	0.0	0.0	0.0	0.0	0.0	0.0	0.0	0.0	0.0	0.0	0.0	0.0	0.0
454.16710565652374	0.0	0.0	0.0	0.0	0.0	0.0	0.0	0.0	0.0	0.0	0.0	0.0	0.0
466.7888319279134	0.0	0.0	0.0	0.0	0.0	0.0	0.0	0.0	0.0	0.0	0.0	0.0	0.0
479.68850136768793	0.0	0.0	0.0	0.0	0.0	0.0	0.0	0.0	0.0	0.0	0.0	0.0	0.0
492.87112775775626	0.0	0.0	0.0	0.0	0.0	0.0	0.0	0.0	0.0	0.0	0.0	0.0	0.0
506.34183413856437	0.0	0.0	0.0	0.0	0.0	0.0	0.0	0.0	0.0	0.0	0.0	0.0	0.0
520.1058543667126	0.0	0.0	0.0	0.0	0.0	0.0	0.0	0.0	0.0	0.0	0.0	0.0	0.0
534.1685347682749	0.0	0.0	0.0	0.0	0.0	0.0	0.0	0.0	0.0	0.0	0.0	0.0	0.0
548.5353358872942	0.0	0.0	0.0	0.0	0.0	0.0	0.0	0.0	0.0	0.0	0.0	0.0	0.0
563.2118343290989	0.0	0.0	0.0	0.0	0.0	0.0	0.0	0.0	0.0	0.0	0.0	0.0	0.0
578.2037246981937	0.0	0.0	0.0	0.0	0.0	0.0	0.0	0.0	0.0	0.0	0.0	0.0	0.0
593.5168216306103	0.0	0.0	0.0	0.0	0.0	0.0	0.0	0.0	0.0	0.0	0.0	0.0	0.0
609.1570619208339	0.0	0.0	0.0	0.0	0.0	0.0	0.0	0.0	0.0	0.0	0.0	0.0	0.0
625.1305067435868	0.0	0.0	0.0	0.0	0.0	0.0	0.0	0.0	0.0	0.0	0.0	0.0	0.0
641.4433439708301	0.0	0.0	0.0	0.0	0.0	0.0	0.0	0.0	0.0	0.0	0.0	0.0	0.0
658.1018905847541	0.0	0.0	0.0	0.0	0.0	0.0	0.0	0.0	0.0	0.0	0.0	0.0	0.0
675.1125951873578	0.0	0.0	0.0	0.0	0.0	0.0	0.0	0.0	0.0	0.0	0.0	0.0	0.0
692.4820406076454	0.0	0.0	0.0	0.0	0.0	0.0	0.0	0.0	0.0	0.0	0.0	0.0	0.0
710.2169466076134	0.0	0.0	0.0	0.0	0.0	0.0	0.0	0.0	0.0	0.0	0.0	0.0	0.0
728.324172688323	0.0	0.0	0.0	0.0	0.0	0.0	0.0	0.0	0.0	0.0	0.0	0.0	0.0
746.8107209974838	0.0	0.0	0.0	0.0	0.0	0.0	0.0	0.0	0.0	0.0	0.0	0.0	0.0
765.6837393403337	0.0	0.0	0.0	0.0	0.0	0.0	0.0	0.0	0.0	0.0	0.0	0.0	0.0
784.9505242955676	0.0	0.0	0.0	0.0	0.0	0.0	0.0	0.0	0.0	0.0	0.0	0.0	0.0
804.6185244384615	0.0	0.0	0.0	0.0	0.0	0.0	0.0	0.0	0.0	0.0	0.0	0.0	0.0
824.6953436733211	0.0	0.0	0.0	0.0	0.0	0.0	0.0	0.0	0.0	0.0	0.0	0.0	0.0
845.1887446777192	0.0	0.0	0.0	0.0	0.0	0.0	0.0	0.0	0.0	0.0	0.0	0.0	0.0
866.1066524610455	0.0	0.0	0.0	0.0	0.0	0.0	0.0	0.0	0.0	0.0	0.0	0.0	0.0
887.4571580402375	0.0	0.0	0.0	0.0	0.0	0.0	0.0	0.0	0.0	0.0	0.0	0.0	0.0
909.2485222355147	0.0	0.0	0.0	0.0	0.0	0.0	0.0	0.0	0.0	0.0	0.0	0.0	0.0
931.4891795893726	0.0	0.0	0.0	0.0	0.0	0.0	0.0	0.0	0.0	0.0	0.0	0.0	0.0
954.1877424120456	0.0	0.0	0.0	0.0	0.0	0.0	0.0	0.0	0.0	0.0	0.0	0.0	0.0
977.3530049571388	0.0	0.0	0.0	0.0	0.0	0.0	0.0	0.0	0.0	0.0	0.0	0.0	0.0
1000.9939477310505	0.0	0.0	0.0	0.0	0.0	0.0	0.0	0.0	0.0	0.0	0.0	0.0	0.0
1025.119741940125	0.0	0.0	0.0	0.0	0.0	0.0	0.0	0.0	0.0	0.0	0.0	0.0	0.0
1049.73975407973	0.0	0.0	0.0	0.0	0.0	0.0	0.0	0.0	0.0	0.0	0.0	0.0	0.0
1074.863550669538	0.0	0.0	0.0	0.0	0.0	0.0	0.0	0.0	0.0	0.0	0.0	0.0	0.0
1100.500903139703	0.0	0.0	0.0	0.0	0.0	0.0	0.0	0.0	0.0	0.0	0.0	0.0	0.0
1126.6617928726403	0.0	0.0	0.0	0.0	0.0	0.0	0.0	0.0	0.0	0.0	0.0	0.0	0.0
1153.3564164055726	0.0	0.0	0.0	0.0	0.0	0.0	0.0	0.0	0.0	0.0	0.0	0.0	0.0
1180.5951907989793	0.0	0.0	0.0	0.0	0.0	0.0	0.0	0.0	0.0	0.0	0.0	0.0	0.0
1208.3887591765804	0.0	0.0	0.0	0.0	0.0	0.0	0.0	0.0	0.0	0.0	0.0	0.0	0.0
1236.7479964426245	0.0	0.0	0.0	0.0	0.0	0.0	0.0	0.0	0.0	0.0	0.0	0.0	0.0
1265.684015182586	0.0	0.0	0.0	0.0	0.0	0.0	0.0	0.0	0.0	0.0	0.0	0.0	0.0
1295.2081717535714	0.0	0.0	0.0	0.0	0.0	0.0	0.0	0.0	0.0	0.0	0.0	0.0	0.0
1325.3320725710814	0.0	0.0	0.0	0.0	0.0	0.0	0.0	0.0	0.0	0.0	0.0	0.0	0.0
1356.0675805991195	0.0	0.0	0.0	0.0	0.0	0.0	0.0	0.0	0.0	0.0	0.0	0.0	0.0
1387.4268220508116	0.0	0.0	0.0	0.0	0.0	0.0	0.0	0.0	0.0	0.0	0.0	0.0	0.0
1419.42219330726	0.0	0.0	0.0	0.0	0.0	0.0	0.0	0.0	0.0	0.0	0.0	0.0	0.0
1452.0663680624025	0.0	0.0	0.0	0.0	0.0	0.0	0.0	0.0	0.0	0.0	0.0	0.0	0.0
1485.3723047022734	0.0	0.0	0.0	0.0	0.0	0.0	0.0	0.0	0.0	0.0	0.0	0.0	0.0
1519.3532539273158	0.0	0.0	0.0	0.0	0.0	0.0	0.0	0.0	0.0	0.0	0.0	0.0	0.0
1554.022766626698	0.0	0.0	0.0	0.0	0.0	0.0	0.0	0.0	0.0	0.0	0.0	0.0	0.0
1589.3947020142407	0.0	0.0	0.0	0.0	0.0	0.0	0.0	0.0	0.0	0.0	0.0	0.0	0.0
1625.4832360357273	0.0	0.0	0.0	0.0	0.0	0.0	0.0	0.0	0.0	0.0	0.0	0.0	0.0
1662.3028700580383	0.0	0.0	0.0	0.0	0.0	0.0	0.0	0.0	0.0	0.0	0.0	0.0	0.0
1699.8684398508044	0.0	0.0	0.0	0.0	0.0	0.0	0.0	0.0	0.0	0.0	0.0	0.0	0.0
1738.1951248719722	0.0	0.0	0.0	0.0	0.0	0.0	0.0	0.0	0.0	0.0	0.0	0.0	0.0
1777.2984578690823	0.0	0.0	0.0	0.0	0.0	0.0	0.0	0.0	0.0	0.0	0.0	0.0	0.0
1817.1943348084942	0.0	0.0	0.0	0.0	0.0	0.0	0.0	0.0	0.0	0.0	0.0	0.0	0.0
1857.899025145588	0.0	0.0	0.0	0.0	0.0	0.0	0.0	0.0	0.0	0.0	0.0	0.0	0.0
1899.4291824494305	0.0	0.0	0.0	0.0	0.0	0.0	0.0	0.0	0.0	0.0	0.0	0.0	0.0
1941.801855396051	0.0	0.0	0.0	0.0	0.0	0.0	0.0	0.0	0.0	0.0	0.0	0.0	0.0
1985.0344991451689	0.0	0.0	0.0	0.0	0.0	0.0	0.0	0.0	0.0	0.0	0.0	0.0	0.0
2029.1449871157643	0.0	0.0	0.0	0.0	0.0	0.0	0.0	0.0	0.0	0.0	0.0	0.0	0.0
2074.1516231767296	0.0	0.0	0.0	0.0	0.0	0.0	0.0	0.0	0.0	0.0	0.0	0.0	0.0
2120.0731542696703	0.0	0.0	0.0	0.0	0.0	0.0	0.0	0.0	0.0	0.0	0.0	0.0	0.0
2166.9287834814145	0.0	0.0	0.0	0.0	0.0	0.0	0.0	0.0	0.0	0.0	0.0	0.0	0.0
2214.7381835850742	0.0	0.0	0.0	0.0	0.0	0.0	0.0	0.0	0.0	0.0	0.0	0.0	0.0
2263.5215110690274	0.0	0.0	0.0	0.0	0.0	0.0	0.0	0.0	0.0	0.0	0.0	0.0	0.0
2313.2994206742947	0.0	0.0	0.0	0.0	0.0	0.0	0.0	0.0	0.0	0.0	0.0	0.0	0.0
2364.0930804617806	0.0	0.0	0.0	0.0	0.0	0.0	0.0	0.0	0.0	0.0	0.0	0.0	0.0
2415.924187431693	0.0	0.0	0.0	0.0	0.0	0.0	0.0	0.0	0.0	0.0	0.0	0.0	0.0
2468.814983718908	0.0	0.0	0.0	0.0	0.0	0.0	0.0	0.0	0.0	0.0	0.0	0.0	0.0
2522.7882733889446	0.0	0.0	0.0	0.0	0.0	0.0	0.0	0.0	0.0	0.0	0.0	0.0	0.0
2577.8674398603102	0.0	0.0	0.0	0.0	0.0	0.0	0.0	0.0	0.0	0.0	0.0	0.0	0.0
2634.0764639804825	0.0	0.0	0.0	0.0	0.0	0.0	0.0	0.0	0.0	0.0	0.0	0.0	0.0
2691.4399427841786	0.0	0.0	0.0	0.0	0.0	0.0	0.0	0.0	0.0	0.0	0.0	0.0	0.0
2749.983108963962	0.0	0.0	0.0	0.0	0.0	0.0	0.0	0.0	0.0	0.0	0.0	0.0	0.0
2809.731851084358	0.0	0.0	0.0	0.0	0.0	0.0	0.0	0.0	0.0	0.0	0.0	0.0	0.0
2870.7127345730246	0.0	0.0	0.0	0.0	0.0	0.0	0.0	0.0	0.0	0.0	0.0	0.0	0.0
2932.9530235239995	0.0	0.0	0.0	0.0	0.0	0.0	0.0	0.0	0.0	0.0	0.0	0.0	0.0
2996.4807033483535	0.0	0.0	0.0	0.0	0.0	0.0	0.0	0.0	0.0	0.0	0.0	0.0	0.0
3061.3245043114175	0.0	0.0	0.0	0.0	0.0	0.0	0.0	0.0	0.0	0.0	0.0	0.0	0.0
3127.513925997469	0.0	0.0	0.0	0.0	0.0	0.0	0.0	0.0	0.0	0.0	0.0	0.0	0.0
3195.0792627443248	0.0	0.0	0.0	0.0	0.0	0.0	0.0	0.0	0.0	0.0	0.0	0.0	0.0
3264.0516300921026	0.0	0.0	0.0	0.0	0.0	0.0	0.0	0.0	0.0	0.0	0.0	0.0	0.0
3334.4629922931654	0.0	0.0	0.0	0.0	0.0	0.0	0.0	0.0	0.0	0.0	0.0	0.0	0.0
3406.3461909337025	0.0	0.0	0.0	0.0	0.0	0.0	0.0	0.0	0.0	0.0	0.0	0.0	0.0
3479.734974718526	0.0	0.0	0.0	0.0	0.0	0.0	0.0	0.0	0.0	0.0	0.0	0.0	0.0
3554.6640304780335	0.0	0.0	0.0	0.0	0.0	0.0	0.0	0.0	0.0	0.0	0.0	0.0	0.0
3631.169015447875	0.0	0.0	0.0	0.0	0.0	0.0	0.0	0.0	0.0	0.0	0.0	0.0	0.0
3709.286590887278	0.0	0.0	0.0	0.0	0.0	0.0	0.0	0.0	0.0	0.0	0.0	0.0	0.0
3789.05445710085	0.0	0.0	0.0	0.0	0.0	0.0	0.0	0.0	0.0	0.0	0.0	0.0	0.0
3870.511389931486	0.0	0.0	0.0	0.0	0.0	0.0	0.0	0.0	0.0	0.0	0.0	0.0	0.0
3953.6972787961454	0.0	0.0	0.0	0.0	0.0	0.0	0.0	0.0	0.0	0.0	0.0	0.0	0.0
4038.6531663406354	0.0	0.0	0.0	0.0	0.0	0.0	0.0	0.0	0.0	0.0	0.0	0.0	0.0
4125.421289793525	0.0	0.0	0.0	0.0	0.0	0.0	0.0	0.0	0.0	0.0	0.0	0.0	0.0
4214.045124099414	0.0	0.0	0.0	0.0	0.0	0.0	0.0	0.0	0.0	0.0	0.0	0.0	0.0
4304.569426881779	0.0	0.0	0.0	0.0	0.0	0.0	0.0	0.0	0.0	0.0	0.0	0.0	0.0
4397.040285409537	0.0	0.0	0.0	0.0	0.0	0.0	0.0	0.0	0.0	0.0	0.0	0.0	0.0
4491.505165649652	0.0	0.0	0.0	0.0	0.0	0.0	0.0	0.0	0.0	0.0	0.0	0.0	0.0
4588.012963502148	0.0	0.0	0.0	0.0	0.0	0.0	0.0	0.0	0.0	0.0	0.0	0.0	0.0
4686.614058326306	0.0	0.0	0.0	0.0	0.0	0.0	0.0	0.0	0.0	0.0	0.0	0.0	0.0
4787.360368875526	0.0	0.0	0.0	0.0	0.0	0.0	0.0	0.0	0.0	0.0	0.0	0.0	0.0
4890.305411767067	0.0	0.0	0.0	0.0	0.0	0.0	0.0	0.0	0.0	0.0	0.0	0.0	0.0
4995.504362619421	0.0	0.0	0.0	0.0	0.0	0.0	0.0	0.0	0.0	0.0	0.0	0.0	0.0
5103.014120002403	6.865630556773562e+28	3.486690705924904e+27	2.0722497187707833e+27	1.14024860676237e+27	7.531422388582644e+26	4.191782645418759e+26	1.1097800742315333e+26	5.558059758212553e+25	2.1352614808605587e+25	1.327124930071572e+27	6.635908293199828e+26	4.191782645418759e+26	2.813297564686713e+26
5212.893372347438	2.5906699385401742e+29	1.3649917658803814e+28	8.123248666156909e+27	4.474893677260692e+27	2.957543331538695e+27	1.6472524211353328e+27	4.3658774578103115e+26	2.1873693051397237e+26	8.406541439166037e+25	5.206935471938983e+27	2.6063194218270653e+27	1.6472524211353328e+27	1.1059782635033797e+27
5325.202667977819	1.222819512021386e+30	6.683375600875632e+28	3.982682228395521e+28	2.1965028548564394e+28	1.4526306083511314e+28	8.096476550292883e+27	2.1482631010213286e+27	1.0767245658603655e+27	4.139706609883547e+26	2.555152027389868e+28	1.280341902465088e+28	8.096476550292883e+27	5.438191374040105e+27
5440.004488427779	4.6748839358932727e+30	2.6500645321868363e+29	1.5813416758710646e+29	8.731581997239243e+28	5.778240844034806e+28	3.2229464344198884e+28	8.56114022877086e+27	4.2925735310720774e+27	1.6510293261361754e+27	1.0154571795395261e+29	5.093798840276241e+28	3.2229464344198884e+28	2.1656390401779408e+28
5557.363325232249	1.705344999449993e+31	1.0025166886981466e+30	5.990459634840945e+29	3.311667706345585e+29	2.1929724373290623e+29	1.2240865681548747e+29	3.255256063922132e+28	1.6328367442618887e+28	6.282817086765251e+27	3.850323938306196e+29	1.9335521499582645e+29	1.2240865681548747e+29	8.228531836641928e+28
5677.345760377535	5.914996817680937e+31	3.605567519718776e+30	2.1575039370205958e+30	1.1941700901288893e+30	7.912995676878656e+29	4.420246837731932e+29	1.1768516267393739e+29	5.905455298711992e+28	2.273224058209081e+28	1.3880228227196674e+30	6.978168318255764e+29	4.420246837731932e+29	2.972601955290861e+29
5800.020550615024	1.9442056364269822e+32	1.2287141878150417e+31	7.362898201695781e+30	4.080376941234502e+30	2.7056281640927947e+30	1.5125357457466505e+30	4.031725385238187e+29	2.0239480776898816e+29	7.794138547865318e+28	4.741421844557247e+30	2.3864244641437834e+30	1.5125357457466505e+30	1.0176039371425318e+30
5925.458715856994	6.069545028502871e+32	3.9765591088132974e+31	2.3863614337166665e+31	1.3241397628711442e+31	8.786171475381121e+30	4.915578601273601e+30	1.311832119990585e+30	6.588191404758275e+29	2.538152094878341e+29	1.5382182350763841e+31	7.75103402499742e+30	4.915578601273601e+30	3.3085191210614754e+30
6053.733631886699	1.8039020324443665e+33	1.2250753135570387e+32	7.362642102123396e+31	4.090599336565904e+31	2.7161635177399303e+31	1.5208066060189732e+31	4.063538789609812e+30	2.041619227827041e+30	7.868858504491853e+29	4.750559274399312e+31	2.3966114443427793e+31	1.5208066060189732e+31	1.0240518431542907e+31
6184.921127637409	5.114118922020248e+33	3.5997932852384356e+32	2.1667171554538964e+32	1.2053716329720174e+32	8.009369327507398e+31	4.488129358182106e+31	1.200691250303705e+31	6.035135557791406e+30	2.3270865516318659e+30	1.3994268968963462e+32	7.0684337549556785e+31	4.488129358182106e+31	3.0234684710805492e+31
6319.099587240819	1.385756425386493e+34	1.0109065973581141e+33	6.0939860855494504e+32	3.3946566274198725e+32	2.257288261268157e+32	1.2659282121160425e+32	3.3909364358018582e+31	1.7051544635658358e+31	6.577802146418539e+30	3.9399822592243354e+32	1.992491604537377e+32	1.2659282121160425e+32	8.531876439633107e+31
6456.350057186155	3.595609248098506e+34	2.718168277434326e+33	1.6411373301442208e+33	9.154306357615698e+32	6.091665298125152e+32	3.419159248186028e+32	9.170305300175192e+31	4.613381876503596e+31	1.780455831580977e+31	1.0621617614025938e+33	5.378133903932008e+32	3.419159248186028e+32	2.3054387242355985e+32
6596.756358875018	8.949569702894266e+34	7.010510515970039e+33	4.2394465241696447e+33	2.3680267520864264e+33	1.576966210886508e+33	8.85876829178368e+32	2.3790375039863356e+32	1.1973790760957058e+32	4.623186589425941e+31	2.7467314344061593e+33	1.392533357608541e+33	8.85876829178368e+32	5.9759898560518576e+32
6740.4052068948495	2.2424547588274983e+35	1.7690420039027073e+34	1.070125407273734e+34	5.979026273209173e+33	3.982270010469092e+33	2.2374560850055618e+33	6.0102716992317905e+32	3.0252624669692562e+32	1.1681860639218778e+32	6.934787681589151e+33	3.5166673771386015e+33	2.2374560850055618e+33	1.5094930061453636e+33
6887.3863333470545	5.6499154346547996e+35	4.37033247569319e+34	2.641324325899034e+34	1.4746238770952128e+34	9.817441997304695e+33	5.513344233568487e+33	1.4799172226087658e+33	7.447263738819282e+32	2.8749762797462962e+32	1.7106468582740518e+34	8.668612193484921e+33	5.513344233568487e+33	3.7185857886686453e+33
7037.792618571087	1.2422397442328244e+36	1.0014178137911373e+35	6.063699924899242e+34	3.3907928247201155e+34	2.2594450304503724e+34	1.2701410920535014e+34	3.414588152838813e+33	1.7192027429835848e+33	6.640454466227005e+32	3.9320625362362262e+34	1.9955211618980225e+34	1.2701410920535014e+34	8.571425345058403e+33
7191.720228665909	2.7094936240275024e+36	2.2387913246953906e+35	1.357161836691777e+35	7.596667299043007e+34	5.064733706176282e+34	2.8488532726571715e+34	7.665838063930804e+33	3.860892173470103e+33	1.4917631394617815e+33	8.8073462034349e+34	4.47377302672784e+34	2.8488532726571715e+34	1.9231622699652643e+34
7349.2687602033375	5.547589293611513e+36	4.783224890267071e+35	2.905450816984306e+35	1.6291455700016757e+35	1.0871870725287432e+35	6.1218391528593405e+34	1.6499926189764364e+34	8.314867855424683e+33	3.214524421092008e+33	1.8880365964319148e+35	9.605772456431844e+34	6.1218391528593405e+34	4.1350705694583633e+34
7510.541392895616	1.1148614273594186e+37	9.9467477377658e+35	6.051904773710528e+35	3.398271311464586e+35	2.2695489093330733e+35	1.2790805232936666e+35	3.4520766932224694e+34	1.7404229113914962e+34	6.731630714726864e+33	3.9370222852917006e+35	2.0056648154863276e+35	1.2790805232936666e+35	8.643867761190205e+34
7675.645050079338	2.13402898242643e+37	1.9910368379839585e+36	1.2140983768344264e+36	6.83047187466463e+35	4.5665064775381845e+35	2.576632912096037e+35	6.966508303276907e+34	3.514459772026708e+34	1.3601825859950865e+34	7.909916565682314e+35	4.036682272006753e+35	2.576632912096037e+35	1.7423806263669235e+35
7844.690567618083	4.0112016737314754e+37	3.885963827433997e+36	2.3741329150600124e+36	1.3378845551342344e+36	8.952445279903242e+35	5.056498560402531e+35	1.3692556266577093e+35	6.911298183126116e+34	2.6762913208862385e+34	1.54873509169977e+36	7.915658882081805e+35	5.056498560402531e+35	3.421226871078588e+35
8017.7928694834	7.229199041723577e+37	7.329883623743373e+36	4.488872847434945e+36	2.534787591212811e+36	1.698042625084423e+36	9.602908099093362e+35	2.6053814309449173e+35	1.315932857599181e+35	5.099164046241559e+34	2.932904683034046e+36	1.5018420250836775e+36	9.602908099093362e+35	6.50181338089916e+35
8195.071165742342	1.2801255577955715e+38	1.3503498541505623e+37	8.287224485464708e+36	4.688216869217992e+36	3.143736584833716e+36	1.7798641114244166e+36	4.837244193445559e+35	2.4446470044670527e+35	9.478525262838188e+34	5.42230381302199e+36	2.7812364701992933e+36	1.7798641114244166e+36	1.2058285858996536e+36
8376.649142300907	2.1840840901625985e+38	2.411944218980969e+37	1.483982827853555e+37	8.413429188374785e+36	5.648392473411207e+36	3.20216884650218e+36	8.720434673048027e+35	4.410218231019228e+35	1.711168225341821e+35	9.726009799852533e+36	4.998673244715018e+36	3.20216884650218e+36	2.171002968263993e+36
8562.65517071124	3.66344204225084e+38	4.2141365615090734e+37	2.598820453689126e+37	1.4763378453620204e+37	9.922180998268705e+36	5.631908506207128e+36	1.536583202457544e+36	7.775985719444188e+35	3.019042699610295e+35	1.7058905658729139e+37	8.783413567507161e+36	5.631908506207128e+36	3.8208670843638815e+36
8753.222529552399	5.9435955509344104e+38	7.158045120459589e+37	4.426155939404169e+37	2.5202135783262887e+37	1.6959060078571285e+37	9.639662636824881e+36	2.6356886968470962e+36	1.3347925700231606e+36	5.1862337485034934e+35	2.9105546407215366e+37	1.5017719781518714e+37	9.639662636824881e+36	6.544906619985516e+36
8948.489638426308	9.485568944957601e+38	1.1909776036039906e+38	7.382861423725831e+37	4.2128004683772125e+37	2.8381969321774063e+37	1.6153758722244623e+37	4.42563120569475e+36	2.2428154004997335e+36	8.720357600435124e+35	4.862921079996338e+37	2.514091648361784e+37	1.6153758722244623e+37	1.0975595976707209e+37
9148.600305335218	1.4688022330410758e+39	1.9307957883776683e+38	1.2003105381752476e+38	6.86596110845074e+37	4.631783183259194e+37	2.6401379482245217e+37	7.249584666501061e+36	3.676796102713743e+36	1.4307133036117238e+36	7.921128901655862e+37	4.1043219173209105e+37	2.6401379482245217e+37	1.7952945895868119e+37
9353.703988137047	2.238270329334356e+39	3.069737612610147e+38	1.9135320492998667e+38	1.0971192876006196e+38	7.410508179494717e+37	4.2300154760464967e+37	1.1640304947720295e+37	5.908018704486535e+36	2.3006463720618997e+36	1.2650586141342779e+38	6.5688333295943515e+37	4.2300154760464967e+37	2.8786449624070064e+37
9563.956071081018	3.317142022873194e+39	4.7639322625545636e+38	2.97865446892514e+38	1.7122636309441592e+38	1.1581846699005867e+38	6.6215708369860955e+37	1.8265459712504177e+37	9.278272621558323e+36	3.616082433513042e+36	1.9731990619085063e+38	1.0270291132033436e+38	6.6215708369860955e+37	4.51008172465209e+37
9779.518157596038	4.8386685678940265e+39	7.256567935172027e+38	4.550573350532085e+38	2.6224928918497583e+38	1.77629648268109e+38	1.0171058814645683e+38	2.812218870808141e+37	1.4296602024408247e+37	5.576415105392607e+36	3.02041053720521e+38	1.5757231699937136e+38	1.0171058814645683e+38	6.933535075866854e+37
10000.558380280076	6.874457299425525e+39	1.0802713117613582e+39	6.796657586782116e+38	3.927959384248434e+38	2.6645861154175535e+38	1.528353008717111e+38	4.2367623396129647e+37	2.155776903473634e+37	8.416203730102654e+36	4.521074153055773e+38	2.364677279130855e+38	1.528353008717111e+38	1.0428423035383755e+38
10227.251729428472	9.609247234997511e+39	1.5790810596326346e+39	9.967364855429923e+38	5.776468627191394e+38	3.924456257985135e+38	2.2547999904085273e+38	6.266600790639929e+37	3.191410737620261e+37	1.2470389580300047e+37	6.6445112295020864e+38	3.4841532263557265e+38	2.2547999904085273e+38	1.5399425629650675e+38
10459.780401347334	1.3088820585257753e+40	2.2571154626409413e+39	1.429908399108048e+39	8.312686612148943e+38	5.657029290744064e+38	3.256387655316787e+38	9.076132208463163e+37	4.626745502350454e+37	1.809677717482567e+37	9.555122085804333e+38	5.024606622609702e+38	3.256387655316787e+38	2.22628174189023e+38
10698.33416776113	1.7520401027774424e+40	3.167192508612207e+39	2.0138641494517695e+39	1.1744463537520511e+39	8.006078445805793e+38	4.617395814599872e+38	1.2906761994784628e+38	6.585987880810726e+37	2.5785728372382394e+37	1.3490190291588313e+39	7.114295641036842e+38	4.617395814599872e+38	3.160051391269423e+38
10943.11076801594	2.28375061841125e+40	4.344727966310547e+39	2.774097200634013e+39	1.6235531076542637e+39	1.1088816193511343e+39	6.409072246002674e+38	1.797321094486957e+38	9.181435659576871e+37	3.5987745083683235e+37	1.8633851381409024e+39	9.858716981104307e+38	6.409072246002674e+38	4.391382616045512e+38
11194.316325903965	2.9193603810093273e+40	5.845317104080767e+39	3.7484186698631486e+39	2.201912514427875e+39	1.5069037345786044e+39	8.729042345884302e+38	2.456202019799174e+38	1.2561722334694795e+38	4.929439834006183e+37	2.525066067024436e+39	1.3404576948535242e+39	8.729042345884302e+38	5.988284819075861e+38
11452.165792110856	3.627262090688967e+40	7.679509229158004e+39	4.949020559176203e+39	2.9194665833006827e+39	2.0025184371738444e+39	1.1629563204827196e+39	3.2849566755845407e+38	1.6822214799011491e+38	6.61004425579567e+37	3.3447368703946315e+39	1.7824149355695908e+39	1.1629563204827196e+39	7.989178196685077e+38
11716.883415218572	4.407447680432039e+40	9.878813102213083e+39	6.400158235204235e+39	3.792606434342282e+39	2.6077623139795022e+39	1.5185807756931654e+39	4.307125336071262e+38	2.208756563353744e+38	8.691208260127015e+37	4.3406284643296195e+39	2.3226487881697246e+39	1.5185807756931654e+39	1.044771120405859e+39
11988.7032428124	5.191638263932459e+40	1.2386767702514718e+40	8.074220029095959e+39	4.809646186038527e+39	3.3163680905906734e+39	1.937296731588731e+39	5.520759636329468e+38	2.8356782972464848e+38	1.1176131069033347e+38	5.498144023188617e+39	2.9560027651985975e+39	1.937296731588731e+39	1.3351246556188786e+39
12267.869654844577	5.963845403199174e+40	1.5177620489920503e+40	9.959847771753245e+39	5.96680678047707e+39	4.1268970370560634e+39	2.419053518038823e+39	6.929253496756895e+38	3.5653676385530176e+38	1.4076764427818566e+38	6.812171397237757e+39	3.6814791132725826e+39	2.419053518038823e+39	1.6702480272842397e+39
12554.637931618061	6.62601423884098e+40	1.8090857615790375e+40	1.1964201911791002e+40	7.215184404297489e+39	5.008109532183492e+39	2.9472727619056044e+39	8.49280664856344e+38	4.378718073252583e+38	1.7323176921251537e+38	8.225116204430261e+39	4.471836022581344e+39	2.9472727619056044e+39	2.0393578196698615e+39
12849.27485934429	7.170322711778306e+40	2.1041710602872164e+40	1.4035363114021367e+40	8.526112772001991e+39	5.941227920308636e+39	3.5117026423287926e+39	1.0185680744676938e+39	5.263170526441542e+38	2.0868597759134442e+38	9.703572282283854e+39	5.31058795864044e+39	3.5117026423287926e+39	2.4356796320418436e+39
13152.05937603467	8.782383653827251e+40	2.586298271861097e+40	1.7258640091854346e+40	1.0487983274741635e+40	7.309741940989633e+39	4.3215381043211344e+39	1.2538709786574342e+39	6.479751576578035e+38	2.5695228593943995e+38	1.193539732912126e+40	6.534180964474334e+39	4.3215381043211344e+39	2.9977283572914065e+39
13463.28326084162	1.1617020914250522e+41	3.2807146357486353e+40	2.1780913249628235e+40	1.3178678869513153e+40	9.163624391512924e+39	5.403457844934645e+39	1.5616708945846908e+39	8.059737922068714e+38	3.191823563923183e+38	1.5012162612074924e+40	8.18625038109521e+39	5.403457844934645e+39	3.742923724203157e+39
13783.251870238639	1.1701824395615649e+41	3.5751507151999e+40	2.396711871623934e+40	1.4621641817250005e+40	1.0212110427582658e+40	6.051531747055431e+39	1.7619653396088077e+39	9.116239622709074e+38	3.6192970353127605e+38	1.6624885130671424e+40	9.133720120695413e+39	6.051531747055431e+39	4.20309608706445e+39
14112.284924816282	1.3044975839362325e+41	4.0747459279818893e+40	2.739425228388252e+40	1.6752951025041562e+40	1.1715870192989586e+40	6.952685108598483e+39	2.028730994199053e+39	1.0504133213953661e+39	4.173369903482623e+38	1.9037795018328718e+40	1.0482320831921912e+40	6.952685108598483e+39	4.8327836561930007e+39
14450.717350536355	1.2961020370759642e+41	4.3282764844946087e+40	2.936538440244387e+40	1.8098163689265958e+40	1.270933621324978e+40	7.57724423770995e+39	2.2263265288336084e+39	1.1554170566151696e+39	4.6013102597673946e+38	2.0530543163234154e+40	1.1383822672218953e+40	7.57724423770995e+39	5.280150383950696e+39
14798.900168193279	1.3300987827603718e+41	4.643527723132084e+40	3.170776410922803e+40	1.96489632793831e+40	1.3838861937486001e+40	8.277605091190201e+39	2.4439711927942002e+39	1.2704517410950464e+39	5.067733891812457e+38	2.226230085834483e+40	1.240524859998605e+40	8.277605091190201e+39	5.778390692563579e+39
15157.210114876625	1.2819746204407155e+41	4.775674628246724e+40	3.294094561481251e+40	2.058885191959572e+40	1.4567526042513635e+40	8.758032767927266e+39	2.6055712509493583e+39	1.3579291710902523e+39	5.4305648089486515e+38	2.3282172662918524e+40	1.3074437871885607e+40	8.758032767927266e+39	6.130684030870517e+39
15526.70102820549	1.260944620864934e+41	4.936465945443685e+40	3.433359537080428e+40	2.1610842978115193e+40	1.5348313027478606e+40	9.266133936100333e+39	2.7739619838027705e+39	1.4487170952386534e+39	5.805767265625424e+38	2.439912971957445e+40	1.3789048517859878e+40	9.266133936100333e+39	6.501058492662657e+39
15907.739476540062	1.193672799295921e+41	4.96416029299037e+40	3.4904963506490553e+40	2.217480003369408e+40	1.5826998184851772e+40	9.607801401057149e+39	2.899853996097436e+39	1.5186236486680588e+39	6.102601709774891e+38	2.4983689428172004e+40	1.4237895113560507e+40	9.607801401057149e+39	6.76083483828158e+39
16300.636494735965	1.1511523936084317e+41	5.027933885339919e+40	3.5694077724804593e+40	2.2861339472077905e+40	1.6388108956072776e+40	9.996543681830502e+39	3.038880013765667e+39	1.5952536115457157e+39	6.425898260879795e+38	2.5710036510140857e+40	1.475977323344674e+40	9.996543681830502e+39	7.052745923534025e+39
16705.875140814973	1.0862453281800166e+41	5.008993669652936e+40	3.5972593713088977e+40	2.3266483439585814e+40	1.6766038404787762e+40	1.0286601340642917e+40	3.154083304142954e+39	1.6605015539819098e+39	6.707931226404752e+38	2.610800903656845e+40	1.5121232167165973e+40	1.0286601340642917e+40	7.280159696528173e+39
17124.082198138225	1.0408325816721931e+41	5.025974523517035e+40	3.6483635929180758e+40	2.3812669573900234e+40	1.7243217589726416e+40	1.0636515879469331e+40	3.287502248228013e+39	1.735359496200925e+39	7.028951234993949e+38	2.6666206357899576e+40	1.557175592147388e+40	1.0636515879469331e+40	7.549716483546237e+39
17555.795153017614	9.86998233967997e+40	5.000187826792853e+40	3.6743188667424415e+40	2.4232358336079293e+40	1.7644683088819352e+40	1.0951231199072478e+40	3.4156746996222554e+39	1.8084894322428876e+39	7.34726175082121e+38	2.707281236768951e+40	1.595786603033092e+40	1.0951231199072478e+40	7.798887709997628e+39
18001.544262045878	9.465698419866209e+40	5.003494683239814e+40	3.7211337624686586e+40	2.4792618396661657e+40	1.8151246911695363e+40	1.1333831646392993e+40	3.566688425794933e+39	1.8940664569585497e+39	7.717679283181496e+38	2.7635192436795235e+40	1.6439851429616998e+40	1.1333831646392993e+40	8.097654884700831e+39
18461.95956300095	9.049448716730203e+40	4.988247793197932e+40	3.7588967042510998e+40	2.5325854809494594e+40	1.865276572320995e+40	1.1724323360144334e+40	3.725810274698208e+39	1.9850089065374817e+39	8.114370356241295e+38	2.8158529104635323e+40	1.6921003610706965e+40	1.1724323360144334e+40	8.406567001190349e+39
18937.696954180843	8.70047869063886e+40	4.982339074818038e+40	3.8055040140079044e+40	2.5936908179831633e+40	1.9220899279739664e+40	1.2164215786335618e+40	3.9047796253501984e+39	2.0873425451575765e+39	8.561095411371984e+38	2.876312992155901e+40	1.7465055934604363e+40	1.2164215786335618e+40	8.754128213091857e+39
19429.42818653688	1.02376976003788e+41	5.664085458011386e+40	4.298892733039819e+40	2.91635295651633e+40	2.1564085126442287e+40	1.3616464701464882e+40	4.358141759432437e+39	2.327642442119868e+39	9.538761753440831e+38	3.2373431023016827e+40	1.9583197962291009e+40	1.3616464701464882e+40	9.788256032621796e+39
19937.848043298512	1.2293295028394412e+41	6.754991171760327e+40	5.085027185631608e+40	3.423170981626011e+40	2.520080263527568e+40	1.5832432861300862e+40	5.027754826077612e+39	2.6780291130276326e+39	1.0944819210413233e+39	3.8067705970096152e+40	2.285841718772535e+40	1.5832432861300862e+40	1.1349219099333464e+40
20463.74146207611	1.2265889336842487e+41	6.950348707809368e+40	5.286486201979793e+40	3.5902340359782277e+40	2.655519948739248e+40	1.67703738341804e+40	5.3666535247492516e+39	2.8658434800638693e+39	1.174205381042077e+39	3.9846496745314684e+40	2.411710092586757e+40	1.67703738341804e+40	1.2055298036767125e+40
21007.78788852332	1.2086545288611546e+41	7.062638805828248e+40	5.437395125681206e+40	3.731306515104041e+40	2.775312228514023e+40	1.7635893409259867e+40	5.695648970654501e+39	3.0508309147804846e+39	1.2537906458449673e+39	4.131506694400234e+40	2.52426217048612e+40	1.7635893409259867e+40	1.271995391828595e+40
21571.153658039933	1.2853910784898996e+41	7.578583631839045e+40	5.860523905583342e+40	4.037172609064718e+40	3.009067295536985e+40	1.9165742166259954e+40	6.211125820969307e+39	3.330775809982769e+39	1.3704047750702515e+39	4.466279987559594e+40	2.738396900095302e+40	1.9165742166259954e+40	1.3840742069185382e+40
22153.87294297383	1.71508447176793e+41	9.39646917094167e+40	7.136803358235757e+40	4.845412703095877e+40	3.584494635219694e+40	2.264665827446305e+40	7.254728974223267e+39	3.875848852262483e+39	1.5888171547546023e+39	5.377702951496813e+40	3.2556496361138987e+40	2.264665827446305e+40	1.6284752105526663e+40
22756.58772476627	3.95570242310017e+41	1.6359545567896459e+41	1.1671518125587943e+41	7.517196353734668e+40	5.407433741041989e+40	3.312455382301734e+40	1.0140048493259345e+40	5.336339504257666e+39	2.1550914454392226e+39	8.442380782131645e+40	4.874928708581991e+40	3.312455382301734e+40	2.342716679340491e+40
23380.844091019797	1.0479475052542035e+42	3.0555531650727984e+41	2.050590582034874e+41	1.2527855482679282e+41	8.758045677068284e+40	5.196109030808511e+40	1.5160334206501706e+40	7.849844315453819e+39	3.119025252202727e+39	1.4239108272900466e+41	7.835350965672036e+40	5.196109030808511e+40	3.6115365184718836e+40
24027.293899608507	2.2087152891780447e+42	4.646554633628771e+41	3.0140298070803917e+41	1.7886287432533157e+41	1.230978313692796e+41	7.176586338725924e+40	2.039447742106817e+40	1.0466105113104249e+40	4.121390132236117e+39	2.0463511568628034e+41	1.0966810722300311e+41	7.176586338725924e+40	4.940760189463093e+40
24696.948394529634	4.7055814050125594e+42	6.950104811111157e+41	4.380367729060061e+41	2.535968723677052e+41	1.7221073863109878e+41	9.890015758490943e+40	2.747230138276356e+40	1.3988962614988365e+40	5.465506968517327e+39	2.9176768184243612e+41	1.5287235070288478e+41	9.890015758490943e+40	6.75310054351829e+40
25391.380638702514	1.187911415863129e+43	1.07233255205444e+42	6.568548983824517e+41	3.7109484807618384e+41	2.4868747837427143e+41	1.4071148723162013e+41	3.8213143267494396e+40	1.9308060217368204e+40	7.484798500960237e+39	4.293222530745923e+41	2.199777382413296e+41	1.4071148723162013e+41	9.530153362910182e+40
26111.61856991246	2.634819974380261e+43	1.5737512342666448e+42	9.447652685239675e+41	5.244647297297793e+41	3.481048002809839e+41	1.948263100322589e+41	5.202793824771609e+40	2.6135638030460575e+40	1.007163401294464e+40	6.091883408128394e+41	3.071192385663276e+41	1.948263100322589e+41	1.3116080732960927e+41
26858.467387543733	4.57277109717367e+43	2.0896272678797223e+42	1.2397519180794274e+42	6.811757163449796e+41	4.495765917445762e+41	2.5001242262202324e+41	6.611125222945403e+40	3.309726581263652e+40	1.2710273217655362e+40	7.930725549037818e+41	3.960399740598944e+41	2.5001242262202324e+41	1.677200961537638e+41
27633.919564502878	5.858317118334753e+43	2.3788334288451716e+42	1.4090751536587013e+42	7.73147982505161e+41	5.098963925547903e+41	2.8331444795662468e+41	7.481661244093849e+40	3.74373992624017e+40	1.4369806773774378e+40	9.004336146894989e+41	4.490857238507661e+41	2.8331444795662468e+41	1.8997010532805603e+41
28439.76739438761	9.687525869415138e+43	3.05084837479989e+42	1.7910305223559338e+42	9.750856522000093e+41	6.403341502279405e+41	3.540717632507569e+41	9.28114942202187e+40	4.632353078794357e+40	1.7734768614091731e+40	1.1376376187210819e+42	5.633173773122085e+41	3.540717632507569e+41	2.3678333362489196e+41
29277.53469703684	1.268253737518696e+44	3.514381966487766e+42	2.0594679841775777e+42	1.1194940005116942e+42	7.345374203480089e+41	4.05759834906875e+41	1.061908045435414e+41	5.297034223220273e+40	2.0266947459063544e+40	1.3065817740116817e+42	6.460395540825772e+41	4.05759834906875e+41	2.711978383111266e+41
30149.153524888025	1.7514323836201609e+44	4.206324095516344e+42	2.4546820243115682e+42	1.3294884816476581e+42	8.70587447484977e+41	4.798277636629411e+41	1.2513710846342938e+41	6.234531034422107e+40	2.38243063373138e+40	1.552954701037474e+42	7.652863384956076e+41	4.798277636629411e+41	3.2030207662176623e+41
31058.058556761698	2.1918012751909066e+44	4.9126556113160314e+42	2.859537105006756e+42	1.545232018639996e+42	1.0105763385060935e+42	5.561686951244039e+41	1.4471354956500404e+41	7.204017380886572e+40	2.7506123797712614e+40	1.8059082381991026e+42	8.880353692283348e+41	5.561686951244039e+41	3.7095916428554254e+41
32006.30368924959	2.865887639171707e+44	5.66856728071882e+42	3.2924430279244044e+42	1.7758485045910012e+42	1.1602141252773011e+42	6.377824437430292e+41	1.6565299106168901e+41	8.241284925310889e+40	3.1446635850938436e+40	2.076310658764567e+42	1.019247331828575e+42	6.377824437430292e+41	4.251227855395181e+41
32993.62707199696	3.7035863018053805e+44	6.593233212634812e+42	3.81748974223642e+42	2.0533982312894486e+42	1.3395400944112122e+42	7.351263934756902e+41	1.904621161721969e+41	9.467789773685799e+40	3.6097704268436827e+40	2.4023206000850564e+42	1.1763124480502066e+42	7.351263934756902e+41	4.895639294185066e+41
34024.221287251195	4.577571787525147e+44	7.285598709892459e+42	4.2162211119395993e+42	2.2669246896700446e+42	1.478515587584056e+42	8.112088526338742e+41	2.101101451079805e+41	1.0443581181648616e+41	3.981509624414896e+40	2.6523765261876692e+42	1.2982802624335369e+42	8.112088526338742e+41	5.4016847502435434e+41
35100.16820716838	5.4293052292987595e+44	8.167049310523959e+42	4.719915890364104e+42	2.5347752854639073e+42	1.6521627401314237e+42	9.058402669544045e+41	2.3437368567001735e+41	1.1645555678889916e+41	4.438233083189664e+40	2.9665583083071705e+42	1.4505126892570954e+42	9.058402669544045e+41	6.02950151127737e+41
36222.91772055635	5.473224911934745e+44	8.71655540320852e+42	5.0426728621323527e+42	2.7105929307987618e+42	1.767658981679796e+42	9.697256869465544e+41	2.511259225925476e+41	1.2481728083142896e+41	4.758358733912798e+40	3.171657936897746e+42	1.5521262280086386e+42	9.697256869465544e+41	6.456800594492503e+41
37395.24205368785	4.98814922509922e+44	9.324265712450133e+42	5.402694042833167e+42	2.907921746090356e+42	1.8976332837965218e+42	1.0417764064526094e+42	2.7003198707961033e+41	1.3424611604925524e+41	5.118764141286337e+40	3.401558162416272e+42	1.6665475811449205e+42	1.0417764064526094e+42	6.9390441843325224e+41
38620.317836447364	4.2680704483141285e+44	9.565806628732615e+42	5.552311819120543e+42	2.9928139910447306e+42	1.9545507747210178e+42	1.0739519514927546e+42	2.7873364268975113e+41	1.3863332124629335e+41	5.288400042434558e+40	3.4997139541737615e+42	1.7168901659839993e+42	1.0739519514927546e+42	7.156719352232752e+41
39885.54181205377	3.685650436633265e+44	9.446270419432415e+42	5.5013912088310604e+42	2.9741003600776166e+42	1.9454758293242285e+42	1.0709406322068085e+42	2.7874976214562095e+41	1.3878032997327774e+41	5.29943748947556e+40	3.4754961514799136e+42	1.70966809230798e+42	1.0709406322068085e+42	7.143958373759687e+41
41192.19655057741	3.3217593024059678e+44	9.453045360704006e+42	5.520835674202574e+42	2.991956722403445e+42	1.9598041751216025e+42	1.0804917453390037e+42	2.819088340239711e+41	1.4047039980537522e+41	5.368557271204805e+40	3.494401844843494e+42	1.7228903287239545e+42	1.0804917453390037e+42	7.213827688917282e+41
42541.64162582885	3.027721469861299e+44	9.493045851306854e+42	5.559268481937108e+42	3.019937143230177e+42	1.9807118398444607e+42	1.0936410470513724e+42	2.8599684088445055e+41	1.4262189558848718e+41	5.455260880519149e+40	3.5251732340022956e+42	1.7418849320267584e+42	1.0936410470513724e+42	7.307623082083952e+41
43935.281383194444	2.660928626312459e+44	9.41684478645658e+42	5.533879006315087e+42	3.015285080459579e+42	1.9809590092641996e+42	1.0958533209588638e+42	2.874173257520523e+41	1.4347692985809066e+41	5.493700964435895e+40	3.517307067742591e+42	1.7428877639155327e+42	1.0958533209588638e+42	7.330090025321912e+41
45374.56638947075	2.3675020361106956e+44	9.363411241668882e+42	5.521594694006655e+42	3.017698627250045e+42	1.9858351146015664e+42	1.1006247733405438e+42	2.8951203762900596e+41	1.4466957255264962e+41	5.545119045861181e+40	3.517697645993403e+42	1.7479616364585702e+42	1.1006247733405438e+42	7.369689741683442e+41
46860.99497672458	2.107317123229587e+44	9.300333471243688e+42	5.504520384824565e+42	3.0179744375200306e+42	1.9894910269899063e+42	1.1048436239208013e+42	2.915148881210934e+41	1.4582605951586864e+41	5.595541209041483e+40	3.515463777715559e+42	1.7520072649145733e+42	1.1048436239208013e+42	7.406065238096813e+41
48396.11482083563	1.8240727440544655e+44	9.160600103566087e+42	5.445421958107198e+42	2.996855834542766e+42	1.9796507476820958e+42	1.101956511129842e+42	2.9180437945963518e+41	1.4615400612819173e+41	5.615296779636298e+40	3.4878671935203395e+42	1.7443135955030966e+42	1.101956511129842e+42	7.396265663009802e+41
49981.524554610194	1.5770083086881159e+44	8.992602037924515e+42	5.370941960469583e+42	2.9680453587702467e+42	1.965032621125378e+42	1.096612318364026e+42	2.9153165400428067e+41	1.4621653884212503e+41	5.625504232377999e+40	3.451104794222186e+42	1.7324846910585728e+42	1.096612318364026e+42	7.370756915215136e+41
51618.87545761595	1.3659936168224132e+44	8.810281652724736e+42	5.2887662948977875e+42	2.935502481271756e+42	1.948159347914904e+42	1.090159190315268e+42	2.910323451073025e+41	1.461782817074083e+41	5.6323571687595785e+40	3.409854689489207e+42	1.7187218253327124e+42	1.090159190315268e+42	7.338388117838174e+41
53309.87319971731	1.199654792012461e+44	8.65080302519324e+42	5.219627806924522e+42	2.910001907267001e+42	1.935922301805621e+42	1.086291868950404e+42	2.912279043209499e+41	1.4649092985010794e+41	5.652826356451471e+40	3.376824007253663e+42	1.7090436817099367e+42	1.086291868950404e+42	7.323439030136243e+41
55056.27964756509	1.0510748844548749e+44	8.503704053894435e+42	5.158070503003606e+42	2.8888698705820776e+42	1.9266652529614672e+42	1.0841538484990946e+42	2.9191609145756574e+41	1.4705717455358014e+41	5.683323620521656e+40	3.3488170477779215e+42	1.702016177411365e+42	1.0841538484990946e+42	7.320391195830756e+41
56859.91471966819	9.059938852200198e+43	8.310176270892434e+42	5.070951297789836e+42	2.85478972401767e+42	1.9092977090985333e+42	1.0777988608945306e+42	2.916189102645067e+41	1.471541058739457e+41	5.696765668402297e+40	3.3054298988860515e+42	1.687951743202022e+42	1.0777988608945306e+42	7.290196770616699e+41
58722.65829806121	7.735687030541952e+43	8.08696111663518e+42	4.9676269107300234e+42	2.812643678034153e+42	1.886952386576141e+42	1.0689141850602716e+42	2.907609256796686e+41	1.4699059560824576e+41	5.701030924683702e+40	3.2524139016068245e+42	1.6695891252855837e+42	1.0689141850602716e+42	7.243976203555227e+41
60646.452208798226	6.717401625344548e+43	7.886684020178717e+42	4.8773152268229704e+42	2.7775433285912314e+42	1.86926782152364e+42	1.0626513811705447e+42	2.906214056723627e+41	1.4719298398458486e+41	5.719628140179223e+40	3.2076110508650456e+42	1.6553399864586067e+42	1.0626513811705447e+42	7.215527135504746e+41
62633.302277872426	6.023659306526878e+43	7.741432170957148e+42	4.8180736755417657e+42	2.758934681497107e+42	1.862305302168918e+42	1.0622714809765041e+42	2.920177316423833e+41	1.4816262232005908e+41	5.767661935638569e+40	3.18214567163652e+42	1.650502532975271e+42	1.0622714809765041e+42	7.226318683198689e+41
64685.28045641036	5.595118640062057e+43	7.68801781032051e+42	4.8111883163874675e+42	2.7681589449476358e+42	1.8733998139677478e+42	1.0717487247685392e+42	2.9595306394707927e+41	1.5039276744381582e+41	5.863712201061253e+40	3.1893242205301845e+42	1.661500264147369e+42	1.0717487247685392e+42	7.302595090680133e+41
66804.5270144096	5.240342472005856e+43	7.651459717248316e+42	4.8141868235240636e+42	2.7829472718516605e+42	1.888267981473654e+42	1.0834149897838044e+42	3.0051905725043655e+41	1.5294978997687857e+41	5.972795206704493e+40	3.202926356702537e+42	1.6758522925668434e+42	1.0834149897838044e+42	7.393974028995313e+41
68993.25279597759	4.786287517521284e+43	7.571232727435323e+42	4.793371951403462e+42	2.7858625414328532e+42	1.8957960048795963e+42	1.0913413962132993e+42	3.0425168795054036e+41	1.5511895362662998e+41	6.06817803117387e+40	3.202362823981635e+42	1.683862755110596e+42	1.0913413962132993e+42	7.461620383290763e+41
71253.74153852086	4.3364979185653047e+43	7.473369127120551e+42	4.763137976277252e+42	2.7843278770911552e+42	1.90071351714389e+42	1.0980545675062449e+42	3.077792302384939e+41	1.5720825273669295e+41	6.161441434703037e+40	3.1964029836568535e+42	1.689658454495937e+42	1.0980545675062449e+42	7.522112871774902e+41
73588.3522782199	3.9322740251846396e+43	7.420053440084072e+42	4.760737259467094e+42	2.798749689784919e+42	1.916397953796234e+42	1.1109007643054421e+42	3.1298511283183115e+41	1.6014709817827796e+41	6.287681703415165e+40	3.208846037528312e+42	1.7049943425727835e+42	1.1109007643054421e+42	7.62427380284112e+41
75999.5218363806	3.5871652326912797e+43	7.38292040808715e+42	4.7692394749407455e+42	2.81989035141419e+42	1.9368077891956896e+42	1.1265721027432985e+42	3.1902645090454642e+41	1.6352077831930284e+41	6.431295723150281e+40	3.22890840850445e+42	1.724565187330538e+42	1.1265721027432985e+42	7.74616113841426e+41
78489.7673884842	3.317447354355819e+43	7.373485795897104e+42	4.794756508522789e+42	2.850815807082664e+42	1.9638767449171898e+42	1.146095032088131e+42	3.2615876185105773e+41	1.6745494768262124e+41	6.5970289513028e+40	3.2602315446744657e+42	1.7500548192829862e+42	1.146095032088131e+42	7.894502745078812e+41
81061.68911978188	3.1186952872939303e+43	7.369248740479054e+42	4.823179046107896e+42	2.88356661016518e+42	1.99232459645454e+42	1.166541485087705e+42	3.336261846424158e+41	1.7157663748919819e+41	6.770817695403552e+40	3.293586634969565e+42	1.7768109439019108e+42	1.166541485087705e+42	8.049768434317318e+41
83717.97296837748	3.010561234227943e+43	7.405357268135602e+42	4.875026723134203e+42	2.9291573736379713e+42	2.0293005722961075e+42	1.1917984869261832e+42	3.424134739211245e+41	1.763703763407671e+41	6.970918232418693e+40	3.341876257502441e+42	1.8110999380764933e+42	1.1917984869261832e+42	8.237667070665783e+41
86461.39346203947	2.907767225054837e+43	7.400769622369928e+42	4.902630799053598e+42	2.961854213173824e+42	2.0580614280506963e+42	1.2127461130453815e+42	3.502094773746494e+41	1.8069990511879324e+41	7.154576197780688e+40	3.3749909394020944e+42	1.838238366582979e+42	1.2127461130453815e+42	8.3978492052279e+41
89294.81663843243	2.808889389112067e+43	7.357025079766773e+42	4.9061630468384555e+42	2.981434998281096e+42	2.0783628384286708e+42	1.2291972952368439e+42	3.569508416817169e+41	1.84532209261872e+41	7.320497222506709e+40	3.392750613813601e+42	1.857989977783513e+42	1.2291972952368439e+42	8.528907305694569e+41
92221.20306379332	2.7139404779898513e+43	7.289847472969633e+42	4.894226446988512e+42	2.9922403150920966e+42	2.0929271285904125e+42	1.2425776100055208e+42	3.6298092877911876e+41	1.880338491794642e+41	7.474881398869711e+40	3.400313200589693e+42	1.8727192289336013e+42	1.2425776100055208e+42	8.64008876096663e+41
95243.61095101561	2.522189329926169e+43	7.047430796890456e+42	4.775078260376063e+42	2.943672892128293e+42	2.0684853962251864e+42	1.2345702889686234e+42	3.63595106610095e+41	1.8888335131679962e+41	7.530103882606245e+40	3.3387527212165795e+42	1.8531717798960935e+42	1.2345702889686234e+42	8.609544119386269e+41
98365.19936451348	2.3450531807912147e+43	6.811359426805526e+42	4.656404964320216e+42	2.8941113866084876e+42	2.0430730293719115e+42	1.2259132556454034e+42	3.640525828094385e+41	1.8966673543951204e+41	7.583482753801488e+40	3.2763229463138574e+42	1.8327132312741347e+42	1.2259132556454034e+42	8.57454984262418e+41
101589.2315507911	2.180608789853955e+43	6.588540796013534e+42	4.542202133794517e+42	2.8455560174554176e+42	2.0179112753912366e+42	1.2172151295396493e+42	3.6448450278772454e+41	1.9044475457973617e+41	7.637171320167887e+40	3.215416131297941e+42	1.8123937517232514e+42	1.2172151295396493e+42	8.538916320049368e+41
104919.07837388305	2.0427663830993406e+43	6.453427159729237e+42	4.479829915759577e+42	2.824952946794591e+42	2.0109355473023226e+42	1.2184504102547563e+42	3.6747422333437025e+41	1.9249344448988044e+41	7.739337988563621e+40	3.187224384320669e+42	1.808027904658941e+42	1.2184504102547563e+42	8.569259269322575e+41
108358.22186678003	1.8947798792286626e+43	6.269486739291248e+42	4.3832816582459114e+42	2.783220157840123e+42	1.9893058523076505e+42	1.2112072927634245e+42	3.681817371221747e+41	1.9340940357006923e+41	7.798780057714353e+40	3.135016702300055e+42	1.790608365539639e+42	1.2112072927634245e+42	8.541981465225474e+41
111910.2588920257	1.7726192619121414e+43	6.1685028820933e+42	4.3386180287584074e+42	2.7704843428316618e+42	1.9867931596964557e+42	1.2145032871099767e+42	3.716095255396311e+41	1.956736106053901e+41	7.909460692203281e+40	3.1165147780157436e+42	1.79000558875696e+42	1.2145032871099767e+42	8.584876871318758e+41
115578.90493222843	1.6638296492838385e+43	6.11887312287376e+42	4.328384650951309e+42	2.7778228717195976e+42	1.9977312801833272e+42	1.2253105057357828e+42	3.7699591765069586e+41	1.989100737772909e+41	8.05712532469147e+40	3.121157042188133e+42	1.8012774982887588e+42	1.2253105057357828e+42	8.678026655192621e+41
119367.99800098583	1.567793366444158e+43	6.114836337218316e+42	4.352525839178359e+42	2.8069260171605826e+42	2.0238089317378195e+42	1.2448742261176378e+42	3.847496533484034e+41	2.0332946426427447e+41	8.249929655200702e+40	3.1504639200410465e+42	1.8260371480197772e+42	1.2448742261176378e+42	8.830686652474421e+41
123281.50268345757	1.486179985904404e+43	6.149377195768446e+42	4.4109331303012266e+42	2.8602084528943713e+42	2.0675468624538393e+42	1.2751389689779967e+42	3.955486738621723e+41	2.0928759450782987e+41	8.501883011194192e+40	3.2065641398750504e+42	1.8667193137637487e+42	1.2751389689779967e+42	9.057645232624684e+41
127323.51431077051	1.4149628432909362e+43	6.210508418947803e+42	4.5003371150529454e+42	2.938952115723507e+42	2.131134375739603e+42	1.3181972227041274e+42	4.1025235346468925e+41	2.1725157342187502e+41	8.83188901077904e+40	3.290032326070391e+42	1.9255835793559032e+42	1.3181972227041274e+42	9.376014361106921e+41
131498.26327099322	1.3317554685831077e+43	6.28125373108126e+42	4.612871350966668e+42	3.042003126829222e+42	2.2155474142882414e+42	1.3758977261002664e+42	4.2989153028544444e+41	2.2781373377978564e+41	9.26494013834634e+40	3.398460945304227e+42	2.003956769038128e+42	1.3758977261002664e+42	9.803306955544296e+41
135810.11945570202	1.23489757441485e+43	6.115457422221735e+42	4.530154752647953e+42	3.009008943311065e+42	2.1998101977121986e+42	1.3718116681372606e+42	4.312827899346982e+41	2.2903896712646375e+41	9.335071170752258e+40	3.356208888000604e+42	1.9917149074837972e+42	1.3718116681372606e+42	9.796136289638956e+41
140263.596853651	1.159924134986118e+43	5.951027615144647e+42	4.4469173279138473e+42	2.975152766078661e+42	2.1832578994364325e+42	1.3670455208529065e+42	4.323315520652719e+41	2.3005522380326588e+41	9.395691118226849e+40	3.313109286991756e+42	1.9786837816787596e+42	1.3670455208529065e+42	9.783202183667756e+41
144863.35830774298	1.0957980515584505e+43	5.784709832813e+42	4.361173458499231e+42	2.939564119154091e+42	2.1655302396084997e+42	1.3616017094306084e+42	4.331060774120171e+41	2.3089494446711366e+41	9.447659341756242e+40	3.2680479253231885e+42	1.9646138776457382e+42	1.3616017094306084e+42	9.765328170381525e+41
149614.22042183785	1.0360864839336644e+43	5.618604330991079e+42	4.274414786248627e+42	2.90322812090176e+42	2.1474615426019305e+42	1.356228736862195e+42	4.340505362798854e+41	2.318223264173313e+41	9.501847128678287e+40	3.222103418060179e+42	1.9503147976818513e+42	1.356228736862195e+42	9.74936922388802e+41
154521.1586281312	9.799508331159934e+42	5.452013675068664e+42	4.186291246285023e+42	2.8658209484286385e+42	2.128698824363291e+42	1.3506193389226847e+42	4.351746363308616e+41	2.3291428671852488e+41	9.564761507942595e+40	3.174962677418651e+42	1.9354327097413148e+42	1.3506193389226847e+42	9.733175277188073e+41
159589.31242191634	9.267508526252713e+42	5.283640302976096e+42	4.0959651727549304e+42	2.826826173363618e+42	2.108836876516135e+42	1.3444293790004017e+42	4.362360194256305e+41	2.3402516413902584e+41	9.632180544320089e+40	3.12604746566294e+42	1.9195826880229506e+42	1.3444293790004017e+42	9.713493848375402e+41
164823.9907686491	8.761970166253624e+42	5.113141159833135e+42	4.003129299456238e+42	2.786020167680941e+42	2.087708998958468e+42	1.3375510070913532e+42	4.371658272553665e+41	2.3508760650640472e+41	9.698897989478399e+40	3.075111782913484e+42	1.9026132019169456e+42	1.3375510070913532e+42	9.689478202728311e+41
170230.6776891081	8.281374727659913e+42	4.9406427690994344e+42	3.9077679051644054e+42	2.7433384350682356e+42	2.0652522352106767e+42	1.3299379981973831e+42	4.3794892132659494e+41	2.3609274921403896e+41	9.764227267742162e+40	3.022095843852453e+42	1.8844642134316154e+42	1.3299379981973831e+42	9.660786042853344e+41
175815.0380285352	7.824391798287162e+42	4.7663316259490196e+42	3.809902817111748e+42	2.698735270454054e+42	2.0414146704845532e+42	1.3215491818400957e+42	4.385714338365419e+41	2.3703358287719563e+41	9.82790777610138e+40	2.966962500178774e+42	1.8650850285623246e+42	1.3215491818400957e+42	9.627104820131293e+41
181582.92341580873	7.389702064477309e+42	4.590382148475629e+42	3.7095463432000826e+42	2.6521562147080692e+42	2.016136804727033e+42	1.3123379117452337e+42	4.3901759915549075e+41	2.3790209806880658e+41	9.889639968746691e+40	2.909665566431285e+42	1.8444178054296526e+42	1.3123379117452337e+42	9.588080708166448e+41
187540.37841891122	6.975994194993524e+42	4.412950928749247e+42	3.606696800342091e+42	2.6035348648585817e+42	1.9893491229379186e+42	1.3022504961782496e+42	4.392692597242681e+41	2.3868902847398694e+41	9.94907475058411e+40	2.850146324307186e+42	1.8223953324492525e+42	1.3022504961782496e+42	9.543307284282778e+41
193693.64690315948	6.581977073526914e+42	4.2341788080086255e+42	3.501339151257738e+42	2.5527926138149017e+42	1.9609716069213094e+42	1.2912256939301269e+42	4.393056387583768e+41	2.393837241943467e+41	1.000580823938805e+41	2.788333417662848e+42	1.798940514362333e+42	1.2912256939301269e+42	9.49232125288572e+41
200049.17859887888	6.206396319528531e+42	4.05419704488074e+42	3.393448470100824e+42	2.4998400613337197e+42	1.930914362395451e+42	1.27919482251349e+42	4.39103264431988e+41	2.3997409852249862e+41	1.0059379255899322e+41	2.7241446723789795e+42	1.7739668401589948e+42	1.27919482251349e+42	9.434602201798034e+41
206613.6358854237	5.848053377804808e+42	3.87313733230686e+42	3.282996272215188e+42	2.4445802087371446e+42	1.8990794663874734e+42	1.2660825529420046e+42	4.3863606924974475e+41	2.404466603863252e+41	1.0109270016385882e+41	2.6574909479201244e+42	1.7473799319583863e+42	1.2660825529420046e+42	9.369576936585289e+41
213393.90079867266	5.50582531901032e+42	3.6911450252333256e+42	3.1699594889106295e+42	2.3869134105181474e+42	1.865364050266534e+42	1.2518084178278987e+42	4.378756766970529e+41	2.4078663900457894e+41	1.0154910290606029e+41	2.5882819641199112e+42	1.7190801957484794e+42	1.2518084178278987e+42	9.296628627260827e+41
220397.0822693649	5.1786833226129325e+42	3.508394478737234e+42	3.054331541039246e+42	2.3267438624121804e+42	1.829664504122059e+42	1.2362889874554028e+42	4.367918686764182e+41	2.409781981217947e+41	1.0195684941716757e+41	2.5164338238648316e+42	1.6889664805198063e+42	1.2362889874554028e+42	9.215110521208272e+41
227630.52359988538	4.865707928859527e+42	3.3251050634372725e+42	2.936134698983282e+42	2.263987236703281e+42	1.791881571875937e+42	1.2194406021263027e+42	4.3535320962077775e+41	2.410047284303967e+41	1.0230944431962813e+41	2.4418777606045643e+42	1.656940549026397e+42	1.2194406021263027e+42	9.124363528435238e+41
235101.81018735984	4.566099522820116e+42	3.1415562726464675e+42	2.8154327513623823e+42	2.198578957043288e+42	1.7519260214053335e+42	1.201182498831598e+42	4.335277893616054e+41	2.408491998604746e+41	1.0260017613085734e+41	2.364569507909968e+42	1.6229120871218405e+42	1.201182498831598e+42	9.023736641332783e+41
242818.77750118106	4.279183066726812e+42	2.9581003714822155e+42	2.6923429533969862e+42	2.130482547537647e+42	1.7097245281176808e+42	1.181440141214435e+42	4.312840382946556e+41	2.404945510730798e+41	1.0282225952277991e+41	2.2844986281746996e+42	1.5868039366834712e+42	1.181440141214435e+42	8.912608946340603e+41
250789.51932335668	4.0044067338051984e+42	2.7751712449474586e+42	2.5670462856226287e+42	2.059697496044098e+42	1.6652254060987856e+42	1.1601485557076638e+42	4.2859156580776484e+41	2.399240920915409e+41	1.0296898287554435e+41	2.201697150217367e+42	1.548557231766558e+42	1.1601485557076638e+42	8.790411933706469e+41
259022.3962603469	3.7413347146554925e+42	2.593288435353971e+42	2.4397952020076263e+42	1.9862661290431535e+42	1.6184038518947527e+42	1.1372554905990811e+42	4.254219756629422e+41	2.3912189724429276e+41	1.0303385249730913e+41	2.1162469382698466e+42	1.508136143473593e+42	1.1372554905990811e+42	8.656650894898078e+41
267526.0445353476	3.489634989922675e+42	2.4130557691195373e+42	2.3109182554973378e+42	1.9102790906961224e+42	1.5692664231013978e+42	1.1127242438317309e+42	4.2174961892681996e+41	2.380731689265989e+41	1.030107261160846e+41	2.0282853306210958e+42	1.465531988179249e+42	1.1127242438317309e+42	8.51092438434905e+41
276309.3850702703	3.2490632369244257e+42	2.2351544063032453e+42	2.1808212268352816e+42	1.831879134188915e+42	1.517854545583249e+42	1.0865360431703084e+42	4.1755225448723054e+41	2.367645573156896e+41	1.0289392998330319e+41	1.9380087245481458e+42	1.420766515977344e+42	1.0865360431703084e+42	8.352940970511076e+41
285381.63286697626	3.0194442414455933e+42	2.0603305592005226e+42	2.049984621541482e+42	1.751263053204104e+42	1.4642469185285014e+42	1.0586919028478222e+42	4.128115975743273e+41	2.3518442629967555e+41	1.026783558615326e+41	1.8456739267311366e+42	1.3738942619470895e+42	1.0586919028478222e+42	8.18253276955403e+41
294752.30669763824	2.800652226520692e+42	1.8893784879126912e+42	1.918957620367911e+42	1.668681693677621e+42	1.4085607576092244e+42	1.0292139192940927e+42	4.0751374677097545e+41	2.3332306088262446e+41	1.0235953606422786e+41	1.751597221749405e+42	1.3250039048986974e+42	1.0292139192940927e+42	7.999665511893639e+41
304431.2391144283	2.5925914106337943e+42	1.7231196697365548e+42	1.788348756241645e+42	1.5844380821468446e+42	1.3509518770341436e+42	9.981460013012794e+41	4.016494886972726e+41	2.311728156774707e+41	1.0193369637113932e+41	1.656151225626747e+42	1.274218631059365e+42	9.981460013012794e+41	7.804445111160921e+41
314428.58678906516	2.3951779073173645e+42	1.5623792474810113e+42	1.6588137405336927e+42	1.4988837838470892e+42	1.2916136588858285e+42	9.65554055463268e+41	3.9521448642143685e+41	2.287282075574844e+41	1.0139778796732425e+41	1.559759683238724e+42	1.2216955415298594e+42	9.65554055463268e+41	7.597120876236814e+41
324754.841193104	2.2083238169733514e+42	1.407960988140575e+42	1.531040972727883e+42	1.4124136609048678e+42	1.2307749923784752e+42	9.315256654829983e+41	3.882093624979808e+41	2.2598595800697823e+41	1.0074950050733928e+41	1.4628904373581867e+42	1.1676241718149224e+42	9.315256654829983e+41	7.378085625789781e+41
335420.8396302071	2.0319240774657647e+42	1.2606220314845151e+42	1.405735342688741e+42	1.3254592403237128e+42	1.1686972876747985e+42	8.961693144339225e+41	3.806396904198147e+41	2.229449922139993e+41	9.9987258995459e+40	1.3660468452586538e+42	1.1122242102433576e+42	8.961693144339225e+41	7.14787303376318e+41
346437.7766320044	1.865846365317732e+42	1.1210486857520784e+42	1.2836009787695852e+42	1.2384809267382076e+42	1.105670681297255e+42	8.59613203697357e+41	3.7251590952282435e+41	2.1960640264195805e+41	9.911020745761485e+40	1.2697579502907544e+42	1.055742511965844e+42	8.59613203697357e+41	6.9071525624821644e+41
357817.215729535	1.7099240953080515e+42	9.89834441901626e+41	1.1653236115951706e+42	1.151959309067112e+42	1.0420095550704414e+42	8.220037221804564e+41	3.638531782309912e+41	2.1597338481226844e+41	9.81181824008888e+40	1.1745677338806378e+42	9.984495083076306e+41	8.220037221804564e+41	6.6567223343189565e+41
369571.1016126536	1.5639523693180922e+42	8.6746123899728e+41	1.0515532178631462e+42	1.0663858176949638e+42	9.780474913804079e+41	7.835036165814213e+41	3.546711795044532e+41	2.1205115258857347e+41	9.701167891202694e+40	1.0810237827185232e+42	9.406351106664046e+41	7.835036165814213e+41	6.3975002667716285e+41
381711.77269019524	1.427686578724209e+42	7.542848285293185e+41	9.428875822891215e+41	9.822529912127781e+41	9.141317857221218e+41	7.442899087106985e+41	3.4499389060938967e+41	2.0784683944675717e+41	9.579181196328494e+40	9.896657080009878e+41	8.82604205151652e+41	7.442899087106985e+41	6.13051375431434e+41
394251.97406410845	1.3008432698878122e+42	6.505248652571652e+41	8.398573717011132e+41	9.000446116596492e+41	8.506176353970929e+41	7.045516007391299e+41	3.3484932727155157e+41	2.033693912446178e+41	9.44602751488045e+40	9.010136510241368e+41	8.246718309686257e+41	7.045516007391299e+41	5.856888133935272e+41
407204.8709312064	1.183102833859925e+42	5.562601062501216e+41	7.429132539101504e+41	8.202259653108804e+41	7.87862121865907e+41	6.644872045365918e+41	3.2426927010503126e+41	1.98629454967689e+41	9.301929870428705e+40	8.155572026317227e+41	7.671581332027902e+41	6.644872045365918e+41	5.577834125414585e+41
420584.062426629	1.0741135709845677e+42	4.714288389396686e+41	6.5241551545587176e+41	7.432344820088752e+41	7.262181039708041e+41	6.24302127414623e+41	3.1328897901631878e+41	1.9363926686343655e+41	9.147160828123196e+40	7.337450523676036e+41	7.103831795667581e+41	6.24302127414623e+41	5.294634395073538e+41
434403.5959235777	9.734967010336104e+41	3.958343962942542e+41	5.686265380695001e+41	6.694709997838181e+41	6.660281406310517e+41	5.842059443448839e+41	3.019468992984814e+41	1.884125423978993e+41	8.9820385598132e+40	6.5597566642415466e+41	6.54661731549938e+41	5.842059443448839e+41	5.0086293586626535e+41
448677.98180435953	8.808519301745178e+41	3.2915536545807985e+41	4.9170638448942214e+41	5.99291891484002e+41	6.0761856401303975e+41	5.4440958608488024e+41	2.902843613576884e+41	1.8296436957423874e+41	8.806923177288957e+40	5.825892698888713e+41	6.002980628254501e+41	5.4440958608488024e+41	4.72120231576622e+41
463422.2087182748	7.957632392255407e+41	2.7095986900751073e+41	4.217116223134e+41	5.3300227473335635e+41	5.512938267186956e+41	5.051224735049843e+41	2.7834527444645773e+41	1.7731110633004924e+41	8.62221338473829e+40	5.138613768550155e+41	5.475809210948279e+41	5.051224735049843e+41	4.433763994692753e+41
478651.7593423929	7.178046179254519e+41	2.2072310941219737e+41	3.5859738444360675e+41	4.708505051593832e+41	4.973312489668382e+41	4.665496311879391e+41	2.661758136336537e+41	1.7147028209180622e+41	8.428343479117092e+40	4.499980714566846e+41	4.967787337412898e+41	4.665496311879391e+41	4.147736587762679e+41
494382.62666178925	6.465455297087167e+41	1.778472277475356e+41	3.0222252998419523e+41	4.13024122914032e+41	4.459762917232124e+41	4.288888169469303e+41	2.538240982153014e+41	1.654605029392855e+41	8.225780704616957e+40	3.9113319184866114e+41	4.4813516066911424e+41	4.288888169469303e+41	3.8645373653586746e+41
510631.33078636276	5.8155594953209695e+41	1.4168244761202022e+41	2.523576382063267e+41	3.5964738491506685e+41	3.974384794347423e+41	3.923277089352189e+41	2.4133985924665373e+41	1.5930135942296008e+41	8.015022952926616e+40	3.373275094819396e+41	4.018650997901917e+41	3.923277089352189e+41	3.585561980172283e+41
527414.9363219145	5.2241086840098816e+41	1.1154845828110378e+41	2.086954459561152e+41	3.10780468291187e+41	3.5188808884096565e+41	3.5704119695840395e+41	2.287740934525196e+41	1.530133356584109e+41	7.796596785184023e+40	2.885699272845379e+41	3.581512493301316e+41	3.5704119695840395e+41	3.3121676012017446e+41
544751.0703137569	4.6869420313915094e+41	8.675503907252832e+40	1.7086323459271404e+41	2.66420376355214e+41	3.0945370847022413e+41	3.2318882978459637e+41	2.1617870078806622e+41	1.4661771807408626e+41	7.571055741625217e+40	2.447806462105949e+41	3.1714132656123356e+41	3.2318882978459637e+41	3.0456560553526723e+41
562657.9407817167	4.200020867318316e+41	6.662103456204835e+40	1.3843659257265092e+41	2.2650351794595674e+41	2.7022075548093667e+41	2.909124745274382e+41	2.0360610317836097e+41	1.401365020017734e+41	7.338978896251453e+40	2.0581617253782915e+41	2.7894603317790748e+41	2.909124745274382e+41	2.7872571965603005e+41
581154.3558660223	3.759455434799369e+41	5.049094856020222e+40	1.1095393035076964e+41	1.909098668661184e+41	2.3423101226769994e+41	2.603342469082142e+41	1.9110884244843193e+41	1.3359229416200851e+41	7.100969605587429e+40	1.7147596253427515e+41	2.4363784274275615e+41	2.603342469082142e+41	2.5381127653132858e+41
600259.7436042078	3.3615257549757277e+41	3.774862051790532e+40	8.793110993340609e+40	1.5946854426851015e+41	2.0148321545234763e+41	2.315547721408984e+41	1.7873915634536407e+41	1.2700820911446254e+41	6.857654397023467e+40	1.4151043185818648e+41	2.1125066567002993e+41	2.315547721408984e+41	2.2992610453360456e+41
619994.1723598252	3.0026970219292053e+41	2.782766447600026e+40	6.887557319434479e+40	1.319646063076328e+41	1.7193469452773297e+41	2.0465183401575164e+41	1.6654853251469772e+41	1.2040775773007487e+41	6.6096819350971855e+40	1.1562999833634318e+41	1.8178042146465705e+41	2.0465183401575164e+41	2.0716226592751225e+41
640378.3719244493	2.679630050357818e+41	2.021857080400702e+40	5.329941072902281e+40	1.0814676749043311e+41	1.4550401909457574e+41	1.796794649810755e+41	1.545872417683906e+41	1.1381472596735966e+41	6.357722004731744e+40	9.351478422467036e+40	1.551865182300447e+41	1.796794649810755e+41	1.855987875770148e+41
661433.7553151577	2.3891873485290565e+41	1.447257687087058e+40	4.073090142740416e+40	8.773574959626808e+40	1.2207457293117808e+41	1.5666752108129598e+41	1.4290385334244689e+41	1.0725304235173298e+41	6.102464443546383e+40	7.482458010070727e+40	1.3139420565598875e+41	1.5666752108129598e+41	1.6530058116152939e+41
683182.4412904098	2.1284354140779276e+41	1.0202590130901649e+40	3.0724166478813986e+40	7.043292168577882e+40	1.014989339977212e+41	1.3562177376017686e+41	1.3154473670423686e+41	1.007466329535483e+41	5.844617957641667e+40	5.920867100519479e+40	1.1029773301025337e+41	1.3562177376017686e+41	1.4631759124337175e+41
705647.277607999	1.8946438405489393e+41	7.081583859125123e+39	2.2866710458245335e+40	5.592888989066542e+40	8.360390340674611e+40	1.1652453489802667e+41	1.2055355624709425e+41	9.431926303080296e+40	5.584908753266624e+40	4.631514604427533e+40	9.176420901877436e+40	1.1652453489802667e+41	1.2868420708911305e+41
728851.8650495296	1.6852817944847915e+41	4.838975372316571e+39	1.678475686205416e+40	4.391170808676275e+40	6.819599669932046e+40	9.933581302479625e+40	1.0997076704918739e+41	8.799436497339074e+40	5.324078915856634e+40	3.579935491854782e+40	7.563802886096807e+40	9.933581302479625e+40	1.124189694757974e+41
752820.5822366832	1.498012385062632e+41	3.255537167606793e+39	1.21464156447449e+40	3.407441188870881e+40	5.506719007695461e+40	8.399497843770502e+40	9.983312182018498e+40	8.179485284865378e+40	5.06288447267149e+40	2.7331235960364514e+40	6.174570737546178e+40	8.399497843770502e+40	9.752459689485512e+40
777578.6112653681	1.3306853965611837e+41	2.157385795287074e+39	8.662836113196837e+39	2.6121626212185725e+40	4.400070397901726e+40	7.042289348258698e+40	9.017320074135306e+40	7.574292447115104e+40	4.80209307540835e+40	2.0601315309508311e+40	4.990093860566497e+40	7.042289348258698e+40	8.398834613118658e+40
803151.9641847023	1.1813288021929197e+41	1.4095486651572173e+39	6.087592483706846e+39	1.9775057991936868e+40	3.4776608383001077e+40	5.852444348011763e+40	8.10189773582031e+40	6.985985271805447e+40	4.542481245277577e+40	1.5325260579819495e+40	3.9909692396333534e+40	5.852444348011763e+40	7.178271096790166e+40
829567.5103486769	1.0481394232248844e+41	9.09535128631493e+38	4.214615941681163e+39	1.4777755590075542e+40	2.7177048373289586e+40	4.819138479663669e+40	7.239343465790248e+40	6.416576863340788e+40	4.2848311292324064e+40	1.1246958066291552e+40	3.1575159645689054e+40	4.819138479663669e+40	6.086644988616851e+40
856853.0046692564	9.294730450893907e+40	5.812464544179722e+38	2.875023785286241e+39	1.089708977150451e+40	2.099091430573036e+40	3.930541102738262e+40	6.431424593948292e+40	5.867943976267804e+40	4.0299267263982166e+40	8.140163892055818e+39	2.4702369514598007e+40	3.930541102738262e+40	5.118591993232044e+40
885037.1168006238	8.238342502996178e+40	3.694609902443336e+38	1.9332035897549995e+39	7.92648218550038e+39	1.6017816381322864e+40	3.1741327298481836e+40	5.679353475487651e+40	5.341804797262572e+40	3.7785495521262453e+40	5.808850543677332e+39	1.910232363839209e+40	3.1741327298481836e+40	4.267668001804989e+40
914149.4612852613	7.298661839649796e+40	2.350359671473198e+38	1.2824915707907914e+39	5.685971114384015e+39	1.2071266332765135e+40	2.537021774203668e+40	4.983772728405901e+40	4.839697192435145e+40	3.53147372521459e+40	4.086426532733399e+39	1.4595523050738428e+40	2.537021774203668e+40	3.5265314144568313e+40
944220.628693559	6.463404243933875e+40	1.508837699945213e+38	8.407445349204579e+38	4.0217562410832104e+39	8.98101561690509e+39	2.006249243643726e+40	4.3447508554987976e+40	4.36295800604193e+40	3.289460478413997e+40	2.8340451615068996e+39	1.1014800491373386e+40	2.006249243643726e+40	2.8871413890688145e+40
975282.217789701	5.721470949593612e+40	9.871320041362605e+37	5.460506466811736e+38	2.804901530040712e+39	6.594546733792508e+39	1.5690708030586858e+40	3.761789120864081e+40	3.912704058780501e+40	3.0532521137475522e+40	1.938237540188342e+39	8.207411545312901e+39	1.5690708030586858e+40	2.340965126475595e+40
1007366.8687576464	5.062853218390832e+40	6.647752894439452e+37	3.527626507713071e+38	1.929396404643518e+39	4.7777584222809225e+39	1.2132070325832186e+40	3.233840198313308e+40	3.4898155360601486e+40	2.823565449481999e+40	1.3081056464711104e+39	6.036379424232378e+39	1.2132070325832186e+40	1.8791868306898536e+40
1040508.297522144	4.478541127859574e+40	4.644073254318369e+37	2.2797475278996433e+38	1.309780284331339e+39	3.4149233373291907e+39	9.270546226730549e+39	2.7593386711022484e+40	3.0949224599618738e+40	2.6010848268651153e+40	8.722955690108564e+38	4.3811270049943784e+39	9.270546226730549e+39	1.492910903469302e+40
1074741.3312008716	3.96043711152541e+40	3.375914957119995e+37	1.4850671474018564e+38	8.785259001644137e+38	2.4080261799606376e+39	6.998535603721081e+39	2.336242996778011e+40	2.728394928345064e+40	2.386454779104828e+40	5.7594276353630595e+38	3.1374634578016903e+39	6.998535603721081e+39	1.1733523040634786e+40
1110101.9447249726	3.501274581877937e+40	2.547447198371661e+37	9.840980719824835e+37	5.8335517200981254e+38	1.675609339995975e+39	5.2180785957542415e+39	1.9620880348522593e+40	2.390337737915854e+40	2.1802724899470267e+40	3.777442690812176e+38	2.2170189520660926e+39	5.2180785957542415e+39	9.120077662853265e+39
1146627.298666503	3.094541817573309e+40	1.9821776699625453e+37	6.697150678431101e+37	3.846314496500288e+38	1.151261650961627e+39	3.8415991584653713e+39	1.634046739865041e+40	2.080589914293462e+40	1.983080201602176e+40	2.4727197069673874e+38	1.546238382144838e+39	3.8415991584653713e+39	7.008027063657361e+39
1184355.7783125585	2.7344111624016746e+40	1.5769468828292046e+37	4.716988470874522e+37	2.529373077441833e+38	7.818842092866345e+38	2.792209157785812e+39	1.3489991569319719e+40	1.798729530105009e+40	1.7953577580120438e+40	1.626002249646074e+38	1.0650531487186617e+39	2.792209157785812e+39	5.322100708425481e+39
1223327.0340271734	2.415673488349767e+40	1.2723460006191197e+37	3.4513841598844053e+37	1.669115664126913e+38	5.2585682279213164e+38	2.0036174822912654e+39	1.1036064727723032e+40	1.544084018861863e+40	1.6175154963939312e+40	1.082839659337983e+38	7.253492207596611e+38	2.0036174822912654e+39	3.993389725392984e+39
1263582.022943428	2.1336777950436086e+40	1.0343281835315485e+37	2.620000505109263e+37	1.1138591338950952e+38	3.512114967232044e+38	1.4197041363878453e+39	8.943875928270948e+39	1.315745983554083e+40	1.4498877191902486e+40	7.369220809216396e+37	4.893410757292604e+38	1.4197041363878453e+39	2.9599261378367206e+39
1305163.0520296071	1.884275759370968e+40	8.43162725103975e+36	2.0518989345399376e+37	7.583282796138017e+37	2.3389785573258982e+38	9.93829325254221e+38	7.177955667203478e+39	1.1125942691599715e+40	1.2927269908361933e+40	5.167804424892096e+37	3.279464300865016e+38	9.93829325254221e+38	2.1669658120300654e+39
1348113.822574694	1.663771007733513e+40	6.870245692894457e+36	1.6450435632468807e+37	5.311391370662107e+37	1.5620199609277387e+38	6.87951884926618e+38	5.702911862986552e+39	9.333198297733179e+39	1.1461995068326582e+40	3.7550130794442754e+37	2.1923799520308927e+38	6.87951884926618e+38	1.5670000071420365e+39
1392479.4761399734	1.4688728570894718e+40	5.583990280390528e+36	1.3395607667400778e+37	3.850179115714595e+37	1.0535723001742658e+38	4.716303197737968e+38	4.484112385454427e+39	7.764556892904999e+39	1.0103817751210336e+40	2.8301733046467284e+37	1.4702798511550033e+38	4.716303197737968e+38	1.1195317112901456e+39
1438306.6420250686	1.2966542515380514e+40	4.5213066909324805e+36	1.1006515352994751e+37	2.893913886253256e+37	7.236436771325897e+37	3.2097390831997343e+38	3.4882919944797944e+39	6.404100824077249e+39	8.852588274005883e+39	2.2050526312205015e+37	9.962075990612772e+37	3.2097390831997343e+38	7.906608398325997e+38
1485643.4862983185	1.1445136156403321e+40	3.643953732954285e+36	9.080290165076037e+36	2.2494475680738463e+37	5.102189556039376e+37	2.1760192924549766e+38	2.6840658937401742e+39	5.235016916776985e+39	7.707241441928557e+39	1.7644050908039727e+37	6.875048371640749e+37	2.1760192924549766e+38	5.5252658485735535e+38
1534539.7624430512	1.0101403392617654e+40	2.9217055199841215e+36	7.496047846068067e+36	1.7974640010732278e+37	3.7153334128067694e+37	1.4765729448703349e+38	2.0423373804164775e+39	4.2399577366636424e+39	6.665814256987752e+39	1.4390447436567398e+37	4.87051744930031e+37	1.4765729448703349e+38	3.82655750162842e+38
1585046.8636730153	8.91483619097725e+39	2.3296396846165033e+36	6.178395368586184e+36	1.4657330910525866e+37	2.8010353510056753e+37	1.0090811253726875e+38	1.5365929752895684e+39	3.4013991552885365e+39	5.725482817537701e+39	1.188045440293544e+37	3.562670775753522e+37	1.0090811253726875e+38	2.632632042074725e+38
1637217.8769719733	7.867243843548234e+39	1.8467183994470877e+36	5.077022530933734e+36	1.2112245890213333e+37	2.1825525137898667e+37	6.99581156545156e+37	1.1430843940086966e+39	2.701981757112346e+39	4.8826183837280145e+39	9.87347125310645e+36	2.696833784538446e+37	6.99581156545156e+37	1.8054519891286135e+38
1691107.6389142857	6.942500499568961e+39	1.4549956696907566e+36	4.1556395774273175e+36	1.0085229769438221e+37	1.7487263578516096e+37	4.9575509258619055e+37	8.409024312509726e+38	2.124824534519669e+39	4.132861807972406e+39	8.226972537900796e+36	2.1086885806609468e+37	4.9575509258619055e+37	1.2399908483038286e+38
1746772.7933251804	6.126318474076568e+39	1.1391212443386384e+36	3.3861385318870487e+36	8.425622750589154e+36	1.4310701985416725e+37	3.6140310949532416e+37	6.119527773328568e+38	1.6538008450595378e+39	3.471214660811771e+39	6.854192751190654e+36	1.694533096347775e+37	3.6140310949532416e+37	8.579471387806677e+37
1804271.8508413394	5.40604504078959e+39	8.859861354344982e+35	2.745565274237251e+36	7.042162844046002e+36	1.1881105996778105e+37	2.7203061025511387e+37	4.408477422095072e+38	1.273768774412343e+39	2.8921446062913875e+39	5.69957888052885e+36	1.390243466038924e+37	2.7203061025511387e+37	6.021443596609838e+37
1863665.2504344375	4.7704805245741993e+39	6.844390937877333e+35	2.214547643918105e+36	5.87707922170818e+36	9.9501536354117e+36	2.1142954898645232e+37	3.147305181282693e+38	9.70750579995731e+38	2.389701822245815e+39	4.724998958042665e+36	1.1568434188655383e+37	2.1142954898645232e+37	4.317073421682224e+37
1925015.4229623186	4.2097156810361166e+39	5.250433129805622e+35	1.776452173352863e+36	4.891353459986717e+36	8.369371603746678e+36	1.691082331174526e+37	2.2304994368392726e+38	7.320586832435353e+38	1.9576426709327995e+39	3.902221978299225e+36	9.709087697814522e+36	1.691082331174526e+37	3.1803777978820005e+37
1988386.856814648	3.714986474460661e+39	3.998600730168042e+35	1.416894719465305e+36	4.056584907562197e+36	7.048758181249009e+36	1.3841604364731002e+37	1.5730373475220104e+38	5.463684707478638e+38	1.589556392891303e+39	3.208918163855804e+36	8.183843392114508e+36	1.3841604364731002e+37	2.4155820432145885e+37
2053846.1657220598	3.278544565782953e+39	3.0225391171639433e+35	1.1234210443194155e+36	3.350619378082701e+36	5.931874682179544e+36	1.1521577718679846e+37	1.1076700492927901e+38	4.037408051296318e+38	1.2789904340155311e+39	2.626564044610685e+36	6.907243420392192e+36	1.1521577718679846e+37	1.8915577979785707e+37
2121462.1588001167	2.893541909540561e+39	2.267165417834494e+35	8.852694545187254e+35	2.7552425479362503e+36	4.9813181442223086e+36	9.697176632106562e+36	7.822079581788639e+37	2.955993739871222e+38	1.0195700387736462e+39	2.1393404652121212e+36	5.825585198170118e+36	9.697176632106562e+36	1.5223427834037968e+37
2191305.9129017256	2.5539280219897872e+39	1.6870816441227635e+35	6.931757646458915e+35	2.2549662559029626e+36	4.1705038139370126e+36	8.214246736770487e+36	5.569261975610833e+37	2.1466975874304318e+38	8.051080658420754e+38	1.7335317235839134e+36	4.903246645097108e+36	8.214246736770487e+36	1.2527288353731769e+37
2263450.847354105	2.2543586191130974e+39	1.2451523991612795e+35	5.392030517171508e+35	1.8363743278594943e+36	3.4791449229455773e+36	6.978818327510176e+36	4.021796571513501e+37	1.5488824665900793e+38	6.297015297091762e+38	1.397171272135356e+36	4.114914168421733e+36	6.978818327510176e+36	1.047911655048049e+37
2337972.801158888	1.9901144265564056e+39	9.112381702022816e+34	4.1658836672230996e+35	1.487746558413615e+36	2.8908205827177055e+36	5.932548047328647e+36	2.962863299182616e+37	1.1128891027145602e+38	4.87812105895507e+38	1.1198070028311196e+36	3.441286224864935e+36	5.932548047328647e+36	8.862763272924327e+36
2414950.1127365483	1.757029080815544e+39	6.610756737837357e+34	3.196029922464631e+35	1.1988186710995972e+36	2.391681506943401e+36	5.0378139958258503e+36	2.237089994573674e+37	7.987738119156261e+37	3.743287307965136e+38	8.923254041175219e+35	2.866750379394329e+36	5.0378139958258503e+36	7.545177672156599e+36
2494463.7022990123	1.5514251517568837e+39	4.752964026043251e+34	2.4342469833866486e+35	9.606091773284697e+35	1.9697552118662925e+36	4.2689413106746594e+36	1.7354089870813629e+37	5.749911725693313e+37	2.846114010588346e+38	7.068065498435428e+35	2.3781419825122944e+36	4.2689413106746594e+36	6.444391246128509e+36
2576597.1569370716	1.3700574128704885e+39	3.385738375543895e+34	1.8402116082309497e+35	7.652805851358951e+35	1.614557807551788e+36	3.60718436846265e+36	1.3828177406942566e+37	4.170891753299532e+37	2.145162558828915e+38	5.5639719181543626e+35	1.9640760617527004e+36	3.60718436846265e+36	5.509142929638069e+36
2661436.8185120868	1.2100625495116693e+39	2.3888904829769107e+34	1.380438976155426e+35	6.0601963014061785e+35	1.3168586102551961e+36	3.037929103005052e+36	1.128772675231562e+37	3.0647115330579164e+37	1.604029324186772e+38	4.3519593957239005e+35	1.61457339176212e+36	3.037929103005052e+36	4.7062998431925516e+36
2749071.874444415	1.0689146331537631e+39	1.669047038764243e+34	1.0273247885152939e+35	4.769303182351763e+35	1.0685216284470167e+36	2.549164330345109e+36	9.398659655423411e+36	2.2926442754024544e+37	1.1912599680746493e+38	3.381483576267332e+35	1.3208356832956285e+36	2.549164330345109e+36	4.0133217921295267e+36
2839594.4514940255	9.443856810654504e+38	1.1543639679465883e+34	7.582838251125246e+34	3.729358864553282e+35	8.623850357367351e+35	2.1306511885253304e+36	7.944015036654092e+36	1.7532100045787507e+37	8.801283456181588e+37	2.6095013537159502e+35	1.0750941264461138e+36	2.1306511885253304e+36	3.4138718782902275e+36
2933099.7126319506	8.345107654486897e+38	7.901106193233956e+33	5.549822890948851e+34	2.8968869990046507e+35	6.921618099908409e+35	1.7734671005260256e+36	6.784924803844164e+36	1.373625760902082e+37	6.48308195471402e+37	1.999580686630396e+35	8.704960864878905e+35	1.7734671005260256e+36	2.8953256430050834e+36
3029685.957104435	7.37557155231354e+38	5.350197492857828e+33	4.02658655585536e+34	2.2348710329402902e+35	5.523528315601996e+35	1.4697444768602915e+36	5.833340735766184e+36	1.1027091225579766e+37	4.774674895037917e+37	1.5210830139879178e+35	7.010121587261679e+35	1.4697444768602915e+36	2.447385433541408e+36
3129454.7237950363	6.519970200784617e+38	3.583032962452815e+33	2.8952763598982626e+34	1.7119865454650937e+35	4.381681946759084e+35	1.2125085597447776e+36	5.033520141911798e+36	9.051584956609143e+36	3.528150429717556e+37	1.1484146106691522e+35	5.613550025502029e+35	1.2125085597447776e+36	2.061316412466095e+36
3232510.8979933765	5.764833214668e+38	2.3724097664641472e+33	2.06262281626521e+34	1.3018971248744617e+35	3.454553182558903e+35	9.95566962337552e+35	4.349821359156889e+36	7.570745596545675e+36	2.6262699264136703e+37	8.603464623531828e+34	4.46906661437071e+35	9.95566962337552e+35	1.7295234500291175e+36
3338962.8216828513	5.098284957736529e+38	1.5525356928484038e+33	1.4554763529773428e+34	9.82608904833379e+34	2.7063223720954037e+35	8.134253860677668e+35	3.7588861475859344e+36	6.425517724659952e+36	1.9777697869866506e+37	6.393984516449229e+34	3.53651676589834e+35	8.134253860677668e+35	1.4453078742181315e+36
3448922.4074632935	4.509856405290536e+38	1.0038246369696452e+33	1.0170019749891814e+34	7.358842268188216e+34	2.1062599913290786e+35	6.612188211053015e+35	3.2447746643912385e+36	5.51157263475572e+36	1.5128947728931856e+37	4.71287130347677e+34	2.781155637806178e+35	6.612188211053015e+35	1.2027195289650752e+36
3562505.256228412	3.990318910914882e+38	6.410411344448039e+32	7.034647170595007e+33	5.467108915193947e+34	1.6281543430042552e+35	5.3465153142875105e+35	2.796017280246422e+36	4.7611793798429035e+36	1.1793052176812906e+37	3.444332284332378e+34	2.1730758275146385e+35	5.3465153142875105e+35	9.964575191580925e+35
3679830.7787218066	3.53153755902731e+38	4.041748101280249e+32	4.8154417405624394e+33	4.0282614481928894e+34	1.249783431664324e+35	4.299435595384509e+35	2.4038727014979576e+36	4.1305349981196606e+36	9.384511376938099e+36	2.495267087926514e+34	1.686677698925316e+35	4.299435595384509e+35	8.217976048695252e+35
3801022.321099401	3.1263416541371166e+38	2.515053325913484e+32	3.261138492026926e+33	2.9429230987743846e+34	9.524274819444516e+34	3.437816897436355e+35	2.06131813074847e+36	3.591155119627499e+36	7.624586604237308e+36	1.7914547160413324e+34	1.3001775213818484e+35	3.437816897436355e+35	6.745338675312718e+35
3926207.294630402	2.7684105361070938e+38	1.5440271148045317e+32	2.1842597490379754e+33	2.131221366817595e+34	7.204225673284052e+34	2.732744290436359e+35	1.762471838671588e+36	3.1241871832286296e+36	6.315353007884352e+36	1.274244906190757e+34	9.951539826187226e+34	2.732744290436359e+35	5.509295915367319e+35
4055517.309673212	2.4521727787547737e+38	9.348095943940244e+31	1.446439560322987e+33	1.5295047819580924e+34	5.407529786802149e+34	2.159101019300909e+35	1.5022619383695948e+36	2.7167546414773744e+36	5.318688555701226e+36	8.977113895346475e+33	7.561302683563999e+34	2.159101019300909e+35	4.476737779927275e+35
