#t	Le	U	B	V	R	I	J	H	K	g	r	i	z
#----------------------------------------------- 
2.8381822932011733	0.0	0.0	0.0	0.0	0.0	0.0	0.0	0.0	0.0	0.0	0.0	0.0	0.0
2.899754688525108	0.0	0.0	0.0	0.0	0.0	0.0	0.0	0.0	0.0	0.0	0.0	0.0	0.0
2.958252846286624	0.0	0.0	0.0	0.0	0.0	0.0	0.0	0.0	0.0	0.0	0.0	0.0	0.0
3.0179673926888526	0.0	0.0	0.0	0.0	0.0	0.0	0.0	0.0	0.0	0.0	0.0	0.0	0.0
3.0796536629455904	0.0	0.0	0.0	0.0	0.0	0.0	0.0	0.0	0.0	0.0	0.0	0.0	0.0
3.1436351129307156	0.0	0.0	0.0	0.0	0.0	0.0	0.0	0.0	0.0	0.0	0.0	0.0	0.0
3.2101254528852516	0.0	0.0	0.0	0.0	0.0	0.0	0.0	0.0	0.0	0.0	0.0	0.0	0.0
3.279304195594044	0.0	0.0	0.0	0.0	0.0	0.0	0.0	0.0	0.0	0.0	0.0	0.0	0.0
3.35134139175309	0.0	0.0	0.0	0.0	0.0	0.0	0.0	0.0	0.0	0.0	0.0	0.0	0.0
3.4264076932663174	0.0	0.0	0.0	0.0	0.0	0.0	0.0	0.0	0.0	0.0	0.0	0.0	0.0
3.5046792429584315	0.0	0.0	0.0	0.0	0.0	0.0	0.0	0.0	0.0	0.0	0.0	0.0	0.0
3.586340484177012	0.0	0.0	0.0	0.0	0.0	0.0	0.0	0.0	0.0	0.0	0.0	0.0	0.0
3.6715860607505713	0.0	0.0	0.0	0.0	0.0	0.0	0.0	0.0	0.0	0.0	0.0	0.0	0.0
3.7606223036685424	0.0	0.0	0.0	0.0	0.0	0.0	0.0	0.0	0.0	0.0	0.0	0.0	0.0
3.853668535520308	0.0	0.0	0.0	0.0	0.0	0.0	0.0	0.0	0.0	0.0	0.0	0.0	0.0
3.9509583094241285	0.0	0.0	0.0	0.0	0.0	0.0	0.0	0.0	0.0	0.0	0.0	0.0	0.0
4.0527406462505065	0.0	0.0	0.0	0.0	0.0	0.0	0.0	0.0	0.0	0.0	0.0	0.0	0.0
4.159281307976086	0.0	0.0	0.0	0.0	0.0	0.0	0.0	0.0	0.0	0.0	0.0	0.0	0.0
4.270864131662747	0.0	0.0	0.0	0.0	0.0	0.0	0.0	0.0	0.0	0.0	0.0	0.0	0.0
4.387792441461148	0.0	0.0	0.0	0.0	0.0	0.0	0.0	0.0	0.0	0.0	0.0	0.0	0.0
4.510390552178383	0.0	0.0	0.0	0.0	0.0	0.0	0.0	0.0	0.0	0.0	0.0	0.0	0.0
4.639005375831649	0.0	0.0	0.0	0.0	0.0	0.0	0.0	0.0	0.0	0.0	0.0	0.0	0.0
4.77400814146317	0.0	0.0	0.0	0.0	0.0	0.0	0.0	0.0	0.0	0.0	0.0	0.0	0.0
4.915796237893852	0.0	0.0	0.0	0.0	0.0	0.0	0.0	0.0	0.0	0.0	0.0	0.0	0.0
5.064795188816206	0.0	0.0	0.0	0.0	0.0	0.0	0.0	0.0	0.0	0.0	0.0	0.0	0.0
5.221460769529128	0.0	0.0	0.0	0.0	0.0	0.0	0.0	0.0	0.0	0.0	0.0	0.0	0.0
5.386281274622025	0.0	0.0	0.0	0.0	0.0	0.0	0.0	0.0	0.0	0.0	0.0	0.0	0.0
5.5597799459696455	0.0	0.0	0.0	0.0	0.0	0.0	0.0	0.0	0.0	0.0	0.0	0.0	0.0
5.742517570471995	0.0	0.0	0.0	0.0	0.0	0.0	0.0	0.0	0.0	0.0	0.0	0.0	0.0
5.93509525704855	0.0	0.0	0.0	0.0	0.0	0.0	0.0	0.0	0.0	0.0	0.0	0.0	0.0
6.13815740245907	0.0	0.0	0.0	0.0	0.0	0.0	0.0	0.0	0.0	0.0	0.0	0.0	0.0
6.35239485557656	0.0	0.0	0.0	0.0	0.0	0.0	0.0	0.0	0.0	0.0	0.0	0.0	0.0
6.578548289781914	0.0	0.0	0.0	0.0	0.0	0.0	0.0	0.0	0.0	0.0	0.0	0.0	0.0
6.817411793196331	0.0	0.0	0.0	0.0	0.0	0.0	0.0	0.0	0.0	0.0	0.0	0.0	0.0
7.069836686538538	0.0	0.0	0.0	0.0	0.0	0.0	0.0	0.0	0.0	0.0	0.0	0.0	0.0
7.336735578510917	0.0	0.0	0.0	0.0	0.0	0.0	0.0	0.0	0.0	0.0	0.0	0.0	0.0
7.619086668824693	0.0	0.0	0.0	0.0	0.0	0.0	0.0	0.0	0.0	0.0	0.0	0.0	0.0
7.917938309312369	0.0	0.0	0.0	0.0	0.0	0.0	0.0	0.0	0.0	0.0	0.0	0.0	0.0
8.234413834104705	0.0	0.0	0.0	0.0	0.0	0.0	0.0	0.0	0.0	0.0	0.0	0.0	0.0
8.569716670645422	0.0	0.0	0.0	0.0	0.0	0.0	0.0	0.0	0.0	0.0	0.0	0.0	0.0
8.925135744454247	0.0	0.0	0.0	0.0	0.0	0.0	0.0	0.0	0.0	0.0	0.0	0.0	0.0
9.302051192132602	0.0	0.0	0.0	0.0	0.0	0.0	0.0	0.0	0.0	0.0	0.0	0.0	0.0
9.701940399232488	0.0	0.0	0.0	0.0	0.0	0.0	0.0	0.0	0.0	0.0	0.0	0.0	0.0
10.126384382405849	0.0	0.0	0.0	0.0	0.0	0.0	0.0	0.0	0.0	0.0	0.0	0.0	0.0
10.577074538830189	0.0	0.0	0.0	0.0	0.0	0.0	0.0	0.0	0.0	0.0	0.0	0.0	0.0
11.055819790404424	0.0	0.0	0.0	0.0	0.0	0.0	0.0	0.0	0.0	0.0	0.0	0.0	0.0
11.564554155748953	0.0	0.0	0.0	0.0	0.0	0.0	0.0	0.0	0.0	0.0	0.0	0.0	0.0
12.105344789757705	0.0	0.0	0.0	0.0	0.0	0.0	0.0	0.0	0.0	0.0	0.0	0.0	0.0
12.680400538450977	0.0	0.0	0.0	0.0	0.0	0.0	0.0	0.0	0.0	0.0	0.0	0.0	0.0
13.29208106628441	0.0	0.0	0.0	0.0	0.0	0.0	0.0	0.0	0.0	0.0	0.0	0.0	0.0
13.942906623976869	0.0	0.0	0.0	0.0	0.0	0.0	0.0	0.0	0.0	0.0	0.0	0.0	0.0
14.635568537418093	0.0	0.0	0.0	0.0	0.0	0.0	0.0	0.0	0.0	0.0	0.0	0.0	0.0
15.37294051239153	0.0	0.0	0.0	0.0	0.0	0.0	0.0	0.0	0.0	0.0	0.0	0.0	0.0
16.158090865770088	0.0	0.0	0.0	0.0	0.0	0.0	0.0	0.0	0.0	0.0	0.0	0.0	0.0
16.994295811608232	0.0	0.0	0.0	0.0	0.0	0.0	0.0	0.0	0.0	0.0	0.0	0.0	0.0
17.88505395025618	0.0	0.0	0.0	0.0	0.0	0.0	0.0	0.0	0.0	0.0	0.0	0.0	0.0
18.834102130407132	0.0	0.0	0.0	0.0	0.0	0.0	0.0	0.0	0.0	0.0	0.0	0.0	0.0
19.84543287804332	0.0	0.0	0.0	0.0	0.0	0.0	0.0	0.0	0.0	0.0	0.0	0.0	0.0
20.92331361284118	0.0	0.0	0.0	0.0	0.0	0.0	0.0	0.0	0.0	0.0	0.0	0.0	0.0
22.072307902095297	0.0	0.0	0.0	0.0	0.0	0.0	0.0	0.0	0.0	0.0	0.0	0.0	0.0
23.297299035109504	0.0	0.0	0.0	0.0	0.0	0.0	0.0	0.0	0.0	0.0	0.0	0.0	0.0
24.60351623793657	0.0	0.0	0.0	0.0	0.0	0.0	0.0	0.0	0.0	0.0	0.0	0.0	0.0
25.99656389012621	0.0	0.0	0.0	0.0	0.0	0.0	0.0	0.0	0.0	0.0	0.0	0.0	0.0
27.48245415281811	0.0	0.0	0.0	0.0	0.0	0.0	0.0	0.0	0.0	0.0	0.0	0.0	0.0
29.06764347235123	0.0	0.0	0.0	0.0	0.0	0.0	0.0	0.0	0.0	0.0	0.0	0.0	0.0
30.759073487117185	0.0	0.0	0.0	0.0	0.0	0.0	0.0	0.0	0.0	0.0	0.0	0.0	0.0
32.564216939555074	0.0	0.0	0.0	0.0	0.0	0.0	0.0	0.0	0.0	0.0	0.0	0.0	0.0
34.49112928223808	0.0	0.0	0.0	0.0	0.0	0.0	0.0	0.0	0.0	0.0	0.0	0.0	0.0
36.548506769680166	0.0	0.0	0.0	0.0	0.0	0.0	0.0	0.0	0.0	0.0	0.0	0.0	0.0
38.745751949100736	0.0	0.0	0.0	0.0	0.0	0.0	0.0	0.0	0.0	0.0	0.0	0.0	0.0
41.09304760789812	0.0	0.0	0.0	0.0	0.0	0.0	0.0	0.0	0.0	0.0	0.0	0.0	0.0
43.60144040783957	0.0	0.0	0.0	0.0	0.0	0.0	0.0	0.0	0.0	0.0	0.0	0.0	0.0
46.282935641864555	0.0	0.0	0.0	0.0	0.0	0.0	0.0	0.0	0.0	0.0	0.0	0.0	0.0
49.150604796131454	0.0	0.0	0.0	0.0	0.0	0.0	0.0	0.0	0.0	0.0	0.0	0.0	0.0
52.21870789642224	0.0	0.0	0.0	0.0	0.0	0.0	0.0	0.0	0.0	0.0	0.0	0.0	0.0
55.50283297527204	0.0	0.0	0.0	0.0	0.0	0.0	0.0	0.0	0.0	0.0	0.0	0.0	0.0
59.0200554279791	0.0	0.0	0.0	0.0	0.0	0.0	0.0	0.0	0.0	0.0	0.0	0.0	0.0
62.78912054919176	0.0	0.0	0.0	0.0	0.0	0.0	0.0	0.0	0.0	0.0	0.0	0.0	0.0
66.83065317877659	0.0	0.0	0.0	0.0	0.0	0.0	0.0	0.0	0.0	0.0	0.0	0.0	0.0
71.16739916365371	0.0	0.0	0.0	0.0	0.0	0.0	0.0	0.0	0.0	0.0	0.0	0.0	0.0
75.82450429619789	0.0	0.0	0.0	0.0	0.0	0.0	0.0	0.0	0.0	0.0	0.0	0.0	0.0
80.82983756445273	0.0	0.0	0.0	0.0	0.0	0.0	0.0	0.0	0.0	0.0	0.0	0.0	0.0
86.21436700236946	0.0	0.0	0.0	0.0	0.0	0.0	0.0	0.0	0.0	0.0	0.0	0.0	0.0
92.01259823403416	0.0	0.0	0.0	0.0	0.0	0.0	0.0	0.0	0.0	0.0	0.0	0.0	0.0
98.26308806135683	0.0	0.0	0.0	0.0	0.0	0.0	0.0	0.0	0.0	0.0	0.0	0.0	0.0
105.00904827677005	0.0	0.0	0.0	0.0	0.0	0.0	0.0	0.0	0.0	0.0	0.0	0.0	0.0
112.2990584582688	0.0	0.0	0.0	0.0	0.0	0.0	0.0	0.0	0.0	0.0	0.0	0.0	0.0
120.18791104516824	0.0	0.0	0.0	0.0	0.0	0.0	0.0	0.0	0.0	0.0	0.0	0.0	0.0
128.7376177951521	0.0	0.0	0.0	0.0	0.0	0.0	0.0	0.0	0.0	0.0	0.0	0.0	0.0
138.01861418454607	0.0	0.0	0.0	0.0	0.0	0.0	0.0	0.0	0.0	0.0	0.0	0.0	0.0
148.11120797372445	0.0	0.0	0.0	0.0	0.0	0.0	0.0	0.0	0.0	0.0	0.0	0.0	0.0
159.10733075558912	0.0	0.0	0.0	0.0	0.0	0.0	0.0	0.0	0.0	0.0	0.0	0.0	0.0
171.11266785341746	0.0	0.0	0.0	0.0	0.0	0.0	0.0	0.0	0.0	0.0	0.0	0.0	0.0
184.2492638489411	0.0	0.0	0.0	0.0	0.0	0.0	0.0	0.0	0.0	0.0	0.0	0.0	0.0
198.65873028787337	0.0	0.0	0.0	0.0	0.0	0.0	0.0	0.0	0.0	0.0	0.0	0.0	0.0
214.5062215453278	0.0	0.0	0.0	0.0	0.0	0.0	0.0	0.0	0.0	0.0	0.0	0.0	0.0
231.98539847792063	0.0	0.0	0.0	0.0	0.0	0.0	0.0	0.0	0.0	0.0	0.0	0.0	0.0
251.3246732038197	0.0	0.0	0.0	0.0	0.0	0.0	0.0	0.0	0.0	0.0	0.0	0.0	0.0
272.7951307434739	0.0	0.0	0.0	0.0	0.0	0.0	0.0	0.0	0.0	0.0	0.0	0.0	0.0
296.72066712812506	0.0	0.0	0.0	0.0	0.0	0.0	0.0	0.0	0.0	0.0	0.0	0.0	0.0
322.7442882327152	0.0	0.0	0.0	0.0	0.0	0.0	0.0	0.0	0.0	0.0	0.0	0.0	0.0
351.0477024659523	0.0	0.0	0.0	0.0	0.0	0.0	0.0	0.0	0.0	0.0	0.0	0.0	0.0
381.8308557947381	0.0	0.0	0.0	0.0	0.0	0.0	0.0	0.0	0.0	0.0	0.0	0.0	0.0
415.3113100417519	0.0	0.0	0.0	0.0	0.0	0.0	0.0	0.0	0.0	0.0	0.0	0.0	0.0
451.72580294357977	0.0	0.0	0.0	0.0	0.0	0.0	0.0	0.0	0.0	0.0	0.0	0.0	0.0
491.3319460461758	0.0	0.0	0.0	0.0	0.0	0.0	0.0	0.0	0.0	0.0	0.0	0.0	0.0
534.4100724755339	0.0	0.0	0.0	0.0	0.0	0.0	0.0	0.0	0.0	0.0	0.0	0.0	0.0
581.2652476983922	0.0	0.0	0.0	0.0	0.0	0.0	0.0	0.0	0.0	0.0	0.0	0.0	0.0
632.2294575519558	0.0	0.0	0.0	0.0	0.0	0.0	0.0	0.0	0.0	0.0	0.0	0.0	0.0
687.663989091021	0.0	0.0	0.0	0.0	0.0	0.0	0.0	0.0	0.0	0.0	0.0	0.0	0.0
747.9620211843262	0.0	0.0	0.0	0.0	0.0	0.0	0.0	0.0	0.0	0.0	0.0	0.0	0.0
813.5514432985505	0.0	0.0	0.0	0.0	0.0	0.0	0.0	0.0	0.0	0.0	0.0	0.0	0.0
884.8979225482258	0.0	0.0	0.0	0.0	0.0	0.0	0.0	0.0	0.0	0.0	0.0	0.0	0.0
962.5082403889786	0.0	0.0	0.0	0.0	0.0	0.0	0.0	0.0	0.0	0.0	0.0	0.0	0.0
1046.933923182635	0.0	0.0	0.0	0.0	0.0	0.0	0.0	0.0	0.0	0.0	0.0	0.0	0.0
1138.775192960734	0.0	0.0	0.0	0.0	0.0	0.0	0.0	0.0	0.0	0.0	0.0	0.0	0.0
1238.6852662476097	0.0	0.0	0.0	0.0	0.0	0.0	0.0	0.0	0.0	0.0	0.0	0.0	0.0
1347.375031655053	0.0	0.0	0.0	0.0	0.0	0.0	0.0	0.0	0.0	0.0	0.0	0.0	0.0
1465.6181397310866	0.0	0.0	0.0	0.0	0.0	0.0	0.0	0.0	0.0	0.0	0.0	0.0	0.0
1594.2565414383569	0.0	0.0	0.0	0.0	0.0	0.0	0.0	0.0	0.0	0.0	0.0	0.0	0.0
1734.2065146333482	0.0	0.0	0.0	0.0	0.0	0.0	0.0	0.0	0.0	0.0	0.0	0.0	0.0
1886.465221966099	0.0	0.0	0.0	0.0	0.0	0.0	0.0	0.0	0.0	0.0	0.0	0.0	0.0
2052.1178470783184	0.0	0.0	0.0	0.0	0.0	0.0	0.0	0.0	0.0	0.0	0.0	0.0	0.0
2232.345360255795	0.0	0.0	0.0	0.0	0.0	0.0	0.0	0.0	0.0	0.0	0.0	0.0	0.0
2428.4329690412883	0.0	0.0	0.0	0.0	0.0	0.0	0.0	0.0	0.0	0.0	0.0	0.0	0.0
2641.7793138778834	0.0	0.0	0.0	0.0	0.0	0.0	0.0	0.0	0.0	0.0	0.0	0.0	0.0
2873.9064752136974	0.0	0.0	0.0	0.0	0.0	0.0	0.0	0.0	0.0	0.0	0.0	0.0	0.0
3126.470863153272	0.0	0.0	0.0	0.0	0.0	0.0	0.0	0.0	0.0	0.0	0.0	0.0	0.0
3401.275067922374	0.0	0.0	0.0	0.0	0.0	0.0	0.0	0.0	0.0	0.0	0.0	0.0	0.0
3700.2807557657866	0.0	0.0	0.0	0.0	0.0	0.0	0.0	0.0	0.0	0.0	0.0	0.0	0.0
4025.622702672899	1.2878065225480539e+33	1.3187267752653534e+29	7.281913545033094e+28	3.75573176946796e+28	2.3934679488557608e+28	1.2786578309324978e+28	3.175475238689482e+27	1.5550046146754395e+27	5.837727744423851e+26	4.4364913926431755e+28	2.0884838319414423e+28	1.2786578309324978e+28	8.388293088129709e+27
4379.624066440546	3.987112424223059e+35	4.629403603385645e+31	2.5572403253456415e+31	1.3193502617587064e+31	8.409522497953128e+30	4.493538971862434e+30	1.1163137195993273e+30	5.467140612723349e+29	2.052698267839943e+29	1.5583788564174933e+31	7.338312358853605e+30	4.493538971862434e+30	2.948210783438978e+30
4764.8130058949855	4.2019440929523836e+37	5.531035173061197e+33	3.0564379071168757e+33	1.5774287804817588e+33	1.005640091483448e+33	5.3746988525320605e+32	1.3356770136500504e+32	6.542273028069677e+31	2.4566796194827204e+31	1.8630699473903943e+33	8.775860698323496e+32	5.3746988525320605e+32	3.526769840535691e+32
5183.940766446805	1.9563783224642914e+39	2.9719360745920043e+35	1.6430223659094162e+35	8.483050650937127e+34	5.409318790813032e+34	2.891792536680503e+34	7.189413875894694e+33	3.5219598973218735e+33	1.322726543912583e+33	1.0018236849689948e+35	4.720808695402454e+34	2.891792536680503e+34	1.897813453930671e+34
5640.001361413317	4.623388165555378e+40	8.206283378055466e+36	4.5391418346344776e+36	2.3446719209965166e+36	1.4954932962142918e+36	7.99720810459826e+35	1.9891598263941708e+35	9.746159368816415e+34	3.6609556616593743e+34	2.768696300675112e+36	1.3052354064509523e+36	7.99720810459826e+35	5.2492513472222865e+35
6136.25298975161	6.1977317928975106e+41	1.292877547626502e+38	7.155331088484768e+37	3.697918233885445e+37	2.359296125076888e+37	1.2620551135879794e+37	3.1407573389708687e+36	1.539140144487958e+36	5.782580548278438e+35	4.366164168277558e+37	2.0593034700105646e+37	1.2620551135879794e+37	8.285465499098049e+36
6676.241344364666	4.8741038151715016e+42	1.199912274910132e+39	6.6448985124578116e+38	3.436008595574169e+38	2.1928695809530636e+38	1.1734454110464942e+38	2.9218849757319025e+37	1.432167205194572e+37	5.381791907737288e+36	4.0564126827804336e+38	1.9141991756418256e+38	1.1734454110464942e+38	7.705272099838065e+37
7263.824984389266	1.8313374787638877e+43	5.3238622374019694e+39	2.9501875896481265e+39	1.5264034992428448e+39	9.744733605958464e+38	5.216560389649486e+38	1.2997035791822988e+38	6.371875876483508e+37	2.394946735311788e+37	1.8017677652416702e+39	8.507130076093911e+38	5.216560389649486e+38	3.426110719480437e+38
7903.202966771178	2.333712508860176e+43	8.050079742138148e+39	4.4640962141483966e+39	2.3111639041062436e+39	1.4760008563489505e+39	7.90460657655098e+38	1.9707165058836576e+38	9.663801995368348e+37	3.633128038292294e+37	2.727698352308235e+39	1.2886710928018996e+39	7.90460657655098e+38	5.19275680956819e+38
8598.944884622542	1.9783596906440678e+43	8.330142786461552e+39	4.6235237257544195e+39	2.3956103544910636e+39	1.5306133617045705e+39	8.201298572580913e+38	2.046350231178327e+38	1.00375892108943e+38	3.774780557948238e+37	2.826846194599772e+39	1.3365148046523156e+39	8.201298572580913e+38	5.389216229360893e+38
9356.023530365472	1.7740544017719975e+43	9.29519347544238e+39	5.164620361350183e+39	2.6784991057127486e+39	1.712261327342978e+39	9.180194364527181e+38	2.2928080080877348e+38	1.1250343291184372e+38	4.232348596717427e+37	3.159971531993199e+39	1.4953431571386006e+39	9.180194364527181e+38	6.034526451215743e+38
10179.850465036927	1.9738978789875393e+43	1.2944592812584705e+40	7.20082239018526e+39	3.738466548154116e+39	2.3912673820380992e+39	1.2829377977935246e+39	3.2076615271688792e+38	1.5745355038039377e+38	5.92569362384763e+37	4.409402504056179e+39	2.0886651665505596e+39	1.2829377977935246e+39	8.436504279362816e+38
11076.314751387827	1.9237028366783363e+43	1.6207700330682578e+40	9.029004840239408e+39	4.6936234563036063e+39	3.0043736904528974e+39	1.6132078975463773e+39	4.038685797415413e+38	1.983376261244126e+38	7.467913288443639e+37	5.53434732863797e+39	2.6246987936249018e+39	1.6132078975463773e+39	1.0613246897388505e+39
12051.825083205917	1.644149354087154e+43	1.8218544031470236e+40	1.0166843885116358e+40	5.293294893719463e+39	3.391147090763412e+39	1.822700477040894e+39	4.570326026663623e+38	2.245712368313605e+38	8.460532257771978e+37	6.239213796778723e+39	2.963291314573385e+39	1.822700477040894e+39	1.1998175475485379e+39
13113.355614416821	1.4855177520923045e+43	2.2045532365120766e+40	1.2327919116618175e+40	6.43024582765523e+39	4.1237572817579023e+39	2.2190886661701956e+39	5.574618532051206e+38	2.7409975819753086e+38	1.0333501736933164e+38	7.576140195150428e+39	3.604475662842574e+39	2.2190886661701956e+39	1.4617109289864777e+39
14268.495849291168	1.2017124826942184e+43	2.466081074336434e+40	1.3825980525025224e+40	7.228173402147861e+39	4.6413936015821335e+39	2.5013150421665753e+39	6.298170816339417e+38	3.0993023888843887e+38	1.1694173762527978e+38	8.51178173701907e+39	4.058339906863454e+39	2.5013150421665753e+39	1.6489678670589056e+39
15525.504923755321	9.524802149185499e+42	2.769632938698177e+40	1.557704099359368e+40	8.16651985000322e+39	5.252131329152787e+39	2.835545348504075e+39	7.159970185993598e+38	3.526917076456979e+38	1.3321347896461658e+38	9.610566455363295e+39	4.594311202631418e+39	2.835545348504075e+39	1.87118509329282e+39
16893.37067833386	7.086924714371011e+42	3.014349571795166e+40	1.7021248633073738e+40	8.955306461618147e+39	5.770763923992896e+39	3.122599914897251e+39	7.912857244946977e+38	3.902672886214532e+38	1.4759631642918689e+38	1.0530277071806509e+40	5.050688880523422e+39	3.122599914897251e+39	2.063215712232519e+39
18381.873943887695	4.986147692898646e+42	3.1961429575885593e+40	1.8139478429882276e+40	9.586480335268345e+39	6.192863957363923e+39	3.360576693907416e+39	8.554083315457001e+38	4.225590034272772e+38	1.6006812480445697e+38	1.1260886561720475e+40	5.423783915846163e+39	3.360576693907416e+39	2.2239910508336303e+39
20001.65850033319	3.334995646605033e+42	3.3035215526849616e+40	1.886989225916423e+40	1.0029211443262283e+40	6.499248131276979e+39	3.539554959098791e+39	9.060522776460291e+38	4.484639972755426e+38	1.702270199971715e+38	1.176565565673072e+40	5.696977291872444e+39	3.539554959098791e+39	2.347136045003204e+39
21764.3072113293	2.1489053759698248e+42	3.3332674385511725e+40	1.9193774918995347e+40	1.0273823956593223e+40	6.683853043502764e+39	3.656412943835862e+39	9.425182225214183e+38	4.6765737152081844e+38	1.779587391701741e+38	1.2033119470139547e+40	5.865014981342906e+39	3.656412943835862e+39	2.4306627334507657e+39
23682.424879546317	1.374285900600963e+42	3.3068452588413935e+40	1.9226953634605041e+40	1.0379255146300949e+40	6.784073593014941e+39	3.731085759727971e+39	9.697734263667911e+38	4.8257928665040816e+38	1.8418336792241655e+38	1.2133071164037853e+40	5.960501099399665e+39	3.731085759727971e+39	2.48765207625646e+39
25769.72841486003	9.113709891620989e+41	3.2682734805369944e+40	1.9209388888874369e+40	1.0468128829264695e+40	6.877734102717781e+39	3.804993214279277e+39	9.980671429458815e+38	4.98245873128983e+38	1.9078369781500455e+38	1.221063985288491e+40	6.05127624242089e+39	3.804993214279277e+39	2.5452325524933846e+39
28041.144959421857	6.509558725796469e+41	3.2623038309253444e+40	1.9386767097201547e+40	1.0666502595163358e+40	7.044941599218e+39	3.920796118228192e+39	1.0379452784602384e+39	5.198136302806846e+38	1.996927217614499e+38	1.2414909112481413e+40	6.207186951720448e+39	3.920796118228192e+39	2.6313433683462117e+39
30512.918670184576	5.0384199315203875e+41	3.303132387709651e+40	1.9837000036744326e+40	1.101419973579627e+40	7.31091461811353e+39	4.0918547422576414e+39	1.0926753157547188e+39	5.488730013140622e+38	2.1150363024119466e+38	1.2793031055599224e+40	6.450197057487156e+39	4.0918547422576414e+39	2.754704174469124e+39
33202.726921722766	4.127356002155271e+41	3.3697692304558405e+40	2.0441129211369976e+40	1.144845049972299e+40	7.635150452310384e+39	4.296226634790425e+39	1.1566915382058386e+39	5.8267882584860014e+38	2.2517836080316827e+38	1.3271242308253022e+40	6.744846487869755e+39	4.296226634790425e+39	2.9008098433004404e+39
36129.80676022212	3.4822045662019524e+41	3.4305122333316243e+40	2.1017144074900699e+40	1.1872290185469999e+40	7.954793521800921e+39	4.4997003329766875e+39	1.2212635239111528e+39	6.169173667335245e+38	2.390830307100442e+38	1.3735828622910174e+40	7.03604118468895e+39	4.4997003329766875e+39	3.046992114808042e+39
39315.09251338932	2.9787847147385928e+41	3.461976933017687e+40	2.1426615364151087e+40	1.2210113414436384e+40	8.22019664521121e+39	4.674870929796882e+39	1.2792535463054797e+39	6.4803797030676975e+38	2.5186374604684805e+38	1.4098612987317973e+40	7.280116086041086e+39	4.674870929796882e+39	3.1749562704143e+39
42781.36554104281	2.569141597845542e+41	3.450042502065338e+40	2.1581572971352038e+40	1.2411991785496062e+40	8.397951497699845e+39	4.802934047905211e+39	1.3256328508332265e+39	6.735185320665991e+38	2.6255123931226404e+38	1.4301845111145743e+40	7.447546467168925e+39	4.802934047905211e+39	3.2720234491890744e+39
46553.41719791843	2.2317048261884363e+41	3.3834455019172546e+40	2.1409756738397234e+40	1.2436240156627e+40	8.460013622854496e+39	4.8680536164042486e+39	1.3561717525826178e+39	6.912424351312003e+38	2.7033471560611468e+38	1.4297452803364413e+40	7.513521915629563e+39	4.8680536164042486e+39	3.3275116266128013e+39
50658.22617458531	1.973805268415091e+41	3.2492362047582267e+40	2.0828626747948366e+40	1.2235820880295386e+40	8.375046912551019e+39	4.8527871262196876e+39	1.3663501882679868e+39	6.989775130295301e+38	2.7437202426371775e+38	1.4031006897742541e+40	7.450405474413581e+39	4.8527871262196876e+39	3.329767510983116e+39
55125.15148537336	2.1274919024642327e+41	3.030576641831132e+40	1.972780133497978e+40	1.1746839591252072e+40	8.10027512583695e+39	4.7332722565796265e+39	1.350014605837509e+39	6.936984564814356e+38	2.735289288077073e+38	1.342878116594669e+40	7.220438035256282e+39	4.7332722565796265e+39	3.2628568880574915e+39
59986.142488854515	3.85966139264644e+41	2.7023528228227817e+40	1.7927350373380462e+40	1.0858240393561147e+40	7.55898908881672e+39	4.4652943371898847e+39	1.29522818354494e+39	6.6944835764712415e+38	2.6553859512573555e+38	1.2364380598779672e+40	6.755361319097016e+39	4.4652943371898847e+39	3.096749413039373e+39
65275.96746382471	1.910195706130599e+41	2.3356438719392663e+40	1.5788888622803294e+40	9.730215214725263e+39	6.841440094206487e+39	4.089179756364734e+39	1.2090653512987837e+39	6.292742172505267e+38	2.514151595260406e+38	1.103523859081989e+40	6.130936337248224e+39	4.089179756364734e+39	2.854999911306489e+39
71032.4622698564	9.58869539130923e+40	2.189609984125895e+40	1.5021063317274813e+40	9.368002790574936e+39	6.626249263345189e+39	3.985022522681569e+39	1.1875991125589546e+39	6.194795882739514e+38	2.4799353324873655e+38	1.0596712474886053e+40	5.947190492403774e+39	3.985022522681569e+39	2.790820262540691e+39
77296.80098558225	8.219177123223075e+40	2.0731650507770489e+40	1.4450230326227412e+40	9.139119015499143e+39	6.514134197581337e+39	3.9516552428104375e+39	1.1932005364716474e+39	6.2518191472371284e+38	2.5139889876655463e+38	1.0304829518653474e+40	5.85866105509921e+39	3.9516552428104375e+39	2.780590577832454e+39
84113.79045819675	7.036711050492602e+40	1.9509417338496205e+40	1.3831620663136806e+40	8.880495408113657e+39	6.382271940565567e+39	3.9079262275560856e+39	1.196773390588049e+39	6.300658379966839e+38	2.545831609190796e+38	9.978869566682085e+39	5.752856217074138e+39	3.9079262275560856e+39	2.763882511755678e+39
91532.19082683817	6.016509607298452e+40	1.8237452046348797e+40	1.3167017336259887e+40	8.591537900168206e+39	6.22974997684404e+39	3.853064489469122e+39	1.1980668077921245e+39	6.340091538071958e+38	2.57503494855128e+38	9.61855125923944e+39	5.628860638270553e+39	3.853064489469122e+39	2.740110872695234e+39
99605.06431956697	5.136695692333892e+40	1.6923748945615223e+40	1.2457978870094118e+40	8.271295721100668e+39	6.055310838831475e+39	3.7860355516378865e+39	1.196736806958489e+39	6.368407760879517e+38	2.6009794692114446e+38	9.223251084095365e+39	5.485427891059768e+39	3.7860355516378865e+39	2.708489128254074e+39
108390.15482454293	4.378073079908619e+40	1.5576793753952993e+40	1.1706183999207322e+40	7.918614508341299e+39	5.857427032366262e+39	3.705562034517872e+39	1.1923427014399243e+39	6.383376555431776e+38	2.622838676547859e+38	8.792196191303773e+39	5.3210390757412157e+39	3.705562034517872e+39	2.6680347495600437e+39
117950.30095058888	3.7240972763344583e+40	1.4206954707549667e+40	1.091440714511932e+40	7.532683958181046e+39	5.634646285080138e+39	3.6102965745313365e+39	1.1843825025998915e+39	6.3824079508224256e+38	2.6396349761190732e+38	8.325106238999949e+39	5.134200981923965e+39	3.6102965745313365e+39	2.617676227847854e+39
128353.88553188981	3.1607514547701166e+40	1.2828046162850052e+40	1.0087786923783188e+40	7.113835531540506e+39	5.3861272677434e+39	3.4991115761690616e+39	1.1723606149442318e+39	6.362873178217146e+38	2.650356267030395e+38	7.823104578300284e+39	4.923917002060178e+39	3.4991115761690616e+39	2.5564407684328284e+39
139675.32479227363	2.6762524810099586e+40	1.1458150865263568e+40	9.234824862665945e+39	6.66429631750468e+39	5.1121818920864564e+39	3.3714106265743377e+39	1.1558652557234207e+39	6.3224765587152384e+38	2.6540925574295197e+38	7.289550528243667e+39	4.69017143680284e+39	3.3714106265743377e+39	2.4836613647730452e+39
151995.60066822023	2.2606289069747264e+40	1.0119082284571831e+40	8.367642149948317e+39	6.188619982977833e+39	4.814640640432902e+39	3.22736226407122e+39	1.1346308624911673e+39	6.259557268307326e+38	2.6501469549706894e+38	6.730469958476141e+39	4.4342662724251835e+39	3.22736226407122e+39	2.399137997455401e+39
165402.84009847528	1.9052786788865817e+40	8.834474277792675e+39	7.501332853674915e+39	5.693657898329747e+39	4.4969424693720473e+39	3.067999824824182e+39	1.1085708949254548e+39	6.173248644826021e+38	2.63809354769184e+38	6.154434139653247e+39	4.15892266199727e+39	3.067999824824182e+39	2.3032153153529636e+39
179992.9454241135	1.6026050771054245e+40	7.627026348243569e+39	6.652574287363295e+39	5.1880953579817786e+39	4.163951714582814e+39	2.895184297385733e+39	1.0777797214784767e+39	6.063487925971054e+38	2.617779194536546e+38	5.571929823727846e+39	3.868146971435247e+39	2.895184297385733e+39	2.1967740503067852e+39
195870.2804085053	1.3457766496394824e+40	6.515687518413136e+39	5.837853589843448e+39	4.6816848550027527e+39	3.821571609489912e+39	2.7114627267220183e+39	1.0425114247591989e+39	5.930914706097211e+38	2.5892834529082045e+38	4.9943902089025776e+39	3.566919650494439e+39	2.7114627267220183e+39	2.0811569453957002e+39
213148.41678450617	1.1286037577726018e+40	5.513509277119561e+39	5.07172004935644e+39	4.184346734655717e+39	3.4762476829727875e+39	2.519866518452588e+39	1.0031464614912987e+39	5.776712263183025e+38	2.5528570276885148e+38	4.433100867682337e+39	3.26078544943693e+39	2.519866518452588e+39	1.9580576888506148e+39
231950.94666915742	9.454945074552685e+39	4.626630108342369e+39	4.3654114281860407e+39	3.7052975245883005e+39	3.134448118692346e+39	2.323689266776404e+39	9.60155811000396e+38	5.6024400471202495e+38	2.508857109915752e+38	3.898180043560361e+39	2.9554176461286743e+39	2.323689266776404e+39	1.829397859434542e+39
252412.36665735583	7.914478424794628e+39	3.854495501037343e+39	3.726076184367423e+39	3.252332201226697e+39	2.8021893955598523e+39	2.126272359375961e+39	9.140689840144161e+38	5.409889930876851e+38	2.4576922378025198e+38	3.397786722783851e+39	2.656212393698615e+39	2.126272359375961e+39	1.6972087428115325e+39
274679.0399186921	6.620516756741288e+39	3.19108618436086e+39	3.156660781154911e+39	2.831343674793164e+39	2.484655172496092e+39	1.930815508888786e+39	8.65448833148705e+38	5.200982038549556e+38	2.3997831350611795e+38	2.9376503169482587e+39	2.3679520859560112e+39	1.930815508888786e+39	1.5635267874041285e+39
298910.2431796373	5.53468479515623e+39	2.6267143609555827e+39	2.6563846998268958e+39	2.4461169187175535e+39	2.1859381414482098e+39	1.7402215134627534e+39	8.148733964956135e+38	4.977702357846338e+38	2.3355409569663917e+38	2.5209515359916367e+39	2.0945623211936208e+39	1.7402215134627534e+39	1.430305682477214e+39
325279.3060804706	4.62403130429107e+39	2.149897899375192e+39	2.221615355306848e+39	2.0983893670676687e+39	1.9089179661424327e+39	1.5569802257762375e+39	7.629233154996578e+38	4.742075310993183e+38	2.265361004666097e+38	2.1485218996864323e+39	1.8389751567678098e+39	1.5569802257762375e+39	1.2993451065090354e+39
353974.85105712654	3.860555296714382e+39	1.7489222124803825e+39	1.8469038957825154e+39	1.7881275911255636e+39	1.6552717849920283e+39	1.383094521361224e+39	7.101726391490576e+38	4.4961596742267386e+38	2.189628100078866e+38	1.819277910726637e+39	1.6030998499617786e+39	1.383094521361224e+39	1.1722355380365494e+39
385202.1426172303	3.220639478578962e+39	1.412886129344441e+39	1.5259588886226685e+39	1.5139400933865027e+39	1.425597202939355e+39	1.2200493411460709e+39	6.571809222368069e+38	4.24205514016936e+38	2.1087292143345624e+38	1.5307756928476914e+39	1.387890242684145e+39	1.2200493411460709e+39	1.0503191975517404e+39
419184.5556621239	2.684454201051229e+39	1.1322187642651838e+39	1.2524044310092805e+39	1.2735343579465279e+39	1.2196134126532561e+39	1.0688221709877619e+39	6.044851767723792e+38	3.98190835164204e+38	2.023069200231253e+38	1.2797698304942902e+39	1.1934861624512858e+39	1.0688221709877619e+39	9.346679566054813e+38
456165.1733582641	2.235382759953888e+39	8.987851725487842e+38	1.0202619449854708e+39	1.0641361686854707e+39	1.0363978856475994e+39	9.299292865775517e+38	5.525911574288649e+38	3.717910443230423e+38	1.933086243911795e+38	1.0626853623127404e+39	1.019397454989806e+39	9.299292865775517e+38	8.260789514888336e+38
496408.5259880869	1.85950095686586e+39	7.057466803329674e+38	8.241770170690433e+38	8.828166622329726e+38	8.746170353278529e+38	8.034976884793938e+38	5.0196437060596885e+38	3.452282167705996e+38	1.839264656868951e+38	8.759542130470367e+38	8.646966765657011e+38	8.034976884793938e+38	7.250873098294835e+38
540202.4832189147	1.5451266033902273e+39	5.473232484275799e+38	6.5946132998414946e+38	7.267072533814836e+38	7.327193172728057e+38	6.893495042347327e+38	4.53021797709398e+38	3.187246545932834e+38	1.7421435791936742e+38	7.162111643863434e+38	7.281913554387766e+38	6.893495042347327e+38	6.31993127180864e+38
587860.3133259427	1.2824415581703872e+39	4.185550442953491e+38	5.22030965152315e+38	5.931127621970055e+38	6.090749801608784e+38	5.8708534137774654e+38	4.061254789655868e+38	2.9249921137046375e+38	1.6423209875022486e+38	5.803762275248538e+38	6.085576756292634e+38	5.8708534137774654e+38	5.468976156086193e+38
639722.9240996343	1.0631804826962021e+39	3.1510956346193673e+38	4.083069337955058e+38	4.7955063780390984e+38	5.020624646680391e+38	4.9615595008823036e+38	3.615787642386653e+38	2.667631526645067e+38	1.540452950414821e+38	4.656636609590644e+38	5.044304323435676e+38	4.9615595008823036e+38	4.697421700063736e+38
696161.3014675286	8.803765699591217e+38	2.331453754788355e+38	3.1511827999643466e+38	3.837478316925264e+38	4.101125510558101e+38	4.159166742648494e+38	3.1962540349688844e+38	2.4171605667616e+38	1.4372484731322455e+38	3.6955528299397464e+38	4.144549143111214e+38	4.159166742648494e+38	4.003446386293386e+38
757579.1632748154	7.28153678716442e+38	1.6922565619204232e+38	2.3962526624684866e+38	3.0362063958783686e+38	3.3172563311194244e+38	3.4566457083745385e+38	2.8045098104404794e+38	2.1754215443934108e+38	1.3334605389336376e+38	2.897643656834038e+38	3.3731215211466456e+38	3.4566457083745385e+38	3.384291161098932e+38
824415.8472071819	6.015551962977875e+38	1.2026880202946008e+38	1.792655578305678e+38	2.3725279851639615e+38	2.654758811188095e+38	2.8466189766096796e+38	2.4418573173578233e+38	1.944072937470062e+38	1.2298739896814279e+38	2.242037273184934e+38	2.7172943650466248e+38	2.8466189766096796e+38	2.836481894657982e+38
897149.4535144059	4.964019087831067e+38	8.352367477392372e+37	1.3171982053740565e+38	1.828784046482792e+38	2.1001154965806245e+38	2.321512449694186e+38	2.109077838638199e+38	1.7245653169649354e+38	1.1272910426991861e+38	1.7096243637468316e+38	2.1648513413832356e+38	2.321512449694186e+38	2.355989000525373e+38
976300.2650159487	4.091728800178752e+38	5.655910011954032e+37	9.489149403959918e+37	1.3887066838313659e+38	1.640557984246071e+38	1.8736692221598153e+38	1.8064618661114224e+38	1.518122069165349e+38	1.0265151188788986e+38	1.28290582034413e+38	1.7041272047018008e+38	1.8736692221598153e+38	1.9383481983059098e+38
1062434.468853429	3.3690491447264714e+38	3.725952081270559e+37	6.689604917306e+37	1.0373522377388764e+38	1.2640900641996894e+38	1.495454675883562e+38	1.5338361061973076e+38	1.3257232312743665e+38	9.28333563208226e+37	9.45900005418658e+37	1.3240562882517625e+38	1.495454675883562e+38	1.5787663104808636e+38
1156168.2066135667	2.771073224879697e+38	2.3820659568444473e+37	4.605597169835893e+37	7.610636147399385e+37	9.595194088366325e+37	1.1793629400075763e+38	1.2905907751563851e+38	1.148091674691114e+38	8.334997331575146e+37	6.840893998440887e+37	1.014226282980317e+38	1.1793629400075763e+38	1.2722276502904492e+38
1258171.981794415	2.2768944556880976e+38	1.4740798407856902e+37	3.0898406815304256e+37	5.474495096518681e+37	7.1648817173566895e+37	9.18121795162818e+37	1.0757127744382442e+38	9.856822511207811e+37	7.4271479132993935e+37	4.843916651286376e+37	7.649283669947587e+37	9.18121795162818e+37	1.0136055340470439e+38
1369175.4561443017	1.868989715793262e+38	8.8050397167289e+36	2.0152881649731062e+37	3.853728744036853e+37	5.254963934289764e+37	7.047880742842509e+37	8.878297655716196e+37	8.386760229737548e+37	6.566096494214339e+37	3.351443327282913e+37	5.671968521391929e+37	7.047880742842509e+37	7.9777511803275345e+37
1489972.6691852186	1.5326939393311529e+38	5.061673358704429e+36	1.2746930104024206e+37	2.649429228445119e+37	3.779162748527147e+37	5.328261041722116e+37	7.252670931446064e+37	7.069822100334249e+37	5.757276163521952e+37	2.260935384833921e+37	4.1283568928527974e+37	5.328261041722116e+37	6.197194572147967e+37
1621427.7182603807	1.255753029654048e+38	2.791442994645482e+36	7.798008312885356e+36	1.7750508485016075e+37	2.659983414022492e+37	3.9616574080322606e+37	5.861161569498578e+37	5.9025033461477755e+37	5.0050873060622505e+37	1.4837726844293263e+37	2.9443301005558045e+37	3.9616574080322606e+37	4.746211531682198e+37
1764480.939741107	1.0279434115104832e+38	1.4718269217419986e+36	4.6008090130866577e+36	1.1562206880893738e+37	1.8287061964734255e+37	2.892402615339319e+37	4.683095182798211e+37	4.878935193339801e+37	4.3127687429340175e+37	9.449327384188639e+36	2.0536599683183983e+37	2.892402615339319e+37	3.5793444689143964e+37
1920155.6356147402	8.407488957078916e+37	7.392530794890055e+35	2.6099629295465824e+36	7.303895468713912e+36	1.2253095393806815e+37	2.070074754846826e+37	3.6969676364051887e+37	3.9912238041158336e+37	3.6823105136506054e+37	5.824329508858096e+36	1.3979807982311189e+37	2.070074754846826e+37	2.654366210650717e+37
2089565.393578869	6.870864717523003e+37	3.523201168462405e+35	1.41895524602707e+36	4.462612863849036e+36	7.983059438697467e+36	1.4495816733349383e+37	2.8811498259960155e+37	3.229870641826004e+37	3.1144196072429027e+37	3.464822431956276e+36	9.266856206107283e+36	1.4495816733349383e+37	1.9326047892075321e+37
2273922.053015831	5.610740678404112e+37	1.5865861784911193e+35	7.367522603338181e+35	2.6296720119926867e+36	5.0446006018585395e+36	9.911550119376689e+36	2.2144917503169845e+37	2.584238648375288e+37	2.6085465056522e+37	1.983353980550655e+36	5.96731092374609e+36	9.911550119376689e+36	1.3791163771669574e+37
2474544.373846141	4.578341555897889e+37	6.720628055424906e+34	3.639718875064503e+35	1.48991898171684e+36	3.0835745604844294e+36	6.602741424585254e+36	1.676798663006712e+37	2.043023296462935e+37	2.1629735659633593e+37	1.0889477057459321e+36	3.7232525469144716e+36	6.602741424585254e+36	9.627472386051997e+36
2692867.4702936504	3.733280393163747e+37	2.6648144138385837e+34	1.7039806749900237e+35	8.090043623311716e+35	1.8180615463990122e+36	4.2752382355766776e+36	1.2491739684780741e+37	1.5946911724717647e+37	1.7749594715154564e+37	5.714870680538621e+35	2.2447554549810008e+36	4.2752382355766776e+36	6.561188957454549e+36
2930453.077075695	3.042162315825921e+37	9.839360460597609e+33	7.527321581865832e+34	4.195120159491652e+35	1.0307651263055162e+36	2.6837696468488875e+36	9.142401365788309e+36	1.2278569282093474e+37	1.4409266851970967e+37	2.856253598352802e+35	1.3038908086479293e+36	2.6837696468488875e+36	4.3555677234650143e+36
3189000.7214984503	2.4774114795495805e+37	3.3641078098642463e+33	3.123092924585665e+34	2.069725965625095e+35	5.601267370636843e+35	1.6289125504600885e+36	6.562606529431392e+36	9.315826921322212e+36	1.1566751246162378e+37	1.354131554436655e+35	7.27401289398448e+35	1.6289125504600885e+36	2.8096950787808506e+36
3470359.8814352	2.016286380273215e+37	1.0586474009550561e+33	1.2109811163646018e+34	9.676267652460358e+34	2.907147957868469e+35	9.531375587506585e+35	4.6118830501347554e+36	6.955952597990092e+36	9.176023051932239e+36	6.063955564837465e+34	3.884254888186309e+35	9.531375587506585e+35	1.7567564335735048e+36
3776543.216241912	1.6400558373401053e+37	3.046402098293598e+32	4.3649087723905374e+33	4.268285939963896e+34	1.435731154370835e+35	5.3600641636425745e+35	3.166635657515533e+36	5.1042799580013413e+36	7.189125165566959e+36	2.5533116721064933e+34	1.9782437735720882e+35	5.3600641636425745e+35	1.0617209197191647e+36
4109740.9653735925	1.3333099809600219e+37	7.960475459657795e+31	1.454121375228511e+33	1.768216692548007e+34	6.719827318204469e+34	2.8873496240865913e+35	2.119794743044733e+36	3.6750009543513064e+36	5.558002988881129e+36	1.005956168560975e+34	9.572308960875433e+34	2.8873496240865913e+35	6.1841893483255e+35
