#t	Le	U	B	V	R	I	J	H	K	g	r	i	z
#----------------------------------------------- 
2.981965994818276	0.0	0.0	0.0	0.0	0.0	0.0	0.0	0.0	0.0	0.0	0.0	0.0	0.0
3.0609341231521556	0.0	0.0	0.0	0.0	0.0	0.0	0.0	0.0	0.0	0.0	0.0	0.0	0.0
3.157696459712992	0.0	0.0	0.0	0.0	0.0	0.0	0.0	0.0	0.0	0.0	0.0	0.0	0.0
3.2611205118079556	0.0	0.0	0.0	0.0	0.0	0.0	0.0	0.0	0.0	0.0	0.0	0.0	0.0
3.3698957797447027	0.0	0.0	0.0	0.0	0.0	0.0	0.0	0.0	0.0	0.0	0.0	0.0	0.0
3.4838665824014625	0.0	0.0	0.0	0.0	0.0	0.0	0.0	0.0	0.0	0.0	0.0	0.0	0.0
3.603131404173437	0.0	0.0	0.0	0.0	0.0	0.0	0.0	0.0	0.0	0.0	0.0	0.0	0.0
3.7278748618555073	0.0	0.0	0.0	0.0	0.0	0.0	0.0	0.0	0.0	0.0	0.0	0.0	0.0
3.8583215637280266	0.0	0.0	0.0	0.0	0.0	0.0	0.0	0.0	0.0	0.0	0.0	0.0	0.0
3.9947201202248976	0.0	0.0	0.0	0.0	0.0	0.0	0.0	0.0	0.0	0.0	0.0	0.0	0.0
4.137336698519713	0.0	0.0	0.0	0.0	0.0	0.0	0.0	0.0	0.0	0.0	0.0	0.0	0.0
4.286452148927731	0.0	0.0	0.0	0.0	0.0	0.0	0.0	0.0	0.0	0.0	0.0	0.0	0.0
4.442360638289174	0.0	0.0	0.0	0.0	0.0	0.0	0.0	0.0	0.0	0.0	0.0	0.0	0.0
4.605368976677671	0.0	0.0	0.0	0.0	0.0	0.0	0.0	0.0	0.0	0.0	0.0	0.0	0.0
4.775796282449141	0.0	0.0	0.0	0.0	0.0	0.0	0.0	0.0	0.0	0.0	0.0	0.0	0.0
4.953973817441615	0.0	0.0	0.0	0.0	0.0	0.0	0.0	0.0	0.0	0.0	0.0	0.0	0.0
5.140244906933546	0.0	0.0	0.0	0.0	0.0	0.0	0.0	0.0	0.0	0.0	0.0	0.0	0.0
5.334964898342886	0.0	0.0	0.0	0.0	0.0	0.0	0.0	0.0	0.0	0.0	0.0	0.0	0.0
5.538501132526058	0.0	0.0	0.0	0.0	0.0	0.0	0.0	0.0	0.0	0.0	0.0	0.0	0.0
5.7512329121464365	0.0	0.0	0.0	0.0	0.0	0.0	0.0	0.0	0.0	0.0	0.0	0.0	0.0
5.973551457523033	0.0	0.0	0.0	0.0	0.0	0.0	0.0	0.0	0.0	0.0	0.0	0.0	0.0
6.205859843902517	0.0	0.0	0.0	0.0	0.0	0.0	0.0	0.0	0.0	0.0	0.0	0.0	0.0
6.448572916280873	0.0	0.0	0.0	0.0	0.0	0.0	0.0	0.0	0.0	0.0	0.0	0.0	0.0
6.702117179391617	0.0	0.0	0.0	0.0	0.0	0.0	0.0	0.0	0.0	0.0	0.0	0.0	0.0
6.966930661527469	0.0	0.0	0.0	0.0	0.0	0.0	0.0	0.0	0.0	0.0	0.0	0.0	0.0
7.24346275167862	0.0	0.0	0.0	0.0	0.0	0.0	0.0	0.0	0.0	0.0	0.0	0.0	0.0
7.532174010130663	0.0	0.0	0.0	0.0	0.0	0.0	0.0	0.0	0.0	0.0	0.0	0.0	0.0
7.833535953263615	0.0	0.0	0.0	0.0	0.0	0.0	0.0	0.0	0.0	0.0	0.0	0.0	0.0
8.148030813815424	0.0	0.0	0.0	0.0	0.0	0.0	0.0	0.0	0.0	0.0	0.0	0.0	0.0
8.476151278332503	0.0	0.0	0.0	0.0	0.0	0.0	0.0	0.0	0.0	0.0	0.0	0.0	0.0
8.818400203995648	0.0	0.0	0.0	0.0	0.0	0.0	0.0	0.0	0.0	0.0	0.0	0.0	0.0
9.1752903173975	0.0	0.0	0.0	0.0	0.0	0.0	0.0	0.0	0.0	0.0	0.0	0.0	0.0
9.547343898197994	0.0	0.0	0.0	0.0	0.0	0.0	0.0	0.0	0.0	0.0	0.0	0.0	0.0
9.935092450901662	0.0	0.0	0.0	0.0	0.0	0.0	0.0	0.0	0.0	0.0	0.0	0.0	0.0
10.339076368264985	0.0	0.0	0.0	0.0	0.0	0.0	0.0	0.0	0.0	0.0	0.0	0.0	0.0
10.759844590000062	0.0	0.0	0.0	0.0	0.0	0.0	0.0	0.0	0.0	0.0	0.0	0.0	0.0
11.197954260620273	0.0	0.0	0.0	0.0	0.0	0.0	0.0	0.0	0.0	0.0	0.0	0.0	0.0
11.653970390288004	0.0	0.0	0.0	0.0	0.0	0.0	0.0	0.0	0.0	0.0	0.0	0.0	0.0
12.128465522546769	0.0	0.0	0.0	0.0	0.0	0.0	0.0	0.0	0.0	0.0	0.0	0.0	0.0
12.622019412746246	0.0	0.0	0.0	0.0	0.0	0.0	0.0	0.0	0.0	0.0	0.0	0.0	0.0
13.135218720801957	0.0	0.0	0.0	0.0	0.0	0.0	0.0	0.0	0.0	0.0	0.0	0.0	0.0
13.668656721756282	0.0	0.0	0.0	0.0	0.0	0.0	0.0	0.0	0.0	0.0	0.0	0.0	0.0
14.222933037344635	0.0	0.0	0.0	0.0	0.0	0.0	0.0	0.0	0.0	0.0	0.0	0.0	0.0
14.798653391450047	0.0	0.0	0.0	0.0	0.0	0.0	0.0	0.0	0.0	0.0	0.0	0.0	0.0
15.396429392004638	0.0	0.0	0.0	0.0	0.0	0.0	0.0	0.0	0.0	0.0	0.0	0.0	0.0
16.016878341507784	0.0	0.0	0.0	0.0	0.0	0.0	0.0	0.0	0.0	0.0	0.0	0.0	0.0
16.660623077937284	0.0	0.0	0.0	0.0	0.0	0.0	0.0	0.0	0.0	0.0	0.0	0.0	0.0
17.328291847448266	0.0	0.0	0.0	0.0	0.0	0.0	0.0	0.0	0.0	0.0	0.0	0.0	0.0
18.02051820980954	0.0	0.0	0.0	0.0	0.0	0.0	0.0	0.0	0.0	0.0	0.0	0.0	0.0
18.737940977164445	0.0	0.0	0.0	0.0	0.0	0.0	0.0	0.0	0.0	0.0	0.0	0.0	0.0
19.48120418630366	0.0	0.0	0.0	0.0	0.0	0.0	0.0	0.0	0.0	0.0	0.0	0.0	0.0
20.250957104290595	0.0	0.0	0.0	0.0	0.0	0.0	0.0	0.0	0.0	0.0	0.0	0.0	0.0
21.04785426694268	0.0	0.0	0.0	0.0	0.0	0.0	0.0	0.0	0.0	0.0	0.0	0.0	0.0
21.87255554939058	0.0	0.0	0.0	0.0	0.0	0.0	0.0	0.0	0.0	0.0	0.0	0.0	0.0
22.725726267651837	0.0	0.0	0.0	0.0	0.0	0.0	0.0	0.0	0.0	0.0	0.0	0.0	0.0
23.608037309977526	0.0	0.0	0.0	0.0	0.0	0.0	0.0	0.0	0.0	0.0	0.0	0.0	0.0
24.520165296506377	0.0	0.0	0.0	0.0	0.0	0.0	0.0	0.0	0.0	0.0	0.0	0.0	0.0
25.46279276566225	0.0	0.0	0.0	0.0	0.0	0.0	0.0	0.0	0.0	0.0	0.0	0.0	0.0
26.436608385588205	0.0	0.0	0.0	0.0	0.0	0.0	0.0	0.0	0.0	0.0	0.0	0.0	0.0
27.442307188874608	0.0	0.0	0.0	0.0	0.0	0.0	0.0	0.0	0.0	0.0	0.0	0.0	0.0
28.48059082879335	0.0	0.0	0.0	0.0	0.0	0.0	0.0	0.0	0.0	0.0	0.0	0.0	0.0
29.552167855248975	0.0	0.0	0.0	0.0	0.0	0.0	0.0	0.0	0.0	0.0	0.0	0.0	0.0
30.65775400867238	0.0	0.0	0.0	0.0	0.0	0.0	0.0	0.0	0.0	0.0	0.0	0.0	0.0
31.798072530144495	0.0	0.0	0.0	0.0	0.0	0.0	0.0	0.0	0.0	0.0	0.0	0.0	0.0
32.973854486106696	0.0	0.0	0.0	0.0	0.0	0.0	0.0	0.0	0.0	0.0	0.0	0.0	0.0
34.18583910605901	0.0	0.0	0.0	0.0	0.0	0.0	0.0	0.0	0.0	0.0	0.0	0.0	0.0
35.43477413182009	0.0	0.0	0.0	0.0	0.0	0.0	0.0	0.0	0.0	0.0	0.0	0.0	0.0
36.72141617692922	0.0	0.0	0.0	0.0	0.0	0.0	0.0	0.0	0.0	0.0	0.0	0.0	0.0
38.04653109497902	0.0	0.0	0.0	0.0	0.0	0.0	0.0	0.0	0.0	0.0	0.0	0.0	0.0
39.410894355699455	0.0	0.0	0.0	0.0	0.0	0.0	0.0	0.0	0.0	0.0	0.0	0.0	0.0
40.81529142781029	0.0	0.0	0.0	0.0	0.0	0.0	0.0	0.0	0.0	0.0	0.0	0.0	0.0
42.26051816769269	0.0	0.0	0.0	0.0	0.0	0.0	0.0	0.0	0.0	0.0	0.0	0.0	0.0
43.747381213136514	0.0	0.0	0.0	0.0	0.0	0.0	0.0	0.0	0.0	0.0	0.0	0.0	0.0
45.27669838144154	0.0	0.0	0.0	0.0	0.0	0.0	0.0	0.0	0.0	0.0	0.0	0.0	0.0
46.84929907133365	0.0	0.0	0.0	0.0	0.0	0.0	0.0	0.0	0.0	0.0	0.0	0.0	0.0
48.46602466820576	0.0	0.0	0.0	0.0	0.0	0.0	0.0	0.0	0.0	0.0	0.0	0.0	0.0
50.12772895232404	0.0	0.0	0.0	0.0	0.0	0.0	0.0	0.0	0.0	0.0	0.0	0.0	0.0
51.83527850969995	0.0	0.0	0.0	0.0	0.0	0.0	0.0	0.0	0.0	0.0	0.0	0.0	0.0
53.58955314545432	0.0	0.0	0.0	0.0	0.0	0.0	0.0	0.0	0.0	0.0	0.0	0.0	0.0
55.39144629950812	0.0	0.0	0.0	0.0	0.0	0.0	0.0	0.0	0.0	0.0	0.0	0.0	0.0
57.24186546459151	0.0	0.0	0.0	0.0	0.0	0.0	0.0	0.0	0.0	0.0	0.0	0.0	0.0
59.14173260654678	0.0	0.0	0.0	0.0	0.0	0.0	0.0	0.0	0.0	0.0	0.0	0.0	0.0
61.09198458700908	0.0	0.0	0.0	0.0	0.0	0.0	0.0	0.0	0.0	0.0	0.0	0.0	0.0
63.09357358856809	0.0	0.0	0.0	0.0	0.0	0.0	0.0	0.0	0.0	0.0	0.0	0.0	0.0
65.14746754259998	0.0	0.0	0.0	0.0	0.0	0.0	0.0	0.0	0.0	0.0	0.0	0.0	0.0
67.25465055994304	0.0	0.0	0.0	0.0	0.0	0.0	0.0	0.0	0.0	0.0	0.0	0.0	0.0
69.41612336469129	0.0	0.0	0.0	0.0	0.0	0.0	0.0	0.0	0.0	0.0	0.0	0.0	0.0
71.63290373135222	0.0	0.0	0.0	0.0	0.0	0.0	0.0	0.0	0.0	0.0	0.0	0.0	0.0
73.90602692567836	0.0	0.0	0.0	0.0	0.0	0.0	0.0	0.0	0.0	0.0	0.0	0.0	0.0
76.23654614951477	0.0	0.0	0.0	0.0	0.0	0.0	0.0	0.0	0.0	0.0	0.0	0.0	0.0
78.62553298999951	0.0	0.0	0.0	0.0	0.0	0.0	0.0	0.0	0.0	0.0	0.0	0.0	0.0
81.07407787346237	0.0	0.0	0.0	0.0	0.0	0.0	0.0	0.0	0.0	0.0	0.0	0.0	0.0
83.58329052444735	0.0	0.0	0.0	0.0	0.0	0.0	0.0	0.0	0.0	0.0	0.0	0.0	0.0
86.15430043022111	0.0	0.0	0.0	0.0	0.0	0.0	0.0	0.0	0.0	0.0	0.0	0.0	0.0
88.78825731120415	0.0	0.0	0.0	0.0	0.0	0.0	0.0	0.0	0.0	0.0	0.0	0.0	0.0
91.48633159771997	0.0	0.0	0.0	0.0	0.0	0.0	0.0	0.0	0.0	0.0	0.0	0.0	0.0
94.24971491351613	0.0	0.0	0.0	0.0	0.0	0.0	0.0	0.0	0.0	0.0	0.0	0.0	0.0
97.07962056648917	0.0	0.0	0.0	0.0	0.0	0.0	0.0	0.0	0.0	0.0	0.0	0.0	0.0
99.97728404706687	0.0	0.0	0.0	0.0	0.0	0.0	0.0	0.0	0.0	0.0	0.0	0.0	0.0
102.94396353469594	0.0	0.0	0.0	0.0	0.0	0.0	0.0	0.0	0.0	0.0	0.0	0.0	0.0
105.98094041290685	0.0	0.0	0.0	0.0	0.0	0.0	0.0	0.0	0.0	0.0	0.0	0.0	0.0
109.09160442267975	0.0	0.0	0.0	0.0	0.0	0.0	0.0	0.0	0.0	0.0	0.0	0.0	0.0
112.27716182977768	0.0	0.0	0.0	0.0	0.0	0.0	0.0	0.0	0.0	0.0	0.0	0.0	0.0
115.53885020261174	0.0	0.0	0.0	0.0	0.0	0.0	0.0	0.0	0.0	0.0	0.0	0.0	0.0
118.87793872209481	0.0	0.0	0.0	0.0	0.0	0.0	0.0	0.0	0.0	0.0	0.0	0.0	0.0
122.29572849286316	0.0	0.0	0.0	0.0	0.0	0.0	0.0	0.0	0.0	0.0	0.0	0.0	0.0
125.79355286308369	0.0	0.0	0.0	0.0	0.0	0.0	0.0	0.0	0.0	0.0	0.0	0.0	0.0
129.37277775613043	0.0	0.0	0.0	0.0	0.0	0.0	0.0	0.0	0.0	0.0	0.0	0.0	0.0
133.03480201691607	0.0	0.0	0.0	0.0	0.0	0.0	0.0	0.0	0.0	0.0	0.0	0.0	0.0
136.78105777528629	0.0	0.0	0.0	0.0	0.0	0.0	0.0	0.0	0.0	0.0	0.0	0.0	0.0
140.61301082851378	0.0	0.0	0.0	0.0	0.0	0.0	0.0	0.0	0.0	0.0	0.0	0.0	0.0
144.5321610446043	0.0	0.0	0.0	0.0	0.0	0.0	0.0	0.0	0.0	0.0	0.0	0.0	0.0
148.54004278785584	0.0	0.0	0.0	0.0	0.0	0.0	0.0	0.0	0.0	0.0	0.0	0.0	0.0
152.63822536789527	0.0	0.0	0.0	0.0	0.0	0.0	0.0	0.0	0.0	0.0	0.0	0.0	0.0
156.82831351321275	0.0	0.0	0.0	0.0	0.0	0.0	0.0	0.0	0.0	0.0	0.0	0.0	0.0
161.11194787004422	0.0	0.0	0.0	0.0	0.0	0.0	0.0	0.0	0.0	0.0	0.0	0.0	0.0
165.49080552739912	0.0	0.0	0.0	0.0	0.0	0.0	0.0	0.0	0.0	0.0	0.0	0.0	0.0
169.96660056884915	0.0	0.0	0.0	0.0	0.0	0.0	0.0	0.0	0.0	0.0	0.0	0.0	0.0
174.54108465169247	0.0	0.0	0.0	0.0	0.0	0.0	0.0	0.0	0.0	0.0	0.0	0.0	0.0
179.21604761400403	0.0	0.0	0.0	0.0	0.0	0.0	0.0	0.0	0.0	0.0	0.0	0.0	0.0
183.99331810989668	0.0	0.0	0.0	0.0	0.0	0.0	0.0	0.0	0.0	0.0	0.0	0.0	0.0
188.87476427336182	0.0	0.0	0.0	0.0	0.0	0.0	0.0	0.0	0.0	0.0	0.0	0.0	0.0
193.8622944117429	0.0	0.0	0.0	0.0	0.0	0.0	0.0	0.0	0.0	0.0	0.0	0.0	0.0
198.95785772905506	0.0	0.0	0.0	0.0	0.0	0.0	0.0	0.0	0.0	0.0	0.0	0.0	0.0
204.16344507964186	0.0	0.0	0.0	0.0	0.0	0.0	0.0	0.0	0.0	0.0	0.0	0.0	0.0
209.4810897525663	0.0	0.0	0.0	0.0	0.0	0.0	0.0	0.0	0.0	0.0	0.0	0.0	0.0
214.91286828723833	0.0	0.0	0.0	0.0	0.0	0.0	0.0	0.0	0.0	0.0	0.0	0.0	0.0
220.46090132078214	0.0	0.0	0.0	0.0	0.0	0.0	0.0	0.0	0.0	0.0	0.0	0.0	0.0
226.12735446769298	0.0	0.0	0.0	0.0	0.0	0.0	0.0	0.0	0.0	0.0	0.0	0.0	0.0
231.91443923234647	0.0	0.0	0.0	0.0	0.0	0.0	0.0	0.0	0.0	0.0	0.0	0.0	0.0
237.82441395496747	0.0	0.0	0.0	0.0	0.0	0.0	0.0	0.0	0.0	0.0	0.0	0.0	0.0
243.85958479161152	0.0	0.0	0.0	0.0	0.0	0.0	0.0	0.0	0.0	0.0	0.0	0.0	0.0
250.02230672907314	0.0	0.0	0.0	0.0	0.0	0.0	0.0	0.0	0.0	0.0	0.0	0.0	0.0
256.3149846355791	0.0	0.0	0.0	0.0	0.0	0.0	0.0	0.0	0.0	0.0	0.0	0.0	0.0
262.74007434791986	0.0	0.0	0.0	0.0	0.0	0.0	0.0	0.0	0.0	0.0	0.0	0.0	0.0
269.3000837959369	0.0	0.0	0.0	0.0	0.0	0.0	0.0	0.0	0.0	0.0	0.0	0.0	0.0
275.9975741652507	0.0	0.0	0.0	0.0	0.0	0.0	0.0	0.0	0.0	0.0	0.0	0.0	0.0
282.83516109920595	0.0	0.0	0.0	0.0	0.0	0.0	0.0	0.0	0.0	0.0	0.0	0.0	0.0
289.8155159409904	0.0	0.0	0.0	0.0	0.0	0.0	0.0	0.0	0.0	0.0	0.0	0.0	0.0
296.9413670171059	0.0	0.0	0.0	0.0	0.0	0.0	0.0	0.0	0.0	0.0	0.0	0.0	0.0
304.2155009632815	0.0	0.0	0.0	0.0	0.0	0.0	0.0	0.0	0.0	0.0	0.0	0.0	0.0
311.64076409406255	0.0	0.0	0.0	0.0	0.0	0.0	0.0	0.0	0.0	0.0	0.0	0.0	0.0
319.2200638173534	0.0	0.0	0.0	0.0	0.0	0.0	0.0	0.0	0.0	0.0	0.0	0.0	0.0
326.95637009525007	0.0	0.0	0.0	0.0	0.0	0.0	0.0	0.0	0.0	0.0	0.0	0.0	0.0
334.85271695253147	0.0	0.0	0.0	0.0	0.0	0.0	0.0	0.0	0.0	0.0	0.0	0.0	0.0
342.91220403426325	0.0	0.0	0.0	0.0	0.0	0.0	0.0	0.0	0.0	0.0	0.0	0.0	0.0
351.1379982141149	0.0	0.0	0.0	0.0	0.0	0.0	0.0	0.0	0.0	0.0	0.0	0.0	0.0
359.5333352550282	0.0	0.0	0.0	0.0	0.0	0.0	0.0	0.0	0.0	0.0	0.0	0.0	0.0
368.10152152393186	0.0	0.0	0.0	0.0	0.0	0.0	0.0	0.0	0.0	0.0	0.0	0.0	0.0
376.8459357622595	0.0	0.0	0.0	0.0	0.0	0.0	0.0	0.0	0.0	0.0	0.0	0.0	0.0
385.7700309141772	0.0	0.0	0.0	0.0	0.0	0.0	0.0	0.0	0.0	0.0	0.0	0.0	0.0
394.87733601445274	0.0	0.0	0.0	0.0	0.0	0.0	0.0	0.0	0.0	0.0	0.0	0.0	0.0
404.1714581380325	0.0	0.0	0.0	0.0	0.0	0.0	0.0	0.0	0.0	0.0	0.0	0.0	0.0
413.6560844134979	0.0	0.0	0.0	0.0	0.0	0.0	0.0	0.0	0.0	0.0	0.0	0.0	0.0
423.33498410264315	0.0	0.0	0.0	0.0	0.0	0.0	0.0	0.0	0.0	0.0	0.0	0.0	0.0
433.2120107484976	0.0	0.0	0.0	0.0	0.0	0.0	0.0	0.0	0.0	0.0	0.0	0.0	0.0
443.291104394226	0.0	0.0	0.0	0.0	0.0	0.0	0.0	0.0	0.0	0.0	0.0	0.0	0.0
453.57629387553857	0.0	0.0	0.0	0.0	0.0	0.0	0.0	0.0	0.0	0.0	0.0	0.0	0.0
464.0716991893422	0.0	0.0	0.0	0.0	0.0	0.0	0.0	0.0	0.0	0.0	0.0	0.0	0.0
474.7815339413605	0.0	0.0	0.0	0.0	0.0	0.0	0.0	0.0	0.0	0.0	0.0	0.0	0.0
485.7101078757344	0.0	0.0	0.0	0.0	0.0	0.0	0.0	0.0	0.0	0.0	0.0	0.0	0.0
496.8618294895993	0.0	0.0	0.0	0.0	0.0	0.0	0.0	0.0	0.0	0.0	0.0	0.0	0.0
508.2412087358662	0.0	0.0	0.0	0.0	0.0	0.0	0.0	0.0	0.0	0.0	0.0	0.0	0.0
519.852859817637	0.0	0.0	0.0	0.0	0.0	0.0	0.0	0.0	0.0	0.0	0.0	0.0	0.0
531.7015040779237	0.0	0.0	0.0	0.0	0.0	0.0	0.0	0.0	0.0	0.0	0.0	0.0	0.0
543.791972988017	0.0	0.0	0.0	0.0	0.0	0.0	0.0	0.0	0.0	0.0	0.0	0.0	0.0
556.1292112384265	0.0	0.0	0.0	0.0	0.0	0.0	0.0	0.0	0.0	0.0	0.0	0.0	0.0
568.7182799367196	0.0	0.0	0.0	0.0	0.0	0.0	0.0	0.0	0.0	0.0	0.0	0.0	0.0
581.5643599162347	0.0	0.0	0.0	0.0	0.0	0.0	0.0	0.0	0.0	0.0	0.0	0.0	0.0
594.6727551600737	0.0	0.0	0.0	0.0	0.0	0.0	0.0	0.0	0.0	0.0	0.0	0.0	0.0
608.0488963452012	0.0	0.0	0.0	0.0	0.0	0.0	0.0	0.0	0.0	0.0	0.0	0.0	0.0
621.6983445113863	0.0	0.0	0.0	0.0	0.0	0.0	0.0	0.0	0.0	0.0	0.0	0.0	0.0
635.6267948599232	0.0	0.0	0.0	0.0	0.0	0.0	0.0	0.0	0.0	0.0	0.0	0.0	0.0
649.8400806875594	0.0	0.0	0.0	0.0	0.0	0.0	0.0	0.0	0.0	0.0	0.0	0.0	0.0
664.3441774613588	0.0	0.0	0.0	0.0	0.0	0.0	0.0	0.0	0.0	0.0	0.0	0.0	0.0
679.1452070400463	0.0	0.0	0.0	0.0	0.0	0.0	0.0	0.0	0.0	0.0	0.0	0.0	0.0
694.2494420478893	0.0	0.0	0.0	0.0	0.0	0.0	0.0	0.0	0.0	0.0	0.0	0.0	0.0
709.6633104085546	0.0	0.0	0.0	0.0	0.0	0.0	0.0	0.0	0.0	0.0	0.0	0.0	0.0
725.3934000443195	0.0	0.0	0.0	0.0	0.0	0.0	0.0	0.0	0.0	0.0	0.0	0.0	0.0
741.4464637477051	0.0	0.0	0.0	0.0	0.0	0.0	0.0	0.0	0.0	0.0	0.0	0.0	0.0
757.8294242336498	0.0	0.0	0.0	0.0	0.0	0.0	0.0	0.0	0.0	0.0	0.0	0.0	0.0
774.5493793802182	0.0	0.0	0.0	0.0	0.0	0.0	0.0	0.0	0.0	0.0	0.0	0.0	0.0
791.613607667478	0.0	0.0	0.0	0.0	0.0	0.0	0.0	0.0	0.0	0.0	0.0	0.0	0.0
809.0295738083947	0.0	0.0	0.0	0.0	0.0	0.0	0.0	0.0	0.0	0.0	0.0	0.0	0.0
826.8049345961881	0.0	0.0	0.0	0.0	0.0	0.0	0.0	0.0	0.0	0.0	0.0	0.0	0.0
844.9475449825304	0.0	0.0	0.0	0.0	0.0	0.0	0.0	0.0	0.0	0.0	0.0	0.0	0.0
863.4654643905917	0.0	0.0	0.0	0.0	0.0	0.0	0.0	0.0	0.0	0.0	0.0	0.0	0.0
882.3669632718875	0.0	0.0	0.0	0.0	0.0	0.0	0.0	0.0	0.0	0.0	0.0	0.0	0.0
901.6605299173245	2.839237075689875e+30	9.488839031354882e+26	5.261825500825333e+26	2.7241104100593662e+26	1.7397048365326226e+26	9.316728629572693e+25	2.322727196410078e+25	1.1389871577797008e+25	4.2820147299518963e+24	3.215084247253803e+26	1.5189017544947207e+26	9.316728629572693e+25	6.120373598862268e+25
921.3548775343551	8.031251369615723e+30	2.8030736902755365e+27	1.5546743585403647e+27	8.050086700213037e+26	5.141527678797021e+26	2.7537666634857482e+26	6.8665151180986074e+25	3.3673128814338677e+25	1.2660187008069886e+25	9.500608936492594e+26	4.489080717961153e+26	2.7537666634857482e+26	1.809122689003206e+26
941.4589516023949	3.0281737495849477e+31	1.1036396289125126e+28	6.122303530365759e+27	3.170660950496018e+27	2.025269009904807e+27	1.0848392269466036e+27	2.705515818806124e+26	1.326856574244273e+26	4.9889402473238426e+25	3.7418269520876486e+27	1.768313341128207e+27	1.0848392269466036e+27	7.12743069200611e+26
961.9819375189801	1.1896252115056432e+32	4.527032408699638e+28	2.5117994286375833e+28	1.3010522341221355e+28	8.311310310310108e+27	4.452464911552331e+27	1.1106102194508674e+27	5.4470672431279465e+26	2.0482129024225514e+26	1.535364193048337e+28	7.257005050022129e+27	4.452464911552331e+27	2.92546715356213e+27
982.9332685503207	4.531612911149889e+32	1.8004477968349325e+29	9.991641502018244e+28	5.1763363289665234e+28	3.3070417679833704e+28	1.7718203992015276e+28	4.420367360474951e+27	2.1681382510280384e+27	8.153193525466742e+26	6.108318917488081e+28	2.8876143205468476e+28	1.7718203992015276e+28	1.1642383138619385e+28
1004.3226340997111	1.6119255730387745e+33	6.686044004776654e+29	3.711177333165061e+29	1.922977891145133e+29	1.228667894141924e+29	6.583611911484245e+28	1.6427878108509152e+28	8.058199166197201e+27	3.0304532361116215e+27	2.2691113276181172e+29	1.0728666813217504e+29	6.583611911484245e+28	4.326276417249605e+28
1026.1599883085569	5.421917671713655e+33	2.347741260850441e+30	1.303407224912234e+30	6.754928474147735e+29	4.316429120740687e+29	2.313154961246081e+29	5.773001505477399e+28	2.831956027224132e+28	1.065087550907519e+28	7.970476937561984e+29	3.769187746082226e+29	2.313154961246081e+29	1.520138001944173e+29
1048.4555590078062	1.7260010976838117e+34	7.801746506937944e+30	4.3322192339610714e+30	2.2455888412922202e+30	1.435087472362955e+30	7.691474699542449e+29	1.9199388403259878e+29	9.41891640039972e+28	3.5426591830597e+28	2.649571094315581e+30	1.2531804485834756e+30	7.691474699542449e+29	5.0549464188168806e+29
1071.219857033771	5.216233858620481e+34	2.461189676970852e+31	1.3669533570562958e+31	7.086860196117228e+30	4.5294651221682574e+30	2.4278957688004694e+30	6.06163561575972e+29	2.9739420465147013e+29	1.1186416553811232e+29	8.361432990390316e+30	3.955436481735814e+30	2.4278957688004694e+30	1.595754391869915e+30
1094.4636859254429	1.499894349520813e+35	7.387080823448476e+31	4.1036738590415825e+31	2.1279164029249696e+31	1.3601700469791933e+31	7.291702951221835e+30	1.8208407717972966e+30	8.933963983872479e+29	3.360726542135201e+29	2.5105140000941156e+31	1.1878268580207552e+31	7.291702951221835e+30	4.792857046062884e+30
1118.1981520222637	4.1126215372851705e+35	2.114193571292573e+32	1.1747284915257335e+32	6.092590846468586e+31	3.894815886436983e+31	2.0882193884609175e+31	5.215591561841816e+30	2.5592092154238934e+30	9.627770086361611e+29	7.187718390465878e+31	3.401413979799578e+31	2.0882193884609175e+31	1.372687149226842e+31
1142.434674985974	1.0775593665240237e+36	5.7819353400209316e+32	3.2133658841535624e+32	1.6668969043793533e+32	1.0657139129753104e+32	5.714576654153228e+31	1.4275693923883076e+31	7.005350686969722e+30	2.635610333166247e+30	1.9664297889208606e+32	9.307349266317977e+31	5.714576654153228e+31	3.7567292252599746e+31
1167.1849987619617	2.703316760173802e+36	1.514012640806679e+33	8.416123596228264e+32	4.366626141735848e+32	2.7920654935757884e+32	1.4973526331227905e+32	3.741314937147133e+31	1.8360639970297518e+31	6.908297108743145e+30	5.1510537650087396e+32	2.4385069024488224e+32	1.4973526331227905e+32	9.844207719757445e+31
1192.4612030015674	6.832787044679623e+36	3.853935735542793e+33	2.1424112392018033e+33	1.1116058127480444e+33	7.107850098680518e+32	3.811937955707786e+32	9.524898108877976e+31	4.674433394413848e+31	1.7588039000800426e+31	1.31128666932817e+33	6.2078153775601076e+32	3.811937955707786e+32	2.5061530227677977e+32
1218.2757149696147	1.7254024004514415e+37	9.527791233951974e+33	5.295934692925628e+33	2.7475637967858216e+33	1.7567554691974528e+33	9.420875430433163e+32	2.353759782875184e+32	1.1550885583185957e+32	4.34598019074113e+31	3.241189842051419e+33	1.5342824605138107e+33	9.420875430433163e+32	6.193520107846257e+32
1244.641321960994	3.6424488862463543e+37	2.182784983877526e+34	1.213800867598496e+34	6.299681920216483e+33	4.0287926831158503e+33	2.1610357699988244e+33	5.40134651156988e+32	2.6510337398136075e+32	9.975844836864465e+31	7.430826459187994e+33	3.51879716327807e+33	2.1610357699988244e+33	1.4209154498959332e+33
1271.5711842511178	8.203875861546339e+37	4.95613404469881e+34	2.7561191993783397e+34	1.430492700765095e+34	9.148526433693395e+33	4.9073700293713055e+33	1.226607663098253e+33	6.0203930694906236e+32	2.265507078713263e+32	1.6873312678470272e+34	7.990481886206659e+33	4.9073700293713055e+33	3.226718193542737e+33
1299.0788486258036	1.666759436997343e+38	1.066959693851148e+35	5.93524312968333e+34	3.0813927443342363e+34	1.9709703895022686e+34	1.0574399581951587e+34	2.643843481217552e+33	1.29777268813255e+33	4.884097215141738e+32	3.6344103322217106e+34	1.72155280459668e+34	1.0574399581951587e+34	6.953630599540241e+33
1327.1782624449345	3.3925017234433215e+38	2.2431331255858957e+35	1.2480226999882703e+35	6.4803674805230955e+34	4.1454435519930104e+34	2.224287175269341e+34	5.562125110671292e+33	2.7304136237873616e+33	1.0276369029438481e+33	7.643121397727947e+34	3.6209431700264488e+34	2.224287175269341e+34	1.4627547986651617e+34
1355.8837883469607	6.482243756408122e+38	4.529543177780991e+35	2.520899049052615e+35	1.309337901920205e+35	8.377022079769935e+34	4.495586007550018e+34	1.1244949331070737e+34	5.520624891861986e+33	2.0779920804120481e+33	1.5441712576336193e+35	7.317428953361008e+34	4.495586007550018e+34	2.9567186168548134e+34
1385.2102196158203	1.2249815732204012e+39	8.919341949910191e+35	4.965181447178109e+35	2.579417740894608e+35	1.6504790776551135e+35	8.858595170692044e+34	2.2162968440452244e+34	1.0881562704137396e+34	4.096194257284561e+33	3.0418979998233048e+35	1.4417588613257389e+35	8.858595170692044e+34	5.826679397569348e+34
1415.1727962305683	2.20675799127996e+39	1.6972840088754373e+36	9.451356514393173e+35	4.911375101183225e+35	3.1431116010294893e+35	1.6873046550911334e+35	4.222611403346623e+34	2.0734265054451572e+34	7.805909156884906e+33	5.7915915051408495e+35	2.745750366095232e+35	1.6873046550911334e+35	1.1099257761834634e+35
1445.787221634243	3.915602682028416e+39	3.151971276697675e+36	1.7556507979391413e+36	9.125374832372433e+35	5.840704964612726e+35	3.1359254141929267e+35	7.849802420152104e+34	3.8548159342688665e+34	1.4513663503022096e+34	1.0760233734796781e+36	5.102491575786259e+35	3.1359254141929267e+35	2.063020453592666e+35
1477.0696802605526	6.679786823337495e+39	5.679683121811255e+36	3.16462616060489e+36	1.645363645875625e+36	1.0532884248957954e+36	5.656261879591309e+35	1.4162879033032398e+35	6.955722378610752e+34	2.619164915730877e+34	1.9400088456418734e+36	9.202030353052554e+35	5.656261879591309e+35	3.721457665742134e+35
1509.0368588209672	1.1209460528948474e+40	1.000118890588605e+37	5.574135763873767e+36	2.898883172954076e+36	1.8560069367363337e+36	9.968619078575729e+35	2.496735800389306e+35	1.226321289799476e+35	4.618140404064418e+34	3.417797972038877e+36	1.6215608529165245e+36	9.968619078575729e+35	6.5593311940300924e+35
1541.7059529643866	1.818697377625215e+40	1.7141377712253228e+37	9.556962576131863e+36	4.9717022877776795e+36	3.183667543149916e+36	1.710283613542171e+36	4.284892135870198e+35	2.104840335390778e+35	7.927405667682165e+34	5.861252473183361e+36	2.781643472718746e+36	1.710283613542171e+36	1.1254864883352875e+36
1575.0947069368656	2.9021689154470964e+40	2.8751556108953596e+37	1.6035146338936307e+37	8.344119983494177e+36	5.344061406567599e+36	2.871379768439991e+36	7.195926006680005e+35	3.535167764044975e+35	1.3315803987472006e+35	9.836434871346545e+36	4.6694294472556166e+36	2.871379768439991e+36	1.889760981981655e+36
1609.2214228889507	4.495489144251314e+40	4.70577343968323e+37	2.625411617574158e+37	1.366604586166197e+37	8.754083884580998e+36	4.7045556523878987e+36	1.1793823345148079e+36	5.794654952172868e+35	2.182911360866223e+35	1.6108991964726524e+37	7.649341591317736e+36	4.7045556523878987e+36	3.096595666150146e+36
1644.1049836922916	6.850550175050483e+40	7.547926713193582e+37	4.2125102384124466e+37	2.1933969321826397e+37	1.4052643803128522e+37	7.553532221026028e+36	1.894169416674697e+36	9.307624110138768e+35	3.506677764380963e+35	2.5853102023709833e+37	1.2279799726375098e+37	7.553532221026028e+36	4.9723657380645203e+36
1679.764876369441	1.016322499363377e+41	1.183738394877348e+38	6.608936391595658e+37	3.442330140423728e+37	2.205840179919798e+37	1.1859302504636776e+37	2.974915576737689e+36	1.4619976838899582e+36	5.508804120651932e+35	4.0570904848214006e+37	1.9276549233269512e+37	1.1859302504636776e+37	7.807719419701534e+36
1716.221216411015	1.483695494246009e+41	1.821509918068469e+38	1.0173364279702184e+38	5.300605230805491e+37	3.3972306259204256e+37	1.8268382671104922e+37	4.5841357114484913e+36	2.25309646148984e+36	8.490675686441698e+35	6.246769472579907e+37	2.9689408995676497e+37	1.8268382671104922e+37	1.202861123715113e+37
1753.4947731394243	2.1129232120625465e+41	2.7448423223140946e+38	1.533637810316186e+38	7.993500872188529e+37	5.124153422573751e+37	2.7561050887083677e+37	6.918446097549242e+36	3.400838100391882e+36	1.2817554865655481e+36	9.419585746068439e+37	4.478390475909257e+37	2.7561050887083677e+37	1.8149568843353932e+37
1791.6069962420988	2.960890738172202e+41	4.062026927822752e+38	2.2704818955734067e+38	1.183813673212196e+38	7.590190936065352e+37	4.083414293039221e+37	1.0253905010887108e+37	5.041048964386314e+36	1.9001856188518153e+36	1.3949010813575232e+38	6.634000431513248e+37	4.083414293039221e+37	2.6893560262322734e+37
1830.5800435627561	4.0519164668455104e+41	5.8931589131310834e+38	3.2954085521704117e+38	1.718857543605162e+38	1.102304044349187e+38	5.931688668678476e+37	1.4900868389026813e+37	7.326600348185157e+36	2.7620956485363947e+36	2.0251722157780507e+38	9.634946603688772e+37	5.931688668678476e+37	3.907172698951391e+37
1870.4368102540518	5.453423913365425e+41	8.400752683851214e+38	4.699658330383642e+38	2.4522410846125884e+38	1.5729588462877069e+38	8.466444933090945e+37	2.1276617153353825e+37	1.0462924718929295e+37	3.945033692006282e+36	2.8889966794236943e+38	1.3749614629552394e+38	8.466444933090945e+37	5.577570479520774e+37
1911.2009593383675	7.168578522599063e+41	1.1746659762732138e+39	6.574581835212323e+38	3.432004475831433e+38	2.2019321931976167e+38	1.1855095454066682e+38	2.980516172439107e+37	1.4659106420605717e+37	5.528057939073664e+36	4.0428694960608525e+38	1.9248853691746935e+38	1.1855095454066682e+38	7.811144599871978e+37
1952.8969537867124	9.256572847888658e+41	1.61402722564955e+39	9.038083835719772e+38	4.7200248624103994e+38	3.029041752807767e+38	1.6312749721556294e+38	4.1030222640574505e+37	2.0183071548587562e+37	7.61240258977638e+36	5.559592110743792e+38	2.6481023321071043e+38	1.6312749721556294e+38	1.0749897887852228e+38
1995.5500902118733	1.1664280452973814e+42	2.1754822508224236e+39	1.2188671395681988e+39	6.36844462495717e+38	4.087999538672652e+38	2.202251433870257e+38	5.5418511393793e+37	2.726547247167186e+37	1.02854795743994e+37	7.500392598559493e+38	3.574144245347876e+38	2.202251433870257e+38	1.4515067691050187e+38
2039.186534245598	1.4411920955321876e+42	2.8804233232513617e+39	1.6147502844400582e+39	8.441174428941227e+38	5.42004825894181e+38	2.9207920099417352e+38	7.353790053458327e+37	3.6186634909164716e+37	1.365340184540512e+37	9.940376985240407e+38	4.739121528147606e+38	2.9207920099417352e+38	1.9254482216597827e+38
2083.833357727331	1.7349104328820704e+42	3.7397510619547484e+39	2.097832666110393e+39	1.0972767875063837e+39	7.047814874321454e+38	3.799363560238329e+38	9.571313221226482e+37	4.710825234920783e+37	1.777791365205438e+37	1.2919903189551825e+39	6.1629234159659926e+38	3.799363560238329e+38	2.505133449109215e+38
2129.518577854733	2.0434272797969715e+42	4.766822504534705e+39	2.675824913016262e+39	1.4004572438322797e+39	8.998221776609829e+38	4.852706518065898e+38	1.2232457669054378e+38	6.021911317231004e+37	2.2730874512953616e+37	1.648738048350746e+39	7.869179078518853e+38	4.852706518065898e+38	3.200365468587296e+38
2176.27119828176	2.3407024232240866e+42	5.954707641471737e+39	3.345260404685642e+39	1.7520419046074675e+39	1.1261587973347874e+39	6.07604022014502e+38	1.5326923154710016e+38	7.547156535210319e+37	2.849548583303318e+37	2.0623238923493964e+39	9.849591030202834e+38	6.07604022014502e+38	4.0081539208808985e+38
2224.1212524216976	2.6190832509214085e+42	7.299160590234324e+39	4.1040607928059873e+39	2.1510859616960282e+39	1.3832357347433137e+39	7.466689088880341e+38	1.884924564728251e+38	9.284095127496558e+37	3.5063313478801825e+37	2.531596784607824e+39	1.2099423163774838e+39	7.466689088880341e+38	4.92685293733398e+38
2273.0998490598163	2.847324070221191e+42	8.766030525823965e+39	4.9336122512015373e+39	2.588108095141369e+39	1.6650548393114007e+39	8.99289006069379e+38	2.272169150480947e+38	1.1194867915211577e+38	4.229304141264351e+37	3.0453238373280135e+39	1.4566444045239736e+39	8.99289006069379e+38	5.935731010296774e+38
2323.2392203511613	3.024061037683796e+42	1.0331482196371334e+40	5.820808110586508e+39	3.0563782175896136e+39	1.967338956390541e+39	1.0631872045850061e+39	2.6888050210804753e+38	1.325201278112532e+38	5.00818288467709e+37	3.595546519227913e+39	1.7213361683690484e+39	1.0631872045850061e+39	7.019880466949867e+38
2374.5727723877008	3.12426583585717e+42	1.193644341505781e+40	6.733025313690873e+39	3.5390759987213325e+39	2.2793725712828602e+39	1.2326422367062332e+39	3.1206414973167932e+38	1.5386077223255857e+38	5.816910289132604e+37	4.1623934899245205e+39	1.9946686166563652e+39	1.2326422367062332e+39	8.141783254012648e+38
2427.1351384816867	3.7874520478112556e+42	1.4281710950248552e+40	8.054793086214475e+39	4.2333081984857884e+39	2.726309991736675e+39	1.4742203268235687e+39	3.731770808849593e+38	1.8398390472264704e+38	6.955439595025444e+37	4.9790392682574933e+39	2.3857365697554915e+39	1.4742203268235687e+39	9.737009587223965e+38
2480.9622353541004	4.973261688768175e+42	1.730179285456768e+40	9.749702948216518e+39	5.120185938895486e+39	3.296074615870461e+39	1.7814459566350086e+39	4.5060188710735106e+38	2.220959016016631e+38	8.393915631192134e+37	6.023201139321656e+39	2.883993027209232e+39	1.7814459566350086e+39	1.176299151495545e+39
2536.091322399157	4.843083173369913e+42	1.9019028444988252e+40	1.073128214683288e+40	5.642149171848692e+39	3.634401873059245e+39	1.9657442598476308e+39	4.9779143232576606e+38	2.4545480772151916e+38	9.280625364097602e+37	6.635471964878722e+39	3.1805740592276854e+39	1.9657442598476308e+39	1.2985236866249781e+39
2592.5610642313536	5.358989942357702e+42	2.149199125063505e+40	1.2129390265396048e+40	6.378514986046762e+39	4.1091941439136425e+39	2.2228322092948653e+39	5.630084417316119e+38	2.7763232894369433e+38	1.0498025438055043e+38	7.501130635072203e+39	3.5961887128466656e+39	2.2228322092948653e+39	1.4684554000847804e+39
2650.411596708698	5.141544028152517e+42	2.309294979538848e+40	1.304962442561718e+40	6.870224203490064e+39	4.428752481884008e+39	2.3974277595392354e+39	6.079203105464112e+38	2.998995056336525e+38	1.1344679437335203e+38	8.077280393733893e+39	3.876516161833518e+39	2.3974277595392354e+39	1.5844365104647085e+39
2709.684596670066	5.2899274639084895e+42	2.513477402117774e+40	1.4212763987407142e+40	7.486925173381311e+39	4.82785178761339e+39	2.6144404912239095e+39	6.633335616449774e+38	3.273030168627378e+38	1.2383914039383192e+38	8.801160637832019e+39	4.226220763836297e+39	2.6144404912239095e+39	1.7282147535591283e+39
2770.4233555947735	4.993625032064041e+42	2.649935686270932e+40	1.5004458519168371e+40	7.913331142363177e+39	5.10616783713628e+39	2.7672442368533093e+39	7.029336318762022e+38	3.469872471896639e+38	1.3134321624128557e+38	9.299892787455744e+39	4.470652584761166e+39	2.7672442368533093e+39	1.8299916087522123e+39
2832.6728532913603	4.9711240919491216e+42	2.8235291283474665e+40	1.6001008084882627e+40	8.445266945075359e+39	5.451682499422496e+39	2.9559099256305297e+39	7.51422814942741e+38	3.7102111415544146e+38	1.4047886938809815e+38	9.923320678790308e+39	4.773706550126467e+39	2.9559099256305297e+39	1.9552796688084467e+39
2896.4812114368315	4.660703969364292e+42	2.9436488738034e+40	1.6704842094933951e+40	8.827535995361396e+39	5.702314887745813e+39	3.09420994987387e+39	7.875395216201307e+38	3.890211187091669e+38	1.473592009866365e+38	1.0369586365076593e+40	4.9940906564832907e+39	3.09420994987387e+39	2.0476503764788562e+39
2962.0177779307696	4.56454565176791e+42	3.0983082373007033e+40	1.759965350547167e+40	9.308393929752492e+39	6.015801618370382e+39	3.266100794888837e+39	8.320013389340333e+38	4.111079210600384e+38	1.5577382819519206e+38	1.09322891478688e+40	5.269325238016955e+39	3.266100794888837e+39	2.1620609374677893e+39
3029.3236352733134	4.279071064023704e+42	3.2141111236462515e+40	1.8283517684510288e+40	9.682262810284047e+39	6.261789022491237e+39	3.402371485950833e+39	8.677998944099691e+38	4.289856558903344e+38	1.6262149512505861e+38	1.136810397081381e+40	5.485828336531496e+39	3.402371485950833e+39	2.2532712638512245e+39
3098.4294105525855	4.1712506648865917e+42	3.373482187183955e+40	1.921084094537868e+40	1.0183032650224891e+40	6.589126027593456e+39	3.582397210668107e+39	9.145815136913622e+38	4.522621037039128e+38	1.7150384163004246e+38	1.1953458222463143e+40	5.773429161571018e+39	3.582397210668107e+39	2.373294996157677e+39
3169.394483892175	3.93461193540088e+42	3.5063241918171947e+40	1.9996894640040028e+40	1.0613524569466595e+40	6.872644076285006e+39	3.739633711587755e+39	9.559595363102125e+38	4.729387955589953e+38	1.7942852820749672e+38	1.245507605364726e+40	6.02303028692598e+39	3.739633711587755e+39	2.478603499350109e+39
3242.301317551623	3.834011241775479e+42	3.683975297626293e+40	2.1035146522127752e+40	1.1176329962440803e+40	7.241293237364459e+39	3.9428550367470013e+39	1.0089592181227117e+39	4.993420415425342e+38	1.8951690717305812e+38	1.311237723695709e+40	6.347108951408303e+39	3.9428550367470013e+39	2.614266695324117e+39
3317.2078124548443	3.6426034297331266e+42	3.8443760985631467e+40	2.1985243110979947e+40	1.1697165567653534e+40	7.584502499300738e+39	4.133321066819949e+39	1.0591351912624241e+39	5.244246973826972e+38	1.9913407645360482e+38	1.3719127940903156e+40	6.649307142728758e+39	4.133321066819949e+39	2.7418782735888144e+39
3394.18421024434	3.553573016245132e+42	4.050298436392314e+40	2.3193669926112343e+40	1.235454125539138e+40	8.01592929558457e+39	4.371669793041475e+39	1.121505556598576e+39	5.555325368052206e+38	2.110341952481434e+38	1.4486260377976767e+40	7.028771064285195e+39	4.371669793041475e+39	2.901183192107513e+39
3473.2973891189763	3.39845081815627e+42	4.243445430765439e+40	2.4340159245429745e+40	1.2984222008364033e+40	8.431297205410093e+39	4.6024575417807177e+39	1.1824180978977809e+39	5.860024580768595e+38	2.22724865410766e+38	1.5219494178352196e+40	7.394609477185301e+39	4.6024575417807177e+39	3.055913608440921e+39
3554.633282609523	3.317018394067078e+42	4.478491861032607e+40	2.572650299496238e+40	1.3741671881666732e+40	8.929578088878527e+39	4.878477184943774e+39	1.2549425348439392e+39	6.222260805058994e+38	2.3660201651006287e+38	1.6102537293787086e+40	7.833154486927768e+39	4.878477184943774e+39	3.24066789746512e+39
3638.262620309371	4.063570707499876e+42	5.02437666881761e+40	2.8834964282863654e+40	1.5389380984638066e+40	9.995790124548918e+39	5.458189203822267e+39	1.4029606442588816e+39	6.954253575779861e+38	2.6436192466331454e+38	1.8036704117599632e+40	8.767385289023763e+39	5.458189203822267e+39	3.624734849637674e+39
3724.266870059005	4.703977480511245e+42	5.686088368022618e+40	3.259528066816086e+40	1.7378626623472856e+40	1.1281473996943996e+40	6.156228415057351e+39	1.5807655848449028e+39	7.832774126515435e+38	2.9764774453796638e+38	2.037289575476274e+40	9.893545089420311e+39	6.156228415057351e+39	4.086811090722515e+39
3812.730224006632	4.712027605294422e+42	6.065332372765451e+40	3.4808508175836e+40	1.857704478935051e+40	1.2066043556991343e+40	6.588489977437538e+39	1.693413804797774e+39	8.393831716228419e+38	3.1908035284268227e+38	2.177285892338311e+40	1.0583164042513618e+40	6.588489977437538e+39	4.375291527737123e+39
3903.7461028961993	4.554707858927297e+42	6.382707791841272e+40	3.6691721955860675e+40	1.9611156103855316e+40	1.2748152549298125e+40	6.967472891497739e+39	1.793442110629492e+39	8.894210771692238e+38	3.382795598713947e+38	2.297707414044542e+40	1.1183930033793634e+40	6.967472891497739e+39	4.629378098673553e+39
3997.4069459341863	4.5150984800786525e+42	6.782441987704461e+40	3.90410273431698e+40	2.0890962868471443e+40	1.358875396928217e+40	7.432320182728175e+39	1.915269449482647e+39	9.502173855735381e+38	3.615502180180073e+38	2.447006851001721e+40	1.192345140002871e+40	7.432320182728175e+39	4.940236098639873e+39
4093.788151945507	4.351224608329357e+42	7.110763215218313e+40	4.1008303749604684e+40	2.198012947078472e+40	1.4310336852085e+40	7.835204390229977e+39	2.0223962752952286e+39	1.003942100243754e+39	3.822168983311959e+38	2.5736056307944336e+40	1.2559730272996637e+40	7.835204390229977e+39	5.211069555123655e+39
4193.049130437247	4.260413714355129e+42	7.509448002680569e+40	4.337656980014235e+40	2.3282001210438323e+40	1.516961421002953e+40	8.312990005811711e+39	2.1486621627073814e+39	1.0671342070051208e+39	4.0647497864175856e+38	2.725168724359935e+40	1.3316672472438007e+40	8.312990005811711e+39	5.531539415517305e+39
4295.147338953662	4.122119013199829e+42	7.870800590839377e+40	4.555388067453724e+40	2.44931905436179e+40	1.597409904834684e+40	8.763458489343413e+39	2.268969154945401e+39	1.1275602318435021e+39	4.297552359023519e+38	2.8657996231157008e+40	1.402654167420612e+40	8.763458489343413e+39	5.834839734087017e+39
4400.142839657427	4.013418023077206e+42	8.285420712488174e+40	4.804163350932737e+40	2.587237155956893e+40	1.68885482606847e+40	9.274513730217468e+39	2.4050715310555322e+39	1.195855235339047e+39	4.560423745754438e+38	3.02605686934314e+40	1.4833065988812912e+40	9.274513730217468e+39	6.17857790663735e+39
4508.2462545148255	3.894169238189973e+42	8.67629919702706e+40	5.041200157280333e+40	2.719813880004903e+40	1.7771716390285573e+40	9.770665746732029e+39	2.538241082099585e+39	1.2628562221283942e+39	4.819005636414427e+38	3.1798026338332832e+40	1.5612976091301013e+40	9.770665746732029e+39	6.513236842569733e+39
4619.514228026775	3.7754785710639776e+42	9.099483357840639e+40	5.2980064519714055e+40	2.863539539413474e+40	1.8729499744394053e+40	1.0308961307360179e+40	2.6828182176328255e+39	1.3356138010367222e+39	5.099872507497429e+38	3.3464528833072376e+40	1.6458861250927112e+40	1.0308961307360179e+40	6.876407512918403e+39
4734.0598887726155	3.729450672857116e+42	9.58220819433054e+40	5.589633481023728e+40	3.0261840958265347e+40	1.9811444944295736e+40	1.0915890493220052e+40	2.8453912421432786e+39	1.4173561089816052e+39	5.415151105645646e+38	3.535183857881104e+40	1.7413962346227952e+40	1.0915890493220052e+40	7.285476503838802e+39
4852.05477744657	4.525923799638671e+42	1.0953390545499507e+41	6.375771741447324e+40	3.4452723540373166e+40	2.2531529982652113e+40	1.2399808099840966e+40	3.226188493781901e+39	1.605992306470331e+39	6.131756643336939e+38	4.0265035402143977e+40	1.9799264232881103e+40	1.2399808099840966e+40	8.270382635440892e+39
4973.633487458927	4.7540520338643835e+42	1.185554333958473e+41	6.904593831238024e+40	3.732763110017213e+40	2.4417866650303216e+40	1.3441786596790907e+40	3.498843541637387e+39	1.741988463382377e+39	6.6520438302230746e+38	4.362034549591159e+40	2.1458325856355253e+40	1.3441786596790907e+40	8.966782581148891e+39
5098.934259524329	4.767206399670341e+42	1.2527982131979733e+41	7.308579742955723e+40	3.95704654254481e+40	2.5906272887099344e+40	1.4274521074649524e+40	3.7210286860371863e+39	1.8535565832253022e+39	7.08179039565019e+38	4.62255561325872e+40	2.277139977859292e+40	1.4274521074649524e+40	9.527245015532245e+39
5228.033063660463	4.9974306593039656e+42	1.3461062233652357e+41	7.860087884166278e+40	4.2590530278322696e+40	2.789577100787399e+40	1.537848753974669e+40	4.011944487947193e+39	1.9990177507813975e+39	7.639686674619002e+38	4.974444959350285e+40	2.4523083360308232e+40	1.537848753974669e+40	1.0266932365825315e+40
5361.164456771313	6.380792872129228e+42	1.5277942115127633e+41	8.903292439933912e+40	4.81607115669381e+40	3.1514713328011894e+40	1.7355239785628697e+40	4.520313282307606e+39	2.2510570282515376e+39	8.597994414698372e+38	5.627212609335591e+40	2.7697522791285325e+40	1.7355239785628697e+40	1.1579918077183904e+40
5498.557616454564	9.480278504086055e+42	1.823802270836219e+41	1.0582503678196847e+41	5.702877546377495e+40	3.7240476006162023e+40	2.046012585771823e+40	5.3095661838590336e+39	2.6407230604527576e+39	1.0073191069131752e+39	6.669109693206867e+40	3.271142008998382e+40	2.046012585771823e+40	1.3633772887797977e+40
5640.241208826676	1.7421355410945317e+43	2.3315677857414454e+41	1.3434581398710494e+41	7.195646800685755e+40	4.68300696941241e+40	2.5629721095302643e+40	6.61136770132293e+39	3.281281761214526e+39	1.2489768951846906e+39	8.426581806443396e+40	4.1097136758928535e+40	2.5629721095302643e+40	1.7042085479303143e+40
5786.590843744567	3.1252747630519234e+43	2.952103779223696e+41	1.690921721469979e+41	9.00947701662514e+40	5.846574452930816e+40	3.189245981166361e+40	8.184709108975075e+39	4.054827997487279e+39	1.5405678858188613e+39	1.0563313996094632e+41	5.126823233943937e+40	3.189245981166361e+40	2.1167571498017387e+40
5938.114652989691	7.139950259850341e+43	4.062175162559245e+41	2.3080355341239985e+41	1.2210135439656663e+41	7.892321744020787e+40	4.2856949557826446e+40	1.0920752279915153e+40	5.396792484490798e+39	2.0451670182861334e+39	1.4339400493043602e+41	6.9132908747416e+40	4.2856949557826446e+40	2.8373099415632293e+40
6095.083028054616	1.152587229771891e+44	5.035809643484192e+41	2.8503486211632853e+41	1.5028179413233353e+41	9.695554128224526e+40	5.253489603804372e+40	1.3341333483978712e+40	6.58505318931551e+39	2.492378696545428e+39	1.76625863834227e+41	8.48848028758241e+40	5.253489603804372e+40	3.473822738074455e+40
6257.732932628556	2.273022739931313e+44	6.412233547232122e+41	3.61414997295796e+41	1.8984259879853058e+41	1.2222492734311388e+41	6.606950561636265e+40	1.6715914454799166e+40	8.239819480007742e+39	3.1144674004020477e+39	2.233126413522228e+41	1.0694789654554422e+41	6.606950561636265e+40	4.362988316285498e+40
6426.077215768118	3.876726468194263e+44	7.992546593038636e+41	4.4905418624648256e+41	2.3521160466100333e+41	1.5119648959918932e+41	8.158248562201428e+40	2.058210588288589e+40	1.013538491508223e+40	3.8269818107038093e+39	2.7685997712762933e+41	1.3224161896983162e+41	8.158248562201428e+40	5.381964383420632e+40
6600.603561228689	6.196568242080468e+44	9.856437520042857e+41	5.523161017973367e+41	2.886214244762735e+41	1.852863269965412e+41	9.982607445477625e+40	2.512496323640692e+40	1.2362052469388778e+40	4.6636978451315914e+39	3.399101683804322e+41	1.6199999493599065e+41	9.982607445477625e+40	6.579937741974664e+40
6781.803232386706	8.60846519327952e+44	1.1325523732006306e+42	6.339772269954858e+41	3.3098922489871744e+41	2.1237625764602462e+41	1.1435379423486229e+41	2.8754767683904827e+40	1.4143370959022077e+40	5.3339208918881855e+39	3.898893444647184e+41	1.85659419868801e+41	1.1435379423486229e+41	7.535038231107426e+40
6969.938038082298	1.2383101960618537e+45	1.340924584426557e+42	7.494718138148415e+41	3.907544070456684e+41	2.5053354146312223e+41	1.3478137260706558e+41	3.38445549707214e+40	1.6638687509142215e+40	6.271816627147552e+39	4.6043399856150326e+41	2.189711553200456e+41	1.3478137260706558e+41	8.876704406751933e+40
7164.99865929332	1.951482092912409e+45	1.647281816855422e+42	9.188399503128411e+41	4.781940512574719e+41	3.062865175470647e+41	1.6458336923997227e+41	4.12520527321023e+40	2.0267122433965194e+40	7.634378946466359e+39	5.637000565607539e+41	2.6762664425332138e+41	1.6458336923997227e+41	1.0832393499422913e+41
7367.013745930526	2.86296969396108e+45	1.9550110855896493e+42	1.0890904341139204e+42	5.66149655725106e+41	3.623909105214082e+41	1.9458748520667007e+41	4.871563139800501e+40	2.392407806849977e+40	9.008065528219021e+39	6.6755870812240485e+41	3.165942527478925e+41	1.9458748520667007e+41	1.2801884326685095e+41
7576.605633076478	3.492228035848721e+45	2.1879279388239493e+42	1.2184525666662635e+42	6.332162706833025e+41	4.052555700643134e+41	2.17563930382084e+41	5.44520925118744e+40	2.6738488920165793e+40	1.0066702156973676e+40	7.466872855079407e+41	3.5402658734560564e+41	2.17563930382084e+41	1.4312031345437557e+41
7794.513677295578	4.4211188314667584e+45	2.4824734055017256e+42	1.381735652090255e+42	7.177269163294905e+41	4.592186985678626e+41	2.464581174715969e+41	6.165369334813623e+40	3.0269579599021966e+40	1.1394085491199496e+40	8.464357138390475e+41	4.011388057771478e+41	2.464581174715969e+41	1.6209976055793324e+41
8021.059590330157	5.236827836360639e+45	2.6486995076118257e+42	1.4744505859165564e+42	7.660137634425654e+41	4.9016952566042296e+41	2.6310876860689187e+41	6.583753739541512e+40	3.2327336958469046e+40	1.2170172956750712e+40	9.033434682557783e+41	4.281895523584897e+41	2.6310876860689187e+41	1.7306739398241474e+41
8256.664108862173	7.09202451100866e+45	3.164944045840585e+42	1.7600721366289898e+42	9.135469073237564e+41	5.842587292188659e+41	3.134112866954754e+41	7.834177750545574e+40	3.8452214049465005e+40	1.4470098642194016e+40	1.0775620204314576e+42	5.10304814074645e+41	3.134112866954754e+41	2.060792051407343e+41
8502.18992035566	7.907125756218591e+45	3.457038635939596e+42	1.922605444716107e+42	9.979542153957735e+41	6.382584112271783e+41	3.4238887528109335e+41	8.558954767860145e+40	4.201039629682344e+40	1.5809400514244084e+40	1.1771108219983886e+42	5.574734692528826e+41	3.4238887528109335e+41	2.2513706114081444e+41
8757.348000358223	9.272243842880279e+45	3.7982462997900765e+42	2.1123298351433107e+42	1.0964227309749144e+42	7.012334940673274e+41	3.761708691107297e+41	9.403452996778221e+40	4.615560071874232e+40	1.7369383359852044e+40	1.2932590236805909e+42	6.124774162076117e+41	3.761708691107297e+41	2.4735039822601568e+41
9023.02784059084	1.0172339935380676e+46	4.2298221955601355e+42	2.352000196459864e+42	1.2206567405195415e+42	7.806261541659805e+41	4.187200590203403e+41	1.0465425349808848e+41	5.136514645785402e+40	1.932866394150818e+40	1.439843089641029e+42	6.818059215944581e+41	4.187200590203403e+41	2.7531327068236422e+41
9300.584593221538	1.1527639582019557e+46	4.7059142454384616e+42	2.6162285597536977e+42	1.3575518388598525e+42	8.680873520982629e+41	4.655803743917117e+41	1.1634533288068631e+41	5.709951563234074e+40	2.1485058274239375e+40	1.6013839377604604e+42	7.581749816083413e+41	4.655803743917117e+41	3.0610484264423857e+41
9590.315192435273	1.207214926005839e+46	5.103924876219017e+42	2.83797862188119e+42	1.47283927478022e+42	9.418875405488225e+41	5.052109091846512e+41	1.2626827137971342e+41	6.197286931273119e+40	2.3320100084723905e+40	1.737317996097537e+42	8.22649982143646e+41	5.052109091846512e+41	3.321789141647137e+41
9892.72133332	1.2384402960727733e+46	5.3848664368825807e+42	2.9952366711770496e+42	1.554991459603348e+42	9.946326863949885e+41	5.336393666836654e+41	1.3343198442367773e+41	6.549970200347831e+40	2.46515843241786e+40	1.8340701965799123e+42	8.687693358446904e+41	5.336393666836654e+41	3.509237118197309e+41
10208.462261247132	1.2267210325471058e+46	5.402998108187724e+42	3.00867542873362e+42	1.5635839232285624e+42	1.0007236923888522e+42	5.372844430192855e+41	1.3449727778070286e+41	6.60501717297116e+40	2.4869599811526747e+40	1.8437599949256005e+42	8.74233287628573e+41	5.372844430192855e+41	3.534623909727171e+41
10538.566272437614	1.181706781059424e+46	5.77447528309663e+42	3.2168428284955953e+42	1.6723567560842338e+42	1.0705465551244066e+42	5.74897399943734e+41	1.4396105205045082e+41	7.070592944031352e+40	2.662575520154001e+40	1.9718654117598812e+42	9.352792021352908e+41	5.74897399943734e+41	3.782521884289304e+41
10883.654296236416	1.0604219209007739e+46	5.779744868024698e+42	3.223246147750841e+42	1.677380747697396e+42	1.0743934612955862e+42	5.773665728123612e+41	1.44745891259228e+41	7.112146306861231e+40	2.6794125478741495e+40	1.9773204334400404e+42	9.387931497357474e+41	5.773665728123612e+41	3.800293136966519e+41
11244.54106462945	9.212721304222108e+45	6.189533227202181e+42	3.453580167255033e+42	1.797977283109133e+42	1.1518690502652871e+42	6.191293627690406e+41	1.5525805392198195e+41	7.629274790660744e+40	2.8744443998482454e+40	2.119294366240161e+42	1.0065421830339462e+42	6.191293627690406e+41	4.075605725732264e+41
11622.219751066501	7.748504964112735e+45	6.321070732296521e+42	3.5303187358748653e+42	1.839459734921059e+42	1.17898648793361e+42	6.340378651348128e+41	1.591266216108161e+41	7.821612450715957e+40	2.9477746034590727e+40	2.1677772837830244e+42	1.0303667415135365e+42	6.340378651348128e+41	4.174962391898317e+41
12017.828114051357	6.396603335243845e+45	6.434335048757123e+42	3.596582061304747e+42	1.8753726893600102e+42	1.2024983896073631e+42	6.469872470300075e+41	1.6249673736985444e+41	7.989349698211397e+40	3.011798551816937e+40	2.209725342600793e+42	1.0510322005773423e+42	6.469872470300075e+41	4.261351306936535e+41
12432.629855633375	5.353161123209304e+45	6.553468081342844e+42	3.6658848167850896e+42	1.912741275500292e+42	1.2268925524285741e+42	6.603771887741676e+41	1.6596261066867449e+41	8.161515168923062e+40	3.077378887805541e+40	2.253425338988151e+42	1.0724560693777925e+42	6.603771887741676e+41	4.350508488226186e+41
12868.00277794659	4.4133952391261297e+45	6.637890449092678e+42	3.716007330525748e+42	1.9401832019927687e+42	1.2449406635067362e+42	6.703607531869792e+41	1.6857405187353902e+41	8.29166076638667e+40	3.1271083585055324e+40	2.2854115640998288e+42	1.0883369057498739e+42	6.703607531869792e+41	4.417247684209628e+41
13325.445062750578	3.582563359266727e+45	6.503352993941766e+42	3.644973222224881e+42	1.9050740095590726e+42	1.2231178140517972e+42	6.590463017392059e+41	1.659011600777486e+41	8.163182506898223e+40	3.079815530252117e+40	2.243520579852667e+42	1.0694269668995832e+42	6.590463017392059e+41	4.344297656896043e+41
13799.16019551508	3.100880702171372e+45	6.355241426459751e+42	3.566807138640546e+42	1.8664774795023672e+42	1.1991468723604243e+42	6.466331397902917e+41	1.6297623293406522e+41	8.022748243020261e+40	3.0281886691689663e+40	2.1974558680623097e+42	1.0486610350299388e+42	6.466331397902917e+41	4.2643287232569286e+41
14289.716025367712	2.813078569342355e+45	6.278214073768962e+42	3.527712438994215e+42	1.8479480678153167e+42	1.1879339867702545e+42	6.410167728844499e+41	1.6173173243360574e+41	7.964470958263434e+40	3.0073533243395912e+40	2.1751186772704915e+42	1.0390202082842777e+42	6.410167728844499e+41	4.228878287860191e+41
14797.712583079876	2.57362581636678e+45	6.224668502634324e+42	3.501548828261906e+42	1.8360778714317842e+42	1.1809629657091842e+42	6.376661423519218e+41	1.610502142836049e+41	7.933774285617552e+40	2.996878124664016e+40	2.160649878467257e+42	1.0330804538872399e+42	6.376661423519218e+41	4.208292729569012e+41
15323.771356877696	2.328222365135036e+45	6.192605474806324e+42	3.487315730223781e+42	1.830392439757088e+42	1.1779446206595794e+42	6.364340645281052e+41	1.6089753918360116e+41	7.929021684841155e+40	2.996160927437353e+40	2.1534783285005575e+42	1.0305923838724679e+42	6.364340645281052e+41	4.201630792967179e+41
15868.536058730373	2.100154287904923e+45	6.166994125360912e+42	3.4767376959318616e+42	1.826640463993635e+42	1.1761771933023418e+42	6.358825839519141e+41	1.6091913827885337e+41	7.932900542447361e+40	2.9987230985666423e+40	2.1485769825552278e+42	1.0292004714757285e+42	6.358825839519141e+41	4.199481363639697e+41
16432.673421260544	1.9342323349226323e+45	6.268823793868626e+42	3.5365016270243407e+42	1.859126242329459e+42	1.1974810106158574e+42	6.47638861501805e+41	1.6398838685776634e+41	8.085835753659751e+40	3.0571656816250224e+40	2.1864960279991378e+42	1.0479337944701903e+42	6.47638861501805e+41	4.277997771565072e+41
17016.87402979217	1.8077779945125804e+45	6.394440884777047e+42	3.609542261837805e+42	1.898523195008891e+42	1.2232115116558616e+42	6.6177361713827675e+41	1.6765359919324209e+41	8.268045876716739e+40	3.12663363494256e+40	2.2325618213409053e+42	1.070535014661037e+42	6.6177361713827675e+41	4.372167231856352e+41
17621.853181498987	1.739257306457965e+45	6.504057226612161e+42	3.673925381504084e+42	1.9335501451194446e+42	1.2461945224721752e+42	6.744653787397639e+41	1.709711122837302e+41	8.433428317998259e+40	3.1898640416350567e+40	2.2734383123213608e+42	1.0907481396146658e+42	6.744653787397639e+41	4.456966690565618e+41
18248.35177985343	1.6706772189985586e+45	6.568619101613693e+42	3.713723803481452e+42	1.9560485219709095e+42	1.2612513809927923e+42	6.829606397690323e+41	1.7326242456295389e+41	8.548852494026345e+40	3.234456547312437e+40	2.2994726212589354e+42	1.104059386280076e+42	6.829606397690323e+41	4.51438161187147e+41
18897.137251593733	1.6237362989476112e+45	6.614449011887548e+42	3.743386070880428e+42	1.973428653096474e+42	1.2730892423671293e+42	6.897644095229496e+41	1.751457141557671e+41	8.644519989252004e+40	3.2717217670979635e+40	2.3194297706640657e+42	1.1145724057985818e+42	6.897644095229496e+41	4.560809131459913e+41
19569.00450187098	1.543989983789948e+45	6.591607904400304e+42	3.735456977405107e+42	1.9715950064580023e+42	1.2727507845481539e+42	6.90108365114339e+41	1.754440859536079e+41	8.662935376082957e+40	3.2801297199869204e+40	2.3166407568686442e+42	1.1144775972181124e+42	6.90108365114339e+41	4.5650338183565585e+41
20264.77689185797	1.4313035204355507e+45	6.49425000261621e+42	3.6866677686950765e+42	1.9488481567256917e+42	1.2591495780904411e+42	6.834106821712727e+41	1.7401286408869033e+41	8.597016292501759e+40	3.257023607197406e+40	2.289101268670241e+42	1.1028263101854188e+42	6.834106821712727e+41	4.523235656280383e+41
20985.307251079437	1.3418599078550665e+45	6.429618568047611e+42	3.655929997951101e+42	1.9354141278427204e+42	1.2514873683874749e+42	6.7988983728268284e+41	1.7337303555745167e+41	8.569906017405821e+40	3.248510776766009e+40	2.272560748020507e+42	1.0963585740177482e+42	6.7988983728268284e+41	4.502298002972435e+41
21731.47893865875	1.2388451779688692e+45	6.307254233448384e+42	3.5933941172376147e+42	1.9056529293941727e+42	1.2334556722216678e+42	6.708558708560955e+41	1.7137701616893157e+41	8.476646634490854e+40	3.2152739094486085e+40	2.2367101883731405e+42	1.080852182198017e+42	6.708558708560955e+41	4.445304908788917e+41
22504.206931528646	1.1594367185253691e+45	6.259418351750294e+42	3.571821939772407e+42	1.89693501339975e+42	1.228805559687671e+42	6.689534001549539e+41	1.7114558187763207e+41	8.469689655894814e+40	3.2143955284868866e+40	2.2257397049389853e+42	1.0770154715990356e+42	6.689534001549539e+41	4.435034180181998e+41
23304.43896289114	1.0801880141014463e+45	6.175728215371287e+42	3.5302696108439635e+42	1.8778686805367164e+42	1.2175560599627168e+42	6.6352794114258885e+41	1.7004323068866023e+41	8.42019784181991e+40	3.1976019068734204e+40	2.2025527767021805e+42	1.0674204356015358e+42	6.6352794114258885e+41	4.4016781256732575e+41
24133.15669349043	1.0165596734690314e+45	6.143995082320977e+42	3.517095370235053e+42	1.8733053079594624e+42	1.2155046842676698e+42	6.62990636000834e+41	1.7014567164617138e+41	8.429558962344359e+40	3.202849580191067e+40	2.196532707546158e+42	1.0658412661341962e+42	6.62990636000834e+41	4.4003001660757226e+41
24991.376930847775	9.643471764361594e+44	6.216283062138626e+42	3.5610434651238907e+42	1.8980394459815387e+42	1.2320615146467767e+42	6.723538832986427e+41	1.726900465723734e+41	8.558194666181752e+40	3.252754165746252e+40	2.225166786031816e+42	1.0804838415413928e+42	6.723538832986427e+41	4.4637180139253895e+41
25880.152890541463	9.142828810335882e+44	6.277302904068073e+42	3.598179771417121e+42	1.9190274992426418e+42	1.2461597116703395e+42	6.8036573585327084e+41	1.7488745644526192e+41	8.669695899830701e+40	3.296181883162659e+40	2.2494348192874516e+42	1.0929654518003695e+42	6.8036573585327084e+41	4.5181506413510085e+41
26800.575499645387	8.545348473958612e+44	6.430410720949175e+42	3.685871165938957e+42	1.9659158598166387e+42	1.2766935517483508e+42	6.97111396670132e+41	1.7923410447805173e+41	8.8860820651909e+40	3.3788417251542025e+40	2.3043484058318843e+42	1.1197709273627513e+42	6.97111396670132e+41	4.6296991009233215e+41
27753.774742159072	7.933080112046996e+44	6.695067304295119e+42	3.835323302554901e+42	2.044636271918779e+42	1.3274832077943663e+42	7.246500766095636e+41	1.8624545395878e+41	9.232623576709997e+40	3.5102234209323026e+40	2.3968786112946466e+42	1.1642417165476754e+42	7.246500766095636e+41	4.8119216016657194e+41
28740.92105615489	7.470701228169005e+44	7.116587221887168e+42	4.07364373691207e+42	2.1699495448384227e+42	1.4081630240749082e+42	7.682443864682813e+41	1.9726027242337098e+41	9.775235296371518e+40	3.7151698484823794e+40	2.5442685398193986e+42	1.234833087913667e+42	7.682443864682813e+41	5.099690589021823e+41
29763.226788163418	7.065277631256132e+44	7.507252750739707e+42	4.2979638093990924e+42	2.289246359116331e+42	1.4853760607848237e+42	8.101812187853994e+41	2.0792177968725447e+41	1.0301297074541516e+41	3.9141403936553e+40	2.6842464231294127e+42	1.3024796847318217e+42	8.101812187853994e+41	5.377199596250086e+41
30821.947694321458	6.683648769095024e+44	7.541431290778996e+42	4.3208143999554303e+42	2.302779530699659e+42	1.4946095763545963e+42	8.154941765823999e+41	2.094041867276105e+41	1.037711864548737e+41	3.9439756337328167e+40	2.6997647158379205e+42	1.3106818354702162e+42	8.154941765823999e+41	5.41350576530419e+41
31918.384494396265	6.320519533666149e+44	7.580547361284621e+42	4.347691507944792e+42	2.3190571617242534e+42	1.5058108739679154e+42	8.219598081762584e+41	2.111817145427814e+41	1.0467088860453698e+41	3.978960917379248e+40	2.7183448260978552e+42	1.3206468913172867e+42	8.219598081762584e+41	5.4575851119984224e+41
33053.88448139986	5.97415770863036e+44	7.620399540881365e+42	4.375447503971668e+42	2.3361520096120833e+42	1.517723542404042e+42	8.289566943469811e+41	2.131563874968234e+41	1.0567465753913443e+41	4.017966200879107e+40	2.737770947871635e+42	1.331285885769185e+42	8.289566943469811e+41	5.5057815109438056e+41
34229.843188694766	5.643599585522941e+44	7.660323958392023e+42	4.403488611088789e+42	2.3535262188074345e+42	1.5298733937908722e+42	8.36131228184088e+41	2.1521463625624417e+41	1.0673025049211845e+41	4.059348315063883e+40	2.757487955387507e+42	1.3421484787298508e+42	8.36131228184088e+41	5.555416093983506e+41
35447.706116650115	5.327947969199397e+44	7.699891470041803e+42	4.4315779039476504e+42	2.3710493930610928e+42	1.5421654776150656e+42	8.434127633516088e+41	2.1731486896432953e+41	1.0781091107166723e+41	4.101937554682817e+40	2.7773460680647687e+42	1.353146814815758e+42	8.434127633516088e+41	5.605876532336057e+41
36708.97052096853	5.0262966891275794e+44	7.738619542674702e+42	4.459452610328417e+42	2.3885885148163544e+42	1.5545160506438794e+42	8.507569152888557e+41	2.1944393599256132e+41	1.0890833656404682e+41	4.1452898119396546e+40	2.7971874020970886e+42	1.3642080466021518e+42	8.507569152888557e+41	5.656867989692764e+41
38015.18726488195	4.7377430082017624e+44	7.77596539741268e+42	4.486816334956555e+42	2.4059931822373387e+42	1.566830397022418e+42	8.581139037635525e+41	2.2158975673998945e+41	1.100164817331304e+41	4.1891509999914175e+40	2.81683352858026e+42	1.3752498248914037e+42	8.581139037635525e+41	5.708067199086912e+41
39367.962737493755	4.461411814913794e+44	7.81132644353562e+42	4.5133391770832377e+42	2.4230955922719167e+42	1.579002696135733e+42	8.654280232599547e+41	2.2373889272477746e+41	1.1112882671532025e+41	4.2332740536815163e+40	2.83608548578124e+42	1.386180110362437e+42	8.654280232599547e+41	5.7591121858188365e+41
40768.96084062647	4.196482158855925e+44	7.844045384909474e+42	4.538660411848083e+42	2.439711869931273e+42	1.5909168532627747e+42	8.726380749721864e+41	2.2587655255185748e+41	1.122382093040745e+41	4.27739243006192e+40	2.8547253629005024e+42	1.3968978945879516e+42	8.726380749721864e+41	5.80960496970341e+41
42219.90504661992	3.942212594645956e+44	7.873419718742928e+42	4.5623935840686883e+42	2.4556446350137505e+42	1.6024481164609695e+42	8.796782203148069e+41	2.2798679616339642e+41	1.133369086610519e+41	4.321219612508294e+40	2.872519347482313e+42	1.407294606711243e+42	8.796782203148069e+41	5.859117129390862e+41
43722.58052961417	3.697962364027851e+44	7.898714962611976e+42	4.584133652971484e+42	2.4706866219925655e+42	1.6134653627307518e+42	8.864791907453104e+41	2.3005283126153196e+41	1.1441678823261272e+41	4.364453754261e+40	2.8892220182358765e+42	1.4172561036501357e+42	8.864791907453104e+41	5.907197700872385e+41
45278.83637294463	3.463206054198406e+44	7.919180565056692e+42	4.6034656159999025e+42	2.4846250603569404e+42	1.623833867703195e+42	8.929697551170137e+41	2.3205737356982512e+41	1.1546947135242356e+41	4.406784100765894e+40	2.9045815368985277e+42	1.4266650819255428e+42	8.929697551170137e+41	5.953382762322319e+41
46890.587855373626	3.2375402720626447e+44	7.934067242004551e+42	4.6199739215155396e+42	2.4972464614913057e+42	1.6334183340616827e+42	8.990783249532904e+41	2.3398304120476287e+41	1.1648653369170934e+41	4.447898158617923e+40	2.9183453205088587e+42	1.4354037151518583e+42	8.990783249532904e+41	5.997205922393434e+41
48559.818818983316	3.020681910395183e+44	7.942644454072758e+42	4.633251964107774e+42	2.50834144947081e+42	1.642085948243128e+42	9.047345749489585e+41	2.3581275285395274e+41	1.1745969759806564e+41	4.48748896090637e+40	2.9302657652726246e+42	1.4433563162581063e+42	9.047345749489585e+41	6.038208908699957e+41
50288.5841216588	2.812458570166463e+44	7.944216872706722e+42	4.642911028356812e+42	2.5177093098186086e+42	1.649709258155321e+42	9.098709682924453e+41	2.3753010248721543e+41	1.1838101497622162e+41	4.525261909474315e+40	2.940105636658081e+42	1.4504118437043545e+42	9.098709682924453e+41	6.0759515334851156e+41
52079.012177197845	2.6127924984593824e+44	7.938138926468075e+42	4.6485881800490736e+42	2.5251619983795227e+42	1.6561687078511237e+42	9.144240993607561e+41	2.3911968898239328e+41	1.192430281425133e+41	4.56094079376506e+40	2.9476428209655246e+42	1.4564661086092984e+42	9.144240993607561e+41	6.110020463638629e+41
53933.30758619446	2.4216799188330457e+44	7.923826816010822e+42	4.649952766936417e+42	2.5305274360629897e+42	1.6613547181823252e+42	9.183357945740997e+41	2.4056738600980516e+41	1.2003890148749519e+41	4.594272716727064e+40	2.952674232511801e+42	1.461423585976141e+42	9.183357945740997e+41	6.140036406993709e+41
55853.75386095792	2.2391678482441044e+44	7.900767686557853e+42	4.646711356186329e+42	2.533651999920563e+42	1.6651692562767117e+42	9.215539408407289e+41	2.418605445867218e+41	1.2076252023385193e+41	4.625031788325181e+40	2.9550187707573914e+42	1.4651987801256427e+42	9.215539408407289e+41	6.165659514323557e+41
57842.7162478465	2.0653304400836416e+44	7.868525912195863e+42	4.6386110818319234e+42	2.5344021961153197e+42	1.6675268844124895e+42	9.240330364361092e+41	2.4298812698668814e+41	1.214085556417317e+41	4.65302156217245e+40	2.9545193104943495e+42	1.4677171360621488e+42	9.240330364361092e+41	6.186592962836217e+41
59902.64465051644	1.9002466291619508e+44	7.826746655740303e+42	4.625441491015433e+42	2.5326655597369546e+42	1.6683553166357842e+42	9.257344792800351e+41	2.4394077565739965e+41	1.2197249844144911e+41	4.67807628176855e+40	2.9510437784294803e+42	1.468915521435618e+42	9.257344792800351e+41	6.2025848187122845e+41
62036.07665771169	1.7439804577137072e+44	7.775157013179887e+42	4.60703505810615e+42	2.5283508677710778e+42	1.667595537781311e+42	9.266266215994571e+41	2.4471082426621983e+41	1.2245066396691145e+41	4.7000610662686e+40	2.9444854183707674e+42	1.4687423267122352e+42	9.266266215994571e+41	6.213428368082545e+41
64245.64067934905	1.5965650078124346e+44	7.71356513638681e+42	4.5832665827971934e+42	2.5213877758207558e+42	1.6652015550290462e+42	9.26684628218645e+41	2.4529226003379787e+41	1.228401734608504e+41	4.71887120308392e+40	2.934762375915115e+42	1.4671572446639408e+42	9.26684628218645e+41	6.218961159923596e+41
66534.05919478623	1.4579904178872154e+44	7.641857760637664e+42	4.554051706831287e+42	2.5117259988480742e+42	1.6611398583112636e+42	9.258901790252847e+41	2.456806473362678e+41	1.2313891642394445e+41	4.734430729644169e+40	2.92181674493665e+42	1.4641307956838628e+42	9.258901790252847e+41	6.2190630260422825e+41
68904.1521172982	1.3281960658831295e+44	7.559996557412777e+42	4.519344781148246e+42	2.4993341548823123e+42	1.6553886650796344e+42	9.242310557477636e+41	2.4587302245776022e+41	1.2334549883197345e+41	4.746690484863373e+40	2.905613216579649e+42	1.459643664739825e+42	9.242310557477636e+41	6.2136533406527024e+41
71358.84027892945	1.2070666857574866e+44	7.46801369946111e+42	4.479136297320414e+42	2.4841983815789492e+42	1.6479370192156218e+42	9.217006501437098e+41	2.4586776862840243e+41	1.2345918168063778e+41	4.755625797207752e+40	2.886137460711876e+42	1.45368591079149e+42	9.217006501437098e+41	6.202687762212128e+41
73901.14904003704	1.0944319587957296e+44	7.366006975814815e+42	4.433450070524502e+42	2.466320821988748e+42	1.6387838053037644e+42	9.182974261531199e+41	2.4566447936281343e+41	1.2347981377054866e+41	4.761233955777338e+40	2.863394353769212e+42	1.4462561020359948e+42	9.182974261531199e+41	6.186154670444328e+41
76534.21202799208	9.900689842148292e+43	7.254134737487282e+42	4.382340330490526e+42	2.4457180602224732e+42	1.627936729557847e+42	9.140243632947077e+41	2.4526381681379662e+41	1.2340776200969509e+41	4.76353158702718e+40	2.837406148356386e+42	1.437360421695045e+42	9.140243632947077e+41	6.1640714769711806e+41
79261.27500966526	8.937069740888867e+43	7.132610896377009e+42	4.3258888453920915e+42	2.4224195716868066e+42	1.6154113085474582e+42	9.08888403195819e+41	2.446673705272821e+41	1.2324384186158304e+41	4.762552035444191e+40	2.8082106610034804e+42	1.427011780218978e+42	9.08888403195819e+41	6.13648095272029e+41
82085.69990248616	8.050335204744352e+43	7.001700144868613e+42	4.2642021739520056e+42	2.3964662374868943e+42	1.6012298973233415e+42	9.028999160745318e+41	2.438775207339447e+41	1.2298924995620905e+41	4.7583428236111e+40	2.7758595366097354e+42	1.4152289614635487e+42	9.028999160745318e+41	6.103447682094716e+41
85010.96892903581	7.237018306413398e+43	6.861713513870114e+42	4.197409114291378e+42	2.367908959038533e+42	1.5854207799652096e+42	8.96072199440552e+41	2.4289730919058386e+41	1.2264550033263725e+41	4.750963246548058e+40	2.7404166320409702e+42	1.4020358229255675e+42	8.96072199440552e+41	6.065054724113658e+41
88040.68892030844	6.493384035453755e+43	6.713004343962684e+42	4.1256583950324173e+42	2.3368073973156507e+42	1.568017338235748e+42	8.884210173887295e+41	2.4173031962487952e+41	1.2221436531311272e+41	4.740482137660213e+40	2.701956547565179e+42	1.3874605637313534e+42	8.884210173887295e+41	6.0214005352738845e+41
91178.59577296098	5.815507131324319e+43	6.555964708129452e+42	4.04911663496743e+42	2.3032288515272257e+42	1.5490573079528807e+42	8.799641856438523e+41	2.403805690452455e+41	1.21697821621668e+41	4.726975829122123e+40	2.6605633233715173e+42	1.3715350687867995e+42	8.799641856438523e+41	5.972596187863937e+41
94428.55906605814	5.199345606837517e+43	6.391022294833883e+42	3.967966582040389e+42	2.2672472842786135e+42	1.528582127830914e+42	8.707212049475407e+41	2.3885241054583117e+41	1.2109800205149017e+41	4.710526317963552e+40	2.6163293092094546e+42	1.35429433326923e+42	8.707212049475407e+41	5.91876290068976e+41
97794.58684301766	4.640808511136223e+43	6.218637736277861e+42	3.882405630028716e+42	2.2289424942092598e+42	1.5066363817533615e+42	8.607129433853932e+41	2.3715044774756993e+41	1.2041715274626584e+41	4.691219640162387e+40	2.569354207950952e+42	1.3357759683504227e+42	8.607129433853932e+41	5.8600298861702296e+41
101280.83056466395	4.1358163167432226e+43	6.039302347925285e+42	3.7926446018464455e+42	2.188399432553489e+42	1.483267332627361e+42	8.499613667833887e+41	2.3527946065703764e+41	1.1965759598521906e+41	4.669144448471657e+40	2.5197442884305118e+42	1.3160197866013197e+42	8.499613667833887e+41	5.796532508199018e+41
104891.59023950876	3.6803530282609836e+43	5.853536230582461e+42	3.698906781104615e+42	2.145707656676596e+42	1.4585245438984247e+42	8.3848931523309e+41	2.3324434246521762e+41	1.1882169823468848e+41	4.644390784949824e+40	2.4676117588220767e+42	1.2950674637391191e+42	8.3848931523309e+41	5.728410738234913e+41
108631.31973759714	3.27050969041166e+43	5.661886675085799e+42	3.601427168222753e+42	2.10096091127375e+42	1.432459583399868e+42	8.263203230964994e+41	2.3105004663875597e+41	1.179118431463129e+41	4.617049036057609e+40	2.4130742889236462e+42	1.2729622721714058e+42	8.263203230964994e+41	5.655807892525084e+41
112504.63229448309	2.9025194211281356e+43	5.464926800951766e+42	3.500451933388979e+42	2.0542568262731666e+42	1.405125803276029e+42	8.134784793887565e+41	2.287015435511753e+41	1.1693040913064162e+41	4.5872090562595585e+40	2.3562546676727876e+42	1.2497488809977338e+42	8.134784793887565e+41	5.578869630499687e+41
116516.30621213405	2.5727844221482526e+43	5.263254353819506e+42	3.3962380357647115e+42	2.0056967194242374e+42	1.3765781891683981e+42	7.999883251963594e+41	2.262037858502131e+41	1.1587975111010136e+41	4.55495944513192e+40	2.2972805808511322e+42	1.2254732166738824e+42	7.999883251963594e+41	5.49774319291823e+41
120671.29076380709	2.277895640244561e+43	5.057490581693979e+42	3.2890529762029656e+42	1.9553854909035398e+42	1.3468732715798377e+42	7.858747847027755e+41	2.235616817459843e+41	1.1476218604992014e+41	4.520386962775228e+40	2.2362844930504367e+42	1.2001823783325733e+42	7.858747847027755e+41	5.4125768579236495e+41
124974.71231019172	2.014645884328319e+43	4.8482791064986874e+42	3.179174649110195e+42	1.903431596876897e+42	1.3160690922319104e+42	7.711631264081706e+41	2.207800754199347e+41	1.1357998187345477e+41	4.483576068621647e+40	2.1734036173794143e+42	1.1739246016979538e+42	7.711631264081706e+41	5.323519593418473e+41
129431.88063437474	1.7800372651245567e+43	4.636284705147131e+42	3.0668912577689106e+42	1.849947088713925e+42	1.2842252182392395e+42	7.558789512115227e+41	2.1786373378833636e+41	1.1233534938538574e+41	4.444608569363912e+40	2.108779955973373e+42	1.1467492655731747e+42	7.558789512115227e+41	5.230720884897996e+41
134048.29550345402	1.5712838317683323e+43	4.422191913384163e+42	2.9525012564281387e+42	1.7950477044314456e+42	1.251402797021892e+42	7.40048204161082e+41	2.14817338904202e+41	1.110304368514096e+41	4.403563362677457e+40	2.042560394093432e+42	1.118706935002707e+42	7.40048204161082e+41	5.134330718993569e+41
138829.65346490743	1.3858102481286322e+43	4.206703366039192e+42	2.836313281642219e+42	1.738852998854341e+42	1.2176646450021372e+42	7.23697206841262e+41	2.1164548534038716e+41	1.0966732691271356e+41	4.360516264522927e+40	1.9748968303676305e+42	1.0898494353614412e+42	7.23697206841262e+41	5.034499704289598e+41
143781.85488611416	1.221247293076895e+43	3.990537788716812e+42	2.7186460343365545e+42	1.6814864986966055e+42	1.1830753631315145e+42	7.068527074663992e+41	2.0835268194324512e+41	1.0824803553731314e+41	4.3155399087146237e+40	1.9059463252692883e+42	1.0602299516654712e+42	7.068527074663992e+41	4.931379311925961e+41
148911.01124572533	1.0754248949252021e+43	3.7744275602878266e+42	2.599828073907451e+42	1.6230758687834228e+42	1.1477014724896976e+42	6.895419459696998e+41	2.0494335742544605e+41	1.0677451275045982e+41	4.2687037089576392e+40	1.8358712498428943e+42	1.029903147616668e+42	6.895419459696998e+41	4.825122220247908e+41
154223.45268589302	9.463633266056795e+42	3.559115770651993e+42	2.4801974848686372e+42	1.5637530751155563e+42	1.1116115630314872e+42	6.717927314040043e+41	2.014218693012221e+41	1.052486449048e+41	4.2200738742632444e+40	1.7648394160007355e+42	9.989252987953175e+41	6.717927314040043e+41	4.715882748298644e+41
159725.73583468897	8.32263103418582e+42	3.345352707553852e+42	2.3601013770236103e+42	1.503654530381733e+42	1.0748764486495404e+42	6.5363352914511424e+41	1.977925157429496e+41	1.0367225828997851e+41	4.1697134701391384e+40	1.6930241695604762e+42	9.67354434542536e+41	6.5363352914511424e+41	4.6038173644895044e+41
165424.65190837777	7.314940413440947e+42	3.133891717289629e+42	2.2398951802748794e+42	1.4429212069111166e+42	1.0375693214386413e+42	6.350935553606238e+41	1.9405954996617638e+41	1.0204712389742299e+41	4.117682518579594e+40	1.6206044264902535e+42	9.352504828722957e+41	6.350935553606238e+41	4.489085257022015e+41
171327.23510355654	6.425838559665906e+42	2.925484400238807e+42	2.1199416968699334e+42	1.3816987018852291e+42	9.9976589800432e+41	6.162028763091888e+41	1.9022719681584304e+41	1.0037496319101583e+41	4.0640381312319985e+40	1.547764632709459e+42	9.02675412756803e+41	6.162028763091888e+41	4.3718489537752825e+41
177440.7712895295	5.642066099916118e+42	2.720875120853759e+42	2.0006098756330787e+42	1.3201372389872227e+42	9.615445502355394e+41	5.969925099204661e+41	1.8629967124057043e+41	9.865745474443512e+40	4.0088346705382953e+40	1.4746946272213714e+42	8.696933677913389e+41	5.969925099204661e+41	4.252274979102093e+41
183772.80701165897	4.951712538690115e+42	2.5207948363144406e+42	1.8822732766201133e+42	1.2583915906268321e+42	9.229864128401751e+41	5.774945271437052e+41	1.8228119839932718e+41	9.68962416380137e+40	3.95212393491462e+40	1.401589388595858e+42	8.363707851616702e+41	5.774945271437052e+41	4.1305345357479185e+41
190331.1588168171	4.3441044783134644e+42	2.3259542754853795e+42	1.765308199013035e+42	1.1966209044443864e+42	8.8417545943516e+41	5.577421503529025e+41	1.7817603514421537e+41	9.5092939512013e+40	3.8939553642522222e+40	1.3286486447424244e+42	8.02776493398247e+41	5.577421503529025e+41	4.006804199303782e+41
197123.9229124617	3.8096980614250844e+42	2.1370365329945986e+42	1.650091452124342e+42	1.1349884181304736e+42	8.451985388316376e+41	5.377698460582671e+41	1.7398849266742129e+41	9.324914520020293e+40	3.834376263126461e+40	1.2560763268898565e+42	7.689817822537023e+41	5.377698460582671e+41	3.881266612879504e+41
204159.4851712714	3.339976637194888e+42	1.9546891786096018e+42	1.536997757443001e+42	1.0736610467210244e+42	8.061453626737176e+41	5.176134089012853e+41	1.6972296008513156e+41	9.136644586592056e+40	3.7734320391354463e+40	1.1840798496094853e+42	7.350604375723975e+41	5.176134089012853e+41	3.754111168363446e+41
211446.53149370215	2.927354321859639e+42	1.7795160216122554e+42	1.4263967808062317e+42	1.0128088276332984e+42	7.671084355405067e+41	4.973100338140317e+41	1.6538392876210208e+41	8.944642858480576e+40	3.711166454745153e+40	1.112869200982743e+42	7.01088733898694e+41	4.973100338140317e+41	3.6255346604379546e+41
218994.05854127067	2.5650858509276016e+42	1.612068709552756e+42	1.3186498065174317e+42	9.526042099983615e+41	7.281829184382843e+41	4.768983729666238e+41	1.6097601716744655e+41	8.749069031954349e+40	3.647621891205055e+40	1.0426558297103783e+42	6.6714537728579915e+41	4.768983729666238e+41	3.49574189815608e+41
226811.3848538267	2.2471829029023303e+42	1.4528383797647355e+42	1.214106080261527e+42	8.932211768524413e+41	6.894664166176472e+41	4.564185738685084e+41	1.565039960331012e+41	8.550084823098968e+40	3.582839623230636e+40	9.736513197103334e+41	6.333113905964562e+41	4.564185738685084e+41	3.3649462573649506e+41
234908.16236455203	1.9683369063169966e+42	1.3022476185414915e+42	1.1130988653254075e+42	8.348341919159261e+41	6.510586831350186e+41	4.359122948725353e+41	1.519728135967132e+41	8.347855028477514e+40	3.516860103907778e+40	9.060658480456745e+41	5.996699337764647e+41	4.359122948725353e+41	3.233370156502807e+41
243294.38832691524	1.723848210108393e+42	1.1606430117810886e+42	1.015941275066059e+42	7.776169662470347e+41	6.1306123000643495e+41	4.154226940266741e+41	1.4738762065720172e+41	8.142548609633297e+40	3.4497232588889914e+40	8.401064279536307e+41	5.663060516507628e+41	4.154226940266741e+41	3.1012454360019013e+41
251980.41766831934	1.5095614034344327e+42	1.0282885918272252e+42	9.229219651165985e+41	7.217410452763678e+41	5.7557684005917516e+41	3.949943872136066e+41	1.4275379518003993e+41	7.934339797324065e+40	3.3814687898259876e+40	7.759749467040214e+41	5.333063425203118e+41	3.949943872136066e+41	2.9688136209272078e+41
260976.97578570826	1.3218065000042509e+42	9.053604913800546e+41	8.343007881922482e+41	6.673742221804864e+41	5.387089737249157e+41	3.746733712441389e+41	1.3807696609836541e+41	7.723409208049293e+40	3.312136486013156e+40	7.138660162887038e+41	5.007585413778357e+41	3.746733712441389e+41	2.8363260436028633e+41
270295.171798943	1.1573456595995807e+42	7.919431081496298e+41	7.503045345847859e+41	6.1467879121158986e+41	5.025610674890709e+41	3.545069078617341e+41	1.3336303598800243e+41	7.509944968348718e+40	3.241766544677668e+40	6.539646656529839e+41	4.687510132088757e+41	3.545069078617341e+41	2.7040438034469427e+41
279946.5122783248	1.0133250882711305e+42	6.880270553626389e+41	6.7112289715244384e+41	5.638096618883575e+41	4.6723572282462526e+41	3.34543364477245e+41	1.286182021650657e+41	7.294143837182138e+40	3.1703998987554083e+40	5.964439132532524e+41	4.3737215309852305e+41	3.34543364477245e+41	2.5722375381272034e+41
289942.91546322743	8.872317478594817e+41	5.935091275505329e+41	5.969048133390421e+41	5.14912364288209e+41	4.328337880575247e+41	3.1483200799129257e+41	1.2384897576247897e+41	7.076212318433141e+40	3.0980785520830114e+40	5.414622707106782e+41	4.067096924038745e+41	3.1483200799129257e+41	2.4411869809685996e+41
300296.7259894091	7.768545019462978e+41	5.081944438573113e+41	5.277553436996074e+41	4.681209848175202e+41	3.99453339370217e+41	2.954227485044533e+41	1.1906219826302667e+41	6.856367752918302e+40	3.024845921385745e+40	4.8916123947675626e+41	3.768499128832155e+41	2.954227485044533e+41	2.311180278907475e+41
311020.73014320136	6.8024933112771435e+41	4.3180084607599545e+41	4.637332463524888e+41	4.235560812587888e+41	3.671885716439587e+41	2.7636583046095843e+41	1.142650549023754e+41	6.634839377226687e+40	2.950747184157359e+40	4.3966287306142955e+41	3.4787677396081266e+41	2.7636583046095843e+41	2.1825130458658017e+41
322128.1716614253	5.957082622588502e+41	3.639655288272194e+41	4.048493979372152e+41	3.813226348532569e+41	3.3612861483520634e+41	2.5771146976030506e+41	1.0946508428091402e+41	6.411869333907649e+40	2.8758296309828043e+40	3.9306748643600476e+41	3.1987096208957785e+41	2.5771146976030506e+41	2.055487127774824e+41
333632.7680965573	5.217316738673743e+41	3.0425377109037914e+41	3.51066193804913e+41	3.4150810563603806e+41	3.063562974020378e+41	2.3950943692853418e+41	1.0467018353268628e+41	6.187713618742267e+40	2.8001430219096134e+40	3.494516014586431e+41	2.929088758123866e+41	2.3950943692853418e+41	1.930409059968178e+41
345548.72776736686	4.5700365657172765e+41	2.5216952576907233e+41	3.0229803032458215e+41	3.0418066262308494e+41	2.7794688335087158e+41	2.2180858771100456e+41	9.988860823098805e+40	5.96264294244583e+40	2.723739943794802e+40	3.088662196061477e+41	2.6706156424110507e+41	2.2180858771100456e+41	1.8075881993045055e+41
357890.7673159728	4.003701304747359e+41	2.0716752013304602e+41	2.5841293470414603e+41	2.6938766484705225e+41	2.509668156378939e+41	2.0465634479281667e+41	9.512896627796379e+40	5.736943487323456e+40	2.6466761673811204e+40	2.7133551317702498e+41	2.4239364205764758e+41	2.0465634479281667e+41	1.6873345220310364e+41
370674.12989301095	3.5081944185324584e+41	1.6866642880949326e+41	2.1923535995960905e+41	2.371544690954817e+41	2.2547250350253272e+41	1.8809813645490352e+41	9.04002049446485e+40	5.510917534194146e+40	2.5690110013993126e+40	2.3685601961276313e+41	2.1896220866965295e+41	1.8809813645490352e+41	1.5699560850495794e+41
383914.6039933852	3.0746518309754258e+41	1.3606261334806314e+41	1.845501089708256e+41	2.074836363002156e+41	2.015091954926914e+41	1.7217680045338528e+41	8.571159019842624e+40	5.284883931317146e+40	2.4908076400990545e+40	2.0539641176032452e+41	1.9681580349848322e+41	1.7217680045338528e+41	1.4557561576784446e+41
397628.54296587675	2.6953100164652433e+41	1.087438847957287e+41	1.541072949252349e+41	1.8035460029182313e+41	1.791099829803239e+41	1.5693196419478852e+41	8.107267749017861e+40	5.05917837566137e+40	2.4121335004905103e+40	1.768978995153922e+41	1.759934331690333e+41	1.5693196419478852e+41	1.3450300433324903e+41
411832.8852207175	2.3633718441484514e+41	8.610274224839529e+40	1.2762818931489368e+41	1.557238494989757e+41	1.582949801381438e+41	1.4239941510374392e+41	7.64932732339642e+40	4.834153475424782e+40	2.3330605453247047e+40	1.5127529526842657e+41	1.5652370898795831e+41	1.4239941510374392e+41	1.2380616245809232e+41
426545.17516009946	2.0728882370698175e+41	6.754857264070543e+40	1.0481175733161717e+41	1.3352565421356683e+41	1.3907072515813015e+41	1.2861047775332966e+41	7.198338628849291e+40	4.610178560495861e+40	2.2536655870982984e+40	1.2841874769679187e+41	1.384241340823711e+41	1.2861047775332966e+41	1.135119680210722e+41
441783.58485748124	1.8186538825340633e+41	5.2518363218396395e+40	8.53416381336713e+40	1.1367334952784138e+41	1.2142984331008025e+41	1.1559141645285705e+41	6.75531687596066e+40	4.387639199746372e+40	2.1740305650708065e+40	1.0819611679955765e+41	1.2170057828368966e+41	1.1559141645285705e+41	1.036454037053981e+41
457566.93651248096	1.5961154258783675e+41	4.0485575188752877e+40	6.889330018927411e+40	9.60611600392525e+40	1.0535100681177634e+41	1.0336288465042377e+41	6.321284587110416e+40	4.1669363967773177e+40	2.0942427919914888e+40	9.045593166367108e+40	1.063469766393971e+41	1.0336288465042377e+41	9.42291641740774e+40
473914.7257091023	1.4012907160035577e+41	3.096694293063356e+40	5.514108835616703e+40	8.056652437085962e+40	9.079921599991011e+40	9.193944304838222e+40	5.897263462772925e+40	3.948485422038696e+40	2.0143951608358576e+40	7.503083939837932e+40	9.234528094553362e+40	9.193944304838222e+40	8.528326488762298e+40
490847.14550603135	1.2306978320349038e+41	2.3527092452099526e+40	4.376488601423637e+40	6.705285148750243e+40	7.772641470705095e+40	8.132916904542794e+40	5.48426514209155e+40	3.7327142475851764e+40	1.9345863038437654e+40	6.174142588266104e+40	7.96656862038237e+40	8.132916904542794e+40	7.682466404395936e+40
508385.11138877406	1.081292755144965e+41	1.7781001779042365e+40	3.4456139649892357e+40	5.537261621155401e+40	6.607243845655915e+40	7.153337934365445e+40	5.083280910410983e+40	3.5200615546387972e+40	1.8549206958298415e+40	5.040026625196307e+40	6.826714364347314e+40	7.153337934365445e+40	6.886691043128135e+40
526550.2871144642	9.504146654409411e+40	1.3394444516783763e+40	2.6923033659736306e+40	4.537068058649356e+40	5.576627797731514e+40	6.254648516678394e+40	4.695270436390568e+40	3.310974281936624e+40	1.7755086901189855e+40	4.0816047889593167e+40	5.809815942306968e+40	6.254648516678394e+40	6.141983063808703e+40
545365.1114812788	8.357379675138433e+40	1.008265777912672e+40	2.0894657943822518e+40	3.6887714125870534e+40	4.672762495080812e+40	5.435599653169134e+40	4.3211496896936944e+40	3.1059047012449846e+40	1.6964664797172058e+40	3.2797604136800824e+40	4.909786527686799e+40	5.435599653169134e+40	5.448926980771048e+40
564852.8260555364	7.35230233511575e+40	7.607548165118389e+39	1.612407316989851e+40	2.976357845713407e+40	3.886865061024926e+40	4.694268648230861e+40	3.9617782139275636e+40	2.905306999280444e+40	1.6179159689221926e+40	2.6157701266471003e+40	4.119733272416617e+40	4.694268648230861e+40	4.807689926820547e+40
585037.5038907435	6.471153596405068e+40	5.773793109107325e+39	1.2390246096206335e+40	2.3840544537209486e+40	3.2095955099253497e+40	4.02809207491424e+40	3.6179460147286737e+40	2.709633374234925e+40	1.539984547601651e+40	2.0716437609370333e+40	3.432108995659518e+40	4.02809207491424e+40	4.2180103834422463e+40
605944.0792740698	5.698413016366413e+40	4.424206720356061e+39	9.498891445649533e+39	1.8966220368818025e+40	2.6312614459396377e+40	3.433915064425724e+40	3.2903603554509477e+40	2.519329656519964e+40	1.4628047547955122e+40	1.6304137763075243e+40	2.8388788206334225e+40	3.433915064425724e+40	3.679195921372466e+40
627598.378537015	5.0205183197130815e+40	3.4347234692441394e+39	7.282314555096691e+39	1.499608574323334e+40	2.1420246058943576e+40	2.90805594081069e+40	2.9796328116350084e+40	2.3348304838220267e+40	1.3865138199381292e+40	1.2763657002991473e+40	2.3316955524381205e+40	2.90805594081069e+40	3.1901307277135115e+40
650027.1519683327	4.42561830154348e+40	2.709314029715395e+39	5.598395176983149e+39	1.1795555600786133e+40	1.732101203704283e+40	2.4463844516652976e+40	2.6862669915457603e+40	2.156554086533628e+40	1.3112530735805768e+40	9.952047725769261e+39	1.9020770504776792e+40	2.4463844516652976e+40	2.749293352229564e+40
673258.1068686479	3.903356679009515e+40	2.175091743958306e+39	4.328884139981518e+39	9.24152260291295e+39	1.391948366580807e+40	2.044411062803258e+40	2.4106473442113937e+40	1.984896748700773e+40	1.2371672149874974e+40	7.74157746693315e+39	1.5415786629046624e+40	2.044411062803258e+40	2.354784645562865e+40
697319.9417876112	3.4446831030624148e+40	1.7778037970057004e+39	3.3772008490631584e+39	7.223361316408657e+39	1.112429867794024e+40	1.6973841827379535e+40	2.1530295166404796e+40	1.8202270454070793e+40	1.1644034313668392e+40	6.020124873331396e+39	1.2419541266999556e+40	1.6973841827379535e+40	2.004365425406038e+40
722242.3819858939	3.0416879463365236e+40	1.477834639660437e+39	2.6659199943720936e+39	5.64340696991312e+39	8.849556426933707e+39	1.400391676096462e+40	1.9135327068537083e+40	1.6628799721390031e+40	1.0931103617235472e+40	4.691011706893702e+39	9.952990329091011e+39	1.400391676096462e+40	1.695502896272399e+40
748056.2161658437	2.6874579288957075e+40	1.2467873760807526e+39	2.134123040944107e+39	4.4169496876241873e+39	7.01591236854462e+39	1.148462772930706e+40	1.6921344482183265e+40	1.5131511128551656e+40	1.0234369051992945e+40	3.6723542585712586e+39	7.941720785176885e+39	1.148462772930706e+40	1.425424398708604e+40
774793.3345161852	2.375949964081185e+40	1.0646558959090647e+39	1.734766383973177e+39	3.471807555641531e+39	5.551351532791848e+39	9.366664274759223e+39	1.488668197802707e+40	1.3712910063453691e+40	9.555308737688843e+39	2.896034175250402e+39	6.31690697675747e+39	9.366664274759223e+39	1.1911766309793697e+40
802486.7681177778	2.1018809572905075e+40	9.175596534957947e+38	1.4321876070291546e+39	2.747558051155348e+39	4.3916396194882917e+39	7.602024141861762e+39	1.3028240354781882e+40	1.2374998953159943e+40	8.895374974742167e+39	2.3063966914281008e+39	5.0159924725761795e+39	7.602024141861762e+39	9.896881784150816e+39
831170.729759119	1.8606315509552601e+40	7.959848017845396e+38	1.1998374462378762e+39	2.194515989526867e+39	3.4804679421405103e+39	6.144818949924223e+39	1.1341526698132632e+40	1.111923050199005e+40	8.255977939294977e+39	1.8587834104812303e+39	3.9830952118716494e+39	6.144818949924223e+39	8.178329722967741e+39
860880.6562120289	1.6481620663892963e+40	6.934594474512475e+38	1.0182916415670397e+39	1.772547627698298e+39	2.769323706517823e+39	4.9519485901942276e+39	9.820728232606875e+39	9.946468668845614e+39	7.638468216004655e+39	1.5179985641501696e+39	3.16914895234389e+39	4.9519485901942276e+39	6.72492244069095e+39
891653.2520197539	1.4609391122223876e+40	6.055852196351629e+38	8.73566604837518e+38	1.4498054776835222e+39	2.2171287852171627e+39	3.983626508348001e+39	8.458819249556869e+39	8.856959340769603e+39	7.044118442110758e+39	1.2567936584191805e+39	2.5318072117161452e+39	3.983626508348001e+39	5.506126327451727e+39
923526.5348515923	1.295871494468001e+40	5.293496644075488e+38	7.557377441175791e+38	1.201457988645743e+39	1.7896975325671952e+39	3.2037469080346135e+39	7.247698722613443e+39	7.850312417373276e+39	6.47410436272687e+39	1.0544376221336947e+39	2.0351459825950444e+39	3.2037469080346135e+39	4.492583312359239e+39
956539.8824800886	1.1502542694459494e+40	4.626517297448955e+38	6.578406511724987e+38	1.0084744912759794e+39	1.459067430333545e+39	2.5800942054929453e+39	6.178354834617283e+39	6.925496872350102e+39	5.929485736901599e+39	8.954204232633655e+38	1.649208305005298e+39	2.5800942054929453e+39	3.656555504085443e+39
990734.0814388416	1.0217199061161173e+40	4.039831039781758e+38	5.750230445314394e+38	8.565100063126962e+38	1.2027551925506033e+39	2.0844034401521617e+39	5.2410511067092143e+39	6.080849906321564e+39	5.411187573031598e+39	7.683191640347873e+38	1.3494365687716227e+39	2.0844034401521617e+39	2.97228045180953e+39
1026151.3774210471	9.081956527287535e+39	3.5221959261496245e+38	5.039090397416246e+38	7.349186696961401e+38	1.002986352213524e+39	1.6922875689770085e+39	4.4255275978150746e+39	5.3141007984434676e+39	4.9199822288807087e+39	6.648387586316329e+38	1.1160377368351115e+39	1.6922875689770085e+39	2.4162298787899498e+39
1062835.527481054	8.078663173038794e+39	3.0648759352132564e+38	4.421358914322389e+38	6.3590994786245185e+38	8.459390952513544e+38	1.3830530538540495e+39	3.7212097677008126e+39	4.622409475114612e+39	4.456472958201478e+39	5.7902544049916585e+38	9.333229408148613e+38	1.3830530538540495e+39	1.9672703615399496e+39
1100831.8541034337	7.191417812086548e+39	2.6608020506443837e+38	3.88025540858339e+38	5.5384954182051794e+38	7.210342393218178e+38	1.1394286222727689e+39	3.1174171894315114e+39	4.0024192064367285e+39	4.0210795416496715e+39	5.066410991120753e+38	7.89056860069326e+38	1.1394286222727689e+39	1.6067298326317097e+39
1140187.3012063724	6.406286450674571e+39	2.304051532280606e+38	3.403577395326798e+38	4.846974210909907e+38	6.202937270432912e+38	9.472333614163215e+38	2.6035642782281887e+39	3.4503221414327393e+39	3.614026630918863e+39	4.446797955922514e+38	6.738447358043314e+38	9.472333614163215e+38	1.3183784405244797e+39
1180950.4921485882	5.711054726057538e+39	1.9895255686788817e+38	2.9821707470106528e+38	4.2556900013995206e+38	5.3778080236622656e+38	7.950096057978956e+38	2.169345656853789e+39	2.961935692975134e+39	3.235335376076307e+39	3.910044576253186e+38	5.805767411198501e+38	7.950096057978956e+38	1.08833595998788e+39
1223171.7898114459	5.095011758056651e+39	1.7127479256031453e+38	2.6089201908017406e+38	3.744019314284359e+38	4.691269556348482e+38	6.736437866421092e+38	1.8048997933573704e+39	2.5327872453198e+39	2.884818870549685e+39	3.440811508781871e+38	5.039415884986207e+38	6.736437866421092e+38	9.049204924077359e+38
1266903.3588305104	4.548761568209377e+39	1.4697363918379347e+38	2.2780949267490124e+38	3.2970984338601924e+38	4.111441748586383e+38	5.7599487324748705e+38	1.5009459591748955e+39	2.158204260146386e+39	2.5620819028201114e+39	3.0278968484491754e+38	4.400142731399763e+38	5.7599487324748705e+38	7.58454446209912e+38
1312199.230053437	4.064058275498126e+39	1.2569173076450147e+38	1.9849290477412465e+38	2.9040489125810678e+38	3.6151610589963396e+38	4.965455587044242e+38	1.248890964120797e+39	1.8334063417682184e+39	2.266525217982874e+39	2.6629178281624016e+38	3.859169953625095e+38	4.965455587044242e+38	6.410435700450205e+38
1359115.367303839	3.633662291015943e+39	1.071066194123191e+38	1.725353843588036e+38	2.556729654793938e+38	3.1855882569098007e+38	4.310869549435619e+38	1.0409041711476106e+39	1.5535959692782892e+39	1.997354512525986e+39	2.3394132511446885e+38	3.395482367956839e+38	4.310869549435619e+38	5.463439082351419e+38
1407709.7365336362	3.251214726001257e+39	9.092642362972734e+37	1.4958258188796532e+38	2.2488780220032528e+38	2.8104034738756766e+38	3.764430253156233e+38	8.699608803576418e+38	1.314044514711401e+39	1.753594066430922e+39	2.05224333057919e+38	2.993721285450935e+38	3.764430253156233e+38	4.6932942058426235e+38
1458042.377449324	2.911127643434552e+39	7.688647542700283e+37	1.2932140968087709e+38	1.9755294587462116e+38	2.4804779612419222e+38	3.30237135905083e+38	7.298558564659031e+38	1.11017049737441e+39	1.5341047274530382e+39	1.7971937202078474e+38	2.6425891218389763e+38	3.30237135905083e+38	4.0607052477321975e+38
1510175.4777006733	2.6084882366005758e+39	6.47466374589327e+37	1.1147245639835373e+38	1.7326309778655952e+38	2.1889194061644296e+38	2.9070001582829414e+38	6.151902326797437e+38	9.376075818098136e+38	1.3376058165177876e+39	1.5707162691919293e+38	2.3336707437431798e+38	2.9070001582829414e+38	3.53531100612609e+38
1564173.449723528	2.3389751263201522e+39	5.428908012056136e+37	9.578466904600714e+37	1.5167858100278845e+38	1.9304000485716742e+38	2.565160800342327e+38	5.213359997882238e+38	7.922603849183748e+38	1.1627002708944065e+39	1.3697590672976116e+38	2.0605824470933444e+38	2.565160800342327e+38	3.0938869932895523e+38
1620103.0103316517	2.098785145138545e+39	4.531638330379433e+37	8.203144863068129e+37	1.3250846309306213e+38	1.700692147491931e+38	2.267036069649125e+38	4.4438292476395765e+38	6.703468627374082e+38	1.0079021457101083e+39	1.1916536508918246e+38	1.8183699226590082e+38	2.267036069649125e+38	2.718802036109415e+38
1678033.2631559675	1.8845694341170945e+39	3.7649892640265375e+37	7.000767775724639e+37	1.1549932257921442e+38	1.4963515505080145e+38	2.0052362597309894e+38	3.810730947174347e+38	5.684269331128396e+38	8.716655767919093e+38	1.0340387117909523e+38	1.603090107672659e+38	2.0052362597309894e+38	2.3967318820245504e+38
1738035.7840330624	1.6933775009418398e+39	3.1128256654899873e+37	5.952735514954548e+37	1.0042760661449851e+38	1.3145037430844752e+38	1.7741217367943037e+38	3.2872800807366496e+38	4.83417573178497e+38	7.524140832356939e+38	8.94806670388291e+37	1.4115244031145129e+38	1.7741217367943037e+38	2.117615490335051e+38
1800184.7094484551	1.5226083628392975e+39	2.5606113791829725e+37	5.042166970267715e+37	8.709430004917812e+37	1.1526996388481176e+38	1.5693099236607473e+38	2.8517281710323082e+38	4.125954449990653e+38	6.485692115591175e+38	7.72065019473018e+37	1.2409838067103127e+38	1.5693099236607473e+38	1.873830042213338e+38
1864556.8281439247	1.369967785054157e+39	2.0952890386430053e+37	4.25373851555498e+37	7.53210652347462e+37	1.008817623950539e+38	1.38732279745764e+38	2.486615467738348e+38	3.535885343004955e+38	5.585774651737072e+38	6.641071606608396e+37	1.0891765639666766e+38	1.38732279745764e+38	1.6595541244845007e+38
1931231.6760020792	1.2334308534025237e+39	1.7051687890549816e+37	3.573546048453445e+37	6.494734342623583e+37	8.809959958173885e+37	1.2253385315175908e+38	2.1780633639646514e+38	3.0435872693198145e+38	4.8093462079031995e+38	5.693896231688432e+37	9.541176936775407e+37	1.2253385315175908e+38	1.4702869850823063e+38
2000291.634325421	1.1112092566321527e+39	1.3798244314273858e+37	2.9889856834086294e+37	5.582810800100776e+37	7.675853289191628e+37	1.081018378541392e+38	1.9151288656351716e+38	2.631774780166417e+38	4.1420671327081895e+38	4.865137862257416e+37	8.340662796497136e+37	1.081018378541392e+38	1.3024929243996134e+38
2071822.031631337	1.0017226478610711e+39	1.1099954005888467e+37	2.4886487268450546e+37	4.783206554310092e+37	6.6711383343202985e+37	9.52386495632745e+37	1.689234180009519e+38	2.2859673725383348e+38	3.570471302766085e+38	4.1421081273549735e+37	7.27480953662388e+37	9.52386495632745e+37	1.1533427055633918e+38
2145911.2490887986	9.035735072982741e+38	8.874934397168882e+36	2.0622275790173315e+37	4.084017260633918e+37	5.782612365884256e+37	8.3774621576859845e+37	1.4936769793473942e+38	1.9941718619916544e+38	3.082094749457861e+38	3.5132892451308765e+37	6.329872694275799e+37	8.3774621576859845e+37	1.020527965977095e+38
2222650.8297270564	8.15525187487298e+38	7.051138850509529e+36	1.7004313248348588e+37	3.474440303481049e+37	4.998386237516745e+37	7.356213496857126e+37	1.3232214003434413e+38	1.7465569327775363e+38	2.665561752146714e+38	2.9682261800098794e+37	5.493532035031881e+37	7.356213496857126e+37	9.021295208177782e+37
2302135.591551271	7.364826486453967e+38	5.565507037321278e+36	1.3949084087263866e+37	2.9446697029759447e+37	4.3077231247159e+37	6.447142000197946e+37	1.1737645509540854e+38	1.5351349091631268e+38	2.3106293594098825e+38	2.4974330721223947e+37	4.754700623785322e+37	6.447142000197946e+37	7.965241537063028e+37
2384463.7447048486	6.6547556346985194e+38	4.36315204927586e+36	1.1381752268026895e+37	2.485805586726762e+37	3.7009066847072452e+37	5.63874852337694e+37	1.0420707291731437e+38	1.3534627223387704e+38	2.008193798932428e+38	2.0923113192666433e+37	4.103372127992874e+37	5.63874852337694e+37	7.023185451105537e+37
2469737.012823256	6.016435077287447e+38	3.396584035232048e+36	9.235496433798595e+36	2.0897754748745217e+37	3.169131397514511e+37	4.9207812720654405e+37	9.255639555721068e+37	1.1963703504411575e+38	1.7502637471911524e+38	1.745077207210311e+37	3.53049606401906e+37	4.9207812720654405e+37	6.183020622461494e+37
2558060.758729266	5.442229656741146e+38	2.6249704255954263e+36	7.450885258475006e+36	1.7492650310467908e+37	2.7044098666740245e+37	4.2840578190909415e+37	8.221689251336402e+37	1.0597214821451199e+38	1.5299063819074917e+38	1.4486972135926673e+37	3.027873862320246e+37	4.2840578190909415e+37	5.434125041212087e+37
2649544.114624945	4.925359324307114e+38	2.013434073906686e+36	5.97528713046138e+36	1.457656611255686e+37	2.2994936139310113e+37	3.720324153451721e+37	7.30190966578719e+37	9.402082470300287e+37	1.3411727769743362e+38	1.1968296437075945e+37	2.588071122893293e+37	3.720324153451721e+37	4.767107534572763e+37
2744300.1169412625	4.459798801983516e+38	1.5323903302519534e+36	4.7623083122125206e+36	1.2089739415265264e+37	1.9478043603849408e+37	3.222139962827461e+37	6.48226452276079e+37	8.351793366308034e+37	1.1790090790182626e+38	9.837712298796944e+36	2.2043422805554347e+37	3.222139962827461e+37	4.1736151026218817e+37
2842445.8460119427	4.040189788124815e+38	1.1569257839895929e+36	3.771259059813701e+36	9.978323068706894e+36	1.6433745210882756e+37	2.782784347341084e+37	5.750966120222215e+37	7.424994309918301e+37	1.039159927762579e+38	8.044082213751111e+36	1.8705659963467299e+37	2.782784347341084e+37	3.6461837901141933e+37
2944102.5707441545	3.661763458839836e+38	8.66219089674056e+35	2.9666429662471254e+36	8.193927585133017e+36	1.380794540671278e+37	2.396176165069082e+37	5.097986727572195e+37	6.604363132948221e+37	9.180693119806835e+37	6.541707392512154e+36	1.5811885107591984e+37	2.396176165069082e+37	3.178119373332887e+37
3049395.898464801	3.3202724198317313e+38	6.430059557077451e+35	2.317670540951961e+36	6.69319986470022e+36	1.155166368409978e+37	2.056806529806953e+37	4.514698221682229e+37	5.875719021451419e+37	8.127835955278005e+37	5.2899015473574917e+36	1.3311740853646683e+37	2.056806529806953e+37	2.7634005327551896e+37
3158455.9301275685	3.0119309531644577e+38	4.730889513213503e+35	1.7977964749741514e+36	5.437432105308741e+36	9.620620004880069e+36	1.7596810520860225e+37	3.993604670019892e+37	5.227331694247685e+37	7.208601822273825e+37	4.2525899823334256e+36	1.1159612985599582e+37	1.7596810520860225e+37	2.396598878234015e+37
3271417.421072526	2.7333621912628172e+38	3.4489214895487124e+35	1.3842800849438252e+36	4.3921942133826484e+36	7.974859520235804e+36	1.5002696002641094e+37	3.5281409377071895e+37	4.6493903188258155e+37	6.402840901356845e+37	3.397929026537411e+36	9.314238992376929e+36	1.5002696002641094e+37	2.0728114077795689e+37
3388419.947536919	2.481551775787498e+38	2.490606485161846e+35	1.0577706343173494e+36	3.5269885403522806e+36	6.578413450614681e+36	1.2744628079697373e+37	3.1125194614722655e+37	4.133599464764067e+37	5.693940019213766e+37	2.697945477417261e+36	7.738358464054056e+36	1.2744628079697373e+37	1.787603408728031e+37
3509608.0791229066	2.2538068789315298e+38	1.781037949891693e+35	8.019175565808864e+35	2.814922334280081e+36	5.398987512440122e+36	1.078533806241776e+37	2.7416109525870145e+37	3.672872225957013e+37	5.068182101941476e+37	2.1281929103424985e+36	6.398395534362657e+36	1.078533806241776e+37	1.536959274123122e+37
3635131.5574353817	2.0477200775501744e+38	1.2608070387785779e+35	6.030067991800788e+35	2.2323969013891047e+36	4.4076746301354826e+36	9.09104534048619e+36	2.4108499857397283e+37	3.261097401237704e+37	4.514203849293477e+37	1.6674246979516336e+36	5.264169500421891e+36	9.09104534048619e+36	1.3172400377672518e+37
3765145.4811105817	1.8611375276764372e+38	8.832602617145379e+34	4.496239791385644e+35	1.7588122002140157e+36	3.578688184080835e+36	7.631159346519602e+36	2.1161589515931796e+37	2.8929621773596936e+37	4.02254546785018e+37	1.297283316444283e+36	4.3086291877822754e+36	7.631159346519602e+36	1.1251465316492017e+37
3899810.4974641697	1.6921308359845978e+38	6.121340833968548e+34	3.3234472305528446e+35	1.37628575744472e+36	2.889112137341159e+36	6.378013426198061e+36	1.8538855901985712e+37	2.563815769803089e+37	3.585282763761676e+37	1.0020056177253163e+36	3.507606659064965e+36	6.378013426198061e+36	9.576871472588893e+36
4039293.000995585	1.5389721714847463e+38	4.195379315594112e+34	2.434524481713652e+35	1.069385647558291e+36	2.318665729705708e+36	5.306625673736815e+36	1.620750881622505e+37	2.2695632849446954e+37	3.1957306179094625e+37	7.681443624569566e+35	2.8395873311196016e+36	5.306625673736815e+36	8.121494870204276e+36
