#t	Le	U	B	V	R	I	J	H	K	g	r	i	z
#----------------------------------------------- 
2.981965994818276	0.0	0.0	0.0	0.0	0.0	0.0	0.0	0.0	0.0	0.0	0.0	0.0	0.0
3.0609341231524025	0.0	0.0	0.0	0.0	0.0	0.0	0.0	0.0	0.0	0.0	0.0	0.0	0.0
3.157857964852997	0.0	0.0	0.0	0.0	0.0	0.0	0.0	0.0	0.0	0.0	0.0	0.0	0.0
3.2615472139879538	0.0	0.0	0.0	0.0	0.0	0.0	0.0	0.0	0.0	0.0	0.0	0.0	0.0
3.370686516274606	0.0	0.0	0.0	0.0	0.0	0.0	0.0	0.0	0.0	0.0	0.0	0.0	0.0
3.485130599777719	0.0	0.0	0.0	0.0	0.0	0.0	0.0	0.0	0.0	0.0	0.0	0.0	0.0
3.604993590312201	0.0	0.0	0.0	0.0	0.0	0.0	0.0	0.0	0.0	0.0	0.0	0.0	0.0
3.730479118876162	0.0	0.0	0.0	0.0	0.0	0.0	0.0	0.0	0.0	0.0	0.0	0.0	0.0
3.8618338700264805	0.0	0.0	0.0	0.0	0.0	0.0	0.0	0.0	0.0	0.0	0.0	0.0	0.0
3.9993317004753197	0.0	0.0	0.0	0.0	0.0	0.0	0.0	0.0	0.0	0.0	0.0	0.0	0.0
4.1432674593279835	0.0	0.0	0.0	0.0	0.0	0.0	0.0	0.0	0.0	0.0	0.0	0.0	0.0
4.293954463315901	0.0	0.0	0.0	0.0	0.0	0.0	0.0	0.0	0.0	0.0	0.0	0.0	0.0
4.451723538324662	0.0	0.0	0.0	0.0	0.0	0.0	0.0	0.0	0.0	0.0	0.0	0.0	0.0
4.616922806187565	0.0	0.0	0.0	0.0	0.0	0.0	0.0	0.0	0.0	0.0	0.0	0.0	0.0
4.789917860566052	0.0	0.0	0.0	0.0	0.0	0.0	0.0	0.0	0.0	0.0	0.0	0.0	0.0
4.9710921651781375	0.0	0.0	0.0	0.0	0.0	0.0	0.0	0.0	0.0	0.0	0.0	0.0	0.0
5.160847591709982	0.0	0.0	0.0	0.0	0.0	0.0	0.0	0.0	0.0	0.0	0.0	0.0	0.0
5.359605054843686	0.0	0.0	0.0	0.0	0.0	0.0	0.0	0.0	0.0	0.0	0.0	0.0	0.0
5.567805222166468	0.0	0.0	0.0	0.0	0.0	0.0	0.0	0.0	0.0	0.0	0.0	0.0	0.0
5.78590928771296	0.0	0.0	0.0	0.0	0.0	0.0	0.0	0.0	0.0	0.0	0.0	0.0	0.0
6.0143998041109645	0.0	0.0	0.0	0.0	0.0	0.0	0.0	0.0	0.0	0.0	0.0	0.0	0.0
6.253781572135477	0.0	0.0	0.0	0.0	0.0	0.0	0.0	0.0	0.0	0.0	0.0	0.0	0.0
6.504582588940034	0.0	0.0	0.0	0.0	0.0	0.0	0.0	0.0	0.0	0.0	0.0	0.0	0.0
6.767355058012482	0.0	0.0	0.0	0.0	0.0	0.0	0.0	0.0	0.0	0.0	0.0	0.0	0.0
7.042676465293753	0.0	0.0	0.0	0.0	0.0	0.0	0.0	0.0	0.0	0.0	0.0	0.0	0.0
7.331150727052916	0.0	0.0	0.0	0.0	0.0	0.0	0.0	0.0	0.0	0.0	0.0	0.0	0.0
7.633409416178955	0.0	0.0	0.0	0.0	0.0	0.0	0.0	0.0	0.0	0.0	0.0	0.0	0.0
7.95011307461353	0.0	0.0	0.0	0.0	0.0	0.0	0.0	0.0	0.0	0.0	0.0	0.0	0.0
8.281952620669731	0.0	0.0	0.0	0.0	0.0	0.0	0.0	0.0	0.0	0.0	0.0	0.0	0.0
8.629650861077959	0.0	0.0	0.0	0.0	0.0	0.0	0.0	0.0	0.0	0.0	0.0	0.0	0.0
8.993964118742872	0.0	0.0	0.0	0.0	0.0	0.0	0.0	0.0	0.0	0.0	0.0	0.0	0.0
9.375683988391664	0.0	0.0	0.0	0.0	0.0	0.0	0.0	0.0	0.0	0.0	0.0	0.0	0.0
9.775639233608791	0.0	0.0	0.0	0.0	0.0	0.0	0.0	0.0	0.0	0.0	0.0	0.0	0.0
10.194697840114763	0.0	0.0	0.0	0.0	0.0	0.0	0.0	0.0	0.0	0.0	0.0	0.0	0.0
10.63376924167632	0.0	0.0	0.0	0.0	0.0	0.0	0.0	0.0	0.0	0.0	0.0	0.0	0.0
11.093806736647315	0.0	0.0	0.0	0.0	0.0	0.0	0.0	0.0	0.0	0.0	0.0	0.0	0.0
11.575810114882293	0.0	0.0	0.0	0.0	0.0	0.0	0.0	0.0	0.0	0.0	0.0	0.0	0.0
12.080828516740576	0.0	0.0	0.0	0.0	0.0	0.0	0.0	0.0	0.0	0.0	0.0	0.0	0.0
12.609963547962973	0.0	0.0	0.0	0.0	0.0	0.0	0.0	0.0	0.0	0.0	0.0	0.0	0.0
13.16437267657695	0.0	0.0	0.0	0.0	0.0	0.0	0.0	0.0	0.0	0.0	0.0	0.0	0.0
13.745272940535981	0.0	0.0	0.0	0.0	0.0	0.0	0.0	0.0	0.0	0.0	0.0	0.0	0.0
14.353944997696972	0.0	0.0	0.0	0.0	0.0	0.0	0.0	0.0	0.0	0.0	0.0	0.0	0.0
14.991737552941405	0.0	0.0	0.0	0.0	0.0	0.0	0.0	0.0	0.0	0.0	0.0	0.0	0.0
15.660072200879561	0.0	0.0	0.0	0.0	0.0	0.0	0.0	0.0	0.0	0.0	0.0	0.0	0.0
16.360448726606865	0.0	0.0	0.0	0.0	0.0	0.0	0.0	0.0	0.0	0.0	0.0	0.0	0.0
17.094450911662435	0.0	0.0	0.0	0.0	0.0	0.0	0.0	0.0	0.0	0.0	0.0	0.0	0.0
17.86375289749795	0.0	0.0	0.0	0.0	0.0	0.0	0.0	0.0	0.0	0.0	0.0	0.0	0.0
18.670126164794446	0.0	0.0	0.0	0.0	0.0	0.0	0.0	0.0	0.0	0.0	0.0	0.0	0.0
19.515447193718327	0.0	0.0	0.0	0.0	0.0	0.0	0.0	0.0	0.0	0.0	0.0	0.0	0.0
20.401705878027336	0.0	0.0	0.0	0.0	0.0	0.0	0.0	0.0	0.0	0.0	0.0	0.0	0.0
21.331014774814452	0.0	0.0	0.0	0.0	0.0	0.0	0.0	0.0	0.0	0.0	0.0	0.0	0.0
22.305619281956062	0.0	0.0	0.0	0.0	0.0	0.0	0.0	0.0	0.0	0.0	0.0	0.0	0.0
23.327908847075598	0.0	0.0	0.0	0.0	0.0	0.0	0.0	0.0	0.0	0.0	0.0	0.0	0.0
24.40042932539609	0.0	0.0	0.0	0.0	0.0	0.0	0.0	0.0	0.0	0.0	0.0	0.0	0.0
25.525896619521077	0.0	0.0	0.0	0.0	0.0	0.0	0.0	0.0	0.0	0.0	0.0	0.0	0.0
26.707211752253546	0.0	0.0	0.0	0.0	0.0	0.0	0.0	0.0	0.0	0.0	0.0	0.0	0.0
27.947477544543084	0.0	0.0	0.0	0.0	0.0	0.0	0.0	0.0	0.0	0.0	0.0	0.0	0.0
29.25001709488606	0.0	0.0	0.0	0.0	0.0	0.0	0.0	0.0	0.0	0.0	0.0	0.0	0.0
30.61839428487324	0.0	0.0	0.0	0.0	0.0	0.0	0.0	0.0	0.0	0.0	0.0	0.0	0.0
32.05643656842287	0.0	0.0	0.0	0.0	0.0	0.0	0.0	0.0	0.0	0.0	0.0	0.0	0.0
33.56826034076026	0.0	0.0	0.0	0.0	0.0	0.0	0.0	0.0	0.0	0.0	0.0	0.0	0.0
35.15829922817435	0.0	0.0	0.0	0.0	0.0	0.0	0.0	0.0	0.0	0.0	0.0	0.0	0.0
36.83133569255793	0.0	0.0	0.0	0.0	0.0	0.0	0.0	0.0	0.0	0.0	0.0	0.0	0.0
38.592536406842235	0.0	0.0	0.0	0.0	0.0	0.0	0.0	0.0	0.0	0.0	0.0	0.0	0.0
40.44749193095325	0.0	0.0	0.0	0.0	0.0	0.0	0.0	0.0	0.0	0.0	0.0	0.0	0.0
42.40226130489514	0.0	0.0	0.0	0.0	0.0	0.0	0.0	0.0	0.0	0.0	0.0	0.0	0.0
44.46342227876794	0.0	0.0	0.0	0.0	0.0	0.0	0.0	0.0	0.0	0.0	0.0	0.0	0.0
46.63812802269487	0.0	0.0	0.0	0.0	0.0	0.0	0.0	0.0	0.0	0.0	0.0	0.0	0.0
48.93417130668957	0.0	0.0	0.0	0.0	0.0	0.0	0.0	0.0	0.0	0.0	0.0	0.0	0.0
51.360057317123726	0.0	0.0	0.0	0.0	0.0	0.0	0.0	0.0	0.0	0.0	0.0	0.0	0.0
53.92508648903531	0.0	0.0	0.0	0.0	0.0	0.0	0.0	0.0	0.0	0.0	0.0	0.0	0.0
56.63944899068001	0.0	0.0	0.0	0.0	0.0	0.0	0.0	0.0	0.0	0.0	0.0	0.0	0.0
59.51433280891028	0.0	0.0	0.0	0.0	0.0	0.0	0.0	0.0	0.0	0.0	0.0	0.0	0.0
62.56204776443144	0.0	0.0	0.0	0.0	0.0	0.0	0.0	0.0	0.0	0.0	0.0	0.0	0.0
65.79616825218626	0.0	0.0	0.0	0.0	0.0	0.0	0.0	0.0	0.0	0.0	0.0	0.0	0.0
69.23169807545051	0.0	0.0	0.0	0.0	0.0	0.0	0.0	0.0	0.0	0.0	0.0	0.0	0.0
72.88526145122802	0.0	0.0	0.0	0.0	0.0	0.0	0.0	0.0	0.0	0.0	0.0	0.0	0.0
76.77532514564851	0.0	0.0	0.0	0.0	0.0	0.0	0.0	0.0	0.0	0.0	0.0	0.0	0.0
80.92245779872746	0.0	0.0	0.0	0.0	0.0	0.0	0.0	0.0	0.0	0.0	0.0	0.0	0.0
85.3496338812619	0.0	0.0	0.0	0.0	0.0	0.0	0.0	0.0	0.0	0.0	0.0	0.0	0.0
90.08259147479764	0.0	0.0	0.0	0.0	0.0	0.0	0.0	0.0	0.0	0.0	0.0	0.0	0.0
95.1502552896242	0.0	0.0	0.0	0.0	0.0	0.0	0.0	0.0	0.0	0.0	0.0	0.0	0.0
100.58523918336046	0.0	0.0	0.0	0.0	0.0	0.0	0.0	0.0	0.0	0.0	0.0	0.0	0.0
106.42444611477744	0.0	0.0	0.0	0.0	0.0	0.0	0.0	0.0	0.0	0.0	0.0	0.0	0.0
112.7097882379277	0.0	0.0	0.0	0.0	0.0	0.0	0.0	0.0	0.0	0.0	0.0	0.0	0.0
119.48905608867683	0.0	0.0	0.0	0.0	0.0	0.0	0.0	0.0	0.0	0.0	0.0	0.0	0.0
126.81697406477883	0.0	0.0	0.0	0.0	0.0	0.0	0.0	0.0	0.0	0.0	0.0	0.0	0.0
134.75649039261813	0.0	0.0	0.0	0.0	0.0	0.0	0.0	0.0	0.0	0.0	0.0	0.0	0.0
143.3803645616143	0.0	0.0	0.0	0.0	0.0	0.0	0.0	0.0	0.0	0.0	0.0	0.0	0.0
152.7731353072898	0.0	0.0	0.0	0.0	0.0	0.0	0.0	0.0	0.0	0.0	0.0	0.0	0.0
163.03357984891284	0.0	0.0	0.0	0.0	0.0	0.0	0.0	0.0	0.0	0.0	0.0	0.0	0.0
174.27781351058096	0.0	0.0	0.0	0.0	0.0	0.0	0.0	0.0	0.0	0.0	0.0	0.0	0.0
186.64323298524957	0.0	0.0	0.0	0.0	0.0	0.0	0.0	0.0	0.0	0.0	0.0	0.0	0.0
200.29358384116026	0.0	0.0	0.0	0.0	0.0	0.0	0.0	0.0	0.0	0.0	0.0	0.0	0.0
215.42554505478907	0.0	0.0	0.0	0.0	0.0	0.0	0.0	0.0	0.0	0.0	0.0	0.0	0.0
232.2773888173574	0.0	0.0	0.0	0.0	0.0	0.0	0.0	0.0	0.0	0.0	0.0	0.0	0.0
251.14052239644187	0.0	0.0	0.0	0.0	0.0	0.0	0.0	0.0	0.0	0.0	0.0	0.0	0.0
272.37509973214253	0.0	0.0	0.0	0.0	0.0	0.0	0.0	0.0	0.0	0.0	0.0	0.0	0.0
296.4314873953237	0.0	0.0	0.0	0.0	0.0	0.0	0.0	0.0	0.0	0.0	0.0	0.0	0.0
323.8803286708487	0.0	0.0	0.0	0.0	0.0	0.0	0.0	0.0	0.0	0.0	0.0	0.0	0.0
355.4555344185971	0.0	0.0	0.0	0.0	0.0	0.0	0.0	0.0	0.0	0.0	0.0	0.0	0.0
392.33850175508735	0.0	0.0	0.0	0.0	0.0	0.0	0.0	0.0	0.0	0.0	0.0	0.0	0.0
435.9213556457075	0.0	0.0	0.0	0.0	0.0	0.0	0.0	0.0	0.0	0.0	0.0	0.0	0.0
488.13194726792705	0.0	0.0	0.0	0.0	0.0	0.0	0.0	0.0	0.0	0.0	0.0	0.0	0.0
551.7229354354647	0.0	0.0	0.0	0.0	0.0	0.0	0.0	0.0	0.0	0.0	0.0	0.0	0.0
630.7748095531877	0.0	0.0	0.0	0.0	0.0	0.0	0.0	0.0	0.0	0.0	0.0	0.0	0.0
731.6287025480812	0.0	0.0	0.0	0.0	0.0	0.0	0.0	0.0	0.0	0.0	0.0	0.0	0.0
864.7636437161627	0.0	0.0	0.0	0.0	0.0	0.0	0.0	0.0	0.0	0.0	0.0	0.0	0.0
1045.966572794981	0.0	0.0	0.0	0.0	0.0	0.0	0.0	0.0	0.0	0.0	0.0	0.0	0.0
1265.143958302907	0.0	0.0	0.0	0.0	0.0	0.0	0.0	0.0	0.0	0.0	0.0	0.0	0.0
1530.254794320119	0.0	0.0	0.0	0.0	0.0	0.0	0.0	0.0	0.0	0.0	0.0	0.0	0.0
1850.9265528120748	0.0	0.0	0.0	0.0	0.0	0.0	0.0	0.0	0.0	0.0	0.0	0.0	0.0
2238.804656052515	0.0	0.0	0.0	0.0	0.0	0.0	0.0	0.0	0.0	0.0	0.0	0.0	0.0
2707.975445698285	0.0	0.0	0.0	0.0	0.0	0.0	0.0	0.0	0.0	0.0	0.0	0.0	0.0
3275.477807992699	0.0	0.0	0.0	0.0	0.0	0.0	0.0	0.0	0.0	0.0	0.0	0.0	0.0
3961.922038359577	0.0	0.0	0.0	0.0	0.0	0.0	0.0	0.0	0.0	0.0	0.0	0.0	0.0
4792.238426336598	0.0	0.0	0.0	0.0	0.0	0.0	0.0	0.0	0.0	0.0	0.0	0.0	0.0
5796.582748974744	5.451001191909046e+32	1.398504834760138e+31	8.145948411758936e+30	4.404330483147936e+30	2.881241176217286e+30	1.586178461360145e+30	4.129054123102569e+29	2.0557996495415357e+29	7.850540769346365e+28	5.146697892714624e+30	2.5320569082177925e+30	1.586178461360145e+30	1.0581407554952213e+30
7011.43157023528	2.644158389717877e+36	1.0251336065691347e+35	6.040241881952514e+34	3.2987448355451577e+34	2.1699000410367914e+34	1.20207959033579e+34	3.1596786810139296e+33	1.5784890334836806e+33	6.048675795536278e+32	3.8459543790629614e+34	1.909767344345252e+34	1.20207959033579e+34	8.046928674867408e+33
8480.90709591189	7.780708245941812e+38	4.268324688377704e+37	2.5447352091632627e+37	1.404031320212952e+37	9.287472365550676e+36	5.1778412456667476e+36	1.3743897810461294e+36	6.889472546543726e+35	2.649176607908074e+35	1.633131842456311e+37	8.186430363540947e+36	5.1778412456667476e+36	3.4783076578347627e+36
10258.379837499768	2.390175557718505e+40	1.9671938118207464e+39	1.1929004880562398e+39	6.679065591310977e+38	4.453634343870381e+38	2.5055429346832008e+38	6.743796320258795e+37	3.3968120168887947e+37	1.3125727018935422e+37	7.743020493318167e+38	3.934137106710546e+38	2.5055429346832008e+38	1.6915634269149927e+38
12408.407168012309	6.096696574867242e+40	7.155624610455678e+39	4.42105760438561e+39	2.5155498869938444e+39	1.692125621395704e+39	9.614066959522683e+38	2.626980865556098e+38	1.3300853223206172e+38	5.1667741237332035e+37	2.905629479595042e+39	1.4982715030797148e+39	9.614066959522683e+38	6.526000310699986e+38
15009.0780180182	6.17265118547701e+40	1.0221008704456734e+40	6.462128844848033e+39	3.750277566470782e+39	2.5498128434170734e+39	1.466240407318083e+39	4.080261965054255e+38	2.0788828568923046e+38	8.126820248388128e+37	4.312477297719111e+39	2.2641964103134488e+39	1.466240407318083e+39	1.0018509944351019e+39
18154.849608288678	7.959965031989825e+40	1.8425033800881934e+40	1.1993600834277077e+40	7.135981358066735e+39	4.9173516486410116e+39	2.870528119143208e+39	8.171673864680236e+38	4.195809038454936e+38	1.6530887779044533e+38	8.15964414094521e+39	4.382285906070363e+39	2.870528119143208e+39	1.977530283331601e+39
21959.98048315821	9.061037610416229e+40	2.8341966603277974e+40	1.9107376720045977e+40	1.171319804994802e+40	8.202047362938314e+39	4.8745176999224044e+39	1.425458795380902e+39	7.386066997052526e+38	2.9367317125603094e+38	1.3303462461451385e+40	7.341018151682527e+39	4.8745176999224044e+39	3.390942668205823e+39
26562.67600929918	9.876249471022924e+40	4.0755290451999004e+40	2.873499689513532e+40	1.8298466212841055e+40	1.30771738501598e+40	7.950027870806808e+39	2.4047456550914782e+39	1.2602724086006644e+39	5.068172513245008e+38	2.0605222546799114e+40	1.1768243829751792e+40	7.950027870806808e+39	5.598711637431584e+39
32130.110232337807	1.0628726650389978e+41	5.504939275633246e+40	4.099586573065446e+40	2.7349168894406656e+40	2.0037699197872072e+40	1.2522465875717587e+40	3.9460289588376574e+39	2.0964876276288857e+39	8.54649897079511e+38	3.0475724001580667e+40	1.8152105788041177e+40	1.2522465875717587e+40	8.951177612625833e+39
38864.49734724142	1.1173961163803918e+41	6.869246741354511e+40	5.473585643366973e+40	3.8685147661758077e+40	2.923247025369706e+40	1.8904981599695277e+40	6.265953611158624e+39	3.385335897294408e+39	1.4031742918287963e+39	4.255008002410162e+40	2.6700619554009506e+40	1.8904981599695277e+40	1.3764964641846235e+40
47010.43656467383	1.17729516799175e+41	8.003053824178787e+40	6.906558340568976e+40	5.227194394319921e+40	4.0977193723060663e+40	2.7601314728378384e+40	9.71253253198745e+39	5.352051905512865e+39	2.2619330663798403e+39	5.6611986695142285e+40	3.7796491452162e+40	2.7601314728378384e+40	2.0541668487543909e+40
56863.79630336489	1.2174222567447392e+41	8.456018539986643e+40	8.031918160623952e+40	6.606079460658194e+40	5.416422597587802e+40	3.8349907357142887e+40	1.4521725689494876e+40	8.197241096239359e+39	3.547245184792243e+39	7.020983964771444e+40	5.0562711077012e+40	3.8349907357142887e+40	2.931778179801045e+40
68782.46051543888	1.2325626958993473e+41	7.966220023748675e+40	8.47344325229358e+40	7.700200045001858e+40	6.66687836495944e+40	5.017120996622886e+40	2.0791080387607556e+40	1.2089074922833524e+40	5.3852010884601025e+39	7.999833926300169e+40	6.315231680578496e+40	5.017120996622886e+40	3.964071390752893e+40
83199.3274713395	1.2332770965644197e+41	6.702945338761302e+40	8.091621548737361e+40	8.242216928093731e+40	7.603969723439488e+40	6.150217880843984e+40	2.8404932107522542e+40	1.7119894620954383e+40	7.898860065048068e+39	8.34102491712857e+40	7.3277996067798185e+40	6.150217880843984e+40	5.054740509315547e+40
100638.03315197381	1.2223052329445412e+41	5.053018947920006e+40	7.001310333549972e+40	8.0894002688539525e+40	8.013900458273027e+40	7.0368560420532495e+40	3.6882036371802347e+40	2.319725496346258e+40	1.116131409095797e+40	7.95084389480542e+40	7.874571665333416e+40	7.0368560420532495e+40	6.053142493536324e+40
121731.97035094653	1.4992768348071878e+41	5.192465658358557e+40	7.6273318436797675e+40	9.363820141404283e+40	9.636449828852517e+40	8.878239455819348e+40	5.063149312126312e+40	3.286859363248758e+40	1.6340304252422613e+40	9.068565338827326e+40	9.573215783732671e+40	8.878239455819348e+40	7.860663569825393e+40
147247.2939787019	1.9077394680111767e+41	5.515485580068701e+40	8.628575716627569e+40	1.1231401889245138e+41	1.1959890411296512e+41	1.148325574716242e+41	7.029528239206145e+40	4.688145807866956e+40	2.398043468989918e+40	1.0729083657316022e+41	1.199546139586744e+41	1.148325574716242e+41	1.0416597428846486e+41
178110.74865989597	1.8775560869687115e+41	3.576700542686473e+40	6.460021219110779e+40	9.591012635024161e+40	1.1006993517628358e+41	1.153520079912998e+41	8.128625289642988e+40	5.702706171977079e+40	3.0734353194640273e+40	8.886476403641515e+40	1.1269291635886458e+41	1.153520079912998e+41	1.0995339556945294e+41
215443.32924941214	1.4066884903685859e+41	1.190621475803208e+40	2.696173420650142e+40	5.020648751122299e+40	6.567417085665591e+40	8.019825914963379e+40	7.210201370083503e+40	5.517669585487924e+40	3.253374480056818e+40	4.410894926658343e+40	6.970390235597381e+40	8.019825914963379e+40	8.33240053864306e+40
260600.99662023602	9.68953014266504e+40	2.721241126199522e+39	5.67444677348082e+39	1.353753570726055e+40	2.1452542179339526e+40	3.334205565639933e+40	4.47112061951356e+40	3.950185851926582e+40	2.701322740894157e+40	1.1076875544943855e+40	2.407000239745638e+40	3.334205565639933e+40	3.985438738248188e+40
315223.92785738624	3.8954449825708525e+40	1.2416345344217934e+39	9.993034376289433e+38	1.371709915040589e+39	2.3909106280618887e+39	5.214294417415006e+39	1.4083520322936594e+40	1.6234579214511024e+40	1.4683654374134592e+40	1.1763263590916399e+39	2.862570969563232e+39	5.214294417415006e+39	7.89379178370468e+39
381296.0904984202	1.466371001182805e+40	1.0499720466442944e+39	7.549870626980762e+38	5.036798974245049e+38	4.047207311509862e+38	4.570816018487597e+38	2.2326412626538874e+39	3.876201775064722e+39	5.4021719782537165e+39	5.572616360763659e+38	3.926299136815062e+38	4.570816018487597e+38	7.09451187444909e+38
461217.3000734072	8.634266241626566e+39	8.758255331178699e+38	6.545543783795476e+38	4.448329923951605e+38	3.3314026491140172e+38	2.3245915636410982e+38	5.3298750100230034e+38	1.1817123344829512e+39	2.3263058962206125e+39	4.928654677244538e+38	3.051290464719056e+38	2.3245915636410982e+38	2.2039046945674982e+38
557890.3845763779	5.645256563334145e+39	7.03141390892746e+38	5.490121664178939e+38	3.890422867401982e+38	2.968886183956341e+38	1.9707604244314156e+38	1.701885566541494e+38	3.9425564231293204e+38	1.044423070296644e+39	4.269295638289034e+38	2.7224451170736364e+38	1.9707604244314156e+38	1.5194783444356726e+38
674826.6186963042	3.7296990446541084e+39	5.410547766641696e+38	4.431706047619672e+38	3.2937110380056077e+38	2.585467524545944e+38	1.761739845223142e+38	8.010376020656208e+37	1.2114891634279298e+38	3.9949012665346186e+38	3.573651840633162e+38	2.3889390670114297e+38	1.761739845223142e+38	1.3297203920672207e+38
816273.2571214113	2.4494765081085692e+39	3.977084671814621e+38	3.429383499225343e+38	2.6862632983502835e+38	2.1775154907462076e+38	1.5426425769985194e+38	6.159095920981094e+37	4.836812371189939e+37	1.2394500508378855e+38	2.877907999894451e+38	2.030357606037727e+38	1.5426425769985194e+38	1.1870356019919252e+38
987367.7994217454	1.5955953016292558e+39	2.7854139381123095e+38	2.535708499335418e+38	2.1023163129107297e+38	1.7658850323749426e+38	1.307870164390944e+38	5.50283784702301e+37	3.386354112141092e+37	3.6692215863651407e+37	2.2213567895114613e+38	1.6634038648115e+38	1.307870164390944e+38	1.0330528822793261e+38
1194324.5895740485	1.0316643700378022e+39	1.8546913765882365e+38	1.7868463620822565e+38	1.5734365141394142e+38	1.373661532137549e+38	1.0688162455680398e+38	4.900331883205302e+37	2.996396618742012e+37	1.7024638378612166e+37	1.6380805543723331e+38	1.3085094054160245e+38	1.0688162455680398e+38	8.697593578499967e+37
1444660.5276209444	6.628499872014087e+38	1.1712208601885507e+38	1.1974364890932404e+38	1.1229953019015226e+38	1.0215018381586616e+38	8.386231997532224e+37	4.2438818769796455e+37	2.6890277921789214e+37	1.3400947901736286e+37	1.1510589372806521e+38	9.848508577951836e+37	8.386231997532224e+37	7.054342511528252e+37
1747468.0915499243	4.23626565911688e+38	6.98752619526959e+37	7.614260128646275e+37	7.626312155015137e+37	7.241583286657378e+37	6.295065030189584e+37	3.5549949411869614e+37	2.3541892573579824e+37	1.208532223703686e+37	7.691137155250336e+37	7.07114763280955e+37	6.295065030189584e+37	5.490124195533047e+37
2113745.5858341884	2.6951392828575636e+38	3.913175493304774e+37	4.5789353127022125e+37	4.9178482674082475e+37	4.883309308763195e+37	4.507178997132888e+37	2.8683259350823757e+37	1.9973947967406142e+37	1.082528933988141e+37	4.876129536564375e+37	4.831974352215995e+37	4.507178997132888e+37	4.085428279500817e+37
2556796.611609475	1.7078585074747135e+38	2.0365181669565471e+37	2.5893225311836797e+37	3.0031653082975485e+37	3.126125333534942e+37	3.0709418256103047e+37	2.2201716675804763e+37	1.6353102999509803e+37	9.442641970402838e+36	2.923763448152073e+37	3.1362758118762514e+37	3.0709418256103047e+37	2.898412297563836e+37
3092713.2676630556	1.0783659714787845e+38	9.709521061242849e+36	1.3642645930462949e+37	1.7286516532498485e+37	1.894542330299958e+37	1.9872523469800393e+37	1.6426897753184343e+37	1.2865847745003018e+37	7.981271533748592e+36	1.6487375238929563e+37	1.9288692488595798e+37	1.9872523469800393e+37	1.9560484281030282e+37
3740960.632601439	6.786930558219439e+37	4.162124873262133e+36	6.60820097965431e+36	9.305856218390259e+36	1.0817113199912728e+37	1.2184620194119272e+37	1.1584389014759807e+37	9.689578748988107e+36	6.508973461642376e+36	8.664249690707709e+36	1.1194511043710516e+37	1.2184620194119272e+37	1.2533144964675145e+37
4525083.757201266	4.259113473666961e+37	1.5671930453778816e+36	2.890481820162956e+36	4.6297044108839855e+36	5.771566430226447e+36	7.049831442388439e+36	7.769413615041291e+36	6.962910747105486e+36	5.1001325833825034e+36	4.1866261935371323e+36	6.08744009467036e+36	7.049831442388439e+36	7.605219908087249e+36
