#t	Le	U	B	V	R	I	J	H	K	g	r	i	z
#----------------------------------------------- 
3.7652155130543496	0.0	0.0	0.0	0.0	0.0	0.0	0.0	0.0	0.0	0.0	0.0	0.0	0.0
3.8994213077093174	0.0	0.0	0.0	0.0	0.0	0.0	0.0	0.0	0.0	0.0	0.0	0.0	0.0
4.291599201263664	0.0	0.0	0.0	0.0	0.0	0.0	0.0	0.0	0.0	0.0	0.0	0.0	0.0
4.737374547413891	0.0	0.0	0.0	0.0	0.0	0.0	0.0	0.0	0.0	0.0	0.0	0.0	0.0
5.236265344625744	0.0	0.0	0.0	0.0	0.0	0.0	0.0	0.0	0.0	0.0	0.0	0.0	0.0
5.793198542453837	0.0	0.0	0.0	0.0	0.0	0.0	0.0	0.0	0.0	0.0	0.0	0.0	0.0
6.413646965270044	0.0	0.0	0.0	0.0	0.0	0.0	0.0	0.0	0.0	0.0	0.0	0.0	0.0
7.1033929222648675	0.0	0.0	0.0	0.0	0.0	0.0	0.0	0.0	0.0	0.0	0.0	0.0	0.0
7.868463899336259	0.0	0.0	0.0	0.0	0.0	0.0	0.0	0.0	0.0	0.0	0.0	0.0	0.0
8.715087718312764	0.0	0.0	0.0	0.0	0.0	0.0	0.0	0.0	0.0	0.0	0.0	0.0	0.0
9.649646867845476	0.0	0.0	0.0	0.0	0.0	0.0	0.0	0.0	0.0	0.0	0.0	0.0	0.0
10.678628338334098	0.0	0.0	0.0	0.0	0.0	0.0	0.0	0.0	0.0	0.0	0.0	0.0	0.0
11.808569308963794	0.0	0.0	0.0	0.0	0.0	0.0	0.0	0.0	0.0	0.0	0.0	0.0	0.0
13.046000659711561	0.0	0.0	0.0	0.0	0.0	0.0	0.0	0.0	0.0	0.0	0.0	0.0	0.0
14.397391087232814	0.0	0.0	0.0	0.0	0.0	0.0	0.0	0.0	0.0	0.0	0.0	0.0	0.0
15.869094877008681	0.0	0.0	0.0	0.0	0.0	0.0	0.0	0.0	0.0	0.0	0.0	0.0	0.0
17.467306203595175	0.0	0.0	0.0	0.0	0.0	0.0	0.0	0.0	0.0	0.0	0.0	0.0	0.0
19.198022287015217	0.0	0.0	0.0	0.0	0.0	0.0	0.0	0.0	0.0	0.0	0.0	0.0	0.0
21.067016939641885	0.0	0.0	0.0	0.0	0.0	0.0	0.0	0.0	0.0	0.0	0.0	0.0	0.0
23.07982513970929	0.0	0.0	0.0	0.0	0.0	0.0	0.0	0.0	0.0	0.0	0.0	0.0	0.0
25.241738396394723	0.0	0.0	0.0	0.0	0.0	0.0	0.0	0.0	0.0	0.0	0.0	0.0	0.0
27.557809938000123	0.0	0.0	0.0	0.0	0.0	0.0	0.0	0.0	0.0	0.0	0.0	0.0	0.0
30.03286822818058	0.0	0.0	0.0	0.0	0.0	0.0	0.0	0.0	0.0	0.0	0.0	0.0	0.0
32.67153701728067	0.0	0.0	0.0	0.0	0.0	0.0	0.0	0.0	0.0	0.0	0.0	0.0	0.0
35.47826005459282	0.0	0.0	0.0	0.0	0.0	0.0	0.0	0.0	0.0	0.0	0.0	0.0	0.0
38.45732868003397	0.0	0.0	0.0	0.0	0.0	0.0	0.0	0.0	0.0	0.0	0.0	0.0	0.0
41.61291072933729	0.0	0.0	0.0	0.0	0.0	0.0	0.0	0.0	0.0	0.0	0.0	0.0	0.0
44.94907946965226	0.0	0.0	0.0	0.0	0.0	0.0	0.0	0.0	0.0	0.0	0.0	0.0	0.0
48.469841586918896	0.0	0.0	0.0	0.0	0.0	0.0	0.0	0.0	0.0	0.0	0.0	0.0	0.0
52.179163539608496	0.0	0.0	0.0	0.0	0.0	0.0	0.0	0.0	0.0	0.0	0.0	0.0	0.0
56.080995849343786	0.0	0.0	0.0	0.0	0.0	0.0	0.0	0.0	0.0	0.0	0.0	0.0	0.0
60.179295112251594	0.0	0.0	0.0	0.0	0.0	0.0	0.0	0.0	0.0	0.0	0.0	0.0	0.0
64.47804367792786	0.0	0.0	0.0	0.0	0.0	0.0	0.0	0.0	0.0	0.0	0.0	0.0	0.0
68.98126706088924	0.0	0.0	0.0	0.0	0.0	0.0	0.0	0.0	0.0	0.0	0.0	0.0	0.0
73.69304923039877	0.0	0.0	0.0	0.0	0.0	0.0	0.0	0.0	0.0	0.0	0.0	0.0	0.0
78.61754597058257	0.0	0.0	0.0	0.0	0.0	0.0	0.0	0.0	0.0	0.0	0.0	0.0	0.0
83.75899652797885	0.0	0.0	0.0	0.0	0.0	0.0	0.0	0.0	0.0	0.0	0.0	0.0	0.0
89.12173376854938	0.0	0.0	0.0	0.0	0.0	0.0	0.0	0.0	0.0	0.0	0.0	0.0	0.0
94.71019306100892	0.0	0.0	0.0	0.0	0.0	0.0	0.0	0.0	0.0	0.0	0.0	0.0	0.0
100.52892008969006	0.0	0.0	0.0	0.0	0.0	0.0	0.0	0.0	0.0	0.0	0.0	0.0	0.0
106.58257778194424	0.0	0.0	0.0	0.0	0.0	0.0	0.0	0.0	0.0	0.0	0.0	0.0	0.0
112.87595251633255	0.0	0.0	0.0	0.0	0.0	0.0	0.0	0.0	0.0	0.0	0.0	0.0	0.0
119.41395975746572	0.0	0.0	0.0	0.0	0.0	0.0	0.0	0.0	0.0	0.0	0.0	0.0	0.0
126.20164924534797	0.0	0.0	0.0	0.0	0.0	0.0	0.0	0.0	0.0	0.0	0.0	0.0	0.0
133.24420985956834	0.0	0.0	0.0	0.0	0.0	0.0	0.0	0.0	0.0	0.0	0.0	0.0	0.0
140.54697421559518	0.0	0.0	0.0	0.0	0.0	0.0	0.0	0.0	0.0	0.0	0.0	0.0	0.0
148.1154231139047	0.0	0.0	0.0	0.0	0.0	0.0	0.0	0.0	0.0	0.0	0.0	0.0	0.0
155.9551898925619	0.0	0.0	0.0	0.0	0.0	0.0	0.0	0.0	0.0	0.0	0.0	0.0	0.0
164.07206474313983	0.0	0.0	0.0	0.0	0.0	0.0	0.0	0.0	0.0	0.0	0.0	0.0	0.0
172.47199903427708	0.0	0.0	0.0	0.0	0.0	0.0	0.0	0.0	0.0	0.0	0.0	0.0	0.0
181.16110968671384	0.0	0.0	0.0	0.0	0.0	0.0	0.0	0.0	0.0	0.0	0.0	0.0	0.0
190.14568363376037	0.0	0.0	0.0	0.0	0.0	0.0	0.0	0.0	0.0	0.0	0.0	0.0	0.0
199.43218239761796	0.0	0.0	0.0	0.0	0.0	0.0	0.0	0.0	0.0	0.0	0.0	0.0	0.0
209.02724680796828	0.0	0.0	0.0	0.0	0.0	0.0	0.0	0.0	0.0	0.0	0.0	0.0	0.0
218.9377018753398	0.0	0.0	0.0	0.0	0.0	0.0	0.0	0.0	0.0	0.0	0.0	0.0	0.0
229.17056185771543	0.0	0.0	0.0	0.0	0.0	0.0	0.0	0.0	0.0	0.0	0.0	0.0	0.0
239.73303553599945	0.0	0.0	0.0	0.0	0.0	0.0	0.0	0.0	0.0	0.0	0.0	0.0	0.0
250.63253169623528	0.0	0.0	0.0	0.0	0.0	0.0	0.0	0.0	0.0	0.0	0.0	0.0	0.0
261.87666487421524	0.0	0.0	0.0	0.0	0.0	0.0	0.0	0.0	0.0	0.0	0.0	0.0	0.0
273.47326134644015	0.0	0.0	0.0	0.0	0.0	0.0	0.0	0.0	0.0	0.0	0.0	0.0	0.0
285.4303653785006	0.0	0.0	0.0	0.0	0.0	0.0	0.0	0.0	0.0	0.0	0.0	0.0	0.0
297.7562457566549	0.0	0.0	0.0	0.0	0.0	0.0	0.0	0.0	0.0	0.0	0.0	0.0	0.0
310.4594026022857	0.0	0.0	0.0	0.0	0.0	0.0	0.0	0.0	0.0	0.0	0.0	0.0	0.0
323.54857450896725	0.0	0.0	0.0	0.0	0.0	0.0	0.0	0.0	0.0	0.0	0.0	0.0	0.0
337.03274600175763	0.0	0.0	0.0	0.0	0.0	0.0	0.0	0.0	0.0	0.0	0.0	0.0	0.0
350.9211553286399	0.0	0.0	0.0	0.0	0.0	0.0	0.0	0.0	0.0	0.0	0.0	0.0	0.0
365.22330260736123	0.0	0.0	0.0	0.0	0.0	0.0	0.0	0.0	0.0	0.0	0.0	0.0	0.0
379.9489583325034	0.0	0.0	0.0	0.0	0.0	0.0	0.0	0.0	0.0	0.0	0.0	0.0	0.0
395.10817228203996	0.0	0.0	0.0	0.0	0.0	0.0	0.0	0.0	0.0	0.0	0.0	0.0	0.0
410.7112828167036	0.0	0.0	0.0	0.0	0.0	0.0	0.0	0.0	0.0	0.0	0.0	0.0	0.0
426.7689265990743	0.0	0.0	0.0	0.0	0.0	0.0	0.0	0.0	0.0	0.0	0.0	0.0	0.0
443.29204875374757	0.0	0.0	0.0	0.0	0.0	0.0	0.0	0.0	0.0	0.0	0.0	0.0	0.0
460.29191350299874	0.0	0.0	0.0	0.0	0.0	0.0	0.0	0.0	0.0	0.0	0.0	0.0	0.0
477.7801152800436	0.0	0.0	0.0	0.0	0.0	0.0	0.0	0.0	0.0	0.0	0.0	0.0	0.0
495.7685903426901	0.0	0.0	0.0	0.0	0.0	0.0	0.0	0.0	0.0	0.0	0.0	0.0	0.0
514.2696289283319	0.0	0.0	0.0	0.0	0.0	0.0	0.0	0.0	0.0	0.0	0.0	0.0	0.0
533.2958879484353	0.0	0.0	0.0	0.0	0.0	0.0	0.0	0.0	0.0	0.0	0.0	0.0	0.0
552.860404280859	0.0	0.0	0.0	0.0	0.0	0.0	0.0	0.0	0.0	0.0	0.0	0.0	0.0
572.9766086757721	0.0	0.0	0.0	0.0	0.0	0.0	0.0	0.0	0.0	0.0	0.0	0.0	0.0
593.658340314249	0.0	0.0	0.0	0.0	0.0	0.0	0.0	0.0	0.0	0.0	0.0	0.0	0.0
614.9198620301341	0.0	0.0	0.0	0.0	0.0	0.0	0.0	0.0	0.0	0.0	0.0	0.0	0.0
636.7758762299167	0.0	0.0	0.0	0.0	0.0	0.0	0.0	0.0	0.0	0.0	0.0	0.0	0.0
659.241541582855	0.0	0.0	0.0	0.0	0.0	0.0	0.0	0.0	0.0	0.0	0.0	0.0	0.0
682.3324905000343	0.0	0.0	0.0	0.0	0.0	0.0	0.0	0.0	0.0	0.0	0.0	0.0	0.0
706.0648474471044	0.0	0.0	0.0	0.0	0.0	0.0	0.0	0.0	0.0	0.0	0.0	0.0	0.0
730.4552481310648	0.0	0.0	0.0	0.0	0.0	0.0	0.0	0.0	0.0	0.0	0.0	0.0	0.0
755.5208595853993	0.0	0.0	0.0	0.0	0.0	0.0	0.0	0.0	0.0	0.0	0.0	0.0	0.0
781.2794012658067	0.0	0.0	0.0	0.0	0.0	0.0	0.0	0.0	0.0	0.0	0.0	0.0	0.0
807.7491671548778	0.0	0.0	0.0	0.0	0.0	0.0	0.0	0.0	0.0	0.0	0.0	0.0	0.0
834.9490489252016	0.0	0.0	0.0	0.0	0.0	0.0	0.0	0.0	0.0	0.0	0.0	0.0	0.0
862.8985601967609	0.0	0.0	0.0	0.0	0.0	0.0	0.0	0.0	0.0	0.0	0.0	0.0	0.0
891.6178620949979	0.0	0.0	0.0	0.0	0.0	0.0	0.0	0.0	0.0	0.0	0.0	0.0	0.0
921.1277900807305	2.175935672751881e+29	7.682069769039031e+26	4.330072189576895e+26	2.2745358190009724e+26	1.4644059822597564e+26	7.915951123136494e+25	2.002751668680239e+25	9.872138676215874e+24	3.73140991294898e+24	2.6755354917148285e+26	1.2813692234223786e+26	7.915951123136494e+25	5.22739201997722e+25
951.4498821217285	1.8861410247308898e+30	7.10701024616069e+27	4.008720548319091e+27	2.1070305562179027e+27	1.3570259445417377e+27	7.338385986270418e+26	1.857773369856094e+26	9.159496168446172e+25	3.462826382937724e+25	2.478149064931047e+27	1.1875212229440847e+27	7.338385986270418e+26	4.847053755031542e+26
982.6064083090595	1.4583985852668746e+31	5.6560866118603144e+28	3.1913254857899277e+28	1.677863973445162e+28	1.0807893871989912e+28	5.845618515558198e+27	1.4802788447987188e+27	7.299028590976627e+26	2.7597395347587524e+26	1.9732662105616187e+28	9.458287936031044e+27	5.845618515558198e+27	3.861452725345895e+27
1014.6204019986183	1.0444218825122705e+32	4.056799048085703e+29	2.2889994440241287e+29	1.2034766237261133e+29	7.752209384772244e+28	4.192942720192879e+28	1.0617892621576775e+28	5.235547433436861e+27	1.9795543492545712e+27	1.4153542025174476e+29	6.784188551016296e+28	4.192942720192879e+28	2.7697555061470773e+28
1047.5156925372864	5.909218784162799e+32	2.47515564371157e+30	1.3977486024527637e+30	7.354337339743141e+29	4.739259976365599e+29	2.564541909815177e+29	6.499085627636091e+28	3.2054578385532737e+28	1.2123071894505896e+28	8.647629171236184e+29	4.147932550090898e+29	2.564541909815177e+29	1.694521756110763e+29
1081.316939688247	3.0481120967456387e+33	1.3487481623995574e+31	7.621306700372731e+30	4.0122188022879915e+30	2.586337876605899e+30	1.4000323387515645e+30	3.5499434539623036e+29	1.7512343392265754e+29	6.624518211193292e+28	4.717185162150248e+30	2.263824581648918e+30	1.4000323387515645e+30	9.252542037807656e+29
1116.049669848976	1.3630676076306195e+34	6.507483243798672e+31	3.6804301832595286e+31	1.9390812833426306e+31	1.2505086068086669e+31	6.77263572900348e+30	1.718633925524156e+30	8.480607736807181e+29	3.208936849023452e+29	2.2793753701691365e+31	1.0947019142853026e+31	6.77263572900348e+30	4.4771580852472516e+30
1151.7403141771158	5.5717501563082965e+34	2.839634192149671e+32	1.6072758936459568e+32	8.47404357487274e+31	5.46700462022779e+31	2.9621936856297737e+31	7.522145063815667e+30	3.712718527901209e+30	1.405192837662818e+30	9.959581796312666e+31	4.786348753830107e+31	2.9621936856297737e+31	1.9586903008740165e+31
1188.4162487023566	2.0337395603038342e+35	1.1188143325742979e+33	6.338676930608724e+32	3.3447487451820704e+32	2.1588603787354955e+32	1.1703635559282795e+32	2.974493580901324e+31	1.468560018336285e+31	5.559906775273315e+30	3.930341883232357e+32	1.8903162262748747e+32	1.1703635559282795e+32	7.741098175333099e+31
1226.1201647147138	6.850312281962749e+35	4.0398286066663926e+33	2.2908163636123638e+33	1.2097532929508736e+33	7.811732667322724e+32	4.237025457531625e+32	1.0776905015868757e+32	5.32222000427367e+31	2.0155429113103323e+31	1.421298638227725e+33	6.840829977821724e+32	4.237025457531625e+32	2.80326445106576e+32
1264.880778764822	2.1013411516021398e+36	1.337378641961331e+34	7.591347971771084e+33	4.0124670555570655e+33	2.592245277808727e+33	1.4068097382205618e+33	3.581401171458284e+32	1.76924210885902e+32	6.70232887005019e+31	4.713153068531029e+33	2.2703650812133448e+33	1.4068097382205618e+33	9.310547211174391e+32
1304.7279394401194	6.001731290263907e+36	4.1024775640096102e+34	2.3309508136550173e+34	1.2331005657220821e+34	7.970209743069765e+33	4.327788491434397e+33	1.1026931718379405e+33	5.449036058548513e+32	2.0648685243891735e+32	1.4481486628600507e+34	6.981448128557355e+33	4.327788491434397e+33	2.865087603954242e+33
1345.6926740085357	1.583581861046254e+37	1.1676874855522141e+35	6.641649906649443e+34	3.516813699314487e+34	2.2742943939170267e+34	1.2356690394926948e+34	3.151348766199173e+33	1.557773466372359e+33	5.90505186845759e+32	4.1292440621494104e+34	1.9924336744246636e+34	1.2356690394926948e+34	8.183110484746883e+33
1387.8072379421144	3.9234347820036115e+37	3.1096925898621735e+35	1.7706042668578334e+35	9.384169538598738e+34	6.07176908788271e+34	3.3008462646662803e+34	8.425929445433838e+33	4.1664465789092296e+33	1.579898385092496e+33	1.1016032400450476e+35	5.320013984662785e+34	3.3008462646662803e+34	2.186670259641743e+34
1431.1051674593416	9.08268296462115e+37	7.761511672171769e+35	4.424246275297204e+35	2.347170143774841e+35	1.519506545477554e+35	8.2658219260681935e+34	2.112059193014289e+34	1.0447310708795642e+34	3.962983578606547e+33	2.754705975593777e+35	1.3315727941376195e+35	8.2658219260681935e+34	5.477674912542457e+34
1475.6213354190975	1.9893807454715527e+38	1.827827179921818e+36	1.0430720797519713e+36	5.539211268995236e+35	3.5879220493524294e+35	1.952981118383045e+35	4.995080995235072e+34	2.4716686424674963e+34	9.379101437959367e+33	6.499508914606333e+35	3.1446312040538546e+35	1.952981118383045e+35	1.294670930009267e+35
1521.3920107373935	4.109126897691757e+38	4.068295249877551e+36	2.3243895284925277e+36	1.2356571098284614e+36	8.008386430564522e+35	4.3620298699814875e+35	1.1168219157022043e+35	5.528281315575727e+34	2.098571433661111e+34	1.4495270753846813e+36	7.02004928992499e+35	4.3620298699814875e+35	2.892747610409102e+35
1568.4549214475503	8.082962214504753e+38	8.605043737429003e+36	4.9223034580879427e+36	2.6194738864606528e+36	1.698688121858938e+36	9.258622298619724e+35	2.372974585048408e+35	1.1750543190595168e+35	4.46225438729584e+34	3.072118260881729e+36	1.4892833911412902e+36	9.258622298619724e+35	6.142272569833763e+35
1616.8493217898683	1.5104646606778394e+39	1.7321645615987759e+37	9.920955495830906e+36	5.2854520675796425e+36	3.4296412253744046e+36	1.8706259354642868e+36	4.7996607179969216e+35	2.3776225750285028e+35	9.032565501653486e+34	6.197199686305259e+36	3.007356067653713e+36	1.8706259354642868e+36	1.2414795581522351e+36
1666.6160683527814	2.7019727648730656e+39	3.332794539178998e+37	1.9112993775465026e+37	1.0194032228058874e+37	6.61885043317158e+36	3.6126820581666474e+36	9.27972748858967e+35	4.59871836482317e+35	1.7477468767484704e+35	1.1949440405568228e+37	5.804863362754148e+36	3.6126820581666474e+36	2.3985793625174213e+36
1717.7977103886872	4.616120104503576e+39	6.135442465453719e+37	3.523342249329037e+37	1.8814359559304127e+37	1.222395497362256e+37	6.677066573476667e+36	1.7171202417290142e+36	8.512970618356583e+35	3.2367279352867696e+35	2.2048176811292373e+37	1.072256532918633e+37	6.677066573476667e+36	4.4349800250312076e+36
1770.438533393327	7.573744037711413e+39	1.0841557217282123e+38	6.234549313813459e+37	3.333269914581898e+37	2.1671343735807837e+37	1.1846630586113982e+37	3.0502255826225094e+36	1.5128489140276692e+36	5.7545101091733144e+35	3.9051016719254895e+37	1.9013072071177918e+37	1.1846630586113982e+37	7.872033728685249e+36
1824.5846626424232	1.190016030883157e+40	1.8393569589953606e+38	1.0593186385551347e+38	5.671005189166504e+37	3.6896812965966898e+37	2.0186270313032757e+37	5.204165923083358e+36	2.5823219135990948e+36	9.827061000155274e+35	6.641895662414529e+37	3.237727670486365e+37	2.0186270313032757e+37	1.3419833848734287e+37
1880.28415553288	1.7966711649393994e+40	3.0020414544505247e+38	1.731640867051918e+38	9.28299632314383e+37	6.044303100086977e+37	3.3097073269739973e+37	8.544174835461982e+36	4.2416475358131726e+36	1.614946186560415e+36	1.0868853799040121e+38	5.305019296258088e+37	3.3097073269739973e+37	2.2013518931573587e+37
1937.587096741683	2.5963070563151405e+40	4.710334531364198e+38	2.7216918537913376e+38	1.4612457656561188e+38	9.522299686174472e+37	5.219115272708588e+37	1.3493290536344483e+37	6.702034689368794e+36	2.5530533975130157e+36	1.7102885884608558e+38	8.359500093243265e+37	5.219115272708588e+37	3.473163710883255e+37
1996.5456999617884	3.595384944348643e+40	7.11010297544973e+38	4.11600223993248e+38	2.213459750653842e+38	1.443717950696344e+38	7.921090889852558e+37	2.0511708292747805e+37	1.0193756316884668e+37	3.8854101880938734e+36	2.5897340758981585e+38	1.267730941495833e+38	7.921090889852558e+37	5.274261763152045e+37
2057.2144169191624	5.147479119186539e+40	1.0586773938666636e+39	6.1340037923751544e+38	3.3012115514699235e+38	2.154108856237633e+38	1.1824416914813585e+38	3.0642346752968764e+37	1.5232399782283942e+37	5.807477327956941e+36	3.861719933972677e+38	1.891742914984492e+38	1.1824416914813585e+38	7.875399261883299e+37
2119.6500537711267	7.533902960671011e+40	1.549657452613847e+39	8.978765577484459e+38	4.832216731598989e+38	3.153123237556068e+38	1.730825630778418e+38	4.485347007343072e+37	2.229679846380708e+37	8.500840336244077e+36	5.652671123926154e+38	2.7690798714264435e+38	1.730825630778418e+38	1.1527797050596836e+38
2183.911895336421	9.19923668067429e+40	2.0856910498185085e+39	1.2111759241797485e+39	6.531174128828347e+38	4.266346031719315e+38	2.3447947380246846e+38	6.088082856728874e+37	3.0284357992232363e+37	1.15540925239857e+37	7.636660874985583e+38	3.747813795299702e+38	2.3447947380246846e+38	1.5627705574410881e+38
2250.061837313543	1.15332966146004e+41	2.763614146186329e+39	1.6069769671683592e+39	8.675538752946652e+38	5.670715992011011e+38	3.118904145513114e+38	8.107131409590567e+37	4.0343737702814483e+37	1.5398152601894347e+37	1.014130672643095e+39	4.982355836025881e+38	3.118904145513114e+38	2.0795396461729564e+38
2318.1645270781837	1.292897653412793e+41	3.444263868529899e+39	2.008048736257511e+39	1.0865808017128593e+39	7.111380270589889e+38	3.916925123884283e+38	1.0204300511257932e+38	5.081968957083888e+37	1.9412076921617615e+37	1.2694951313648312e+39	6.2502843056970985e+38	3.916925123884283e+38	2.6137131781598623e+38
2388.287513490225	1.4412473985573568e+41	4.1861249385081816e+39	2.4460732529367363e+39	1.3262099685483324e+39	8.68908449839215e+38	4.791819990734596e+38	1.2507417689502148e+38	6.233125680323332e+37	2.3825484425055007e+37	1.548767472926825e+39	7.639185535413199e+38	4.791819990734596e+38	3.1997013466124305e+38
2460.5014070616976	1.4818202078740972e+41	4.8427391136976676e+39	2.8389306896803225e+39	1.5435627139599838e+39	1.0128836364774501e+39	5.595676776191562e+38	1.4645579059052555e+38	7.305647634563663e+37	2.7952295053871846e+37	1.8014343902306102e+39	8.908709962507799e+38	5.595676776191562e+38	3.7401222363962985e+38
2534.880050821227	1.514913106846293e+41	5.481565893562728e+39	3.2229332264530545e+39	1.7568657336384492e+39	1.1544817685873126e+39	6.3881866251581875e+38	1.6761393207095851e+38	8.368317452899213e+37	3.2046505659030747e+37	2.0491696720442536e+39	1.0157999461208182e+39	6.3881866251581875e+38	4.273625817045118e+38
2611.5007026881544	1.461007862880723e+41	5.976319687341847e+39	3.5271035974240534e+39	1.928993617321578e+39	1.2698737578921073e+39	7.041074629466398e+38	1.8532884772831018e+38	9.262933176815885e+37	3.5512261771190234e+37	2.2482538462252908e+39	1.1178739706193972e+39	7.041074629466398e+38	4.715725996505776e+38
2690.4442305675107	1.4166803892860047e+41	6.43828570209604e+39	3.8128194974400764e+39	2.0914884294846426e+39	1.3790984790847744e+39	7.660903803683399e+38	2.022219025102666e+38	1.0117339911136464e+38	3.882731856171059e+37	2.4359854021074135e+39	1.214561273785249e+39	7.660903803683399e+38	5.136117555038266e+38
2771.79532074936	1.3233261885507342e+41	6.773596341559256e+39	4.02796910477164e+39	2.2174320781185472e+39	1.4650108941524335e+39	8.156256524805366e+38	2.160362565519557e+38	1.0821352611296663e+38	4.1579506143376727e+37	2.5805692728720237e+39	1.2909064136796141e+39	8.156256524805366e+38	5.474929975600684e+38
2855.642700674639	1.257563243709605e+41	7.123867819819773e+39	4.252108473928599e+39	2.348415849394879e+39	1.5542979080901992e+39	8.67073357068766e+38	2.3037380002131495e+38	1.155190145233958e+38	4.443502349883223e+37	2.7309901639634856e+39	1.370236971967236e+39	8.67073357068766e+38	5.826720654951047e+38
2942.079377576934	1.1699449500439387e+41	7.408630236038242e+39	4.441411459516366e+39	2.4622552120658556e+39	1.6330091590507394e+39	9.13115206909236e+38	2.4348026421947366e+38	1.2224333611316152e+38	4.708124205680683e+37	2.8609142628189e+39	1.4404290721608987e+39	9.13115206909236e+38	6.1440325879767015e+38
3031.202894110018	1.1133292486703855e+41	7.764912305813962e+39	4.6737546889115775e+39	2.600095055450633e+39	1.7277036792320784e+39	9.681429561872555e+38	2.5900650272118063e+38	1.3018718412164538e+38	5.019907299288864e+37	3.01868222583493e+39	1.5247367728999536e+39	9.681429561872555e+38	6.522008957851092e+38
3123.1156026950034	1.0471067020952427e+41	8.109202738148878e+39	4.9037149364362035e+39	2.7390057859537035e+39	1.8239958207499063e+39	1.0246359362637547e+39	2.7516309440604423e+38	1.3848992992339726e+38	5.347190247363634e+37	3.177054504871698e+39	1.6106670919647843e+39	1.0246359362637547e+39	6.911994260786317e+38
3217.9248476726493	1.28368709538696e+41	9.406476139894778e+39	5.674379378117308e+39	3.162821644628802e+39	2.1038235215609682e+39	1.1803047065126133e+39	3.1634096005019984e+38	1.5910598300362053e+38	6.138923218376595e+37	3.6704004385607583e+39	1.857195090752085e+39	1.1803047065126133e+39	7.95645183510309e+38
3315.744221644632	1.3712681920949819e+41	1.0383836667273241e+40	6.272943914950905e+39	3.5007807328056576e+39	2.3301937921858498e+39	1.3083005227898404e+39	3.510551901245527e+38	1.7663694637650566e+38	6.818128152045785e+37	4.0614548561871244e+39	2.0574016650488333e+39	1.3083005227898404e+39	8.822967289373992e+38
3416.984618682791	1.387911854510374e+41	1.1235862070941314e+40	6.808222498302729e+39	3.809444090375728e+39	2.5392556173611445e+39	1.427972952477191e+39	3.841113768651725e+38	1.934339698082799e+38	7.4729441240405915e+37	4.4169313204040283e+39	2.2428483096714322e+39	1.427972952477191e+39	9.638535133623383e+38
3521.7502045891815	1.3492556232905596e+41	1.1958259980507806e+40	7.278815109519735e+39	4.0887200769940575e+39	2.731227068165966e+39	1.5396350575105648e+39	4.15679144638017e+38	2.0959828340006842e+38	8.107921168546198e+37	4.73653109172473e+39	2.413797001642411e+39	1.5396350575105648e+39	1.0406014088993718e+39
3630.1256123029934	1.3277196621514231e+41	1.2811523023377607e+40	7.831756829860925e+39	4.4156448803321253e+39	2.955554623216845e+39	1.669882398441557e+39	4.5241276611460276e+38	2.2839388207161134e+38	8.845739892699975e+37	5.110955298105048e+39	2.613469012998083e+39	1.669882398441557e+39	1.1300419551204058e+39
3742.2590704361974	1.2706204772863229e+41	1.3508652264919325e+40	8.304142689542935e+39	4.704613927396726e+39	3.1572496172173116e+39	1.7891366633791616e+39	4.869250909559345e+38	2.4620175049901537e+38	9.550594381517953e+37	5.439465518086075e+39	2.793794015833215e+39	1.7891366633791616e+39	1.2127179646301608e+39
3858.3784848914283	1.2376674399985945e+41	1.4353128079899342e+40	8.8678086142782e+39	5.0457809819708413e+39	3.394186988633867e+39	1.9285144110184925e+39	5.269864672398135e+38	2.668291729607474e+38	1.0365391512012877e+38	5.828186839654192e+39	3.0053587077206924e+39	1.9285144110184925e+39	1.3090958364444191e+39
3978.635778413329	1.1839923902633438e+41	1.5035017242090456e+40	9.346319309595927e+39	5.3463451901520053e+39	3.6067690813123626e+39	2.0559895940321143e+39	5.646243214560918e+38	2.8637691291176838e+38	1.1144109910534146e+38	6.167919543460709e+39	3.196072018296283e+39	2.0559895940321143e+39	1.3981272549351537e+39
4103.219297712685	1.1472499951760898e+41	1.585058744239043e+40	9.909454222748117e+39	5.696267706928065e+39	3.853048916179052e+39	2.202954241086423e+39	6.077447915872319e+38	3.0872991366511093e+38	1.203299205856991e+38	6.564328091196191e+39	3.416746520673647e+39	2.202954241086423e+39	1.5005237753981652e+39
4232.308852383446	1.3849237422935403e+41	1.8280808223482273e+40	1.1402064436623344e+40	6.541436200773771e+39	4.420123429012812e+39	2.5242519099510583e+39	6.951804967507328e+38	3.5294014374247585e+38	1.3748039694716597e+38	7.541610975262056e+39	3.9185185769125906e+39	2.5242519099510583e+39	1.7182954739638652e+39
4366.141849995503	1.4266810688290735e+41	2.0025545231070838e+40	1.2522272136670922e+40	7.199265001213174e+39	4.870022626943886e+39	2.7845768598103964e+39	7.682574107501197e+38	3.9027663601230776e+38	1.5211590321914827e+38	8.29611522336334e+39	4.318632092357287e+39	2.7845768598103964e+39	1.8967468756454286e+39
4504.939986836743	1.3572250839577518e+41	2.0813649129031356e+40	1.3103422402010555e+40	7.57745450339236e+39	5.142122232546172e+39	2.9506753626227145e+39	8.185234805202131e+38	4.1658937287584176e+38	1.6267900489215661e+38	8.720371577125459e+39	4.563813160116244e+39	2.9506753626227145e+39	2.0138251981132437e+39
4648.878317538185	1.3444648487363132e+41	2.2069832506692558e+40	1.3966872575122756e+40	8.113017045447873e+39	5.518927408301654e+39	3.175541708245017e+39	8.845559335930101e+38	4.5083543564264645e+38	1.7630462919537408e+38	9.327244708032056e+39	4.9014332917153875e+39	3.175541708245017e+39	2.1705312090405413e+39
4798.393645818934	1.2888951190754525e+41	2.2927962991000526e+40	1.4612421293815437e+40	8.539720677912047e+39	5.82839616322867e+39	3.3660952577409765e+39	9.429520939921835e+38	4.8153125712807584e+38	1.886782137216036e+38	9.804283774362499e+39	5.180872841421208e+39	3.3660952577409765e+39	2.3054674413057383e+39
4953.327826947373	1.2567534961889598e+41	2.405262303743835e+40	1.5430016431094594e+40	9.06855331111666e+39	6.208278177692403e+39	3.5978342929573597e+39	1.0131383998539683e+39	5.182963701816762e+38	2.034499596784107e+38	1.0398118923530769e+40	5.523085351597583e+39	3.5978342929573597e+39	2.4688241012331433e+39
5113.8072632348885	1.2047811655975155e+41	2.491911682113739e+40	1.6111995730370678e+40	9.533909551689343e+39	6.550994011272452e+39	3.812258056003212e+39	1.0803212090436397e+39	5.538617717491753e+38	2.1788604402857915e+38	1.091485738046823e+40	5.833764686033538e+39	3.812258056003212e+39	2.621921577452752e+39
5280.449130138749	1.3983318967976778e+41	2.844157050194693e+40	1.8357239598500551e+40	1.08463632323737e+40	7.446901725843708e+39	4.329795648712742e+39	1.2253642922739954e+39	6.279430089810267e+38	2.46918789048433e+38	1.242156723953903e+40	6.630179937462983e+39	4.329795648712742e+39	2.976439591321926e+39
5453.333949409187	1.4003409598519626e+41	3.055458737252018e+40	1.9818750883266101e+40	1.1758004216335992e+40	8.090307986879725e+39	4.715123685486578e+39	1.3391300879572284e+39	6.870541247165384e+38	2.704815578895815e+38	1.345325856805809e+40	7.207163011041812e+39	4.715123685486578e+39	3.245492137528674e+39
5632.769303992302	1.3458441291333488e+41	3.1483864448849857e+40	2.0594830696361774e+40	1.2308377857246161e+40	8.502894121624129e+39	4.977945639817165e+39	1.423486614686733e+39	7.320481068351907e+38	2.8887793322466445e+38	1.4059527402873423e+40	7.58285732819293e+39	4.977945639817165e+39	3.434859311851876e+39
5819.36923246524	1.3026563072802015e+41	3.2792653111756864e+40	2.161886436114653e+40	1.3006773548658592e+40	9.017679266336294e+39	5.3005656099745705e+39	1.5249319989651195e+39	7.8582896241868e+38	3.1074135823618393e+38	1.4834919997809497e+40	8.04967947398925e+39	5.3005656099745705e+39	3.665477212194477e+39
6013.056723911386	1.2646631521350964e+41	3.387679864586894e+40	2.252599486565959e+40	1.3654074036292419e+40	9.505053060174641e+39	5.612733665145961e+39	1.62603724442926e+39	8.39930151361069e+38	3.329340924977734e+38	1.5546785626841064e+40	8.494034845910362e+39	5.612733665145961e+39	3.891115584761328e+39
6214.470594631347	1.2049211256344143e+41	3.4752499462713865e+40	2.333294329156329e+40	1.426162241042374e+40	9.972906891560937e+39	5.918898760574433e+39	1.7278891428898768e+39	8.948633229450633e+38	3.55636449753758e+38	1.6207891029897627e+40	8.92292844029973e+39	5.918898760574433e+39	4.114718876109266e+39
6424.378899588195	1.3650332458526215e+41	3.9149106101115804e+40	2.6262776632779795e+40	1.6041821373646527e+40	1.1214062899264511e+40	6.653207473421523e+39	1.9413239965453773e+39	1.0052487476915602e+39	3.994478560552503e+38	1.8233656708716673e+40	1.0032554585174443e+40	6.653207473421523e+39	4.6243679304321407e+39
6643.134566998486	1.3621653875013711e+41	4.151658369858289e+40	2.804106754603533e+40	1.7225406086509242e+40	1.2077578543064673e+40	7.189214736263044e+39	2.1079542940546855e+39	1.0933054090538858e+39	4.3514117474861866e+38	1.9554119835750126e+40	1.0813688345836282e+40	7.189214736263044e+39	5.0057977589807005e+39
6871.2878812210165	1.3068266417466141e+41	4.247549743416202e+40	2.8979957807895736e+40	1.7958774406660064e+40	1.2651859997895228e+40	7.57146731460375e+39	2.2380706129236945e+39	1.163990249076849e+39	4.6455786599114435e+38	2.0346116731743067e+40	1.1342373191273663e+40	7.57146731460375e+39	5.287389284523058e+39
7110.691317824411	1.2426320874816423e+41	4.3001230326945997e+40	2.966272277617195e+40	1.8558800816645765e+40	1.3143037511173572e+40	7.91182000569763e+39	2.359610556388803e+39	1.2309298859760539e+39	4.927747759232446e+38	2.098013561843281e+40	1.1799283300533424e+40	7.91182000569763e+39	5.542873051181283e+39
7361.294612160359	1.3638228715080333e+41	4.771608130978032e+40	3.2952948236662263e+40	2.0637574997614327e+40	1.4622929832893652e+40	8.807917629410618e+39	2.6292278420710276e+39	1.3720014331652665e+39	5.494194122030267e+38	2.3324952822414865e+40	1.3129736241057933e+40	8.807917629410618e+39	6.17266762200457e+39
7624.497856297648	1.3258712458640533e+41	4.953619972285838e+40	3.4542912522004413e+40	2.1809536583108873e+40	1.551988722730753e+40	9.392593290861328e+39	2.823400845604283e+39	1.4767553242511784e+39	5.9273721521937775e+38	2.4604724722298973e+40	1.395102159491997e+40	9.392593290861328e+39	6.59920286477077e+39
7900.9256773242305	1.2737963825277777e+41	4.98930807262075e+40	3.520201657370961e+40	2.2459448941545945e+40	1.60751877885312e+40	9.792954988320143e+39	2.973591320282826e+39	1.5606970592380638e+39	6.286162916022843e+38	2.527721782585236e+40	1.4472858416224906e+40	9.792954988320143e+39	6.905503755747981e+39
8191.518282929566	1.2521611368325824e+41	5.171793444875881e+40	3.686127025702846e+40	2.3721778679926555e+40	1.7057258852812106e+40	1.0444639596279339e+40	3.1957060995641404e+39	1.6815525075683316e+39	6.79015469351855e+38	2.6646058183816224e+40	1.5375968431145995e+40	1.0444639596279339e+40	7.385468573423852e+39
8495.753925728462	1.3175171450036562e+41	5.605156930102466e+40	4.0157645723340743e+40	2.595585237213372e+40	1.8706861866643213e+40	1.1484017513601618e+40	3.526982657689068e+39	1.8581979718933546e+39	7.512822202285222e+38	2.9127062577444187e+40	1.6873341886151946e+40	1.1484017513601618e+40	8.131583640475087e+39
8813.992099442596	1.3013090809558368e+41	5.765189064941026e+40	4.175046247602126e+40	2.7244215237635573e+40	1.9739101667784874e+40	1.21903424087306e+40	3.7781879600895947e+39	1.996746651951495e+39	8.098262555015292e+38	3.0506089835419794e+40	1.7829777113032194e+40	1.21903424087306e+40	8.660111386262713e+39
9148.4020070675	1.2562576012074272e+41	5.829669493945961e+40	4.2763001785063343e+40	2.8223733038751704e+40	2.0576986975163413e+40	1.279804681930984e+40	4.0094371991685956e+39	2.1267305471347764e+39	8.65717899932439e+38	3.1520920060977743e+40	1.861800486932579e+40	1.279804681930984e+40	9.127187540911397e+39
9500.695535870256	1.3102680382998101e+41	6.240933988112786e+40	4.608739359205397e+40	3.059286326070108e+40	2.237305329954446e+40	1.3962832328781472e+40	4.396585548829614e+39	2.3360306456757586e+39	9.525139039801858e+38	3.412257062369879e+40	2.02597352065587e+40	1.3962832328781472e+40	9.976295016930648e+39
9871.450624451498	1.285516870125381e+41	6.401143185975902e+40	4.78531330280606e+40	3.210435126676463e+40	2.361438141654694e+40	1.4833357840634563e+40	4.7164300284969695e+39	2.5142230032859176e+39	1.0285427896010627e+39	3.5722116685338787e+40	2.141699436656045e+40	1.4833357840634563e+40	1.0635759123204187e+40
10259.849556501864	1.2880789550074237e+41	6.67380974266939e+40	5.046115637806179e+40	3.4184149017785063e+40	2.527560322445113e+40	1.596924648130831e+40	5.1215909507722607e+39	2.7380888439524627e+39	1.1233398794548247e+39	3.7953008253299e+40	2.2955590980259217e+40	1.596924648130831e+40	1.1486208936515445e+40
10669.623498493584	1.2800513620447033e+41	6.800160344579768e+40	5.201386784558446e+40	3.561317353878013e+40	2.6491416701728833e+40	1.6854351280473302e+40	5.464332138283189e+39	2.9322750055234035e+39	1.2075578906460637e+39	3.9442061428287674e+40	2.4099473936138677e+40	1.6854351280473302e+40	1.2169926725865632e+40
11099.883351659044	1.2518294027559228e+41	6.864119042373301e+40	5.324687223842501e+40	3.692401465667041e+40	2.766253414878501e+40	1.7743395910712715e+40	5.825177113539233e+39	3.1393746797594204e+39	1.2984399339270189e+39	4.077414524651244e+40	2.521355808651514e+40	1.7743395910712715e+40	1.2869739027997443e+40
11552.241109671471	1.3026948550577393e+41	7.343064219428665e+40	5.749289087723787e+40	4.0175112759029583e+40	3.0218895706532124e+40	1.946764757939089e+40	6.431343307746977e+39	3.4730962691012784e+39	1.4393215074823754e+39	4.428854869315133e+40	2.757267917582572e+40	1.946764757939089e+40	1.4152988377148776e+40
12028.475515883712	1.2643870116609233e+41	7.353332069267841e+40	5.851208532880685e+40	4.1479540406778787e+40	3.1448870791502575e+40	2.0443504572671544e+40	6.846985042021102e+39	3.7147966011136576e+39	1.546663222166127e+39	4.557615315775493e+40	2.875664896160755e+40	2.0443504572671544e+40	1.4936189337291032e+40
12530.564983073764	1.3118825207499689e+41	7.754126388897895e+40	6.228670267303329e+40	4.452838605260568e+40	3.3918085922257206e+40	2.216584190921351e+40	7.484191887346033e+39	4.0717146016422416e+39	1.699948779397918e+39	4.883181640968412e+40	3.1053640171817936e+40	2.216584190921351e+40	1.6241871163495715e+40
13060.69063095138	1.3013408982299293e+41	7.806289160474146e+40	6.361558415476886e+40	4.609076532152966e+40	3.537601173182664e+40	2.332274074577306e+40	7.983095576182298e+39	4.3635774257461083e+39	1.830412989100216e+39	5.03883013751309e+40	3.2455852933047516e+40	2.332274074577306e+40	1.717341688941449e+40
13625.076753008085	1.4731504400656926e+41	8.692010343753186e+40	7.072023564724125e+40	5.121398233666625e+40	3.931428062750391e+40	2.593355368888392e+40	8.891369089224902e+39	4.8638217777352033e+39	2.042055982166819e+39	5.599060433889684e+40	3.6072455937382707e+40	2.593355368888392e+40	1.9105059847128667e+40
14222.735346756486	1.780913784400663e+41	1.0109201852474485e+41	8.174729611971557e+40	5.895021194262685e+40	4.516661786569641e+40	2.973853062285618e+40	1.0172118199444825e+40	5.560625337708554e+39	2.333116294782877e+39	6.450479733396332e+40	4.142267284491113e+40	2.973853062285618e+40	2.188832936181451e+40
14861.781357279904	2.5302656625129023e+41	1.3011528120807185e+41	1.0257289065832536e+41	7.248590346007009e+40	5.497414738565878e+40	3.5810418098230827e+40	1.2072155204644386e+40	6.569873320130613e+39	2.7449149799243857e+39	7.966842706068424e+40	5.02845774577243e+40	3.5810418098230827e+40	2.6213066239369606e+40
15540.738325490736	4.250961209938348e+41	1.927315810482203e+41	1.4620638262902382e+41	9.99321424750005e+40	7.443698624034593e+40	4.752674611234483e+40	1.555515523161342e+40	8.383147074009031e+39	3.468983251062031e+39	1.1066763684085097e+41	6.776014326174284e+40	4.752674611234483e+40	3.4415550858814544e+40
16263.467950882796	6.824705246396437e+41	2.7456960970103122e+41	2.0277689308836152e+41	1.3530212458681865e+41	9.943619372734135e+40	6.251427690426776e+40	1.9975487694219357e+40	1.0676590199957554e+40	4.3812469808602105e+39	1.506700757990817e+41	9.01859360691417e+40	6.251427690426776e+40	4.488135212974644e+40
17040.539842467042	1.128161098412048e+42	3.863369329659731e+41	2.7695766184731275e+41	1.8015975513422145e+41	1.3060959908610985e+41	8.087788783970623e+40	2.5269297643820756e+40	1.3405303595651725e+40	5.460269681763593e+39	2.0177744329071295e+41	1.1802892637450477e+41	8.087788783970623e+40	5.75920932406448e+40
17877.674948322176	1.8272858109655215e+42	5.488019411446945e+41	3.837316410674476e+41	2.4407144921551724e+41	1.7473682943394357e+41	1.0665652622834622e+41	3.2588942323525466e+40	1.715580290193159e+40	6.933794991519492e+39	2.7477557953881957e+41	1.5736755394939344e+41	1.0665652622834622e+41	7.534470471912722e+40
18781.566207179516	2.7027025961621116e+42	7.297351411427406e+41	5.02568770536517e+41	3.152336071237613e+41	2.238981304809105e+41	1.3540282989588443e+41	4.0768092931711717e+40	2.135051001094318e+40	8.583547170534809e+39	3.5604135134163716e+41	2.0120248714385748e+41	1.3540282989588443e+41	9.515386304322465e+40
19751.880535762233	3.83013191286395e+42	9.389629045516564e+41	6.3809996869100695e+41	3.956123781879363e+41	2.7921002437637452e+41	1.6765080712602718e+41	4.993592107303628e+40	2.605631371592855e+40	1.0437103435680792e+40	4.48010652883995e+41	2.5047959375531355e+41	1.6765080712602718e+41	1.1735729125832878e+41
20804.11813127476	5.095184389332809e+42	1.1735247052513225e+42	7.908603697986925e+41	4.865556091128658e+41	3.4189065980712402e+41	2.0424034026095426e+41	6.034415409832844e+40	3.139774720006741e+40	1.254014233058403e+40	5.519873307350729e+41	3.063411312439183e+41	2.0424034026095426e+41	1.4256017737012574e+41
21945.564939412536	6.416367112910775e+42	1.4178069060561254e+42	9.502799564849199e+41	5.817872124449228e+41	4.077041327404184e+41	2.428085567778005e+41	7.140243147864644e+40	3.709160415545843e+40	1.4790175225099081e+40	6.607649944599056e+41	3.650441463345113e+41	2.428085567778005e+41	1.69194088535833e+41
23190.635559563092	7.600714371009121e+42	1.6450477869316228e+42	1.1004254476355574e+42	6.72669900358901e+41	4.710291464818815e+41	2.802956632362934e+41	8.233620811707355e+40	4.275700639078239e+40	1.7043770708141652e+40	7.642426424439233e+41	4.216593455162731e+41	2.802956632362934e+41	1.95235344637499e+41
24553.13483569714	8.526085138024066e+42	1.8685433378598464e+42	1.2522816824547821e+42	7.666737117504675e+41	5.372758827776658e+41	3.1998341942854577e+41	9.410195389500603e+40	4.888427761560394e+40	1.9492823094273867e+40	8.707480234912799e+41	4.810607538967615e+41	3.1998341942854577e+41	2.2297503002974647e+41
26049.335988340914	9.102765556665261e+42	2.0654733174904117e+42	1.3892364721379869e+42	8.533215632742937e+41	5.991255585598228e+41	3.5761125111778585e+41	1.0554475113277898e+41	5.489898163264388e+40	2.1920200059612145e+40	9.68416509948205e+41	5.367181881484477e+41	3.5761125111778585e+41	2.495096006921134e+41
27696.795711808445	9.240975909052864e+42	2.2122394692127335e+42	1.5000490397008584e+42	9.280690159956096e+41	6.542178756055441e+41	3.922759000095775e+41	1.1658467465196606e+41	6.078619529254244e+40	2.4329256025885897e+40	1.0515020756911931e+42	5.867067945006901e+41	3.922759000095775e+41	2.7438212939376805e+41
29516.704241082964	8.907304863133155e+42	2.3061990399966004e+42	1.5810263758750244e+42	9.878347680175876e+41	7.001770227403528e+41	4.224828251400047e+41	1.2679439507209716e+41	6.633375153965389e+40	2.664098051404059e+40	1.1166884064720211e+42	6.2886049566477e+41	4.224828251400047e+41	2.965447533371534e+41
31535.388237275147	8.119734022416425e+42	2.322520765556118e+42	1.6175195081913177e+42	1.0248989470939252e+42	7.321066065193813e+41	4.4567325689161875e+41	1.355853807134013e+41	7.126529475279662e+40	2.875699163985304e+40	1.1548713067783339e+42	6.589219383697624e+41	4.4567325689161875e+41	3.143535152834157e+41
33784.14678143183	6.900301432000852e+42	2.2116221196428862e+42	1.5739445413695393e+42	1.0169792720865736e+42	7.344720955182523e+41	4.528118315319964e+41	1.405070123191323e+41	7.436136203257437e+40	3.0216118413682073e+40	1.1407869826520917e+42	6.630350000802833e+41	4.528118315319964e+41	3.216508814371137e+41
36301.614020387344	5.437729833457862e+42	1.9759276293769223e+42	1.4496265387810155e+42	9.626542692357182e+41	7.059727702480082e+41	4.429773504068836e+41	1.4127204124103094e+41	7.547891482924192e+40	3.0965977954796684e+40	1.0730573920026187e+42	6.399730314509553e+41	4.429773504068836e+41	3.177623982244397e+41
39133.64848110044	4.0209660371005495e+42	1.596925941652758e+42	1.2188248534772688e+42	8.402623838515398e+41	6.2967165144955134e+41	4.052293799547166e+41	1.3452564682358954e+41	7.28927297020429e+40	3.033549438010273e+40	9.28454074882994e+41	5.742139093846851e+41	4.052293799547166e+41	2.9485883494912513e+41
42341.093257777145	2.810626686114514e+42	1.172654339219762e+42	9.391816575583661e+41	6.788670867812887e+41	5.231980302575897e+41	3.481870879209285e+41	1.2204545275837149e+41	6.741651842474795e+40	2.8611443073547053e+40	7.417418118912614e+41	4.808654057696456e+41	3.481870879209285e+41	2.5825578305850543e+41
46002.683864110666	1.855159805598794e+42	7.728438422465928e+41	6.461687198951417e+41	4.917215262123681e+41	3.919069797631692e+41	2.7211469242879118e+41	1.0259223847469617e+41	5.821040840430271e+40	2.5397227333930794e+40	5.303991896796587e+41	3.637065602846748e+41	2.7211469242879118e+41	2.0697895618616863e+41
50233.20605025996	1.3462803163717452e+42	5.5653467486469035e+41	4.5977717107437e+41	3.537021734178758e+41	2.8705816867677175e+41	2.0587387155032517e+41	8.3482513219779735e+40	4.8825450148070945e+40	2.2005262133905064e+40	3.79690610748221e+41	2.681547932088579e+41	2.0587387155032517e+41	1.602623963431298e+41
55170.52269412037	1.0702970375514812e+42	4.907010128894509e+41	4.028890608515519e+41	3.052087214233316e+41	2.45619771476155e+41	1.7545865855579814e+41	7.260932175952233e+40	4.320429871706326e+40	1.992189348985935e+40	3.289084446687483e+41	2.2905460649431024e+41	1.7545865855579814e+41	1.3695772171555394e+41
61004.079154156585	8.802169417253325e+41	4.438223504913921e+41	3.757380780713965e+41	2.914245060393928e+41	2.3711228467574457e+41	1.7111305018183894e+41	7.176442151864185e+40	4.2979252501227637e+40	2.000437883997826e+40	3.1247945405216704e+41	2.217071656961747e+41	1.7111305018183894e+41	1.3419592291503597e+41
68000.11853865584	7.182689917014562e+41	3.965502100762778e+41	3.489606308499065e+41	2.7812494217159037e+41	2.2969912630063156e+41	1.6904016447410096e+41	7.353797541889451e+40	4.461669228244312e+40	2.102620374976249e+40	2.964380609299502e+41	2.1570945234464254e+41	1.6904016447410096e+41	1.3422839858781338e+41
76546.4336178687	5.735207690237205e+41	3.378229787736864e+41	3.1703506037559415e+41	2.622061296937311e+41	2.190268672464018e+41	1.6249093398762293e+41	7.215905489350656e+40	4.440804651479405e+40	2.1310380868267052e+40	2.7764703548762573e+41	2.0613879284065207e+41	1.6249093398762293e+41	1.2965074844007497e+41
87232.59509040607	4.425571907818557e+41	2.53948107569645e+41	2.6924264564289944e+41	2.4435818438923925e+41	2.1238867031595757e+41	1.6239889325236917e+41	7.31729950998502e+40	4.51036905056041e+40	2.1745145943833307e+40	2.538024297080367e+41	2.016519619581593e+41	1.6239889325236917e+41	1.3074566678453812e+41
101006.86766288253	3.21488566143794e+41	1.5002518006297719e+41	1.899227873432213e+41	2.0057875657012924e+41	1.8839212159871843e+41	1.5558698169280666e+41	7.568331455050876e+40	4.722006179411613e+40	2.2939688634614644e+40	2.014106307683859e+41	1.824196753702437e+41	1.5558698169280666e+41	1.296571881163368e+41
116957.07770217751	2.2049483668788055e+41	6.344988030158462e+40	1.0170160713749383e+41	1.3283937335321457e+41	1.4014467994916221e+41	1.3150088887465073e+41	7.580624562753244e+40	4.947481176470788e+40	2.4955072710218694e+40	1.2705994784359534e+41	1.399716644240649e+41	1.3150088887465073e+41	1.1707404022771895e+41
135427.04801669493	1.4702687265203475e+41	1.9072593867560283e+40	4.0250615723665844e+40	6.8740753654891685e+40	8.448199243047714e+40	9.435958822609165e+40	7.019314792723718e+40	4.94854901226838e+40	2.670123592999236e+40	6.17608278924701e+40	8.795586056637609e+40	9.435958822609165e+40	9.234481996268817e+40
156814.9805896976	9.508739549722099e+40	4.367631795526478e+39	1.1287328153907762e+40	2.605491450648263e+40	3.871350202881194e+40	5.419973225653868e+40	5.715313238247858e+40	4.509914494930375e+40	2.69751635466148e+40	2.172037513878694e+40	4.2500692368550544e+40	5.419973225653868e+40	6.019449263448461e+40
181582.0108866407	5.989042620755272e+40	1.3831313374588086e+39	2.925496300160115e+39	7.862774507456948e+39	1.3902830117387527e+40	2.4665814450171908e+40	3.871054294120235e+40	3.500668955817234e+40	2.386860612088257e+40	6.189739197113115e+39	1.6101486817832476e+40	2.4665814450171908e+40	3.1524806797712127e+40
210262.15367396348	3.703840269159537e+40	7.522302527049198e+38	1.0596515064769664e+39	2.224816438422543e+39	4.1737713044032014e+39	9.06859336610118e+39	2.211836632370192e+40	2.354456267276855e+40	1.8861024847299911e+40	1.7849931334243856e+39	5.020229867997501e+39	9.06859336610118e+39	1.3433874287993848e+40
243473.82066596785	2.263301907202768e+40	4.97265774990087e+38	6.058349595505746e+38	8.39962371555706e+38	1.2679885247704793e+39	2.7626011915422415e+39	1.0483356674529973e+40	1.3657257658335554e+40	1.3459494798656193e+40	7.548847468536885e+38	1.483966244957097e+39	2.7626011915422415e+39	4.603878621908587e+39
281933.1584061474	1.3730095866468262e+40	3.3519632488843912e+38	4.060452719573453e+38	4.925992786670656e+38	5.8096136001367526e+38	8.956167967817026e+38	4.0341011767451646e+39	6.613562677006237e+39	8.436208531116224e+39	4.6890935847187955e+38	6.220921777769677e+38	8.956167967817026e+38	1.40613321042245e+39
326469.4940624297	8.30998585629878e+39	2.2405359505457536e+38	2.749443274848506e+38	3.3360651911127254e+38	3.731684275850477e+38	4.432167562986841e+38	1.324150375625289e+39	2.625929649425021e+39	4.5064372764838485e+39	3.1891247361831192e+38	3.856377504913885e+38	4.432167562986841e+38	5.417589081410705e+38
378043.222275116	5.039791053857636e+39	1.4793102887921483e+38	1.8411890297625494e+38	2.2721385811906217e+38	2.561695408301724e+38	2.9296803129073964e+38	4.7628523238007544e+38	9.001371491685429e+38	2.0036639186906204e+39	2.162822444504493e+38	2.645677489284882e+38	2.9296803129073964e+38	3.1781869635259846e+38
437766.51884015166	3.0740046281744154e+39	9.626028552755142e+37	1.215992533666871e+38	1.5267041764321269e+38	1.7445016478994623e+38	2.0294947222203187e+38	2.535714354323458e+38	3.387431491134779e+38	7.540477326641018e+38	1.4465949069885428e+38	1.8093243451062114e+38	2.0294947222203187e+38	2.191716186956083e+38
506927.327978702	1.8912602304942415e+39	6.158804178184453e+37	7.910158095960815e+37	1.0100674959799452e+38	1.169103227366094e+38	1.3889020066198525e+38	1.732602503698062e+38	1.8487962340403633e+38	2.7898653627905786e+38	9.528850454824806e+37	1.2177080493272108e+38	1.3889020066198525e+38	1.5227206788062301e+38
587017.1405478478	1.1762305055018268e+39	3.863177691091106e+37	5.062152176858303e+37	6.577649778352194e+37	7.70610072970963e+37	9.33646642892375e+37	1.228355578109342e+38	1.281905090453728e+38	1.3641924375688516e+38	6.178789848947996e+37	8.058209052425877e+37	9.33646642892375e+37	1.0396205810294047e+38
679763.1623093261	7.4050261436806e+38	2.366488282704057e+37	3.181586199184706e+37	4.2155606360888136e+37	4.997503920105193e+37	6.165528356080089e+37	8.56927118170165e+37	9.21893493088582e+37	9.108578532835016e+37	3.942293113496491e+37	5.245163975016788e+37	6.165528356080089e+37	6.964449651735159e+37
787165.5660570239	4.7219468132351505e+38	1.4083523345830638e+37	1.958567750838934e+37	2.6575280621952625e+37	3.189848835991862e+37	4.0031677689181314e+37	5.853312841045769e+37	6.51739048887629e+37	6.679726325205561e+37	2.472590911837559e+37	3.3600238387125067e+37	4.0031677689181314e+37	4.581257361185886e+37
911540.6310515022	3.04959106694157e+38	8.087893272828235e+36	1.1760764165897487e+37	1.6455692434573256e+37	2.003743267204575e+37	2.5579343375559095e+37	3.917184205332659e+37	4.505096869936749e+37	4.864584386547946e+37	1.521343561404241e+37	2.1187393660699345e+37	2.5579343375559095e+37	2.9626046409902913e+37
1055570.7001860412	1.9934405676884465e+38	4.444871193005592e+36	6.849091838987753e+36	9.980718497584437e+36	1.2374022662659272e+37	1.609456494541086e+37	2.571704897997215e+37	3.046890388721601e+37	3.460724226619258e+37	9.150648259645955e+36	1.3143063701330716e+37	1.609456494541086e+37	1.8856139538767711e+37
1222362.0323521642	1.3174612259839764e+38	2.3147562426025864e+36	3.839579580942458e+36	5.903210009753512e+36	7.494192871804988e+36	9.969802543366519e+36	1.6588198801103881e+37	2.0188436628170261e+37	2.4036548521512037e+37	5.352552481007951e+36	8.005503938200052e+36	9.969802543366519e+36	1.182094923130837e+37
1415511.7977547098	8.79155386833939e+37	1.1294857346397423e+36	2.0531639394920927e+36	3.3836718324636257e+36	4.4330839012226437e+36	6.071659585741783e+36	1.0528358129196182e+37	1.3125659303892936e+37	1.631717414599213e+37	3.023511958149656e+36	4.7714556122063635e+36	6.071659585741783e+36	7.299020711885451e+36
1639185.6611199058	5.915096213764557e+37	5.099300724869786e+35	1.036165175817528e+36	1.8645660966179087e+36	2.5461238154799026e+36	3.62463433530528e+36	6.583166317643312e+36	8.387612619618046e+36	1.084204092275948e+37	1.634966918761992e+36	2.768185406635731e+36	3.62463433530528e+36	4.433732407275311e+36
1898207.6260975588	4.00690192635061e+37	2.1006005701804603e+35	4.876078100674508e+35	9.782442714122566e+35	1.408870031916908e+36	2.1110340471789937e+36	4.057718670633015e+36	5.2764857181808235e+36	7.062923505953988e+36	8.376566042236776e+35	1.5521087324635983e+36	2.1110340471789937e+36	2.6422573389618725e+36
2198164.078605582	2.729180124458361e+37	7.775419774136536e+34	2.1112758923431164e+35	4.832050048690122e+35	7.439699311861289e+35	1.1915445549111326e+36	2.4644770400622482e+36	3.271746089260037e+36	4.518923253786504e+36	4.0185594891225556e+35	8.335963814058046e+35	1.1915445549111326e+36	1.5378025694862526e+36
2545524.273105189	1.8669070913867105e+37	2.542922800933179e+34	8.2883845294709625e+34	2.2190550739770026e+35	3.707938932037944e+35	6.4626851552535205e+35	1.4722333929676044e+36	2.0007054456290912e+36	2.8446711943742026e+36	1.781680328084505e+35	4.243407944868016e+35	6.4626851552535205e+35	8.684091267164763e+35
2947779.8604330914	1.2812803276317935e+37	7.21282029747413e+33	2.902986925407972e+34	9.343884717199672e+34	1.7226429759858902e+35	3.334034197652611e+35	8.619742477798616e+35	1.2059401838848857e+36	1.7646348779989954e+36	7.19586493848896e+34	2.0229623881634072e+35	3.334034197652611e+35	4.718487754727731e+35
3413606.466501711	8.815245410964388e+36	1.738281205252202e+33	8.91213559744343e+33	3.5530588948707867e+34	7.358155757368941e+34	1.6169422046241252e+35	4.919116222281705e+35	7.150469089801327e+35	1.0798487275094826e+36	2.605991690390048e+34	8.912244217562792e+34	1.6169422046241252e+35	2.441967278229174e+35
3953050.8067673403	6.075756909519995e+36	3.479200428096475e+32	2.3518438982195503e+33	1.1999461879083706e+34	2.8465052958338397e+34	7.276332817577394e+34	2.7158212054636662e+35	4.154796534631372e+35	6.5198096118640186e+35	8.317369328230973e+33	3.575722500668919e+34	7.276332817577394e+34	1.189802572748231e+35
4577747.372116732	4.1928626032042005e+36	5.638372011240946e+31	5.221041156220411e+32	3.534060610028206e+33	9.810173462737001e+33	2.9949832202576337e+34	1.4370495021417761e+35	2.3520326697580338e+35	3.879627554360588e+35	2.2954288234952607e+33	1.2858292869686747e+34	2.9949832202576337e+34	5.387123454903737e+34
