#t	Le	U	B	V	R	I	J	H	K	g	r	i	z
#----------------------------------------------- 
3.222521072820162	0.0	0.0	0.0	0.0	0.0	0.0	0.0	0.0	0.0	0.0	0.0	0.0	0.0
3.300580242386059	0.0	0.0	0.0	0.0	0.0	0.0	0.0	0.0	0.0	0.0	0.0	0.0	0.0
3.4565463009422355	0.0	0.0	0.0	0.0	0.0	0.0	0.0	0.0	0.0	0.0	0.0	0.0	0.0
3.64066608087205	0.0	0.0	0.0	0.0	0.0	0.0	0.0	0.0	0.0	0.0	0.0	0.0	0.0
3.8423158373686555	0.0	0.0	0.0	0.0	0.0	0.0	0.0	0.0	0.0	0.0	0.0	0.0	0.0
4.060016522516071	0.0	0.0	0.0	0.0	0.0	0.0	0.0	0.0	0.0	0.0	0.0	0.0	0.0
4.2940390167700535	0.0	0.0	0.0	0.0	0.0	0.0	0.0	0.0	0.0	0.0	0.0	0.0	0.0
4.545169273551609	0.0	0.0	0.0	0.0	0.0	0.0	0.0	0.0	0.0	0.0	0.0	0.0	0.0
4.8144123165028825	0.0	0.0	0.0	0.0	0.0	0.0	0.0	0.0	0.0	0.0	0.0	0.0	0.0
5.102898629582754	0.0	0.0	0.0	0.0	0.0	0.0	0.0	0.0	0.0	0.0	0.0	0.0	0.0
5.411848062102521	0.0	0.0	0.0	0.0	0.0	0.0	0.0	0.0	0.0	0.0	0.0	0.0	0.0
5.742553416079144	0.0	0.0	0.0	0.0	0.0	0.0	0.0	0.0	0.0	0.0	0.0	0.0	0.0
6.096371635701212	0.0	0.0	0.0	0.0	0.0	0.0	0.0	0.0	0.0	0.0	0.0	0.0	0.0
6.474718128631827	0.0	0.0	0.0	0.0	0.0	0.0	0.0	0.0	0.0	0.0	0.0	0.0	0.0
6.879062370874431	0.0	0.0	0.0	0.0	0.0	0.0	0.0	0.0	0.0	0.0	0.0	0.0	0.0
7.310923966830813	0.0	0.0	0.0	0.0	0.0	0.0	0.0	0.0	0.0	0.0	0.0	0.0	0.0
7.771868775574511	0.0	0.0	0.0	0.0	0.0	0.0	0.0	0.0	0.0	0.0	0.0	0.0	0.0
8.263504922488414	0.0	0.0	0.0	0.0	0.0	0.0	0.0	0.0	0.0	0.0	0.0	0.0	0.0
8.787478623740071	0.0	0.0	0.0	0.0	0.0	0.0	0.0	0.0	0.0	0.0	0.0	0.0	0.0
9.345469812998994	0.0	0.0	0.0	0.0	0.0	0.0	0.0	0.0	0.0	0.0	0.0	0.0	0.0
9.939187598652325	0.0	0.0	0.0	0.0	0.0	0.0	0.0	0.0	0.0	0.0	0.0	0.0	0.0
10.57036560535887	0.0	0.0	0.0	0.0	0.0	0.0	0.0	0.0	0.0	0.0	0.0	0.0	0.0
11.24075727104196	0.0	0.0	0.0	0.0	0.0	0.0	0.0	0.0	0.0	0.0	0.0	0.0	0.0
11.952131181400445	0.0	0.0	0.0	0.0	0.0	0.0	0.0	0.0	0.0	0.0	0.0	0.0	0.0
12.706266529204246	0.0	0.0	0.0	0.0	0.0	0.0	0.0	0.0	0.0	0.0	0.0	0.0	0.0
13.504948786314296	0.0	0.0	0.0	0.0	0.0	0.0	0.0	0.0	0.0	0.0	0.0	0.0	0.0
14.349965671929064	0.0	0.0	0.0	0.0	0.0	0.0	0.0	0.0	0.0	0.0	0.0	0.0	0.0
15.243103492750882	0.0	0.0	0.0	0.0	0.0	0.0	0.0	0.0	0.0	0.0	0.0	0.0	0.0
16.18614391919792	0.0	0.0	0.0	0.0	0.0	0.0	0.0	0.0	0.0	0.0	0.0	0.0	0.0
17.18086124795342	0.0	0.0	0.0	0.0	0.0	0.0	0.0	0.0	0.0	0.0	0.0	0.0	0.0
18.22902018566682	0.0	0.0	0.0	0.0	0.0	0.0	0.0	0.0	0.0	0.0	0.0	0.0	0.0
19.332374172771146	0.0	0.0	0.0	0.0	0.0	0.0	0.0	0.0	0.0	0.0	0.0	0.0	0.0
20.492664250516476	0.0	0.0	0.0	0.0	0.0	0.0	0.0	0.0	0.0	0.0	0.0	0.0	0.0
21.71161845980513	0.0	0.0	0.0	0.0	0.0	0.0	0.0	0.0	0.0	0.0	0.0	0.0	0.0
22.99095174761503	0.0	0.0	0.0	0.0	0.0	0.0	0.0	0.0	0.0	0.0	0.0	0.0	0.0
24.332366345993922	0.0	0.0	0.0	0.0	0.0	0.0	0.0	0.0	0.0	0.0	0.0	0.0	0.0
25.73755258057987	0.0	0.0	0.0	0.0	0.0	0.0	0.0	0.0	0.0	0.0	0.0	0.0	0.0
27.208190059761943	0.0	0.0	0.0	0.0	0.0	0.0	0.0	0.0	0.0	0.0	0.0	0.0	0.0
28.745949192357283	0.0	0.0	0.0	0.0	0.0	0.0	0.0	0.0	0.0	0.0	0.0	0.0	0.0
30.352492980681706	0.0	0.0	0.0	0.0	0.0	0.0	0.0	0.0	0.0	0.0	0.0	0.0	0.0
32.029479036593905	0.0	0.0	0.0	0.0	0.0	0.0	0.0	0.0	0.0	0.0	0.0	0.0	0.0
33.778561770781515	0.0	0.0	0.0	0.0	0.0	0.0	0.0	0.0	0.0	0.0	0.0	0.0	0.0
35.60139470882471	0.0	0.0	0.0	0.0	0.0	0.0	0.0	0.0	0.0	0.0	0.0	0.0	0.0
37.499632892302486	0.0	0.0	0.0	0.0	0.0	0.0	0.0	0.0	0.0	0.0	0.0	0.0	0.0
39.47493532806806	0.0	0.0	0.0	0.0	0.0	0.0	0.0	0.0	0.0	0.0	0.0	0.0	0.0
41.52896745390029	0.0	0.0	0.0	0.0	0.0	0.0	0.0	0.0	0.0	0.0	0.0	0.0	0.0
43.66340359411896	0.0	0.0	0.0	0.0	0.0	0.0	0.0	0.0	0.0	0.0	0.0	0.0	0.0
45.879929383491366	0.0	0.0	0.0	0.0	0.0	0.0	0.0	0.0	0.0	0.0	0.0	0.0	0.0
48.18024414256752	0.0	0.0	0.0	0.0	0.0	0.0	0.0	0.0	0.0	0.0	0.0	0.0	0.0
50.56606319167894	0.0	0.0	0.0	0.0	0.0	0.0	0.0	0.0	0.0	0.0	0.0	0.0	0.0
53.039120094656546	0.0	0.0	0.0	0.0	0.0	0.0	0.0	0.0	0.0	0.0	0.0	0.0	0.0
55.60116882661062	0.0	0.0	0.0	0.0	0.0	0.0	0.0	0.0	0.0	0.0	0.0	0.0	0.0
58.25398586274899	0.0	0.0	0.0	0.0	0.0	0.0	0.0	0.0	0.0	0.0	0.0	0.0	0.0
60.99937218763401	0.0	0.0	0.0	0.0	0.0	0.0	0.0	0.0	0.0	0.0	0.0	0.0	0.0
63.839155226148236	0.0	0.0	0.0	0.0	0.0	0.0	0.0	0.0	0.0	0.0	0.0	0.0	0.0
66.77519069890693	0.0	0.0	0.0	0.0	0.0	0.0	0.0	0.0	0.0	0.0	0.0	0.0	0.0
69.80936440591057	0.0	0.0	0.0	0.0	0.0	0.0	0.0	0.0	0.0	0.0	0.0	0.0	0.0
72.94359394336188	0.0	0.0	0.0	0.0	0.0	0.0	0.0	0.0	0.0	0.0	0.0	0.0	0.0
76.17983035881231	0.0	0.0	0.0	0.0	0.0	0.0	0.0	0.0	0.0	0.0	0.0	0.0	0.0
79.5200597504756	0.0	0.0	0.0	0.0	0.0	0.0	0.0	0.0	0.0	0.0	0.0	0.0	0.0
82.96630481665076	0.0	0.0	0.0	0.0	0.0	0.0	0.0	0.0	0.0	0.0	0.0	0.0	0.0
86.52062636131792	0.0	0.0	0.0	0.0	0.0	0.0	0.0	0.0	0.0	0.0	0.0	0.0	0.0
90.18512476189228	0.0	0.0	0.0	0.0	0.0	0.0	0.0	0.0	0.0	0.0	0.0	0.0	0.0
93.9619414051584	0.0	0.0	0.0	0.0	0.0	0.0	0.0	0.0	0.0	0.0	0.0	0.0	0.0
97.85326009706189	0.0	0.0	0.0	0.0	0.0	0.0	0.0	0.0	0.0	0.0	0.0	0.0	0.0
101.86130845201411	0.0	0.0	0.0	0.0	0.0	0.0	0.0	0.0	0.0	0.0	0.0	0.0	0.0
105.98835926696754	0.0	0.0	0.0	0.0	0.0	0.0	0.0	0.0	0.0	0.0	0.0	0.0	0.0
110.23673188545392	0.0	0.0	0.0	0.0	0.0	0.0	0.0	0.0	0.0	0.0	0.0	0.0	0.0
114.60879355633725	0.0	0.0	0.0	0.0	0.0	0.0	0.0	0.0	0.0	0.0	0.0	0.0	0.0
119.10696079193637	0.0	0.0	0.0	0.0	0.0	0.0	0.0	0.0	0.0	0.0	0.0	0.0	0.0
123.73370072988484	0.0	0.0	0.0	0.0	0.0	0.0	0.0	0.0	0.0	0.0	0.0	0.0	0.0
128.4915325027955	0.0	0.0	0.0	0.0	0.0	0.0	0.0	0.0	0.0	0.0	0.0	0.0	0.0
133.38302861970436	0.0	0.0	0.0	0.0	0.0	0.0	0.0	0.0	0.0	0.0	0.0	0.0	0.0
138.41081636293228	0.0	0.0	0.0	0.0	0.0	0.0	0.0	0.0	0.0	0.0	0.0	0.0	0.0
143.5775792039603	0.0	0.0	0.0	0.0	0.0	0.0	0.0	0.0	0.0	0.0	0.0	0.0	0.0
148.88605824162642	0.0	0.0	0.0	0.0	0.0	0.0	0.0	0.0	0.0	0.0	0.0	0.0	0.0
154.33905366584867	0.0	0.0	0.0	0.0	0.0	0.0	0.0	0.0	0.0	0.0	0.0	0.0	0.0
159.93942625000963	0.0	0.0	0.0	0.0	0.0	0.0	0.0	0.0	0.0	0.0	0.0	0.0	0.0
165.69009887489347	0.0	0.0	0.0	0.0	0.0	0.0	0.0	0.0	0.0	0.0	0.0	0.0	0.0
171.59405808713333	0.0	0.0	0.0	0.0	0.0	0.0	0.0	0.0	0.0	0.0	0.0	0.0	0.0
177.6543556948872	0.0	0.0	0.0	0.0	0.0	0.0	0.0	0.0	0.0	0.0	0.0	0.0	0.0
183.87411040357546	0.0	0.0	0.0	0.0	0.0	0.0	0.0	0.0	0.0	0.0	0.0	0.0	0.0
190.25650949419352	0.0	0.0	0.0	0.0	0.0	0.0	0.0	0.0	0.0	0.0	0.0	0.0	0.0
196.80481054693567	0.0	0.0	0.0	0.0	0.0	0.0	0.0	0.0	0.0	0.0	0.0	0.0	0.0
203.52234321280093	0.0	0.0	0.0	0.0	0.0	0.0	0.0	0.0	0.0	0.0	0.0	0.0	0.0
210.4125110357965	0.0	0.0	0.0	0.0	0.0	0.0	0.0	0.0	0.0	0.0	0.0	0.0	0.0
217.47879332829575	0.0	0.0	0.0	0.0	0.0	0.0	0.0	0.0	0.0	0.0	0.0	0.0	0.0
224.72474710221013	0.0	0.0	0.0	0.0	0.0	0.0	0.0	0.0	0.0	0.0	0.0	0.0	0.0
232.15400905869532	0.0	0.0	0.0	0.0	0.0	0.0	0.0	0.0	0.0	0.0	0.0	0.0	0.0
239.7702976390069	0.0	0.0	0.0	0.0	0.0	0.0	0.0	0.0	0.0	0.0	0.0	0.0	0.0
247.5774151393611	0.0	0.0	0.0	0.0	0.0	0.0	0.0	0.0	0.0	0.0	0.0	0.0	0.0
255.579249892505	0.0	0.0	0.0	0.0	0.0	0.0	0.0	0.0	0.0	0.0	0.0	0.0	0.0
263.77977851898345	0.0	0.0	0.0	0.0	0.0	0.0	0.0	0.0	0.0	0.0	0.0	0.0	0.0
272.1830682509521	0.0	0.0	0.0	0.0	0.0	0.0	0.0	0.0	0.0	0.0	0.0	0.0	0.0
280.79327933168724	0.0	0.0	0.0	0.0	0.0	0.0	0.0	0.0	0.0	0.0	0.0	0.0	0.0
289.6146674937775	0.0	0.0	0.0	0.0	0.0	0.0	0.0	0.0	0.0	0.0	0.0	0.0	0.0
298.6515865193137	0.0	0.0	0.0	0.0	0.0	0.0	0.0	0.0	0.0	0.0	0.0	0.0	0.0
307.90849088554035	0.0	0.0	0.0	0.0	0.0	0.0	0.0	0.0	0.0	0.0	0.0	0.0	0.0
317.3899384993793	0.0	0.0	0.0	0.0	0.0	0.0	0.0	0.0	0.0	0.0	0.0	0.0	0.0
327.10059352438304	0.0	0.0	0.0	0.0	0.0	0.0	0.0	0.0	0.0	0.0	0.0	0.0	0.0
337.0452293039754	0.0	0.0	0.0	0.0	0.0	0.0	0.0	0.0	0.0	0.0	0.0	0.0	0.0
347.23389899559777	0.0	0.0	0.0	0.0	0.0	0.0	0.0	0.0	0.0	0.0	0.0	0.0	0.0
357.67128676760706	0.0	0.0	0.0	0.0	0.0	0.0	0.0	0.0	0.0	0.0	0.0	0.0	0.0
368.3622158673558	0.0	0.0	0.0	0.0	0.0	0.0	0.0	0.0	0.0	0.0	0.0	0.0	0.0
379.3116507741074	0.0	0.0	0.0	0.0	0.0	0.0	0.0	0.0	0.0	0.0	0.0	0.0	0.0
390.52469951631554	0.0	0.0	0.0	0.0	0.0	0.0	0.0	0.0	0.0	0.0	0.0	0.0	0.0
402.00661616565384	0.0	0.0	0.0	0.0	0.0	0.0	0.0	0.0	0.0	0.0	0.0	0.0	0.0
413.7628035139259	0.0	0.0	0.0	0.0	0.0	0.0	0.0	0.0	0.0	0.0	0.0	0.0	0.0
425.79881593792174	0.0	0.0	0.0	0.0	0.0	0.0	0.0	0.0	0.0	0.0	0.0	0.0	0.0
438.12036245704223	0.0	0.0	0.0	0.0	0.0	0.0	0.0	0.0	0.0	0.0	0.0	0.0	0.0
450.73330998837434	0.0	0.0	0.0	0.0	0.0	0.0	0.0	0.0	0.0	0.0	0.0	0.0	0.0
463.6436868035295	0.0	0.0	0.0	0.0	0.0	0.0	0.0	0.0	0.0	0.0	0.0	0.0	0.0
476.85768619180396	0.0	0.0	0.0	0.0	0.0	0.0	0.0	0.0	0.0	0.0	0.0	0.0	0.0
490.3816703341667	0.0	0.0	0.0	0.0	0.0	0.0	0.0	0.0	0.0	0.0	0.0	0.0	0.0
504.2221743927805	0.0	0.0	0.0	0.0	0.0	0.0	0.0	0.0	0.0	0.0	0.0	0.0	0.0
518.3859108212208	0.0	0.0	0.0	0.0	0.0	0.0	0.0	0.0	0.0	0.0	0.0	0.0	0.0
532.8797739006211	0.0	0.0	0.0	0.0	0.0	0.0	0.0	0.0	0.0	0.0	0.0	0.0	0.0
547.7108445074339	0.0	0.0	0.0	0.0	0.0	0.0	0.0	0.0	0.0	0.0	0.0	0.0	0.0
562.8863951192418	0.0	0.0	0.0	0.0	0.0	0.0	0.0	0.0	0.0	0.0	0.0	0.0	0.0
578.4138950650247	0.0	0.0	0.0	0.0	0.0	0.0	0.0	0.0	0.0	0.0	0.0	0.0	0.0
594.3010160270326	0.0	0.0	0.0	0.0	0.0	0.0	0.0	0.0	0.0	0.0	0.0	0.0	0.0
610.5556378020432	0.0	0.0	0.0	0.0	0.0	0.0	0.0	0.0	0.0	0.0	0.0	0.0	0.0
627.1858543303287	0.0	0.0	0.0	0.0	0.0	0.0	0.0	0.0	0.0	0.0	0.0	0.0	0.0
644.1999800011313	0.0	0.0	0.0	0.0	0.0	0.0	0.0	0.0	0.0	0.0	0.0	0.0	0.0
661.6065562442292	0.0	0.0	0.0	0.0	0.0	0.0	0.0	0.0	0.0	0.0	0.0	0.0	0.0
679.4143584177311	0.0	0.0	0.0	0.0	0.0	0.0	0.0	0.0	0.0	0.0	0.0	0.0	0.0
697.6324030031196	0.0	0.0	0.0	0.0	0.0	0.0	0.0	0.0	0.0	0.0	0.0	0.0	0.0
716.2699551190943	0.0	0.0	0.0	0.0	0.0	0.0	0.0	0.0	0.0	0.0	0.0	0.0	0.0
735.3365363667345	0.0	0.0	0.0	0.0	0.0	0.0	0.0	0.0	0.0	0.0	0.0	0.0	0.0
754.8419330191846	0.0	0.0	0.0	0.0	0.0	0.0	0.0	0.0	0.0	0.0	0.0	0.0	0.0
774.7962045699272	0.0	0.0	0.0	0.0	0.0	0.0	0.0	0.0	0.0	0.0	0.0	0.0	0.0
795.2096926547354	0.0	0.0	0.0	0.0	0.0	0.0	0.0	0.0	0.0	0.0	0.0	0.0	0.0
816.0930303630214	0.0	0.0	0.0	0.0	0.0	0.0	0.0	0.0	0.0	0.0	0.0	0.0	0.0
837.4571519556697	0.0	0.0	0.0	0.0	0.0	0.0	0.0	0.0	0.0	0.0	0.0	0.0	0.0
859.3133030074345	0.0	0.0	0.0	0.0	0.0	0.0	0.0	0.0	0.0	0.0	0.0	0.0	0.0
881.6730509928176	0.0	0.0	0.0	0.0	0.0	0.0	0.0	0.0	0.0	0.0	0.0	0.0	0.0
904.5482963355	0.0	0.0	0.0	0.0	0.0	0.0	0.0	0.0	0.0	0.0	0.0	0.0	0.0
927.9512839429616	0.0	0.0	0.0	0.0	0.0	0.0	0.0	0.0	0.0	0.0	0.0	0.0	0.0
951.894615248985	0.0	0.0	0.0	0.0	0.0	0.0	0.0	0.0	0.0	0.0	0.0	0.0	0.0
976.3912607880293	0.0	0.0	0.0	0.0	0.0	0.0	0.0	0.0	0.0	0.0	0.0	0.0	0.0
1001.4545733272183	0.0	0.0	0.0	0.0	0.0	0.0	0.0	0.0	0.0	0.0	0.0	0.0	0.0
1027.0983015828147	0.0	0.0	0.0	0.0	0.0	0.0	0.0	0.0	0.0	0.0	0.0	0.0	0.0
1053.336604550048	0.0	0.0	0.0	0.0	0.0	0.0	0.0	0.0	0.0	0.0	0.0	0.0	0.0
1080.1840664767897	0.0	0.0	0.0	0.0	0.0	0.0	0.0	0.0	0.0	0.0	0.0	0.0	0.0
1107.65571251302	0.0	0.0	0.0	0.0	0.0	0.0	0.0	0.0	0.0	0.0	0.0	0.0	0.0
1135.7670250705464	0.0	0.0	0.0	0.0	0.0	0.0	0.0	0.0	0.0	0.0	0.0	0.0	0.0
1164.5339609294667	0.0	0.0	0.0	0.0	0.0	0.0	0.0	0.0	0.0	0.0	0.0	0.0	0.0
1193.9729691291882	0.0	0.0	0.0	0.0	0.0	0.0	0.0	0.0	0.0	0.0	0.0	0.0	0.0
1224.101009685329	0.0	0.0	0.0	0.0	0.0	0.0	0.0	0.0	0.0	0.0	0.0	0.0	0.0
1254.9355731764795	0.0	0.0	0.0	0.0	0.0	0.0	0.0	0.0	0.0	0.0	0.0	0.0	0.0
1286.4947012462899	0.0	0.0	0.0	0.0	0.0	0.0	0.0	0.0	0.0	0.0	0.0	0.0	0.0
1318.7970080693428	0.0	0.0	0.0	0.0	0.0	0.0	0.0	0.0	0.0	0.0	0.0	0.0	0.0
1351.8617028329995	0.0	0.0	0.0	0.0	0.0	0.0	0.0	0.0	0.0	0.0	0.0	0.0	0.0
1385.7086132916108	0.0	0.0	0.0	0.0	0.0	0.0	0.0	0.0	0.0	0.0	0.0	0.0	0.0
1420.3582104551163	0.0	0.0	0.0	0.0	0.0	0.0	0.0	0.0	0.0	0.0	0.0	0.0	0.0
1455.8316344488567	0.0	0.0	0.0	0.0	0.0	0.0	0.0	0.0	0.0	0.0	0.0	0.0	0.0
1492.150721618476	0.0	0.0	0.0	0.0	0.0	0.0	0.0	0.0	0.0	0.0	0.0	0.0	0.0
1529.338032994955	0.0	0.0	0.0	0.0	0.0	0.0	0.0	0.0	0.0	0.0	0.0	0.0	0.0
1567.4168841681267	0.0	0.0	0.0	0.0	0.0	0.0	0.0	0.0	0.0	0.0	0.0	0.0	0.0
1606.4113766470807	4.214820665928084e+29	1.29008026858994e+27	7.260784589757619e+26	3.808949250042623e+26	2.4504941549697895e+26	1.3235096704841571e+26	3.3440498459136557e+25	1.6476029371738845e+25	6.224493886016319e+24	4.481829028803838e+26	2.143775555973374e+26	1.3235096704841571e+26	8.735817579125292e+25
1646.3464307934619	1.181852279394074e+30	3.795520547334754e+27	2.1372111597023193e+27	1.1216427119287245e+27	7.21782179058838e+26	3.899403609826668e+26	9.856668487443903e+25	4.857086155676218e+25	1.8352491986327794e+25	1.319660076082024e+27	6.314803900606857e+26	3.899403609826668e+26	2.574191413378198e+26
1687.2478204170864	6.630319516258106e+30	2.23392740954176e+28	1.2585138563148696e+28	6.607751730096981e+27	4.2531450160405103e+27	2.2983849993139832e+27	5.812247881744759e+26	2.8645518872957115e+26	1.0825420342835995e+26	7.77352465731123e+27	3.7212807931074163e+27	2.2983849993139832e+27	1.5175140706085849e+27
1729.1422091302748	3.065074370819213e+31	1.0833391190184396e+29	6.106184918270898e+28	3.2074325398552412e+28	2.0650028282017505e+28	1.1162355002887273e+28	2.824032761590989e+27	1.392035494662228e+27	5.261485209423656e+26	3.772921557271836e+28	1.8068908676760286e+28	1.1162355002887273e+28	7.371132334430551e+27
1772.057188566646	1.3459570253344463e+32	4.9901251688543356e+29	2.8140862340697182e+29	1.478836665820839e+29	9.523395636122682e+28	5.149341650696913e+28	1.303351119044907e+28	6.425562667441927e+27	2.429071765114883e+27	1.7393847905189025e+29	8.333599431168066e+28	5.149341650696913e+28	3.400945583465339e+28
1816.0213185733785	5.4854978634428705e+32	2.133173581009848e+30	1.2035844784658136e+30	6.327877964144024e+29	4.076055809087233e+29	2.2045851730244095e+29	5.582590905873514e+28	2.7526809291779797e+28	1.0407763155678129e+28	7.441970993282053e+29	3.567064452905586e+29	2.2045851730244095e+29	1.4562826069903008e+29
1861.0641694942526	2.0811520263827014e+33	8.488313881016993e+30	4.7918183471295434e+30	2.5204852654713508e+30	1.6239721358868954e+30	8.786066022635107e+29	2.2259021541779484e+29	1.0977354597320317e+29	4.151191884634324e+28	2.963927940687075e+30	1.4212811065682527e+30	8.786066022635107e+29	5.804773694554303e+29
1907.2163666737902	7.380289922190372e+33	3.1570406947781434e+31	1.783166406864259e+31	9.383863811302855e+30	6.047703993058043e+30	3.2729386357970454e+30	8.295751794311562e+29	4.091854487228013e+29	1.5476407910827184e+29	1.1033617613193954e+31	5.293257987676764e+30	3.2729386357970454e+30	2.162728620672982e+30
1954.5096373151528	2.455169320209238e+34	1.1014447183099534e+32	6.224601515723453e+31	3.2772622970324767e+31	2.1126937621391337e+31	1.1437147538846864e+31	2.900317828517877e+30	1.430817107232196e+30	5.412654461867464e+29	3.8530027371046033e+31	1.8492719354280432e+31	1.1437147538846864e+31	7.558864243287839e+30
2002.9768598337362	8.060034575265359e+34	3.6669625625523514e+32	2.0726491747693442e+32	1.0914096409202126e+32	7.036355088463755e+31	3.8095061235403805e+31	9.661819235387023e+30	4.7667178299666236e+30	1.8033010992336025e+30	1.2831032550491253e+32	6.159158655383005e+31	3.8095061235403805e+31	2.517848947165104e+31
2052.6521158625046	2.6022542982104426e+35	1.166296013498913e+33	6.591011163548883e+32	3.4701380042777514e+32	2.2370173243822383e+32	1.2110089848952778e+32	3.0709325919176415e+31	1.5149805898979287e+31	5.731013766317248e+30	4.079772977794478e+32	1.9580908093821246e+32	1.2110089848952778e+32	8.003582522123923e+31
2103.570745072081	7.19394390724596e+35	3.409481816741388e+33	1.9280389581186156e+33	1.0156915896264314e+33	6.549739173617195e+32	3.547008968618696e+32	8.999877245364423e+31	4.440808666363561e+31	1.680264412283248e+31	1.1939701609145871e+33	5.733574254718786e+32	3.547008968618696e+32	2.3447078289274085e+32
2155.7694029825107	1.9401931888323465e+36	9.536628498427589e+33	5.395243925906172e+33	2.8433091491119047e+33	1.8339137261861223e+33	9.933987062973484e+32	2.521533592270714e+32	1.2443687515831916e+32	4.708961879284014e+31	3.3420844768339566e+33	1.6054823608228297e+33	9.933987062973484e+32	6.567640571581394e+32
2209.286121945656	4.8341652309756513e+36	2.516200487405971e+34	1.4245054594455715e+34	7.511811463493697e+33	4.8467206265680586e+33	2.626413801898498e+33	6.67070288351016e+32	3.292685095122093e+32	1.2463016408686277e+32	8.828291838165575e+33	4.243410068423502e+33	2.626413801898498e+33	1.7367767393413332e+33
2264.160375584316	1.1650617440783573e+37	6.358658753390253e+34	3.6019721643921444e+34	1.9004092033635537e+34	1.2265236988822688e+34	6.648676129872356e+33	1.6895437385633423e+33	8.341183220427007e+32	3.157784303844246e+32	2.233198225548414e+34	1.0739327481312488e+34	6.648676129872356e+33	4.3974037077983814e+33
2320.4331468651235	2.638999174300266e+37	1.5284783382608162e+35	8.66487118935783e+34	4.57465834479488e+34	2.953576523407281e+34	1.6017396876286933e+34	4.07300802967986e+33	2.0112932112679486e+33	7.616139733534896e+32	5.3749248557340265e+34	2.5863843869207264e+34	1.6017396876286933e+34	1.0596340957458608e+34
2378.1469999661963	5.79079000964762e+37	3.531782594682556e+35	2.0034964106425243e+35	1.0583829411587318e+35	6.835579061820807e+34	3.7083695213836005e+34	9.435462986369499e+33	4.660299926171639e+33	1.7650881642983495e+33	1.2433617561155573e+35	5.986307244423195e+34	3.7083695213836005e+34	2.453795577808048e+34
2437.3461562430543	1.2048434065248962e+38	7.805894652063109e+35	4.431662054788803e+35	2.3427682999227063e+35	1.5136756511502904e+35	8.215550873875607e+34	2.091819063868903e+34	1.0334346294060987e+34	3.9151350346635854e+33	2.7517776354460313e+35	1.3257541549926174e+35	8.215550873875607e+34	5.437526346160041e+34
2498.0765745657695	2.4333945722257165e+38	1.664134457766887e+36	9.454805537155461e+35	5.0014732516473034e+35	3.2326456305797464e+35	1.7552607489713e+35	4.47208824637146e+34	2.209878215444491e+34	8.374017270882427e+33	5.8737734470852126e+35	2.8315931067775206e+35	1.7552607489713e+35	1.1620007951289172e+35
2560.3860363232566	4.690490715495626e+38	3.4091267610037516e+36	1.9385495352341255e+36	1.0262385339876767e+36	6.635736693175195e+35	3.6047891172915205e+35	9.191212955381271e+34	4.543023488460829e+34	1.7219786309009937e+34	1.2050161422711921e+36	5.813142755016722e+35	3.6047891172915205e+35	2.3870419058077815e+35
2624.3242354086324	8.794436810998e+38	6.757795576554035e+36	3.8457844742064977e+36	2.037331217979534e+36	1.3178669942568723e+36	7.162360411945663e+35	1.827479251325285e+35	9.035067211058416e+34	3.425498733668703e+34	2.3918627921325695e+36	1.15462078701474e+36	7.162360411945663e+35	4.743996010351659e+35
2689.942873527102	1.58194671360583e+39	1.2922966481473773e+37	7.360922564932471e+36	3.902589827912856e+36	2.5255346667438872e+36	1.3732709797154838e+36	3.5066625661782716e+35	1.7341756262376645e+35	6.576712822803738e+34	4.5808783593634966e+36	2.212956470343372e+36	1.3732709797154838e+36	9.098419149675956e+35
2757.295762214031	2.7733503285231467e+39	2.3980403286732835e+37	1.3670930973852907e+37	7.253476666636524e+36	4.695998408385419e+36	2.5546922299455545e+36	6.528315137799144e+35	3.229345270579751e+35	1.2250324209050317e+35	8.512695249000485e+36	4.115254718218988e+36	2.5546922299455545e+36	1.6930271515892857e+36
2826.4389325112265	4.684416346068155e+39	4.307267289312491e+37	2.457851834894155e+37	1.305169790829442e+37	8.453756711082479e+36	4.601407113058597e+36	1.1768282050738664e+36	5.823083486779097e+35	2.209612066802962e+35	1.5314567313807212e+37	7.409230664529189e+36	4.601407113058597e+36	3.0503111910780193e+36
2897.4307417201967	7.724297147196264e+39	7.525712547213757e+37	4.29833144683723e+37	2.2843468219932907e+37	1.480262990050856e+37	8.061244621364076e+36	2.0633448623378433e+36	1.0212542707993455e+36	3.8763431473408395e+35	2.679905325421354e+37	1.2975226826006769e+37	8.061244621364076e+36	5.345388589708885e+36
2970.331997516501	1.2312223516154556e+40	1.2762723917826967e+38	7.296817363645612e+37	3.8813338728222687e+37	2.5163497361981007e+37	1.3711288921103715e+37	3.51260375498703e+36	1.739102580093788e+36	6.603147288616547e+35	4.55250265414572e+37	2.205997172797653e+37	1.3711288921103715e+37	9.094759786623964e+36
3045.2060863836177	1.9180753880863238e+40	2.109541868637101e+38	1.2072791666419786e+38	6.427366862334467e+37	4.1690011463535994e+37	2.2728901402487373e+37	5.827773511395506e+36	2.886223010381599e+36	1.0962011066719304e+36	7.537300441197474e+37	3.6552970687709657e+37	2.2728901402487373e+37	1.5080800689199023e+37
3122.119109557899	2.894912551195905e+40	3.391421794706356e+38	1.9429958163269647e+38	1.0354068617750738e+38	6.719526641440195e+37	3.665614926123771e+37	9.40761398199688e+36	4.6606894740359546e+36	1.7707516397568113e+36	1.2139452534409612e+38	5.892389128518869e+37	3.665614926123771e+37	2.4329787977200762e+37
3201.1400275889478	4.2715652386521e+40	5.3209118907228756e+38	3.051730220300281e+38	1.6277904053754645e+38	1.0569499425494312e+38	5.769308348700455e+37	1.4820531750760202e+37	7.344758279285725e+36	2.7914616559961195e+36	1.9080600102858072e+38	9.269773222407026e+37	5.769308348700455e+37	3.8305436600487375e+37
3282.3408141648556	6.111551486337002e+40	8.129563598212107e+38	4.66814837338266e+38	2.4925941233190284e+38	1.6194165616783285e+38	8.845350667889783e+37	2.27458828927969e+37	1.1276482766901201e+37	4.287349789311634e+36	2.9210644774200813e+38	1.4205004879166016e+38	8.845350667889783e+37	5.875046389314747e+37
3365.796619909606	8.540676033682439e+40	1.2126904024740593e+39	6.971991255898557e+38	3.726736998772092e+38	2.422660109515685e+38	1.3241661857744315e+38	3.4086913873758153e+37	1.6905150392432483e+37	6.429819697559801e+36	4.3662840790575066e+38	2.125420878592334e+38	1.3241661857744315e+38	8.798361846551663e+37
3451.5859469685593	1.1563398318999611e+41	1.7619509842292065e+39	1.0143578826022992e+39	5.428519872495395e+38	3.531272470570512e+38	1.9315598626485596e+38	4.978088701227212e+37	2.4698614165556554e+37	9.397998160408179e+36	6.35837552110062e+38	3.098569660582239e+38	1.9315598626485596e+38	1.2839528891576316e+38
3539.7908351973524	1.525453739644983e+41	2.4980632329474722e+39	1.4402027538191146e+39	7.717208725008365e+38	5.023558425584381e+38	2.7500004984393574e+38	7.096159579765231e+37	3.5222588302905384e+37	1.3408388066335078e+37	9.036496701085796e+38	4.4088286834790185e+38	2.7500004984393574e+38	1.8287944835301082e+38
3630.497060769676	1.9446423279150578e+41	3.446651161048915e+39	1.9903315262594973e+39	1.0680280589737558e+39	6.957866335859959e+38	3.812310129070952e+38	9.851150287238286e+37	4.892129004523684e+37	1.8632512378935926e+37	1.2502034080153285e+39	6.10774108055001e+38	3.812310129070952e+38	2.536514142961235e+38
3723.794348110941	2.4065559690981876e+41	4.633850270644211e+39	2.6806496613600943e+39	1.4406945704688676e+39	9.393709395893257e+38	5.1519742411797765e+38	1.3333138286236e+38	6.624825521472707e+37	2.524553518534921e+37	1.6858378665845873e+39	8.247881646739457e+38	5.1519742411797765e+38	3.42971665072167e+38
3819.7765962756903	2.867327734810462e+41	6.052937833526218e+39	3.508768387469444e+39	1.889148736362961e+39	1.2329933540622553e+39	6.769977748890078e+38	1.7551218720709967e+38	8.7260113623071e+37	3.327350952248463e+37	2.2096931723455784e+39	1.0828850981468367e+39	6.769977748890078e+38	4.509657268053006e+38
3918.5421207455797	3.304358771533736e+41	7.69144265711059e+39	4.468747080533724e+39	2.410809198882603e+39	1.5751933811399474e+39	8.659718012956657e+38	2.2494040954111404e+38	1.1191055017668208e+38	4.270274008040115e+37	2.818584189603476e+39	1.383835846168893e+39	8.659718012956657e+38	5.772464529067562e+38
4020.193912007814	4.160761372811253e+41	9.900396419846129e+39	5.755192062938937e+39	3.106256818646261e+39	2.0301059364648158e+39	1.1163858611727796e+39	2.9011703364247742e+38	1.4435937833971754e+38	5.509339077062877e+37	3.631280221967091e+39	1.7836074234859493e+39	1.1163858611727796e+39	7.442889057475062e+38
4124.839912355496	5.538313483845907e+41	1.2772935482255393e+40	7.419440200976962e+39	4.0018692188993394e+39	2.6144899942845114e+39	1.4371540671812e+39	3.732363827652295e+38	1.8567715456567115e+38	7.084569551522328e+37	4.678973017091413e+39	2.2968094553894525e+39	1.4371540671812e+39	9.579242818360671e+38
4232.593312293787	6.059123939094944e+41	1.5192668430755758e+40	8.842900193426383e+39	4.778108215723391e+39	3.124664462009508e+39	1.7195003555346108e+39	4.473337265823234e+38	2.2267313695302745e+38	8.5014003409046e+37	5.58429012530321e+39	2.745718452057653e+39	1.7195003555346108e+39	1.146825971528994e+39
4343.572868191655	6.665001574539572e+41	1.782104999729633e+40	1.0389496751341161e+40	5.621701536062196e+39	3.6791855156583235e+39	2.0264410379505894e+39	5.279075388984736e+38	2.6290673761014694e+38	1.0042380818172509e+38	6.568105297813634e+39	3.2336677744375526e+39	2.0264410379505894e+39	1.3522020811814014e+39
4457.903242900923	6.81247791051627e+41	2.0090675965257726e+40	1.1742711671264533e+40	6.36814525017054e+39	4.1728289256512955e+39	2.3015514440490426e+39	6.008781476564256e+38	2.994739403159095e+38	1.144801111618877e+38	7.436416130035379e+39	3.668755260179769e+39	2.3015514440490426e+39	1.5369681261114747e+39
4575.715371388302	6.9207094307818886e+41	2.229243785439267e+40	1.3061109859733338e+40	7.098054085473062e+39	4.6564952943525395e+39	2.5717036408539103e+39	6.7277780050458354e+38	3.3554670772831163e+38	1.2836285636495815e+38	8.284788401452162e+39	4.0952763602950964e+39	2.5717036408539103e+39	1.7186262755810014e+39
4697.146853574432	6.745879472628664e+41	2.4090031199999178e+40	1.415620645858702e+40	7.713076426908852e+39	5.0671397629126165e+39	2.803009858680138e+39	7.351197416776112e+38	3.6695835409770694e+38	1.4050394799634761e+38	8.997338382846654e+39	4.4581365413827266e+39	2.803009858680138e+39	1.874875028950416e+39
4822.342376663635	6.547012625822729e+41	2.572749197194487e+40	1.5162226922666068e+40	8.282037490552929e+39	5.44843716875799e+39	3.018666730709201e+39	7.936000502340176e+38	3.964852917273781e+38	1.5194034709534509e+38	9.655492032623305e+39	4.79539635837076e+39	3.018666730709201e+39	2.0208756038989093e+39
4951.454169550988	6.216266203338171e+41	2.7045939039003036e+40	1.5990992126160903e+40	8.759393061781014e+39	5.77137824717634e+39	3.203205011261218e+39	8.443986287651365e+38	4.2226214737631746e+38	1.6197413729668674e+38	1.0205453145071528e+40	5.081750934638814e+39	3.203205011261218e+39	2.146496124430851e+39
5084.6424715285875	5.908784635030728e+41	2.8280791373739465e+40	1.6774704743605238e+40	9.214275541074873e+39	6.080339032185157e+39	3.3805194703034253e+39	8.935183940292697e+38	4.4723973858002956e+38	1.717173032853741e+38	1.0728634412266209e+40	5.355995678349419e+39	3.3805194703034253e+39	2.2674783726949644e+39
5222.078072327457	5.569380411129205e+41	2.938016267964224e+40	1.7486909478574286e+40	9.63424160323939e+39	6.36786945775232e+39	3.546951518814544e+39	9.401910651943072e+38	4.71068318714448e+38	1.810492321050535e+38	1.1209991227194356e+40	5.611749849437652e+39	3.546951518814544e+39	2.3815483369839003e+39
5364.245584570724	5.267235334254916e+41	3.0483430184309517e+40	1.8206484266260946e+40	1.0060841252504409e+40	6.660754254854332e+39	3.716997119130835e+39	9.880890511604743e+38	4.955586995276235e+38	1.9065453093174728e+38	1.1698370412135242e+40	5.872457538978901e+39	3.716997119130835e+39	2.498283855254392e+39
5511.318302079425	4.979518890687289e+41	3.1635342572779706e+40	1.896418717207334e+40	1.0513037060282978e+40	6.972267447623381e+39	3.8985232479655123e+39	1.0394937766509612e+39	5.218884750648604e+38	2.009993929305322e+38	1.2215297633802022e+40	6.149994033930748e+39	3.8985232479655123e+39	2.6231440321143528e+39
5663.441989369456	4.737090687277012e+41	3.295710495157319e+40	1.9831744324997376e+40	1.103019935473837e+40	7.328391790328512e+39	4.10598384572191e+39	1.0982323706776796e+39	5.519749205879125e+38	2.1282069654457582e+38	1.280661640376614e+40	6.467248914924474e+39	4.10598384572191e+39	2.7658287588758526e+39
5820.843515746197	4.426613569006845e+41	3.4147459693576423e+40	2.0642915342205422e+40	1.1527203204894454e+40	7.675254489545728e+39	4.31090823574245e+39	1.1573994907834233e+39	5.824717226539832e+38	2.2487716113627335e+38	1.3371546768690104e+40	6.777321145037205e+39	4.31090823574245e+39	2.907798930848983e+39
5983.822223151494	5.76648739089504e+41	4.0326190946628745e+40	2.4273529539715927e+40	1.3504321857709252e+40	8.973517865520357e+39	5.0285749845222555e+39	1.3453520810518197e+39	6.762399005029129e+38	2.6075692863401973e+38	1.5678228997352933e+40	7.91937902482941e+39	5.0285749845222555e+39	3.387612669365584e+39
6152.631633474155	6.0575199645456876e+41	4.396733781687007e+40	2.650683554617243e+40	1.4766810685407961e+40	9.819683087914381e+39	5.507346087662131e+39	1.475330499447028e+39	7.41901668038888e+38	2.8620471246798237e+38	1.7138670240787008e+40	8.667868782112755e+39	5.507346087662131e+39	3.7118525673289666e+39
6327.540650712342	6.194036504841882e+41	4.751488113103987e+40	2.871427203687134e+40	1.6029693199665376e+40	1.067149843862096e+40	5.992714448089602e+39	1.6084902007495304e+39	8.09409884327523e+38	3.124617037911292e+38	1.8595655114908303e+40	9.422630408014641e+39	5.992714448089602e+39	4.0418135841531556e+39
6508.82381596712	5.983459609922115e+41	5.009025272631451e+40	3.0401151760003255e+40	1.7034719568875164e+40	1.1363640426464686e+40	6.396081688341555e+39	1.7228218113879247e+39	8.68000862780755e+38	3.354957255988565e+38	1.9744834718214055e+40	1.0039270145585578e+40	6.396081688341555e+39	4.319328466718018e+39
6696.816634688962	5.898253459589323e+41	5.333616498084981e+40	3.249189736080979e+40	1.8264773787740754e+40	1.2205492409437513e+40	6.88348470783015e+39	1.8597089818368258e+39	9.379439806743313e+38	3.6291323707252416e+38	2.1155155897895287e+40	1.0788082133376697e+40	6.88348470783015e+39	4.6535164294752264e+39
6891.8384031392825	5.632617667248078e+41	5.575233902120579e+40	3.4138248176871036e+40	1.9275523440053046e+40	1.2912107020977512e+40	7.301926804814473e+39	1.9810405882339427e+39	1.0005843650562102e+39	3.877198204219521e+38	2.2303363410813646e+40	1.1420078065848938e+40	7.301926804814473e+39	4.943829699040022e+39
7094.248670222859	5.485944590995468e+41	5.887998371255217e+40	3.6213918067915553e+40	2.0525952021019323e+40	1.3778371792513175e+40	7.810117949359537e+39	2.126522429676266e+39	1.0753910089744219e+39	4.172289538950038e+38	2.3729582986197065e+40	1.2193070362404602e+40	7.810117949359537e+39	5.294722053836365e+39
7304.36355768759	5.249346087627806e+41	6.128742690613945e+40	3.79049189327579e+40	2.1588182345462978e+40	1.4529529993466321e+40	8.260397513480641e+39	2.259370483482935e+39	1.1443660618883179e+39	4.4469711060539635e+38	2.493027925226635e+40	1.2866908956203245e+40	8.260397513480641e+39	5.609131109164404e+39
7522.726029379756	5.082207544588558e+41	6.427728361700402e+40	3.995584332342512e+40	2.285575216918312e+40	1.5419142835449363e+40	8.789614833924991e+39	2.413934860104969e+39	1.2243666746763113e+39	4.764609914089263e+38	2.6367966414753247e+40	1.3663432735042324e+40	8.789614833924991e+39	5.977242906307895e+39
7749.358683577813	6.176744998219725e+41	7.400406002919342e+40	4.587217566169922e+40	2.6177403287426364e+40	1.7637436064760345e+40	1.0039801017253584e+40	2.751367133452247e+39	1.3944964901879498e+39	5.4226775056869146e+38	3.021631724993701e+40	1.5623791615242088e+40	1.0039801017253584e+40	6.822114737123031e+39
7984.568651937037	6.3699423180453196e+41	8.087348358831798e+40	5.023353391753981e+40	2.871455784948386e+40	1.936393256044614e+40	1.103322549297103e+40	3.027902158977721e+39	1.5353813206084984e+39	5.9733466974054175e+38	3.313250567712831e+40	1.715717415728051e+40	1.103322549297103e+40	7.501034412721591e+39
8229.084970358555	6.220091919198147e+41	8.477709788904769e+40	5.292884824024487e+40	3.0389658258222317e+40	2.0543057280647638e+40	1.173699218167253e+40	3.234465417325941e+39	1.6424749534606438e+39	6.399271814888683e+38	3.5030043524344017e+40	1.8213753163466134e+40	1.173699218167253e+40	7.991437670055465e+39
8483.212079517216	5.957156002444873e+41	8.823542115714733e+40	5.542012504003205e+40	3.1985219828929617e+40	2.1682479042613278e+40	1.2427249892762604e+40	3.4412229671160123e+39	1.7503594812042872e+39	6.83102665826653e+38	3.6825967490016355e+40	1.9238512189974325e+40	1.2427249892762604e+40	8.476103822476294e+39
8747.45954268673	5.820638868319634e+41	9.244945571938963e+40	5.838936541070395e+40	3.386043442982649e+40	2.3013421477330526e+40	1.3228789442191553e+40	3.679571217113656e+39	1.8744666010313804e+39	7.326737673367073e+38	3.894267834442242e+40	2.043372578378057e+40	1.3228789442191553e+40	9.037312105972165e+39
9022.581627817764	5.558428768169848e+41	9.562605797975197e+40	6.08094400176533e+40	3.5472379058569314e+40	2.4186349223910494e+40	1.3953296239486492e+40	3.902471605327428e+39	1.9917677411528784e+39	7.800087731850868e+38	4.0742003524963586e+40	2.1493689428868015e+40	1.3953296239486492e+40	9.551136276159997e+39
9308.814620177738	5.372994950965157e+41	9.94449370964621e+40	6.365673041412337e+40	3.734577484895834e+40	2.554279083581982e+40	1.4787418695251818e+40	4.157805602400777e+39	2.125958128166414e+39	8.34095569390086e+38	4.2838174927585667e+40	2.2718064801899126e+40	1.4787418695251818e+40	1.0141497903554453e+40
9607.001903958153	6.213530057668542e+41	1.1280608599416613e+41	7.208811395360458e+40	4.2232627125194545e+40	2.886351361739507e+40	1.669599292096923e+40	4.6886407647267165e+39	2.3963850780636252e+39	9.398022426341482e+38	4.845908079656826e+40	2.5666426941286177e+40	1.669599292096923e+40	1.1445292501470166e+40
9918.046629745175	6.297985585092865e+41	1.2152913149106599e+41	7.795917536811589e+40	4.581658187021507e+40	3.136509892150139e+40	1.8176324201586893e+40	5.118199489636026e+39	2.6183089011415493e+39	1.027766634621815e+39	5.253433236016769e+40	2.790324681159568e+40	1.8176324201586893e+40	1.2472375062774355e+40
10242.674493554632	6.077979604097582e+41	1.2586585984863551e+41	8.132358742395601e+40	4.809182954577462e+40	3.30340926612816e+40	1.9216493582803598e+40	5.4424801333730025e+39	2.7897197796006463e+39	1.0972436144783188e+39	5.506541974557611e+40	2.94147438942015e+40	1.9216493582803598e+40	1.3213630942121284e+40
10581.814094474717	5.787353455300117e+41	1.2966845179792507e+41	8.445616191293197e+40	5.029075839234274e+40	3.467409192983727e+40	2.025549357648074e+40	5.773376663500771e+39	2.965766680424394e+39	1.169043508802926e+39	5.7493060057704025e+40	3.0906111001007907e+40	2.025549357648074e+40	1.3960097546915231e+40
10937.103504385259	5.567815599360712e+41	1.3348738295097796e+41	8.764284548988218e+40	5.255251816224791e+40	3.63709956629937e+40	2.1337667378168667e+40	6.121424693446799e+39	3.1515491526356436e+39	1.2450630916705298e+39	5.998384036558226e+40	3.2451674304921085e+40	2.1337667378168667e+40	1.4740364267068086e+40
11309.090194504868	6.2153577789350934e+41	1.4913373970981075e+41	9.790587506072584e+40	5.870334358969554e+40	4.0627308910265056e+40	2.3834595224893464e+40	6.837870114966262e+39	3.5204473112903e+39	1.3908235279586795e+39	6.700505114655551e+40	3.6249246694620762e+40	2.3834595224893464e+40	1.6465324652895213e+40
11699.190367980907	6.233887143170101e+41	1.5886843348953319e+41	1.0487167158499568e+41	6.31695627337181e+40	4.38249129142273e+40	2.5779829294548186e+40	7.425495320425793e+39	3.8281001890138216e+39	1.5143906881345776e+39	7.202861557647921e+40	3.9127614391715315e+40	2.5779829294548186e+40	1.7834992790034384e+40
12108.468624098155	5.87519003778898e+41	1.6164170508614217e+41	1.0777051737677997e+41	6.547770802598545e+40	4.563941972343329e+40	2.698894664232146e+40	7.836008976776357e+39	4.0507349182458625e+39	1.606860337607371e+39	7.451449122284666e+40	4.079894743919984e+40	2.698894664232146e+40	1.8725304515108742e+40
12538.326959877859	5.6739992737344544e+41	1.6633764816432782e+41	1.1189956546098888e+41	6.851797205850108e+40	4.796157101296398e+40	2.8498005381826123e+40	8.334343946883465e+39	4.3190122523745627e+39	1.717555416934539e+39	7.783640068876288e+40	4.292377501453054e+40	2.8498005381826123e+40	1.9824079443861972e+40
12989.344501298616	6.323839076514127e+41	1.8540059228441752e+41	1.2478040796146458e+41	7.64411070784387e+40	5.352296055778248e+40	3.181353464363158e+40	9.309333890715378e+39	4.8252785454863157e+39	1.9192999215193916e+39	8.68272464430692e+40	4.790486392846816e+40	3.181353464363158e+40	2.213490713683717e+40
13462.671942945733	6.6691170992017985e+41	2.016260295157873e+41	1.3623148405313372e+41	8.373068655289158e+40	5.872951904428822e+40	3.497579542931756e+40	1.0264021721966219e+40	5.325220184111576e+39	2.1201829917243266e+39	9.50371106553374e+40	5.258935692806245e+40	3.497579542931756e+40	2.4360488234580116e+40
13960.552984918693	7.308684635469029e+41	2.18293860407455e+41	1.4789258992792328e+41	9.114818769169606e+40	6.403742092592093e+40	3.821196343189991e+40	1.124963916137583e+40	5.843272699027405e+39	2.329185998340535e+39	1.0338832621440299e+41	5.736864690767036e+40	3.821196343189991e+40	2.664443354741216e+40
14485.015486944767	1.0590330037568666e+42	2.7861043509773224e+41	1.8603677842484484e+41	1.1324535493006364e+41	7.903403234756518e+40	4.681160055404297e+40	1.3628935357144318e+40	7.052584869363719e+39	2.8006696362261344e+39	1.288127968224986e+41	7.067752345955282e+40	4.681160055404297e+40	3.250942184974376e+40
15037.795530166502	1.7347687393116488e+42	3.692282947362325e+41	2.4195019135033355e+41	1.449705098861789e+41	1.0032730028727252e+41	5.887223641668861e+40	1.6904705660526872e+40	8.707146070573308e+39	3.4416925216244e+39	1.6548602810097712e+41	8.951854535524518e+40	5.887223641668861e+40	4.067995227819381e+40
15621.621249519729	2.989692432461524e+42	5.0616643517635296e+41	3.2525694418792634e+41	1.9161397153879696e+41	1.3139189233313646e+41	7.630570281852464e+40	2.1568214397904274e+40	1.1049511566201136e+40	4.3438871668734786e+39	2.195729074870112e+41	1.1694644577557642e+41	7.630570281852464e+40	5.242777820111144e+40
16238.111739895345	5.694741314556029e+42	7.243729229270303e+41	4.553235858982706e+41	2.6316851194604676e+41	1.785943084671485e+41	1.025121702549005e+41	2.846437755409292e+40	1.4493745040973064e+40	5.662882854400405e+39	3.028780106859592e+41	1.585160049526088e+41	1.025121702549005e+41	6.998349647320738e+40
16890.707113095123	8.724317684244687e+42	9.45630370832562e+41	5.876007935278402e+41	3.361690689480571e+41	2.2684559768849732e+41	1.2936689368329663e+41	3.5561413659921195e+40	1.804408712744108e+40	7.024883431610879e+39	3.8780135746231586e+41	2.0103321075477745e+41	1.2936689368329663e+41	8.799979944749538e+40
17582.43464070431	1.3696432947731162e+43	1.2079221271853714e+42	7.429012056171382e+41	4.212764594936543e+41	2.8291710566325562e+41	1.604763302858702e+41	4.37528798987688e+40	2.213813241973013e+40	8.594269040362433e+39	4.869551408521954e+41	2.504018096384173e+41	1.604763302858702e+41	1.0883973497599595e+41
18317.08537488526	2.1879231259304862e+43	1.5730193748294595e+42	9.571242127535534e+41	5.377157772874817e+41	3.592765015082627e+41	2.026140168753355e+41	5.475310898951847e+40	2.761907581253875e+40	1.0688611795243852e+40	6.228695049974528e+41	3.175477026939754e+41	2.026140168753355e+41	1.3698171403332368e+41
19097.78048924767	3.0512958092760274e+43	1.935273602952743e+42	1.170631404019716e+42	6.54297276950698e+41	4.359423038709029e+41	2.450654727345521e+41	6.589981931197106e+40	3.3185112545803e+40	1.2820379556520877e+40	7.588004625364959e+41	3.850161581672265e+41	2.450654727345521e+41	1.6539009411641993e+41
19928.882228674345	4.2414675285807595e+43	2.3820987697796424e+42	1.4329633100669182e+42	7.97050337496962e+41	5.296421433166281e+41	2.9683742728552147e+41	7.944841138237387e+40	3.9942585999848135e+40	1.5405358592434128e+40	9.253767964054734e+41	4.674329963422006e+41	2.9683742728552147e+41	1.99994342255237e+41
20814.57243051519	5.373357650785587e+43	2.814584036871965e+42	1.688796641063936e+42	9.372522009294916e+41	6.220420349921928e+41	3.481361119905429e+41	9.297760442003392e+40	4.670929615566788e+40	1.8001412482466145e+40	1.0887068473460034e+42	5.487976805530805e+41	3.481361119905429e+41	2.3437576980757374e+41
21760.587790800517	6.510995154321281e+43	3.2924954129912736e+42	1.971972320183421e+42	1.0926809184169376e+42	7.24570058362545e+41	4.051189950388494e+41	1.0803237405345956e+41	5.424385857318853e+40	2.0893987375199704e+40	1.2697093348140984e+42	6.3910360335428706e+41	4.051189950388494e+41	2.7259038235811814e+41
22772.300432719996	8.103153030832739e+43	3.8655604487533285e+42	2.3106285956125788e+42	1.2781568004311765e+42	8.467785638736228e+41	4.729543705137668e+41	1.2592103294532762e+41	6.319112913927893e+40	2.4326765541920663e+40	1.4858079437315963e+42	7.467112741456708e+41	4.729543705137668e+41	3.1805222829843676e+41
23856.30554649161	8.614815365169412e+43	4.3146567519872434e+42	2.583631410650435e+42	1.4312963244646114e+42	9.489859020637488e+41	5.305089424319109e+41	1.4143192831060007e+41	7.100696063409882e+40	2.7348043605329627e+40	1.6632708612186452e+42	8.370176496575094e+41	5.305089424319109e+41	3.569276870437938e+41
25020.82798540331	9.511010023998826e+43	4.8375018201589374e+42	2.899746713271602e+42	1.6079936861358805e+42	1.0667415311357057e+42	5.967327864848188e+41	1.5925703263668377e+41	7.998690017851187e+40	3.081889489447801e+40	1.868178810046092e+42	9.410258995696978e+41	5.967327864848188e+41	4.016342794870907e+41
26273.533090604793	1.014795275074214e+44	5.378875418213685e+42	3.231004944797953e+42	1.7949517375647525e+42	1.1919581400477086e+42	6.6753434528618774e+41	1.784637283086256e+41	8.968773338853902e+40	3.457792038943942e+40	2.0845227769063694e+42	1.0517692142158831e+42	6.6753434528618774e+41	4.495685600565457e+41
27623.731699411648	1.0221825932579903e+44	5.874413397904121e+42	3.5404828609094816e+42	1.9726841689336453e+42	1.3121184925327695e+42	7.361964453803849e+41	1.97390148916623e+41	9.929951784002946e+40	3.832314079011861e+40	2.2893834116186018e+42	1.1583087062542402e+42	7.361964453803849e+41	4.963228965117583e+41
29082.119325793847	9.78077598982107e+43	6.332095654501208e+42	3.83459075305195e+42	2.1453946128655004e+42	1.430210951549612e+42	8.045002594206485e+41	2.165471882482487e+41	1.0908371974387973e+41	4.215694608826944e+40	2.487485871636001e+42	1.263324276240086e+42	8.045002594206485e+41	5.431315239375627e+41
30660.898904643327	8.821973770989606e+43	6.576683703473284e+42	4.013206399399642e+42	2.260348092800995e+42	1.5123677917090912e+42	8.542579722276196e+41	2.314185502576584e+41	1.1683449050403522e+41	4.525464552262777e+40	2.616786643370569e+42	1.3372165640824264e+42	8.542579722276196e+41	5.780490707082027e+41
32373.97891413549	7.444742859594204e+43	6.61936338180453e+42	4.0813753186819556e+42	2.319804816341145e+42	1.5599682533276088e+42	8.86202723779824e+41	2.422057749594169e+41	1.2265719700920666e+41	4.765909675347219e+40	2.6800272128129842e+42	1.3811820172628489e+42	8.86202723779824e+41	6.015666080618437e+41
34237.76078764049	5.871927441339558e+43	6.475749343644339e+42	4.046944195856565e+42	2.3275882036719634e+42	1.5754195700648538e+42	9.01632287313292e+41	2.492549312893035e+41	1.2672853770907967e+41	4.944012199431186e+40	2.6817675599722346e+42	1.397320659912542e+42	9.01632287313292e+41	6.145502201905162e+41
36271.20516527748	4.32579141783962e+43	6.132751205354637e+42	3.903973216773637e+42	2.281353385037913e+42	1.557510074945823e+42	9.000842150870807e+41	2.5252841141264726e+41	1.2904409522266552e+41	5.060158774737625e+40	2.619031770244646e+42	1.3846450152052992e+42	9.000842150870807e+41	6.167672783143805e+41
38496.97932207873	2.9307806944437236e+43	5.372637303702982e+42	3.5124016748986173e+42	2.10086038632122e+42	1.452658747119926e+42	8.516592344129396e+41	2.442467248306864e+41	1.2575597240753223e+41	4.968917634396609e+40	2.3990695604991494e+42	1.2958706805317497e+42	8.516592344129396e+41	5.882144142842718e+41
40941.34643785682	1.9347632392038216e+43	4.4941969743992973e+42	3.0334198421162765e+42	1.866553870618086e+42	1.3110360409467645e+42	7.824692400774561e+41	2.3064384916569744e+41	1.1987964663162614e+41	4.782233743752646e+40	2.1177035238398062e+42	1.1745083353000542e+42	7.824692400774561e+41	5.4577470247525366e+41
43636.259798788116	1.2907450937807714e+43	3.564970400976646e+42	2.4962350126218728e+42	1.5886122104549208e+42	1.1372016809077701e+42	6.937384075527206e+41	2.1157717782342842e+41	1.1127723764617357e+41	4.492578918118068e+40	1.7883713863238472e+42	1.0240689355517223e+42	6.937384075527206e+41	4.898151469606277e+41
46619.62502395106	9.017668726676928e+42	2.7831364782892814e+42	2.017268470930814e+42	1.3276880755402163e+42	9.69340497244539e+41	6.052980001546574e+41	1.9164589136842126e+41	1.0213729444633428e+41	4.1796465364161173e+40	1.4828197383530254e+42	8.77692853698216e+41	6.052980001546574e+41	4.3306885838873464e+41
49937.471745817136	6.66562815378857e+42	2.173398491245178e+42	1.6209664343895017e+42	1.0994731175185054e+42	8.178323287300542e+41	5.225548018522009e+41	1.7196891014469582e+41	9.29537786166978e+40	3.8597975593451674e+40	1.2189992927450212e+42	7.444420244224672e+41	5.225548018522009e+41	3.789261742969418e+41
53645.88462061443	5.4471789259812574e+42	1.7848620013893418e+42	1.3518718018707651e+42	9.359156960583546e+41	7.06152301013927e+41	4.597512946681595e+41	1.565439288735674e+41	8.572889147030895e+40	3.609220537818707e+40	1.0321940724515453e+42	6.45501327506377e+41	4.597512946681595e+41	3.3724961926047674e+41
57813.8273276976	4.473187670152911e+42	1.4826613836196833e+42	1.1307804729198764e+42	7.959905603812615e+41	6.090791214095393e+41	4.04587038044784e+41	1.4305020869526229e+41	7.94663585202342e+40	3.395461328659562e+40	8.736712637196685e+41	5.592183597241732e+41	4.04587038044784e+41	3.0058021113730844e+41
62526.99170486257	3.515192626370376e+42	1.264554723342846e+42	9.524228796191845e+41	6.671413800073687e+41	5.120907866920096e+41	3.438577293189081e+41	1.256976522368763e+41	7.093442969442541e+40	3.084668273332205e+40	7.323433552295506e+41	4.710267103250133e+41	3.438577293189081e+41	2.5793970995192884e+41
67893.06328564197	2.8688033365778897e+42	1.1286455449656688e+42	8.41037384424114e+41	5.8032539338708636e+41	4.423738817387171e+41	2.963459997983158e+41	1.102051264574144e+41	6.30079117499541e+40	2.786066595464126e+40	6.3925909044926185e+41	4.0639254856903805e+41	2.963459997983158e+41	2.229189135202863e+41
74049.07106075947	2.3470426297061325e+42	1.0901999895498547e+42	8.305782516937353e+41	5.761902606779981e+41	4.3778030231822234e+41	2.9116024456611407e+41	1.0749782943627382e+41	6.159033406601735e+40	2.7387774193448435e+40	6.347721338182235e+41	4.015701160612705e+41	2.9116024456611407e+41	2.1813892651163858e+41
81171.88599480275	1.9240013088669155e+42	1.0459192283310789e+42	8.368030682274664e+41	6.0020292885782336e+41	4.615860993455256e+41	3.0915892538369473e+41	1.140368135507983e+41	6.525063402701142e+40	2.9004179961370306e+40	6.569514970871678e+41	4.243994841896838e+41	3.0915892538369473e+41	2.3183133966674084e+41
89493.54029261536	1.5653646367935428e+42	9.566464573150372e+41	8.19679311843762e+41	6.201185538710197e+41	4.884742224313071e+41	3.3379012615268625e+41	1.2463377068404457e+41	7.129421609690233e+40	3.16495728637832e+40	6.7114176772357224e+41	4.516202126503499e+41	3.3379012615268625e+41	2.5206344780165444e+41
99323.69854615365	1.2578532164614381e+42	8.089755302367045e+41	7.514606043182386e+41	6.0791422849616436e+41	4.950572758178138e+41	3.493482481538781e+41	1.3457423119826574e+41	7.735149274466445e+40	3.442298887157706e+40	6.483114272526168e+41	4.615202498885934e+41	3.493482481538781e+41	2.6756036750773163e+41
111084.43661888035	9.918623439008325e+41	6.1790388380118206e+41	6.4183971210820116e+41	5.720025898468087e+41	4.901576217200597e+41	3.648739580020487e+41	1.4967959447504196e+41	8.715129960806262e+40	3.9069879826931847e+40	5.9687012707652504e+41	4.630498868754686e+41	3.648739580020487e+41	2.8682982190385478e+41
125364.89095256968	7.597656827246807e+41	4.145863312986217e+41	4.870388373413665e+41	4.844099722470887e+41	4.406650565567477e+41	3.503675556361212e+41	1.5728924353886994e+41	9.38682556968623e+40	4.290140182342816e+40	4.929679206877176e+41	4.22983052766816e+41	3.503675556361212e+41	2.851042003269369e+41
143010.46568679914	5.5879740923838195e+41	2.5923156337193266e+41	3.351456164211739e+41	3.63853649377918e+41	3.47435057351855e+41	2.916970776521224e+41	1.4184199644160767e+41	8.685335987508172e+40	4.068699015041896e+40	3.629002208549826e+41	3.3787410908198444e+41	2.916970776521224e+41	2.4443913196721402e+41
165274.68728890136	3.8185576710058696e+41	1.3503227902785068e+41	1.9714621211860634e+41	2.4072078364723532e+41	2.4566746762788486e+41	2.2244470926528863e+41	1.2098903946129295e+41	7.681710595043129e+40	3.725752536228978e+40	2.3360950399013806e+41	2.4325559328923466e+41	2.2244470926528863e+41	1.9422028931162237e+41
191007.47406126885	2.557205516407022e+41	5.796246007177134e+40	9.763846468730117e+40	1.402744797580343e+41	1.5788178258603486e+41	1.603358576882765e+41	1.0389154446708116e+41	6.986153123568834e+40	3.5807071122974965e+40	1.3089378033497492e+41	1.6062366867703383e+41	1.603358576882765e+41	1.4918337967084767e+41
220749.36688604765	1.6770752270673305e+41	2.301011989095539e+40	4.157068432296323e+40	6.995199521873342e+40	8.804051679946403e+40	1.0278441151526454e+41	8.327272978600224e+40	6.035887009256305e+40	3.326130354428569e+40	6.258578281251885e+40	9.250328470377089e+40	1.0278441151526454e+41	1.035983855307697e+41
255125.25150737033	1.0836476497890665e+41	1.0328574010016788e+40	1.6719454276195747e+40	3.0181958175932898e+40	4.207850261623821e+40	5.726592083795201e+40	6.108418965082772e+40	4.877602869728657e+40	2.9541870279286585e+40	2.6192940690724873e+40	4.571817857556472e+40	5.726592083795201e+40	6.350193124094974e+40
294857.41811652033	6.944769813908619e+40	5.966387814184828e+39	7.819791254954241e+39	1.2466005238929205e+40	1.7890594964271587e+40	2.7558575520118913e+40	4.0137133902938347e+40	3.6198402302355948e+40	2.476395373505644e+40	1.0940932253255416e+40	1.985936255081443e+40	2.7558575520118913e+40	3.3769847084590817e+40
340780.7436883558	4.440537117540357e+40	3.965816459629029e+39	4.6718138828800416e+39	6.025686707584751e+39	7.804855705759376e+39	1.2015997556080626e+40	2.3192855032651666e+40	2.4182066801888766e+40	1.9284875866536127e+40	5.579879676515532e+39	8.543359591332588e+39	1.2015997556080626e+40	1.5750198183923456e+40
393860.2408329735	2.8466611970278365e+40	2.708333799174174e+39	3.14199531294812e+39	3.673588788485172e+39	4.1886428498759834e+39	5.511725894805869e+39	1.17805030072836e+40	1.4300284078244326e+40	1.3701459475585486e+40	3.526774767837812e+39	4.400186897918567e+39	5.511725894805869e+39	7.016692987634965e+39
455211.34203575185	1.8363093686703882e+40	1.8394987831226362e+39	2.1516297173444718e+39	2.4914031843035473e+39	2.7174746210746808e+39	3.107841151063575e+39	5.543551510212185e+39	7.495972999643668e+39	8.730515154606252e+39	2.4076343458489028e+39	2.7895539606562145e+39	3.107841151063575e+39	3.5418769625208346e+39
526123.3456549679	1.1948604320993697e+40	1.2352109852098335e+39	1.4616681171600116e+39	1.7130611297168895e+39	1.8714031226011805e+39	2.0648890393962963e+39	2.7715430429655325e+39	3.669285936131595e+39	4.958938236409019e+39	1.651127159964317e+39	1.915980902540117e+39	2.0648890393962963e+39	2.1950153127639258e+39
608086.5165046691	7.852478616002894e+39	8.18584575008246e+38	9.808034899299987e+38	1.1664666681663794e+39	1.2879689169260338e+39	1.435100268775646e+39	1.6625408883809923e+39	1.9070049336365526e+39	2.5837226262455066e+39	1.1199666270070503e+39	1.322678162051744e+39	1.435100268775646e+39	1.5122935325934036e+39
702823.4106680291	5.213787996599947e+39	5.347190934801851e+38	6.494854957402475e+38	7.838569425886126e+38	8.752927233798615e+38	9.926011202106128e+38	1.1423442481467778e+39	1.1743537376891363e+39	1.3571381630906448e+39	7.497243978593105e+38	9.021864852486712e+38	9.926011202106128e+38	1.0576468000997528e+39
812325.0829777081	3.4960151257025405e+39	3.4373337717155604e+38	4.24227924091603e+38	5.196773934536186e+38	5.865641197550381e+38	6.768750281213976e+38	8.123997363947352e+38	8.205870194255865e+38	8.128928544728408e+38	4.951929383247976e+38	6.067150712898269e+38	6.768750281213976e+38	7.310425173494137e+38
938892.9382311401	2.365168116653852e+39	2.1689336398860585e+38	2.7308779308940817e+38	3.3996101707180803e+38	3.8770870127914925e+38	4.5472705647220365e+38	5.727594929301898e+38	5.919583570275322e+38	5.629598924739439e+38	3.2271569182189256e+38	4.0234879734779394e+38	4.5472705647220365e+38	4.974712656720037e+38
1085187.1058374625	1.6124631011070225e+39	1.3382462693293466e+38	1.7295573613428927e+38	2.194228472989985e+38	2.5289002616144868e+38	3.0113588696355446e+38	3.9701795863416845e+38	4.228190518995476e+38	4.135194485046457e+38	2.074237744421688e+38	2.632681208015432e+38	3.0113588696355446e+38	3.333431466314119e+38
1254282.354712504	1.106322399710016e+39	8.031161097429743e+37	1.0745340780114106e+38	1.3961963496089217e+38	1.6280577354889952e+38	1.967486550578507e+38	2.704583656282694e+38	2.9654200732330968e+38	3.0335661405372614e+38	1.3132351520852828e+38	1.7003525466209262e+38	1.967486550578507e+38	2.2014400620395992e+38
1449732.7237310784	7.629151398571632e+38	4.65563536749011e+37	6.519877503466174e+37	8.74202237412068e+37	1.033929021786164e+38	1.2690645736863439e+38	1.812282268794251e+38	2.041307936585413e+38	2.1849346647272415e+38	8.169678665605588e+37	1.0837695858599088e+38	1.2690645736863439e+38	1.4343739609696203e+38
1675646.226243206	5.2815562815311535e+38	2.5850886691001028e+37	3.8404135891062064e+37	5.368730109029107e+37	6.467080556763054e+37	8.082138680076143e+37	1.1960085048923009e+38	1.3804172973221966e+38	1.5418072300182773e+38	4.974442970582058e+37	6.809176620770467e+37	8.082138680076143e+37	9.22799811719645e+37
1936771.1989135472	3.66687275334505e+38	1.361366394165565e+37	2.179318644563981e+37	3.2183617745959205e+37	3.9723572174179843e+37	5.078135477691363e+37	7.78414027059497e+37	9.182373226623312e+37	1.066565231596474e+38	2.9482013263125277e+37	4.206940020761982e+37	5.078135477691363e+37	5.863445027349414e+37
2238596.109902251	2.5509918730879553e+38	6.723484328402026e+36	1.180551458152448e+37	1.8710654593696115e+37	2.3853547235492703e+37	3.141669950690569e+37	5.0022393066151e+37	6.017058030205984e+37	7.241019688565174e+37	1.6885765078574237e+37	2.5459436394150284e+37	3.141669950690569e+37	3.67731712282047e+37
2587464.9243152626	1.7770672326063225e+38	3.075259115642436e+36	6.040436310697031e+36	1.0464293092239189e+37	1.3916623328821203e+37	1.9072057706131605e+37	3.1762351632815477e+37	3.889842315786028e+37	4.831438998669742e+37	9.264494670307866e+36	1.50077487820743e+37	1.9072057706131605e+37	2.272266884879029e+37
2990710.4518596125	1.2389292623389387e+38	1.284720508316343e+36	2.884625517224982e+36	5.575797188239037e+36	7.826661143141787e+36	1.1303106319064959e+37	1.992751432055288e+37	2.4838530584276894e+37	3.1732415957072437e+37	4.819543943353873e+36	8.554689435654577e+36	1.1303106319064959e+37	1.3788536002332243e+37
3456808.4796178476	8.640891402862772e+37	4.82756334203365e+35	1.268827662248893e+36	2.7994803434865825e+36	4.203234032425235e+36	6.495262944241929e+36	1.2340420674069606e+37	1.5677471097754307e+37	2.0548579414488194e+37	2.3497852459113495e+36	4.6735720461670614e+36	6.495262944241929e+36	8.176487157226645e+36
3995555.929750507	6.027090109800095e+37	1.6043477529156873e+35	5.066157367714276e+35	1.3081194719711582e+36	2.1322253629265608e+36	3.588440255111048e+36	7.524914144903227e+36	9.78024913599497e+36	1.3138689619545693e+37	1.0599378951262547e+36	2.421793559488398e+36	3.588440255111048e+36	4.7066341919540166e+36
4618276.786929784	4.2033888378811687e+37	4.627890614100299e+34	1.8069655635249122e+35	5.6115581623489325e+35	1.00931697777383e+36	1.886983297098849e+36	4.5002074488618307e+36	6.023348881200134e+36	8.304105236823197e+36	4.361004942057615e+35	1.1764288159073901e+36	1.886983297098849e+36	2.60807816576296e+36
