#t	Le	U	B	V	R	I	J	H	K	g	r	i	z
#----------------------------------------------- 
4.340657301708096	0.0	0.0	0.0	0.0	0.0	0.0	0.0	0.0	0.0	0.0	0.0	0.0	0.0
4.424367475676153	0.0	0.0	0.0	0.0	0.0	0.0	0.0	0.0	0.0	0.0	0.0	0.0	0.0
4.909521747588042	0.0	0.0	0.0	0.0	0.0	0.0	0.0	0.0	0.0	0.0	0.0	0.0	0.0
5.602960217784193	0.0	0.0	0.0	0.0	0.0	0.0	0.0	0.0	0.0	0.0	0.0	0.0	0.0
6.439062854512247	0.0	0.0	0.0	0.0	0.0	0.0	0.0	0.0	0.0	0.0	0.0	0.0	0.0
7.43050048657206	0.0	0.0	0.0	0.0	0.0	0.0	0.0	0.0	0.0	0.0	0.0	0.0	0.0
8.60163632273701	0.0	0.0	0.0	0.0	0.0	0.0	0.0	0.0	0.0	0.0	0.0	0.0	0.0
9.981908984943724	0.0	0.0	0.0	0.0	0.0	0.0	0.0	0.0	0.0	0.0	0.0	0.0	0.0
11.604662830871233	0.0	0.0	0.0	0.0	0.0	0.0	0.0	0.0	0.0	0.0	0.0	0.0	0.0
13.506446959776095	0.0	0.0	0.0	0.0	0.0	0.0	0.0	0.0	0.0	0.0	0.0	0.0	0.0
15.726077542842509	0.0	0.0	0.0	0.0	0.0	0.0	0.0	0.0	0.0	0.0	0.0	0.0	0.0
18.303321757409368	0.0	0.0	0.0	0.0	0.0	0.0	0.0	0.0	0.0	0.0	0.0	0.0	0.0
21.277256691143506	0.0	0.0	0.0	0.0	0.0	0.0	0.0	0.0	0.0	0.0	0.0	0.0	0.0
24.684495691572256	0.0	0.0	0.0	0.0	0.0	0.0	0.0	0.0	0.0	0.0	0.0	0.0	0.0
28.55756631598289	0.0	0.0	0.0	0.0	0.0	0.0	0.0	0.0	0.0	0.0	0.0	0.0	0.0
32.92373180779542	0.0	0.0	0.0	0.0	0.0	0.0	0.0	0.0	0.0	0.0	0.0	0.0	0.0
37.80445574096981	0.0	0.0	0.0	0.0	0.0	0.0	0.0	0.0	0.0	0.0	0.0	0.0	0.0
43.21554875831612	0.0	0.0	0.0	0.0	0.0	0.0	0.0	0.0	0.0	0.0	0.0	0.0	0.0
49.167875010189405	0.0	0.0	0.0	0.0	0.0	0.0	0.0	0.0	0.0	0.0	0.0	0.0	0.0
55.66839708337034	0.0	0.0	0.0	0.0	0.0	0.0	0.0	0.0	0.0	0.0	0.0	0.0	0.0
62.7213248286857	0.0	0.0	0.0	0.0	0.0	0.0	0.0	0.0	0.0	0.0	0.0	0.0	0.0
70.32918539410484	0.0	0.0	0.0	0.0	0.0	0.0	0.0	0.0	0.0	0.0	0.0	0.0	0.0
78.49370944111455	0.0	0.0	0.0	0.0	0.0	0.0	0.0	0.0	0.0	0.0	0.0	0.0	0.0
87.21649880323926	0.0	0.0	0.0	0.0	0.0	0.0	0.0	0.0	0.0	0.0	0.0	0.0	0.0
96.49948808045107	0.0	0.0	0.0	0.0	0.0	0.0	0.0	0.0	0.0	0.0	0.0	0.0	0.0
106.34523608545308	0.0	0.0	0.0	0.0	0.0	0.0	0.0	0.0	0.0	0.0	0.0	0.0	0.0
116.75708918799515	0.0	0.0	0.0	0.0	0.0	0.0	0.0	0.0	0.0	0.0	0.0	0.0	0.0
127.73925503383555	0.0	0.0	0.0	0.0	0.0	0.0	0.0	0.0	0.0	0.0	0.0	0.0	0.0
139.29681762171313	0.0	0.0	0.0	0.0	0.0	0.0	0.0	0.0	0.0	0.0	0.0	0.0	0.0
151.4357166301717	0.0	0.0	0.0	0.0	0.0	0.0	0.0	0.0	0.0	0.0	0.0	0.0	0.0
164.16270708935917	0.0	0.0	0.0	0.0	0.0	0.0	0.0	0.0	0.0	0.0	0.0	0.0	0.0
177.48530988793453	0.0	0.0	0.0	0.0	0.0	0.0	0.0	0.0	0.0	0.0	0.0	0.0	0.0
191.41175983712074	0.0	0.0	0.0	0.0	0.0	0.0	0.0	0.0	0.0	0.0	0.0	0.0	0.0
205.9509551941524	0.0	0.0	0.0	0.0	0.0	0.0	0.0	0.0	0.0	0.0	0.0	0.0	0.0
221.1124108882952	0.0	0.0	0.0	0.0	0.0	0.0	0.0	0.0	0.0	0.0	0.0	0.0	0.0
236.90621641772944	0.0	0.0	0.0	0.0	0.0	0.0	0.0	0.0	0.0	0.0	0.0	0.0	0.0
253.34299875880762	0.0	0.0	0.0	0.0	0.0	0.0	0.0	0.0	0.0	0.0	0.0	0.0	0.0
270.4338902466053	0.0	0.0	0.0	0.0	0.0	0.0	0.0	0.0	0.0	0.0	0.0	0.0	0.0
288.1905011708555	0.0	0.0	0.0	0.0	0.0	0.0	0.0	0.0	0.0	0.0	0.0	0.0	0.0
306.6248965454887	0.0	0.0	0.0	0.0	0.0	0.0	0.0	0.0	0.0	0.0	0.0	0.0	0.0
325.74957676217855	0.0	0.0	0.0	0.0	0.0	0.0	0.0	0.0	0.0	0.0	0.0	0.0	0.0
345.57746160259035	0.0	0.0	0.0	0.0	0.0	0.0	0.0	0.0	0.0	0.0	0.0	0.0	0.0
366.1218771452964	0.0	0.0	0.0	0.0	0.0	0.0	0.0	0.0	0.0	0.0	0.0	0.0	0.0
387.3965453609128	0.0	0.0	0.0	0.0	0.0	0.0	0.0	0.0	0.0	0.0	0.0	0.0	0.0
409.41557588518145	0.0	0.0	0.0	0.0	0.0	0.0	0.0	0.0	0.0	0.0	0.0	0.0	0.0
432.193459634842	0.0	0.0	0.0	0.0	0.0	0.0	0.0	0.0	0.0	0.0	0.0	0.0	0.0
455.74506452131754	0.0	0.0	0.0	0.0	0.0	0.0	0.0	0.0	0.0	0.0	0.0	0.0	0.0
480.08563252213656	0.0	0.0	0.0	0.0	0.0	0.0	0.0	0.0	0.0	0.0	0.0	0.0	0.0
505.23077805535536	0.0	0.0	0.0	0.0	0.0	0.0	0.0	0.0	0.0	0.0	0.0	0.0	0.0
531.19648755028	0.0	0.0	0.0	0.0	0.0	0.0	0.0	0.0	0.0	0.0	0.0	0.0	0.0
557.9991200656896	0.0	0.0	0.0	0.0	0.0	0.0	0.0	0.0	0.0	0.0	0.0	0.0	0.0
585.6554088120613	0.0	0.0	0.0	0.0	0.0	0.0	0.0	0.0	0.0	0.0	0.0	0.0	0.0
614.1824632711806	0.0	0.0	0.0	0.0	0.0	0.0	0.0	0.0	0.0	0.0	0.0	0.0	0.0
643.5977725216443	0.0	0.0	0.0	0.0	0.0	0.0	0.0	0.0	0.0	0.0	0.0	0.0	0.0
673.9192090909631	0.0	0.0	0.0	0.0	0.0	0.0	0.0	0.0	0.0	0.0	0.0	0.0	0.0
705.1650331199138	0.0	0.0	0.0	0.0	0.0	0.0	0.0	0.0	0.0	0.0	0.0	0.0	0.0
737.3538975507909	0.0	0.0	0.0	0.0	0.0	0.0	0.0	0.0	0.0	0.0	0.0	0.0	0.0
770.5048534744273	0.0	0.0	0.0	0.0	0.0	0.0	0.0	0.0	0.0	0.0	0.0	0.0	0.0
804.6373564242272	0.0	0.0	0.0	0.0	0.0	0.0	0.0	0.0	0.0	0.0	0.0	0.0	0.0
839.7712724966635	0.0	0.0	0.0	0.0	0.0	0.0	0.0	0.0	0.0	0.0	0.0	0.0	0.0
875.926885516932	0.0	0.0	0.0	0.0	0.0	0.0	0.0	0.0	0.0	0.0	0.0	0.0	0.0
913.1249042480432	1.465554447818853e+30	7.92762775346318e+26	4.406216437780655e+26	2.2858418376607505e+26	1.4614899699666586e+26	7.837179200484971e+25	1.9579669462894954e+25	9.608365555275362e+24	3.6150367083976003e+24	2.6965505689342506e+26	1.2763978444773446e+26	7.837179200484971e+25	5.152252031111613e+25
951.3864702668864	2.318568910969802e+31	1.3781763395220887e+28	7.663755228100597e+27	3.9775268090034405e+27	2.5437216572061685e+27	1.364447482942437e+27	3.410336444487149e+26	1.6738269443039088e+26	6.29861555627442e+25	4.691714113109644e+27	2.2217180766456146e+27	1.364447482942437e+27	8.971461920813929e+26
990.7331662233452	2.8397019219761807e+32	1.8284166673055223e+29	1.0171841998673925e+29	5.2812704572106785e+28	3.378223343377787e+28	1.8125228390629433e+28	4.5320462375000847e+27	2.2246831260700136e+27	8.372691973277735e+26	6.229000295472541e+28	2.950755452944808e+28	1.8125228390629433e+28	1.1919288025918983e+28
1031.1870243526832	2.7519495356792887e+33	1.9521414656277446e+30	1.086602291286939e+30	5.6444139924075015e+29	3.61148487979001e+29	1.93827743507068e+29	4.848864166503679e+28	2.380616953288439e+28	8.961166089914682e+27	6.65657202868851e+29	3.154732721934022e+29	1.93827743507068e+29	1.2748479176261675e+29
1072.7705355697424	2.1760851163001623e+34	1.690122359108622e+31	9.412502287767575e+30	4.8916596225414037e+30	3.130664144434028e+30	1.6807276909839842e+30	4.206567569468482e+29	2.0656209064018e+29	7.776804191284709e+28	5.768213807730552e+30	2.734917000645692e+30	1.6807276909839842e+30	1.105638118249722e+30
1115.5066588001234	1.4103802275519477e+35	1.2072941663595449e+32	6.7274878924505955e+31	3.498077264869352e+31	2.239419536922669e+31	1.20265616226061e+31	3.0116265561744934e+30	1.479125925218071e+30	5.569798784807088e+29	4.124418308551886e+31	1.9564891498440227e+31	1.20265616226061e+31	7.912949448494284e+30
1159.4188308084788	7.744177309229907e+35	7.276570795556973e+32	4.057118544988097e+32	2.1106580124304563e+32	1.3516019416616887e+32	7.2610403702292235e+31	1.819222380786194e+31	8.936561267313877e+30	3.3657969481892293e+30	2.4882828694238668e+32	1.1809318515090863e+32	7.2610403702292235e+31	4.778332720232444e+31
1204.5309762437096	3.626530354259421e+36	3.752170109871511e+33	2.093352888042954e+33	1.0896378065303932e+33	6.979861140114044e+32	3.751033883382314e+32	9.40331868870328e+31	4.620107138243581e+31	1.7404375028151275e+31	1.2844256709037858e+33	6.099008784886837e+32	3.751033883382314e+32	2.46896427892722e+32
1250.8675182285613	1.482528784499892e+37	1.68389133341225e+34	9.400348627128846e+33	4.8958039558118374e+33	3.1370593316543665e+33	1.686481341915045e+33	4.230148067934241e+32	2.0788009620731904e+32	7.832644296340751e+31	5.770262770158898e+33	2.741395929434422e+33	1.686481341915045e+33	1.1102783667189795e+33
1298.4533893845748	5.326739948414657e+37	6.652473236976818e+34	3.7161870187669064e+34	1.9365594472517477e+34	1.241282940272863e+34	6.675632243896231e+33	1.6754179391542625e+33	8.235149525111626e+32	3.1035643923669665e+32	2.2821501370937265e+34	1.08482157918145e+34	6.675632243896231e+33	4.395758599219333e+33
1347.314042808003	1.7116482364437133e+38	2.3446704163577467e+35	1.3106400605117845e+35	6.833956655582917e+34	4.381821249900183e+34	2.357439103249381e+34	5.920114423893177e+33	2.910517057727058e+33	1.0971195110339117e+33	8.052428653324569e+34	3.8298434187239315e+34	2.357439103249381e+34	1.5526507388839279e+34
1397.4754638259965	4.948795682137771e+38	7.441361203281344e+35	4.162498604946865e+35	2.1717495985574428e+35	1.3929674365869479e+35	7.4971847796631e+34	1.8839006121123632e+34	9.263897322439933e+33	3.492819360203413e+33	2.5586041530156026e+35	1.2176090508498487e+35	7.4971847796631e+34	4.938867628013781e+34
1448.964182060375	1.304743288433128e+39	2.1491727648046973e+36	1.2030316637554556e+36	6.280626607019045e+35	4.029812317663884e+35	2.1697794644073054e+35	5.455678184074456e+34	2.6833745964811517e+34	1.0119602083453781e+34	7.398339171376662e+35	3.52283876062418e+35	2.1697794644073054e+35	1.4296897450152108e+35
1501.8072837219017	3.1528596773189177e+39	5.691126359851906e+36	3.188012916914984e+36	1.6654320170494325e+36	1.0689694146907084e+36	5.758061864317472e+35	1.4487498269279816e+35	7.127323594424281e+34	2.6885130660301522e+34	1.9615240883298365e+36	9.345786769789358e+35	5.758061864317472e+35	3.7949261168303376e+35
1556.0324244650842	7.05567056599994e+39	1.3932964968972243e+37	7.810641715537283e+36	4.08299642113334e+36	2.6216600090558765e+36	1.412766860084351e+36	3.556934122667012e+35	1.7502936930193697e+35	6.603918121412424e+34	4.808174037591839e+36	2.2922937452471697e+36	1.412766860084351e+36	9.31321951178572e+35
1611.6678429877134	1.4680182227672547e+40	3.172195287547489e+37	1.7796589752644006e+37	9.309479419128284e+36	5.979815408447523e+36	3.2238280336419085e+36	8.122246627436615e+35	3.99776326176285e+35	1.508748205496327e+35	1.0961210821219643e+37	5.2290960669714535e+36	3.2238280336419085e+36	2.1257264356520435e+36
1668.7423749729246	2.8618163409339913e+40	6.759304958381123e+37	3.7950730128922676e+37	1.9866054584860919e+37	1.276564076427159e+37	6.885266706898245e+36	1.7359227832389942e+36	8.546323196319164e+35	3.2261920132826923e+35	2.338703783508202e+37	1.1164194101452936e+37	6.885266706898245e+36	4.541138087428385e+36
1727.285468222144	5.239612832579586e+40	1.3536470372004754e+38	7.60641102531963e+37	3.984624302323313e+37	2.56149959418477e+37	1.3822126307462662e+37	3.487408824057081e+36	1.717371927938787e+36	6.4847189730718364e+35	4.690060103250678e+37	2.240407152670842e+37	1.3822126307462662e+37	9.118677968852572e+36
1787.3271966961065	9.054738603162673e+40	2.559004952158367e+38	1.4391795120537502e+38	7.54484395192258e+37	4.8522089065549e+37	2.6195686459600453e+37	6.614355550980512e+36	3.258109005074186e+36	1.230587209027358e+36	8.879041252635382e+37	4.2444535409304895e+37	2.6195686459600453e+37	1.7286375568320285e+37
1848.8982753421255	1.4773323704401467e+41	4.577789119428088e+38	2.576869534798493e+38	1.351997718317746e+38	8.698790301074354e+37	4.698636925543938e+37	1.1873525919676128e+37	5.850345264186602e+36	2.2103222677399838e+36	1.5907863457603386e+38	7.61016149993566e+37	4.698636925543938e+37	3.1014902728417004e+37
1912.0300755222486	2.280254200047188e+41	7.767730054577566e+38	4.37673463290244e+38	2.2982931313683768e+38	1.4794318396214997e+38	7.995498821560636e+37	2.022211732532057e+37	9.96690421063235e+36	3.766778305090177e+36	2.703684641455098e+38	1.2944527750748063e+38	7.995498821560636e+37	5.27930474407104e+37
1976.754641383935	3.56634170121641e+41	1.2770613710884549e+39	7.199384099240849e+38	3.782265869386888e+38	2.4353063147772048e+38	1.3165365974447678e+38	3.331318754143865e+37	1.6421819054555888e+37	6.207325280455738e+36	4.4489388795209084e+38	2.1309601187281074e+38	1.3165365974447678e+38	8.694326842230221e+37
2043.1047065972343	5.61860145187884e+41	2.0330070799783238e+39	1.1462262325293926e+39	6.022398020711449e+38	3.877881737920028e+38	2.096529539353283e+38	5.305505515536378e+37	2.615452658027465e+37	9.886567952190154e+36	7.083764474492033e+38	3.3933034566262562e+38	2.096529539353283e+38	1.3845834244281003e+38
2111.1137115345905	7.607610258175521e+41	2.994859930370836e+39	1.6900692264246674e+39	8.886990299562789e+38	5.724992179659953e+38	3.096745477864794e+38	7.8430191190929e+37	3.8674761829487715e+37	1.4623595669092389e+37	1.045126422052603e+39	5.010212152267672e+38	3.096745477864794e+38	2.045732113778196e+38
2180.8158209656235	9.895428863269516e+41	4.219188031673636e+39	2.3831144486219568e+39	1.2541184295925526e+39	8.082570587076122e+38	4.3742065336966e+38	1.108717760221868e+38	5.468733859652265e+37	2.0684173231745423e+37	1.4745988967164114e+39	7.074286099825225e+38	4.3742065336966e+38	2.8904456809097264e+38
2252.2459420947735	1.1868343064519834e+42	5.621643683915728e+39	3.179145227892527e+39	1.6748417409717543e+39	1.0800542270882065e+39	5.8491789306152875e+38	1.4841799501578285e+38	7.3234911076591255e+37	2.7710222939403665e+37	1.9687991501472134e+39	9.454740581965179e+38	5.8491789306152875e+38	3.8665846714466776e+38
2325.439743610229	1.3580035232676246e+42	7.163968270251306e+39	4.056661603920397e+39	2.1396090042896753e+39	1.3806542395804177e+39	7.482630243589754e+38	1.90084924334674e+38	9.383313522550012e+37	3.551893883020349e+37	2.514472656543363e+39	1.2088287545157336e+39	7.482630243589754e+38	4.948406159394557e+38
2400.4336751597207	1.4609711319753378e+42	8.710582127702506e+39	4.9401403495763567e+39	2.6091739365583775e+39	1.684943401426714e+39	9.139773238839784e+38	2.3250132320346834e+38	1.1482707289415482e+38	4.348747278040895e+37	3.065338559508899e+39	1.475554875831618e+39	9.139773238839784e+38	6.0472608830830004e+38
2477.2649873467503	1.5101612551967997e+42	1.0197142182724883e+40	5.792890786134313e+39	3.0640717579845797e+39	1.9803225744445435e+39	1.0752091253405092e+39	2.7391771726354488e+38	1.3535162352997562e+38	5.128778627643817e+37	3.598551642620152e+39	1.734612201024136e+39	1.0752091253405092e+39	7.117753476432057e+38
2555.9717525855	1.4974324917157205e+42	1.1527004963465473e+40	6.560528195628371e+39	3.4757851728344355e+39	2.24845187169995e+39	1.2220583605219774e+39	3.1183538948961574e+38	1.5417622846152803e+38	5.845521686079693e+37	4.080552580311681e+39	1.9699582316919948e+39	1.2220583605219774e+39	8.094561401903572e+38
2636.592886505794	1.4504699037965617e+42	1.2703063613183746e+40	7.243841616563341e+39	3.8443401544867906e+39	2.4892098178108998e+39	1.3543738890458057e+39	3.461823506840107e+38	1.7125955667222443e+38	6.497187582793882e+37	4.5114764594135623e+39	2.181453858981673e+39	1.3543738890458057e+39	8.976372733021037e+38
2719.168170396371	1.3775151861247493e+42	1.3723781840819454e+40	7.841871714096371e+39	4.169196462585967e+39	2.7022374577223715e+39	1.4719556396711457e+39	3.769060623424924e+38	1.8657544430684137e+38	7.082778434876966e+37	4.8906968990676963e+39	2.368782543166962e+39	1.4719556396711457e+39	9.761846725436589e+38
2803.7382741960687	1.2997523290163964e+42	1.4659651403727595e+40	8.39403332997369e+39	4.4709126170617435e+39	2.9007194776477055e+39	1.5818990618812126e+39	4.057893007456974e+38	2.0100054236048807e+38	7.635347037443538e+37	5.242435923654946e+39	2.543468839361256e+39	1.5818990618812126e+39	1.0497723459098043e+39
2890.3447802843843	1.2225714593513838e+42	1.5562682333570118e+40	8.930176690089805e+39	4.7654271705964554e+39	3.095012673961082e+39	1.6898629462521167e+39	4.34288402339263e+38	2.1525710838935543e+38	8.182365383814581e+37	5.585371289448087e+39	2.7145979771085458e+39	1.6898629462521167e+39	1.1221597654123319e+39
2979.030207818203	1.1538993564537135e+42	1.6507338420262267e+40	9.492905984127833e+39	5.075424119899615e+39	3.299833307343795e+39	1.803872982969585e+39	4.6446268617242495e+38	2.303653554799557e+38	8.762595822215219e+37	5.946102970028417e+39	2.89507371883206e+39	1.803872982969585e+39	1.1986732518244654e+39
3069.838038200485	1.0943160806096348e+42	1.7542493858407478e+40	1.0110874819283187e+40	5.416488096069796e+39	3.525410939579741e+39	1.929582826339353e+39	4.9779308194447906e+38	2.47064258176984e+38	9.40432260339474e+37	6.34281740786928e+39	3.0938941765072546e+39	1.929582826339353e+39	1.2830926838878215e+39
3162.812741232587	1.15389224569083e+42	1.9196550061534833e+40	1.1077099500593379e+40	5.940201420810342e+39	3.8684786409532925e+39	2.1187368621204445e+39	5.471482508479496e+38	2.7165750077989578e+38	1.0344249250360955e+38	6.95446006126974e+39	3.3954944732855267e+39	2.1187368621204445e+39	1.409383635867563e+39
3257.9998018821652	1.468543406329104e+42	2.2680192566939436e+40	1.3062426645196042e+40	6.993136714142014e+39	4.5499752713758174e+39	2.4893485905081705e+39	6.417939671677476e+38	3.1846384152771613e+38	1.2119335403477792e+38	8.19031565477322e+39	3.9926637272672156e+39	2.4893485905081705e+39	1.6549392300487784e+39
3355.445748193364	1.3806786469296716e+42	2.4192725692809107e+40	1.3969740691237065e+40	7.49591144142383e+39	4.8832207870021254e+39	2.6755032924870368e+39	6.913281295913956e+38	3.433114258009902e+38	1.3075392059233151e+38	8.774598680597886e+39	4.286549037475525e+39	2.6755032924870368e+39	1.7801122544144158e+39
3455.198180224265	1.4292581906987363e+42	2.664327066468996e+40	1.5405535782686761e+40	8.27611281526691e+39	5.394999637892116e+39	2.958106725694914e+39	7.652362113985702e+38	3.801681391233742e+38	1.4485136463709763e+38	9.685273183701428e+39	4.7366315007015804e+39	2.958106725694914e+39	1.968952170309101e+39
3557.3302809837282	1.3722913024446352e+42	2.864079065992778e+40	1.6602263822170064e+40	8.938693493206478e+39	5.833998339055637e+39	3.203246630959297e+39	8.30437801302824e+38	4.128711911252978e+38	1.5743324081556387e+38	1.0455405675537196e+40	5.1237430736694494e+39	3.203246630959297e+39	2.1337593117894388e+39
3662.2408574513893	1.3570078680706718e+42	3.0963508163213355e+40	1.7988040241486917e+40	9.703399104705359e+39	6.339795075590668e+39	3.4851636283369055e+39	9.052197589471698e+38	4.5034609271424195e+38	1.7183825216482944e+38	1.1344892388930695e+40	5.569557067749901e+39	3.4851636283369055e+39	2.323104774889701e+39
3769.94203075488	1.3052012918498116e+42	3.316678139735745e+40	1.9319747907792987e+40	1.0446233103586591e+40	6.833941569518343e+39	3.7623386338860915e+39	9.794445195453485e+38	4.876616874253594e+38	1.8622861296134352e+38	1.2206853966312706e+40	6.005766101010742e+39	3.7623386338860915e+39	2.5099059523380358e+39
3880.413745801797	1.2729458668020927e+42	3.55676038577316e+40	2.0772786908046633e+40	1.1257764870346618e+40	7.374177821507847e+39	4.0656238123032404e+39	1.0607722846770363e+39	5.2856822380796915e+38	2.020117591619129e+38	1.31482537595339e+40	6.482756171636746e+39	4.0656238123032404e+39	2.7144024323103533e+39
3993.7073183150333	1.2289241290375058e+42	3.797233129501442e+40	2.224038036065708e+40	1.2083093621098666e+40	7.925604360087271e+39	4.376442317427358e+39	1.1446233543235011e+39	5.708299949637749e+38	2.1835127972227585e+38	1.4104183215775602e+40	6.970098750454406e+39	4.376442317427358e+39	2.9244362645587374e+39
4109.940945653135	1.1937836723239311e+42	4.04557212413633e+40	2.376359300934247e+40	1.2943355467209575e+40	8.501691215811236e+39	4.7019983658824136e+39	1.2327945530306726e+39	6.153288992698389e+38	2.3557917144124015e+38	1.5099615539505463e+40	7.479549339578208e+39	4.7019983658824136e+39	3.144739097690046e+39
4229.160332955366	1.1556041041615693e+42	4.300449185161729e+40	2.533713311742632e+40	1.3836841583188625e+40	9.101734592457649e+39	5.042164153346541e+39	1.3253574047404558e+39	6.62118774042184e+38	2.5372311059898016e+38	1.6132246743076397e+40	8.010587930668501e+39	5.042164153346541e+39	3.375321607174154e+39
4351.4131579061395	1.1301675234032273e+42	4.576203410708935e+40	2.7041589894887155e+40	1.480580634713944e+40	9.752919713563977e+39	5.4116272403768107e+39	1.4260273291962278e+39	7.130313194357816e+38	2.7347560909751055e+38	1.7251798536086994e+40	8.586998248896037e+39	5.4116272403768107e+39	3.6258814663584465e+39
4476.769707537352	1.3890874807359767e+42	5.332016509687597e+40	3.1435973476779657e+40	1.7177410307487297e+40	1.1302684373175488e+40	6.263670826420367e+39	1.6473348516926706e+39	8.231268622528005e+38	3.154818095312697e+38	2.00243547016458e+40	9.948524158325687e+39	6.263670826420367e+39	4.193842498395022e+39
4605.3072090045125	1.4312167443302876e+42	5.805970657368392e+40	3.428260831622989e+40	1.8757719109966898e+40	1.2351465569078103e+40	6.850504993238204e+39	1.8039528050049086e+39	9.017807732745718e+38	3.457825892619933e+38	2.1859988213821643e+40	1.087377844235014e+40	6.850504993238204e+39	4.588836986022078e+39
4737.081315923929	1.4033473678884397e+42	6.163435513693399e+40	3.650072900191199e+40	2.0022808947053412e+40	1.320313792539684e+40	7.334654979867607e+39	1.9362568557300837e+39	9.687582659833765e+38	3.717938037692005e+38	2.332061619761486e+40	1.162800431946701e+40	7.334654979867607e+39	4.9175201875994613e+39
4872.16064096933	1.3587630172103747e+42	6.520472550190851e+40	3.873956185596107e+40	2.1310520512533628e+40	1.4073837106627084e+40	7.831987916340166e+39	2.0731161900494645e+39	1.0382034267171173e+39	3.988261603019944e+38	2.4804588362303855e+40	1.2399969736240839e+40	7.831987916340166e+39	5.256015556739485e+39
5010.6110152174015	1.3314974060786974e+42	6.914340999698034e+40	4.1206842292802124e+40	2.2728921119858014e+40	1.5032766805396118e+40	8.379683405353784e+39	2.223848183204423e+39	1.1146938359949663e+39	4.286040114312708e+38	2.6439307262281543e+40	1.3250140385766524e+40	8.379683405353784e+39	5.62879167891873e+39
5152.443783596143	1.2876083440975284e+42	7.281109474342687e+40	4.3548743955009046e+40	2.409590227931977e+40	1.596421466012325e+40	8.916237733880034e+39	2.3733584589339735e+39	1.1908775256194765e+39	4.583844136057375e+38	2.800947514340413e+40	1.4077652975593142e+40	8.916237733880034e+39	5.99564771098477e+39
5297.889092554857	1.2497166687254719e+42	7.673968055221815e+40	4.606092687235329e+40	2.556439953429738e+40	1.6965680561011248e+40	9.493701050973897e+39	2.5345259134637518e+39	1.2730481138978958e+39	4.9052402153517156e+38	2.969567304300457e+40	1.4967578792127452e+40	9.493701050973897e+39	6.390697596280299e+39
5446.650654045142	1.2098808116076397e+42	8.060255317959794e+40	4.8569210921584185e+40	2.7048572860250296e+40	1.7984203234987207e+40	1.0085013830980703e+40	2.7012037029863855e+39	1.3583083639841381e+39	5.239816206276481e+38	3.139529719613472e+40	1.5874155958062137e+40	1.0085013830980703e+40	6.796693108317434e+39
5598.690688189845	1.170083433096495e+42	8.470392560513972e+40	5.124335448042821e+40	2.8636387456313172e+40	1.9075876841650034e+40	1.0720110657728478e+40	2.880783023693161e+39	1.4502658051999288e+39	5.601060097881757e+38	3.3212187068305244e+40	1.6846327020972862e+40	1.0720110657728478e+40	7.233243124331712e+39
5754.337689114892	1.374937678335022e+42	9.609062636963232e+40	5.803654490332704e+40	3.238721732175737e+40	2.1558152651739725e+40	1.2104805187303024e+40	3.2487033803975795e+39	1.6347656711168973e+39	6.310797288251817e+38	3.757426571349603e+40	1.903461738538461e+40	1.2104805187303024e+40	8.163758391083038e+39
5913.545893535531	1.3235784559517068e+42	1.0136735568220262e+41	6.145336368932061e+40	3.440435856023191e+40	2.2940756381747665e+40	1.290641595108951e+40	3.4742089027460134e+39	1.7500399881125637e+39	6.762846305163181e+38	3.988540804359483e+40	2.0264864080238062e+40	1.290641595108951e+40	8.713746445841338e+39
6076.331438045339	1.3589723461618967e+42	1.0953993779661146e+41	6.653848808259633e+40	3.731378843652622e+40	2.490332430124357e+40	1.4024831043492427e+40	3.7811185134642455e+39	1.9056500820316365e+39	7.36815036046464e+38	4.324192746472416e+40	2.2003866719979095e+40	1.4024831043492427e+40	9.474123141944309e+39
6242.87453249397	1.3316171893109925e+42	1.150440161037742e+41	7.01519276949551e+40	3.9472307976461466e+40	2.6392294776842234e+40	1.4894314444179182e+40	4.0283878986474e+39	2.032520229876475e+39	7.867544055469044e+38	4.570846097071723e+40	2.3331028568839773e+40	1.4894314444179182e+40	1.0073018591592066e+40
6413.194768284871	1.2902149123662787e+42	1.203884603306326e+41	7.372072245246214e+40	4.16321107314432e+40	2.789193851161621e+40	1.5776174560777255e+40	4.281686108028508e+39	2.1629061923289998e+39	8.38242370904511e+38	4.816946116830275e+40	2.4669984553096397e+40	1.5776174560777255e+40	1.0682674855809876e+40
6587.4092364450535	1.2590141823616276e+42	1.2569291566058423e+41	7.730288567208087e+40	4.382014817429554e+40	2.94186057878948e+40	1.6678761568536654e+40	4.543009948711665e+39	2.297783802682141e+39	8.916469508617112e+38	5.06574883109209e+40	2.6034832772418366e+40	1.6678761568536654e+40	1.1308469433594669e+40
6765.638168681723	1.2116984116980443e+42	1.3066658400308242e+41	8.0745183799393585e+40	4.596102135032364e+40	3.0925603435298207e+40	1.7577997111043634e+40	4.806735239676918e+39	2.4344629636911103e+39	9.459834853179254e+38	5.308246529732315e+40	2.7385159711809484e+40	1.7577997111043634e+40	1.1934933640494808e+40
6947.802385627415	1.1820211236363337e+42	1.3608371935711397e+41	8.448240103706607e+40	4.8282876118864035e+40	3.255990522128458e+40	1.855347946905901e+40	5.0931188833081883e+39	2.5829585364001685e+39	1.0050507974070858e+39	5.571276414562836e+40	2.884961085408097e+40	1.855347946905901e+40	1.2614718692164624e+40
7134.147728332629	1.1734641247921507e+42	1.4273815218721347e+41	8.896753201173596e+40	5.102404501537717e+40	3.4474481054208144e+40	1.9687300336574712e+40	5.422523675608763e+39	2.753212440372133e+39	1.0725644311991751e+39	5.8828857534598625e+40	3.0561855181029214e+40	1.9687300336574712e+40	1.3401720033500945e+40
7324.82017656556	1.3094051263105045e+42	1.5997899084453252e+41	9.960094590719402e+40	5.706127770736984e+40	3.8529706997529973e+40	2.1987120557675863e+40	6.048906532427084e+39	3.069970174823853e+39	1.1954491797979392e+39	6.580607194079117e+40	3.415100916317225e+40	2.1987120557675863e+40	1.4961111732715253e+40
7519.925903833628	1.339055008503508e+42	1.7065006609407995e+41	1.0652290663460091e+41	6.11651059110718e+40	4.135167448820496e+40	2.3630344411798377e+40	6.514810907890027e+39	3.3088493396451895e+39	1.2894253795724092e+39	7.050256642582948e+40	3.666444184804378e+40	2.3630344411798377e+40	1.609153407144114e+40
7719.665187427633	1.273065567479127e+42	1.7509375546946985e+41	1.0993933458703546e+41	6.344893107534575e+40	4.301499652710704e+40	2.465814753262635e+40	6.83089533968457e+39	3.47513115881998e+39	1.3564966642066588e+39	7.3050416878087875e+40	3.8167788321446457e+40	2.465814753262635e+40	1.6820437333037246e+40
7924.450008968889	1.2603147668465765e+42	1.829725692450278e+41	1.1536722932729379e+41	6.682466012981271e+40	4.53940898664546e+40	2.6080895232723423e+40	7.250153887927884e+39	3.692846904333817e+39	1.4432350368154897e+39	7.687310012751574e+40	4.030050292512863e+40	2.6080895232723423e+40	1.781313945890414e+40
8134.399305278191	1.2131710891053642e+42	1.8804235281672655e+41	1.1924001582173545e+41	6.941172059698082e+40	4.727985893355035e+40	2.724815559538274e+40	7.61048262309371e+39	3.882696235446722e+39	1.5199394527040023e+39	7.975887734759228e+40	4.2005487622497693e+40	2.724815559538274e+40	1.8641952677826027e+40
8349.5035192875	1.1799792900519657e+42	1.9430960868446154e+41	1.2386652382067601e+41	7.243881205648369e+40	4.946694113235024e+40	2.8590642079942033e+40	8.020728285521186e+39	4.0982253450642077e+39	1.6067894303842475e+39	8.314955670312443e+40	4.397867071068798e+40	2.8590642079942033e+40	1.9591404781275624e+40
8569.673145311908	1.1442367059352943e+42	1.9983089137947556e+41	1.2812182126426731e+41	7.530770977671833e+40	5.156946920864037e+40	2.9900312664469867e+40	8.429043557240381e+39	4.314100223463338e+39	1.69431418527232e+39	8.634273263017179e+40	4.588246441039229e+40	2.9900312664469867e+40	2.0524629324549689e+40
8795.10923200262	1.2861563354350579e+42	2.2350260717780333e+41	1.4305089737370604e+41	8.39517276500232e+40	5.743880547726357e+40	3.3270255902462685e+40	9.36457967737428e+39	4.7903503895155145e+39	1.8803299967082083e+39	9.628791431194837e+40	5.109247030562282e+40	3.3270255902462685e+40	2.2825271054040533e+40
9026.098002314635	1.2547459812293043e+42	2.3300151728246903e+41	1.4989484621074834e+41	8.83477473925569e+40	6.058543796158783e+40	3.518243944367139e+40	9.9405192962794e+39	5.09149049225531e+39	2.001105805305673e+39	1.0123184170344427e+41	5.392443917727422e+40	3.518243944367139e+40	2.4170461009118277e+40
9262.733649294196	1.2534015300030453e+42	2.4214664966924476e+41	1.5649002728442609e+41	9.26103794286103e+40	6.365189572839662e+40	3.705851885886986e+40	1.0512453790708153e+40	5.391899115875953e+39	2.1221636157298647e+39	1.0601725186506418e+41	5.668842558616123e+40	3.705851885886986e+40	2.5495708272245834e+40
9504.84973517857	1.2208451422282741e+42	2.4901210222137306e+41	1.618788652104231e+41	9.62966062478669e+40	6.637382523982941e+40	3.876801340064271e+40	1.1051872881859328e+40	5.678229872865472e+39	2.238716089633031e+39	1.1010697951585473e+41	5.915797546104493e+40	3.876801340064271e+40	2.671920188869597e+40
9752.32898854622	1.1883758129337257e+42	2.559766221799823e+41	1.674178492160957e+41	1.0012243071907979e+41	6.921249654892859e+40	4.0560023658217894e+40	1.1621491636865013e+40	5.981315113575697e+39	2.3623798595173185e+39	1.1434268794983592e+41	6.173667592647473e+40	4.0560023658217894e+40	2.8005227014724115e+40
10005.557452103629	1.1609062408062138e+42	2.6215559349599494e+41	1.7250681276925542e+41	1.0372777062998076e+41	7.192132387225896e+40	4.2292958769691274e+40	1.2182796777396352e+40	6.281804007922782e+39	2.4857212882103323e+39	1.183125019075824e+41	6.420543350641453e+40	4.2292958769691274e+40	2.925754514824784e+40
10264.694645692844	1.1670530400628721e+42	2.7452800729081748e+41	1.81489072682337e+41	1.0956288325527505e+41	7.612957758058703e+40	4.487438454004394e+40	1.2972608121826674e+40	6.697123504396879e+39	2.6532691763931267e+39	1.2485602012942852e+41	6.800104948121968e+40	4.487438454004394e+40	3.108351432373224e+40
10529.890210535994	1.2415439793417957e+42	2.9831824821363223e+41	1.9739706155365413e+41	1.192455644565859e+41	8.288371986351755e+40	4.88712039352911e+40	1.4133941672835036e+40	7.2975805268891e+39	2.8915014576917455e+39	1.3587106667708327e+41	7.403993461253067e+40	4.88712039352911e+40	3.3857428059447367e+40
10801.299516422956	1.2427340041751231e+42	3.096559084119746e+41	2.059023975396186e+41	1.2492395240580458e+41	8.703904206634339e+40	5.146177742818584e+40	1.494594263269395e+40	7.728056628117069e+39	3.066582203599717e+39	1.4219984503422163e+41	7.780240893769118e+40	5.146177742818584e+40	3.5706015741454193e+40
11078.982252724161	1.204149384044381e+42	3.151275473017468e+41	2.1103895158027684e+41	1.2884582639689121e+41	9.008133516582523e+40	5.346888536049719e+40	1.562180573323927e+40	8.094077172952271e+39	3.21847045717918e+39	1.4645421929029661e+41	8.059679545045126e+40	5.346888536049719e+40	3.7178344797291524e+40
11363.15738625751	1.1877720800554686e+42	3.2364142544828968e+41	2.1801083425530488e+41	1.338004556374325e+41	9.381816393838094e+40	5.58729947274585e+40	1.6408809970885019e+40	8.517098555871404e+39	3.3928446479915695e+39	1.5190321131676374e+41	8.400663851266955e+40	5.58729947274585e+40	3.892192144367461e+40
11654.02887831452	1.1562806822838468e+42	3.2883176602295806e+41	2.2306679771936577e+41	1.3776563323654484e+41	9.693620644066312e+40	5.796076836691435e+40	1.712721737694818e+40	8.908961100361519e+39	3.5566178104748724e+39	1.5617947072864956e+41	8.688087924350938e+40	5.796076836691435e+40	4.046559174510584e+40
11951.68213611559	1.1496035960650747e+42	3.380383827106602e+41	2.3061470473280894e+41	1.4316073796522922e+41	1.0102327146042394e+41	6.060540775481083e+40	1.8001564110022616e+40	9.380620478340844e+39	3.751759712747045e+39	1.6210335054591949e+41	9.061519657033079e+40	6.060540775481083e+40	4.2390210951301064e+40
12256.342988959494	1.2132321381202209e+42	3.647620409168124e+41	2.4934812458371177e+41	1.5501909072133389e+41	1.094670094061841e+41	6.571571911988252e+40	1.9535807665282198e+40	1.0182478560915523e+40	4.0733064429506924e+39	1.7547586828904714e+41	9.820592374386125e+40	6.571571911988252e+40	4.597972295537974e+40
12568.357835645413	1.2071632456220843e+42	3.766349236053794e+41	2.5893066895629584e+41	1.6177962802392885e+41	1.1455321975922183e+41	6.898203071122369e+40	2.0603839750159336e+40	1.0756539834471282e+40	4.3099715729410954e+39	1.829207672666929e+41	1.0284465385544459e+41	6.898203071122369e+40	4.83471558688117e+40
12887.927540081168	1.1883361146974265e+42	3.825079580209064e+41	2.6469937759202064e+41	1.6638816040124241e+41	1.1822196518566351e+41	7.147554892475161e+40	2.148264326370818e+40	1.1239890495070977e+40	4.5136773352854407e+39	1.8786731329058203e+41	1.0623833466912892e+41	7.147554892475161e+40	5.020659106292781e+40
13215.328265876524	1.166901091943627e+42	3.899552162745691e+41	2.717330170818007e+41	1.7186359764463238e+41	1.2252832404648687e+41	7.436655792688001e+40	2.248497155608459e+40	1.1788424815361856e+40	4.743754418966689e+39	1.937763521970589e+41	1.1020963130291857e+41	7.436655792688001e+40	5.234907430796681e+40
13550.704667063732	1.142961386047609e+42	3.945758468726659e+41	2.769160091760997e+41	1.762876069973794e+41	1.2614716735794964e+41	7.689105084716188e+40	2.340477545725836e+40	1.2299445423457998e+40	4.9611995849203606e+39	1.984642141516867e+41	1.1357931282898275e+41	7.689105084716188e+40	5.425572199946724e+40
13894.120515524259	1.1719627060893796e+42	4.1575729057305434e+41	2.9304277746291526e+41	1.8722275688500377e+41	1.3422307748983752e+41	8.198044346710658e+40	2.502732108660151e+40	1.316471145507322e+40	5.315220855834786e+39	2.1060686898754974e+41	1.2091029985120664e+41	8.198044346710658e+40	5.790947512121062e+40
14245.840612361957	1.1874134664550117e+42	4.305923944423798e+41	3.049244769292397e+41	1.956609985307292e+41	1.4061995094322145e+41	8.613501090870249e+40	2.641510442860748e+40	1.391674782935605e+40	5.627918089695882e+39	2.198770041458549e+41	1.267587001404696e+41	8.613501090870249e+40	6.094243266163222e+40
14605.856272416624	1.1847843637089403e+42	4.42104799631058e+41	3.1511508342596796e+41	2.0336215138490067e+41	1.4661622956306739e+41	9.012944463303414e+40	2.7791052140244664e+40	1.46689134941896e+40	5.943193084267931e+39	2.282321481543126e+41	1.3227650720795301e+41	9.012944463303414e+40	6.389386781820401e+40
14974.549252864495	1.1685436838510547e+42	4.482597024615985e+41	3.2180205622776274e+41	2.0903848461992507e+41	1.5126458512405997e+41	9.338334870821777e+40	2.8986545269126364e+40	1.5335388339655944e+40	6.227828647737145e+39	2.342485359111453e+41	1.366075821119269e+41	9.338334870821777e+40	6.635793000173424e+40
15352.211249988015	1.1563097006611483e+42	4.52929245410606e+41	3.2736635336417465e+41	2.1402513965699774e+41	1.554516635769407e+41	9.63909097413291e+40	3.013135667134397e+40	1.5980788016416988e+40	6.506462276424811e+39	2.3947496915953186e+41	1.4053377392022445e+41	9.63909097413291e+40	6.866580752645703e+40
15738.918252341895	1.1678306593641853e+42	4.673299128799887e+41	3.399677893195242e+41	2.2352970244442358e+41	1.6285631364935069e+41	1.0133019176440987e+41	3.1837247931117226e+40	1.6914169784787337e+40	6.898042858260879e+39	2.497870102384124e+41	1.4734941205618948e+41	1.0133019176440987e+41	7.231870073958853e+40
16135.051685007369	1.2280519241634153e+42	4.939891772804012e+41	3.600549755342614e+41	2.3719354148560397e+41	1.730139075356599e+41	1.078050458155198e+41	3.395384269668355e+40	1.8054766735490699e+40	7.370055153472613e+39	2.649334322722951e+41	1.5659172340068316e+41	1.078050458155198e+41	7.7004469620974875e+40
16540.86993616487	1.269413476771276e+42	5.138214782465229e+41	3.759574685181353e+41	2.485799069610605e+41	1.8170738098940728e+41	1.135091117382635e+41	3.589691370767326e+40	1.9115822058377765e+40	7.814848155230089e+39	2.774121028677061e+41	1.6455755996826353e+41	1.135091117382635e+41	8.119587044789162e+40
16956.57661328184	1.3221740189904373e+42	5.313533795316029e+41	3.903069297260431e+41	2.5910370157389393e+41	1.8985849041103403e+41	1.1894707314786708e+41	3.7796584192884287e+40	2.0161892125112632e+40	8.256983386227021e+39	2.8887894216744834e+41	1.7205596975157722e+41	1.1894707314786708e+41	8.522847170036578e+40
17382.364087796563	1.417116265919499e+42	5.574547229798016e+41	4.0974325939017296e+41	2.723799044855222e+41	1.9980885974387337e+41	1.2538039196146711e+41	3.996558411424664e+40	2.1345770313821717e+40	8.753715882878292e+39	3.0356377620778127e+41	1.811361299750055e+41	1.2538039196146711e+41	8.993054294065759e+40
17818.60411999577	1.58347915792142e+42	6.0587851890716235e+41	4.450227537082216e+41	2.9571765219631992e+41	2.1689156899183632e+41	1.3607341714786217e+41	4.3358368559102246e+40	2.315430118244456e+40	9.49372568445825e+39	3.2959864657392434e+41	1.966135377590201e+41	1.3607341714786217e+41	9.75887832384128e+40
18265.693032287396	1.8672738136327305e+42	6.77302009757379e+41	4.9387004018547654e+41	3.2629225748389717e+41	2.386364461185566e+41	1.492807343088927e+41	4.738960587801542e+40	2.528001746128018e+40	1.0355259455096947e+40	3.6413205093708424e+41	2.1616865929053706e+41	1.492807343088927e+41	1.0690612545560524e+41
18723.915005958894	2.2207641434003458e+42	7.589864685386088e+41	5.500883525088216e+41	3.616870083170067e+41	2.6387383888314887e+41	1.6463457495028843e+41	5.206907594717684e+40	2.7742815021250754e+40	1.1350666832352806e+40	4.040596014731428e+41	2.388767466516108e+41	1.6463457495028843e+41	1.177389494106539e+41
19193.53830029326	2.671734305424368e+42	8.510751437828723e+41	6.1251587335563565e+41	4.0050358697099006e+41	2.913797308414662e+41	1.8126542022010414e+41	5.710248667492147e+40	3.0387791474738997e+40	1.2418555168469248e+40	4.479673147181102e+41	2.635872572574268e+41	1.8126542022010414e+41	1.2943879817184743e+41
19674.75427093733	3.2529260890908974e+42	9.620078158170895e+41	6.8657466651760155e+41	4.459123491560853e+41	3.2331245960184515e+41	2.004114816085166e+41	6.282832573426965e+40	3.3385284201799756e+40	1.362439132592336e+40	4.9949646179402515e+41	2.922165337379e+41	2.004114816085166e+41	1.428484146233559e+41
20168.04187067996	4.127889489228977e+42	1.14604110730364e+42	8.095569483750318e+41	5.208048384302592e+41	3.755654206714391e+41	2.3132777434775895e+41	7.179457302536069e+40	3.801519055945422e+40	1.5458162350029965e+40	5.846829624145252e+41	3.389366455534779e+41	2.3132777434775895e+41	1.6429670796474248e+41
20673.701020455694	5.16322745347395e+42	1.3237144950788769e+42	9.27029316677372e+41	5.919715881138886e+41	4.251746557365905e+41	2.6070577358307696e+41	8.036289786547864e+40	4.245386972233481e+40	1.722312028075363e+40	6.6569621377194424e+41	3.832938998293753e+41	2.6070577358307696e+41	1.847065250409141e+41
21192.027000079484	6.396744492002326e+42	1.5199959175505115e+42	1.0553044817498124e+42	6.6892889907086625e+41	4.785628568974828e+41	2.9217333035757166e+41	8.949445621102994e+40	4.717957580879199e+40	1.910109136902474e+40	7.534886312160844e+41	4.30972699993098e+41	2.9217333035757166e+41	2.065210807567094e+41
21723.50055212171	7.805798663595461e+42	1.7338355690032854e+42	1.1956839352754777e+42	7.534341946525461e+41	5.372685347802407e+41	3.2680916079750022e+41	9.954565927514866e+40	5.237885032861075e+40	2.1165793586896404e+40	8.498251945738442e+41	4.83415832872171e+41	3.2680916079750022e+41	2.305375335393434e+41
22268.469997181473	9.562478292886631e+42	2.0108681659303914e+42	1.3772094469370999e+42	8.622552924682602e+41	6.1259522315970015e+41	3.710089965191097e+41	1.1222162404844233e+41	5.89021064166362e+40	2.3741199707480996e+40	9.740307278148107e+41	5.506289641650929e+41	3.710089965191097e+41	2.610715270320165e+41
22827.402591553127	1.1690243727518692e+43	2.2972722342456712e+42	1.562660394586245e+42	9.726296393914072e+41	6.888062451066539e+41	4.156620669579123e+41	1.2503680693234384e+41	6.550426448454655e+40	2.6351815702677616e+40	1.1001799845362067e+42	6.18598219946843e+41	4.156620669579123e+41	2.919136230506737e+41
23400.590121086694	1.3975141833563736e+43	2.6019528827880592e+42	1.759776895438303e+42	1.0896758503507609e+42	7.694940383471293e+41	4.628527945342837e+41	1.3855389217564378e+41	7.246632574210431e+40	2.9104878192643506e+40	1.2340377781312577e+42	6.905282098874391e+41	4.628527945342837e+41	3.2448027701151764e+41
23988.54132168076	1.6323172024886692e+43	2.887482617688281e+42	1.945102401597461e+42	1.200429693751752e+42	8.462196674607117e+41	5.0802441374176486e+41	1.51647464727686e+41	7.924034815266977e+40	3.1796022643091388e+40	1.360476807850262e+42	7.59027456953126e+41	5.0802441374176486e+41	3.557804209920502e+41
24591.774808314087	1.907889441335026e+43	3.236949916619292e+42	2.169961340581372e+42	1.3334090116670377e+42	9.377283544229997e+41	5.614623468673615e+41	1.6693687306596674e+41	8.711520278145125e+40	3.491065719023485e+40	1.512684314110258e+42	8.405701068900464e+41	5.614623468673615e+41	3.926368599817992e+41
25210.554875689388	2.219542085567234e+43	3.6235335543170957e+42	2.4231561702456396e+42	1.4854744504383984e+42	1.0431579227496447e+42	6.234543680921952e+41	1.8477222076014315e+41	9.630256374268053e+40	3.8541085477222453e+40	1.6861500493089992e+42	9.346886352817675e+41	6.234543680921952e+41	4.355124300353381e+41
25845.510231352815	2.525180920992436e+43	3.977292640147313e+42	2.6514427827871e+42	1.621085713874248e+42	1.1367942517905771e+42	6.7839606745188846e+41	2.0064085290204997e+41	1.045074712286651e+41	4.180007174601111e+40	1.841183611499885e+42	1.0182142112767817e+42	6.7839606745188846e+41	4.735229828615591e+41
26497.15034495428	2.8152555979063214e+43	4.301052303057934e+42	2.863829315628832e+42	1.749453389122856e+42	1.2263367385145473e+42	7.315545316100793e+41	2.1626160854450696e+41	1.1262876172251576e+41	4.504282455883264e+40	1.9873320242490307e+42	1.0983110816555299e+42	7.315545316100793e+41	5.105344346885523e+41
27166.041376444373	3.186783090665875e+43	4.760744724533864e+42	3.1579729851766644e+42	1.9226431253519744e+42	1.3452761552769282e+42	8.008883124760822e+41	2.3607306061328713e+41	1.2283281922593898e+41	4.907979567337275e+40	2.1857496589886056e+42	1.2042465574775437e+42	8.008883124760822e+41	5.583215383981768e+41
27852.60563362707	3.5176445668576275e+43	5.175832113287016e+42	3.4341564133517616e+42	2.0909887092297533e+42	1.4629922174634394e+42	8.70802865085805e+41	2.5651662654002453e+41	1.3342541804094138e+41	5.329093546859114e+40	2.377123575757844e+42	1.3095810482594553e+42	8.70802865085805e+41	6.069531772447921e+41
28557.521494613437	3.8083249325921173e+43	5.50678130966862e+42	3.6537125876986454e+42	2.2251568355722457e+42	1.557218788353261e+42	9.272247601282562e+41	2.7335353419884215e+41	1.4223151942454646e+41	5.682974741408666e+40	2.5294722556335404e+42	1.3940327124058895e+42	9.272247601282562e+41	6.464415733399159e+41
29281.362539271773	4.0680381863708437e+43	5.796419023821187e+42	3.8477331363169513e+42	2.345287088479479e+42	1.6423497980019786e+42	9.787971018442614e+41	2.890595667361959e+41	1.505084919018869e+41	6.018219201460798e+40	2.665421210920967e+42	1.4705340650129754e+42	9.787971018442614e+41	6.827891497898494e+41
30024.58691303557	4.4404654413383814e+43	6.282247777395446e+42	4.1649146712010965e+42	2.5355388313148143e+42	1.7743863369589272e+42	1.056708268012909e+42	3.1175301992585548e+41	1.6227603636548185e+41	6.486990582759137e+40	2.8824505452890234e+42	1.588473222433557e+42	1.056708268012909e+42	7.368554369504009e+41
30787.94541583967	4.714305977506956e+43	6.661731561018083e+42	4.4217956741602595e+42	2.695315181575372e+42	1.8876186191380235e+42	1.1251342411320082e+42	3.3238906728086177e+41	1.7309543183736262e+41	6.922545153317982e+40	3.0631630924436986e+42	1.690193349674068e+42	1.1251342411320082e+42	7.8495388647251e+41
31571.99933374244	4.911985011190747e+43	6.948579840176093e+42	4.6205674429149535e+42	2.82180625094564e+42	1.978531559596667e+42	1.1810555973619511e+42	3.497963576452127e+41	1.8233457649154088e+41	7.299389490373631e+40	3.20544570909691e+42	1.772193678957704e+42	1.1810555973619511e+42	8.246857413383116e+41
32377.616313165414	5.194775146381083e+43	7.321498854127512e+42	4.867209611258213e+42	2.9729623729281794e+42	2.0851720617302904e+42	1.2454328814519579e+42	3.693797057684634e+41	1.926646236713584e+41	7.718488081908695e+40	3.3768736538437676e+42	1.8679282341971024e+42	1.2454328814519579e+42	8.700105574838959e+41
33205.496789575074	5.366150612514571e+43	7.717670219640918e+42	5.144118182342632e+42	3.148974231265524e+42	2.2111184445303493e+42	1.3222599023258494e+42	3.928379764975393e+41	2.0501321433936008e+41	8.217627953483222e+40	3.575064374809896e+42	1.9813381666058666e+42	1.3222599023258494e+42	9.242658453268203e+41
34056.2499772317	5.440689750998167e+43	7.922190677318425e+42	5.297431476676816e+42	3.253665892903725e+42	2.2893245246554896e+42	1.3724737683850732e+42	4.094696579283733e+41	2.140180473205006e+41	8.592035108241413e+40	3.6909421202909235e+42	2.052609732244748e+42	1.3724737683850732e+42	9.607701234633847e+41
34930.80884387514	5.562003397096191e+43	8.175968195357147e+42	5.473653166921167e+42	3.367364297884704e+42	2.3721491876870087e+42	1.4244881960100632e+42	4.263716500289619e+41	2.231481053498837e+41	8.971560653373726e+40	3.8182851302052725e+42	2.1276445310574082e+42	1.4244881960100632e+42	9.982447408922706e+41
35830.02368878326	5.571934534416751e+43	8.470888492446854e+42	5.687055985100616e+42	3.5071138254827363e+42	2.473974985548618e+42	1.488078007618692e+42	4.466721160330386e+41	2.3402913678010852e+41	9.420124342717649e+40	3.974540784124127e+42	2.2198189138443505e+42	1.488078007618692e+42	1.0438163533809457e+42
36754.595300964334	5.476622441867135e+43	8.575026243641688e+42	5.791271020149415e+42	3.591611352299051e+42	2.5417940306984906e+42	1.534611342858441e+42	4.6332065295512574e+41	2.43234769712981e+41	9.810201771749972e+40	4.064930704225589e+42	2.2826936393397184e+42	1.534611342858441e+42	1.0787021124935043e+42
37705.58029686509	5.399146177969274e+43	8.671822875284115e+42	5.875839083402796e+42	3.6572326138711006e+42	2.5942978921084374e+42	1.5710212830828604e+42	4.7686884866946125e+41	2.508651800854399e+41	1.014020694822733e+41	4.135500979673202e+42	2.331431330959248e+42	1.5710212830828604e+42	1.106308355018754e+42
38683.8898344946	5.217363244352741e+43	8.735549372852943e+42	5.945013932953735e+42	3.715927880134087e+42	2.6427028181050603e+42	1.6054650929912467e+42	4.9008218210316376e+41	2.583757532073522e+41	1.04679269924042e+41	4.197641170103119e+42	2.3766703012161534e+42	1.6054650929912467e+42	1.1327343733930475e+42
39690.40397915221	4.993634879060826e+43	8.706877008696393e+42	5.966281329259846e+42	3.753641486986358e+42	2.6796704383679026e+42	1.635241755034966e+42	5.027964871223269e+41	2.6576345732258653e+41	1.0795758946149685e+41	4.2337496567664214e+42	2.4124499074314372e+42	1.635241755034966e+42	1.1566903740671694e+42
40726.26616678459	4.719079042493758e+43	8.604419841318484e+42	5.927623250801555e+42	3.7498044336920384e+42	2.686134974633072e+42	1.6463154773653154e+42	5.1011836554410475e+41	2.7043413534244816e+41	1.1020202508321183e+41	4.223795858704036e+42	2.4206601266816325e+42	1.6463154773653154e+42	1.1675732142648193e+42
41792.46358330552	4.3886900516009275e+43	8.433018608443243e+42	5.857252062608838e+42	3.732135153101249e+42	2.6844035948930954e+42	1.6532444889120176e+42	5.164795819773105e+41	2.746590864330953e+41	1.1229526408618584e+41	4.196907819948293e+42	2.4218305223338196e+42	1.6532444889120176e+42	1.1757935458888056e+42
42890.22245980253	4.0491164940126917e+43	8.123477656308375e+42	5.695332093626228e+42	3.663987063263175e+42	2.6507448122525595e+42	1.6439930288850722e+42	5.1949783546783686e+41	2.7739414303686488e+41	1.1388810279920243e+41	4.110782847123647e+42	2.3953664717482015e+42	1.6439930288850722e+42	1.1739276922647886e+42
44020.73658526661	3.695651612971097e+43	7.789079945349289e+42	5.505746569649722e+42	3.5712179072549354e+42	2.5969083289970876e+42	1.621072894359226e+42	5.181540997284723e+41	2.7788571052341886e+41	1.1461628644361043e+41	3.998739486886667e+42	2.350181841805397e+42	1.621072894359226e+42	1.1620823268323651e+42
45185.200420727575	3.3585056262167437e+43	7.358885806364921e+42	5.263406010960375e+42	3.45269837539447e+42	2.5273259448289587e+42	1.5901347191868246e+42	5.149760645200554e+41	2.7751876576403946e+41	1.1504399603192591e+41	3.8557985233868344e+42	2.291414868858758e+42	1.5901347191868246e+42	1.1451134930478987e+42
46385.00272488271	3.0430432835879576e+43	6.922605021616037e+42	4.9935217586672583e+42	3.305184419875455e+42	2.4333650184561987e+42	1.5425215680093128e+42	5.064747841707621e+41	2.7441600035464136e+41	1.1441733977138147e+41	3.682924219778514e+42	2.2099484308181247e+42	1.5425215680093128e+42	1.1159557563355859e+42
47621.486786112735	2.7578105074828065e+43	6.455068829549357e+42	4.7065809329607383e+42	3.147598048417597e+42	2.331795873347377e+42	1.4896484581133266e+42	4.960152136348939e+41	2.7024999967161224e+41	1.133643126038687e+41	3.4987320559622544e+42	2.1214567406703566e+42	1.4896484581133266e+42	1.0827749900896102e+42
48896.16968293483	2.502878031024053e+43	6.018845954985616e+42	4.4340677392161624e+42	2.997702867108562e+42	2.2358795781990243e+42	1.4405977701858613e+42	4.869646186118516e+41	2.668694383602781e+41	1.1264665390470749e+41	3.323327240665233e+42	2.0381555721868223e+42	1.4405977701858613e+42	1.0524875457906113e+42
50210.565840136995	2.2803964817028445e+43	5.567035704352469e+42	4.14359388264943e+42	2.831410608671527e+42	2.125972758243875e+42	1.3813501782610257e+42	4.7410737833665546e+41	2.614160369157667e+41	1.1108764100438086e+41	3.1308412171957316e+42	1.941680860277944e+42	1.3813501782610257e+42	1.0143598787001068e+42
51566.34220615605	2.0925391027684479e+43	5.149446292337378e+42	3.870258150966261e+42	2.674003670734747e+42	2.0224286102101728e+42	1.326480904905589e+42	4.6305163016739575e+41	2.5700173226283394e+41	1.099815503523336e+41	2.948645064632709e+42	1.8510399623197195e+42	1.326480904905589e+42	9.796600392279225e+41
52965.22256682034	1.9263585516557186e+43	4.8030947304643575e+42	3.6304750546443335e+42	2.5273108248471616e+42	1.922447770175115e+42	1.2713623971418674e+42	4.513207054874947e+41	2.5222386183234955e+41	1.0874527412925475e+41	2.7812875835582687e+42	1.7626756691361412e+42	1.2713623971418674e+42	9.440795709660515e+41
54408.99919703325	1.7819390920798027e+43	4.46858529398963e+42	3.398878173753685e+42	2.3818418551648965e+42	1.8199545741421577e+42	1.2112936099546137e+42	4.360972112979856e+41	2.4529536912094783e+41	1.0655146281867032e+41	2.6168680726002733e+42	1.670995538722883e+42	1.2112936099546137e+42	9.033967752299926e+41
55899.61078911033	1.6502690448413825e+43	4.22720593217364e+42	3.234567163530871e+42	2.2824893433339318e+42	1.7527099937003544e+42	1.1749248896655382e+42	4.2961583186197715e+41	2.4328445074726304e+41	1.0645917571876797e+41	2.5032426246110606e+42	1.611729155646137e+42	1.1749248896655382e+42	8.805487871974218e+41
57439.066775599174	1.5360855647592134e+43	3.98274667486751e+42	3.0729329950622695e+42	2.1853991320047366e+42	1.685787838491238e+42	1.136514794276343e+42	4.204067993274728e+41	2.393609726294245e+41	1.0542117683274016e+41	2.392405934834703e+42	1.552184047303419e+42	1.136514794276343e+42	8.548450358325191e+41
59029.52003212211	1.4271657504718636e+43	3.765771045736441e+42	2.9282766870713454e+42	2.100942075959501e+42	1.62975257517181e+42	1.1064320915102227e+42	4.143893575874655e+41	2.371538814513903e+41	1.050733777866942e+41	2.294953855115357e+42	1.5029964241433517e+42	1.1064320915102227e+42	8.356814169140872e+41
60673.21955947444	1.3289505864463403e+43	3.5675495492060375e+42	2.795876862537701e+42	2.0211700036867384e+42	1.575052977956506e+42	1.0755072791999649e+42	4.073817453051681e+41	2.343330647368497e+41	1.0445671934457773e+41	2.2038490164677583e+42	1.454453964001331e+42	1.0755072791999649e+42	8.152651372997382e+41
62372.5673741292	1.239181431147989e+43	3.361776295592557e+42	2.6546346045507588e+42	1.9366625347801604e+42	1.5183525751203093e+42	1.0447609804041999e+42	4.010494168849237e+41	2.3191923125252585e+41	1.0401096050579594e+41	2.1068506544707117e+42	1.4045525891499014e+42	1.0447609804041999e+42	7.955657629929802e+41
64130.09412376012	1.1533957197006985e+43	3.182477140075557e+42	2.5248002134218564e+42	1.8537984253520397e+42	1.4608213320700075e+42	1.0129257710905598e+42	3.951737442670287e+41	2.300548407460224e+41	1.0392420261195286e+41	2.0131899883206404e+42	1.3535403267256514e+42	1.0129257710905598e+42	7.753496854449838e+41
65948.47302402189	1.0727363976348275e+43	3.02413652436802e+42	2.413175508648698e+42	1.7825369162521327e+42	1.4103048557357912e+42	9.833945229967958e+41	3.883306999914688e+41	2.2732558062474655e+41	1.0336026256177709e+41	1.9329214874866143e+42	1.3083213914711776e+42	9.833945229967958e+41	7.555883737953425e+41
67830.55274270123	9.948998566268366e+42	2.8691744589076e+42	2.3066063164945354e+42	1.7179259937347508e+42	1.3667139498688657e+42	9.601464274223467e+41	3.8473451841358196e+41	2.2656682667217776e+41	1.0368676622702473e+41	1.859021161063858e+42	1.269977066921823e+42	9.601464274223467e+41	7.412635623330088e+41
69779.34222222344	9.221220269700233e+42	2.7162499384956085e+42	2.1948066271705897e+42	1.6437176018712912e+42	1.3128028749278936e+42	9.277584610196066e+41	3.772219054345231e+41	2.2371048260270347e+41	1.032076013981849e+41	1.776230861164626e+42	1.2213907076203502e+42	9.277584610196066e+41	7.193566105550875e+41
71798.046986944	8.522980709039979e+42	2.5859188650447098e+42	2.104160318057634e+42	1.58564329562598e+42	1.2711552285570141e+42	9.030924863321353e+41	3.7213724948117875e+41	2.2219102827951764e+41	1.0331241229275176e+41	1.7110011992357578e+42	1.183968670212152e+42	9.030924863321353e+41	7.029340719786501e+41
73890.06377388243	7.872644651373801e+42	2.437077548157276e+42	1.999023081479435e+42	1.5197606224597914e+42	1.2247524733581805e+42	8.755005184915445e+41	3.650154832508973e+41	2.1923738418578727e+41	1.027146140206942e+41	1.6364358008198604e+42	1.1423957452840178e+42	8.755005184915445e+41	6.839462592321731e+41
76059.01279690232	7.250803936256496e+42	2.3045128295876213e+42	1.899505754125559e+42	1.451624718011294e+42	1.1740430685063299e+42	8.435841379263508e+41	3.560506770312527e+41	2.1524564331414472e+41	1.016805419755305e+41	1.5610259506582617e+42	1.0963036095655309e+42	8.435841379263508e+41	6.613841084970056e+41
78308.74367491346	6.669007149918716e+42	2.1788291115577735e+42	1.8088755134041786e+42	1.3926979634106522e+42	1.1311637644898931e+42	8.165272465165774e+41	3.4714847276470617e+41	2.106508348549151e+41	1.0006882654606734e+41	1.4950296550030037e+42	1.0574516072845388e+42	8.165272465165774e+41	6.417312287028299e+41
80643.35549408899	6.12607622556723e+42	2.0553065780832922e+42	1.7204805891734845e+42	1.3372085616216017e+42	1.0930809249689116e+42	7.957137517881178e+41	3.4327470644961045e+41	2.0943336466250365e+41	1.0009702444509433e+41	1.4320374520170527e+42	1.0237929343664529e+42	7.957137517881178e+41	6.285545185042295e+41
83067.22461991583	5.611674960001838e+42	1.9413049644563502e+42	1.6376866128449608e+42	1.2828262875026821e+42	1.0537625728310233e+42	7.719565254335902e+41	3.370579937577648e+41	2.0671230387347666e+41	9.942339645793841e+40	1.3712090905663399e+42	9.88369943645966e+41	7.719565254335902e+41	6.121944041186323e+41
85585.01847310908	5.134187867400877e+42	1.8243516667687685e+42	1.5513956934628148e+42	1.2258441356091421e+42	1.0128237235780105e+42	7.477992879892907e+41	3.313652190162523e+41	2.044043619671148e+41	9.895720762223663e+40	1.3074614728669361e+42	9.516220891596619e+41	7.477992879892907e+41	5.95972385360586e+41
88201.72802115942	4.680413190268706e+42	1.7134948984537282e+42	1.4710592070944488e+42	1.1731398416774081e+42	9.748799511515473e+41	7.254701404936256e+41	3.2695346532000535e+41	2.031634130613877e+41	9.91387887998293e+40	1.248487110826136e+42	9.175415067649745e+41	7.254701404936256e+41	5.812446600679871e+41
90922.68861688812	4.265679698220565e+42	1.6041858160602088e+42	1.3960928380013946e+42	1.1282442642606607e+42	9.447186222957405e+41	7.092646553557435e+41	3.2426719822673438e+41	2.025642308483219e+41	9.941728080560666e+40	1.1969865410059193e+42	8.910058178314108e+41	7.092646553557435e+41	5.711156271213458e+41
93753.62286050069	3.882146648080545e+42	1.5018618471652728e+42	1.3189651555204095e+42	1.0755853107717742e+42	9.058102391402183e+41	6.8539676575972445e+41	3.1873540165539416e+41	2.006504152568288e+41	9.932810328225965e+40	1.1386266920408985e+42	8.557698317502822e+41	6.8539676575972445e+41	5.548044517780366e+41
96700.65466056287	3.521599821326879e+42	1.396391140156956e+42	1.2419049823272184e+42	1.0245791500003102e+42	8.682790950720945e+41	6.618354676301765e+41	3.124739839100806e+41	1.9819711062534754e+41	9.899561259906632e+40	1.0817782653738577e+42	8.217049099000182e+41	6.618354676301765e+41	5.381906691884438e+41
99770.35819522094	3.1893402607446474e+42	1.2949294116328163e+42	1.1698037315874428e+42	9.795429326689112e+41	8.36660152752624e+41	6.4306830976709926e+41	3.0768317449324755e+41	1.9634014852156215e+41	9.880913984567451e+40	1.0307438017486474e+42	7.93397348086239e+41	6.4306830976709926e+41	5.252702022029579e+41
102969.79477981165	2.88385280794763e+42	1.1905483838887772e+42	1.0925301303682726e+42	9.301345616511626e+41	8.022132507060965e+41	6.236088987164781e+41	3.040312102442332e+41	1.954622646180219e+41	9.918793372087077e+40	9.749024058193213e+41	7.627624122706152e+41	6.236088987164781e+41	5.126636414020065e+41
106306.56159455662	2.6025763220688857e+42	1.0968016870212657e+42	1.019169321058557e+42	8.783498938338906e+41	7.625652128587883e+41	5.970581720176105e+41	2.9500936384710565e+41	1.9109114518412616e+41	9.79758048903887e+40	9.180460076579869e+41	7.263200707373638e+41	5.970581720176105e+41	4.928429676694637e+41
109788.84016727566	2.3417114297900137e+42	9.984094774029878e+41	9.434899959615514e+41	8.284257393351139e+41	7.268126052975222e+41	5.751781891867764e+41	2.8774132303029878e+41	1.8723092519992573e+41	9.664262489490299e+40	8.62047419930865e+41	6.941455136927646e+41	5.751781891867764e+41	4.771270622943618e+41
113425.4549845895	2.1039788592727925e+42	9.051153372681218e+41	8.699571775751387e+41	7.789999311339484e+41	6.9136822491150674e+41	5.538198255145751e+41	2.8103302879511966e+41	1.837148932636149e+41	9.543848250832296e+40	8.067802577208751e+41	6.623037021481254e+41	5.538198255145751e+41	4.6205952816587225e+41
117225.93461224798	1.8857560514423944e+42	8.121498318253408e+41	7.93964147057857e+41	7.265061638764082e+41	6.538731715455806e+41	5.325766924992429e+41	2.7693152507256174e+41	1.824798777467592e+41	9.562895789242348e+40	7.483262030317036e+41	6.288528467141789e+41	5.325766924992429e+41	4.483855069709789e+41
121200.58262232387	1.6867431863752373e+42	7.230163508595196e+41	7.184432942253805e+41	6.7263007462956e+41	6.1485069001873025e+41	5.101738095711812e+41	2.720452502564946e+41	1.804566666208928e+41	9.516097232628286e+40	6.8874029743772275e+41	5.939292169543477e+41	5.101738095711812e+41	4.337799533494597e+41
125360.55740460352	1.5050410112608436e+42	6.412974540286837e+41	6.4703547103357846e+41	6.190870851236124e+41	5.7451521181007464e+41	4.8556464723681704e+41	2.6576028290230227e+41	1.7758219725564032e+41	9.429465387483456e+40	6.303192148844327e+41	5.573721021280202e+41	4.8556464723681704e+41	4.1700101075862445e+41
129717.95993449085	1.3399973287577132e+42	5.6349457053097426e+41	5.7598540221203286e+41	5.631129702575814e+41	5.313506691734855e+41	4.591094197632909e+41	2.602114434194967e+41	1.7565941734448477e+41	9.408685150170456e+40	5.699349228482015e+41	5.180844382154462e+41	4.591094197632909e+41	3.9938575245108456e+41
134285.93446100896	1.1900936407559428e+42	4.9350373175155214e+41	5.109695180415975e+41	5.0965022108911345e+41	4.884124691568146e+41	4.307549382695156e+41	2.525170623266706e+41	1.72444638070256e+41	9.341924577849472e+40	5.129876817692669e+41	4.784410429287607e+41	4.307549382695156e+41	3.7925025272115586e+41
139078.78048455957	1.0545293712765295e+42	4.288820922731915e+41	4.490460867607297e+41	4.5641769060480674e+41	4.44486843148315e+41	4.009847269084173e+41	2.4440222779000383e+41	1.6915973115200682e+41	9.285325909830573e+40	4.569126964056345e+41	4.376036889967764e+41	4.009847269084173e+41	3.579230786837537e+41
144112.0806911727	9.320406875317046e+41	3.703697825678828e+41	3.9241453491193364e+41	4.060918133545276e+41	4.017747261268259e+41	3.708533045989055e+41	2.352268531262676e+41	1.6503482696505548e+41	9.181506987515354e+40	4.044124870501318e+41	3.975476108912778e+41	3.708533045989055e+41	3.3572690744489966e+41
149402.84483232565	8.217735252974336e+41	3.1743987113519264e+41	3.402467406781955e+41	3.578313966536631e+41	3.5949727594703285e+41	3.3980481472302346e+41	2.2520694682242347e+41	1.6044140956284876e+41	9.062865651084788e+40	3.546357575139019e+41	3.575267763128006e+41	3.3980481472302346e+41	3.123468243325791e+41
154969.67411456766	7.227362173029097e+41	2.683198399695127e+41	2.9117315490090633e+41	3.113233649736024e+41	3.181840712251687e+41	3.093560707209697e+41	2.161898334884706e+41	1.5669391517474531e+41	8.993673385207623e+40	3.0696708821371238e+41	3.1831444925314423e+41	3.093560707209697e+41	2.896911972999324e+41
160832.94761728012	6.339160335033819e+41	2.257047058498414e+41	2.487334833105393e+41	2.695911038139222e+41	2.7926023931033917e+41	2.7804829887290766e+41	2.043822921455369e+41	1.50945930720874e+41	8.83152967335421e+40	2.647759169303581e+41	2.807209048071968e+41	2.7804829887290766e+41	2.6477952642624744e+41
167015.03583137383	5.545616089202187e+41	1.8783282685518265e+41	2.110648095163673e+41	2.3200587802488917e+41	2.4337135490859085e+41	2.479732468918645e+41	1.9176280860461298e+41	1.4422724902176438e+41	8.589253553312871e+40	2.270125173514986e+41	2.4576540469088426e+41	2.479732468918645e+41	2.401396826572414e+41
173540.54521466707	4.838415764045858e+41	1.5401623678298753e+41	1.7737048193002032e+41	1.9810453262952126e+41	2.1038595429301018e+41	2.1932430244220114e+41	1.788156162367442e+41	1.370876823701113e+41	8.3128965269680375e+40	1.9309643337910607e+41	2.1340509961912984e+41	2.1932430244220114e+41	2.1608191551795203e+41
180436.59877058386	4.209952597910194e+41	1.2437413283381374e+41	1.474490504949277e+41	1.6751350431413867e+41	1.7991601663005584e+41	1.917023169043702e+41	1.6539694759846736e+41	1.296475354937013e+41	8.030583568369076e+40	1.6267368745724574e+41	1.8325044871852112e+41	1.917023169043702e+41	1.9221785828204884e+41
187733.15971442795	3.653419068134957e+41	9.826911698990095e+40	1.204354037327199e+41	1.3937520265230825e+41	1.51391638033528e+41	1.6516459746215955e+41	1.525065406546195e+41	1.2284173431703864e+41	7.79965567911596e+40	1.348379586057669e+41	1.5485422805151832e+41	1.6516459746215955e+41	1.6902392121527255e+41
195463.4053025844	3.1606673340556996e+41	7.632358888661377e+40	9.745798471260759e+40	1.1553210058660715e+41	1.2686734064942859e+41	1.4111708445764478e+41	1.384308578237608e+41	1.145487880461225e+41	7.468752131931534e+40	1.112646796600722e+41	1.3023161625118845e+41	1.4111708445764478e+41	1.4692940171488757e+41
203664.16067679983	2.7268995128444168e+41	5.797610701907049e+40	7.759589591392772e+40	9.470837352099712e+40	1.052271371641318e+41	1.1921501066469764e+41	1.2436523148832425e+41	1.059622758837267e+41	7.115112488651484e+40	9.07163414997224e+40	1.0839052223302627e+41	1.1921501066469764e+41	1.2622576363447017e+41
212376.40388468414	2.346177463365933e+41	4.2853220957583826e+40	6.041778947999053e+40	7.623133544847106e+40	8.573251979014122e+40	9.888861392219024e+40	1.1065957256675597e+41	9.771995601630005e+40	6.800722936769995e+40	7.257566833216415e+40	8.860322424263187e+40	9.888861392219024e+40	1.0659456385414465e+41
221645.85564381932	2.012093664681075e+41	3.093889254339062e+40	4.622995513466489e+40	6.084066589175149e+40	6.950920126560679e+40	8.154327724255851e+40	9.69816940299308e+40	8.860539370539623e+40	6.3946064032355305e+40	5.745252729914461e+40	7.210010237191869e+40	8.154327724255851e+40	8.921197296033562e+40
231523.67115449117	1.7206853210284486e+41	2.1769978359027977e+40	3.4580563823508948e+40	4.778788498966875e+40	5.565036515054237e+40	6.64412319804476e+40	8.38758501900828e+40	7.945467920747626e+40	5.96767545278736e+40	4.468490342877409e+40	5.796727749999914e+40	6.64412319804476e+40	7.370077862666123e+40
242067.25478288406	1.4672360459062049e+41	1.4917813317689146e+40	2.5180411744558625e+40	3.67175421062747e+40	4.369651000467905e+40	5.309167381822749e+40	7.131293870270468e+40	7.051997652424149e+40	5.562750258762902e+40	3.395292246677815e+40	4.572278343586e+40	5.309167381822749e+40	5.965541664705783e+40
253341.22331211384	1.2469695470677512e+41	1.0055775705712533e+40	1.7943170249156602e+40	2.7769899310026296e+40	3.397833262121995e+40	4.2201836720883546e+40	5.978385101272705e+40	6.151139378109045e+40	5.092083386784264e+40	2.5341174183575837e+40	3.577158800988408e+40	4.2201836720883546e+40	4.797304913200898e+40
265418.5502667995	1.0567701546720166e+41	6.706348785617142e+39	1.2474511606639958e+40	2.0494981484243337e+40	2.5863017208925143e+40	3.2909676771596385e+40	4.907244029344839e+40	5.280177680063756e+40	4.634163693599539e+40	1.8440801769119386e+40	2.741785286909174e+40	3.2909676771596385e+40	3.7809485413003703e+40
278381.93166609446	8.925793999749896e+40	4.51295244746695e+39	8.539687664887886e+39	1.4834627449986744e+40	1.939328142412397e+40	2.5474550864961013e+40	3.9789135877797536e+40	4.455100306636996e+40	4.136962427595932e+40	1.3153959567354923e+40	2.0739940422212366e+40	2.5474550864961013e+40	2.963047587460816e+40
292325.42419380264	7.51693764835288e+40	3.1209565803452604e+39	5.800374068556877e+39	1.0503777105429031e+40	1.4221231156627658e+40	1.9341609739491105e+40	3.152579902917286e+40	3.679280563746557e+40	3.647438638754248e+40	9.193013044250015e+39	1.5351490041136396e+40	1.9341609739491105e+40	2.278300089220331e+40
307356.42059632146	6.309037330755697e+40	2.264046749045721e+39	3.982289219017315e+39	7.33896951566782e+39	1.0260917514490189e+40	1.4528118102380082e+40	2.4744060539885316e+40	2.9897341818936833e+40	3.150444570548985e+40	6.36224580425767e+39	1.1186730363125956e+40	1.4528118102380082e+40	1.740341852346999e+40
323598.044975017	5.27925140054544e+40	1.7332683133482058e+39	2.8105524036764884e+39	5.093665810697085e+39	7.278813206938576e+39	1.0706428983925854e+40	1.899832839287093e+40	2.36994745164509e+40	2.669981948896366e+40	4.402814506597525e+39	8.003816014516622e+39	1.0706428983925854e+40	1.3056978876769812e+40
341192.07459942147	4.402132228680449e+40	1.3924696324241483e+39	2.0761293406801978e+39	3.5765378450917604e+39	5.141223476916159e+39	7.82036382687941e+39	1.4609403240510209e+40	1.8668629281612753e+40	2.220195698463023e+40	3.1084166917846414e+39	5.687192676899326e+39	7.82036382687941e+39	9.751180497591148e+39
360302.5264155572	3.65912580357243e+40	1.1544578900944864e+39	1.609758564048202e+39	2.5784322193953297e+39	3.651247296226033e+39	5.658597674904192e+39	1.1176079125168227e+40	1.4587541740481149e+40	1.8189392160658075e+40	2.27170902980673e+39	4.0435281035301714e+39	5.658597674904192e+39	7.20717895959467e+39
381120.0891815353	3.031631942332633e+40	9.719082122723288e+38	1.2985537344347065e+39	1.930701877737048e+39	2.6421775774434084e+39	4.0772629275161943e+39	8.444223232908173e+39	1.1237564056148424e+40	1.4655608209576475e+40	1.7321393500417833e+39	2.9116178816742863e+39	4.0772629275161943e+39	5.268472444362962e+39
403867.63971227774	2.5031981163307684e+40	8.215393744158783e+38	1.0738673360357965e+39	1.5059129710652197e+39	1.9733576775826237e+39	2.959454876561984e+39	6.30898180521127e+39	8.539559909377675e+39	1.1604010889077326e+40	1.3744012703963008e+39	2.1528566052972328e+39	2.959454876561984e+39	3.83560579260715e+39
428807.1611045964	2.059669335223522e+40	6.927640241924704e+38	8.976425655609111e+38	1.2139985433047488e+39	1.5288308265247218e+39	2.1912653026608413e+39	4.674089172570682e+39	6.410620987320721e+39	9.026513586048894e+39	1.1217295814735224e+39	1.6479405363758227e+39	2.1912653026608413e+39	2.809178189374356e+39
456248.49053638906	1.6886367020806314e+40	5.8090268623260356e+38	7.510381849023717e+38	9.980849072181769e+38	1.2224555950841852e+39	1.6699820156269127e+39	3.4506059268082536e+39	4.766251102671632e+39	6.900978166620582e+39	9.285705935533706e+38	1.3040172124176523e+39	1.6699820156269127e+39	2.0928561334954828e+39
486560.477980177	1.3792699504624034e+40	4.836059959415382e+38	6.255134553537951e+38	8.263416107397599e+38	9.971797234597834e+38	1.3113887524003072e+39	2.5564364148173905e+39	3.5240293490519066e+39	5.192552010901317e+39	7.709511120951638e+38	1.0564690346781085e+39	1.3113887524003072e+39	1.59896876403877e+39
520185.3553305457	1.1221601278853243e+40	3.9931280754903595e+38	5.1717290211460396e+38	6.829472683222067e+38	8.196272933469426e+38	1.0536037733792914e+39	1.9163543495306812e+39	2.606266585938268e+39	3.856077127469053e+39	6.375403838174624e+38	8.65507751271805e+38	1.0536037733792914e+39	1.2543380455253673e+39
557657.4290459739	9.091711503733419e+39	3.2671720267069913e+38	4.23866312522172e+38	5.606554435380364e+38	6.725702436290198e+38	8.56416263111923e+38	1.463199948427506e+39	1.9417857538879417e+39	2.8393150087762795e+39	5.231973263369931e+38	7.095767252095322e+38	8.56416263111923e+38	1.0040389085996323e+39
599627.6666646013	7.333006627728769e+39	2.646235116547035e+38	3.4400379156444155e+38	4.560084311704757e+38	5.479259195996589e+38	6.969232395427471e+38	1.1401079582903236e+39	1.4672695424236208e+39	2.0866108039373824e+39	4.252766600782633e+38	5.782434298757683e+38	6.969232395427471e+38	8.116192961000748e+38
646896.4245916717	5.885504982248654e+39	2.119153074298741e+38	2.7617880022966463e+38	3.669160646443054e+38	4.418443588633194e+38	5.635904980623712e+38	9.027371111064082e+38	1.1286108256059376e+39	1.5425913787985704e+39	3.4196478302955015e+38	4.66634887606387e+38	5.635904980623712e+38	6.5592064029808e+38
700457.5838052968	4.6980690134682265e+39	1.675497221260329e+38	2.190777268971793e+38	2.917083800767418e+38	3.5205457228806664e+38	4.509438796702949e+38	7.201088026320428e+38	8.822939339716095e+38	1.1555724064679163e+39	2.717023785405544e+38	3.7211611033417005e+38	4.509438796702949e+38	5.2610850602996944e+38
761558.9225080326	3.727305205470935e+39	1.305562417200417e+38	1.7146482750472266e+38	2.2885726604646192e+38	2.767728077335324e+38	3.560821049372418e+38	5.7322609079467926e+38	6.96257372651935e+38	8.804541648348659e+38	2.130355118592565e+38	2.9278022704278457e+38	3.560821049372418e+38	4.169457591953969e+38
831785.997261099	2.9365603470342066e+39	1.00036238323855e+38	1.3218200492929436e+38	1.7691872425298143e+38	2.1437027615746514e+38	2.7696890040727156e+38	4.5186410307222884e+38	5.494475427495057e+38	6.808837684185637e+38	1.6458980859522795e+38	2.2693773559104733e+38	2.7696890040727156e+38	3.255828256946115e+38
913180.7056322299	2.2950115010750725e+39	7.516240351331549e+37	1.0015107245730343e+38	1.3452753877211082e+38	1.6330305820581734e+38	2.1182058851811224e+38	3.508956193900375e+38	4.297477677948802e+38	5.3033138341872224e+38	1.2507042469138915e+38	1.729939464548746e+38	2.1182058851811224e+38	2.499660249853195e+38
1008412.0843788292	1.7768460312722815e+39	5.517758332736697e+37	7.437633195496696e+37	1.0040141925728776e+38	1.2210598039887571e+38	1.5895237223467905e+38	2.6747407955182483e+38	3.3090426821681747e+38	4.116894836239283e+38	9.326643995410442e+37	1.2943232331213393e+38	1.5895237223467905e+38	1.882711062221924e+38
1121027.6090342596	1.3605272410665286e+39	3.939258508918896e+37	5.394669008451796e+37	7.334686221362328e+37	8.939826720598364e+37	1.1675622125276429e+38	1.995222393937118e+38	2.4963921713869064e+38	3.15366499630221e+38	6.805603666139933e+37	9.481873392686345e+37	1.1675622125276429e+38	1.3876554618545414e+38
1255831.7697923419	1.0281408210699153e+39	2.7182634937637143e+37	3.8036686310624224e+37	5.22652129770898e+37	6.389156405422676e+37	8.370561728391153e+37	1.451728087642546e+38	1.8379350160446763e+38	2.365458182245063e+38	4.841145579076876e+37	6.78096368833758e+37	8.370561728391153e+37	9.979118902443584e+37
1419471.7259780944	7.648170589615161e+38	1.7982336196052423e+37	2.590584919359536e+37	3.615808239792537e+37	4.439856875205113e+37	5.836566739052683e+37	1.0263375378718674e+38	1.3151209188627424e+38	1.7269639350313465e+38	3.340295855466276e+37	4.716139277922014e+37	5.836566739052683e+37	6.977112726748572e+37
1621370.9377870604	5.5446884309046116e+38	1.1279269613737648e+37	1.6895880047599608e+37	2.4131301257570442e+37	2.98413081123342e+37	3.9405165676869716e+37	7.017501152649525e+37	9.101203483034454e+37	1.2204801906461433e+38	2.2201028876455804e+37	3.1739635721464043e+37	3.9405165676869716e+37	4.722208840689902e+37
1852007.4218219197	3.9709377794890386e+38	6.198634416528379e+36	9.933736206409624e+36	1.482464305407966e+37	1.8613170830313348e+37	2.481161757241582e+37	4.483037323767932e+37	5.899962402943433e+37	8.129877316259541e+37	1.3525775238034826e+37	1.9855114146352418e+37	2.481161757241582e+37	2.983332871007095e+37
2115472.6033209693	2.8476998731779927e+38	3.240093513582771e+36	5.643695177099518e+36	8.936957603121859e+36	1.1483727346460012e+37	1.5552032053388642e+37	2.8476032935625654e+37	3.7923217048134683e+37	5.354576333627504e+37	8.057830289633082e+36	1.2308831223241792e+37	1.5552032053388642e+37	1.878623004263229e+37
2416441.377702668	2.0440480706153025e+38	1.588461073311471e+36	3.0606580423542045e+36	5.234173233797887e+36	6.952301769923825e+36	9.657727043234183e+36	1.7975194577404855e+37	2.4159607746623466e+37	3.4854019040702783e+37	4.644271839629657e+36	7.506801483677726e+36	9.657727043234183e+36	1.1757977103139605e+37
2760254.397672415	1.4680077276259185e+38	7.225628944939117e+35	1.568763684758702e+36	2.952547970319829e+36	4.100265784084458e+36	5.915831883759818e+36	1.1287744290495979e+37	1.5276616423608324e+37	2.244265651360723e+37	2.566428731458652e+36	4.4738118417058766e+36	5.915831883759818e+36	7.298035261975875e+36
3153012.880258462	1.0545864542335516e+38	3.015133876828147e+35	7.520435142995054e+35	1.5890064751948782e+36	2.3359949944886048e+36	3.552767031997375e+36	7.053416000092177e+36	9.601412783839814e+36	1.4311394789093277e+37	1.3465350427524677e+36	2.5846605198663187e+36	3.552767031997375e+36	4.474285812411932e+36
3601686.915192367	7.576293813300749e+37	1.1402708967388839e+35	3.3348737779557586e+35	8.07709855379304e+35	1.273687206160481e+36	2.076092372154186e+36	4.381640566860874e+36	6.004724536842833e+36	9.050235273205925e+36	6.638972779605539e+35	1.4345507647515443e+36	2.076092372154186e+36	2.6939395258927104e+36
4114239.1973290173	5.442273127746753e+37	3.857893967946955e+34	1.3520765877135207e+35	3.836835087177413e+35	6.580385999390118e+35	1.1702454778691573e+36	2.6990061831628036e+36	3.7381535772663254e+36	5.683968316353712e+36	3.042728926278752e+35	7.574913426472035e+35	1.1702454778691573e+36	1.5813465341304558e+36
