#t	Le	U	B	V	R	I	J	H	K	g	r	i	z
#----------------------------------------------- 
3.7652155130543496	0.0	0.0	0.0	0.0	0.0	0.0	0.0	0.0	0.0	0.0	0.0	0.0	0.0
3.899421307717602	0.0	0.0	0.0	0.0	0.0	0.0	0.0	0.0	0.0	0.0	0.0	0.0	0.0
4.291578694603624	0.0	0.0	0.0	0.0	0.0	0.0	0.0	0.0	0.0	0.0	0.0	0.0	0.0
4.737303458826218	0.0	0.0	0.0	0.0	0.0	0.0	0.0	0.0	0.0	0.0	0.0	0.0	0.0
5.236115689023104	0.0	0.0	0.0	0.0	0.0	0.0	0.0	0.0	0.0	0.0	0.0	0.0	0.0
5.792932900339425	0.0	0.0	0.0	0.0	0.0	0.0	0.0	0.0	0.0	0.0	0.0	0.0	0.0
6.4132150196849445	0.0	0.0	0.0	0.0	0.0	0.0	0.0	0.0	0.0	0.0	0.0	0.0	0.0
7.102727719899703	0.0	0.0	0.0	0.0	0.0	0.0	0.0	0.0	0.0	0.0	0.0	0.0	0.0
7.867477405286351	0.0	0.0	0.0	0.0	0.0	0.0	0.0	0.0	0.0	0.0	0.0	0.0	0.0
8.71366552306968	0.0	0.0	0.0	0.0	0.0	0.0	0.0	0.0	0.0	0.0	0.0	0.0	0.0
9.647641953368488	0.0	0.0	0.0	0.0	0.0	0.0	0.0	0.0	0.0	0.0	0.0	0.0	0.0
10.675853836291683	0.0	0.0	0.0	0.0	0.0	0.0	0.0	0.0	0.0	0.0	0.0	0.0	0.0
11.804790209455131	0.0	0.0	0.0	0.0	0.0	0.0	0.0	0.0	0.0	0.0	0.0	0.0	0.0
13.040924456366117	0.0	0.0	0.0	0.0	0.0	0.0	0.0	0.0	0.0	0.0	0.0	0.0	0.0
14.390657373191308	0.0	0.0	0.0	0.0	0.0	0.0	0.0	0.0	0.0	0.0	0.0	0.0	0.0
15.860263930374396	0.0	0.0	0.0	0.0	0.0	0.0	0.0	0.0	0.0	0.0	0.0	0.0	0.0
17.45584662128298	0.0	0.0	0.0	0.0	0.0	0.0	0.0	0.0	0.0	0.0	0.0	0.0	0.0
19.18329773655956	0.0	0.0	0.0	0.0	0.0	0.0	0.0	0.0	0.0	0.0	0.0	0.0	0.0
21.048272101959924	0.0	0.0	0.0	0.0	0.0	0.0	0.0	0.0	0.0	0.0	0.0	0.0	0.0
23.056170909450156	0.0	0.0	0.0	0.0	0.0	0.0	0.0	0.0	0.0	0.0	0.0	0.0	0.0
25.212136393360325	0.0	0.0	0.0	0.0	0.0	0.0	0.0	0.0	0.0	0.0	0.0	0.0	0.0
27.521056365351583	0.0	0.0	0.0	0.0	0.0	0.0	0.0	0.0	0.0	0.0	0.0	0.0	0.0
29.98757709255169	0.0	0.0	0.0	0.0	0.0	0.0	0.0	0.0	0.0	0.0	0.0	0.0	0.0
32.61612270544698	0.0	0.0	0.0	0.0	0.0	0.0	0.0	0.0	0.0	0.0	0.0	0.0	0.0
35.410919242103155	0.0	0.0	0.0	0.0	0.0	0.0	0.0	0.0	0.0	0.0	0.0	0.0	0.0
38.37602153124562	0.0	0.0	0.0	0.0	0.0	0.0	0.0	0.0	0.0	0.0	0.0	0.0	0.0
41.515341335355465	0.0	0.0	0.0	0.0	0.0	0.0	0.0	0.0	0.0	0.0	0.0	0.0	0.0
44.832675461033446	0.0	0.0	0.0	0.0	0.0	0.0	0.0	0.0	0.0	0.0	0.0	0.0	0.0
48.33173285162372	0.0	0.0	0.0	0.0	0.0	0.0	0.0	0.0	0.0	0.0	0.0	0.0	0.0
52.01615997219647	0.0	0.0	0.0	0.0	0.0	0.0	0.0	0.0	0.0	0.0	0.0	0.0	0.0
55.88956405534479	0.0	0.0	0.0	0.0	0.0	0.0	0.0	0.0	0.0	0.0	0.0	0.0	0.0
59.95553398981684	0.0	0.0	0.0	0.0	0.0	0.0	0.0	0.0	0.0	0.0	0.0	0.0	0.0
64.21765879878816	0.0	0.0	0.0	0.0	0.0	0.0	0.0	0.0	0.0	0.0	0.0	0.0	0.0
68.67954377215456	0.0	0.0	0.0	0.0	0.0	0.0	0.0	0.0	0.0	0.0	0.0	0.0	0.0
73.34482439828605	0.0	0.0	0.0	0.0	0.0	0.0	0.0	0.0	0.0	0.0	0.0	0.0	0.0
78.21717828684605	0.0	0.0	0.0	0.0	0.0	0.0	0.0	0.0	0.0	0.0	0.0	0.0	0.0
83.30033529896305	0.0	0.0	0.0	0.0	0.0	0.0	0.0	0.0	0.0	0.0	0.0	0.0	0.0
88.59808610558494	0.0	0.0	0.0	0.0	0.0	0.0	0.0	0.0	0.0	0.0	0.0	0.0	0.0
94.11428938939544	0.0	0.0	0.0	0.0	0.0	0.0	0.0	0.0	0.0	0.0	0.0	0.0	0.0
99.85287789126055	0.0	0.0	0.0	0.0	0.0	0.0	0.0	0.0	0.0	0.0	0.0	0.0	0.0
105.81786348411387	0.0	0.0	0.0	0.0	0.0	0.0	0.0	0.0	0.0	0.0	0.0	0.0	0.0
112.01334143722798	0.0	0.0	0.0	0.0	0.0	0.0	0.0	0.0	0.0	0.0	0.0	0.0	0.0
118.44349401355242	0.0	0.0	0.0	0.0	0.0	0.0	0.0	0.0	0.0	0.0	0.0	0.0	0.0
125.11259352322776	0.0	0.0	0.0	0.0	0.0	0.0	0.0	0.0	0.0	0.0	0.0	0.0	0.0
132.02500493883176	0.0	0.0	0.0	0.0	0.0	0.0	0.0	0.0	0.0	0.0	0.0	0.0	0.0
139.18518816140866	0.0	0.0	0.0	0.0	0.0	0.0	0.0	0.0	0.0	0.0	0.0	0.0	0.0
146.59770001209966	0.0	0.0	0.0	0.0	0.0	0.0	0.0	0.0	0.0	0.0	0.0	0.0	0.0
154.2671960120016	0.0	0.0	0.0	0.0	0.0	0.0	0.0	0.0	0.0	0.0	0.0	0.0	0.0
162.19843200208663	0.0	0.0	0.0	0.0	0.0	0.0	0.0	0.0	0.0	0.0	0.0	0.0	0.0
170.3962656458782	0.0	0.0	0.0	0.0	0.0	0.0	0.0	0.0	0.0	0.0	0.0	0.0	0.0
178.865657850036	0.0	0.0	0.0	0.0	0.0	0.0	0.0	0.0	0.0	0.0	0.0	0.0	0.0
187.61167413179834	0.0	0.0	0.0	0.0	0.0	0.0	0.0	0.0	0.0	0.0	0.0	0.0	0.0
196.63948595619584	0.0	0.0	0.0	0.0	0.0	0.0	0.0	0.0	0.0	0.0	0.0	0.0	0.0
205.95437206264344	0.0	0.0	0.0	0.0	0.0	0.0	0.0	0.0	0.0	0.0	0.0	0.0	0.0
215.56171979575493	0.0	0.0	0.0	0.0	0.0	0.0	0.0	0.0	0.0	0.0	0.0	0.0	0.0
225.46702645296858	0.0	0.0	0.0	0.0	0.0	0.0	0.0	0.0	0.0	0.0	0.0	0.0	0.0
235.67590065908524	0.0	0.0	0.0	0.0	0.0	0.0	0.0	0.0	0.0	0.0	0.0	0.0	0.0
246.19406377521443	0.0	0.0	0.0	0.0	0.0	0.0	0.0	0.0	0.0	0.0	0.0	0.0	0.0
257.02735134900604	0.0	0.0	0.0	0.0	0.0	0.0	0.0	0.0	0.0	0.0	0.0	0.0	0.0
268.181714610863	0.0	0.0	0.0	0.0	0.0	0.0	0.0	0.0	0.0	0.0	0.0	0.0	0.0
279.66322202032035	0.0	0.0	0.0	0.0	0.0	0.0	0.0	0.0	0.0	0.0	0.0	0.0	0.0
291.4780608658232	0.0	0.0	0.0	0.0	0.0	0.0	0.0	0.0	0.0	0.0	0.0	0.0	0.0
303.6325389202363	0.0	0.0	0.0	0.0	0.0	0.0	0.0	0.0	0.0	0.0	0.0	0.0	0.0
316.1330861543895	0.0	0.0	0.0	0.0	0.0	0.0	0.0	0.0	0.0	0.0	0.0	0.0	0.0
328.98625651019546	0.0	0.0	0.0	0.0	0.0	0.0	0.0	0.0	0.0	0.0	0.0	0.0	0.0
342.1987297346204	0.0	0.0	0.0	0.0	0.0	0.0	0.0	0.0	0.0	0.0	0.0	0.0	0.0
355.77731327573997	0.0	0.0	0.0	0.0	0.0	0.0	0.0	0.0	0.0	0.0	0.0	0.0	0.0
369.7289442417202	0.0	0.0	0.0	0.0	0.0	0.0	0.0	0.0	0.0	0.0	0.0	0.0	0.0
384.0606914235747	0.0	0.0	0.0	0.0	0.0	0.0	0.0	0.0	0.0	0.0	0.0	0.0	0.0
398.77975738266633	0.0	0.0	0.0	0.0	0.0	0.0	0.0	0.0	0.0	0.0	0.0	0.0	0.0
413.8934806032356	0.0	0.0	0.0	0.0	0.0	0.0	0.0	0.0	0.0	0.0	0.0	0.0	0.0
429.4093377111505	0.0	0.0	0.0	0.0	0.0	0.0	0.0	0.0	0.0	0.0	0.0	0.0	0.0
445.3349457592501	0.0	0.0	0.0	0.0	0.0	0.0	0.0	0.0	0.0	0.0	0.0	0.0	0.0
461.6780645801809	0.0	0.0	0.0	0.0	0.0	0.0	0.0	0.0	0.0	0.0	0.0	0.0	0.0
478.44659920728924	0.0	0.0	0.0	0.0	0.0	0.0	0.0	0.0	0.0	0.0	0.0	0.0	0.0
495.6486023647197	0.0	0.0	0.0	0.0	0.0	0.0	0.0	0.0	0.0	0.0	0.0	0.0	0.0
513.2922770272708	0.0	0.0	0.0	0.0	0.0	0.0	0.0	0.0	0.0	0.0	0.0	0.0	0.0
531.3859790510646	0.0	0.0	0.0	0.0	0.0	0.0	0.0	0.0	0.0	0.0	0.0	0.0	0.0
549.9382198760447	0.0	0.0	0.0	0.0	0.0	0.0	0.0	0.0	0.0	0.0	0.0	0.0	0.0
568.9576693012494	0.0	0.0	0.0	0.0	0.0	0.0	0.0	0.0	0.0	0.0	0.0	0.0	0.0
588.4531583341512	0.0	0.0	0.0	0.0	0.0	0.0	0.0	0.0	0.0	0.0	0.0	0.0	0.0
608.4336821151771	0.0	0.0	0.0	0.0	0.0	0.0	0.0	0.0	0.0	0.0	0.0	0.0	0.0
628.9084029188616	0.0	0.0	0.0	0.0	0.0	0.0	0.0	0.0	0.0	0.0	0.0	0.0	0.0
649.8866532326313	0.0	0.0	0.0	0.0	0.0	0.0	0.0	0.0	0.0	0.0	0.0	0.0	0.0
671.3779389149355	0.0	0.0	0.0	0.0	0.0	0.0	0.0	0.0	0.0	0.0	0.0	0.0	0.0
693.3919424343563	0.0	0.0	0.0	0.0	0.0	0.0	0.0	0.0	0.0	0.0	0.0	0.0	0.0
715.9385261912408	0.0	0.0	0.0	0.0	0.0	0.0	0.0	0.0	0.0	0.0	0.0	0.0	0.0
739.0277359233904	0.0	0.0	0.0	0.0	0.0	0.0	0.0	0.0	0.0	0.0	0.0	0.0	0.0
762.6698041977796	0.0	0.0	0.0	0.0	0.0	0.0	0.0	0.0	0.0	0.0	0.0	0.0	0.0
786.8751539901297	0.0	0.0	0.0	0.0	0.0	0.0	0.0	0.0	0.0	0.0	0.0	0.0	0.0
811.6544023542606	0.0	0.0	0.0	0.0	0.0	0.0	0.0	0.0	0.0	0.0	0.0	0.0	0.0
837.018364183194	0.0	0.0	0.0	0.0	0.0	0.0	0.0	0.0	0.0	0.0	0.0	0.0	0.0
862.9780560644857	0.0	0.0	0.0	0.0	0.0	0.0	0.0	0.0	0.0	0.0	0.0	0.0	0.0
889.5447002317333	0.0	0.0	0.0	0.0	0.0	0.0	0.0	0.0	0.0	0.0	0.0	0.0	0.0
916.7297286146965	0.0	0.0	0.0	0.0	0.0	0.0	0.0	0.0	0.0	0.0	0.0	0.0	0.0
944.5447869906862	0.0	0.0	0.0	0.0	0.0	0.0	0.0	0.0	0.0	0.0	0.0	0.0	0.0
973.0017392392208	0.0	0.0	0.0	0.0	0.0	0.0	0.0	0.0	0.0	0.0	0.0	0.0	0.0
1002.1126717030592	0.0	0.0	0.0	0.0	0.0	0.0	0.0	0.0	0.0	0.0	0.0	0.0	0.0
1031.889897658303	0.0	0.0	0.0	0.0	0.0	0.0	0.0	0.0	0.0	0.0	0.0	0.0	0.0
1062.3459618968013	0.0	0.0	0.0	0.0	0.0	0.0	0.0	0.0	0.0	0.0	0.0	0.0	0.0
1093.4936454236756	0.0	0.0	0.0	0.0	0.0	0.0	0.0	0.0	0.0	0.0	0.0	0.0	0.0
1125.356463287831	0.0	0.0	0.0	0.0	0.0	0.0	0.0	0.0	0.0	0.0	0.0	0.0	0.0
1157.946995974839	0.0	0.0	0.0	0.0	0.0	0.0	0.0	0.0	0.0	0.0	0.0	0.0	0.0
1191.2781202279355	0.0	0.0	0.0	0.0	0.0	0.0	0.0	0.0	0.0	0.0	0.0	0.0	0.0
1225.3630112384185	0.0	0.0	0.0	0.0	0.0	0.0	0.0	0.0	0.0	0.0	0.0	0.0	0.0
1260.2151451539826	0.0	0.0	0.0	0.0	0.0	0.0	0.0	0.0	0.0	0.0	0.0	0.0	0.0
1295.8483019028115	0.0	0.0	0.0	0.0	0.0	0.0	0.0	0.0	0.0	0.0	0.0	0.0	0.0
1332.2765683290284	0.0	0.0	0.0	0.0	0.0	0.0	0.0	0.0	0.0	0.0	0.0	0.0	0.0
1369.5143416334604	0.0	0.0	0.0	0.0	0.0	0.0	0.0	0.0	0.0	0.0	0.0	0.0	0.0
1407.576333115899	0.0	0.0	0.0	0.0	0.0	0.0	0.0	0.0	0.0	0.0	0.0	0.0	0.0
1446.477572214178	0.0	0.0	0.0	0.0	0.0	0.0	0.0	0.0	0.0	0.0	0.0	0.0	0.0
1486.2334108359614	0.0	0.0	0.0	0.0	0.0	0.0	0.0	0.0	0.0	0.0	0.0	0.0	0.0
1526.8595279788515	0.0	0.0	0.0	0.0	0.0	0.0	0.0	0.0	0.0	0.0	0.0	0.0	0.0
1568.3719346352598	0.0	0.0	0.0	0.0	0.0	0.0	0.0	0.0	0.0	0.0	0.0	0.0	0.0
1610.7869789797992	0.0	0.0	0.0	0.0	0.0	0.0	0.0	0.0	0.0	0.0	0.0	0.0	0.0
1654.1213518371242	0.0	0.0	0.0	0.0	0.0	0.0	0.0	0.0	0.0	0.0	0.0	0.0	0.0
1698.3920924285312	0.0	0.0	0.0	0.0	0.0	0.0	0.0	0.0	0.0	0.0	0.0	0.0	0.0
1743.6165943953063	0.0	0.0	0.0	0.0	0.0	0.0	0.0	0.0	0.0	0.0	0.0	0.0	0.0
1789.8126120991876	0.0	0.0	0.0	0.0	0.0	0.0	0.0	0.0	0.0	0.0	0.0	0.0	0.0
1836.9982671997873	0.0	0.0	0.0	0.0	0.0	0.0	0.0	0.0	0.0	0.0	0.0	0.0	0.0
1885.1920555102827	0.0	0.0	0.0	0.0	0.0	0.0	0.0	0.0	0.0	0.0	0.0	0.0	0.0
1934.4128541320579	0.0	0.0	0.0	0.0	0.0	0.0	0.0	0.0	0.0	0.0	0.0	0.0	0.0
1984.6799288695845	0.0	0.0	0.0	0.0	0.0	0.0	0.0	0.0	0.0	0.0	0.0	0.0	0.0
2036.0129419288883	0.0	0.0	0.0	0.0	0.0	0.0	0.0	0.0	0.0	0.0	0.0	0.0	0.0
2088.431959902145	0.0	0.0	0.0	0.0	0.0	0.0	0.0	0.0	0.0	0.0	0.0	0.0	0.0
2141.957462042955	0.0	0.0	0.0	0.0	0.0	0.0	0.0	0.0	0.0	0.0	0.0	0.0	0.0
2196.6103488356393	0.0	0.0	0.0	0.0	0.0	0.0	0.0	0.0	0.0	0.0	0.0	0.0	0.0
2252.4119508625113	0.0	0.0	0.0	0.0	0.0	0.0	0.0	0.0	0.0	0.0	0.0	0.0	0.0
2309.384037975318	0.0	0.0	0.0	0.0	0.0	0.0	0.0	0.0	0.0	0.0	0.0	0.0	0.0
2367.5488287763733	0.0	0.0	0.0	0.0	0.0	0.0	0.0	0.0	0.0	0.0	0.0	0.0	0.0
2426.929000416045	0.0	0.0	0.0	0.0	0.0	0.0	0.0	0.0	0.0	0.0	0.0	0.0	0.0
2487.5476987128413	0.0	0.0	0.0	0.0	0.0	0.0	0.0	0.0	0.0	0.0	0.0	0.0	0.0
2549.4285486032504	0.0	0.0	0.0	0.0	0.0	0.0	0.0	0.0	0.0	0.0	0.0	0.0	0.0
2612.5956649300556	0.0	0.0	0.0	0.0	0.0	0.0	0.0	0.0	0.0	0.0	0.0	0.0	0.0
2677.0736635778276	0.0	0.0	0.0	0.0	0.0	0.0	0.0	0.0	0.0	0.0	0.0	0.0	0.0
2742.887672964732	0.0	0.0	0.0	0.0	0.0	0.0	0.0	0.0	0.0	0.0	0.0	0.0	0.0
2810.063345898776	0.0	0.0	0.0	0.0	0.0	0.0	0.0	0.0	0.0	0.0	0.0	0.0	0.0
2878.626871808209	0.0	0.0	0.0	0.0	0.0	0.0	0.0	0.0	0.0	0.0	0.0	0.0	0.0
2948.6049893586464	0.0	0.0	0.0	0.0	0.0	0.0	0.0	0.0	0.0	0.0	0.0	0.0	0.0
3020.0249994669066	0.0	0.0	0.0	0.0	0.0	0.0	0.0	0.0	0.0	0.0	0.0	0.0	0.0
3092.914778723659	0.0	0.0	0.0	0.0	0.0	0.0	0.0	0.0	0.0	0.0	0.0	0.0	0.0
3167.3027932385257	0.0	0.0	0.0	0.0	0.0	0.0	0.0	0.0	0.0	0.0	0.0	0.0	0.0
3243.2181129202186	0.0	0.0	0.0	0.0	0.0	0.0	0.0	0.0	0.0	0.0	0.0	0.0	0.0
3320.690426204986	0.0	0.0	0.0	0.0	0.0	0.0	0.0	0.0	0.0	0.0	0.0	0.0	0.0
3399.7500552479596	0.0	0.0	0.0	0.0	0.0	0.0	0.0	0.0	0.0	0.0	0.0	0.0	0.0
3480.4279715941493	0.0	0.0	0.0	0.0	0.0	0.0	0.0	0.0	0.0	0.0	0.0	0.0	0.0
3562.7558123429862	0.0	0.0	0.0	0.0	0.0	0.0	0.0	0.0	0.0	0.0	0.0	0.0	0.0
3646.7658968205424	0.0	0.0	0.0	0.0	0.0	0.0	0.0	0.0	0.0	0.0	0.0	0.0	0.0
3732.4912437811677	0.0	0.0	0.0	0.0	0.0	0.0	0.0	0.0	0.0	0.0	0.0	0.0	0.0
3819.965589156229	0.0	0.0	0.0	0.0	0.0	0.0	0.0	0.0	0.0	0.0	0.0	0.0	0.0
3909.223404367283	0.0	0.0	0.0	0.0	0.0	0.0	0.0	0.0	0.0	0.0	0.0	0.0	0.0
4000.2999152243756	0.0	0.0	0.0	0.0	0.0	0.0	0.0	0.0	0.0	0.0	0.0	0.0	0.0
4093.2311214297965	0.0	0.0	0.0	0.0	0.0	0.0	0.0	0.0	0.0	0.0	0.0	0.0	0.0
4188.053816710051	0.0	0.0	0.0	0.0	0.0	0.0	0.0	0.0	0.0	0.0	0.0	0.0	0.0
4284.805609597332	0.0	0.0	0.0	0.0	0.0	0.0	0.0	0.0	0.0	0.0	0.0	0.0	0.0
4383.524944883176	0.0	0.0	0.0	0.0	0.0	0.0	0.0	0.0	0.0	0.0	0.0	0.0	0.0
4484.25112577032	0.0	0.0	0.0	0.0	0.0	0.0	0.0	0.0	0.0	0.0	0.0	0.0	0.0
4587.024336750386	0.0	0.0	0.0	0.0	0.0	0.0	0.0	0.0	0.0	0.0	0.0	0.0	0.0
4691.885667232194	0.0	0.0	0.0	0.0	0.0	0.0	0.0	0.0	0.0	0.0	0.0	0.0	0.0
4798.877135947855	0.0	0.0	0.0	0.0	0.0	0.0	0.0	0.0	0.0	0.0	0.0	0.0	0.0
4908.041716168621	0.0	0.0	0.0	0.0	0.0	0.0	0.0	0.0	0.0	0.0	0.0	0.0	0.0
5019.423361761405	0.0	0.0	0.0	0.0	0.0	0.0	0.0	0.0	0.0	0.0	0.0	0.0	0.0
5133.067034115478	0.0	0.0	0.0	0.0	0.0	0.0	0.0	0.0	0.0	0.0	0.0	0.0	0.0
5249.018729973877	0.0	0.0	0.0	0.0	0.0	0.0	0.0	0.0	0.0	0.0	0.0	0.0	0.0
5367.325510204739	0.0	0.0	0.0	0.0	0.0	0.0	0.0	0.0	0.0	0.0	0.0	0.0	0.0
5488.035529549757	0.0	0.0	0.0	0.0	0.0	0.0	0.0	0.0	0.0	0.0	0.0	0.0	0.0
5611.1980673877015	0.0	0.0	0.0	0.0	0.0	0.0	0.0	0.0	0.0	0.0	0.0	0.0	0.0
5736.863559552686	0.0	0.0	0.0	0.0	0.0	0.0	0.0	0.0	0.0	0.0	0.0	0.0	0.0
5865.083631251129	0.0	0.0	0.0	0.0	0.0	0.0	0.0	0.0	0.0	0.0	0.0	0.0	0.0
5995.911131120053	0.0	0.0	0.0	0.0	0.0	0.0	0.0	0.0	0.0	0.0	0.0	0.0	0.0
6129.400166471574	0.0	0.0	0.0	0.0	0.0	0.0	0.0	0.0	0.0	0.0	0.0	0.0	0.0
6265.606139779416	0.0	0.0	0.0	0.0	0.0	0.0	0.0	0.0	0.0	0.0	0.0	0.0	0.0
6404.585786446296	0.0	0.0	0.0	0.0	0.0	0.0	0.0	0.0	0.0	0.0	0.0	0.0	0.0
6546.397213904206	0.0	0.0	0.0	0.0	0.0	0.0	0.0	0.0	0.0	0.0	0.0	0.0	0.0
6691.099942109257	0.0	0.0	0.0	0.0	0.0	0.0	0.0	0.0	0.0	0.0	0.0	0.0	0.0
6838.754945496346	0.0	0.0	0.0	0.0	0.0	0.0	0.0	0.0	0.0	0.0	0.0	0.0	0.0
6989.424696443934	0.0	0.0	0.0	0.0	0.0	0.0	0.0	0.0	0.0	0.0	0.0	0.0	0.0
7143.173210309781	0.0	0.0	0.0	0.0	0.0	0.0	0.0	0.0	0.0	0.0	0.0	0.0	0.0
7300.0660921130775	0.0	0.0	0.0	0.0	0.0	0.0	0.0	0.0	0.0	0.0	0.0	0.0	0.0
7460.170584927989	0.0	0.0	0.0	0.0	0.0	0.0	0.0	0.0	0.0	0.0	0.0	0.0	0.0
7623.555620063475	0.0	0.0	0.0	0.0	0.0	0.0	0.0	0.0	0.0	0.0	0.0	0.0	0.0
7790.291869103798	0.0	0.0	0.0	0.0	0.0	0.0	0.0	0.0	0.0	0.0	0.0	0.0	0.0
7960.451797801149	0.0	0.0	0.0	0.0	0.0	0.0	0.0	0.0	0.0	0.0	0.0	0.0	0.0
8134.109722036205	0.0	0.0	0.0	0.0	0.0	0.0	0.0	0.0	0.0	0.0	0.0	0.0	0.0
8311.341865943203	0.0	0.0	0.0	0.0	0.0	0.0	0.0	0.0	0.0	0.0	0.0	0.0	0.0
8492.226422253576	0.0	0.0	0.0	0.0	0.0	0.0	0.0	0.0	0.0	0.0	0.0	0.0	0.0
8676.843614958287	0.0	0.0	0.0	0.0	0.0	0.0	0.0	0.0	0.0	0.0	0.0	0.0	0.0
8865.27576438315	0.0	0.0	0.0	0.0	0.0	0.0	0.0	0.0	0.0	0.0	0.0	0.0	0.0
9057.607354783071	2.71309474743652e+29	1.1924164739006107e+28	7.052693406598339e+27	3.864445185081736e+27	2.5466295748873545e+27	1.41368929628221e+27	3.727732699309638e+26	1.8643347692896442e+26	7.152087268813593e+25	4.502098762220758e+27	2.2424324283622213e+27	1.41368929628221e+27	9.474257206240706e+26
9253.92510458972	1.022811705166104e+30	4.670274693999408e+28	2.765788562027502e+28	1.5171504471720857e+28	1.0003885236369467e+28	5.55717013364573e+27	1.466905931972249e+27	7.339061801313992e+26	2.8165128287049043e+26	1.767045626325866e+28	8.810344981887958e+27	5.55717013364573e+27	3.7257077110979284e+27
9454.318039408414	3.85664655084437e+30	1.8291477395919747e+29	1.0846334251725868e+29	5.956306842808227e+28	3.92990650843911e+28	2.1845807757473866e+28	5.772721223096752e+27	2.889216457333917e+27	1.1092147323470765e+27	6.9356293328212535e+28	3.4616092389229308e+28	2.1845807757473866e+28	1.465174337363719e+28
9658.877567881416	1.4769355698573795e+31	7.274561544397577e+29	4.31923786296772e+29	2.3746125213381055e+29	1.5677140069321508e+29	8.720831212784988e+28	2.30696301814765e+28	1.1550572087379012e+28	4.436143270193614e+27	2.7643285141521715e+29	1.3811323313851445e+29	8.720831212784988e+28	5.85123436584122e+28
9867.69756056258	5.505543018763683e+31	2.8155984103586585e+30	1.6739630524198733e+30	9.213623485357817e+29	6.0866375125338966e+29	3.388270275925166e+29	8.973000077997164e+28	4.494342148782789e+28	1.726779793086191e+28	1.072293763538816e+30	5.3631455190111044e+29	3.388270275925166e+29	2.2742513867175587e+29
10080.87443195916	1.920930214699999e+32	1.0198364489818978e+31	6.071410547315933e+30	3.3456523794870553e+30	2.211590843158972e+30	1.2320249922291891e+30	3.266350920999536e+29	1.636662777195233e+29	6.290730819810692e+28	3.892681111657825e+30	1.9490442971271926e+30	1.2320249922291891e+30	8.272813307541558e+29
10298.507225864629	6.340864183279254e+32	3.4941575848292194e+31	2.0830266384749473e+31	1.1492130998689937e+31	7.601613037367199e+30	4.2377889907062395e+30	1.1247950395277477e+30	5.638194315931126e+29	2.1679806086942635e+29	1.3367540020920366e+31	6.700367114169458e+30	4.2377889907062395e+30	2.8467469982250724e+30
10520.69770413649	1.9850649008202967e+33	1.1352033150101175e+32	6.776865926163818e+31	3.7433231586367133e+31	2.4776964258142384e+31	1.3823096947539306e+31	3.6731394387649374e+30	1.8419455871426788e+30	7.085460250125927e+29	4.353006562350504e+31	2.184328807786558e+31	1.3823096947539306e+31	9.289521954614069e+30
10747.550439100109	5.906673329807569e+33	3.504929564684978e+32	2.095305605281285e+32	1.1587957203527385e+32	7.675165162287879e+31	4.28522544520722e+31	1.1400166714079187e+31	5.71907563472938e+30	2.2008758947234244e+30	1.3471565525281681e+32	6.7676194006799525e+31	4.28522544520722e+31	2.880997382958129e+31
10979.17290974402	1.6741998146480835e+34	1.0306610427183665e+33	6.1703101879192675e+32	3.416695098552464e+32	2.2645492256385872e+32	1.2653233872827145e+32	3.3701731007410456e+31	1.6913936437728508e+31	6.511715995882829e+30	3.970952102663531e+32	1.9971444312355742e+32	1.2653233872827145e+32	8.510492367469636e+31
11215.675601879102	4.529849301813678e+34	2.892686703380354e+33	1.7343074935800457e+33	9.615545574781861e+32	6.377477189688543e+32	3.56621719249794e+32	9.509977649606353e+31	4.7747704027906235e+31	1.8390221533695144e+31	1.1172171484914422e+33	5.625451710094275e+32	3.56621719249794e+32	2.3996492408399914e+32
11457.172112443557	1.1723493916196288e+35	7.764658695345574e+33	4.662205765776241e+33	2.5881950160671206e+33	1.717814643070671e+33	9.613459603425755e+32	2.5667321232858668e+32	1.2892489469845298e+32	4.9677267753077575e+31	3.0063105617872736e+33	1.5155381339448468e+33	9.613459603425755e+32	6.471566891019575e+32
11703.77925818151	2.907820576413757e+35	1.9971959260727194e+34	1.2010060577548887e+34	6.676023555551141e+33	4.43411031449553e+33	2.4834761662907824e+33	6.638932917697836e+32	3.33611155391422e+32	1.2860289229590249e+32	7.752214475477476e+33	3.9127353993630785e+33	2.4834761662907824e+33	1.67256311117094e+33
11955.617188951412	7.273315019611482e+35	5.024876966738122e+34	3.0224225226257372e+34	1.6804239101041072e+34	1.116238812433643e+34	6.252688419463907e+33	1.671826751972406e+33	8.401626798341486e+32	3.238947440705184e+32	1.9512192966421284e+34	9.850187301558667e+33	6.252688419463907e+33	4.211339247678195e+33
12212.809505661464	1.541924907797019e+36	1.1584841633813205e+35	6.993491298314746e+34	3.900485729635276e+34	2.5953673990613207e+34	1.456624869357388e+34	3.9062444776695886e+33	1.9650644042088066e+33	7.583506162484704e+32	4.525813017256756e+34	2.291322492849249e+34	1.456624869357388e+34	9.821165689621944e+33
12475.483383298788	3.8547585649739656e+36	2.7805268842076596e+35	1.675536700041161e+35	9.330543050054961e+34	6.2032746243028285e+34	3.4782105718806887e+34	9.313924406716944e+33	4.683068717053456e+33	1.8063444885242925e+33	1.0830224907121774e+35	5.475322502166882e+34	3.4782105718806887e+34	2.343923119017392e+34
12743.769699281413	8.309527620320962e+36	6.16775441711145e+35	3.721294877738623e+35	2.0745026133565825e+35	1.3800110464917481e+35	7.742928759652342e+34	2.075503728829369e+34	1.0439363024629368e+34	4.0280908850451564e+33	2.407345519843344e+35	1.2182596545746218e+35	7.742928759652342e+34	5.219767465326552e+34
13017.803167361093	1.7354406109396343e+37	1.3234304111592169e+36	7.994420844648546e+35	4.46123700537644e+35	2.9693965044150825e+35	1.6671211692173276e+35	4.473103529667369e+34	2.250639097412383e+34	8.687202928514531e+33	5.1758043387240874e+35	2.621750409174284e+35	1.6671211692173276e+35	1.1242556094601291e+35
13297.72247734339	3.4594312325837033e+37	2.7335280474292e+36	1.6538824406190992e+36	9.242159627485214e+35	6.1562108826923895e+35	3.459252565077398e+35	9.293744928601543e+34	4.678250879755658e+34	1.8065777623244915e+34	1.071913100292441e+36	5.436567664991162e+35	3.459252565077398e+35	2.333907224181722e+35
13583.67044094804	6.66947387355549e+37	5.467190491685197e+36	3.3134466499198176e+36	1.8543135995958734e+36	1.2361427870881295e+36	6.952288849799137e+35	1.8703988381327695e+35	9.419623439905172e+34	3.639289206758149e+34	2.149934325285824e+36	1.0918752541726832e+36	6.952288849799137e+35	4.692927034295749e+35
13875.794144108113	1.2427439439290007e+38	1.0593846006680173e+37	6.432362464859527e+36	3.605496825060153e+36	2.4056194209442167e+36	1.3542887623931008e+36	3.648955805782221e+35	1.8386229425283254e+35	7.10728948332106e+34	4.178785665625541e+36	2.125360922993722e+36	1.3542887623931008e+36	9.146627951678914e+35
14174.245106011074	2.2452248993164628e+38	1.9927795899842837e+37	1.2123342928740142e+37	6.806864039908634e+36	4.5457559817518075e+36	2.5617639145796897e+36	6.913259678502425e+35	3.485329524020949e+35	1.3480181823708165e+35	7.886172494271261e+36	4.017157702585771e+36	2.5617639145796897e+36	1.7311527903861478e+36
14479.17944525336	3.941032150912815e+38	3.6445250133944073e+37	2.2217075928065247e+37	1.2496052791672728e+37	8.353066374900018e+36	4.712445639967828e+36	1.2738108151963121e+36	6.425582079080929e+35	2.4866501986109833e+35	1.4471688842050181e+37	7.383634471121042e+36	4.712445639967828e+36	3.186393866159864e+36
14790.758053516756	6.724930577788403e+38	6.486260516171791e+37	3.9624970909061105e+37	2.232827883875474e+37	1.494044154302308e+37	8.438298619106795e+36	2.2848828461227822e+36	1.1532679171541788e+36	4.465756227349575e+35	2.5847583465578454e+37	1.321006122570029e+37	8.438298619106795e+36	5.709231804658914e+36
15109.146791079842	1.1185482189366497e+39	1.125288502924149e+38	6.889590650888462e+37	3.889576905954857e+37	2.6052991046506043e+37	1.473171689272304e+37	3.9960665910969764e+36	2.0182009784169887e+36	7.819851426345377e+35	4.50070315543097e+37	2.3041954626227845e+37	1.473171689272304e+37	9.973624865029531e+36
15434.516618127374	1.812881638342572e+39	1.9039476109410877e+38	1.1683846907337725e+38	6.609322691736158e+37	4.431803365765125e+37	2.509021299369081e+37	6.818515441422086e+36	3.4458719238873345e+36	1.336025596050907e+36	7.644328601673699e+37	3.920741705664939e+37	2.509021299369081e+37	1.6997844080049052e+37
15767.043880336229	2.871025787468315e+39	3.147057445409392e+38	1.9357967301689325e+38	1.0972668667269375e+38	7.365705276411306e+37	4.175203355469019e+37	1.1368051573835759e+37	5.748818062060889e+36	2.230392882009122e+36	1.2685123893205654e+38	6.518247355850967e+37	4.175203355469019e+37	2.830499410825655e+37
16106.91047201426	4.4392993515274136e+39	5.0827871025786846e+38	3.134221938247724e+38	1.7803482457077294e+38	1.1964863942045764e+38	6.791024063875941e+37	1.8526946402326448e+37	9.375452634997462e+36	3.6399458649190856e+36	2.057207718249176e+38	1.0591536127566906e+38	6.791024063875941e+37	4.607126391811531e+37
16454.30405431002	6.720039434465708e+39	8.034210438840155e+38	4.966690712684947e+38	2.8273828482576185e+38	1.9023855800503533e+38	1.0811892781040865e+38	2.9556118098412676e+37	1.4967087410426287e+37	5.814942847612755e+36	3.2654583130618613e+38	1.6845627113173273e+38	1.0811892781040865e+38	7.3402724360611005e+37
16809.41828358315	9.947621701698214e+39	1.2428487799671518e+39	7.703562608342175e+38	4.395383093430783e+38	2.9610525547424495e+38	1.685202646950889e+38	4.616529737468866e+37	2.3394881706544307e+37	9.095956210302269e+36	5.073788631008667e+38	2.6228817566058555e+38	1.685202646950889e+38	1.1449668927480009e+38
17172.45305048499	1.4435953837600875e+40	1.8843431584891518e+39	1.1711450603519646e+39	6.69771877774965e+38	4.5177710471516325e+38	2.57481981107543e+38	7.06884600047633e+37	3.5848899493752515e+37	1.3948561722563304e+37	7.7273998666561e+38	4.003170523769877e+38	2.57481981107543e+38	1.750755098799577e+38
17543.614730436562	2.0507881231587297e+40	2.799337297212332e+39	1.7448005395821708e+39	1.0002906346011578e+39	6.756160095993054e+38	3.856301162323925e+38	1.0611052358937502e+38	5.385474773613811e+37	2.09710365348559e+37	1.1534307911095748e+39	5.988729534628692e+38	3.856301162323925e+38	2.6242458897157593e+38
17923.116446348886	2.8583136134853527e+40	4.0799004122028566e+39	2.5504603268604503e+39	1.4658708851663874e+39	9.914325999098589e+38	5.667633811104149e+38	1.5631605226162682e+38	7.939933585136945e+37	3.0943153168722097e+37	1.6893226449077917e+39	8.791388506689512e+38	5.667633811104149e+38	3.860119444090888e+38
18311.178343988337	3.9014747091903456e+40	5.830597614937549e+39	3.6562794782396765e+39	2.1070763244739777e+39	1.4271757084364703e+39	8.171912501652396e+38	2.25943531391835e+38	1.1486330574782727e+38	4.48023961578137e+37	2.426797737833795e+39	1.266020818840685e+39	8.171912501652396e+38	5.57070071948304e+38
18708.027880606416	5.224931274842891e+40	8.178641385955613e+39	5.1454476835637324e+39	2.9735631398614306e+39	2.017113897704984e+39	1.1569475010323885e+39	3.2070658479485287e+38	1.631819220126921e+38	6.370578423598609e+37	3.422597201492635e+39	1.7900698802336264e+39	1.1569475010323885e+39	7.894102752228632e+38
19113.90012779055	6.8502579475512535e+40	1.1250975552414907e+40	7.103202672459524e+39	4.1172922772360136e+39	2.797496381842535e+39	1.607473492432982e+39	4.468246842698187e+38	2.2756818204711424e+38	8.892682959140883e+37	4.735820630774499e+39	2.4836947957556944e+39	1.607473492432982e+39	1.0979064142507095e+39
19529.038089013633	8.805024621684554e+40	1.5189759079159528e+40	9.62560988990909e+39	5.59714607241905e+39	3.8095219160217194e+39	2.1932184509118808e+39	6.1142488496928875e+38	3.1171010724111664e+38	1.219297841825101e+38	6.43335725149157e+39	3.383758502813682e+39	2.1932184509118808e+39	1.4995492428385544e+39
19953.6930331079	1.1066604490045746e+41	2.010279961438476e+40	1.2790768830474427e+40	7.46350591782313e+39	5.0893325043826176e+39	2.9361977532195797e+39	8.211607469731183e+38	4.19090515126186e+38	1.6411301540431757e+38	8.571814213366482e+39	4.52280755771364e+39	2.9361977532195797e+39	2.0098456633730473e+39
20388.12484443377	1.361532789313598e+41	2.6091648156935188e+40	1.6674217544222052e+40	9.76605629850818e+39	6.672911375867596e+39	3.858550581887377e+39	1.0828173904990813e+39	5.532770430928947e+38	2.1691524292671986e+38	1.1206782842999888e+40	5.933325220245615e+39	3.858550581887377e+39	2.6444710116194885e+39
20832.602390949287	1.6349247950313308e+41	3.3162712894817266e+40	2.1296542108500356e+40	1.2525347706794915e+40	8.577491361730682e+39	4.972337862846427e+39	1.400683750118384e+39	7.166208378725245e+38	2.8132177975846275e+38	1.435961939078732e+40	7.631401470472186e+39	4.972337862846427e+39	3.412483564039763e+39
21287.403911141017	1.918007166337187e+41	4.128875063851122e+40	2.66571941501585e+40	1.574993951721367e+40	1.0812307006503605e+40	6.285146637426122e+39	1.7778708678539874e+39	9.10886557194695e+38	3.580944376140365e+38	1.8037800939854844e+40	9.626066432292405e+39	6.285146637426122e+39	4.319939309417447e+39
21752.817420467298	2.1917813063917742e+41	5.027348216926377e+40	3.265395641423351e+40	1.9392350267831952e+40	1.3349678949757142e+40	7.784151952687329e+39	2.2121796878894995e+39	1.135201525274262e+39	4.469916610804323e+38	2.21835562075607e+40	1.1893865015042586e+40	7.784151952687329e+39	5.3592659679063097e+39
22229.141139966232	2.4431308317261727e+41	5.98900076251105e+40	3.9160870811409524e+40	2.3389459111257726e+40	1.615069744122808e+40	9.449728284294155e+39	2.6993983982210202e+39	1.387649999564149e+39	5.473578695758752e+38	2.672158404244219e+40	1.44012367886219e+40	9.449728284294155e+39	6.518129806075503e+39
22716.68394741554	2.64978117670502e+41	6.969689448595388e+40	4.591854666190029e+40	2.7602428224893696e+40	1.9125776200300655e+40	1.1233712117234059e+40	3.227675525527715e+39	1.6624831122654865e+39	6.570637489025222e+38	3.1489007622707747e+40	1.7069831343914732e+40	1.1233712117234059e+40	7.764948788206228e+39
23215.76585205865	2.803489031130056e+41	7.931320625412227e+40	5.269302093119383e+40	3.1901025273667524e+40	2.218899120555516e+40	1.3088672250948423e+40	3.7848079805850665e+39	1.953679587396657e+39	7.738373893489544e+38	3.6334422644892913e+40	1.9824037111527808e+40	1.3088672250948423e+40	9.068141083859851e+39
23726.718494717763	2.8891167668463515e+41	8.816343987516894e+40	5.912467650266616e+40	3.608149762520692e+40	2.520442264876458e+40	1.4938530265009182e+40	4.3507272805684485e+39	2.2512384235790138e+39	8.938638811265558e+38	4.1021966037225575e+40	2.254386837313439e+40	1.4938530265009182e+40	1.0376623258489041e+40
24249.885674904508	3.503427386727586e+41	1.0598153411893748e+41	7.099489505334787e+40	4.3284519315393595e+40	3.022072793211018e+40	1.790157223021172e+40	5.209295152812485e+39	2.6947281580374042e+39	1.0696481042497778e+39	4.922174764110195e+40	2.7027001017016855e+40	1.790157223021172e+40	1.2431013903444736e+40
24785.623906489345	4.670972025077144e+41	1.3299540929238867e+41	8.842001766660454e+40	5.356267875354111e+40	3.7267880497533057e+40	2.199116176164534e+40	6.362520577692468e+39	3.2848639232690476e+39	1.3013457749703142e+39	6.099823085471068e+40	3.329864199822011e+40	2.199116176164534e+40	1.5238955935439734e+40
25334.303003771784	4.554207199562375e+41	1.4047845033012727e+41	9.43349591915337e+40	5.763465162076778e+40	4.0284822227205115e+40	2.3892878360452744e+40	6.965707398957507e+39	3.60557386210145e+39	1.4321028453324067e+39	6.550943901841034e+40	3.6038285401030235e+40	2.3892878360452744e+40	1.6602641390838805e+40
25896.306699877296	5.05178411225884e+41	1.5784887533855249e+41	1.0617532168287979e+41	6.495987377660424e+40	4.54391453808477e+40	2.6972520298749925e+40	7.873413124065557e+39	4.0771441559038976e+39	1.620093697185464e+39	7.3812124100039e+40	4.065746026574718e+40	2.6972520298749925e+40	1.8751146320990866e+40
26472.033299456332	4.9479857817679045e+41	1.6478034861915051e+41	1.1180976038183883e+41	6.891666503135503e+40	4.839908730477225e+40	2.885711977256824e+40	8.479525893084134e+39	4.4008375183310366e+39	1.7526369330980427e+39	7.817715438154532e+40	4.3351985644981645e+40	2.885711977256824e+40	2.0109573357490368e+40
27061.89636802663	5.069581501079304e+41	1.7530474022357413e+41	1.1959943398667594e+41	7.405915184960946e+40	5.21393646338582e+40	3.117286970647782e+40	9.197711194935574e+39	4.780185434741514e+39	1.906352433740212e+39	8.392324620943723e+40	4.673308318204586e+40	3.117286970647782e+40	2.1755761497576026e+40
27666.325460863998	4.8696956791307286e+41	1.789531256369686e+41	1.2323800535663399e+41	7.692193511050266e+40	5.438609420204576e+40	3.2670620734637367e+40	9.7080162831166e+39	5.057416782661029e+39	2.021718941111342e+39	8.701109972850929e+40	4.880235106407922e+40	3.2670620734637367e+40	2.2859654342547945e+40
28285.766872119988	4.813731810180376e+41	1.8486480750916835e+41	1.2823394613870383e+41	8.053343870900965e+40	5.712700688536597e+40	3.4442734643576253e+40	1.0290438086581685e+40	5.370642982104564e+39	2.1508593078780255e+39	9.097027216321525e+40	5.130685300992717e+40	3.4442734643576253e+40	2.4147294382413e+40
28920.684498876395	4.573595484095138e+41	1.8590911484551204e+41	1.3025664895783698e+41	8.250205771184755e+40	5.87901660401179e+40	3.56249564366541e+40	1.0723925347233068e+40	5.611015068062586e+39	2.2527904525258237e+39	9.301568557970278e+40	5.286466724672655e+40	3.56249564366541e+40	2.504444485389197e+40
29571.579908608564	4.4486514063218956e+41	1.8900494697408417e+41	1.3354049415650727e+41	8.518568995293953e+40	6.093376392465751e+40	3.7080109297752304e+40	1.1232190766977855e+40	5.889319591085697e+39	2.3694924645976526e+39	9.588754031288289e+40	5.484781627286213e+40	3.7080109297752304e+40	2.6126958073410885e+40
30240.62596825793	4.2103391843536934e+41	1.883786400423644e+41	1.3451398173246546e+41	8.658048750785549e+40	6.222932611647197e+40	3.80706184107554e+40	1.16236922875115e+40	6.110728578249238e+39	2.465061063158408e+39	9.7260679975474e+40	5.608569167627229e+40	3.80706184107554e+40	2.6902106518389436e+40
30927.553498621965	4.066685188127571e+41	1.8983406976643387e+41	1.3683493903160972e+41	8.878069327024116e+40	6.408368128777987e+40	3.939112886373873e+40	1.2111586526171292e+40	6.382179309720702e+39	2.5805874498576578e+39	9.955300427899998e+40	5.782274587515657e+40	3.939112886373873e+40	2.790645581775563e+40
31632.939404706678	3.86635423455777e+41	1.8908895484082078e+41	1.3783482868006051e+41	9.028460793756707e+40	6.550139842816496e+40	4.049010683095831e+40	1.2553801978724078e+40	6.633654065579329e+39	2.6897122419926828e+39	1.0102261635911347e+41	5.91820941140636e+40	4.049010683095831e+40	2.87723498144679e+40
32357.380749133954	3.730576072882857e+41	1.8985521352353787e+41	1.398562627812457e+41	9.243107716807096e+40	6.737976730284502e+40	4.1872386314335863e+40	1.3084521953813307e+40	6.932191834311049e+39	2.818072423015701e+39	1.0321631921210578e+41	6.095681858268353e+40	4.1872386314335863e+40	2.9839703302501943e+40
33101.81999735704	3.567087711453e+41	1.8919190182724036e+41	1.4104363980454918e+41	9.416795289179872e+40	6.901970004052689e+40	4.3150350242410515e+40	1.36043200305451e+40	7.228957402682787e+39	2.9473693348829327e+39	1.0491536517201341e+41	6.253085453499663e+40	4.3150350242410515e+40	3.085030411434385e+40
33866.74304708904	3.4425259160001643e+41	1.8938297202577852e+41	1.4286031492719565e+41	9.634418750452518e+40	7.099551986065749e+40	4.465103474903463e+40	1.420208332093663e+40	7.568763963230047e+39	3.0949135053728685e+39	1.0709702270631432e+41	6.441320610988361e+40	4.465103474903463e+40	3.202598925988147e+40
34652.89031576882	3.3111756271347104e+41	1.887839474853457e+41	1.442463846998207e+41	9.834926544399733e+40	7.289876079983888e+40	4.614663583283879e+40	1.481918577751881e+40	7.922843989715419e+39	3.2499514195628e+39	1.0905641828810502e+41	6.624333898492983e+40	4.614663583283879e+40	3.3214689941524555e+40
35461.02527345432	3.1956754469251406e+41	1.8816569969657015e+41	1.4567701371514523e+41	1.0045035064835913e+41	7.490772328107357e+40	4.773767104226661e+40	1.548297307277576e+40	8.30506877195188e+39	3.417893498370089e+39	1.1110312693964087e+41	6.817880447139961e+40	4.773767104226661e+40	3.448443577419793e+40
36291.97693945809	3.9553322765547834e+41	2.215462581150537e+41	1.6933916537881462e+41	1.1560090871073574e+41	8.577227895687982e+40	5.437103427950826e+40	1.7504594558974744e+40	9.367575498038121e+39	3.8464668272134755e+39	1.2814099255986765e+41	7.796549939725932e+40	5.437103427950826e+40	3.9167925488638456e+40
37146.48005792299	4.659321972973163e+41	2.6093355370183812e+41	1.9803129140154516e+41	1.3424545913632208e+41	9.920021810669166e+40	6.258263552287269e+40	1.9996725598578785e+40	1.067315120483735e+40	4.3709134611274296e+39	1.4905383639585032e+41	9.00697244079455e+40	6.258263552287269e+40	4.496227278082471e+40
38025.37557008812	4.4978388111712616e+41	2.61201457762022e+41	2.0083480608956214e+41	1.376608879247793e+41	1.0232632708554132e+41	6.497757963122172e+40	2.0962455904889753e+40	1.1224304261289017e+40	4.6111467226605515e+39	1.524656793071271e+41	9.305422439982445e+40	6.497757963122172e+40	4.684707792120667e+40
38929.542048320734	4.596642463675398e+41	2.7142066953153947e+41	2.1025378724496414e+41	1.450499060136371e+41	1.0819510284988333e+41	6.897170215456534e+40	2.237984489620111e+40	1.2006347424623165e+40	4.9418663756729844e+39	1.604146607638825e+41	9.848298758540963e+40	6.897170215456534e+40	4.983137052613867e+40
39859.97721444509	4.423507514441672e+41	2.6945164713350038e+41	2.117025611379728e+41	1.4783178548956757e+41	1.1099017112756712e+41	7.126623395204712e+40	2.337223445095504e+40	1.2583183445635212e+40	5.197467565201767e+39	1.6304394301280858e+41	1.0120272143526635e+41	7.126623395204712e+40	5.16899022530444e+40
40817.391505277374	4.407805971806616e+41	2.738242893040038e+41	2.1742964324889274e+41	1.532337303577482e+41	1.1561950402137586e+41	7.465166853295225e+40	2.4685040071734875e+40	1.332648831611071e+40	5.519481087850657e+39	1.6864966763513932e+41	1.0556425758681705e+41	7.465166853295225e+40	5.430811373313551e+40
41803.357880530624	4.231637868256648e+41	2.6953190291161835e+41	2.1728978606021277e+41	1.5516239202681563e+41	1.1790977767812437e+41	7.6735693229671875e+40	2.567373948157482e+40	1.3914410970482383e+40	5.78527492739304e+39	1.7026395089963525e+41	1.0786022104583468e+41	7.6735693229671875e+40	5.606361652871788e+40
42817.4660515107	4.162918167601852e+41	2.7001116638002424e+41	2.2045118600774916e+41	1.5917282965119328e+41	1.2168700241407052e+41	7.972809590273587e+40	2.6942921351121836e+40	1.465094119486326e+40	6.111610957144675e+39	1.7422563303537744e+41	1.114950984494474e+41	7.972809590273587e+40	5.846235849881283e+40
43860.31731572389	4.011054073079824e+41	2.649069306455363e+41	2.196790435982271e+41	1.6080525733107666e+41	1.2385752263490718e+41	8.183268894776073e+40	2.800126980944875e+40	1.528981966942665e+40	6.404392684733365e+39	1.754635485267224e+41	1.1371178882172105e+41	8.183268894776073e+40	6.027873730208872e+40
44934.06836711469	3.914066941581878e+41	2.6230209560159767e+41	2.206243823006719e+41	1.635320019193145e+41	1.2682266783376263e+41	8.443759814270959e+40	2.922538519581235e+40	1.6019213815707503e+40	6.73527921907055e+39	1.779300479232277e+41	1.1664832746754424e+41	8.443759814270959e+40	6.245730837399977e+40
46039.406889665464	3.779131050745885e+41	2.5622154914888783e+41	2.189519965965902e+41	1.6461291411707874e+41	1.2866403403391326e+41	8.642318776974876e+40	3.0311230201422123e+40	1.668800377891526e+40	7.047248772506089e+39	1.7852450430776598e+41	1.1859193182720112e+41	8.642318776974876e+40	6.423421747484109e+40
47177.24658307886	3.667451774380616e+41	2.512152570080505e+41	2.1803901913735863e+41	1.662236787154834e+41	1.3092324966023026e+41	8.870454776444732e+40	3.151711374229088e+40	1.742705353374821e+40	7.390861972659145e+39	1.7969769148736734e+41	1.2092400801953454e+41	8.870454776444732e+40	6.624109680404752e+40
48349.25730623875	4.5924261219557766e+41	3.112897964795278e+41	2.650444169856916e+41	1.986860217637338e+41	1.5507495731422234e+41	1.0401433540571533e+41	3.6416272044372904e+40	2.0039287031278107e+40	8.458753668920441e+39	2.156134998438746e+41	1.4288396934729391e+41	1.0401433540571533e+41	7.725499822310467e+40
49556.58091172115	4.8667683988845735e+41	3.3551557185927356e+41	2.877150891691872e+41	2.1666976889380235e+41	1.6942213133283408e+41	1.138103544622771e+41	3.9896119955698345e+40	2.1957888025017845e+40	9.269100184821354e+39	2.3491702147883217e+41	1.5616810423170663e+41	1.138103544622771e+41	8.458103932294679e+40
50800.93219623444	5.167536282900993e+41	3.544626910980705e+41	3.047978148430662e+41	2.302842212389564e+41	1.804439032344154e+41	1.2152687736249687e+41	4.2782807627970927e+40	2.358234509809589e+40	9.970181149795034e+39	2.4947613024708125e+41	1.6642660943951011e+41	1.2152687736249687e+41	9.045084453031713e+40
52083.64168863735	6.1076793942409094e+41	4.0592282919251304e+41	3.4518062537060105e+41	2.5870983120455327e+41	2.0195339317689177e+41	1.354991226418798e+41	4.746954229694912e+40	2.6127959520665094e+40	1.1031514039867762e+40	2.8074681127574917e+41	1.8608864197797544e+41	1.354991226418798e+41	1.0066125487533374e+41
53405.66674592292	1.0307703431818623e+42	6.1553081507903326e+41	4.951395416063872e+41	3.544732512224621e+41	2.7018278579269595e+41	1.7665406102341705e+41	5.9650689797369745e+40	3.24463423045886e+40	1.3542327040159655e+40	3.886118103232702e+41	2.474008404390748e+41	1.7665406102341705e+41	1.2945876842468279e+41
54769.20010452109	2.0900618692460474e+42	1.048277781297087e+42	7.923906623621405e+41	5.37443973857178e+41	3.978366071262306e+41	2.5176316291269976e+41	8.098768056624945e+40	4.3346839628161403e+40	1.7804896483016632e+40	5.964706415321149e+41	3.614487404795136e+41	2.5176316291269976e+41	1.8127027991913355e+41
56176.805810859725	4.4897997865090117e+42	1.772689732131919e+42	1.2671395827733603e+42	8.186136998596487e+41	5.901398304803441e+41	3.625293360282584e+41	1.115333050468895e+41	5.880611793145962e+40	2.3795649889954654e+40	9.186283204071874e+41	5.3236536127022175e+41	3.625293360282584e+41	2.5683619675433458e+41
57630.42520842274	7.977284108396482e+42	2.5834782092193505e+42	1.7839832741574556e+42	1.1184115587561385e+42	7.932204436332651e+41	4.784499848178068e+41	1.4320363124899785e+41	7.480628825244407e+40	2.999001880562149e+40	1.2636448954577827e+42	7.1243810535317e+41	4.784499848178068e+41	3.356008103832212e+41
59132.94695580189	1.6909007798951607e+43	4.152878737114497e+42	2.7511602132384805e+42	1.663223289594638e+42	1.1564177076726807e+42	6.820476962223749e+41	1.9729846328224303e+41	1.0187132437976914e+41	4.0364421434747987e+40	1.894823225431659e+42	1.0331014863214138e+42	6.820476962223749e+41	4.72565493767135e+41
60689.207052205515	3.2969869020417083e+43	5.914743927710755e+42	3.811257698568559e+42	2.2500727626243528e+42	1.5445405754168533e+42	8.979899498512964e+41	2.542099365439027e+41	1.3029553370672347e+41	5.124666910112438e+40	2.577190253373405e+42	1.3751077966722063e+42	8.979899498512964e+41	6.17340717190626e+41
62302.15640534319	6.56463327069948e+43	8.330379916460777e+42	5.2328248072486885e+42	3.0220895354934494e+42	2.049873740597485e+42	1.175943253874437e+42	3.2627510485217572e+41	1.6610730746515713e+41	6.489399483778059e+40	3.478769464482976e+42	1.819169948519422e+42	1.175943253874437e+42	8.025569714461077e+41
63972.452957034904	1.1651865773424025e+44	1.1314751221732834e+43	6.990326976995093e+42	3.979333624506173e+42	2.67797995370963e+42	1.5225577311943335e+42	4.165860524440956e+41	2.1103942688917725e+41	8.202783199612405e+40	4.595712021006966e+42	2.3715282677433335e+42	1.5225577311943335e+42	1.033961187980398e+42
65703.42364990187	1.8921034645983736e+44	1.4788588007697904e+43	9.011945324506211e+42	5.069179169705957e+42	3.389160210626535e+42	1.9126560849260187e+42	5.17393372893607e+41	2.6107726824994416e+41	1.0107144698713296e+41	5.870338635749635e+42	2.996027360010263e+42	1.9126560849260187e+42	1.2935777883436194e+42
67499.80999983325	2.5756456091160358e+44	1.7418448964848635e+43	1.0555437769287233e+43	5.908849648303587e+42	3.940203145770369e+42	2.2170577041796327e+42	5.970245626485193e+41	3.0078825535307794e+41	1.1625998631858247e+41	6.85020614398242e+42	3.4806914623267693e+42	2.2170577041796327e+42	1.4970129695480393e+42
69364.3129941792	3.560744819058716e+44	2.113180378157223e+43	1.2715395657879422e+43	7.073971489354517e+42	4.7010812787920486e+42	2.6349372098219875e+42	7.053100604421956e+41	3.546031186317446e+41	1.3676914124711801e+41	8.212566738803691e+42	4.1490040587472236e+42	2.6349372098219875e+42	1.7753605646460295e+42
71297.12938875756	6.149027669129292e+44	2.7417708386022606e+43	1.6318593539345448e+43	8.992351545629112e+42	5.944733639653518e+42	3.312200864182307e+42	8.784700282103071e+41	4.4024835108299845e+41	1.6924815135692025e+41	1.0462464548790585e+43	5.239176692501449e+42	3.312200864182307e+42	2.2243440198901506e+42
73302.55777414756	8.889486848230653e+44	3.3370361013249886e+43	1.9739546636167428e+43	1.0818646023009457e+43	7.130690044180816e+42	3.9594064510448007e+42	1.0445530871493335e+42	5.2250856819005435e+41	2.004902959896926e+41	1.2602952672867752e+43	6.279275518597678e+42	3.9594064510448007e+42	2.6539388695173814e+42
75382.73062958667	1.096008878877003e+45	3.803887104701747e+43	2.2450575854072444e+43	1.2280358201419502e+43	8.085403401131981e+42	4.484021315743145e+42	1.1807125838631564e+42	5.9022822292522224e+41	2.2632200202852554e+41	1.431214770970328e+43	7.117919396725353e+42	4.484021315743145e+42	3.003543182825967e+42
77544.96419402557	1.3754899855709114e+45	4.316531658946116e+43	2.5419875150735735e+43	1.3878401057317035e+43	9.128292003160293e+42	5.0566307380464175e+42	1.329191545774177e+42	6.640578742402159e+41	2.5447902709771784e+41	1.6181468664774544e+43	8.033831431941017e+42	5.0566307380464175e+42	3.3849885380055526e+42
79792.61517217786	1.6394001755658562e+45	4.645304566830807e+43	2.731556136068572e+43	1.489421607965114e+43	9.789685171305212e+42	5.41901364160809e+42	1.4231964400694553e+42	7.109126849755001e+41	2.7242791770208836e+41	1.737091286373747e+43	8.614363423080476e+42	5.41901364160809e+42	3.626245997507754e+42
82130.59361704091	2.2006304950869304e+45	5.581772424545532e+43	3.2725372878644534e+43	1.7799129288039234e+43	1.1682988536238438e+43	6.456819422762612e+42	1.691273394827846e+42	8.439320966902253e+41	3.230155389337496e+41	2.077072047383147e+43	1.0276532710139888e+43	6.456819422762612e+42	4.316811498599924e+42
84563.38905023171	2.4654625161560458e+45	6.044873682710414e+43	3.545923775597779e+43	1.9296281472998059e+43	1.2669705795388736e+43	7.004820808586713e+42	1.8359655521903377e+42	9.163390978016209e+41	3.5081080700223125e+41	2.2514979704997943e+43	1.1145453982431657e+43	7.004820808586713e+42	4.684216240004989e+42
87088.68083011272	2.8924068564418716e+45	6.712993453612e+43	3.9341649181154167e+43	2.139275308232227e+43	1.4040681466751654e+43	7.759487659987742e+42	2.0325340295022368e+42	1.0142548908501515e+42	3.8822721715424015e+41	2.496536414365271e+43	1.235020977898014e+43	7.759487659987742e+42	5.187703647960056e+42
89717.9795270605	3.181592415653932e+45	7.4222584731715e+43	4.350552656657911e+43	2.3657388989928113e+43	1.5526418758059427e+43	8.579827152760228e+42	2.2469256040325198e+42	1.121128566778576e+42	4.290878793326796e+41	2.760836139797967e+43	1.3656840644183224e+43	8.579827152760228e+42	5.735770071938956e+42
92459.96858634011	3.5636824900761277e+45	8.184880057486496e+43	4.796926136103426e+43	2.6080629103881212e+43	1.7115070353879758e+43	9.45649692044567e+42	2.475961448314941e+42	1.2353065625189708e+42	4.72746502001285e+41	3.043747842921789e+43	1.5053758566437983e+43	9.45649692044567e+42	6.3213561716554e+42
95319.5362085753	3.7527650514986043e+45	8.794297328086841e+43	5.160508567248557e+43	2.8089178180872387e+43	1.8444899009879078e+43	1.0198742531959171e+43	2.6733324801339804e+42	1.3342942992247611e+42	5.1082482027815624e+41	3.277298826400959e+43	1.6226244726263095e+43	1.0198742531959171e+43	6.820302375444929e+42
98302.75856224178	3.864571457954836e+45	9.605378888673133e+43	5.638094594405794e+43	3.0695981657686893e+43	2.0159155858634235e+43	1.1148114309933245e+43	2.9227674781869024e+42	1.4588878470240616e+42	5.585618528169193e+41	3.5812589094922653e+43	1.7734879975003923e+43	1.1148114309933245e+43	7.455725909430618e+42
101413.13954915064	3.8712411473587495e+45	9.477582095736631e+43	5.576602191523308e+43	3.042622764091954e+43	2.00059918174566e+43	1.1079170983412771e+43	2.912059971571633e+42	1.455118125996668e+42	5.578356986927533e+41	3.548042886984704e+43	1.76059603576854e+43	1.1079170983412771e+43	7.415841122947432e+42
104664.04776665113	3.7898329675081486e+45	9.830504405634217e+43	5.792676222894257e+43	3.164588413610968e+43	2.082291372056571e+43	1.1541258314208598e+43	3.0378322906113676e+42	1.5188402755191222e+42	5.8265298804968955e+41	3.689177231596446e+43	1.83284877977226e+43	1.1541258314208598e+43	7.728872177335754e+42
108060.16797467363	3.437655286716687e+45	9.549342525689807e+43	5.649511432004368e+43	3.09754782318141e+43	2.0423507429434523e+43	1.1347119072390246e+43	2.998782276958584e+42	1.501670380805359e+42	5.7707299605570706e+41	3.6080073917447044e+43	1.7987045303786098e+43	1.1347119072390246e+43	7.609372990342311e+42
111611.19245871545	2.990939606750235e+45	1.0064662832702591e+44	5.986501192061015e+43	3.2980849935219557e+43	2.1803406385237733e+43	1.2149941198683238e+43	3.2246906967588806e+42	1.616822072636337e+42	6.219822531600728e+41	3.837372531276581e+43	1.9216046378519952e+43	1.2149941198683238e+43	8.160796525137947e+42
115326.42607716867	2.5387260150633087e+45	1.0321273375283216e+44	6.162029981555343e+43	3.405788980373929e+43	2.2555315389326137e+43	1.2594140860020244e+43	3.352737012072074e+42	1.6827252323807018e+42	6.4797483947894165e+41	3.9597692063123304e+43	1.9888223270415036e+43	1.2594140860020244e+43	8.468447807009468e+42
119217.17409627455	2.1064482610651092e+45	1.0281728333779556e+44	6.165292251358158e+43	3.4206576151465656e+43	2.2701582255367787e+43	1.270630800967315e+43	3.3952017092069195e+42	1.7062399206325094e+42	6.5789183929246015e+41	3.9735812352875375e+43	2.002862551233538e+43	1.270630800967315e+43	8.555246475826531e+42
123295.7045777683	1.7661918183190575e+45	1.0376504318055814e+44	6.245528455963392e+43	3.4762314762282484e+43	2.3109958871710016e+43	1.295966741106673e+43	3.472826085937917e+42	1.7469153658703644e+42	6.7420856338965516e+41	4.035234871434999e+43	2.0398273318977636e+43	1.295966741106673e+43	8.734915104263159e+42
127575.41028621123	1.476549576792948e+45	1.0494681477381651e+44	6.3465530505475855e+43	3.546156889229793e+43	2.362244676207104e+43	1.327608537806756e+43	3.5685451317056483e+42	1.7967374754804072e+42	6.940239683344979e+41	4.1128610084447197e+43	2.0861712339301413e+43	1.327608537806756e+43	8.958479670871922e+42
132070.85275062686	1.1772713704320963e+45	1.0054723077348863e+44	6.121897846978182e+43	3.4399335154884316e+43	2.2983020839126537e+43	1.2959110939615323e+43	3.500283887161641e+42	1.7652418088706778e+42	6.8297111633241364e+41	3.984642825679502e+43	2.031303561981049e+43	1.2959110939615323e+43	8.760038705494337e+42
136724.8150435	1.0068174860452499e+45	9.568526852953586e+43	5.865379193661877e+43	3.315173690461081e+43	2.2220494864389673e+43	1.257465102967377e+43	3.4153861275491635e+42	1.7257440171894912e+42	6.68996730492428e+41	3.8350089594930204e+43	1.965606090020211e+43	1.257465102967377e+43	8.517134390482779e+42
141542.7772491693	9.115153583854266e+44	9.234678126652783e+43	5.692548833078542e+43	3.23333024666272e+43	2.1730543321283385e+43	1.233525931832052e+43	3.366347897613364e+42	1.7037904000394833e+42	6.6160649044465156e+41	3.736140248856528e+43	1.92367102459933e+43	1.233525931832052e+43	8.369216445404373e+42
146530.53138221745	8.351982980182244e+44	8.969797686398226e+43	5.557963242681461e+43	3.171354872647137e+43	2.1367949009118671e+43	1.2164485663965144e+43	3.3346451253476364e+42	1.690385851590753e+42	6.5745051842500075e+41	3.6606937677959443e+43	1.8928692693827652e+43	1.2164485663965144e+43	8.266565286014138e+42
151694.0747693341	7.556701039509208e+44	8.694946334125737e+43	5.417027327791296e+43	3.10588401635732e+43	2.0982833896120795e+43	1.1981817828854333e+43	3.3002087880531365e+42	1.675705566583917e+42	6.5284500999283524e+41	3.5811587180282794e+43	1.8601030161753873e+43	1.1981817828854333e+43	8.156254833622969e+42
157039.61731113706	6.845755730858312e+44	8.504381775832709e+43	5.324304633720328e+43	3.065970325572089e+43	2.07628862889281e+43	1.1888747199019349e+43	3.288542668089465e+42	1.6722662038656868e+42	6.524950490817204e+41	3.5316323560443876e+43	1.8418021374008787e+43	1.1888747199019349e+43	8.105210980917469e+42
162573.58905084728	6.241080956180984e+44	8.418566433419387e+43	5.294753369167396e+43	3.061067390723568e+43	2.0774502701948668e+43	1.1924394532453272e+43	3.310608582431107e+42	1.685606829549991e+42	6.585332255424109e+41	3.522808226128127e+43	1.8439041881973625e+43	1.1924394532453272e+43	8.140355810783711e+42
168302.64802139613	5.823562975587513e+44	8.47355499917648e+43	5.349997959860489e+43	3.102834441780242e+43	2.1092913760626286e+43	1.2129112902519005e+43	3.3763239741772935e+42	1.7205546591333552e+42	6.72761104409031e+41	3.5683535775744646e+43	1.8729861118133938e+43	1.2129112902519005e+43	8.288112772950616e+42
174233.68841609312	5.513951889130705e+44	8.507539349002107e+43	5.393380941942022e+43	3.138486419778374e+43	2.137271581524902e+43	1.231362963490662e+43	3.4373391454959746e+42	1.7532857191544173e+42	6.861975798382374e+41	3.606662035469104e+43	1.8987120351518022e+43	1.231362963490662e+43	8.422848968581466e+42
180373.84901877298	5.356401334416342e+44	8.505308495597146e+43	5.413500598367727e+43	3.1609925947437396e+43	2.156584096592661e+43	1.2450711458058072e+43	3.486533990356306e+42	1.7802847009424533e+42	6.975176703057507e+41	3.6297117839875914e+43	1.9168202617629365e+43	1.2450711458058072e+43	8.526272954386386e+42
186730.52197129125	5.1350116248692544e+44	8.380566165828777e+43	5.361726991029601e+43	3.1449518821674584e+43	2.1509626067361488e+43	1.2453144555129825e+43	3.5022189089647916e+42	1.7909385065614992e+42	7.027429714735015e+41	3.607571233872501e+43	1.913102348886542e+43	1.2453144555129825e+43	8.541107387059776e+42
193311.36173118633	4.95758981856342e+44	8.226266729375387e+43	5.2908932068859665e+43	3.118143405450251e+43	2.1382550511460363e+43	1.2416957526780219e+43	3.508392396046102e+42	1.7970082591356802e+42	7.062888860932837e+41	3.5729271905194213e+43	1.9031616052200462e+43	1.2416957526780219e+43	8.530533292113425e+42
200124.2944244321	4.62820062761807e+44	7.893530203716247e+43	5.113797002182805e+43	3.0336142717535713e+43	2.0879429529577053e+43	1.2176041421528666e+43	3.462970291938405e+42	1.7777998271980916e+42	7.00366084756748e+41	3.470815367454605e+43	1.860239788398179e+43	1.2176041421528666e+43	8.384655276672302e+42
207177.52738550855	4.355893742014194e+44	7.608971987124451e+43	4.961456142010411e+43	2.9611078872186506e+43	2.045089458731895e+43	1.1974149483517956e+43	3.427220463333466e+42	1.763376132954307e+42	6.9627002781943375e+41	3.3830885069623317e+43	1.8237869513406848e+43	1.1974149483517956e+43	8.264237024811262e+42
214479.55919175688	4.02102204306129e+44	7.217615308095591e+43	4.741272880145935e+43	2.849952633452291e+43	1.9764909544693967e+43	1.1629049947292478e+43	3.3544900051745555e+42	1.7307318354490318e+42	6.85320831666234e+41	3.2506392768483865e+43	1.7646301962462943e+43	1.1629049947292478e+43	8.048221226487476e+42
222039.18994025356	3.764572412461893e+44	6.970814980167872e+43	4.602573849961976e+43	2.78120299230311e+43	1.934986859457647e+43	1.1428989536894813e+43	3.317916906825456e+42	1.7158326532614914e+42	6.810535116670661e+41	3.168208115543068e+43	1.729127970086091e+43	1.1428989536894813e+43	7.927459061922694e+42
229865.53201603165	3.5037243259069183e+44	6.684160124101826e+43	4.4333855732444137e+43	2.692715789998516e+43	1.8795544232161342e+43	1.1147058822025099e+43	3.25882393631176e+42	1.6896649133548545e+42	6.724962453903294e+41	3.063535508593644e+43	1.6811679927407177e+43	1.1147058822025099e+43	7.750621057124984e+42
237968.02115567506	3.2987367714707424e+44	6.589098236406392e+43	4.3776702899970943e+43	2.665234949672408e+43	1.86361807319267e+43	1.107882694180027e+43	3.253390252418666e+42	1.6898269741993207e+42	6.738372699359408e+41	3.0303562777863506e+43	1.667792029240341e+43	1.107882694180027e+43	7.714675777322599e+42
246356.427973357	3.0858397036607326e+44	6.489118066364115e+43	4.3136189050867873e+43	2.629866244066106e+43	1.8412188967304762e+43	1.0967136487875159e+43	3.234084488675834e+42	1.682785731860291e+42	6.7235127865518055e+41	2.988910154124935e+43	1.6484291248481095e+43	1.0967136487875159e+43	7.647096892911515e+42
255040.86982323686	2.884125847878715e+44	6.51081521354268e+43	4.326283825286104e+43	2.6368439273362043e+43	1.846318714775073e+43	1.1003411180263674e+43	3.2511104859733326e+42	1.693400168531479e+42	6.774384104122856e+41	2.9969104054306007e+43	1.6531331947695105e+43	1.1003411180263674e+43	7.676438968649303e+42
264031.823111773	2.7123933987102545e+44	6.742774125396196e+43	4.484844310732797e+43	2.731449863813014e+43	1.9109627054905216e+43	1.1376174164742203e+43	3.356301050364189e+42	1.7476233898647236e+42	6.989975190394191e+41	3.1052889076891523e+43	1.7105775709331566e+43	1.1376174164742203e+43	7.931803220437856e+42
273340.13606749394	2.556106756359271e+44	6.958349411105696e+43	4.646049694960173e+43	2.8326255403369876e+43	1.9811872202729345e+43	1.1783787702051717e+43	3.4700891845246e+42	1.805834349026251e+42	7.21951129613961e+41	3.2201402016913097e+43	1.773146648650282e+43	1.1783787702051717e+43	8.21067429323052e+42
282977.04194387514	2.4142548706920117e+44	7.234647741236561e+43	4.872464615809073e+43	2.9864548851328163e+43	2.0923376099237152e+43	1.2454084411799833e+43	3.662882569542083e+42	1.90434463061425e+42	7.604776189142845e+41	3.3916987966591837e+43	1.8731749891020077e+43	1.2454084411799833e+43	8.676495437404915e+42
292954.1726934693	2.283493197937896e+44	7.53074099215448e+43	5.133528295510046e+43	3.1767680676269116e+43	2.235845130233575e+43	1.3364325266397145e+43	3.943851525385995e+42	2.050462667767878e+42	8.182930950934362e+41	3.600387719003849e+43	2.0038716449650569e+43	1.3364325266397145e+43	9.326594520897928e+42
303283.5731232657	2.1611185542960376e+44	7.405132277539745e+43	5.077255075787739e+43	3.157387738136254e+43	2.227978236953314e+43	1.335475474303439e+43	3.9558742223479873e+42	2.0588817388014828e+42	8.22437272916846e+41	3.574484173870972e+43	1.998188107784481e+43	1.335475474303439e+43	9.333438221705923e+42
313977.7155490899	2.045041578863605e+44	7.277215882129793e+43	5.019615803693033e+43	3.137509361940244e+43	2.2200062488194787e+43	1.33473990311869e+43	3.9713134314360697e+42	2.069791667791719e+42	8.278038055480402e+41	3.547897303978898e+43	1.992490238487081e+43	1.33473990311869e+43	9.343566233677315e+42
325049.5149668802	1.9343617892981274e+44	7.145740686831429e+43	4.95979462666961e+43	3.1165928354568554e+43	2.2114711497571671e+43	1.3338077261725237e+43	3.987220062461502e+42	2.0813530205899392e+42	8.337114003538277e+41	3.520037288833018e+43	1.986333456007276e+43	1.3338077261725237e+43	9.352987864557868e+42
336512.3447606588	1.828718030005276e+44	7.010209703898326e+43	4.897419002203562e+43	3.094404358142382e+43	2.2022104786240137e+43	1.3325806616883454e+43	4.003019098286775e+42	2.0930229095317086e+42	8.39757076932775e+41	3.4906386173941322e+43	1.9795726090612534e+43	1.3325806616883454e+43	9.360955453293725e+42
348380.05296671996	1.7278303169466385e+44	6.870239672092112e+43	4.832173364286201e+43	3.07073567200076e+43	2.1920777444925653e+43	1.33097391058381e+43	4.018485247960931e+42	2.1046799851683165e+42	8.458662125009499e+41	3.459466949977327e+43	1.9720769997352366e+43	1.33097391058381e+43	9.3668962223034e+42
360666.97911367385	1.6314214966903618e+44	6.725426971923238e+43	4.763720531686394e+43	3.0453617775785126e+43	2.180913765341087e+43	1.3288947317284321e+43	4.033373946096597e+42	2.1162048861101913e+42	8.519945426843936e+41	3.4262697265791734e+43	1.9637043880513073e+43	1.3288947317284321e+43	9.370181716742889e+42
373387.97165868845	1.5392126583677368e+44	6.575331350124943e+43	4.691690643335596e+43	3.018034187807525e+43	2.1685420089705179e+43	1.3262397482592507e+43	4.047410079173479e+42	2.1274628533289397e+42	8.580922137020044e+41	3.390768480857134e+43	1.9542968447991298e+43	1.3262397482592507e+43	9.37010926839504e+42
386558.4060409958	1.450929227664101e+44	6.419482885268182e+43	4.615683802613338e+43	2.988481493623625e+43	2.1547686312152402e+43	1.322894767743064e+43	4.0602868558462785e+42	2.138303070065828e+42	8.641032082903745e+41	3.3526597434656945e+43	1.9436807068404638e+43	1.322894767743064e+43	9.365900119166297e+42
400194.2033744843	1.3663087859159366e+44	6.257398154476287e+43	4.53527835582063e+43	2.9564130059590334e+43	2.1393845112883125e+43	1.3187356811009337e+43	4.0716673567065564e+42	2.1485593271636076e+42	8.699655668801939e+41	3.311619542161749e+43	1.9316682812534481e+43	1.3187356811009337e+43	9.356704636093535e+42
414311.84980197623	1.285109071832606e+44	6.088603774245974e+43	4.450043903591763e+43	2.92152506173039e+43	2.1221690393701632e+43	1.3136303198086288e+43	4.081188500069824e+42	2.1580518725437107e+42	8.7561205331072e+41	3.267310997455435e+43	1.9180610887417696e+43	1.3136303198086288e+43	9.341613863122629e+42
428928.4165346092	1.207115203358055e+44	5.912665707778138e+43	4.359558263233325e+43	2.8835096408390626e+43	2.1028954476322036e+43	1.3074411683219997e+43	4.088467192193824e+42	2.166590334402624e+42	8.809712242733846e+41	3.2193945836197877e+43	1.902654467638479e+43	1.3074411683219997e+43	9.319676759760831e+42
444061.580600588	1.132145302016676e+44	5.729222094160445e+43	4.263427195042992e+43	2.842064712894964e+43	2.0813373246145595e+43	1.3000287447829101e+43	4.093108212446211e+42	2.1739774997387688e+42	8.859688210293472e+41	3.167540360015276e+43	1.8852432265749316e+43	1.3000287447829101e+43	9.289921916450751e+42
459729.64632846153	1.0600539251726913e+44	5.538016962699579e+43	4.161305434362241e+43	2.7969055722828112e+43	2.057275844901779e+43	1.2912554022450736e+43	4.0947132235570276e+42	2.1800136501296338e+42	8.905293716925225e+41	3.1114412935741326e+43	1.8656279383760527e+43	1.2912554022450736e+43	9.251382127658982e+42
475951.56759099814	9.907330030629406e+43	5.338932148812147e+43	4.0529174994995033e+43	2.747776366600693e+43	2.0305072069927444e+43	1.280989279199767e+43	4.092890230853087e+42	2.1845011232215465e+42	8.945778795041e+41	3.050826734099496e+43	1.8436214326040811e+43	1.280989279199767e+43	9.20312004144793e+42
492746.9708366867	9.241102844051385e+43	5.132014989146567e+43	3.938076857627463e+43	2.694461070116673e+43	2.0008497988034176e+43	1.2691081406717203e+43	4.087262839897014e+42	2.187248780132215e+42	8.980414766903954e+41	2.985475161789358e+43	1.8190550666448239e+43	1.2691081406717203e+43	9.144253180670486e+42
510136.1789368762	8.601455670567737e+43	4.917499855230637e+43	3.8167022779993294e+43	2.6367932761327803e+43	1.968150686894464e+43	1.2555028914550411e+43	4.077478759512944e+42	2.1880761063071278e+42	9.008509411144533e+41	2.9152254719449524e+43	1.7917844218549396e+43	1.2555028914550411e+43	9.073976892971375e+42
528140.2358775829	7.988251935194705e+43	4.695822183048896e+43	3.6888305241470556e+43	2.5746643480110503e+43	1.9322911316588704e+43	1.24008060006479e+43	4.063217139072096e+42	2.186816742748884e+42	9.029419989136311e+41	2.839986257576857e+43	1.7616941640307183e+43	1.24008060006479e+43	8.991584161470878e+42
546780.9323260459	7.401554079146503e+43	4.467624274081851e+43	3.554624876292084e+43	2.5080296464808193e+43	1.893190945681664e+43	1.2227669344181446e+43	4.0441944865526946e+42	2.1833213219010294e+42	9.04256365371624e+41	2.759742759666356e+43	1.7287019081917018e+43	1.2227669344181446e+43	8.89648162072047e+42
566080.8321031866	6.841552016461518e+43	4.2337527098044023e+43	3.414379287789383e+43	2.436912715919125e+43	1.8508116199130477e+43	1.2035079690919938e+43	4.020169064093768e+42	2.1774595563820562e+42	9.047425040916563e+41	2.674561348388565e+43	1.6927610219792716e+43	1.2035079690919938e+43	8.788201513133777e+42
586063.2995942456	6.308492320874368e+43	3.9952476926054967e+43	3.2685182368800073e+43	2.361407448194224e+43	1.8051582311660456e+43	1.1822713730623712e+43	3.990943784450452e+42	2.169121591272622e+42	9.043561081071645e+41	2.5845915577859334e+43	1.6538623801215414e+43	1.1822713730623712e+43	8.666409648300582e+42
606752.5281310105	5.802613027873996e+43	3.7533249855818215e+43	3.1175925260810914e+43	2.281678342193e+43	1.7562802097297457e+43	1.1590470232037272e+43	3.956367727111072e+42	2.1582186778649496e+42	9.03060324406465e+41	2.4900658130692275e+43	1.612035139926464e+43	1.1590470232037272e+43	8.530909671631836e+42
628173.5693802356	5.324087674909511e+43	3.50935137534599e+43	2.962271407242347e+43	2.1979590399355199e+43	1.7042710870075918e+43	1.1338471120412183e+43	3.916336455260158e+42	2.1446832578606274e+42	9.008257551341277e+41	2.391297063733039e+43	1.567346644065403e+43	1.1338471120412183e+43	8.381644106094657e+42
650352.3637740657	4.872980847396503e+43	3.2648147425505695e+43	2.803331480385123e+43	2.1105493508226957e+43	1.6492673627860915e+43	1.1067058296703658e+43	3.8707913474302423e+42	2.128468563477533e+42	8.976302750297884e+41	2.288674572595591e+43	1.5199015743459874e+43	1.1067058296703658e+43	8.218692710057577e+42
673315.7720195409	4.449216216240207e+43	3.021289915687728e+43	2.641642842399397e+43	2.019810980962706e+43	1.5914466342884566e+43	1.0776787016057541e+43	3.819718165978972e+42	2.1095478434342447e+42	8.934587064611092e+41	2.182658118927062e+43	1.4698404824486335e+43	1.0776787016057541e+43	8.042268709891956e+42
697091.6077255529	4.052556958948682e+43	2.7804015266898233e+43	2.4781529622331064e+43	1.9261621725775822e+43	1.5310251195625862e+43	1.0468416592314687e+43	3.763145075007149e+42	2.0879133205354984e+42	8.883023919099449e+41	2.073770862341089e+43	1.4173378150583755e+43	1.0468416592314687e+43	7.852713435228059e+42
721708.6711869753	3.6825976120109026e+43	2.5437850992500726e+43	2.31386874516764e+43	1.8300714363041935e+43	1.4682546904945266e+43	1.0142899098727926e+43	3.701140298876465e+42	2.0635749764721257e+42	8.821587000653582e+41	1.962591091440408e+43	1.3625995353769811e+43	1.0142899098727926e+43	7.650489823146699e+42
747196.7843670765	3.3387658249774307e+43	2.313047595143205e+43	2.1498372308547962e+43	1.7320505330963447e+43	1.4034195098818702e+43	9.801366614366133e+42	3.633809584446075e+42	2.0365592461103992e+42	8.750304967587224e+41	1.8497430546983903e+43	1.3058604241806272e+43	9.801366614366133e+42	7.436175179143521e+42
773586.8271207667	3.0203321603442807e+43	2.0897286261754724e+43	1.9871253552137447e+43	1.6326468371054993e+43	1.336832345577969e+43	9.445117436608576e+42	3.5612935994164016e+42	2.0069076888953937e+42	8.669256065678974e+41	1.7358870461405645e+43	1.2473811240309567e+43	9.445117436608576e+42	7.210453497718808e+42
800910.7747027274	2.7264259710102985e+43	1.8752635104428935e+43	1.8267991992584124e+43	1.5324351897541498e+43	1.2688306149624207e+43	9.075601554243583e+42	3.483765368522939e+42	1.9746756903982897e+42	8.578562855362733e+41	1.621708898875415e+43	1.1874449718935787e+43	9.075601554243583e+42	6.974107561328623e+42
829201.7366060154	2.456055442197728e+43	1.67094930808749e+43	1.6699031501489203e+43	1.4320093406197178e+43	1.19977219659158e+43	8.69440556171468e+42	3.401427820836403e+42	1.9399312335243403e+42	8.478387204882235e+41	1.507909027972609e+43	1.126354649740548e+43	8.69440556171468e+42	6.728010958748726e+42
858493.9967783387	2.2081300573137222e+43	1.4779149066641622e+43	1.5174394097858074e+43	1.3319730636104936e+43	1.1300310335939861e+43	8.303237096619878e+42	3.3145114957594035e+42	1.902753766784734e+42	8.368925659953658e+41	1.395191161329868e+43	1.0644286703752747e+43	8.303237096619878e+42	6.473120094719112e+42
888823.0552648695	1.9814839928921e+43	1.2970961323106229e+43	1.3703483014979054e+43	1.232931037865225e+43	1.0599925459434986e+43	7.903908803731307e+42	3.223272433303144e+42	1.8632331867367386e+42	8.250405263184022e+41	1.2842509032941665e+43	1.001997707397481e+43	7.903908803731307e+42	6.210466204500438e+42
920225.6713281735	1.7748992274012325e+43	1.1292167321828328e+43	1.2294898407838603e+43	1.1354795911383189e+43	9.900488661203697e+42	7.498321769368649e+42	3.1279902554942156e+42	1.821468943005544e+42	8.123079865382607e+41	1.1757642895819174e+43	9.394007739165686e+42	7.498321769368649e+42	5.941147339195438e+42
952739.9080976332	1.5871274334572667e+43	9.747759012122235e+42	1.0956270464540722e+43	1.040197418441025e+43	9.205939150056488e+42	7.08844833166337e+42	3.0289664305067e+42	1.7775692673125464e+42	7.987226946368325e+41	1.0703765120351779e+43	8.76981254531226e+42	7.08844833166337e+42	5.666320251300449e+42
986405.1788025844	1.4169099911209747e+43	8.340428099298672e+42	9.694114674680993e+42	9.476364086493145e+42	8.52018341706752e+42	6.676314154002534e+42	2.926522698729743e+42	1.7316505223240262e+42	7.843144943683507e+41	9.686910152820529e+42	8.150827989350271e+42	6.676314154002534e+42	5.387192083984817e+42
1021262.2946453126	1.2629956981196595e+43	7.070583327576384e+42	8.513713823006186e+42	8.583127346597626e+42	7.847043619058105e+42	6.263979450358682e+42	2.8209996300845396e+42	1.6838366616841103e+42	7.691151072942386e+41	8.71259191457717e+42	7.540450930052996e+42	6.263979450358682e+42	5.105011751680226e+42
1057353.5143720363	1.1241559541442685e+43	5.936438861131789e+42	7.419030867109894e+42	7.7269838616504e+42	7.190205436759101e+42	5.853519272400081e+42	2.7127552743537237e+42	1.6342587892071263e+42	7.531579612999698e+41	7.785709205050265e+42	6.941995340590445e+42	5.853519272400081e+42	4.821060893871151e+42
1094722.5956020723	9.991973582582569e+42	4.9341697627995335e+42	6.412656183454278e+42	6.912133453120515e+42	6.553166065211346e+42	5.447002807812376e+42	2.602163860566021e+42	1.58305480257443e+42	7.364780621532797e+41	6.910462183984454e+42	6.35864850445593e+42	5.447002807812376e+42	4.5366442878226335e+42
1133414.8479775058	8.869717821508721e+42	4.0581274662542425e+42	5.495791709627542e+42	6.142186213902333e+42	5.93918317526523e+42	5.046471695979894e+42	2.4896144972971975e+42	1.530369104808422e+42	7.191119041170657e+41	6.090282602531792e+42	5.793427210296106e+42	5.046471695979894e+42	4.253079619148719e+42
1173477.1881979017	7.863840712031589e+42	3.301105243252253e+42	4.6682732838719984e+42	5.420103684034261e+42	5.351225867376589e+42	4.653917440526362e+42	2.37550982327766e+42	1.4763523653160098e+42	7.010974153073718e+41	5.327780365106349e+42	5.24913466588737e+42	4.653917440526362e+42	3.971686532272479e+42
1214958.1970068824	6.963975842643829e+42	2.6546412101426292e+42	3.928631021815072e+42	4.7481530575608365e+42	4.791928804103966e+42	4.2712580842609166e+42	2.2602645562577265e+42	1.421161310973869e+42	6.8247393320664026e+41	4.624708752084827e+42	4.7283190133422184e+42	4.2712580842609166e+42	3.693774914547045e+42
1257908.1781997688	6.160378175589493e+42	2.109344620609805e+42	3.27418595053888e+42	4.127876453845655e+42	4.26355084208262e+42	3.900314410253505e+42	2.144303888565031e+42	1.3649585269645011e+42	6.632822056535937e+41	3.9819502051978586e+42	4.233234476686229e+42	3.900314410253505e+42	3.420632409742266e+42
1302379.2197239355	5.4439437251065645e+42	1.6552302293471473e+42	2.7011794349292152e+42	3.5600769637168135e+42	3.767939565265866e+42	3.5427860356584297e+42	2.0280616791135362e+42	1.3079122461947032e+42	6.435644124472921e+41	3.399523964493643e+42	3.765806290291814e+42	3.5427860356584297e+42	3.153511205750346e+42
1348425.256946075	4.8062152719026375e+42	1.282045505733473e+42	2.204930307589863e+42	3.0448227049473006e+42	3.306503136425412e+42	3.200227870756323e+42	1.9119783952522142e+42	1.2501961058327714e+42	6.233642026865817e+41	2.876616068178315e+42	3.327600631620232e+42	3.200227870756323e+42	2.8936141995140443e+42
1396102.1381631987	4.2393765983898196e+42	9.795764557913697e+41	1.7800131774919808e+42	2.581469495917215e+42	2.8801908131028523e+42	2.8740275142093785e+42	1.7964987625991568e+42	1.1919888490570218e+42	6.0272674279397205e+41	2.4116313112364307e+42	2.9198007946861934e+42	2.8740275142093785e+42	2.6420807049467376e+42
1445467.69243693	3.7362375487821635e+42	7.379197192635e+41	1.4204502789338502e+42	2.1687020104984107e+42	2.4894833111673953e+42	2.5653842427116195e+42	1.682069088559046e+42	1.1334739503515168e+42	5.816987701583305e+41	2.0022657619666034e+42	2.5431907831814606e+42	2.5653842427116195e+42	2.3999719376321195e+42
1496581.7998334626	3.2902119899779233e+42	5.477112910922096e+41	1.119908538372952e+42	1.8045924455137817e+42	2.1343939338376832e+42	2.275290316637817e+42	1.5691342342446078e+42	1.0748391428256258e+42	5.603286471109587e+41	1.645597418618559e+42	2.198147359894281e+42	2.275290316637817e+42	2.1682565772084723e+42
1549506.4641544907	2.895290503526563e+42	4.003054470494782e+41	8.718933675084844e+41	1.48667487343759e+42	1.8144810242142937e+42	2.004515357992036e+42	1.4581342218062524e+42	1.0162758270569507e+42	5.3866640989529874e+41	1.3381916340431863e+42	1.884641362258101e+42	2.004515357992036e+42	1.9477967737461734e+42
1604305.8882474324	2.546009385224307e+42	2.879009454877602e+41	6.6993106898346625e+41	1.2120326264858024e+42	1.52887185254603e+42	1.7535945507682884e+42	1.3495004782371957e+42	9.579783420676563e+41	5.167638070234216e+41	1.0762171214136636e+42	1.6022487805282652e+42	1.7535945507682884e+42	1.7393350203791182e+42
1661046.5519864105	2.2374172858524934e+42	2.0361502869985378e+41	5.077326553873426e+41	9.773953371346572e+41	1.2762975418548284e+42	1.522821363406057e+42	1.2436517342267548e+42	9.001430813160184e+41	4.946743213441526e+41	8.555677598827244e+41	1.350171709905951e+42	1.522821363406057e+42	1.5434823587293208e+42
1719797.2930186966	1.9650405959428265e+42	1.4150886437209745e+41	3.793332623709267e+41	7.792417068946988e+41	1.0551380940916056e+42	1.3122453901144834e+42	1.1409896157996965e+42	8.429674392159783e+41	4.724531698913849e+41	6.719851046121287e+41	1.1272688457039338e+42	1.3122453901144834e+42	1.3607084077494158e+42
1780629.390374682	1.72484846907811e+42	9.657060671036835e+40	2.7920307079938294e+41	6.139037497865803e+41	8.634760453027157e+41	1.1216757539210805e+42	1.041893988207767e+42	7.866485775544168e+41	4.50157275470481e+41	5.211765149261868e+41	9.320947213379229e+41	1.1216757539210805e+42	1.1913337074154511e+42
1843616.651042923	1.5132181922942523e+42	6.466404547010331e+40	2.0232758977911794e+41	4.776681974220981e+41	6.991567935475659e+41	9.506903110611209e+41	9.467181346457944e+41	7.313820060663899e+41	4.27845203871473e+41	3.98924158146597e+41	7.629464242635553e+41	9.506903110611209e+41	1.0355248405055261e+42
1908835.4996154057	1.3269014492892181e+42	4.2451767322268257e+40	1.442571235037859e+41	3.6687097545517345e+41	5.5985325046077465e+41	7.986506514417414e+41	8.557838757443324e+41	6.773599773184284e+41	4.055770605415939e+41	3.0118080542743176e+41	6.179161019394594e+41	7.986506514417414e+41	8.932927349965046e+41
1976365.0711119086	1.1629918833892689e+42	2.730188903896427e+40	1.0112708234945797e+41	2.7798115722809754e+41	4.4313220590187896e+41	6.6472261722248136e+41	7.693767587756327e+41	6.2476970332829796e+41	3.834143407016972e+41	2.2414925941654448e+41	4.949472268260667e+41	6.6472261722248136e+41	7.644944560447314e+41
2046287.3070961977	1.0188942497470715e+42	1.718683104860648e+40	6.965235333973591e+40	2.076715319746945e+41	3.4651969348403646e+41	5.479017774803668e+41	6.8774146600774454e+41	5.7379140963905594e+41	3.614197271355341e+41	1.6434336337977595e+41	3.918923589500097e+41	5.479017774803668e+41	6.488386706026477e+41
2118687.055200795	8.922953493425611e+41	1.0581443541998165e+40	4.710010486748541e+40	1.5287383186078693e+41	2.6756271967048088e+41	4.470430230028882e+41	6.110776083069804e+41	5.245962520129884e+41	3.396568303867964e+41	1.186297418793775e+41	3.065700530855336e+41	4.470430230028882e+41	5.458948145819103e+41
2193652.1721811965	7.811368583093197e+41	6.36627422622877e+39	3.12461001805429e+40	1.1081766590439993e+41	2.0388497014560315e+41	3.608932035585151e+41	5.395360807535345e+41	4.7734413113365534e+41	3.1818986684772246e+41	8.4250609969236195e+40	2.3681861895572918e+41	3.608932035585151e+41	4.5510581939737866e+41
2271273.6306247045	6.835901028988224e+41	3.7400853192787784e+39	2.0319820853663104e+40	7.905322246674522e+40	1.5323451733076757e+41	2.8812554257802227e+41	4.73216159811797e+41	4.321814513634926e+41	2.970832712742977e+41	5.882906146420121e+40	1.8054465746138746e+41	2.8812554257802227e+41	3.75804072462786e+41
2351645.629443476	5.980327807714744e+41	2.1440782134735635e+39	1.2943492269740356e+40	5.545873950664186e+40	1.1352208919339179e+41	2.2737444990824398e+41	4.121635146667847e+41	3.892388801420983e+41	2.7640124163168795e+41	4.0359122764355193e+40	1.3576464927621551e+41	2.2737444990824398e+41	3.0723010771164858e+41
2434865.708285989	5.23027591859789e+41	1.1988197224084009e+39	8.069536171666549e+39	3.823452806674007e+40	8.28490764260742e+40	1.7726932600327212e+41	3.563692877289801e+41	3.4862917466604005e+41	2.562072160494325e+41	2.718347720385029e+40	1.0063833610238581e+41	1.7726932600327212e+41	2.4855336220251422e+41
2521034.866005886	4.57302713784997e+41	6.5368521980167734e+38	4.9201562152104515e+39	2.588591299722338e+40	5.952509873168493e+40	1.3646601599703195e+41	3.0577036967354264e+41	3.1044515084811096e+41	2.3656328384662664e+41	1.79620959723541e+40	7.34931694690399e+40	1.3646601599703195e+41	1.9889420683324745e+41
2610257.6833320847	3.997340367233017e+41	3.477884260770711e+38	2.931808756018388e+39	1.7197794386965585e+40	4.2075566568564e+40	1.0367472750468063e+41	2.6025095319840624e+41	2.747578755692808e+41	2.175295351770681e+41	1.1635057531514577e+40	5.283966129638707e+40	1.0367472750468063e+41	1.5734637619664776e+41
2702642.449889138	3.493290596126989e+41	1.8085310867491753e+38	1.706336301639718e+39	1.1203628701824011e+40	2.9240211708541377e+40	7.768346053731416e+40	2.1964539842382983e+41	2.416151662697885e+41	1.9916335697806105e+41	7.382629092811341e+39	3.737800667399399e+40	7.768346053731416e+40	1.2299889424782112e+41
2798301.2957221256	3.0521234100974114e+41	9.225869437328772e+37	9.696412598545516e+38	7.151500486767802e+39	1.996397749916579e+40	5.737629172485573e+40	1.8374238295381587e+41	2.1104048042899173e+41	1.815186861285915e+41	4.58527468160406e+39	2.599681786328833e+40	5.737629172485573e+40	9.495662278444637e+40
2897350.3274858207	2.666123943926385e+41	4.649658607339922e+37	5.380227777778101e+38	4.469645202890588e+39	1.338193219198251e+40	4.1746183804965773e+40	1.5229024556897793e+41	1.830322716183476e+41	1.6464523443900373e+41	2.7857125597028154e+39	1.7765174593883057e+40	4.1746183804965773e+40	7.235864923687666e+40
2999909.76946354	2.3284991664968233e+41	2.343471480454864e+37	2.917289517044043e+38	2.733346090893417e+39	8.799986069889277e+39	2.9902325925387954e+40	1.2500336759423107e+41	1.575638772393469e+41	1.4858770365120137e+41	1.654542092430161e+39	1.1919435705335096e+40	2.9902325925387954e+40	5.439387176661155e+40
3106104.109586952	2.033272403673544e+41	1.203585950414115e+37	1.5490061497553313e+38	1.634623773990474e+39	5.673162655176601e+39	2.107232293317933e+40	1.015693759218264e+41	1.3458398631275026e+41	1.333850122141139e+41	9.60363711293262e+38	7.846362745009019e+39	2.107232293317933e+40	4.0313322463873325e+40
3216062.250634198	1.775189040125048e+41	6.453557576887551e+36	8.0886827913916e+37	9.556249116487074e+38	3.583017144360771e+39	1.4599817005925832e+40	8.165690114449539e+40	1.1401771373016737e+41	1.1906955875884674e+41	5.447800188220107e+38	5.0640826989174435e+39	1.4599817005925832e+40	2.943897761575803e+40
3329917.666789968	1.5496323881843743e+41	3.6969542006092625e+36	4.186474449363277e+37	5.461449644295406e+38	2.215543294846818e+39	9.938323568173023e+39	6.492358810986045e+40	9.57682811104786e+40	1.0566654967658986e+41	3.022289537677497e+38	3.2022828575427363e+39	9.938323568173023e+39	2.116901976553322e+40
3447808.5657576686	1.3525487681353283e+41	2.2879109888149268e+36	2.1757712876299654e+37	3.0532575211810415e+38	1.3406007685914487e+39	6.642184052234729e+39	5.102403833062892e+40	7.971927523780911e+40	9.319341973724994e+40	1.642802726484503e+38	1.9828133483057532e+39	6.642184052234729e+39	1.4979721296617873e+40
3569878.056620607	1.180380905878958e+41	1.5192815394616072e+36	1.1574250708022556e+37	1.672710613211614e+38	7.935663891257168e+38	4.355577965110539e+39	3.9617366420689986e+40	6.573742479065889e+40	8.1659374958312e+40	8.782605399826449e+37	1.2016045537794678e+39	4.355577965110539e+39	1.042429682408893e+40
3696274.3236560337	1.030008817863505e+41	1.0618593248206369e+36	6.450668916651659e+36	9.012803930785125e+37	4.595987647519471e+38	2.800501575488991e+39	3.0374076622595534e+40	5.367580686054978e+40	7.106508564785646e+40	4.650232502216309e+37	7.125205276227937e+38	2.800501575488991e+39	7.129208539101879e+39
3827150.806313191	8.986974170247255e+40	7.647524259568532e+35	3.8435903519791594e+36	4.808086679125572e+37	2.6063257213654134e+38	1.7645230301488663e+39	2.298200910855733e+40	4.3377368933882873e+40	6.140255445879631e+40	2.4671035342936935e+37	4.13495222911238e+38	1.7645230301488663e+39	4.788496438208775e+39
3962666.3855739348	7.840501364459917e+40	5.5829046780786525e+35	2.4668291500563278e+36	2.5679853966263148e+37	1.4500326949221215e+38	1.0889814198248062e+39	1.7151165763266597e+40	3.4678631927576205e+40	5.265517932467531e+40	1.3344237518645154e+37	2.3505897624999208e+38	1.0889814198248062e+39	3.156741222607091e+39
4102985.576922289	6.839679301918042e+40	4.0881022366607606e+35	1.6902254202683637e+36	1.3962786557159648e+37	7.945206765828605e+37	6.58130080007196e+38	1.261729666202349e+40	2.7413427625962495e+40	4.479802444898722e+40	7.520650108027868e+36	1.3117313410868072e+38	6.58130080007196e+38	2.041254166148872e+39
