#t	Le	U	B	V	R	I	J	H	K	g	r	i	z
#----------------------------------------------- 
2.952510425708186	0.0	0.0	0.0	0.0	0.0	0.0	0.0	0.0	0.0	0.0	0.0	0.0	0.0
3.0286504944211377	0.0	0.0	0.0	0.0	0.0	0.0	0.0	0.0	0.0	0.0	0.0	0.0	0.0
3.124852627098956	0.0	0.0	0.0	0.0	0.0	0.0	0.0	0.0	0.0	0.0	0.0	0.0	0.0
3.2286117474063767	0.0	0.0	0.0	0.0	0.0	0.0	0.0	0.0	0.0	0.0	0.0	0.0	0.0
3.3388777455477467	0.0	0.0	0.0	0.0	0.0	0.0	0.0	0.0	0.0	0.0	0.0	0.0	0.0
3.4557434878631486	0.0	0.0	0.0	0.0	0.0	0.0	0.0	0.0	0.0	0.0	0.0	0.0	0.0
3.5795523526449107	0.0	0.0	0.0	0.0	0.0	0.0	0.0	0.0	0.0	0.0	0.0	0.0	0.0
3.7107483650105157	0.0	0.0	0.0	0.0	0.0	0.0	0.0	0.0	0.0	0.0	0.0	0.0	0.0
3.849839241383087	0.0	0.0	0.0	0.0	0.0	0.0	0.0	0.0	0.0	0.0	0.0	0.0	0.0
3.997386148077849	0.0	0.0	0.0	0.0	0.0	0.0	0.0	0.0	0.0	0.0	0.0	0.0	0.0
4.154001797370002	0.0	0.0	0.0	0.0	0.0	0.0	0.0	0.0	0.0	0.0	0.0	0.0	0.0
4.320351748932206	0.0	0.0	0.0	0.0	0.0	0.0	0.0	0.0	0.0	0.0	0.0	0.0	0.0
4.497157195414395	0.0	0.0	0.0	0.0	0.0	0.0	0.0	0.0	0.0	0.0	0.0	0.0	0.0
4.685198572443181	0.0	0.0	0.0	0.0	0.0	0.0	0.0	0.0	0.0	0.0	0.0	0.0	0.0
4.885319712256464	0.0	0.0	0.0	0.0	0.0	0.0	0.0	0.0	0.0	0.0	0.0	0.0	0.0
5.098432409701693	0.0	0.0	0.0	0.0	0.0	0.0	0.0	0.0	0.0	0.0	0.0	0.0	0.0
5.325521332351956	0.0	0.0	0.0	0.0	0.0	0.0	0.0	0.0	0.0	0.0	0.0	0.0	0.0
5.567649233691083	0.0	0.0	0.0	0.0	0.0	0.0	0.0	0.0	0.0	0.0	0.0	0.0	0.0
5.8259624394163225	0.0	0.0	0.0	0.0	0.0	0.0	0.0	0.0	0.0	0.0	0.0	0.0	0.0
6.101696580283973	0.0	0.0	0.0	0.0	0.0	0.0	0.0	0.0	0.0	0.0	0.0	0.0	0.0
6.396182544394555	0.0	0.0	0.0	0.0	0.0	0.0	0.0	0.0	0.0	0.0	0.0	0.0	0.0
6.710852619352295	0.0	0.0	0.0	0.0	0.0	0.0	0.0	0.0	0.0	0.0	0.0	0.0	0.0
7.047246791417851	0.0	0.0	0.0	0.0	0.0	0.0	0.0	0.0	0.0	0.0	0.0	0.0	0.0
7.407019165369904	0.0	0.0	0.0	0.0	0.0	0.0	0.0	0.0	0.0	0.0	0.0	0.0	0.0
7.791944465860504	0.0	0.0	0.0	0.0	0.0	0.0	0.0	0.0	0.0	0.0	0.0	0.0	0.0
8.203924579101285	0.0	0.0	0.0	0.0	0.0	0.0	0.0	0.0	0.0	0.0	0.0	0.0	0.0
8.644995093199109	0.0	0.0	0.0	0.0	0.0	0.0	0.0	0.0	0.0	0.0	0.0	0.0	0.0
9.117331796802791	0.0	0.0	0.0	0.0	0.0	0.0	0.0	0.0	0.0	0.0	0.0	0.0	0.0
9.623257099236875	0.0	0.0	0.0	0.0	0.0	0.0	0.0	0.0	0.0	0.0	0.0	0.0	0.0
10.165246341296609	0.0	0.0	0.0	0.0	0.0	0.0	0.0	0.0	0.0	0.0	0.0	0.0	0.0
10.745933974438804	0.0	0.0	0.0	0.0	0.0	0.0	0.0	0.0	0.0	0.0	0.0	0.0	0.0
11.36811959726784	0.0	0.0	0.0	0.0	0.0	0.0	0.0	0.0	0.0	0.0	0.0	0.0	0.0
12.034773851728763	0.0	0.0	0.0	0.0	0.0	0.0	0.0	0.0	0.0	0.0	0.0	0.0	0.0
12.749044196976113	0.0	0.0	0.0	0.0	0.0	0.0	0.0	0.0	0.0	0.0	0.0	0.0	0.0
13.514260595853303	0.0	0.0	0.0	0.0	0.0	0.0	0.0	0.0	0.0	0.0	0.0	0.0	0.0
14.33394116664146	0.0	0.0	0.0	0.0	0.0	0.0	0.0	0.0	0.0	0.0	0.0	0.0	0.0
15.211797870356051	0.0	0.0	0.0	0.0	0.0	0.0	0.0	0.0	0.0	0.0	0.0	0.0	0.0
16.151742320536087	0.0	0.0	0.0	0.0	0.0	0.0	0.0	0.0	0.0	0.0	0.0	0.0	0.0
17.15789181733834	0.0	0.0	0.0	0.0	0.0	0.0	0.0	0.0	0.0	0.0	0.0	0.0	0.0
18.23457572007227	0.0	0.0	0.0	0.0	0.0	0.0	0.0	0.0	0.0	0.0	0.0	0.0	0.0
19.38634228155577	0.0	0.0	0.0	0.0	0.0	0.0	0.0	0.0	0.0	0.0	0.0	0.0	0.0
20.617966073476957	0.0	0.0	0.0	0.0	0.0	0.0	0.0	0.0	0.0	0.0	0.0	0.0	0.0
21.934456134274235	0.0	0.0	0.0	0.0	0.0	0.0	0.0	0.0	0.0	0.0	0.0	0.0	0.0
23.341064970093935	0.0	0.0	0.0	0.0	0.0	0.0	0.0	0.0	0.0	0.0	0.0	0.0	0.0
24.843298535615645	0.0	0.0	0.0	0.0	0.0	0.0	0.0	0.0	0.0	0.0	0.0	0.0	0.0
26.4469273155716	0.0	0.0	0.0	0.0	0.0	0.0	0.0	0.0	0.0	0.0	0.0	0.0	0.0
28.157998620475244	0.0	0.0	0.0	0.0	0.0	0.0	0.0	0.0	0.0	0.0	0.0	0.0	0.0
29.982850202217524	0.0	0.0	0.0	0.0	0.0	0.0	0.0	0.0	0.0	0.0	0.0	0.0	0.0
31.928125287676608	0.0	0.0	0.0	0.0	0.0	0.0	0.0	0.0	0.0	0.0	0.0	0.0	0.0
34.00078912208813	0.0	0.0	0.0	0.0	0.0	0.0	0.0	0.0	0.0	0.0	0.0	0.0	0.0
36.20814710929706	0.0	0.0	0.0	0.0	0.0	0.0	0.0	0.0	0.0	0.0	0.0	0.0	0.0
38.55786463371731	0.0	0.0	0.0	0.0	0.0	0.0	0.0	0.0	0.0	0.0	0.0	0.0	0.0
41.05798864919467	0.0	0.0	0.0	0.0	0.0	0.0	0.0	0.0	0.0	0.0	0.0	0.0	0.0
43.71697112326925	0.0	0.0	0.0	0.0	0.0	0.0	0.0	0.0	0.0	0.0	0.0	0.0	0.0
46.5436944316513	0.0	0.0	0.0	0.0	0.0	0.0	0.0	0.0	0.0	0.0	0.0	0.0	0.0
49.54749880705869	0.0	0.0	0.0	0.0	0.0	0.0	0.0	0.0	0.0	0.0	0.0	0.0	0.0
52.738211958870984	0.0	0.0	0.0	0.0	0.0	0.0	0.0	0.0	0.0	0.0	0.0	0.0	0.0
56.12618099524442	0.0	0.0	0.0	0.0	0.0	0.0	0.0	0.0	0.0	0.0	0.0	0.0	0.0
59.722306797296135	0.0	0.0	0.0	0.0	0.0	0.0	0.0	0.0	0.0	0.0	0.0	0.0	0.0
63.53808101564693	0.0	0.0	0.0	0.0	0.0	0.0	0.0	0.0	0.0	0.0	0.0	0.0	0.0
67.58562588300691	0.0	0.0	0.0	0.0	0.0	0.0	0.0	0.0	0.0	0.0	0.0	0.0	0.0
71.87773706260427	0.0	0.0	0.0	0.0	0.0	0.0	0.0	0.0	0.0	0.0	0.0	0.0	0.0
76.42792978137109	0.0	0.0	0.0	0.0	0.0	0.0	0.0	0.0	0.0	0.0	0.0	0.0	0.0
81.25048852927446	0.0	0.0	0.0	0.0	0.0	0.0	0.0	0.0	0.0	0.0	0.0	0.0	0.0
86.36052064075271	0.0	0.0	0.0	0.0	0.0	0.0	0.0	0.0	0.0	0.0	0.0	0.0	0.0
91.77401411237334	0.0	0.0	0.0	0.0	0.0	0.0	0.0	0.0	0.0	0.0	0.0	0.0	0.0
97.50790005565543	0.0	0.0	0.0	0.0	0.0	0.0	0.0	0.0	0.0	0.0	0.0	0.0	0.0
103.58012023167548	0.0	0.0	0.0	0.0	0.0	0.0	0.0	0.0	0.0	0.0	0.0	0.0	0.0
110.00970016760331	0.0	0.0	0.0	0.0	0.0	0.0	0.0	0.0	0.0	0.0	0.0	0.0	0.0
116.81682841294818	0.0	0.0	0.0	0.0	0.0	0.0	0.0	0.0	0.0	0.0	0.0	0.0	0.0
124.02294256107211	0.0	0.0	0.0	0.0	0.0	0.0	0.0	0.0	0.0	0.0	0.0	0.0	0.0
131.65082274781759	0.0	0.0	0.0	0.0	0.0	0.0	0.0	0.0	0.0	0.0	0.0	0.0	0.0
139.72469340825953	0.0	0.0	0.0	0.0	0.0	0.0	0.0	0.0	0.0	0.0	0.0	0.0	0.0
148.27033417263826	0.0	0.0	0.0	0.0	0.0	0.0	0.0	0.0	0.0	0.0	0.0	0.0	0.0
157.31520089193157	0.0	0.0	0.0	0.0	0.0	0.0	0.0	0.0	0.0	0.0	0.0	0.0	0.0
166.88855791300858	0.0	0.0	0.0	0.0	0.0	0.0	0.0	0.0	0.0	0.0	0.0	0.0	0.0
177.02162285952141	0.0	0.0	0.0	0.0	0.0	0.0	0.0	0.0	0.0	0.0	0.0	0.0	0.0
187.7477253342412	0.0	0.0	0.0	0.0	0.0	0.0	0.0	0.0	0.0	0.0	0.0	0.0	0.0
199.10248114642604	0.0	0.0	0.0	0.0	0.0	0.0	0.0	0.0	0.0	0.0	0.0	0.0	0.0
211.1239838780072	0.0	0.0	0.0	0.0	0.0	0.0	0.0	0.0	0.0	0.0	0.0	0.0	0.0
223.85301584405323	0.0	0.0	0.0	0.0	0.0	0.0	0.0	0.0	0.0	0.0	0.0	0.0	0.0
237.3332807845584	0.0	0.0	0.0	0.0	0.0	0.0	0.0	0.0	0.0	0.0	0.0	0.0	0.0
251.61166094529545	0.0	0.0	0.0	0.0	0.0	0.0	0.0	0.0	0.0	0.0	0.0	0.0	0.0
266.7385015809648	0.0	0.0	0.0	0.0	0.0	0.0	0.0	0.0	0.0	0.0	0.0	0.0	0.0
282.76792635143744	0.0	0.0	0.0	0.0	0.0	0.0	0.0	0.0	0.0	0.0	0.0	0.0	0.0
299.75818758133494	0.0	0.0	0.0	0.0	0.0	0.0	0.0	0.0	0.0	0.0	0.0	0.0	0.0
317.772055932749	0.0	0.0	0.0	0.0	0.0	0.0	0.0	0.0	0.0	0.0	0.0	0.0	0.0
336.8772547411604	0.0	0.0	0.0	0.0	0.0	0.0	0.0	0.0	0.0	0.0	0.0	0.0	0.0
357.1469450683527	0.0	0.0	0.0	0.0	0.0	0.0	0.0	0.0	0.0	0.0	0.0	0.0	0.0
378.66026848373446	0.0	0.0	0.0	0.0	0.0	0.0	0.0	0.0	0.0	0.0	0.0	0.0	0.0
401.5029557897333	0.0	0.0	0.0	0.0	0.0	0.0	0.0	0.0	0.0	0.0	0.0	0.0	0.0
425.76801049770313	0.0	0.0	0.0	0.0	0.0	0.0	0.0	0.0	0.0	0.0	0.0	0.0	0.0
451.55647852549504	0.0	0.0	0.0	0.0	0.0	0.0	0.0	0.0	0.0	0.0	0.0	0.0	0.0
478.9783177761932	0.0	0.0	0.0	0.0	0.0	0.0	0.0	0.0	0.0	0.0	0.0	0.0	0.0
508.1533820252747	1.0554546523064278e+31	3.877518474361193e+27	2.1509595289987037e+27	1.113932723268501e+27	7.115202681986951e+26	3.811225323706378e+26	9.50475481028064e+25	4.661351303084909e+25	1.7526414335872284e+25	1.314603395043952e+27	6.212444567921658e+26	3.811225323706378e+26	2.5039708535079176e+26
539.2125367292584	4.15849081178028e+32	1.7057357505753717e+29	9.466847945521679e+28	4.904834840801878e+28	3.133720275737087e+28	1.6790428577115296e+28	4.1892328945330453e+27	2.054826757727111e+27	7.727312542679676e+26	5.787832214418185e+28	2.7363070085151375e+28	1.6790428577115296e+28	1.1033061582154811e+28
572.2989276257002	1.0954390798284125e+34	5.021344309409691e+30	2.7883004858198164e+30	1.44530753288665e+30	9.236530909817678e+29	4.950404608546584e+29	1.2357179907132187e+29	6.0622415257162545e+28	2.280142525081712e+28	1.7053180943260546e+30	8.065740754733017e+29	4.950404608546584e+29	3.2534785975757275e+29
607.5694272345236	1.9826468004494905e+35	1.0167148922215317e+32	5.648801303627506e+31	2.929469665893704e+31	1.872647983390178e+31	1.0039794250484557e+31	2.5073780646568343e+30	1.2302985699665115e+30	4.628268582128722e+29	3.4560925342148697e+31	1.6353994847414237e+31	1.0039794250484557e+31	6.599465407307639e+30
645.1962884217193	2.26630269262503e+36	1.424955086437701e+33	7.925320197735983e+32	4.113946096150856e+32	2.6312029160040834e+32	1.4115195874447579e+32	3.528571529904749e+31	1.7319592747497304e+31	6.517761220453476e+30	4.8524476091835464e+32	2.298181984249491e+32	1.4115195874447579e+32	9.281511228596227e+31
685.369039185843	3.2573249965311803e+39	1.1949365185551051e+34	6.56210730077285e+33	3.3678019836637255e+33	2.1403044088475666e+33	1.1397454180047655e+33	2.8161055785958955e+32	1.3765218362496458e+32	5.157982621009836e+31	3.9827790462552403e+33	1.8661646326129985e+33	1.1397454180047655e+33	7.463522152364538e+32
728.0348883934566	3.599526470864659e+40	1.717639338269291e+35	9.434882846304254e+34	4.843228998879896e+34	3.0783466445004056e+34	1.6395017051159753e+34	4.0518331515309024e+33	1.9807100439522108e+33	7.422565848650247e+32	5.727336463975381e+34	2.684148675989894e+34	1.6395017051159753e+34	1.0736994265291983e+34
773.3416994382519	3.388081753682331e+41	1.8192024018727125e+36	9.993924451478176e+35	5.130739053924442e+35	3.2612788490594895e+35	1.737048027039653e+35	4.293371367990428e+34	2.0988652371840274e+34	7.8656575151548e+33	6.067183873982384e+35	2.8437011170842437e+35	1.737048027039653e+35	1.1376254043671353e+35
821.4517858288148	2.641376859105239e+42	1.4559256201043606e+37	7.99844249205223e+36	4.106382022815002e+36	2.6101953183068636e+36	1.390283752237748e+36	3.436374465149572e+35	1.679926551935355e+35	6.295708507044784e+34	4.855838791227582e+36	2.2759911346434803e+36	1.390283752237748e+36	9.105306803014848e+35
872.5373875826962	1.4777946383319096e+43	8.729219878857471e+37	4.795924431740352e+37	2.4623727488246426e+37	1.5652471533412437e+37	8.337412599042816e+36	2.0608995454818123e+36	1.0075272446115015e+36	3.7759099522476335e+35	2.9117384075622276e+37	1.3648493355798109e+37	8.337412599042816e+36	5.460501238077091e+36
926.7812847297124	6.74267852845284e+43	4.139320174489096e+38	2.2742757154897264e+38	1.167723511411011e+38	7.4229720744133185e+37	3.953996256147644e+37	9.774122132439535e+36	4.778410284697898e+36	1.7908291765841914e+36	1.3808134910895043e+38	6.472647993740733e+37	3.953996256147644e+37	2.5896622237499303e+37
984.3774495398069	2.277251381705101e+44	1.53100479357858e+39	8.412646778865709e+38	4.319836395885378e+38	2.746162898899025e+38	1.4628819676384832e+38	3.616511298302692e+37	1.7681105848688942e+37	6.626657864361271e+36	5.108031828572833e+38	2.394618058592702e+38	1.4628819676384832e+38	9.581421852031368e+37
1045.531742508348	6.202943673703003e+44	4.476704629384562e+39	2.4600737134282418e+39	1.2633186900074851e+39	8.031355589167042e+38	4.278499401369636e+38	1.057799129181548e+38	5.171707190305161e+37	1.9383426793731104e+37	1.4937993388410138e+39	7.003311503753377e+38	4.278499401369636e+38	2.802355217434958e+38
1110.4626571591584	1.2241272640854881e+45	9.750852524953502e+39	5.3589601612064944e+39	2.752255021741763e+39	1.7498021628488108e+39	9.322229304196644e+38	2.30502868633227e+38	1.1269977401372374e+38	4.2241196336746756e+37	3.2543032484879575e+39	1.5258442112380348e+39	9.322229304196644e+38	6.1061482834871615e+38
1179.4021163275731	1.716156762472735e+45	1.5221477584337682e+40	8.36660436478348e+39	4.2974051756778386e+39	2.732335690029012e+39	1.455783286103094e+39	3.6000113553432705e+38	1.7602267801080787e+38	6.597819767145089e+37	5.081177518859229e+39	2.3826640553726096e+39	1.455783286103094e+39	9.53591103413751e+38
1252.5963129324937	1.7986322142733687e+45	1.7930127253926737e+40	9.85683318506384e+39	5.0634882269799215e+39	3.2196497313879996e+39	1.715565506724729e+39	4.242986463314473e+38	2.0747071277074105e+38	7.776957369490735e+37	5.986804996149683e+39	2.807668828619201e+39	1.715565506724729e+39	1.1238102862092402e+39
1330.3065915709321	1.879063520177425e+45	1.9808885112125493e+40	1.0890411014535192e+40	5.594789974876029e+39	3.557605917908582e+39	1.8957198781333492e+39	4.6888521317059245e+38	2.2927763154534468e+38	8.594585654252974e+37	6.614893293309198e+39	3.1024104598496926e+39	1.8957198781333492e+39	1.2418518212131164e+39
1412.810396330525	2.1376586423624602e+45	2.350197383911768e+40	1.292146602509761e+40	6.638533491005262e+39	4.221413603492055e+39	2.249509297176743e+39	5.564186891048583e+38	2.720849632579715e+38	1.0199426278095001e+38	7.848856691336458e+39	3.681311117601057e+39	2.249509297176743e+39	1.4736387354610065e+39
1500.402292922601	2.4789963552595084e+45	2.944338523287971e+40	1.6189710644700294e+40	8.318381939236848e+39	5.2898912082605736e+39	2.8190466878011693e+39	6.973598095923197e+38	3.410156193537072e+38	1.2783815451997082e+38	9.834765737170829e+39	4.613148209120748e+39	2.8190466878011693e+39	1.8468002068539463e+39
1593.3950574858231	2.763513851937729e+45	3.607554629011863e+40	1.9838984310246832e+40	1.0194565873306007e+40	6.483424091082373e+39	3.4553510945366104e+39	8.548659336989338e+38	4.180551893610954e+38	1.5672515666192556e+38	1.20526481551778e+40	5.654089790873351e+39	3.4553510945366104e+39	2.263747254407109e+39
1692.1208288972489	2.89272173745231e+45	4.2245481347041504e+40	2.323567517833692e+40	1.1941698622828295e+40	7.595149608315578e+39	4.048219895558048e+39	1.0016903052182264e+39	4.898822875804352e+38	1.8366240237811832e+38	1.4117755880814791e+40	6.623751709602671e+39	4.048219895558048e+39	2.6522980913416008e+39
1796.932326429347	2.996871269881304e+45	4.961587426180877e+40	2.729451651557032e+40	1.4030003405647994e+40	8.924177022672554e+39	4.7571022008595764e+39	1.1772962865042345e+39	5.7579832242928355e+38	2.158868396883392e+38	1.6585968638889757e+40	7.782997142026054e+39	4.7571022008595764e+39	3.1169287359180587e+39
1908.2041524887184	3.0742905698524926e+45	5.830915995829941e+40	3.208345439244389e+40	1.6494679836400505e+40	1.0492993899656519e+40	5.594045667800776e+39	1.3846892516787474e+39	6.772773318113843e+38	2.5395274772395416e+38	1.9498824001602352e+40	9.151461398143194e+39	5.594045667800776e+39	3.6655552874808724e+39
2026.3341805818932	2.9824848407703994e+45	6.718964143099995e+40	3.697999599524965e+40	1.9016802253686712e+40	1.2099113800922637e+40	6.451345154560579e+39	1.5973053300575285e+39	7.813432298037106e+38	2.930011114224368e+38	2.247900866822265e+40	1.0552640491166679e+40	6.451345154560579e+39	4.227693028063128e+39
2151.7450160784806	2.8040338489822216e+45	7.673517118157051e+40	4.2247890757876176e+40	2.1732349499339466e+40	1.3829175245283393e+40	7.37527402193941e+39	1.8266318540376948e+39	8.936205150132951e+38	3.351431638533333e+38	2.5687163157639865e+40	1.2062128747224202e+40	7.37527402193941e+39	4.833694217225241e+39
2284.88555339748	2.6429129269429033e+45	8.753064569685808e+40	4.8208535529742655e+40	2.4806360412874595e+40	1.5788096812237809e+40	8.421723710244944e+39	2.0864868149854013e+39	1.0208649177941564e+39	3.829109186254386e+38	2.931843804372445e+40	1.3771414254304815e+40	8.421723710244944e+39	5.520166539273889e+39
2426.232645183149	2.3940252041365466e+45	9.86975938653374e+40	5.43822702483966e+40	2.799394542811583e+40	1.7820706061686408e+40	9.508347303728377e+39	2.356636201227255e+39	1.1532056755643204e+39	4.3261333842948676e+38	3.3082875419030254e+40	1.5545309607263773e+40	9.508347303728377e+39	6.23329102394383e+39
2576.2928610293156	2.069324127448658e+45	1.0973107993745168e+41	6.049409478736453e+40	3.11550360887136e+40	1.983837057705886e+40	1.0588184989420721e+40	2.6255714366233303e+39	1.2850339207959219e+39	4.821551595087616e+38	3.6814537542869747e+40	1.730662666799666e+40	1.0588184989420721e+40	6.942404617110106e+39
2735.6043540424325	1.73992525214433e+45	1.2076758157534641e+41	6.662047638216556e+40	3.4329589350167776e+40	2.186674130849626e+40	1.167505676793569e+40	2.896771032393556e+39	1.418061213357436e+39	5.321821083435745e+38	4.0560482202040426e+40	1.907779264558032e+40	1.167505676793569e+40	7.656616763253427e+39
2904.7388559511464	1.488982394525371e+45	1.3292665655146133e+41	7.337647506283605e+40	3.7833385515787184e+40	2.4106547296149e+40	1.2875882275482164e+40	3.1966644864419605e+39	1.565208468305867e+39	5.875366209558248e+38	4.469411946710202e+40	2.103383709971662e+40	1.2875882275482164e+40	8.445953524316577e+39
3084.303818854033	1.3944821734347315e+45	1.4867433384107816e+41	8.211481277252793e+40	4.235995758965889e+40	2.699828642973781e+40	1.4425074360341882e+40	3.5831078850818534e+39	1.7547448405706365e+39	6.588071505234544e+38	5.00358194852318e+40	2.3558775684553096e+40	1.4425074360341882e+40	9.463859152816641e+39
3274.9447219082062	1.3520385222263406e+45	1.6735427111738518e+41	9.24776683532228e+40	4.772687975869862e+40	3.042645968185723e+40	1.6261398368507867e+40	4.041078044670235e+39	1.9793456618355645e+39	7.432563330130251e+38	5.6369512326142465e+40	2.655200726594934e+40	1.6261398368507867e+40	1.0670334561603236e+40
3477.347501178415	1.1643660207598936e+45	1.8217566531798285e+41	1.0074594178609867e+41	5.203020276784538e+40	3.318279581333095e+40	1.7742508194927015e+40	4.412292198901228e+39	2.161717593496097e+39	8.119510558064768e+38	6.14422693090283e+40	2.896043561673286e+40	1.7742508194927015e+40	1.1645145226702159e+40
3692.2410599975237	1.0164980277670559e+45	1.9980722909579365e+41	1.105738910216556e+41	5.714162674674092e+40	3.645544177518885e+40	1.9500263812586128e+40	4.852533492910838e+39	2.3779481983270727e+39	8.933788588464576e+38	6.746859924420629e+40	3.1819699023114427e+40	1.9500263812586128e+40	1.280174420637329e+40
3920.4000102115792	8.464050977717379e+44	2.1283612205366596e+41	1.1789913088722559e+41	6.098032664768467e+40	3.892349199151929e+40	2.0832210380874494e+40	5.1886223608507446e+39	2.5434555124791307e+39	9.558729506893812e+38	7.198658062628962e+40	3.3978442063558034e+40	2.0832210380874494e+40	1.368049097731484e+40
4162.647549084911	7.524011461109959e+44	2.291219462554754e+41	1.2702644567596402e+41	6.575021159401141e+40	4.1985613120796934e+40	2.248193177518805e+40	5.603793286725744e+39	2.747718040107463e+39	1.0329278830870558e+39	7.760405102508047e+40	3.665571235682235e+40	2.248193177518805e+40	1.47678574653188e+40
4419.858575461807	6.825585192879788e+44	2.4604970737923246e+41	1.3651975407404673e+41	7.071427868697218e+40	4.517344302423396e+40	2.4200033486087597e+40	6.036434076874714e+39	2.9606214230693495e+39	1.1132602752503664e+39	8.344941749208192e+40	3.94431429751111e+40	2.4200033486087597e+40	1.59005370794501e+40
4692.962970789915	6.216060358991077e+44	2.6211764585643424e+41	1.4555098582521764e+41	7.5446022219125665e+40	4.82153922174049e+40	2.584156209965917e+40	6.450602560298328e+39	3.1645751761745975e+39	1.1902703705144218e+39	8.901870515009678e+40	4.2103803656603808e+40	2.584156209965917e+40	1.6983488778424331e+40
4982.9490820941055	5.6626890094442245e+44	2.7650165466407003e+41	1.536620614678281e+41	7.970782594100739e+40	5.095955657527059e+40	2.7325077008535984e+40	6.825962039426281e+39	3.349601521971996e+39	1.2602050376982717e+39	9.40315932714632e+40	4.45050342174753e+40	2.7325077008535984e+40	1.796318054292741e+40
5290.867423024824	5.172209580557103e+44	2.888346806633824e+41	1.6064582557259362e+41	8.339083714324909e+40	5.3335862888996455e+40	2.8612715626813754e+40	7.152945140154633e+39	3.510987297233843e+39	1.3212841016389315e+39	9.836004000825275e+40	4.658552444156117e+40	2.8612715626813754e+40	1.8814618413306098e+40
5617.834608426152	4.793101690282403e+44	2.9934134291253863e+41	1.6662301956706532e+41	8.65559258730307e+40	5.538263258306168e+40	2.9724674919282794e+40	7.43646757761649e+39	3.651123453920073e+39	1.3743991180031738e+39	1.0207631891416294e+41	4.837860409255254e+40	2.9724674919282794e+40	1.955095535609065e+40
5965.037541994178	4.525611013341973e+44	3.0875390397035925e+41	1.7199694399365815e+41	8.941090590948295e+40	5.723231268747276e+40	3.0731757404775797e+40	7.694152389064504e+39	3.778649937042379e+39	1.4227982293442408e+39	1.0542593478216716e+41	4.999985470877593e+40	3.0731757404775797e+40	2.0218668454217322e+40
6333.737868161949	4.0278504649156376e+44	3.1756866074759297e+41	1.770343833288676e+41	9.209103829588082e+40	5.897056317002296e+40	3.167954118047966e+40	7.93733181183973e+39	3.8991311369195995e+39	1.4685789414357393e+39	1.085691935232605e+41	5.152392620040997e+40	3.167954118047966e+40	2.084763807520823e+40
6725.27665187423	3.595536399371249e+44	3.2674154713338594e+41	1.8219840321661834e+41	9.480560335543175e+40	6.072092622280083e+40	3.262856871940694e+40	8.179377442217515e+39	4.0189127506159586e+39	1.514065826295576e+39	1.1176115216382649e+41	5.3056402444992815e+40	3.262856871940694e+40	2.1475822192751377e+40
7141.079403253497	3.286555725935155e+44	3.3788958269114033e+41	1.885151631942468e+41	9.812877059640334e+40	6.285890015295874e+40	3.3781403735099136e+40	8.46873397322909e+39	4.1609564208543774e+39	1.5674855075087666e+39	1.1567001368929967e+41	5.492636245040383e+40	3.3781403735099136e+40	2.223541689159052e+40
7582.661419993242	2.998976773715258e+44	3.492007123554633e+41	1.9498783708099467e+41	1.0157313968077799e+41	6.509213938921858e+40	3.4998232964099686e+40	8.780371024784003e+39	4.3152214379558187e+39	1.6260446908241725e+39	1.1970973266765757e+41	5.68841757334527e+40	3.4998232964099686e+40	2.3042486750244416e+40
8051.633443132505	2.7297815597810302e+44	3.604366694516531e+41	2.0143898198106786e+41	1.0501586342894473e+41	6.73277684685453e+40	3.6218492962906905e+40	9.093723706608486e+39	4.4704794167772155e+39	1.685036647729596e+39	1.2374491171394913e+41	5.884490046555225e+40	3.6218492962906905e+40	2.3852609265557616e+40
8549.707671025266	2.476848352254109e+44	3.7148504728065454e+41	2.0780805442614765e+41	1.0842646169190093e+41	6.954663996112431e+40	3.7432131017375586e+40	9.406367701038721e+39	4.6255561551500834e+39	1.7440254172846697e+39	1.2773933891038516e+41	6.079189626019741e+40	3.7432131017375586e+40	2.465925614284634e+40
9078.70414920437	2.2382051146954195e+44	3.8220180993623975e+41	2.14017171953905e+41	1.1176557904440594e+41	7.172397688129687e+40	3.8626104487307243e+40	9.715143693797751e+39	4.77891895820732e+39	1.8024412873227508e+39	1.3164629906705148e+41	6.2703617095321935e+40	3.8626104487307243e+40	2.5453944439797446e+40
9640.557559562698	2.0123174974855037e+44	3.924176810446194e+41	2.1997459742335786e+41	1.1498676364675095e+41	7.383050032058454e+40	3.978497974613885e+40	1.0016304878978142e+40	4.9287486485769296e+39	1.8596074866852006e+39	1.3541067978750046e+41	6.455459388195312e+40	3.978497974613885e+40	2.6226628279830897e+40
10237.324433889553	1.7982901892183365e+44	4.0194984862929945e+41	2.255811368027133e+41	1.1803973848924754e+41	7.5834504461825965e+40	4.089203494781174e+40	1.0305788682276919e+40	5.073072271884953e+39	1.914789870967631e+39	1.389728432285308e+41	6.631724281350648e+40	4.089203494781174e+40	2.696642024176144e+40
10871.190818484847	1.595916235361137e+44	4.106160695610287e+41	2.307378526779404e+41	1.208743468416291e+41	7.770435966304697e+40	4.1930590488395227e+40	1.0579544635832263e+40	5.2099232297537823e+39	1.9672568778995327e+39	1.422732954742158e+41	6.796404685746696e+40	4.1930590488395227e+40	2.7662461754572126e+40
11544.480418365081	1.4055694839675547e+44	4.18247975311468e+41	2.353533403994759e+41	1.2344427381764927e+41	7.94108734687061e+40	4.2885263945112087e+40	1.0833843647486192e+40	5.3374923282729166e+39	2.0163360825918126e+39	1.4525709098384793e+41	6.946961342264789e+40	4.2885263945112087e+40	2.8304744087201334e+40
12259.663251455988	1.2279871826321324e+44	4.2470125663421444e+41	2.3934929318155874e+41	1.2570989128552881e+41	8.092909506435999e+40	4.374292901709295e+40	1.1065514295033149e+40	5.454243186030326e+39	2.0614574099472728e+39	1.478771998827458e+41	7.081224689807192e+40	4.374292901709295e+40	2.888473565234907e+40
13019.364845127326	1.06401309769039e+44	4.2986172767882095e+41	2.426638072327823e+41	1.2763994450942505e+41	8.223938427316042e+40	4.44932832599972e+40	1.1272082654249946e+40	5.558980526257777e+39	2.1021787073103108e+39	1.5009650501645738e+41	7.197488009691205e+40	4.44932832599972e+40	2.9395753305634314e+40
13826.376009468364	9.143657394235834e+43	4.336474147558693e+41	2.4525250540761736e+41	1.2921212030277751e+41	8.332777021969281e+40	4.512903790978382e+40	1.1451818919392496e+40	5.650872942379671e+39	2.1381942717158603e+39	1.518884759417583e+41	7.294538647828324e+40	4.512903790978382e+40	2.983308631912296e+40
14683.6632238401	7.794729612976521e+43	4.360074976802778e+41	2.4708793220474393e+41	1.3041272828248087e+41	8.418574656428422e+40	4.564580786063357e+40	1.1603710044976406e+40	5.729439526370334e+39	2.1693298464425213e+39	1.5323679394903636e+41	7.371640116975431e+40	4.564580786063357e+40	3.019392409177177e+40
15594.379675490572	6.593871405993189e+43	4.369191633354711e+41	2.481578001147755e+41	1.312357920190397e+41	8.4809691621130585e+40	4.604180189234219e+40	1.1727383071117405e+40	5.79451240330349e+39	2.1955285952699233e+39	1.5413427934384525e+41	7.428481491191167e+40	4.604180189234219e+40	3.0477153077000633e+40
16561.876991402733	5.537738347475819e+43	4.363833598944151e+41	2.484626284393517e+41	1.316818270065317e+41	8.520008907063144e+40	4.631740654561386e+40	1.182300214508814e+40	5.846186409956964e+39	2.2168322613097328e+39	1.5458144869448373e+41	7.465109406335034e+40	4.631740654561386e+40	3.068308402713922e+40
17589.717707078642	4.619548588933209e+43	4.3442022495345445e+41	2.4801319787551924e+41	1.3175652204648261e+41	8.536068668403424e+40	4.647473668186766e+40	1.1891157232266884e+40	5.884764703841756e+39	2.2333607994798528e+39	1.5458495836853033e+41	7.48185464282458e+40	4.647473668186766e+40	3.081315733153057e+40
18681.688518665316	3.8298338165210074e+43	4.3106471493663684e+41	2.4682810947176246e+41	1.3146947166117622e+41	8.529768669133959e+40	4.651720247758962e+40	1.193275676830626e+40	5.910706284864245e+39	2.2452927218262304e+39	1.5415610906807867e+41	7.479261450183316e+40	4.651720247758962e+40	3.0869658987485674e+40
19841.814367709954	3.1573107937927126e+43	4.263627472483856e+41	2.449316183250605e+41	1.3083304659469524e+41	8.5019022979695215e+40	4.644912215670828e+40	1.1948931462595395e+40	5.924578949276367e+39	2.2528474729010655e+39	1.5330951442558835e+41	7.4580244219232475e+40	4.644912215670828e+40	3.0855466363446697e+40
21074.373410906574	2.589726068302616e+43	4.20368002963311e+41	2.423518227760422e+41	1.2986144356728806e+41	8.453375117426721e+40	4.627539426741892e+40	1.1940952641196033e+40	5.92701932874373e+39	2.2562704534272598e+39	1.5206198242466988e+41	7.418935189659311e+40	4.627539426741892e+40	3.077383277217651e+40
22383.91293047384	2.1145834925109077e+43	4.131394266262296e+41	2.3911922904795162e+41	1.2856992431732317e+41	8.3851557889902545e+40	4.600123279657987e+40	1.1910165924007407e+40	5.918700400485217e+39	2.25582083610052e+39	1.5043162157584624e+41	7.362839482578277e+40	4.600123279657987e+40	3.0628212991148983e+40
23775.26624429443	1.7197129735917443e+43	4.047393917384823e+41	2.3526567421450825e+41	1.2697423501470115e+41	8.298238341322041e+40	4.563196201556101e+40	1.1857939451676683e+40	5.900306082866022e+39	2.25176202842826e+39	1.4843716135192315e+41	7.290604049860827e+40	4.563196201556101e+40	3.042212767865293e+40
25253.57067866203	1.3936741377317513e+43	3.952324641028654e+41	2.3082357072386085e+41	1.2509018711543296e+41	8.193614572291535e+40	4.517286457232183e+40	1.1785625043149037e+40	5.872512122907511e+39	2.244354484691099e+39	1.4609746453057628e+41	7.203092390011733e+40	4.517286457232183e+40	3.015906242180264e+40
26824.286670434067	1.1260103479595104e+43	3.8468467986782894e+41	2.2582542771099096e+41	1.2293337671713136e+41	8.072255122157242e+40	4.462907499739376e+40	1.1694530331257463e+40	5.835972318999915e+39	2.233850507920885e+39	1.4343120433234168e+41	7.101148010245778e+40	4.462907499739376e+40	2.98423962702575e+40
28493.21806959035	9.073792761623155e+42	3.731632525786254e+41	2.2030360349452832e+41	1.2051901917148569e+41	7.935097737865389e+40	4.400551070261761e+40	1.158589990078421e+40	5.79130911058457e+39	2.2204906783706524e+39	1.4045667885948942e+41	6.985583924189041e+40	4.400551070261761e+40	2.9475354550912807e+40
30266.533717664537	7.295892657825838e+42	3.607366278002983e+41	2.1429024671524178e+41	1.1786187745324553e+41	7.783041362093129e+40	4.330683316329396e+40	1.1460903603681605e+40	5.739107639662447e+39	2.204501572206057e+39	1.3719173736970992e+41	6.857177195662859e+40	4.330683316329396e+40	2.906098115948416e+40
32150.790382262072	5.855690333870821e+42	3.474748109364682e+41	2.07817388380563e+41	1.1497626548662912e+41	7.616944856536634e+40	4.2537432922231067e+40	1.1320630459965713e+40	5.679912502910641e+39	2.1860944766882505e+39	1.3365379606640516e+41	6.716667490301459e+40	4.2537432922231067e+40	2.8602126146502197e+40
34152.95713292296	4.692941651286972e+42	3.3344990108841777e+41	2.009171522166714e+41	1.1187611057873349e+41	7.437629362303295e+40	4.170143310180222e+40	1.1166086812245804e+40	5.614226539664414e+39	2.165464855358165e+39	1.2985992451026706e+41	6.564758766304919e+40	4.170143310180222e+40	2.8101445103579375e+40
36280.4412489483	3.7568894991879677e+42	3.1873676963451377e+41	1.9362205537336885e+41	1.0857506189928286e+41	7.245883485787101e+40	4.080270712489192e+40	1.099819765459613e+40	5.542511124281312e+39	2.142792362772618e+39	1.2582698697014053e+41	6.402123398763458e+40	4.080270712489192e+40	2.7561407524590645e+40
38541.11575550612	3.0051730759235e+42	3.034138257838458e+41	1.8596537520425137e+41	1.0508663435013176e+41	7.042470662213357e+40	3.9844907256147415e+40	1.0817810285390941e+40	5.46518754311358e+39	2.118241250068871e+39	1.2157182576221176e+41	6.229408176721989e+40	3.9844907256147415e+40	2.698431191953326e+40
40943.348690385574	2.4027240627523237e+42	2.8756381225928792e+41	1.77981560308239e+41	1.0142437907286368e+41	6.828138184494836e+40	3.8831501348785135e+40	1.062569963138597e+40	5.3826391328877684e+39	2.0919610387106116e+39	1.171114757366818e+41	6.047241732821768e+40	3.8831501348785135e+40	2.6372305975784487e+40
43496.03421020237	1.920712007495695e+42	2.712745724253143e+41	1.6970666516062316e+41	9.760207320083872e+40	6.603627489685978e+40	3.776581580942533e+40	1.0422574755008066e+40	5.295213937930418e+39	2.0640873699054815e+39	1.1246340049993433e+41	5.856243059949113e+40	3.776581580942533e+40	2.572741048666435e+40
46208.62565169499	1.5355756353859676e+42	2.5463972583210215e+41	1.6117878747057269e+41	9.363392226364554e+40	6.369685369061293e+40	3.665108327698404e+40	1.0209086190079422e+40	5.203227709214565e+39	2.034742961704875e+39	1.0764574169414543e+41	5.657030837895549e+40	3.665108327698404e+40	2.5051546103581322e+40
49091.17067101785	1.2281583040120363e+42	2.3775918290898853e+41	1.5243848597009299e+41	8.953476892350775e+40	6.127075812709641e+40	3.5490493865865694e+40	9.985833857594426e+39	5.106967120931796e+39	2.0040386255767787e+39	1.0267757272679548e+41	5.450233337490041e+40	3.5490493865865694e+40	2.4346562226153663e+40
52154.348591660506	9.829531298551328e+41	2.207394221480416e+41	1.4352915369358815e+41	8.532030142744541e+40	5.876592213109766e+40	3.428724903850309e+40	9.753375391234736e+39	5.006693119596396e+39	1.9720743090658027e+39	9.757914771097878e+40	5.236498687976272e+40	3.428724903850309e+40	2.36142675191324e+40
55409.5100998295	7.87455125872511e+41	2.036934462588942e+41	1.3449731834084726e+41	8.100725440953738e+40	5.61906964112588e+40	3.3044617285504743e+40	9.512234762637483e+39	4.90264435185496e+39	1.9389401430289773e+39	9.2372135190256e+40	5.016505291440173e+40	3.3044617285504743e+40	2.2856461661778195e+40
58868.71943485349	6.316128166946491e+41	1.867403291168172e+41	1.2539283722571504e+41	7.661359342798071e+40	5.355396867710072e+40	3.1765990778589356e+40	9.262911133958451e+39	4.795040637848995e+39	1.9047174800018092e+39	8.7079824448043005e+40	4.790972141774781e+40	3.1765990778589356e+40	2.20749679793295e+40
62544.799231444274	5.07369270459753e+41	1.7000426566153203e+41	1.1626895026338017e+41	7.215867300048987e+40	5.086527740687105e+40	3.045494204693644e+40	9.005887887112741e+39	4.684086470782223e+39	1.8694799158950075e+39	8.1727290031315805e+40	4.560668759373324e+40	3.045494204693644e+40	2.1271666594251677e+40
66451.37818050075	4.082815401038648e+41	1.5361304535076995e+41	1.071821511949656e+41	6.766335600213088e+40	4.813491439553863e+40	2.9115279508449674e+40	8.741641784934684e+39	4.5699745302771453e+39	1.8332942904792838e+39	7.634149771918556e+40	4.3264243869201833e+40	2.9115279508449674e+40	2.0448527664803022e+40
70602.94168561762	3.2920757295693126e+41	1.3769588993507154e+41	9.819183589067627e+40	6.315008030614593e+40	4.5374010275898155e+40	2.775110037461e+40	8.470652211803499e+39	4.4528891984942837e+39	1.7962216635142794e+39	7.095133284729056e+40	4.089136009937895e+40	2.775110037461e+40	1.9607644155713456e+40
75014.88570359292	2.660503153687349e+41	1.2238063154636486e+41	8.935968841510422e+40	5.864285671710923e+40	4.259459604934913e+40	2.636683903983153e+40	8.193410418051153e+39	4.3330100629627935e+39	1.758318262618066e+39	6.558753004083493e+40	3.8497746711000147e+40	2.636683903983153e+40	1.875126340594664e+40
79703.57396906095	2.1554972696114613e+41	1.0779026016334096e+41	8.074877233776655e+40	5.416718104007142e+40	3.980963256324563e+40	2.4967308616652726e+40	7.910428663740235e+39	4.2105153836360976e+39	1.7196363979636623e+39	6.02824826901231e+40	3.609389453008527e+40	2.4967308616652726e+40	1.7881816550368454e+40
84686.39881595394	1.751145348695249e+41	9.403894029220235e+40	7.242230786772806e+40	4.974984288305508e+40	3.703299888832462e+40	2.355773275893872e+40	7.622249109826302e+39	4.085585487224426e+39	1.680225335140322e+39	5.506991144492621e+40	3.369108412429498e+40	2.355773275893872e+40	1.7001944586846163e+40
89981.84582186234	1.4268668667115242e+41	8.122768263384424e+40	6.444213656724177e+40	4.541861533856216e+40	3.4279430062116967e+40	2.2143764458634978e+40	7.329452262700695e+39	3.958406041253704e+39	1.640132115507328e+39	4.998437469546707e+40	3.130135689682709e+40	2.2143764458634978e+40	1.6114519630783615e+40
95609.5625155712	1.1663252626989664e+41	6.943994871671925e+40	5.686690484012523e+40	4.1201813455699047e+40	3.156439480102481e+40	2.0731488088434117e+40	7.03266472323835e+39	3.8291711441475044e+39	1.5994023095120888e+39	4.506061099710197e+40	2.893743997415329e+40	2.0731488088434117e+40	1.5222659632531506e+40
101590.43140315007	9.565568531143896e+40	5.873755169272697e+40	4.975003469259757e+40	3.712771621449037e+40	2.8903905003438316e+40	1.93274007532593e+40	6.732565947526324e+39	3.698086157157747e+39	1.558080686931811e+39	4.0332714573816037e+40	2.661261750152393e+40	1.93274007532593e+40	1.4329734631319821e+40
107946.64758402393	7.872753567279041e+40	4.915727549976298e+40	4.313759242610482e+40	3.322385683451284e+40	2.6314251414899017e+40	1.793836906484249e+40	6.429893686918664e+39	3.5653701952293414e+39	1.516211787259637e+39	3.583316049837344e+40	2.434054249240357e+40	1.793836906484249e+40	1.343936249188592e+40
114701.80124551045	6.503178491863353e+40	4.070864648161429e+40	3.706620785165809e+40	2.9516199774613587e+40	2.3811664032853094e+40	1.657155791089657e+40	6.125447754292715e+39	3.4312581930328533e+39	1.4738403757395655e+39	3.1591715517216106e+40	2.213498616615941e+40	1.657155791089657e+40	1.255539208487995e+40
121880.96534244061	5.392042157536595e+40	3.3373237803446984e+40	3.1561230575008924e+40	2.6028239016624765e+40	2.1411901794093022e+40	1.523432874843957e+40	5.820091763538953e+39	3.2960024693864644e+39	1.4310117757641358e+39	2.763429222997061e+40	2.000952589156302e+40	1.523432874843957e+40	1.1681872069073028e+40
129510.78878774903	4.487874089235947e+40	2.710575860848922e+40	2.6635326653324586e+40	2.2780069680326143e+40	1.9129783700425056e+40	1.3934106501877389e+40	5.514752517251375e+39	3.1598737302689384e+39	1.3877720772594745e+39	2.398182577157125e+40	1.7977178443969795e+40	1.3934106501877389e+40	1.0823003862980078e+40
137619.59550040244	3.749761610762124e+40	2.183698343196718e+40	2.2287709321148697e+40	1.9787501180039167e+40	1.6978682273775182e+40	1.2678216299108294e+40	5.210416768753846e+39	3.023161473939092e+39	1.3441682318862622e+39	2.0649269371827872e+40	1.6049991999295107e+40	1.2678216299108294e+40	9.983078071987585e+39
146237.48967880418	3.145153792484527e+40	1.7478339080873386e+40	1.8504155519958006e+40	1.7061291883361136e+40	1.4970009266309436e+40	1.147369403849457e+40	4.908125173235815e+39	2.886173797179545e+39	1.3002480617110548e+39	1.7644813769483032e+40	1.4238617645983528e+40	1.147369403849457e+40	9.166394612824678e+39
155396.46769094982	2.648123657964808e+40	1.3927728409160676e+40	1.5257884860599256e+40	1.460658875849567e+40	1.3112731373780909e+40	1.0327077887632684e+40	4.6089633342163473e+39	2.749236630371205e+39	1.256060221224679e+39	1.4969430797652654e+40	1.2551888138612918e+40	1.0327077887632684e+40	8.377167958868666e+39
165130.53699719973	2.2379938329826583e+40	1.1075984597432187e+40	1.2511277279380873e+40	1.242264794490983e+40	1.1412958850371776e+40	9.244191103413279e+39	4.314049968434181e+39	2.612692460841763e+39	1.2116541670665378e+39	1.261682088319847e+40	1.0996437109804213e+40	9.244191103413279e+39	7.61942033618999e+39
175475.84254767356	1.8982499946392262e+40	8.813260202812602e+39	1.0218295306267235e+40	1.050289172348821e+40	9.873650583976057e+39	8.229929558714065e+39	4.024522323121314e+39	2.4768986209114948e+39	1.1670801986070105e+39	1.0573807329969352e+40	9.576394540992356e+39	8.229929558714065e+39	6.896867181575412e+39
186470.8011240502	1.6156818979117114e+40	7.034686755723055e+39	8.32737764252847e+39	8.835324714790068e+39	8.494473973676937e+39	7.288069542441652e+39	3.7415190624245397e+39	2.3422252051770915e+39	1.122389629564127e+39	8.82117057448553e+39	8.29319268609894e+39	7.288069542441652e+39	6.212800567330333e+39
198156.24412508414	1.3797042074223463e+40	5.644788168996299e+39	6.784504755791877e+39	7.403291399812278e+39	7.271846617097604e+39	6.421112459023636e+39	3.4661609609527593e+39	2.2090526731507414e+39	1.0776351479497956e+39	7.334860857272746e+39	7.145510328796135e+39	6.421112459023636e+39	5.569977592009651e+39
210575.5693265305	1.1818192225937127e+40	4.560358706085294e+39	5.53611935187167e+39	6.186513935016459e+39	6.199169427180994e+39	5.630182158837337e+39	3.19952979005171e+39	2.0777691275320107e+39	1.0328713930742846e+39	6.087477135082602e+39	6.129371675205819e+39	5.630182158837337e+39	4.970521478105504e+39
223774.90217952649	1.015191558940361e+40	3.711770900607658e+39	4.5316208324280094e+39	5.1623125377614246e+39	5.2672399902687516e+39	4.9149879175657676e+39	2.94264591754651e+39	1.94876721982889e+39	9.881557554550049e+38	5.04986482888251e+39	5.2384009013491836e+39	4.9149879175657676e+39	4.4158434387801734e+39
237803.26724692705	8.743111107376451e+39	3.0429029392549773e+39	3.7252340080431207e+39	4.30688726453946e+39	4.4648132507497355e+39	4.2738610592918957e+39	2.696445232553308e+39	1.8224405581311965e+39	9.43549359316596e+38	4.192672199010931e+39	4.4642157575836934e+39	4.2738610592918957e+39	3.9065927635385536e+39
252712.77041477294	7.547256693099074e+39	2.5100270069589803e+39	3.077160296774978e+39	3.5965357393308237e+39	3.779258380952271e+39	3.703866621057399e+39	2.4617562120434052e+39	1.6991794728164485e+39	8.991181542151607e+38	3.487718625609531e+39	3.796927018515692e+39	3.703866621057399e+39	3.442641203754941e+39
268558.7925561157	6.528285233780539e+39	2.0800608842358496e+39	2.5540294512533102e+39	3.008696869873339e+39	3.197249106056401e+39	3.2009836708340215e+39	2.2392781424481307e+39	1.5793659897761045e+39	8.549340025707032e+38	2.9090643166791256e+39	3.2256975577461606e+39	3.2009836708340215e+39	3.0231053152466e+39
285400.19536698994	5.656895064912707e+39	1.7285622181331086e+39	2.128759512758931e+39	2.5227427139116698e+39	2.705422541585535e+39	2.7603401813682463e+39	2.02956172523285e+39	1.4633679111048625e+39	8.110756215457491e+38	2.433722096454738e+39	2.7393082788324906e+39	2.7603401813682463e+39	2.6464071729595883e+39
303299.5401395615	4.9092044072016386e+39	1.4377639215345237e+39	1.779987497424254e+39	2.1204822865698466e+39	2.2909493561283302e+39	2.376482042101058e+39	1.832993485410381e+39	1.351532022420556e+39	7.676292297741698e+38	2.0420067225882747e+39	2.326679518142151e+39	2.376482042101058e+39	2.3103701344152568e+39
322323.320285567	4.2656786713445033e+39	1.1948428825937499e+39	1.4912490930675014e+39	1.7863832630616956e+39	1.9419741045816528e+39	2.0436520133693966e+39	1.6497854591744203e+39	1.2441766085078278e+39	7.24688758603673e+38	1.7175644753098472e+39	1.977305574811309e+39	2.0436520133693966e+39	2.0123425362469568e+39
342542.2084742603	3.7102746116562715e+39	9.905120113918202e+38	1.2500681582683983e+39	1.507552075665052e+39	1.6479054673948e+39	1.7560540097389792e+39	1.479971463902113e+39	1.1415836275323138e+39	6.823555078191899e+38	1.4471575569555553e+39	1.6815748330088182e+39	1.7560540097389792e+39	1.7493389750687978e+39
364031.3193034061	3.2297573285881455e+39	8.179468129910625e+38	1.0470783052064148e+39	1.2735346358797908e+39	1.3995577508991967e+39	1.5080813939488937e+39	1.3234108900659212e+39	1.0439910868188792e+39	6.407371790674231e+38	1.2202910787917106e+39	1.4309656084983662e+39	1.5080813939488937e+39	1.5181869372398623e+39
386870.4884795882	2.813155235130853e+39	6.720088146512232e+38	8.75252724238633e+38	1.0760069198006863e+39	1.1891629894993859e+39	1.294494137464637e+39	1.1798002948540317e+39	9.515862745481453e+38	5.9994627355276626e+38	1.0287663605623118e+39	1.2181245849545664e+39	1.294494137464637e+39	1.3156662666309048e+39
411144.5695454615	2.451325339553891e+39	5.487067507899652e+38	7.292762282211652e+38	9.084190937530992e+38	1.0102847249068509e+39	1.1105376730136695e+39	1.0486922825982059e+39	8.645005471610342e+38	5.600979113789607e+38	8.662281904595788e+38	1.036847698864492e+39	1.1105376730136695e+39	1.1386305678762668e+39
436943.74925679865	2.1366067068967453e+39	4.448343685221622e+38	6.0506185973756975e+38	7.656428658152392e+38	8.576688672988007e+38	9.520042930832531e+38	9.295202892353661e+38	7.828062813764602e+38	5.213071891712936e+38	7.277518893352141e+38	8.819906547711936e+38	9.520042930832531e+38	9.841027295065333e+38
464363.8827814933	1.86254439924798e+39	3.577323510385493e+38	4.993953827740944e+38	6.436544919508273e+38	7.27064903374703e+38	8.152446607093502e+38	8.21627190763438e+38	7.065164170627081e+38	4.836862541155452e+38	6.0949450299452375e+38	7.493377855241431e+38	8.152446607093502e+38	8.493407933980454e+38
493506.8499663631	1.6236696102256396e+39	2.851340795087146e+38	4.096828336004182e+38	5.3926951991868664e+38	6.150440360343275e+38	6.971412590619282e+38	7.242952225486344e+38	6.355867249444145e+38	4.473413083556508e+38	5.08417059643147e+38	6.354546708699167e+38	6.971412590619282e+38	7.318744766056318e+38
524480.9339958983	1.4153244527187787e+39	2.2506659602858974e+38	3.337757292134912e+38	4.4993268300867105e+38	5.188321911190573e+38	5.9505713313912225e+38	6.367746579326623e+38	5.6992059782855985e+38	4.12369768774986e+38	4.220733068683812e+38	5.3754372270644474e+38	5.9505713313912225e+38	6.2951604772526875e+38
557401.2238503308	1.2335221301274012e+39	1.7578739223552386e+38	2.698520364371678e+38	3.735583123561925e+38	4.3616744156474026e+38	5.067724134899854e+38	5.583090782798984e+38	5.093758641980478e+38	3.7885779823085855e+38	3.484544482262476e+38	4.533148560158016e+38	5.067724134899854e+38	5.403514657275722e+38
592390.0420588611	1.074835000021604e+39	1.3574423339908798e+38	2.1633585725895265e+38	3.084127380168345e+38	3.651846723446233e+38	4.3041857054510756e+38	4.881557328357162e+38	4.5377288448418775e+38	3.468783755075974e+38	2.8587771176629314e+38	3.808769279069322e+38	4.3041857054510756e+38	4.627184650818361e+38
629577.3993379034	9.363045579595672e+38	1.0354964451892061e+38	1.718434516929924e+38	2.530293177192352e+38	3.0432589324378858e+38	3.644171358866016e+38	4.25600330021073e+38	4.029030960017261e+38	3.1649000708816596e+38	2.3290749706371464e+38	3.186508391597991e+38	3.644171358866016e+38	3.9517785194193934e+38
669101.477804144	8.1536861280296e+38	7.796453540218941e+37	1.3514698295773224e+38	2.061476550576351e+38	2.522723337363584e+38	3.0742652334390957e+38	3.6996641677119576e+38	3.5653722209452916e+38	2.8773610678817404e+38	1.8829990313562235e+38	2.6530225759855414e+38	3.0742652334390957e+38	3.364830250822457e+38
711109.1445584244	7.098019414957283e+38	5.788727071845025e+37	1.051501213098318e+38	1.666702134849386e+38	2.0789379408122034e+38	2.5829811879683534e+38	3.2062013617887817e+38	3.1443253564164554e+38	2.60644992880872e+38	1.5096369092488735e+38	2.1969059268254754e+38	2.5829811879683534e+38	2.8555112778956695e+38
755756.497549363	6.176675049046834e+38	4.2345682494194586e+37	8.087152964824889e+37	1.3363122975447267e+38	1.702110315874e+38	2.1604117373550998e+38	2.7697150306639104e+38	2.7633880662181292e+38	2.352303816150628e+38	1.199326847050503e+38	1.8083063013755404e+38	2.1604117373550998e+38	2.414376713774416e+38
803209.4457456253	5.372760164270701e+38	3.049034526709497e+37	6.143352985731158e+37	1.0617429908147134e+38	1.38367738277576e+38	1.797952301174652e+38	2.3847344254310678e+38	2.420028507762773e+38	2.114922309472997e+38	9.43461438553529e+37	1.4786367245531881e+38	1.797952301174652e+38	2.0331526671276017e+38
853644.3257733007	4.671521338667794e+38	2.158800535456176e+37	4.605406656742752e+37	8.353608638377213e+37	1.1160948426313504e+38	1.4880854267706564e+38	2.0461967461091115e+38	2.111718098473952e+38	1.894177734492546e+38	7.34346964317088e+37	1.2003566392204553e+38	1.4880854267706564e+38	1.7045627599811217e+38
907248.5573104135	4.060059582252769e+38	1.5014492673938807e+37	3.4040640863840704e+37	6.503439574271092e+37	8.926773523881658e+37	1.2242108223196067e+38	1.749422528000611e+38	1.835954459174894e+38	1.6898260298300575e+38	5.651015949606749e+37	9.668043279414666e+37	1.2242108223196067e+38	1.4221879344372244e+38
964221.3396746994	3.527088284210971e+38	1.0246779860047217e+37	2.4785266365968414e+37	5.005934949152972e+37	7.074761097049634e+37	1.0005097213804381e+38	1.4900924508371002e+38	1.5902778734286558e+38	1.5015172403817152e+38	4.295805232069878e+37	7.720671885553159e+37	1.0005097213804381e+38	1.1803524898851563e+38
1024774.3921939519	3.062726212692767e+38	6.854115792239075e+36	1.7759776084361263e+37	3.806676688901608e+37	5.551844217534829e+37	8.118350122888502e+37	1.264227574504753e+38	1.372284319980507e+38	1.3288052178890649e+38	3.2231923668806034e+37	6.108804699200609e+37	8.118350122888502e+37	9.74029877381923e+37
1089132.741111051	2.6583196987551266e+38	4.488362789395408e+36	1.2511029694618678e+37	2.85730643804297e+37	4.3106454389647535e+37	6.536212197975049e+37	1.0681731193215998e+38	1.1796374580368584e+38	1.1711567099835322e+38	2.3848836324063164e+37	4.785478797451141e+37	6.536212197975049e+37	7.987633135480819e+37
1157535.5559488623	2.3062889006480515e+38	2.873803241201038e+36	8.655742417323966e+36	2.1151140033331412e+37	3.308905817642741e+37	5.218101009022116e+37	8.985845262394402e+37	1.010080659868679e+38	1.0279601673318098e+38	1.738549610295816e+37	3.708790449089048e+37	5.218101009022116e+37	6.505975548158913e+37
1230237.0384441614	1.999994500016438e+38	1.7967677587011499e+36	5.874816754135201e+36	1.5426831689474376e+37	2.5090347324725346e+37	4.127890646321912e+37	7.524144070109303e+37	8.614494275934836e+37	8.985349102885894e+37	1.2474647784928568e+37	2.841400610250796e+37	4.127890646321912e+37	5.2601964564460285e+37
1307507.367355307	1.733621684911207e+38	1.0954623214124654e+36	3.907182140383719e+36	1.1075626610431517e+37	1.8777469667981167e+37	3.233402846685954e+37	6.26899058845931e+37	7.316837040616157e+37	7.821411582793135e+37	8.80146208990414e+36	2.150139693025062e+37	3.233402846685954e+37	4.2190724470099806e+37
1389633.7026562893	1.5020788628170776e+38	6.5035115773886455e+35	2.5432495108346955e+36	7.819387020237483e+36	1.385758909182351e+37	2.5059879365686284e+37	5.195436819209047e+37	6.18839207572264e+37	6.779912212352163e+37	6.099736973028045e+36	1.6056847384882643e+37	2.5059879365686284e+37	3.354836864722996e+37
1476921.252850799	1.3009090890853472e+38	3.75392450038119e+35	1.61815970756867e+36	5.422938035213806e+36	1.0075205092180107e+37	1.920180722578234e+37	4.281060056656864e+37	5.210968931816218e+37	5.8526191137387795e+37	4.1478276795960577e+36	1.1822860110857656e+37	1.920180722578234e+37	2.6427923147557983e+37
1569694.4093749519	1.126212412882633e+38	2.103382563163716e+35	1.0050434062031782e+36	3.690438550152076e+36	7.209638496739245e+36	1.4534169157484454e+37	3.5057842632984795e+37	4.367697408038398e+37	5.031078876342395e+37	2.76429832957446e+36	8.575231898265637e+36	1.4534169157484454e+37	2.06097976456421e+37
1668297.9523071337	9.74577750334515e+37	1.1421361580348032e+35	6.085191739142156e+35	2.4615259463486553e+36	5.072541344812069e+36	1.0857965987436594e+37	2.851691402364805e+37	3.6430642831448694e+37	4.306754711553107e+37	1.8033553088459523e+36	6.120752831567036e+36	1.0857965987436594e+37	1.5898989605333335e+37
1773098.3318690911	8.430230074540184e+37	5.999537224953145e+34	3.586360528327273e+35	1.6072817559267573e+36	3.505335297343926e+36	7.998816537697937e+36	2.3028288344550213e+37	3.0229173621583585e+37	3.6711628293002247e+37	1.1501703330930047e+36	4.294921525962514e+36	7.998816537697937e+36	1.2122735848143071e+37
1884485.030484883	7.289424943081021e+37	3.043061598688656e+34	2.0542602154000643e+35	1.02610941777952e+36	2.37653252768589e+36	5.805155237858686e+36	1.8450198355524214e+37	2.494439073007855e+37	3.1160008543446444e+37	7.162306087208662e+35	2.959599230616201e+36	5.805155237858686e+36	9.128540649370626e+36
2002872.0104647367	6.300606107861068e+37	1.487465272791396e+34	1.1417624730408973e+35	6.396398086418529e+35	1.578934762323105e+36	4.1465493008832815e+36	1.465682819201494e+37	2.0460933568124055e+37	2.6332617298438927e+37	4.34860731178098e+35	2.000564386497939e+36	4.1465493008832815e+36	6.782498140826096e+36
2128699.2527003875	5.443911390946451e+37	6.992471750971497e+33	6.147169105359782e+34	3.887899334635032e+35	1.0267460184118403e+36	2.912058113543334e+36	1.153664426015627e+37	1.6675522158668956e+37	2.2153289615021144e+37	2.5705165190214022e+35	1.3249706251880238e+36	2.912058113543334e+36	4.9678324714925056e+36
2262434.392098413	4.702014466896929e+37	3.154418742824667e+33	3.2001855135374376e+34	2.3009094797238457e+35	6.526602403377643e+35	2.0085793342745156e+36	8.990894032292706e+36	1.3496083454773194e+37	1.8550501518783398e+37	1.4770578478121166e+35	8.587410564223739e+35	2.0085793342745156e+36	3.583580222487728e+36
2404574.4558397043	4.059809625399373e+37	1.3624457378127305e+33	1.6078895516520666e+34	1.3238053473897356e+35	4.050013352287599e+35	1.3591526244659587e+36	6.932284142319937e+36	1.0840801000254264e+37	1.5457874891798986e+37	8.237230635051173e+34	5.439551414928406e+35	1.3591526244659587e+36	2.5433500288605072e+36
2555647.7109381063	3.5041349210255465e+37	5.620613158322356e+32	7.78135942917685e+33	7.392473420174173e+34	2.4499776604062252e+35	9.012182863231591e+35	5.2838374988873365e+36	8.63714875582621e+36	1.2814461807912943e+37	4.450768394118529e+34	3.362979995682814e+35	9.012182863231591e+35	1.7741110512278806e+36
2716215.627980897	3.0235286355850265e+37	2.209073183353749e+32	3.6196312279926906e+33	4.0000117278963573e+34	1.4426629303655814e+35	5.848477213779349e+35	3.9779119290143494e+36	6.820953495363753e+36	1.0564826086983579e+37	2.325861366287849e+34	2.026433566956719e+35	5.848477213779349e+35	1.2149764468674308e+36
2886874.968369952	2.6080153895952815e+37	8.249671852883694e+31	1.6148264596240127e+33	2.093462321024101e+34	8.256443857962644e+34	3.709794835750774e+35	2.9553567570904055e+36	5.335520876657244e+36	8.65895414843016e+36	1.1733081890472234e+34	1.1883467331998289e+35	3.709794835750774e+35	8.159671831849885e+35
3068260.0028470224	2.248918392274522e+37	2.9190359227175198e+31	6.893380887378561e+32	1.0577609512207764e+34	4.585013633845788e+34	2.297035135938321e+35	2.1647778241611648e+36	4.1308458672511236e+36	7.052031647283292e+36	5.702447949637575e+33	6.771423098814294e+34	2.297035135938321e+35	5.367573819721962e+35
3261044.8695815713	1.9386946321159187e+37	9.757282894475921e+30	2.8088086115553577e+32	5.14957997100184e+33	2.4664105464623177e+34	1.3863849510428818e+35	1.5618804343605802e+36	3.1629159844929726e+36	5.704123802278967e+36	2.66457375226961e+33	3.7430997719300547e+34	1.3863849510428818e+35	3.454160205098071e+35
3465946.080627333	1.6707902927489316e+37	3.071471323328754e+30	1.089626032778027e+32	2.4105506191661686e+33	1.2828812863738775e+34	8.144339709704497e+34	1.1088625684896166e+36	2.3931063476812428e+36	4.5797962275210775e+36	1.1944274968391746e+33	2.0037781480479446e+34	8.144339709704497e+34	2.17169571298017e+35
3683725.186116686	1.4395141995362252e+37	9.075298672274265e+29	4.013476709821012e+31	1.0826090130607093e+33	6.439951069945116e+33	4.649528985319935e+34	7.738358989194472e+35	1.7876584943646895e+36	3.6477094986118494e+36	5.1245485199215034e+32	1.0369267850022139e+34	4.649528985319935e+34	1.332150119055569e+35
3915191.606162812	1.2399268640417648e+37	2.5082137774902962e+29	1.3996253817288917e+31	4.654131082453579e+32	3.113790688916885e+33	2.5753372002598874e+34	5.302580054872412e+35	1.3172287275899194e+36	2.8802125924617434e+36	2.0992313608657683e+32	5.177252600261295e+33	2.5753372002598874e+34	7.96125783699902e+34
