#t	Le	U	B	V	R	I	J	H	K	g	r	i	z
#----------------------------------------------- 
3.15197801850754	0.0	0.0	0.0	0.0	0.0	0.0	0.0	0.0	0.0	0.0	0.0	0.0	0.0
3.2477678170924973	0.0	0.0	0.0	0.0	0.0	0.0	0.0	0.0	0.0	0.0	0.0	0.0	0.0
3.4312585773847686	0.0	0.0	0.0	0.0	0.0	0.0	0.0	0.0	0.0	0.0	0.0	0.0	0.0
3.630652755625702	0.0	0.0	0.0	0.0	0.0	0.0	0.0	0.0	0.0	0.0	0.0	0.0	0.0
3.847153334139061	0.0	0.0	0.0	0.0	0.0	0.0	0.0	0.0	0.0	0.0	0.0	0.0	0.0
4.082402062644296	0.0	0.0	0.0	0.0	0.0	0.0	0.0	0.0	0.0	0.0	0.0	0.0	0.0
4.3382309999639395	0.0	0.0	0.0	0.0	0.0	0.0	0.0	0.0	0.0	0.0	0.0	0.0	0.0
4.616657444490432	0.0	0.0	0.0	0.0	0.0	0.0	0.0	0.0	0.0	0.0	0.0	0.0	0.0
4.919894377219633	0.0	0.0	0.0	0.0	0.0	0.0	0.0	0.0	0.0	0.0	0.0	0.0	0.0
5.2503637517211255	0.0	0.0	0.0	0.0	0.0	0.0	0.0	0.0	0.0	0.0	0.0	0.0	0.0
5.610710478660705	0.0	0.0	0.0	0.0	0.0	0.0	0.0	0.0	0.0	0.0	0.0	0.0	0.0
6.003816417565383	0.0	0.0	0.0	0.0	0.0	0.0	0.0	0.0	0.0	0.0	0.0	0.0	0.0
6.432813984707685	0.0	0.0	0.0	0.0	0.0	0.0	0.0	0.0	0.0	0.0	0.0	0.0	0.0
6.901099059722711	0.0	0.0	0.0	0.0	0.0	0.0	0.0	0.0	0.0	0.0	0.0	0.0	0.0
7.412342901884566	0.0	0.0	0.0	0.0	0.0	0.0	0.0	0.0	0.0	0.0	0.0	0.0	0.0
7.970502814947838	0.0	0.0	0.0	0.0	0.0	0.0	0.0	0.0	0.0	0.0	0.0	0.0	0.0
8.5798313419507	0.0	0.0	0.0	0.0	0.0	0.0	0.0	0.0	0.0	0.0	0.0	0.0	0.0
9.24488383353323	0.0	0.0	0.0	0.0	0.0	0.0	0.0	0.0	0.0	0.0	0.0	0.0	0.0
9.970524315805813	0.0	0.0	0.0	0.0	0.0	0.0	0.0	0.0	0.0	0.0	0.0	0.0	0.0
10.761929683519613	0.0	0.0	0.0	0.0	0.0	0.0	0.0	0.0	0.0	0.0	0.0	0.0	0.0
11.624592355324793	0.0	0.0	0.0	0.0	0.0	0.0	0.0	0.0	0.0	0.0	0.0	0.0	0.0
12.56432164175984	0.0	0.0	0.0	0.0	0.0	0.0	0.0	0.0	0.0	0.0	0.0	0.0	0.0
13.58724418342252	0.0	0.0	0.0	0.0	0.0	0.0	0.0	0.0	0.0	0.0	0.0	0.0	0.0
14.699803906478904	0.0	0.0	0.0	0.0	0.0	0.0	0.0	0.0	0.0	0.0	0.0	0.0	0.0
15.908762006516591	0.0	0.0	0.0	0.0	0.0	0.0	0.0	0.0	0.0	0.0	0.0	0.0	0.0
17.221197503488174	0.0	0.0	0.0	0.0	0.0	0.0	0.0	0.0	0.0	0.0	0.0	0.0	0.0
18.644508907687634	0.0	0.0	0.0	0.0	0.0	0.0	0.0	0.0	0.0	0.0	0.0	0.0	0.0
20.186417500605167	0.0	0.0	0.0	0.0	0.0	0.0	0.0	0.0	0.0	0.0	0.0	0.0	0.0
21.854972670277505	0.0	0.0	0.0	0.0	0.0	0.0	0.0	0.0	0.0	0.0	0.0	0.0	0.0
23.658559656183513	0.0	0.0	0.0	0.0	0.0	0.0	0.0	0.0	0.0	0.0	0.0	0.0	0.0
25.605909963339833	0.0	0.0	0.0	0.0	0.0	0.0	0.0	0.0	0.0	0.0	0.0	0.0	0.0
27.706114608442803	0.0	0.0	0.0	0.0	0.0	0.0	0.0	0.0	0.0	0.0	0.0	0.0	0.0
29.968640271334653	0.0	0.0	0.0	0.0	0.0	0.0	0.0	0.0	0.0	0.0	0.0	0.0	0.0
32.40334834917623	0.0	0.0	0.0	0.0	0.0	0.0	0.0	0.0	0.0	0.0	0.0	0.0	0.0
35.0205168526172	0.0	0.0	0.0	0.0	0.0	0.0	0.0	0.0	0.0	0.0	0.0	0.0	0.0
37.83086504458446	0.0	0.0	0.0	0.0	0.0	0.0	0.0	0.0	0.0	0.0	0.0	0.0	0.0
40.84558070276529	0.0	0.0	0.0	0.0	0.0	0.0	0.0	0.0	0.0	0.0	0.0	0.0	0.0
44.076349884366316	0.0	0.0	0.0	0.0	0.0	0.0	0.0	0.0	0.0	0.0	0.0	0.0	0.0
47.53538908333303	0.0	0.0	0.0	0.0	0.0	0.0	0.0	0.0	0.0	0.0	0.0	0.0	0.0
51.23547969258526	0.0	0.0	0.0	0.0	0.0	0.0	0.0	0.0	0.0	0.0	0.0	0.0	0.0
55.19000471377698	0.0	0.0	0.0	0.0	0.0	0.0	0.0	0.0	0.0	0.0	0.0	0.0	0.0
59.412987691515966	0.0	0.0	0.0	0.0	0.0	0.0	0.0	0.0	0.0	0.0	0.0	0.0	0.0
63.91913388582754	0.0	0.0	0.0	0.0	0.0	0.0	0.0	0.0	0.0	0.0	0.0	0.0	0.0
68.72387373491273	0.0	0.0	0.0	0.0	0.0	0.0	0.0	0.0	0.0	0.0	0.0	0.0	0.0
73.84340869441908	0.0	0.0	0.0	0.0	0.0	0.0	0.0	0.0	0.0	0.0	0.0	0.0	0.0
79.29475957463049	0.0	0.0	0.0	0.0	0.0	0.0	0.0	0.0	0.0	0.0	0.0	0.0	0.0
85.09581753215635	0.0	0.0	0.0	0.0	0.0	0.0	0.0	0.0	0.0	0.0	0.0	0.0	0.0
91.26539790440398	0.0	0.0	0.0	0.0	0.0	0.0	0.0	0.0	0.0	0.0	0.0	0.0	0.0
97.82329710479023	0.0	0.0	0.0	0.0	0.0	0.0	0.0	0.0	0.0	0.0	0.0	0.0	0.0
104.79035282043863	0.0	0.0	0.0	0.0	0.0	0.0	0.0	0.0	0.0	0.0	0.0	0.0	0.0
112.18850780994376	0.0	0.0	0.0	0.0	0.0	0.0	0.0	0.0	0.0	0.0	0.0	0.0	0.0
120.04087759858078	0.0	0.0	0.0	0.0	0.0	0.0	0.0	0.0	0.0	0.0	0.0	0.0	0.0
128.37182241048487	0.0	0.0	0.0	0.0	0.0	0.0	0.0	0.0	0.0	0.0	0.0	0.0	0.0
137.207023705919	0.0	0.0	0.0	0.0	0.0	0.0	0.0	0.0	0.0	0.0	0.0	0.0	0.0
146.5735657386021	0.0	0.0	0.0	0.0	0.0	0.0	0.0	0.0	0.0	0.0	0.0	0.0	0.0
156.5000225728556	0.0	0.0	0.0	0.0	0.0	0.0	0.0	0.0	0.0	0.0	0.0	0.0	0.0
167.0165510521687	0.0	0.0	0.0	0.0	0.0	0.0	0.0	0.0	0.0	0.0	0.0	0.0	0.0
178.15499024172266	0.0	0.0	0.0	0.0	0.0	0.0	0.0	0.0	0.0	0.0	0.0	0.0	0.0
189.9489679392773	0.0	0.0	0.0	0.0	0.0	0.0	0.0	0.0	0.0	0.0	0.0	0.0	0.0
202.43401487416614	0.0	0.0	0.0	0.0	0.0	0.0	0.0	0.0	0.0	0.0	0.0	0.0	0.0
215.64768731380235	0.0	0.0	0.0	0.0	0.0	0.0	0.0	0.0	0.0	0.0	0.0	0.0	0.0
229.62969881657787	0.0	0.0	0.0	0.0	0.0	0.0	0.0	0.0	0.0	0.0	0.0	0.0	0.0
244.42206201068825	0.0	0.0	0.0	0.0	0.0	0.0	0.0	0.0	0.0	0.0	0.0	0.0	0.0
260.0692413293906	0.0	0.0	0.0	0.0	0.0	0.0	0.0	0.0	0.0	0.0	0.0	0.0	0.0
276.6183174816873	6.03260411711455e+29	1.1174722093603905e+26	6.182532158590722e+25	3.194231053633151e+25	2.0376050951444334e+25	1.0897660265880073e+25	2.71118089232648e+24	1.32848221103178e+24	4.9905822287760384e+23	3.771711537311028e+25	1.7784366615266938e+25	1.0897660265880073e+25	7.153614170842543e+24
294.11916476535606	2.678836214081324e+31	5.574120715359167e+27	3.085212413025556e+27	1.5945757604384656e+27	1.0173924582270777e+27	5.442587597724644e+26	1.3545493000742167e+26	6.638201806082582e+25	2.4940560825729635e+25	1.882696990065723e+27	8.880376557874241e+26	5.442587597724644e+26	3.573187660522546e+26
312.62464366676875	9.98822283211901e+32	2.335025752487769e+29	1.2929665352807228e+29	6.685201600488484e+28	4.266300357665693e+28	2.2828453901700478e+28	5.683778211396053e+27	2.7858238441327346e+27	1.0468206703837997e+27	7.892440200298062e+28	3.724087192247075e+28	2.2828453901700478e+28	1.498951421793223e+28
332.1908094074337	2.3732883436041004e+34	6.235025239040898e+30	3.4540539656746886e+30	1.786614815350211e+30	1.140421947334274e+30	6.103846181048814e+29	1.5203478962252229e+29	7.452861811845842e+28	2.8009627400708135e+28	2.109053185213059e+30	9.955444525071067e+29	6.103846181048814e+29	4.008463902995807e+29
352.87713786386746	3.798274243641186e+35	1.1217160261953768e+32	6.216958640050102e+31	3.217082880982008e+31	2.0539931319988125e+31	1.0996513047590031e+31	2.740192776001878e+30	1.3434688057332457e+30	5.049872051670913e+29	3.7973169844181424e+31	1.7931719994014192e+31	1.0996513047590031e+31	7.222633047741652e+30
374.7467706388229	4.299681184352734e+36	1.427798745082975e+33	7.917270975376249e+32	4.0987413051050055e+32	2.6175437700215648e+32	1.4017586799472716e+32	3.4945756781767527e+31	1.71360315139672e+31	6.442205978683212e+30	4.837502617872903e+32	2.2853148415754567e+32	1.4017586799472716e+32	9.208373680164384e+31
397.86678104725837	3.766780259993629e+37	1.3588748938407709e+34	7.537791513715618e+33	3.9035396257431265e+33	2.493331668936436e+33	1.3355172025551192e+33	3.330529291225662e+32	1.6333517606306085e+32	6.14124427987157e+31	4.6067770995569017e+33	2.1769749604822074e+33	1.3355172025551192e+33	8.774243705366476e+32
422.30846289241686	2.6154838071933996e+38	1.0000151610777814e+35	5.548599863612624e+34	2.874074797413618e+34	1.836012199211517e+34	9.835800830827725e+33	2.4534424530594904e+33	1.2033133085348728e+33	4.524732517944744e+32	3.3916702163757417e+34	1.603113368900145e+34	9.835800830827725e+33	6.462584210134305e+33
448.14764553046666	1.2763901658202647e+39	5.6415363108229666e+35	3.132315328162269e+35	1.623454819433405e+35	1.0374403419645091e+35	5.559878038348345e+34	1.3877045803786713e+34	6.807603028067571e+33	2.5603880191171707e+33	1.915560687088216e+35	9.059234285520249e+34	5.559878038348345e+34	3.6538935690703274e+34
475.4650381313654	5.2314530333053565e+39	2.6118447363152915e+36	1.451016239278999e+36	7.524475735664888e+35	4.8098034219572354e+35	2.5785612272795656e+35	6.439366542615669e+34	3.1595369236165437e+34	1.188558959399484e+34	8.877265581381812e+35	4.200400043448011e+35	2.5785612272795656e+35	1.6949270142005126e+35
504.34660362468514	1.730540201652253e+40	9.990398406818572e+36	5.554300423569369e+36	2.8821748692636916e+36	1.8430274399972573e+36	9.884782011186596e+35	2.4701619667638366e+35	1.2122986591761139e+35	4.561567623794091e+34	3.399830576890811e+36	1.609677550257619e+36	9.884782011186596e+35	6.498967921352119e+35
534.8839672334321	4.930814776983519e+40	3.2597713141211767e+37	1.8136341650135215e+37	9.417214987644417e+36	6.024089637459884e+36	3.2322762519323384e+36	8.082653006388059e+35	3.9677111729903675e+35	1.4933089817588852e+35	1.1106944706350137e+37	5.2618863686010575e+36	3.2322762519323384e+36	2.1256295234073698e+36
567.1748637645659	1.1933430008504979e+41	9.140166191129978e+37	5.089536425193967e+37	2.644681504578903e+37	1.6924753992824229e+37	9.085465249496809e+36	2.2736349508327766e+36	1.116408881526483e+36	4.202938064342266e+35	3.118683993621452e+37	1.478500618503729e+37	9.085465249496809e+36	5.976440811531617e+36
601.3236291757216	2.521224378894725e+41	2.2358285771738063e+38	1.2460709674174433e+38	6.480024867754953e+37	4.148726388564933e+37	2.2282185642766187e+37	5.580534366764481e+36	2.7409462472487466e+36	1.0321818536282753e+36	7.640060165110213e+37	3.624645316705917e+37	2.2282185642766187e+37	1.4661398527549285e+37
637.4417401166377	4.575980508168974e+41	4.771196237406988e+38	2.6618073927463264e+38	1.3855012607791412e+38	8.87495764372873e+37	4.769407535124237e+37	1.1955976194690046e+37	5.874251603491788e+36	2.2128676325365795e+36	1.6331869610546131e+38	7.754920187069534e+37	4.769407535124237e+37	3.1392424716800165e+37
675.6484056190046	7.172296502223921e+41	8.91401010217039e+38	4.9789417709599685e+38	2.5943309896271772e+38	1.6628009946288426e+38	8.94196585374755e+37	2.2439760749867943e+37	1.1029362507078657e+37	4.156454686177496e+36	3.0573776651838684e+38	1.4531852261236361e+38	8.94196585374755e+37	5.887870878857717e+37
716.0712189153269	9.536133570681214e+41	1.4539021840637835e+39	8.132857347137903e+38	4.2433061356358946e+38	2.7216901478782344e+38	1.4648714237257788e+38	3.6809923552961186e+37	1.8101003745274483e+37	6.824755686583507e+36	4.999153105678349e+38	2.3790656705536712e+38	1.4648714237257788e+38	9.650074773536434e+37
758.8468753125687	1.0887074972429204e+42	2.087639087313441e+39	1.1699028924997256e+39	6.113782182000733e+38	3.924946492678604e+38	2.1146726217745033e+38	5.322492879491971e+37	2.618803987632659e+37	9.879731360221679e+36	7.200149038944813e+38	3.4316864178049726e+38	2.1146726217745033e+38	1.39387916202873e+38
804.121963898009	1.0841059192457411e+42	2.6788937101520422e+39	1.504558463492495e+39	7.878088264817212e+38	5.063126819090651e+38	2.731329121283675e+38	6.888187465650738e+37	3.39153868285906e+37	1.28041823995522e+37	9.273780608282377e+38	4.4281446906528e+38	2.731329121283675e+38	1.8016110970717426e+38
852.0538467738111	1.4331270882068994e+42	3.5291995240191074e+39	1.982036380756772e+39	1.0377846649738804e+39	6.669545166375073e+38	3.597833749114707e+38	9.073100271209101e+37	4.467265425567008e+37	1.6865176563900684e+37	1.2216503749266433e+39	5.833064322585247e+38	3.597833749114707e+38	2.3731342953850852e+38
902.8116321795206	1.478042303515048e+42	4.193734678104006e+39	2.3583676638422123e+39	1.2362813975764016e+39	7.95042208477895e+38	4.2920191923831634e+38	1.0836520266236789e+38	5.337740802143361e+37	2.016013922278534e+37	1.4549226567473483e+39	6.954533812540287e+38	4.2920191923831634e+38	2.8322090752947174e+38
956.5772509717754	1.410756468242391e+42	4.819034104487776e+39	2.7150501082537884e+39	1.425605108679067e+39	9.176351034155971e+38	4.959056683722615e+38	1.254140919710885e+38	6.181132783724057e+37	2.3359610148127685e+37	1.677094787675088e+39	8.028902148475982e+38	4.959056683722615e+38	3.27429815425315e+38
1013.5466559589422	1.3384653432508898e+42	5.540144857306813e+39	3.1278562522149164e+39	1.6454024291312157e+39	1.0602045777500439e+39	5.7363044337275074e+38	1.4534018295926113e+38	7.167903497637548e+37	2.7107066857022703e+37	1.9348445308594273e+39	9.278919021445326e+38	5.7363044337275074e+38	3.789988596219167e+38
1073.9364061154463	1.2689063527806778e+42	6.405008446749595e+39	3.624698831367045e+39	1.910757221862294e+39	1.2326148302901686e+39	6.678042662601161e+38	1.6955535579796036e+38	8.368327209139977e+37	3.167078054003465e+37	2.2458005188755055e+39	1.07912630380945e+39	6.678042662601161e+38	4.415481081064608e+38
1137.988628466216	1.2166356182063007e+42	7.446187564370559e+39	4.2246185581945386e+39	2.2320018444414806e+39	1.441639236825238e+39	7.821651505990907e+38	1.9903650791331703e+38	9.831111069512873e+37	3.7237023028149214e+37	2.6220264353644822e+39	1.2625493382351109e+39	7.821651505990907e+38	5.175746540134176e+38
1205.9647436878292	1.1538148338003517e+42	8.590699135592134e+39	4.8882436502212294e+39	2.589299281370281e+39	1.6748143286938298e+39	9.101701248663052e+38	2.3220694487581368e+38	1.1479926717593541e+38	4.35227470263691e+37	3.039957883675495e+39	1.4673293529804583e+39	9.101701248663052e+38	6.02830216348864e+38
1278.144034379164	2.8212595874987505e+42	1.1051361043571035e+40	6.282885217895062e+39	3.3255538800844394e+39	2.1501717087133255e+39	1.167970897876165e+39	2.9777247883483216e+38	1.471787634406751e+38	5.578500525423029e+37	3.905014996587173e+39	1.8835927566313644e+39	1.167970897876165e+39	7.733863643041079e+38
1354.8288265632898	3.136068026119364e+43	2.822051029774596e+40	1.5762278314218322e+40	8.213011504141125e+39	5.264003080772022e+39	2.8307978119602856e+39	7.103901910115622e+38	3.491652505018292e+38	1.315848958966501e+38	9.678921024016466e+39	4.6004116972000494e+39	2.8307978119602856e+39	1.863952071330079e+39
1436.349966313881	1.1961109701638246e+44	4.975655859006049e+40	2.764014387659418e+40	1.4332245967719557e+40	9.161129685093772e+39	4.911122315643758e+39	1.2263608550944685e+39	6.0171222042052376e+38	2.263477739205669e+38	1.6909237674067757e+40	8.0003312551392e+39	4.911122315643758e+39	3.228079267700509e+39
1523.0690724209492	3.097357679215824e+44	7.398201818447946e+40	4.100550023695313e+40	2.1220043469876396e+40	1.3548606501992803e+40	7.253782153194568e+39	1.8076466584613067e+39	8.862748751575825e+38	3.3314252759837665e+38	2.50470275516728e+40	1.1828258997493964e+40	7.253782153194568e+39	4.764453025566741e+39
1615.3830967081765	6.680265647201482e+44	1.0593817141724966e+41	5.8625466848949035e+40	3.029566353308575e+40	1.932801824434342e+40	1.033861625303424e+40	2.5726836385549523e+39	1.2607210081585615e+39	4.736429781403648e+38	3.577097970078968e+40	1.6870201925921754e+40	1.033861625303424e+40	6.787182491215616e+39
1713.7209407086452	9.397389681737175e+44	1.3352192875700907e+41	7.386891436257174e+40	3.816316495477488e+40	2.43438267768546e+40	1.3019425670395545e+40	3.238930741974912e+39	1.5870612532549865e+39	5.961889320355994e+38	4.506303249501164e+40	2.1247349904891e+40	1.3019425670395545e+40	8.546307208724819e+39
1818.551747199528	1.2596001756769722e+45	1.5554589319992095e+41	8.607223598444525e+40	4.447745750236116e+40	2.8375325352004507e+40	1.5177924594690094e+40	3.7769227520639914e+39	1.8508597227141714e+39	6.953599991517095e+38	5.251623064887296e+40	2.476695653494587e+40	1.5177924594690094e+40	9.964123144826809e+39
1930.4043410906922	1.4140584660427826e+45	1.8230319516693017e+41	1.0089026637350626e+41	5.2140276976739005e+40	3.326607190819915e+40	1.7795303406601342e+40	4.4287792187438854e+39	2.1703949237048148e+39	8.154460015772918e+38	6.156244864562136e+40	2.9036273252915654e+40	1.7795303406601342e+40	1.1682898333895036e+40
2049.8725521829274	1.2148683858309985e+45	2.094473846364447e+41	1.159414769261702e+41	5.993075595892441e+40	3.824037852130198e+40	2.045847437139385e+40	5.092345707837722e+39	2.4957064877449984e+39	9.377133660695523e+38	7.075761688946619e+40	3.337898014002822e+40	2.045847437139385e+40	1.3432073151678296e+40
2177.608502447105	7.948169095754097e+44	2.1404260635781455e+41	1.1860531497938586e+41	6.136309620059464e+40	3.9174071035504694e+40	2.097019524212821e+40	5.224517137875184e+39	2.5613173412673022e+39	9.626890481614376e+38	7.24336755674375e+40	3.419867800650473e+40	2.097019524212821e+40	1.3772531961258655e+40
2313.279689485241	4.305098937862043e+44	1.9650689032641384e+41	1.0913188506753975e+41	5.65745337281274e+40	3.6157372342548614e+40	1.9380287021505263e+40	4.838256170578343e+39	2.3736709482793182e+39	8.928276890482282e+38	6.675056008206687e+40	3.1574732370322006e+40	1.9380287021505263e+40	1.2737528275975734e+40
2457.3574196348354	2.8325533561728336e+44	1.8750460450582077e+41	1.0434176056912563e+41	5.418834155995105e+40	3.466704003871237e+40	1.860297237575943e+40	4.65269615336707e+39	2.2841160340911207e+39	8.597180412930074e+38	6.3908810343142e+40	3.028156121818406e+40	1.860297237575943e+40	1.2234568999537505e+40
2610.358901823445	1.9602692785174167e+44	1.8068726294016475e+41	1.007583380737279e+41	5.242488629912822e+40	3.3573771770390507e+40	1.803794123694849e+40	4.519937771969843e+39	2.220434721278483e+39	8.363289266759774e+38	6.18025469914713e+40	2.9334915295968484e+40	1.803794123694849e+40	1.1870942541848034e+40
2772.832950495121	1.3871818696929198e+44	1.7582321803470053e+41	9.825767116386118e+40	5.122204795809306e+40	3.28386180483921e+40	1.7664777214748988e+40	4.435063128579435e+39	2.18024507239226e+39	8.217762849034102e+38	6.035790113248561e+40	2.8700959681610505e+40	1.7664777214748988e+40	1.1633398458841053e+40
2945.3619477973975	1.0996764836147305e+44	1.760009702038229e+41	9.853683013519674e+40	5.145107810480333e+40	3.3015330788465105e+40	1.7778373248072956e+40	4.470927347688799e+39	2.19915583425001e+39	8.294015569758535e+38	6.0605159639894545e+40	2.886252718870116e+40	1.7778373248072956e+40	1.1715042150116347e+40
3128.5639308166415	1.0148935868091011e+44	1.819571125559156e+41	1.020037060253426e+41	5.332280813889844e+40	3.42384131835808e+40	1.8450664261568406e+40	4.64542132897606e+39	2.2859318855098974e+39	8.62496556479557e+38	6.279325198187703e+40	2.9937014277959564e+40	1.8450664261568406e+40	1.2163091033094446e+40
3323.0948146051132	9.953014745612091e+43	1.9002294104213937e+41	1.0664866913958566e+41	5.580849687769597e+40	3.585510210137148e+40	1.9334712863097375e+40	4.8731067332680775e+39	2.3988631761636965e+39	9.054530321194256e+38	6.570483384696955e+40	3.1355519062374434e+40	1.9334712863097375e+40	1.2750614354959467e+40
3529.6507527262534	9.520037551579865e+43	1.9751934081930487e+41	1.1100272003290128e+41	5.815555347354109e+40	3.73876612878067e+40	2.017649303077373e+40	5.091385892325238e+39	2.507383881862263e+39	9.468306774579379e+38	6.844949684842117e+40	3.270163533703194e+40	2.017649303077373e+40	1.331141509918605e+40
3748.970641568326	8.412343843668253e+43	1.9953407961966123e+41	1.1236537409709282e+41	5.897747119031127e+40	3.7954940219123196e+40	2.0506877566865807e+40	5.184438605655386e+39	2.554904684052489e+39	9.654357551312303e+38	6.938762904785945e+40	3.3207097031616056e+40	2.0506877566865807e+40	1.3538356337907125e+40
3981.8387787555334	7.707202235818242e+43	2.083823204507217e+41	1.174950987584962e+41	6.17390937178408e+40	3.9757145675001007e+40	2.1496209021555916e+40	5.4408097590945714e+39	2.6823415521011137e+39	1.0140188894352437e+39	7.261795404319624e+40	3.478982893038508e+40	2.1496209021555916e+40	1.419728258676956e+40
4229.0877010197155	7.073811023543144e+43	2.1825213531270763e+41	1.231918997977688e+41	6.479480831685553e+40	4.1747415569970646e+40	2.2586441111232246e+40	5.722427293663795e+39	2.822176905830774e+39	1.0672709564856165e+39	7.6195213288798585e+40	3.6536822493624986e+40	2.2586441111232246e+40	1.4922571200714258e+40
4491.601206486479	6.678552087066894e+43	2.3605060239763412e+41	1.3325811662850185e+41	7.009744904561048e+40	4.516654703807271e+40	2.4437781735849576e+40	6.192002431893978e+39	3.053842563147659e+39	1.1549102529049382e+39	8.242874385797658e+40	3.952979990850045e+40	2.4437781735849576e+40	1.614624113173316e+40
4770.317574475755	6.323495295226292e+43	2.4164695080436678e+41	1.3657747889773406e+41	7.192091847400508e+40	4.636994709199841e+40	2.5106957560064754e+40	6.368943267249844e+39	3.1424232122016866e+39	1.1889272728079599e+39	8.455183376463032e+40	4.0589877991435837e+40	2.5106957560064754e+40	1.6595144107547243e+40
5066.232992442583	5.897299634906157e+43	2.4727575465583714e+41	1.3986465437255456e+41	7.370864398607802e+40	4.754502245202256e+40	2.575827686332924e+40	6.540800143466067e+39	3.2284666389313965e+39	1.221987435520865e+39	8.663744971105024e+40	4.16240747867747e+40	2.575827686332924e+40	1.703156272342431e+40
5380.405202165045	5.599868456655819e+43	2.554423900748327e+41	1.4445689516736938e+41	7.610923655089922e+40	4.908614276327334e+40	2.65894844901461e+40	6.75173028367288e+39	3.3328884255585236e+39	1.261726156353761e+39	8.946473739706451e+40	4.297164967953811e+40	2.65894844901461e+40	1.7580378315356645e+40
5713.957385543659	5.321578723853714e+43	2.6570746419627667e+41	1.5041510343016857e+41	7.931304679724991e+40	5.117205135711412e+40	2.7728777096165164e+40	7.042277694479462e+39	3.476047333655298e+39	1.3157217289144758e+39	9.32143757060909e+40	4.480182883825623e+40	2.7728777096165164e+40	1.8335889997321764e+40
6068.08230049584	5.042650869470398e+43	2.7642664590740975e+41	1.5666498219931419e+41	8.269339394349678e+40	5.338340694042986e+40	2.894596233206773e+40	7.358924075153441e+39	3.633626595060227e+39	1.375829913587805e+39	9.716434272187148e+40	4.674513671124498e+40	2.894596233206773e+40	1.914773698199411e+40
6444.0466830491	4.760330352423423e+43	2.8747567682734113e+41	1.6313109871864595e+41	8.620169283389578e+40	5.56823484103032e+40	3.0213760342675007e+40	7.689705984456917e+39	3.798432273914928e+39	1.4388057069621312e+39	1.0126091774123008e+41	4.876633015186653e+40	3.0213760342675007e+40	1.999422230604025e+40
6843.1959329311385	4.471622350669241e+43	2.986971447419596e+41	1.697293025503516e+41	8.9795949497873e+40	5.804265011237483e+40	3.151850780521757e+40	8.03136068844052e+39	3.9688660429714826e+39	1.50401385529667e+39	1.0545409933315855e+41	5.084265677805284e+40	3.151850780521757e+40	2.0866513733312091e+40
7266.959100298604	4.174123482436921e+43	3.098945467062761e+41	1.7635396225365733e+41	9.342316927425585e+40	6.04311118988124e+40	3.284284221851941e+40	8.379734502167716e+39	4.142923045393329e+39	1.5707133356054473e+39	1.0968086706854137e+41	5.294528795251193e+40	3.284284221851941e+40	2.1753364954587793e+40
7716.854192196559	3.8668894271444345e+43	3.208436495555166e+41	1.828841485427888e+41	9.70225090006848e+40	6.280955603777661e+40	3.4166761334576444e+40	8.730028289007883e+39	4.3182844745841585e+39	1.6380461722951343e+39	1.1386891462047576e+41	5.504105849122782e+40	3.4166761334576444e+40	2.2641806468830866e+40
8194.493818439121	3.55098826931866e+43	3.3130838072391403e+41	1.891923022787634e+41	1.0052970271765304e+41	6.513763282661033e+40	3.546911344263217e+40	9.077164535856568e+39	4.4924968496711845e+39	1.705104553631004e+39	1.1794188943375205e+41	5.709491138057947e+40	3.546911344263217e+40	2.351812028495525e+40
8701.591197796139	3.2295602821665083e+43	3.4105715077451554e+41	1.9515313739530323e+41	1.0388160699807577e+41	6.737570192446697e+40	3.6729127810203245e+40	9.416164301778022e+39	4.6631561115923503e+39	1.7709997642264062e+39	1.2182477411218017e+41	5.907240844769213e+40	3.6729127810203245e+40	2.4368840867946137e+40
9239.966546655623	2.9074023861673857e+43	3.498763257325238e+41	2.0065097543283072e+41	1.0701994037703122e+41	6.948720133501995e+40	3.792767226364269e+40	9.742456790034217e+39	4.8280588007579787e+39	1.8349187903761003e+39	1.2544831495180018e+41	6.094179428044028e+40	3.792767226364269e+40	2.518157742414201e+40
9811.553873698807	2.5902461109882403e+43	3.5757922502930025e+41	2.055846175668308e+41	1.0989375732676094e+41	7.1440211837705e+40	3.9048082266897505e+40	1.0052083100992736e+40	4.985301532260104e+39	1.8961615632220006e+39	1.2875195429782327e+41	6.267535859864846e+40	3.9048082266897505e+40	2.5945555607028877e+40
10418.40820557041	2.2839511899995706e+43	3.64010558783352e+41	2.098697042111212e+41	1.1246063012007731e+41	7.320819960665936e+40	4.007655213860783e+40	1.0341791805495202e+40	5.133327609417389e+39	1.9541584039099532e+39	1.316852354662303e+41	6.425008195665672e+40	4.007655213860783e+40	2.665187246241144e+40
11062.71327005242	1.9938034570164699e+43	3.6904716476923555e+41	2.134390322454966e+41	1.1468677867412598e+41	7.477008920253612e+40	4.1002169215056247e+40	1.0609046222809384e+40	5.270930482528239e+39	2.0084713035516698e+39	1.3420796447440247e+41	6.564769737743884e+40	4.1002169215056247e+40	2.7293517448141647e+40
11746.789664864278	1.7240275518117177e+43	3.725962477733275e+41	2.1624148828846416e+41	1.165464851904433e+41	7.6109880583578535e+40	4.1816704479814695e+40	1.0851971359410075e+40	5.3972277029556276e+39	2.0587841473454308e+39	1.3628952720871353e+41	6.685435410289766e+40	4.1816704479814695e+40	2.786523377709377e+40
12473.103541928063	1.4775438845299717e+43	3.745922626423276e+41	2.1824022321200394e+41	1.1802111348727426e+41	7.721601305884366e+40	4.251426748327189e+40	1.1069267060459622e+40	5.511618336718275e+39	2.1048867353796817e+39	1.3790774061897368e+41	6.786006030063404e+40	4.251426748327189e+40	2.836329060459766e+40
13244.275838768493	1.2559403595838665e+43	3.749933337144436e+41	2.194105571494793e+41	1.1909798332176662e+41	7.808063492078108e+40	4.3090909869835704e+40	1.1260108127294853e+40	5.613733969165694e+39	2.1466563919800702e+39	1.3904753418249713e+41	6.865804305107276e+40	4.3090909869835704e+40	2.878522119770006e+40
14063.092090677937	1.0595994051120276e+43	3.73777816661291e+41	2.197379475247891e+41	1.197692697641301e+41	7.869888655301875e+40	4.354423472920483e+40	1.1424045467604292e+40	5.703390165755355e+39	2.1840397322537603e+39	1.396996629488686e+41	6.924411953276392e+40	4.354423472920483e+40	2.912956448534813e+40
14932.512859378327	8.879150925213683e+42	3.709413597552519e+41	2.1921621675111575e+41	1.2003102817904017e+41	7.906826068787243e+40	4.387304551620886e+40	1.1560916553150493e+40	5.780542424346305e+39	2.2170360948424453e+39	1.3985957122795747e+41	6.961613486367909e+40	4.387304551620886e+40	2.9395632025493806e+40
15855.68481616548	7.395443801971024e+42	3.664946350558058e+41	2.178461349248616e+41	1.1988239364856424e+41	7.9188070674853735e+40	4.407705083171738e+40	1.1670769152985212e+40	5.845248550071824e+39	2.2456833617731812e+39	1.3952646476033837e+41	6.97734934559984e+40	4.407705083171738e+40	2.9583311002279355e+40
16835.95251993578	6.126521281585152e+42	3.6046178388404785e+41	2.1563438500774137e+41	1.1932496921638062e+41	7.905903579316061e+40	4.4156629755828225e+40	1.175379944689389e+40	5.897637984652862e+39	2.27004636217442e+39	1.3870260839040583e+41	6.97167917208045e+40	4.4156629755828225e+40	2.9692906273803474e+40
17876.87093307838	5.0512550051454806e+42	3.5287954253237776e+41	2.1259289676740975e+41	1.1836239664884567e+41	7.868297958516955e+40	4.411265549997153e+40	1.1810303915298147e+40	5.937887786838077e+39	2.2902077436699783e+39	1.3739284170513341e+41	6.944754858990671e+40	4.411265549997153e+40	2.972501996089896e+40
18982.21872097611	4.1474652407049995e+42	3.437969689151016e+41	2.0873851325104743e+41	1.1700009248805362e+41	7.806263036911112e+40	4.394637155180359e+40	1.1840643517022747e+40	5.966204527861041e+39	2.306261032960797e+39	1.3560429205780749e+41	6.896802439646969e+40	4.394637155180359e+40	2.968046472060541e+40
20156.012383802485	3.3932086152942534e+42	3.3327566622595216e+41	2.040929429664809e+41	1.1524512755202232e+41	7.7201510318741025e+40	4.365931306611894e+40	1.1845218320039213e+40	5.982811196157471e+39	2.3183055433312763e+39	1.3334625875951952e+41	6.8281116268431965e+40	4.365931306611894e+40	2.9560205926762984e+40
21402.521272438964	2.767665069920686e+42	3.2139038611380592e+41	1.9868294706030084e+41	1.1310622710051221e+41	7.61038991264234e+40	4.325326613460443e+40	1.182445072858737e+40	5.987938194652967e+39	2.326442782485236e+39	1.306302408853255e+41	6.739031790349499e+40	4.325326613460443e+40	2.9365327915193405e+40
22726.28354367554	2.25168900750885e+42	3.082298847641438e+41	1.9254070993869197e+41	1.1059386978362914e+41	7.477485913357056e+40	4.273025813655902e+40	1.1778775603709163e+40	5.981817588905731e+39	2.3307740419807013e+39	1.274700819097017e+41	6.629973240340014e+40	4.273025813655902e+40	2.909701984441671e+40
24132.123113407335	1.8280978403767985e+42	2.938978964453847e+41	1.8570434157849668e+41	1.0772046501950194e+41	7.3220310167790565e+40	4.209257323971384e+40	1.1708635808170613e+40	5.964679878960982e+39	2.3313988922750194e+39	1.238822058221156e+41	6.50141280968014e+40	4.209257323971384e+40	2.875657732029275e+40
25625.167670312916	1.4817675158292014e+42	2.7851407831354247e+41	1.7821845870835354e+41	1.0450058982923142e+41	7.144714368819311e+40	4.1342788037152687e+40	1.1614481961811997e+40	5.936752693172722e+39	2.3284143542643232e+39	1.1988592055145471e+41	6.353902855813881e+40	4.1342788037152687e+40	2.834541657455174e+40
27210.86781650667	1.1995949484112862e+42	2.622147670631555e+41	1.7013478930449334e+41	1.0095126694036109e+41	6.94633669312376e+40	4.048382313348779e+40	1.1496775437405725e+40	5.898260922944953e+39	2.3219145634214188e+39	1.155037649130298e+41	6.188082909539058e+40	4.048382313348779e+40	2.786509858425165e+40
28895.01740591235	9.703755156603363e+41	2.4515337336128106e+41	1.615127401553842e+41	9.709226589867972e+40	6.727826840791747e+40	3.951900715233616e+40	1.1355993843291483e+40	5.849427925330186e+39	2.3119907832462203e+39	1.1076187459220202e+41	6.004693269405043e+40	3.951900715233616e+40	2.731736102326647e+40
30683.77515562121	7.846322041665673e+41	2.2750022643626213e+41	1.5241986078118614e+41	9.294640788912235e+40	6.490259624430883e+40	3.8452150087442563e+40	1.1192638420181508e+40	5.79047751242573e+39	2.2987316595696132e+39	1.0569034078889814e+41	5.804589869488897e+40	3.8452150087442563e+40	2.670415632447097e+40
32583.68761029226	6.344228157142315e+41	2.0944167288897507e+41	1.4293212941923642e+41	8.853985297054074e+40	6.234874045384035e+40	3.7287623146476514e+40	1.100724292461115e+40	5.721636522352466e+39	2.282223636293173e+39	1.0032353213398495e+41	5.58875973224008e+40	3.7287623146476514e+40	2.6027694395059874e+40
34601.713544740145	5.131433144547394e+41	1.9117823654198656e+41	1.3313397931039835e+41	8.390234559788235e+40	5.963090929208501e+40	3.6030442236726516e+40	1.0800383682258528e+40	5.643137827470162e+39	2.2625514769198228e+39	9.470034658484636e+40	5.358336257169002e+40	3.6030442236726516e+40	2.529048866718347e+40
36745.24989525707	4.1533893886170304e+41	1.729216670680731e+41	1.2311797792749407e+41	7.906739087283262e+40	5.676528841182227e+40	3.4686352013961724e+40	1.0572690571885396e+40	5.555223682310596e+39	2.239798855165119e+39	8.88643556244419e+40	5.114613492300005e+40	3.4686352013961724e+40	2.4495404180532505e+40
39022.15931594757	3.3652991952937935e+41	1.5489075214657399e+41	1.1298407055812254e+41	7.407233034575354e+40	5.377016970581131e+40	3.3261906970771405e+40	1.0324858747626839e+40	5.458149348219524e+39	2.214048992779507e+39	8.286379890270046e+40	4.859058394661401e+40	3.3261906970771405e+40	2.3645706286801106e+40
41440.79946244094	2.7305524994542447e+41	1.3730584828345703e+41	1.0283830591264477e+41	6.895828301794789e+40	5.066603466758179e+40	3.176454540260713e+40	1.005766092694962e+40	5.352186955875338e+39	2.1853853343220455e+39	7.675138445319765e+40	4.593319919827642e+40	3.176454540260713e+40	2.274510834603876e+40
44010.054111806676	2.219356541504093e+41	1.2038220356858358e+41	9.279097862272103e+40	6.376991528812594e+40	4.747557504404925e+40	3.0202651279560157e+40	9.771960061950796e+39	5.237629580167742e+39	2.1538922569401938e+39	7.058384904119175e+40	4.3192336032897665e+40	3.0202651279560157e+40	2.179781645099644e+40
46739.366234359084	1.807554138222186e+41	1.0432230037554335e+41	8.295415511630658e+40	5.855500408834731e+40	4.42236318759756e+40	2.8585598133783374e+40	9.468722175789181e+39	5.1147955061327816e+39	2.119655819032457e+39	6.442123667179484e+40	4.0388201344196833e+40	2.8585598133783374e+40	2.0808568786317044e+40
49638.77314032226	1.4756183162046302e+41	8.93076270886467e+40	7.343859791634218e+40	5.336376167168223e+40	4.093703320126916e+40	2.692376812562131e+40	9.149029082490247e+39	4.984032659100802e+39	2.0827645548879863e+39	5.832586256667129e+40	3.7542763105988825e+40	2.692376812562131e+40	1.9782666721716033e+40
52718.943832064346	1.2078063854649236e+41	7.549047359837846e+40	6.435016937335929e+40	4.824789985850061e+40	3.7644311346096243e+40	2.5228538598849984e+40	8.81409061630597e+39	4.8457231561764554e+39	2.0433103228267853e+39	5.236094671396059e+40	3.467956739660351e+40	2.5228538598849984e+40	1.8725994184275718e+40
55991.21870082857	9.914546465013031e+40	6.298650187957718e+40	5.578587628444737e+40	4.325942735032808e+40	3.4375283609343877e+40	2.3512227874666573e+40	8.465255882822852e+39	4.700287911991634e+39	2.0013892129465023e+39	4.658892671351567e+40	3.182344791993504e+40	2.3512227874666573e+40	1.764502132275019e+40
59467.65171561973	8.163948354987618e+40	5.186892774626801e+40	4.782980381833204e+40	3.844919665329935e+40	3.1160485953383807e+40	2.1787991967143995e+40	8.104022903069163e+39	4.548191195063603e+39	1.9571025156344584e+39	4.1069494160732666e+40	2.900011646520816e+40	2.1787991967143995e+40	1.6546788025457717e+40
63161.05526118	6.744744112321484e+40	4.216512018322471e+40	4.0549267487756e+40	3.3865247004906896e+40	2.803045872645006e+40	2.006966463622393e+40	7.732045866543641e+39	4.3899449853009985e+39	1.9105577445463198e+39	3.585744071181164e+40	2.623562890388097e+40	2.006966463622393e+40	1.5438862608457868e+40
67085.0477918442	5.591643787615865e+40	3.3856250290027253e+40	3.399156761343114e+40	2.9551024638737e+40	2.501489679497797e+40	1.8371535058933174e+40	7.351139056683745e+39	4.226112932443941e+39	1.8618696989816443e+39	3.100044526635665e+40	2.3555730658441517e+40	1.8371535058933174e+40	1.4329271106799293e+40
71254.10447853601	4.652401917924024e+40	2.6880299577056744e+40	2.818174156558562e+40	2.5543597677033755e+40	2.214169334712288e+40	1.6708060627490077e+40	6.963276363705326e+39	4.0573136536350265e+39	1.8111615375149857e+39	2.6536975433087784e+40	2.09850980492988e+40	1.6708060627490077e+40	1.3226393201510243e+40
75683.61103729573	3.8852317720825194e+40	2.1138303003076655e+40	2.312165835658585e+40	2.18720140131203e+40	1.9435925966919847e+40	1.5093517255557394e+40	6.570585203275679e+39	3.8842230521039166e+39	1.758565822479648e+39	2.2494505648221634e+40	1.854650708580737e+40	1.5093517255557394e+40	1.213882212643611e+40
80389.92093955583	3.2567174449461636e+40	1.6503230191704867e+40	1.8790680081751116e+40	1.8555968837832072e+40	1.6918852920093853e+40	1.354159602375873e+40	6.175333629256736e+39	3.7075752856589176e+39	1.7042254809958292e+39	1.888826060467628e+40	1.6259977597458075e+40	1.354159602375873e+40	1.1075188020887932e+40
85390.41621694884	2.7401331470372477e+40	1.2830499680487473e+40	1.5147933353540716e+40	1.5604946113201605e+40	1.460700356561381e+40	1.206496275801462e+40	5.779909519339909e+39	3.528161980808069e+39	1.6482946175323896e+39	1.57206674288612e+40	1.4141955811312385e+40	1.206496275801462e+40	1.0043947235120998e+40
90703.57208678966	2.3140938939838793e+40	9.968875335541172e+39	1.213601715049472e+40	1.30179691043211e+40	1.2511455060649428e+40	1.0674805381586263e+40	5.3867909381069706e+39	3.3468292737812855e+39	1.590939102402477e+39	1.2981639091125267e+40	1.2204609252061877e+40	1.0674805381586263e+40	9.053143931148705e+39
96349.02563857066	1.9614747888381813e+40	7.770478161233967e+39	9.685763180859292e+39	1.0784037834507147e+40	1.063738409175584e+40	9.380401521357954e+39	4.998507213604433e+39	3.1644722942261336e+39	1.5323368598213232e+39	1.0649718829895792e+40	1.0455310782421722e+40	9.380401521357954e+39	8.110154773467004e+39
102347.64883689667	1.6685471828872892e+40	6.098868457870635e+39	7.721507831281888e+39	8.883250981891999e+39	8.983964170249049e+39	8.188744150252484e+39	4.617590879133833e+39	2.982026780811008e+39	1.4726777822054682e+39	8.6940035119146e+39	8.896380450255311e+39	8.188744150252484e+39	7.221431976519273e+39
108721.62611232413	1.4242893950237112e+40	4.834556651464376e+39	6.166270491858706e+39	7.288518882421366e+39	7.544645969493592e+39	7.10426434333265e+39	4.2465214441706615e+39	2.80045764831051e+39	1.412163209906515e+39	7.076653758744051e+39	7.525133170101983e+39	7.10426434333265e+39	6.392263781218934e+39
115494.5368286138	1.219837530426315e+40	3.877782206487605e+39	4.94627922644229e+39	5.967690643785281e+39	6.307813633419867e+39	6.128686036194925e+39	3.8876629160311906e+39	2.620744511562082e+39	1.3510049368876975e+39	5.755714266181196e+39	6.334248211553358e+39	6.128686036194925e+39	5.626573666072523e+39
122691.4429330242	1.0480484550148175e+40	3.1488414086049475e+39	3.99443037663012e+39	4.885860587888894e+39	5.257761023299819e+39	5.2610373188150223e+39	3.5431980000985824e+39	2.4438644019408277e+39	1.2894237300305089e+39	4.687929341974602e+39	5.31243717947299e+39	5.2610373188150223e+39	4.9267793630520654e+39
130338.98211552907	9.031523560089162e+39	2.586552878034142e+39	3.2524766057230853e+39	4.007601456750369e+39	4.3758881095061634e+39	4.497826913773993e+39	3.2150628442302324e+39	2.2707721786832346e+39	1.2276473831606257e+39	3.8312563069809254e+39	4.4453476064592956e+39	4.497826913773993e+39	4.293729442713232e+39
138465.46682331	7.804767058711321e+39	2.1455801409245395e+39	2.671956447559989e+39	3.2988985551190794e+39	3.641988696987789e+39	3.8333750763141424e+39	2.9048868748363775e+39	2.1023794009990188e+39	1.1659083558689164e+39	3.1468486596453993e+39	3.716607486482745e+39	3.8333750763141424e+39	3.72672868035503e+39
147100.9894986307	6.762270375822014e+39	1.793294254973867e+39	2.214058430867661e+39	2.7286236258611277e+39	3.035493343831089e+39	3.2602686333308115e+39	2.6139425764082856e+39	1.9395326818898328e+39	1.104441077307077e+39	2.6003843496448376e+39	3.108899331945329e+39	3.2602686333308115e+39	3.223654271949611e+39
156277.5344313214	5.873128391539958e+39	1.5067076666309234e+39	1.8487215198573058e+39	2.2694733509148818e+39	2.536547254899649e+39	2.7698939974071545e+39	2.3431098131132266e+39	1.7829927353509395e+39	1.0434790126315753e+39	2.1627266396643963e+39	2.6049544161363255e+39	2.7698939974071545e+39	2.781154443226492e+39
166029.0966416815	5.112092258219229e+39	1.2698107610795826e+39	1.553302348930465e+39	1.8983845103509402e+39	2.1268380804372007e+39	2.3529931992912424e+39	2.0928584333313558e+39	1.633415439943898e+39	9.83251598897428e+38	1.8100009048347598e+39	2.1883781811809085e+39	2.3529931992912424e+39	2.394910957404237e+39
176391.80823572873	4.4584694475038627e+39	1.071454336450372e+39	1.3111018100187786e+39	1.5965075262237537e+39	1.7901342003540168e+39	2.0001881641439486e+39	1.8632514525047507e+39	1.491336247521086e+39	9.239811585724949e+38	1.5232328133201937e+39	1.8442511818262724e+39	2.0001881641439486e+39	2.059939404032648e+39
187404.07270249192	3.89524784720909e+39	9.037810202547516e+38	1.1099655500956757e+39	1.3488609856188421e+39	1.5125396344879115e+39	1.7024273768359915e+39	1.653969180838484e+39	1.3571591317930688e+39	8.658798878588603e+38	1.2877155845999102e+39	1.559488337275746e+39	1.7024273768359915e+39	1.7708974556218237e+39
199106.70765255383	3.408396978963256e+39	7.611275029146418e+38	9.410838959735991e+38	1.14379972900494e+39	1.2825080641747357e+39	1.4513246010995094e+39	1.4643525545641567e+39	1.2311510318701717e+39	8.091470181091447e+38	1.0922615477964795e+39	1.3229743799388639e+39	1.4513246010995094e+39	1.5223723349334685e+39
211543.09652842095	2.9863090707466623e+39	6.392890639905972e+38	7.980389061551343e+38	9.724137796712283e+38	1.0906798300194653e+39	1.2393776196304268e+39	1.293461846359558e+39	1.1134423350121413e+39	7.539662324274288e+38	9.284579901508908e+38	1.1255185782791795e+39	1.2393776196304268e+39	1.3091240433707478e+39
224759.3498506344	2.6193506733764265e+39	5.350412542947219e+38	6.760916710571329e+38	8.279452805106031e+38	9.296114532255962e+38	1.0600723498686485e+39	1.1401453450413204e+39	1.0040334695951092e+39	7.005034281399521e+38	7.900036668420929e+38	9.596842997281521e+38	1.0600723498686485e+39	1.126269372463915e+39
238804.47659897583	2.2995016728458116e+39	4.458332949911593e+38	5.716731605254722e+38	7.0527626461472e+38	7.934599218545361e+38	9.078908083849726e+38	1.0031116700840937e+39	9.028071069807008e+38	6.489049076198019e+38	6.721618284089428e+38	8.1954914092372e+38	9.078908083849726e+38	9.694012890307808e+38
253730.56636578357	2.020063610528549e+39	3.695913200479239e+38	4.82032087857859e+38	6.005099372988582e+38	6.776689845158242e+38	7.782487522261902e+38	8.809994058420793e+38	8.095449445549576e+38	5.992960875573264e+38	5.713352670169576e+38	7.00442605086404e+38	7.782487522261902e+38	8.346471737542209e+38
269592.9829584304	1.7754231028770427e+39	3.0459012022192835e+38	4.0499589404713866e+38	5.106464147390947e+38	5.78687234499564e+38	6.673902426029897e+38	7.724385966247769e+38	7.239475746401665e+38	5.517807972439468e+38	4.847504892460859e+38	5.986948826596998e+38	6.673902426029897e+38	7.186759616427622e+38
286450.57017056167	1.5608592643762522e+39	2.4936731968052217e+38	3.3880936905357112e+38	4.333413797177459e+38	4.937321173648292e+38	5.72263223089265e+38	6.761002204527552e+38	6.4565566340334236e+38	5.064412057184443e+38	4.102301615903105e+38	5.11416363397653e+38	5.72263223089265e+38	6.1866782257901345e+38
304365.8704869192	1.372386532323385e+39	2.0266416241518128e+38	2.8202496322031276e+38	3.667312072969656e+38	4.206024346553966e+38	4.903944035386107e+38	5.90731740524275e+38	5.742706407539471e+38	4.6333838250118916e+38	3.460321601011704e+38	4.363158849104102e+38	4.903944035386107e+38	5.322606741335799e+38
323405.35753464425	1.2066260679248059e+39	1.6338344662588447e+38	2.334270267133315e+38	3.0930808719149254e+38	3.5753485792635585e+38	4.197751183352023e+38	5.1517874149934345e+38	5.093732754202925e+38	4.2251341469837275e+38	2.9073647022336516e+38	3.715575890638386e+38	4.197751183352023e+38	4.574860940930151e+38
343639.6831450437	1.060700482815579e+39	1.3055898814465495e+38	1.9197841072117123e+38	2.5983122122800124e+38	3.0309687074645874e+38	3.587640186613862e+38	4.483943190306939e+38	4.505389755115125e+38	3.83988964063816e+38	2.431654670161925e+38	3.1565177859556904e+38	3.587640186613862e+38	3.927042520941672e+38
365143.93994410697	9.321476253244909e+38	1.0333316833664835e+38	1.5678203972021183e+38	2.1726336948735674e+38	2.5610799740310713e+38	3.0600803226226777e+38	3.894388858196397e+38	3.973491737828701e+38	3.477710714406337e+38	2.023271227230856e+38	2.673733707926601e+38	3.0600803226226777e+38	3.365440507718133e+38
387997.94044777896	8.18850086933549e+38	8.094039290573156e+37	1.2705280656815531e+38	1.8072504748119653e+38	2.1558212875286018e+38	2.6038034232423002e+38	3.3747350583098822e+38	3.493987724812018e+38	3.13851011839226e+38	1.6737398111809357e+38	2.2570160566140857e+38	2.6038034232423002e+38	2.878516824810301e+38
412286.5136993395	7.189776636366023e+38	6.269497199684048e+37	1.0209680836348144e+38	1.4946102907570663e+38	1.8068517722150342e+38	2.2093279477771116e+38	2.917496939136514e+38	3.063001031925111e+38	2.8220700284089286e+38	1.3757308486788057e+38	1.897755451652091e+38	2.2093279477771116e+38	2.456484991615134e+38
438099.82055144676	6.309404916529202e+38	4.7982322338889355e+37	8.129596233169084e+37	1.2281552818902017e+38	1.5070373738838921e+38	1.868598060249252e+38	2.5159808025140806e+38	2.6768419623380663e+38	2.5280561676284742e+38	1.1228365581708427e+38	1.5886106850174383e+38	1.868598060249252e+38	2.0909764412175968e+38
465533.6887647027	5.533509656011614e+38	3.625261709765397e+37	6.409665407059043e+37	1.0021361074800426e+38	1.250216389146723e+38	1.5747106691658308e+38	2.1641762196516015e+38	2.3320030379743773e+38	2.256028269733141e+38	9.094038788134708e+37	1.3232616805847921e+38	1.5747106691658308e+38	1.774781671190132e+38
494689.96916826704	4.8499282241533015e+38	2.701614639732503e+37	5.000142974271265e+37	8.114715910356572e+37	1.0310218583149472e+38	1.321707866715371e+38	1.856663067536785e+38	2.0251457176948647e+38	2.005446969587126e+38	7.30408826327631e+37	1.0962223292819883e+38	1.321707866715371e+38	1.5016511280629566e+38
525676.9142063376	4.247960274499262e+38	1.9839762947243276e+37	3.8562969564378704e+37	6.516422150834981e+37	8.447453698624018e+37	1.104417233255501e+38	1.588536909284952e+38	1.7530858259632356e+38	1.775677980338014e+38	5.81361917976682e+37	9.026967968773689e+37	1.104417233255501e+38	1.2661415866831023e+38
558609.580277542	3.7181631261070924e+38	1.4343891874732813e+37	2.937972627146154e+37	5.186091142332286e+37	6.872314298712097e+37	9.183269525485918e+37	1.3553519057562596e+38	1.5127824744490347e+38	1.5659949310739609e+38	4.5823708854580835e+37	7.384677386071887e+37	9.183269525485918e+37	1.0634960531509997e+38
593610.2553627383	3.2521841391035997e+38	1.0199694518605344e+37	2.209271969777742e+37	4.08752424794741e+37	5.547947509138995e+37	7.594863363585405e+37	1.1530780879232233e+38	1.3013327882962984e+38	1.3755824584482484e+38	3.574183616576009e+37	5.998082891810702e+37	7.594863363585405e+37	8.89547900868552e+37
630808.9135307526	2.842622147662238e+38	7.126090578506119e+36	1.6383064217449597e+37	3.1882429747251075e+37	4.441549675741772e+37	6.24425088828152e+37	9.780688954484641e+37	1.115972596620715e+38	1.2035409591735329e+38	2.7565975834050515e+37	4.834120417726369e+37	6.24425088828152e+37	7.406423789856003e+37
670343.6980115211	2.4829117960931376e+38	4.886461216225581e+36	1.196988900054843e+37	2.4591295332699073e+37	3.523848505753859e+37	5.1008675900650845e+37	8.270351628761498e+37	9.540819146772793e+37	1.0488941129006645e+38	2.100548619973656e+37	3.863369453969581e+37	5.1008675900650845e+37	6.135707780339904e+37
712361.4346323382	2.1672256622892843e+38	3.284962008905993e+36	8.608383154704012e+36	1.8741482510250649e+37	2.7686903214070065e+37	4.1377317936764207e+37	6.970223538676612e+37	8.131931668772105e+37	9.105996162150019e+37	1.5801307071138132e+37	3.059600910664301e+37	4.1377317936764207e+37	5.055140104093075e+37
757018.1775258452	1.8903904488742658e+38	2.1624699978554275e+36	6.087775392687153e+36	1.410124226305689e+37	2.1527101071204177e+37	3.330977632644122e+37	5.853889078472805e+37	6.910000642950732e+37	7.875630981302008e+37	1.1724015965999187e+37	2.399411837052246e+37	3.330977632644122e+37	4.1399359605000424e+37
804479.789138431	1.6478143631405674e+38	1.3922598857356367e+36	4.229126632710341e+36	1.0465596390311282e+37	1.655066337191224e+37	2.659461520619102e+37	4.897844433753202e+37	5.853652775785215e+37	6.786546532975056e+37	8.572121996076557e+36	1.8619296315304357e+37	2.659461520619102e+37	3.3682877931028433e+37
854922.5566953287	1.4354235081076718e+38	8.755511543452023e+35	2.882878493267849e+36	7.65471706377489e+36	1.257225576931058e+37	2.1044309680025279e+37	4.081273039159604e+37	4.943255311947614e+37	5.827270573904954e+37	6.170446074506645e+36	1.428571494258015e+37	2.1044309680025279e+37	2.7209897558543136e+37
908533.8474143525	1.2496057295442283e+38	5.370892029854309e+35	1.9261576800253756e+36	5.512396636607054e+36	9.427841194916724e+36	1.6492470640720578e+37	3.385814952134195e+37	4.1609334497023403e+37	4.986345722682006e+37	4.368477123397821e+36	1.0828470670416538e+37	1.6492470640720578e+37	2.181110364187203e+37
965512.8049044429	1.0871607138098852e+38	3.2092097682185854e+35	1.2598816995481659e+36	3.904512489226861e+36	6.973154800317167e+36	1.2791529694075977e+37	2.795333695814313e+37	3.490551587248444e+37	4.2525120340716933e+37	3.0386318576360347e+36	8.101935101198565e+36	1.2791529694075977e+37	1.7337092937801374e+37
1026071.089338525	9.452554550575189e+37	1.865040565899691e+35	8.05744854912343e+35	2.717423643354785e+36	5.082341750561104e+36	9.810813822574173e+36	2.295685777639167e+37	2.9176602305117513e+37	3.614874031099487e+37	2.0743828678359237e+36	5.978335185279656e+36	9.810813822574173e+36	1.3655947406172676e+37
1090433.6641532183	8.213844279974355e+37	1.052532257756241e+35	5.031828808612897e+35	1.8562665390946366e+36	3.6466783083456274e+36	7.43494187777955e+36	1.874498348109958e+37	2.429413497637561e+37	3.063044307298551e+37	1.3882532071373033e+36	4.346479790907754e+36	7.43494187777955e+36	1.065117629768485e+37
1158839.6322012953	7.133338548436492e+37	5.758677463383229e+34	3.0641996254140556e+35	1.2431454766788044e+36	2.5733135340699888e+36	5.56247532822267e+36	1.5209595491201259e+37	2.0144636107366185e+37	2.5872580573267795e+37	9.097037868458957e+35	3.110562196021602e+36	5.56247532822267e+36	8.219984146621433e+36
1231543.1244671433	6.191496814808104e+37	3.049273209791997e+34	1.8169518237555568e+35	8.152390377828493e+35	1.783989822915548e+36	4.104761218783544e+36	1.2256254256382004e+37	1.6628399429132697e+37	2.178456198010432e+37	5.829623906096731e+35	2.1889853611669158e+36	4.104761218783544e+36	6.27182157996531e+36
1308814.2446515474	5.371088313576538e+37	1.5597782469461567e+34	1.0474790358242712e+35	5.228622545573173e+35	1.213719194857068e+36	2.984908412989461e+36	9.802456246926926e+36	1.3658195678983042e+37	1.8283367861912967e+37	3.648559900469075e+35	1.5131726413637402e+36	2.984908412989461e+36	4.7271708215568914e+36
1390940.0731406633	4.656934390899401e+37	7.692853863501207e+33	5.861780109280288e+34	3.27537083448353e+35	8.094122953926721e+35	2.1368472617566248e+36	7.776091181208566e+36	1.1157957895631216e+37	1.5293769185419985e+37	2.2271319026905524e+35	1.026345418636986e+36	2.1368472617566248e+36	3.5165190771669806e+36
1478225.7340959208	4.035677469438654e+37	3.6508292260087096e+33	3.178827430636188e+34	2.0012811075903142e+35	5.2847335625371686e+35	1.5044318678317934e+36	6.114099114208303e+36	9.061497958682031e+36	1.2748286366010472e+37	1.3239976760602198e+35	6.822656027853355e+35	1.5044318678317934e+36	2.5794735723200688e+36
1570995.5296376592	3.495574239233854e+37	1.6636041816216525e+33	1.6675961420104307e+34	1.1909788000478233e+35	3.373875980281836e+35	1.0405562112121715e+36	4.7613192993018404e+36	7.311294713536925e+36	1.0586935398477922e+37	7.653975376012268e+34	4.439560297187055e+35	1.0405562112121715e+36	1.8639768107942955e+36
1669594.145346548	3.0263107047662406e+37	7.262550647396372e+32	8.446848738058391e+33	6.892721277476236e+34	2.1033537637438775e+35	7.062672183713532e+35	3.669515233747156e+36	5.85738069378501e+36	8.756811489344586e+36	4.295895892078057e+34	2.8242264923298006e+35	7.062672183713532e+35	1.3255861654921172e+36
1774387.9315743062	2.6188368479413905e+37	3.0302869557907456e+32	4.123155926660922e+33	3.873265342060539e+34	1.2787010460863253e+35	4.698696501747301e+35	2.796555486786854e+36	4.656342944425098e+36	7.211559886503924e+36	2.3370078698086276e+34	1.754090335984646e+35	4.698696501747301e+35	9.267895072117468e+35
1885766.2653400425	2.265219211921716e+37	1.2054637454633143e+32	1.9355432880512544e+33	2.109781373779317e+34	7.569472663517713e+34	3.0602821528882562e+35	2.105727897199177e+36	3.670444924856075e+36	5.910780809418148e+36	1.2301039357632553e+34	1.0621569004389254e+35	3.0602821528882562e+35	6.363375126687842e+35
2004142.9978919576	1.9585094876819378e+37	4.559985223990711e+31	8.719149247151321e+32	1.1120078304397522e+34	4.35649143822064e+34	1.9487998377419943e+35	1.5651628364061042e+36	2.86686776048831e+36	4.8194073774654093e+36	6.253088285456233e+33	6.261393298951989e+34	1.9487998377419943e+35	4.285816644321983e+35
2129957.9933375143	1.6926276435022372e+37	1.635739777432444e+31	3.7605730978713066e+32	5.660900927296495e+33	2.433794648117774e+34	1.2117532660370072e+35	1.1473423410666128e+36	2.217064339139612e+36	3.907088753868096e+36	3.063886107582563e+33	3.5878005730473393e+34	1.2117532660370072e+35	2.828155003709879e+35
2263678.7640899904	1.4622579653513472e+37	5.548111823132187e+30	1.5491772690189098e+32	2.77796057523752e+33	1.3175663228546338e+34	7.3467244587995445e+34	8.286731884893927e+35	1.6962151126126717e+36	3.1476016238025713e+36	1.4440628099526933e+33	1.995061099122227e+34	7.3467244587995445e+34	1.826234100368567e+35
2405802.209247279	1.2627568962939142e+37	1.773893936201582e+30	6.080213647902712e+31	1.3114175817934126e+33	6.899706801079245e+33	4.336780637550987e+34	5.891054258469739e+35	1.2827730095996058e+36	2.5183068520921925e+36	6.532788320049283e+32	1.074767502554701e+34	4.336780637550987e+34	1.1524657736196082e+35
2556856.462411666	1.090071348001262e+37	5.329193577017545e+29	2.267528418484442e+31	5.942861624427818e+32	3.4885651911568146e+33	2.488658229652655e+34	4.117809442263596e+35	9.580829494986515e+35	1.999660446751203e+36	2.8302498072735548e+32	5.599191268622085e+33	2.488658229652655e+34	7.097833594621417e+34
2717402.8558792667	9.406663545066685e+36	1.4992400533330747e+29	8.012851972869406e+30	2.5793266281148908e+32	1.6996819219642912e+33	1.3860649275700986e+34	2.8270096721998357e+35	7.060616559324637e+35	1.5747828999243346e+36	1.17146027186622e+32	2.8155976055287125e+33	1.3860649275700986e+34	4.260190508742294e+34
2888038.008577084	8.114612310938504e+36	3.935512830485071e+28	2.675111040631407e+30	1.0696413351011367e+32	7.963344517329496e+32	7.479686697238231e+33	1.9040562493609805e+35	5.129245116060999e+35	1.2290872906492812e+36	4.620782299341105e+31	1.3639245173214874e+33	7.479686697238231e+33	2.4882076713865693e+34
3069396.045607005	6.99773107892173e+36	9.603108806307233e+27	8.411402276379023e+29	4.227677153029075e+31	3.580026178568286e+32	3.903806122867346e+33	1.2566237487335969e+35	3.669470181016499e+35	9.499624825339074e+35	1.7323660048394813e+31	6.351554119042523e+32	3.903806122867346e+33	1.4119373400687175e+34
3262150.957772488	6.032672369758085e+36	2.169565838806645e+27	2.482827019916418e+29	1.5883667007548547e+31	1.5408007803821056e+32	1.9668987018544137e+33	8.116372973813164e+34	2.5825105503609186e+35	7.265068932338773e+35	6.155885420964345e+30	2.837188494947582e+32	1.9668987018544137e+33	7.771380968553728e+33
3467019.1100187856	5.199132032626924e+36	4.51917409818423e+26	6.85613594256944e+28	5.65689742368735e+30	6.333319705983868e+31	9.547877447101643e+32	5.123696662653905e+34	1.7860784523554164e+35	5.49306203994043e+35	2.0672586638785428e+30	1.2128696687558685e+32	9.547877447101643e+32	4.1417297787361764e+33
3684761.908315365	4.4794639822720477e+36	8.64060127752865e+25	1.7647778032737592e+28	1.9042064415602365e+30	2.4799418146529856e+31	4.456161019846251e+32	3.1570144120121616e+34	1.212521788516291e+35	4.102482681850838e+35	6.540512475362653e+29	4.9499979291598905e+31	4.456161019846251e+32	2.1334126651575456e+33
3916188.6351546235	3.8583422292174684e+36	1.509361820714877e+25	4.218089734128901e+27	6.039773052247526e+29	9.226138272020697e+30	1.995243537800606e+32	1.8959225114020367e+34	8.07047396171762e+34	3.0236847883114025e+35	1.943254194400234e+29	1.9237707614689773e+31	1.995243537800606e+32	1.0600985497520174e+33
