#t	Le	U	B	V	R	I	J	H	K	g	r	i	z
#----------------------------------------------- 
3.15197801850754	0.0	0.0	0.0	0.0	0.0	0.0	0.0	0.0	0.0	0.0	0.0	0.0	0.0
3.2477375556013466	0.0	0.0	0.0	0.0	0.0	0.0	0.0	0.0	0.0	0.0	0.0	0.0	0.0
3.431193191038291	0.0	0.0	0.0	0.0	0.0	0.0	0.0	0.0	0.0	0.0	0.0	0.0	0.0
3.630565197154178	0.0	0.0	0.0	0.0	0.0	0.0	0.0	0.0	0.0	0.0	0.0	0.0	0.0
3.847061621331407	0.0	0.0	0.0	0.0	0.0	0.0	0.0	0.0	0.0	0.0	0.0	0.0	0.0
4.082331978059421	0.0	0.0	0.0	0.0	0.0	0.0	0.0	0.0	0.0	0.0	0.0	0.0	0.0
4.33821858074217	0.0	0.0	0.0	0.0	0.0	0.0	0.0	0.0	0.0	0.0	0.0	0.0	0.0
4.616752064319447	0.0	0.0	0.0	0.0	0.0	0.0	0.0	0.0	0.0	0.0	0.0	0.0	0.0
4.920162619819314	0.0	0.0	0.0	0.0	0.0	0.0	0.0	0.0	0.0	0.0	0.0	0.0	0.0
5.250894269787794	0.0	0.0	0.0	0.0	0.0	0.0	0.0	0.0	0.0	0.0	0.0	0.0	0.0
5.611620062872699	0.0	0.0	0.0	0.0	0.0	0.0	0.0	0.0	0.0	0.0	0.0	0.0	0.0
6.005257540165581	0.0	0.0	0.0	0.0	0.0	0.0	0.0	0.0	0.0	0.0	0.0	0.0	0.0
6.434984127981084	0.0	0.0	0.0	0.0	0.0	0.0	0.0	0.0	0.0	0.0	0.0	0.0	0.0
6.90425219049025	0.0	0.0	0.0	0.0	0.0	0.0	0.0	0.0	0.0	0.0	0.0	0.0	0.0
7.416803508524319	0.0	0.0	0.0	0.0	0.0	0.0	0.0	0.0	0.0	0.0	0.0	0.0	0.0
7.976682982894905	0.0	0.0	0.0	0.0	0.0	0.0	0.0	0.0	0.0	0.0	0.0	0.0	0.0
8.588251406577934	0.0	0.0	0.0	0.0	0.0	0.0	0.0	0.0	0.0	0.0	0.0	0.0	0.0
9.256197215351914	0.0	0.0	0.0	0.0	0.0	0.0	0.0	0.0	0.0	0.0	0.0	0.0	0.0
9.985547211717668	0.0	0.0	0.0	0.0	0.0	0.0	0.0	0.0	0.0	0.0	0.0	0.0	0.0
10.781676359533598	0.0	0.0	0.0	0.0	0.0	0.0	0.0	0.0	0.0	0.0	0.0	0.0	0.0
11.65031686129721	0.0	0.0	0.0	0.0	0.0	0.0	0.0	0.0	0.0	0.0	0.0	0.0	0.0
12.597566848606528	0.0	0.0	0.0	0.0	0.0	0.0	0.0	0.0	0.0	0.0	0.0	0.0	0.0
13.629899129925654	0.0	0.0	0.0	0.0	0.0	0.0	0.0	0.0	0.0	0.0	0.0	0.0	0.0
14.75417053890621	0.0	0.0	0.0	0.0	0.0	0.0	0.0	0.0	0.0	0.0	0.0	0.0	0.0
15.977632503222285	0.0	0.0	0.0	0.0	0.0	0.0	0.0	0.0	0.0	0.0	0.0	0.0	0.0
17.30794350237252	0.0	0.0	0.0	0.0	0.0	0.0	0.0	0.0	0.0	0.0	0.0	0.0	0.0
18.753184100986733	0.0	0.0	0.0	0.0	0.0	0.0	0.0	0.0	0.0	0.0	0.0	0.0	0.0
20.321875233341945	0.0	0.0	0.0	0.0	0.0	0.0	0.0	0.0	0.0	0.0	0.0	0.0	0.0
22.023000380218157	0.0	0.0	0.0	0.0	0.0	0.0	0.0	0.0	0.0	0.0	0.0	0.0	0.0
23.866032228614788	0.0	0.0	0.0	0.0	0.0	0.0	0.0	0.0	0.0	0.0	0.0	0.0	0.0
25.86096434781934	0.0	0.0	0.0	0.0	0.0	0.0	0.0	0.0	0.0	0.0	0.0	0.0	0.0
28.018348361461886	0.0	0.0	0.0	0.0	0.0	0.0	0.0	0.0	0.0	0.0	0.0	0.0	0.0
30.34933705359704	0.0	0.0	0.0	0.0	0.0	0.0	0.0	0.0	0.0	0.0	0.0	0.0	0.0
32.86573382457244	0.0	0.0	0.0	0.0	0.0	0.0	0.0	0.0	0.0	0.0	0.0	0.0	0.0
35.58004891475611	0.0	0.0	0.0	0.0	0.0	0.0	0.0	0.0	0.0	0.0	0.0	0.0	0.0
38.505562844011685	0.0	0.0	0.0	0.0	0.0	0.0	0.0	0.0	0.0	0.0	0.0	0.0	0.0
41.656397573504016	0.0	0.0	0.0	0.0	0.0	0.0	0.0	0.0	0.0	0.0	0.0	0.0	0.0
45.047595983866344	0.0	0.0	0.0	0.0	0.0	0.0	0.0	0.0	0.0	0.0	0.0	0.0	0.0
48.69521037960124	0.0	0.0	0.0	0.0	0.0	0.0	0.0	0.0	0.0	0.0	0.0	0.0	0.0
52.61640087307527	0.0	0.0	0.0	0.0	0.0	0.0	0.0	0.0	0.0	0.0	0.0	0.0	0.0
56.82954467271316	0.0	0.0	0.0	0.0	0.0	0.0	0.0	0.0	0.0	0.0	0.0	0.0	0.0
61.35435749997354	0.0	0.0	0.0	0.0	0.0	0.0	0.0	0.0	0.0	0.0	0.0	0.0	0.0
66.21202859048657	0.0	0.0	0.0	0.0	0.0	0.0	0.0	0.0	0.0	0.0	0.0	0.0	0.0
71.42537100024984	0.0	0.0	0.0	0.0	0.0	0.0	0.0	0.0	0.0	0.0	0.0	0.0	0.0
77.0189892433568	0.0	0.0	0.0	0.0	0.0	0.0	0.0	0.0	0.0	0.0	0.0	0.0	0.0
83.01946664080805	0.0	0.0	0.0	0.0	0.0	0.0	0.0	0.0	0.0	0.0	0.0	0.0	0.0
89.455575170015	0.0	0.0	0.0	0.0	0.0	0.0	0.0	0.0	0.0	0.0	0.0	0.0	0.0
96.35851108368998	0.0	0.0	0.0	0.0	0.0	0.0	0.0	0.0	0.0	0.0	0.0	0.0	0.0
103.7621601299112	0.0	0.0	0.0	0.0	0.0	0.0	0.0	0.0	0.0	0.0	0.0	0.0	0.0
111.7033968707702	0.0	0.0	0.0	0.0	0.0	0.0	0.0	0.0	0.0	0.0	0.0	0.0	0.0
120.2224233879801	0.0	0.0	0.0	0.0	0.0	0.0	0.0	0.0	0.0	0.0	0.0	0.0	0.0
129.36315360856975	0.0	0.0	0.0	0.0	0.0	0.0	0.0	0.0	0.0	0.0	0.0	0.0	0.0
139.1736506173872	0.0	0.0	0.0	0.0	0.0	0.0	0.0	0.0	0.0	0.0	0.0	0.0	0.0
149.7066256895599	0.0	0.0	0.0	0.0	0.0	0.0	0.0	0.0	0.0	0.0	0.0	0.0	0.0
161.02000943019976	0.0	0.0	0.0	0.0	0.0	0.0	0.0	0.0	0.0	0.0	0.0	0.0	0.0
173.1776074198561	0.0	0.0	0.0	0.0	0.0	0.0	0.0	0.0	0.0	0.0	0.0	0.0	0.0
186.2498552201532	0.0	0.0	0.0	0.0	0.0	0.0	0.0	0.0	0.0	0.0	0.0	0.0	0.0
200.3146906063929	0.0	0.0	0.0	0.0	0.0	0.0	0.0	0.0	0.0	0.0	0.0	0.0	0.0
215.45856460553458	0.0	0.0	0.0	0.0	0.0	0.0	0.0	0.0	0.0	0.0	0.0	0.0	0.0
231.77761751291817	0.0	0.0	0.0	0.0	0.0	0.0	0.0	0.0	0.0	0.0	0.0	0.0	0.0
249.37905177737127	0.0	0.0	0.0	0.0	0.0	0.0	0.0	0.0	0.0	0.0	0.0	0.0	0.0
268.3827407925269	0.0	0.0	0.0	0.0	0.0	0.0	0.0	0.0	0.0	0.0	0.0	0.0	0.0
288.9231216175117	0.0	0.0	0.0	0.0	0.0	0.0	0.0	0.0	0.0	0.0	0.0	0.0	0.0
311.151431009787	0.0	0.0	0.0	0.0	0.0	0.0	0.0	0.0	0.0	0.0	0.0	0.0	0.0
335.2383585995665	0.0	0.0	0.0	0.0	0.0	0.0	0.0	0.0	0.0	0.0	0.0	0.0	0.0
361.3772095196805	0.0	0.0	0.0	0.0	0.0	0.0	0.0	0.0	0.0	0.0	0.0	0.0	0.0
389.787692610638	0.0	0.0	0.0	0.0	0.0	0.0	0.0	0.0	0.0	0.0	0.0	0.0	0.0
420.7204811943272	0.0	0.0	0.0	0.0	0.0	0.0	0.0	0.0	0.0	0.0	0.0	0.0	0.0
454.46273374092976	0.0	0.0	0.0	0.0	0.0	0.0	0.0	0.0	0.0	0.0	0.0	0.0	0.0
491.34481482748504	0.0	0.0	0.0	0.0	0.0	0.0	0.0	0.0	0.0	0.0	0.0	0.0	0.0
531.7485272242026	0.0	0.0	0.0	0.0	0.0	0.0	0.0	0.0	0.0	0.0	0.0	0.0	0.0
576.1172602247445	0.0	0.0	0.0	0.0	0.0	0.0	0.0	0.0	0.0	0.0	0.0	0.0	0.0
624.9685866765631	0.0	0.0	0.0	0.0	0.0	0.0	0.0	0.0	0.0	0.0	0.0	0.0	0.0
678.9100148448887	0.0	0.0	0.0	0.0	0.0	0.0	0.0	0.0	0.0	0.0	0.0	0.0	0.0
738.6588405963317	0.0	0.0	0.0	0.0	0.0	0.0	0.0	0.0	0.0	0.0	0.0	0.0	0.0
805.0673789072206	0.0	0.0	0.0	0.0	0.0	0.0	0.0	0.0	0.0	0.0	0.0	0.0	0.0
879.155323976242	0.0	0.0	0.0	0.0	0.0	0.0	0.0	0.0	0.0	0.0	0.0	0.0	0.0
962.1516588212037	0.0	0.0	0.0	0.0	0.0	0.0	0.0	0.0	0.0	0.0	0.0	0.0	0.0
1055.549507555666	0.0	0.0	0.0	0.0	0.0	0.0	0.0	0.0	0.0	0.0	0.0	0.0	0.0
1161.1787521199315	0.0	0.0	0.0	0.0	0.0	0.0	0.0	0.0	0.0	0.0	0.0	0.0	0.0
1281.303368057307	0.0	0.0	0.0	0.0	0.0	0.0	0.0	0.0	0.0	0.0	0.0	0.0	0.0
1418.753673828895	0.0	0.0	0.0	0.0	0.0	0.0	0.0	0.0	0.0	0.0	0.0	0.0	0.0
1577.1087029816458	0.0	0.0	0.0	0.0	0.0	0.0	0.0	0.0	0.0	0.0	0.0	0.0	0.0
1760.9518345288197	0.0	0.0	0.0	0.0	0.0	0.0	0.0	0.0	0.0	0.0	0.0	0.0	0.0
1976.235632258051	0.0	0.0	0.0	0.0	0.0	0.0	0.0	0.0	0.0	0.0	0.0	0.0	0.0
2230.8130864772343	0.0	0.0	0.0	0.0	0.0	0.0	0.0	0.0	0.0	0.0	0.0	0.0	0.0
2535.2286299182756	0.0	0.0	0.0	0.0	0.0	0.0	0.0	0.0	0.0	0.0	0.0	0.0	0.0
2903.9259824518576	4.373360105261497e+30	6.622249704383787e+28	3.8115546919686796e+28	2.0394071403982166e+28	1.3264928978504997e+28	7.254810986213798e+27	1.8693632694261443e+27	9.274130561886788e+26	3.5286190260076644e+26	2.3888500863886127e+28	1.1639162445132013e+28	7.254810986213798e+27	4.8220981494729926e+27
3357.145506058806	1.422040025479193e+34	2.6258757838325696e+32	1.5174933341820705e+32	8.148326455217081e+31	5.310294274442024e+31	2.910782093861115e+31	7.526390690605831e+30	3.7384811695487875e+30	1.424191970125382e+30	9.536773259607205e+31	4.661928533270635e+31	2.910782093861115e+31	1.9371268938502164e+31
3924.002504683587	6.86237927071328e+36	1.759976467533905e+35	1.0248298574810988e+35	5.539543925160793e+34	3.623347096435592e+34	1.9943881909077894e+34	5.1903364457008847e+33	2.5839633489788237e+33	9.866539893179307e+32	6.473650690804788e+34	3.184098688543076e+34	1.9943881909077894e+34	1.3303344135363932e+34
4647.671033879699	7.81240152099264e+38	2.7653042147532084e+37	1.624312567099238e+37	8.846899035753995e+36	5.810840360015693e+36	3.2136703091507514e+36	8.425217806706374e+35	4.205196529635621e+35	1.6099166375427689e+35	1.0320810415114619e+37	5.1121760143467e+36	3.2136703091507514e+36	2.1492853117006487e+36
5594.498432732116	2.5042090942534575e+40	1.2061740692784632e+39	7.154548054489927e+38	3.930032547827126e+38	2.5933843731021974e+38	1.4418736581071648e+38	3.811135659822362e+37	1.9076283250707575e+37	7.324364405821554e+36	4.575912044178799e+38	2.2844435272464913e+38	1.4418736581071648e+38	9.671403120210636e+37
6734.387683790077	1.2880122819860674e+41	8.466040333630405e+39	5.0806205206748635e+39	2.819168431538712e+39	1.8706413124318898e+39	1.0465732665369415e+39	2.7930560154628584e+38	1.4027162064440818e+38	5.404101698382993e+37	3.2749421592723384e+39	1.650256591703974e+39	1.0465732665369415e+39	7.04418787016981e+38
8106.725414649976	1.3112356343062151e+41	1.2743320002863217e+40	7.788074171668617e+39	4.390040342018742e+39	2.938059353514714e+39	1.6597688620067118e+39	4.4957752905004356e+38	2.2694591234663117e+38	8.789004281547228e+37	5.081576074280041e+39	2.5979134443785467e+39	1.6597688620067118e+39	1.1231126251635267e+39
9758.96245838916	1.7413898722966636e+42	5.356080361094359e+40	3.1379218845433814e+40	1.7052605679241482e+40	1.1186904636882452e+40	6.178388813238321e+39	1.6163680941386948e+39	8.061744522088387e+38	3.084070413922694e+38	1.9903717993739458e+40	9.838625109255641e+39	6.178388813238321e+39	4.1289503768945496e+39
11748.24086105211	4.602596331942279e+42	1.2171234165550555e+41	7.100701787745617e+40	3.84455845413361e+40	2.516991930093109e+40	1.3868781263555583e+40	3.6152272186425826e+39	1.8008430540466965e+39	6.880339808824429e+38	4.49113725106474e+40	2.212415884894796e+40	1.3868781263555583e+40	9.256421926226284e+39
14143.372847036362	1.6745741001414646e+43	2.963985673349911e+41	1.7139203747460677e+41	9.20815189091616e+40	6.002873478347913e+40	3.2916201901833005e+40	8.5161244430352e+39	4.230988657363973e+39	1.6121664509869253e+39	1.0775806025133027e+41	5.270401759900287e+40	3.2916201901833005e+40	2.191029125644271e+40
17027.223106900557	2.338012183484289e+43	5.15147435873003e+41	2.996035165821249e+41	1.617782453779336e+41	1.0575828558905048e+41	5.817591596793529e+40	1.5125786006563243e+40	7.527793643823848e+39	2.873447652101824e+39	1.891022750896256e+41	9.292363466779944e+40	5.817591596793529e+40	3.8792365790130913e+40
20499.57820045493	1.747035537660779e+43	7.067951531991878e+41	4.185109350496474e+41	2.2955722674080763e+41	1.51365983379886e+41	8.408519213738213e+40	2.2197116762415157e+40	1.1105802009993167e+40	4.2622523742020424e+39	2.6737053051757366e+41	1.333070425368667e+41	8.408519213738213e+40	5.637443686729254e+40
24680.60004731458	6.961870990659671e+42	6.704707177246065e+41	4.1499850823504445e+41	2.365591434747783e+41	1.5929642921077909e+41	9.062298966250241e+40	2.481420988858764e+40	1.2573413854906435e+40	4.888053367909683e+39	2.7312420767704698e+41	1.4108930226115783e+41	9.062298966250241e+40	6.155993038125781e+40
29714.9863592727	1.539561221839284e+42	3.1179622416944226e+41	2.172635682494894e+41	1.3742479059776154e+41	9.796782504201412e+40	5.944318161275585e+40	1.7955996749387536e+40	9.409482936306431e+39	3.784317557811378e+39	1.5494626721415589e+41	8.811428553896088e+40	5.944318161275585e+40	4.183306084089664e+40
35776.97934125398	7.213178334847877e+41	1.4779112223614498e+41	1.1109996508654982e+41	7.654881359419502e+40	5.764626803042259e+40	3.7479630827513393e+40	1.276120155400429e+40	6.993045491928155e+39	2.947078893672803e+39	8.450385857543586e+40	5.2673370096071005e+40	3.7479630827513393e+40	2.748400403171765e+40
43076.3979085848	5.104909849809857e+41	1.1127306795618116e+41	8.5987783167378e+40	6.155870305198557e+40	4.763600418290778e+40	3.21239159217344e+40	1.171741575646968e+40	6.603648026275711e+39	2.8718335571401776e+39	6.728084073557508e+40	4.388247639216762e+40	3.21239159217344e+40	2.4100816559699285e+40
51865.90312782727	4.995457043169984e+41	8.521604371535144e+40	6.685568998019283e+40	4.928875032013324e+40	3.913015692578643e+40	2.745282165823225e+40	1.0901066729147966e+40	6.362205674397422e+39	2.870464656845818e+39	5.341656262046632e+40	3.6348642301368846e+40	2.745282165823225e+40	2.1163182326847864e+40
62449.746082684505	2.5934031023046193e+41	9.339165363455762e+40	7.680406735116766e+40	5.691126867572557e+40	4.478486389301617e+40	3.0992294030297093e+40	1.2246276795982406e+40	7.215408612575318e+39	3.310851282013509e+39	6.177530219692909e+40	4.1468622558249047e+40	3.0992294030297093e+40	2.375424018982644e+40
75194.30189095523	1.6277772945230723e+41	6.822597117347136e+40	6.740697620381107e+40	5.864665079374687e+40	5.002226002763212e+40	3.741704283339307e+40	1.5995831386303528e+40	9.574827711946993e+39	4.447937236455446e+39	6.143163575226819e+40	4.725743243917161e+40	3.741704283339307e+40	2.9681521532962817e+40
90540.75354616343	1.1476328150666494e+41	3.5899411167626966e+40	4.2813857226827193e+40	4.61839007426572e+40	4.474560158631407e+40	3.860556088561276e+40	1.9891734119581773e+40	1.2478613157094095e+40	6.006774639732887e+39	4.5937728312801235e+40	4.375775585001156e+40	3.860556088561276e+40	3.2964239902348227e+40
109020.36695529311	7.984969194489609e+40	1.8710957321092058e+40	2.304577083795942e+40	2.8330749627551995e+40	3.047383112644904e+40	3.0126095462225016e+40	1.933603546691467e+40	1.302601213342537e+40	6.696756283077219e+39	2.7144273930436016e+40	3.0742119054140695e+40	3.0126095462225016e+40	2.784114074354791e+40
131272.88453831014	5.444062060398032e+40	1.1093230927928393e+40	1.2289763504813254e+40	1.5301090840014736e+40	1.7640592176577526e+40	1.9725141551602739e+40	1.6090570773769805e+40	1.1815405861068196e+40	6.610622567676877e+39	1.4430646128140394e+40	1.825747833394899e+40	1.9725141551602739e+40	1.9781851453604414e+40
158068.6744195011	3.6307400649695777e+40	7.53128543392475e+39	7.263815115645962e+39	7.85436864023278e+39	8.954160353108791e+39	1.0875651092961647e+40	1.1707269584330739e+40	9.637098377918419e+39	6.048905186271351e+39	7.585819394023418e+39	9.364159076671153e+39	1.0875651092961647e+40	1.186579631745618e+40
190335.4021398273	2.381146422457125e+40	5.462379020185921e+39	5.0527798914840347e+39	4.639743851893881e+39	4.6592221257808394e+39	5.2966866401746016e+39	7.172048180219353e+39	6.818183044150453e+39	4.9957872276112734e+39	4.710562806318675e+39	4.73801489817554e+39	5.2966866401746016e+39	5.999347658759596e+39
229190.14832117734	1.549172789623908e+40	3.9379586970147414e+39	3.735081493685203e+39	3.312689044318405e+39	3.0095512522210106e+39	2.798179136724417e+39	3.663258785283652e+39	4.048944023698244e+39	3.611653819807979e+39	3.430161455879851e+39	2.9347259838694694e+39	2.798179136724417e+39	2.895802964709858e+39
275978.0842609399	1.0076162302843162e+40	2.768227123204516e+39	2.722628336750085e+39	2.499961546546972e+39	2.2633946396325908e+39	1.9033950443076528e+39	1.7173414566538618e+39	2.016896338609871e+39	2.215325528609628e+39	2.5721432454649032e+39	2.1842270977532815e+39	1.9033950443076528e+39	1.7171470800103743e+39
332319.04448290635	6.579561269627716e+39	1.894592210566286e+39	1.9269453002501855e+39	1.8485643495357825e+39	1.7232623715476064e+39	1.473501791622437e+39	9.570302964666534e+38	9.465366933016767e+38	1.140826142056839e+39	1.8804067779999748e+39	1.6751749979155772e+39	1.473501791622437e+39	1.284094819699253e+39
400163.60867848794	4.3158229921266015e+39	1.2620262855025483e+39	1.322692461406799e+39	1.32146338953761e+39	1.2713772126662642e+39	1.1366737805374967e+39	7.035863564215079e+38	5.464113650750486e+38	5.335228236430394e+38	1.3295855808370762e+39	1.2481820142392874e+39	1.1366737805374967e+39	1.0131716316932265e+39
481860.6347060272	2.839160675647349e+39	8.172813346063487e+38	8.808008226720707e+38	9.125073707027425e+38	9.039729854720977e+38	8.459043517570719e+38	5.690203163511153e+38	4.143354240607087e+38	2.8858567477883594e+38	9.091039389278225e+38	8.959667501580788e+38	8.459043517570719e+38	7.783845286568169e+38
580238.5807743898	1.8689164255595702e+39	5.133786538713437e+38	5.6919371585031216e+38	6.0936960768309395e+38	6.196727045113685e+38	6.0509778930926846e+38	4.5244739369779e+38	3.410026729829513e+38	2.0994480497190644e+38	6.017979956615319e+38	6.195340994044366e+38	6.0509778930926846e+38	5.747450391727058e+38
698703.4323461392	1.2286190368895668e+39	3.1153669461016177e+38	3.567627215548127e+38	3.942576883632346e+38	4.103854458046364e+38	4.163752891202466e+38	3.4598823952404906e+38	2.7525943260541826e+38	1.748923512141209e+38	3.86238207150319e+38	4.1346081977958964e+38	4.163752891202466e+38	4.074504371336144e+38
841356.6241840852	8.055483746765278e+38	1.814318651155861e+38	2.1635714043639712e+38	2.474368847395384e+38	2.632495743160043e+38	2.763174398896009e+38	2.5369265683839406e+38	2.137475935421789e+38	1.4562862996648096e+38	2.4044859019160364e+38	2.6705576193298122e+38	2.763174398896009e+38	2.7774779069715574e+38
1013137.0402364854	5.263397511193576e+38	1.0041067013560693e+38	1.2627414352200827e+38	1.5052548182279087e+38	1.6383784823225424e+38	1.7742674208980603e+38	1.7837506760303414e+38	1.591503996985716e+38	1.1721033688517763e+38	1.4493127320505227e+38	1.6731290653663082e+38	1.7742674208980603e+38	1.8261033436788333e+38
1219992.007678469	3.425804402820839e+38	5.210725793298063e+37	7.030181431757391e+37	8.842806847790443e+37	9.887183462559663e+37	1.1052272390434171e+38	1.2049604989929348e+38	1.1354381634754821e+38	9.06263274803875e+37	8.41594149258195e+37	1.0170072618384667e+38	1.1052272390434171e+38	1.1620867859715323e+38
1469083.205262068	2.2208496531629543e+38	2.4929278011246026e+37	3.686872147462842e+37	4.979745245219e+37	5.763492741462716e+37	6.682589260700128e+37	7.846972421821429e+37	7.770675348252124e+37	6.716009072977964e+37	4.667318222491073e+37	5.981025149036203e+37	6.682589260700128e+37	7.176987214507356e+37
1769034.6149294188	1.4340143396019186e+38	1.0773293389171262e+37	1.7918736916134797e+37	2.658133721244884e+37	3.2207761078923344e+37	3.911804848021504e+37	4.945812949286049e+37	5.116230717835534e+37	4.766758890491803e+37	2.4411722535394363e+37	3.38122958155421e+37	3.911804848021504e+37	4.303270388931668e+37
2130231.1012643166	9.22432121681189e+37	4.1063386793037723e+36	7.912043184497662e+36	1.324750592754242e+37	1.705586270794073e+37	2.202847331345238e+37	3.026302665815302e+37	3.253799076290946e+37	3.2439369674458027e+37	1.1846490405047472e+37	1.818372637033469e+37	2.202847331345238e+37	2.4976399875319534e+37
2565177.9561928567	5.912373700527452e+37	1.3430823297382427e+36	3.1008298224524765e+36	6.049410857626454e+36	8.427454446947191e+36	1.1809586957944383e+37	1.7990162647073453e+37	2.0066847000547888e+37	2.1230029399724044e+37	5.228433687840392e+36	9.169187734675963e+36	1.1809586957944383e+37	1.3936568630247928e+37
3088933.8570809127	3.7770526297459863e+37	3.652725420371527e+35	1.0500681316137652e+36	2.4753091314209246e+36	3.8114479483010163e+36	5.94067107936541e+36	1.0361249772742312e+37	1.2027426541781395e+37	1.341823872710761e+37	2.0500879426609186e+36	4.257003581495104e+36	5.94067107936541e+36	7.394255748407278e+36
3719632.228092605	2.405655412576909e+37	7.9667189345528185e+34	2.979659714980253e+35	8.84495820220797e+35	1.5424029747320326e+36	2.753157802221742e+36	5.742245748572694e+36	6.999918548803734e+36	8.224785595311551e+36	6.951776744985716e+35	1.7805218363257663e+36	2.753157802221742e+36	3.67443909240884e+36
4479109.055368856	1.5280289955437454e+37	1.3364077191772188e+34	6.839681010878379e+34	2.6799450674289688e+35	5.440807304200981e+35	1.1500588347870766e+36	3.028482472459817e+36	3.9368876094197475e+36	4.901354629119076e+36	1.976879019799787e+35	6.542030056556274e+35	1.1500588347870766e+36	1.678161165740291e+36
