#t	Le	U	B	V	R	I	J	H	K	g	r	i	z
#----------------------------------------------- 
2.981965994818276	0.0	0.0	0.0	0.0	0.0	0.0	0.0	0.0	0.0	0.0	0.0	0.0	0.0
3.0609341231521556	0.0	0.0	0.0	0.0	0.0	0.0	0.0	0.0	0.0	0.0	0.0	0.0	0.0
3.1577113374556043	0.0	0.0	0.0	0.0	0.0	0.0	0.0	0.0	0.0	0.0	0.0	0.0	0.0
3.2611610560749655	0.0	0.0	0.0	0.0	0.0	0.0	0.0	0.0	0.0	0.0	0.0	0.0	0.0
3.3699732428978733	0.0	0.0	0.0	0.0	0.0	0.0	0.0	0.0	0.0	0.0	0.0	0.0	0.0
3.4839941349185777	0.0	0.0	0.0	0.0	0.0	0.0	0.0	0.0	0.0	0.0	0.0	0.0	0.0
3.603324793160316	0.0	0.0	0.0	0.0	0.0	0.0	0.0	0.0	0.0	0.0	0.0	0.0	0.0
3.7281529533230398	0.0	0.0	0.0	0.0	0.0	0.0	0.0	0.0	0.0	0.0	0.0	0.0	0.0
3.858706900570831	0.0	0.0	0.0	0.0	0.0	0.0	0.0	0.0	0.0	0.0	0.0	0.0	0.0
3.9952395348596355	0.0	0.0	0.0	0.0	0.0	0.0	0.0	0.0	0.0	0.0	0.0	0.0	0.0
4.138021997839082	0.0	0.0	0.0	0.0	0.0	0.0	0.0	0.0	0.0	0.0	0.0	0.0	0.0
4.287340883206922	0.0	0.0	0.0	0.0	0.0	0.0	0.0	0.0	0.0	0.0	0.0	0.0	0.0
4.443496963744349	0.0	0.0	0.0	0.0	0.0	0.0	0.0	0.0	0.0	0.0	0.0	0.0	0.0
4.606804620709882	0.0	0.0	0.0	0.0	0.0	0.0	0.0	0.0	0.0	0.0	0.0	0.0	0.0
4.777591620337995	0.0	0.0	0.0	0.0	0.0	0.0	0.0	0.0	0.0	0.0	0.0	0.0	0.0
4.956199069092575	0.0	0.0	0.0	0.0	0.0	0.0	0.0	0.0	0.0	0.0	0.0	0.0	0.0
5.142981462093111	0.0	0.0	0.0	0.0	0.0	0.0	0.0	0.0	0.0	0.0	0.0	0.0	0.0
5.338306778435633	0.0	0.0	0.0	0.0	0.0	0.0	0.0	0.0	0.0	0.0	0.0	0.0	0.0
5.542556596911451	0.0	0.0	0.0	0.0	0.0	0.0	0.0	0.0	0.0	0.0	0.0	0.0	0.0
5.756126216115025	0.0	0.0	0.0	0.0	0.0	0.0	0.0	0.0	0.0	0.0	0.0	0.0	0.0
5.979424768770968	0.0	0.0	0.0	0.0	0.0	0.0	0.0	0.0	0.0	0.0	0.0	0.0	0.0
6.212875323526766	0.0	0.0	0.0	0.0	0.0	0.0	0.0	0.0	0.0	0.0	0.0	0.0	0.0
6.456914969556536	0.0	0.0	0.0	0.0	0.0	0.0	0.0	0.0	0.0	0.0	0.0	0.0	0.0
6.711994880723076	0.0	0.0	0.0	0.0	0.0	0.0	0.0	0.0	0.0	0.0	0.0	0.0	0.0
6.978580357028506	0.0	0.0	0.0	0.0	0.0	0.0	0.0	0.0	0.0	0.0	0.0	0.0	0.0
7.257150841875823	0.0	0.0	0.0	0.0	0.0	0.0	0.0	0.0	0.0	0.0	0.0	0.0	0.0
7.548199914317303	0.0	0.0	0.0	0.0	0.0	0.0	0.0	0.0	0.0	0.0	0.0	0.0	0.0
7.852235256063389	0.0	0.0	0.0	0.0	0.0	0.0	0.0	0.0	0.0	0.0	0.0	0.0	0.0
8.169778593609326	0.0	0.0	0.0	0.0	0.0	0.0	0.0	0.0	0.0	0.0	0.0	0.0	0.0
8.501365616376965	0.0	0.0	0.0	0.0	0.0	0.0	0.0	0.0	0.0	0.0	0.0	0.0	0.0
8.847545872337717	0.0	0.0	0.0	0.0	0.0	0.0	0.0	0.0	0.0	0.0	0.0	0.0	0.0
9.208882643094418	0.0	0.0	0.0	0.0	0.0	0.0	0.0	0.0	0.0	0.0	0.0	0.0	0.0
9.585952800935024	0.0	0.0	0.0	0.0	0.0	0.0	0.0	0.0	0.0	0.0	0.0	0.0	0.0
9.979346650843242	0.0	0.0	0.0	0.0	0.0	0.0	0.0	0.0	0.0	0.0	0.0	0.0	0.0
10.389667760907692	0.0	0.0	0.0	0.0	0.0	0.0	0.0	0.0	0.0	0.0	0.0	0.0	0.0
10.817532784968764	0.0	0.0	0.0	0.0	0.0	0.0	0.0	0.0	0.0	0.0	0.0	0.0	0.0
11.263571281693956	0.0	0.0	0.0	0.0	0.0	0.0	0.0	0.0	0.0	0.0	0.0	0.0	0.0
11.728425534528078	0.0	0.0	0.0	0.0	0.0	0.0	0.0	0.0	0.0	0.0	0.0	0.0	0.0
12.212750377195768	0.0	0.0	0.0	0.0	0.0	0.0	0.0	0.0	0.0	0.0	0.0	0.0	0.0
12.717213029530818	0.0	0.0	0.0	0.0	0.0	0.0	0.0	0.0	0.0	0.0	0.0	0.0	0.0
13.242492948458525	0.0	0.0	0.0	0.0	0.0	0.0	0.0	0.0	0.0	0.0	0.0	0.0	0.0
13.78928169894642	0.0	0.0	0.0	0.0	0.0	0.0	0.0	0.0	0.0	0.0	0.0	0.0	0.0
14.358282849589179	0.0	0.0	0.0	0.0	0.0	0.0	0.0	0.0	0.0	0.0	0.0	0.0	0.0
14.950211897324015	0.0	0.0	0.0	0.0	0.0	0.0	0.0	0.0	0.0	0.0	0.0	0.0	0.0
15.565796225542156	0.0	0.0	0.0	0.0	0.0	0.0	0.0	0.0	0.0	0.0	0.0	0.0	0.0
16.205775099512643	0.0	0.0	0.0	0.0	0.0	0.0	0.0	0.0	0.0	0.0	0.0	0.0	0.0
16.870899702732096	0.0	0.0	0.0	0.0	0.0	0.0	0.0	0.0	0.0	0.0	0.0	0.0	0.0
17.561933217377817	0.0	0.0	0.0	0.0	0.0	0.0	0.0	0.0	0.0	0.0	0.0	0.0	0.0
18.279650951667268	0.0	0.0	0.0	0.0	0.0	0.0	0.0	0.0	0.0	0.0	0.0	0.0	0.0
19.02484051647496	0.0	0.0	0.0	0.0	0.0	0.0	0.0	0.0	0.0	0.0	0.0	0.0	0.0
19.79830205316293	0.0	0.0	0.0	0.0	0.0	0.0	0.0	0.0	0.0	0.0	0.0	0.0	0.0
20.6008485141173	0.0	0.0	0.0	0.0	0.0	0.0	0.0	0.0	0.0	0.0	0.0	0.0	0.0
21.43330599714455	0.0	0.0	0.0	0.0	0.0	0.0	0.0	0.0	0.0	0.0	0.0	0.0	0.0
22.29651413447419	0.0	0.0	0.0	0.0	0.0	0.0	0.0	0.0	0.0	0.0	0.0	0.0	0.0
23.191326536783766	0.0	0.0	0.0	0.0	0.0	0.0	0.0	0.0	0.0	0.0	0.0	0.0	0.0
24.118611292395855	0.0	0.0	0.0	0.0	0.0	0.0	0.0	0.0	0.0	0.0	0.0	0.0	0.0
25.07925152151447	0.0	0.0	0.0	0.0	0.0	0.0	0.0	0.0	0.0	0.0	0.0	0.0	0.0
26.074145985189897	0.0	0.0	0.0	0.0	0.0	0.0	0.0	0.0	0.0	0.0	0.0	0.0	0.0
27.104209748535617	0.0	0.0	0.0	0.0	0.0	0.0	0.0	0.0	0.0	0.0	0.0	0.0	0.0
28.17037489764097	0.0	0.0	0.0	0.0	0.0	0.0	0.0	0.0	0.0	0.0	0.0	0.0	0.0
29.273591309529234	0.0	0.0	0.0	0.0	0.0	0.0	0.0	0.0	0.0	0.0	0.0	0.0	0.0
30.4148274745334	0.0	0.0	0.0	0.0	0.0	0.0	0.0	0.0	0.0	0.0	0.0	0.0	0.0
31.595071370479108	0.0	0.0	0.0	0.0	0.0	0.0	0.0	0.0	0.0	0.0	0.0	0.0	0.0
32.81533138814588	0.0	0.0	0.0	0.0	0.0	0.0	0.0	0.0	0.0	0.0	0.0	0.0	0.0
34.07663730757391	0.0	0.0	0.0	0.0	0.0	0.0	0.0	0.0	0.0	0.0	0.0	0.0	0.0
35.38004132494116	0.0	0.0	0.0	0.0	0.0	0.0	0.0	0.0	0.0	0.0	0.0	0.0	0.0
36.72661912989537	0.0	0.0	0.0	0.0	0.0	0.0	0.0	0.0	0.0	0.0	0.0	0.0	0.0
38.11747103341187	0.0	0.0	0.0	0.0	0.0	0.0	0.0	0.0	0.0	0.0	0.0	0.0	0.0
39.553723146505234	0.0	0.0	0.0	0.0	0.0	0.0	0.0	0.0	0.0	0.0	0.0	0.0	0.0
41.03652861029028	0.0	0.0	0.0	0.0	0.0	0.0	0.0	0.0	0.0	0.0	0.0	0.0	0.0
42.567068878224376	0.0	0.0	0.0	0.0	0.0	0.0	0.0	0.0	0.0	0.0	0.0	0.0	0.0
44.146555051528026	0.0	0.0	0.0	0.0	0.0	0.0	0.0	0.0	0.0	0.0	0.0	0.0	0.0
45.77622926915947	0.0	0.0	0.0	0.0	0.0	0.0	0.0	0.0	0.0	0.0	0.0	0.0	0.0
47.45736615391782	0.0	0.0	0.0	0.0	0.0	0.0	0.0	0.0	0.0	0.0	0.0	0.0	0.0
49.19127431658883	0.0	0.0	0.0	0.0	0.0	0.0	0.0	0.0	0.0	0.0	0.0	0.0	0.0
50.97929792033413	0.0	0.0	0.0	0.0	0.0	0.0	0.0	0.0	0.0	0.0	0.0	0.0	0.0
52.82281830782673	0.0	0.0	0.0	0.0	0.0	0.0	0.0	0.0	0.0	0.0	0.0	0.0	0.0
54.72325569395322	0.0	0.0	0.0	0.0	0.0	0.0	0.0	0.0	0.0	0.0	0.0	0.0	0.0
56.682070927230335	0.0	0.0	0.0	0.0	0.0	0.0	0.0	0.0	0.0	0.0	0.0	0.0	0.0
58.70076732338527	0.0	0.0	0.0	0.0	0.0	0.0	0.0	0.0	0.0	0.0	0.0	0.0	0.0
60.78089257493063	0.0	0.0	0.0	0.0	0.0	0.0	0.0	0.0	0.0	0.0	0.0	0.0	0.0
62.92404074085816	0.0	0.0	0.0	0.0	0.0	0.0	0.0	0.0	0.0	0.0	0.0	0.0	0.0
65.13185432097461	0.0	0.0	0.0	0.0	0.0	0.0	0.0	0.0	0.0	0.0	0.0	0.0	0.0
67.40602641975535	0.0	0.0	0.0	0.0	0.0	0.0	0.0	0.0	0.0	0.0	0.0	0.0	0.0
69.74830300498247	0.0	0.0	0.0	0.0	0.0	0.0	0.0	0.0	0.0	0.0	0.0	0.0	0.0
72.16048526682582	0.0	0.0	0.0	0.0	0.0	0.0	0.0	0.0	0.0	0.0	0.0	0.0	0.0
74.64443208346384	0.0	0.0	0.0	0.0	0.0	0.0	0.0	0.0	0.0	0.0	0.0	0.0	0.0
77.20206259978447	0.0	0.0	0.0	0.0	0.0	0.0	0.0	0.0	0.0	0.0	0.0	0.0	0.0
79.83535892614435	0.0	0.0	0.0	0.0	0.0	0.0	0.0	0.0	0.0	0.0	0.0	0.0	0.0
82.5463689647325	0.0	0.0	0.0	0.0	0.0	0.0	0.0	0.0	0.0	0.0	0.0	0.0	0.0
85.33720937150451	0.0	0.0	0.0	0.0	0.0	0.0	0.0	0.0	0.0	0.0	0.0	0.0	0.0
88.21006866234308	0.0	0.0	0.0	0.0	0.0	0.0	0.0	0.0	0.0	0.0	0.0	0.0	0.0
91.16721047260106	0.0	0.0	0.0	0.0	0.0	0.0	0.0	0.0	0.0	0.0	0.0	0.0	0.0
94.21097697987922	0.0	0.0	0.0	0.0	0.0	0.0	0.0	0.0	0.0	0.0	0.0	0.0	0.0
97.34379250055983	0.0	0.0	0.0	0.0	0.0	0.0	0.0	0.0	0.0	0.0	0.0	0.0	0.0
100.56816727139409	0.0	0.0	0.0	0.0	0.0	0.0	0.0	0.0	0.0	0.0	0.0	0.0	0.0
103.88670142818205	0.0	0.0	0.0	0.0	0.0	0.0	0.0	0.0	0.0	0.0	0.0	0.0	0.0
107.30208919453888	0.0	0.0	0.0	0.0	0.0	0.0	0.0	0.0	0.0	0.0	0.0	0.0	0.0
110.81712329456411	0.0	0.0	0.0	0.0	0.0	0.0	0.0	0.0	0.0	0.0	0.0	0.0	0.0
114.43469960432694	0.0	0.0	0.0	0.0	0.0	0.0	0.0	0.0	0.0	0.0	0.0	0.0	0.0
118.1578220581399	0.0	0.0	0.0	0.0	0.0	0.0	0.0	0.0	0.0	0.0	0.0	0.0	0.0
121.99265734741726	0.0	0.0	0.0	0.0	0.0	0.0	0.0	0.0	0.0	0.0	0.0	0.0	0.0
125.94232037003435	0.0	0.0	0.0	0.0	0.0	0.0	0.0	0.0	0.0	0.0	0.0	0.0	0.0
130.01005875451528	0.0	0.0	0.0	0.0	0.0	0.0	0.0	0.0	0.0	0.0	0.0	0.0	0.0
134.19925881129785	0.0	0.0	0.0	0.0	0.0	0.0	0.0	0.0	0.0	0.0	0.0	0.0	0.0
138.5134518237614	0.0	0.0	0.0	0.0	0.0	0.0	0.0	0.0	0.0	0.0	0.0	0.0	0.0
142.95632071142242	0.0	0.0	0.0	0.0	0.0	0.0	0.0	0.0	0.0	0.0	0.0	0.0	0.0
147.53170709683494	0.0	0.0	0.0	0.0	0.0	0.0	0.0	0.0	0.0	0.0	0.0	0.0	0.0
152.2436188091701	0.0	0.0	0.0	0.0	0.0	0.0	0.0	0.0	0.0	0.0	0.0	0.0	0.0
157.0962378590849	0.0	0.0	0.0	0.0	0.0	0.0	0.0	0.0	0.0	0.0	0.0	0.0	0.0
162.09392892158365	0.0	0.0	0.0	0.0	0.0	0.0	0.0	0.0	0.0	0.0	0.0	0.0	0.0
167.24124836589024	0.0	0.0	0.0	0.0	0.0	0.0	0.0	0.0	0.0	0.0	0.0	0.0	0.0
172.54295387410033	0.0	0.0	0.0	0.0	0.0	0.0	0.0	0.0	0.0	0.0	0.0	0.0	0.0
178.00401469335372	0.0	0.0	0.0	0.0	0.0	0.0	0.0	0.0	0.0	0.0	0.0	0.0	0.0
183.62962256977073	0.0	0.0	0.0	0.0	0.0	0.0	0.0	0.0	0.0	0.0	0.0	0.0	0.0
189.42520341616626	0.0	0.0	0.0	0.0	0.0	0.0	0.0	0.0	0.0	0.0	0.0	0.0	0.0
195.39642976992482	0.0	0.0	0.0	0.0	0.0	0.0	0.0	0.0	0.0	0.0	0.0	0.0	0.0
201.5492341021135	0.0	0.0	0.0	0.0	0.0	0.0	0.0	0.0	0.0	0.0	0.0	0.0	0.0
207.88982304422322	0.0	0.0	0.0	0.0	0.0	0.0	0.0	0.0	0.0	0.0	0.0	0.0	0.0
214.42469260488576	0.0	0.0	0.0	0.0	0.0	0.0	0.0	0.0	0.0	0.0	0.0	0.0	0.0
221.1606444553313	0.0	0.0	0.0	0.0	0.0	0.0	0.0	0.0	0.0	0.0	0.0	0.0	0.0
228.10480336965648	0.0	0.0	0.0	0.0	0.0	0.0	0.0	0.0	0.0	0.0	0.0	0.0	0.0
235.2646359140153	0.0	0.0	0.0	0.0	0.0	0.0	0.0	0.0	0.0	0.0	0.0	0.0	0.0
242.64797048769898	0.0	0.0	0.0	0.0	0.0	0.0	0.0	0.0	0.0	0.0	0.0	0.0	0.0
250.26301882902874	0.0	0.0	0.0	0.0	0.0	0.0	0.0	0.0	0.0	0.0	0.0	0.0	0.0
258.1183991099153	0.0	0.0	0.0	0.0	0.0	0.0	0.0	0.0	0.0	0.0	0.0	0.0	0.0
266.2231607552659	0.0	0.0	0.0	0.0	0.0	0.0	0.0	0.0	0.0	0.0	0.0	0.0	0.0
274.58681113692427	0.0	0.0	0.0	0.0	0.0	0.0	0.0	0.0	0.0	0.0	0.0	0.0	0.0
283.2193443071069	0.0	0.0	0.0	0.0	0.0	0.0	0.0	0.0	0.0	0.0	0.0	0.0	0.0
292.13127195321607	0.0	0.0	0.0	0.0	0.0	0.0	0.0	0.0	0.0	0.0	0.0	0.0	0.0
301.33365677476917	0.0	0.0	0.0	0.0	0.0	0.0	0.0	0.0	0.0	0.0	0.0	0.0	0.0
310.8381485045249	0.0	0.0	0.0	0.0	0.0	0.0	0.0	0.0	0.0	0.0	0.0	0.0	0.0
320.6570228194902	0.0	0.0	0.0	0.0	0.0	0.0	0.0	0.0	0.0	0.0	0.0	0.0	0.0
330.8032234142508	0.0	0.0	0.0	0.0	0.0	0.0	0.0	0.0	0.0	0.0	0.0	0.0	0.0
341.29040753908606	0.0	0.0	0.0	0.0	0.0	0.0	0.0	0.0	0.0	0.0	0.0	0.0	0.0
352.13299533845304	0.0	0.0	0.0	0.0	0.0	0.0	0.0	0.0	0.0	0.0	0.0	0.0	0.0
363.34622336427634	0.0	0.0	0.0	0.0	0.0	0.0	0.0	0.0	0.0	0.0	0.0	0.0	0.0
374.9462026810186	0.0	0.0	0.0	0.0	0.0	0.0	0.0	0.0	0.0	0.0	0.0	0.0	0.0
386.9499820278491	0.0	0.0	0.0	0.0	0.0	0.0	0.0	0.0	0.0	0.0	0.0	0.0	0.0
399.3756165585274	0.0	0.0	0.0	0.0	0.0	0.0	0.0	0.0	0.0	0.0	0.0	0.0	0.0
412.242242742051	0.0	0.0	0.0	0.0	0.0	0.0	0.0	0.0	0.0	0.0	0.0	0.0	0.0
425.5701600782004	0.0	0.0	0.0	0.0	0.0	0.0	0.0	0.0	0.0	0.0	0.0	0.0	0.0
439.3809203632468	0.0	0.0	0.0	0.0	0.0	0.0	0.0	0.0	0.0	0.0	0.0	0.0	0.0
453.6974253335092	0.0	0.0	0.0	0.0	0.0	0.0	0.0	0.0	0.0	0.0	0.0	0.0	0.0
468.54403362039335	0.0	0.0	0.0	0.0	0.0	0.0	0.0	0.0	0.0	0.0	0.0	0.0	0.0
483.9466780721396	0.0	0.0	0.0	0.0	0.0	0.0	0.0	0.0	0.0	0.0	0.0	0.0	0.0
499.9329946368929	0.0	0.0	0.0	0.0	0.0	0.0	0.0	0.0	0.0	0.0	0.0	0.0	0.0
516.5324641620338	0.0	0.0	0.0	0.0	0.0	0.0	0.0	0.0	0.0	0.0	0.0	0.0	0.0
533.7765686513261	0.0	0.0	0.0	0.0	0.0	0.0	0.0	0.0	0.0	0.0	0.0	0.0	0.0
551.6989637383427	0.0	0.0	0.0	0.0	0.0	0.0	0.0	0.0	0.0	0.0	0.0	0.0	0.0
570.3356693819272	0.0	0.0	0.0	0.0	0.0	0.0	0.0	0.0	0.0	0.0	0.0	0.0	0.0
589.7252810805487	0.0	0.0	0.0	0.0	0.0	0.0	0.0	0.0	0.0	0.0	0.0	0.0	0.0
609.9092042410982	0.0	0.0	0.0	0.0	0.0	0.0	0.0	0.0	0.0	0.0	0.0	0.0	0.0
630.9319147349726	0.0	0.0	0.0	0.0	0.0	0.0	0.0	0.0	0.0	0.0	0.0	0.0	0.0
652.8412491393891	0.0	0.0	0.0	0.0	0.0	0.0	0.0	0.0	0.0	0.0	0.0	0.0	0.0
675.6887287103096	0.0	0.0	0.0	0.0	0.0	0.0	0.0	0.0	0.0	0.0	0.0	0.0	0.0
699.5299217822713	0.0	0.0	0.0	0.0	0.0	0.0	0.0	0.0	0.0	0.0	0.0	0.0	0.0
724.4248500572172	0.0	0.0	0.0	0.0	0.0	0.0	0.0	0.0	0.0	0.0	0.0	0.0	0.0
750.4384451568305	0.0	0.0	0.0	0.0	0.0	0.0	0.0	0.0	0.0	0.0	0.0	0.0	0.0
777.641062901651	0.0	0.0	0.0	0.0	0.0	0.0	0.0	0.0	0.0	0.0	0.0	0.0	0.0
806.109064084351	0.0	0.0	0.0	0.0	0.0	0.0	0.0	0.0	0.0	0.0	0.0	0.0	0.0
835.9254720752358	0.0	0.0	0.0	0.0	0.0	0.0	0.0	0.0	0.0	0.0	0.0	0.0	0.0
867.1807194928746	0.0	0.0	0.0	0.0	0.0	0.0	0.0	0.0	0.0	0.0	0.0	0.0	0.0
899.9734984694178	0.0	0.0	0.0	0.0	0.0	0.0	0.0	0.0	0.0	0.0	0.0	0.0	0.0
934.4117318418721	0.0	0.0	0.0	0.0	0.0	0.0	0.0	0.0	0.0	0.0	0.0	0.0	0.0
970.6136860282066	0.0	0.0	0.0	0.0	0.0	0.0	0.0	0.0	0.0	0.0	0.0	0.0	0.0
1008.7092505657084	0.0	0.0	0.0	0.0	0.0	0.0	0.0	0.0	0.0	0.0	0.0	0.0	0.0
1048.841414505392	0.0	0.0	0.0	0.0	0.0	0.0	0.0	0.0	0.0	0.0	0.0	0.0	0.0
1091.167976344632	0.0	0.0	0.0	0.0	0.0	0.0	0.0	0.0	0.0	0.0	0.0	0.0	0.0
1135.8635322970893	0.0	0.0	0.0	0.0	0.0	0.0	0.0	0.0	0.0	0.0	0.0	0.0	0.0
1183.1217979186108	0.0	0.0	0.0	0.0	0.0	0.0	0.0	0.0	0.0	0.0	0.0	0.0	0.0
1233.15833105446	0.0	0.0	0.0	0.0	0.0	0.0	0.0	0.0	0.0	0.0	0.0	0.0	0.0
1286.2137405939477	0.0	0.0	0.0	0.0	0.0	0.0	0.0	0.0	0.0	0.0	0.0	0.0	0.0
1342.5574867533821	0.0	0.0	0.0	0.0	0.0	0.0	0.0	0.0	0.0	0.0	0.0	0.0	0.0
1402.492406125091	0.0	0.0	0.0	0.0	0.0	0.0	0.0	0.0	0.0	0.0	0.0	0.0	0.0
1466.3601306774033	0.0	0.0	0.0	0.0	0.0	0.0	0.0	0.0	0.0	0.0	0.0	0.0	0.0
1534.5476172784292	0.0	0.0	0.0	0.0	0.0	0.0	0.0	0.0	0.0	0.0	0.0	0.0	0.0
1607.495067408304	0.0	0.0	0.0	0.0	0.0	0.0	0.0	0.0	0.0	0.0	0.0	0.0	0.0
1685.7056015738356	0.0	0.0	0.0	0.0	0.0	0.0	0.0	0.0	0.0	0.0	0.0	0.0	0.0
1769.757168344091	0.0	0.0	0.0	0.0	0.0	0.0	0.0	0.0	0.0	0.0	0.0	0.0	0.0
1860.317326812538	0.0	0.0	0.0	0.0	0.0	0.0	0.0	0.0	0.0	0.0	0.0	0.0	0.0
1958.1617629138311	0.0	0.0	0.0	0.0	0.0	0.0	0.0	0.0	0.0	0.0	0.0	0.0	0.0
2064.19771359934	0.0	0.0	0.0	0.0	0.0	0.0	0.0	0.0	0.0	0.0	0.0	0.0	0.0
2179.4939235747634	0.0	0.0	0.0	0.0	0.0	0.0	0.0	0.0	0.0	0.0	0.0	0.0	0.0
2305.3194182535476	0.0	0.0	0.0	0.0	0.0	0.0	0.0	0.0	0.0	0.0	0.0	0.0	0.0
2443.1943584392766	0.0	0.0	0.0	0.0	0.0	0.0	0.0	0.0	0.0	0.0	0.0	0.0	0.0
2594.9577364038687	0.0	0.0	0.0	0.0	0.0	0.0	0.0	0.0	0.0	0.0	0.0	0.0	0.0
2762.8590004702783	0.0	0.0	0.0	0.0	0.0	0.0	0.0	0.0	0.0	0.0	0.0	0.0	0.0
2949.6844165800603	0.0	0.0	0.0	0.0	0.0	0.0	0.0	0.0	0.0	0.0	0.0	0.0	0.0
3158.935106597479	0.0	0.0	0.0	0.0	0.0	0.0	0.0	0.0	0.0	0.0	0.0	0.0	0.0
3395.0841600248004	0.0	0.0	0.0	0.0	0.0	0.0	0.0	0.0	0.0	0.0	0.0	0.0	0.0
3663.958742728243	0.0	0.0	0.0	0.0	0.0	0.0	0.0	0.0	0.0	0.0	0.0	0.0	0.0
3973.327515045481	0.0	0.0	0.0	0.0	0.0	0.0	0.0	0.0	0.0	0.0	0.0	0.0	0.0
4333.84104140283	0.0	0.0	0.0	0.0	0.0	0.0	0.0	0.0	0.0	0.0	0.0	0.0	0.0
4760.613740446203	0.0	0.0	0.0	0.0	0.0	0.0	0.0	0.0	0.0	0.0	0.0	0.0	0.0
5276.054661510977	4.341594025554555e+30	6.494023821901535e+28	3.7373641836962602e+28	1.9995287463282856e+28	1.3004894183352822e+28	7.112185187552291e+27	1.8324486664677452e+27	9.090707782818747e+26	3.4587192250605456e+26	2.3421874732510394e+28	1.1410842343372903e+28	7.112185187552291e+27	4.7271474517522425e+27
5915.358093624442	3.7411251622892066e+33	6.736689796691785e+31	3.891644586056791e+31	2.0889562431803223e+31	1.3611291749245949e+31	7.459314574124066e+30	1.9281181597213536e+30	9.576178548014113e+29	3.6476614952305414e+29	2.445094303798065e+31	1.1948809496752088e+31	7.459314574124066e+30	4.963596969685283e+30
6738.34997792284	1.5594180263747075e+36	3.334771161711022e+34	1.93374234242029e+34	1.0414445230858704e+34	6.798297097062183e+33	3.7334112045082335e+33	9.6816381477074e+32	4.813936569932362e+32	1.8358078491051307e+32	1.218072587214737e+34	5.970910844457723e+33	3.7334112045082335e+33	2.4871731793542905e+33
7859.29244182426	2.7380241187948277e+38	7.782959097740848e+36	4.544827395285136e+36	2.4627016901154913e+36	1.6130100146957483e+36	8.892177751612304e+35	2.319714564584785e+35	1.1558161469529684e+35	4.417115394754017e+34	2.876354498622597e+36	1.4179899972465158e+36	8.892177751612304e+35	5.936507910642575e+35
9542.162982522948	2.5194120226745496e+40	9.415328560218911e+38	5.5406723677110796e+38	3.0226013377432342e+38	1.987059839580449e+38	1.100038474726896e+38	2.8884136979326414e+37	1.4424425527885873e+37	5.525282180190731e+36	3.5248833316641215e+38	1.7485624305242235e+38	1.100038474726896e+38	7.361068946798217e+37
11585.596774957296	1.8490109791222207e+41	9.67518743086208e+39	5.757338105380511e+39	3.171336294107107e+39	2.0959116815758816e+39	1.1672985090017587e+39	3.093587459389975e+38	1.5498948669850769e+38	5.956437007009587e+37	3.6901935706437216e+39	1.8469907484222874e+39	1.1672985090017587e+39	7.837134313299082e+38
14066.887887782936	1.813734994550965e+41	1.3816539947095872e+40	8.34722210160786e+39	4.658645988797099e+39	3.1009852315345664e+39	1.7411228906598356e+39	4.672169521411138e+38	2.3508880402038388e+38	9.074502062105174e+37	5.404692581083267e+39	2.73797935159315e+39	1.7411228906598356e+39	1.1742060010062219e+39
17079.912052276202	2.4603314363381285e+41	2.6997196671543896e+40	1.661353043843094e+40	9.420585369090142e+39	6.325127109865648e+39	3.586193017416231e+39	9.767809523947736e+38	4.9401863437934054e+38	1.9169051143216675e+38	1.0889881219424053e+40	5.597702928933188e+39	3.586193017416231e+39	2.4315027352941756e+39
20738.67716518108	2.757177546747138e+41	4.359901176550322e+40	2.7469739348018256e+40	1.5894922647976026e+40	1.0789737610272933e+40	6.193436049675915e+39	1.7188607591327403e+39	8.749471606242217e+38	3.4171800221512066e+38	1.8289934300891762e+40	9.577033248271342e+39	6.193436049675915e+39	4.2277177221978204e+39
25181.65264124996	3.1358969283816426e+41	6.937978631893588e+40	4.4967702150852975e+40	2.6657297164829043e+40	1.8333352381073633e+40	1.0678803336829619e+40	3.030028223685406e+39	1.5540619267869654e+39	6.115941253221092e+38	3.050646330188678e+40	1.6329902329767137e+40	1.0678803336829619e+40	7.347978936601805e+39
30577.01517001599	3.4581332872327627e+41	1.0435485951773563e+41	7.005054453403804e+40	4.27874535852638e+40	2.9904023534382693e+40	1.7734410824033946e+40	5.169783860322665e+39	2.6759158894846764e+39	1.0628340575142018e+39	4.863601077095918e+40	2.6751109338233576e+40	1.7734410824033946e+40	1.2322761748031787e+40
37129.01688999587	3.781993487577827e+41	1.4955675907680629e+41	1.0472323165314661e+41	6.630690417498125e+40	4.724391389004978e+40	2.8625845462559467e+40	8.616730503129413e+39	4.5085332646087434e+39	1.810191859463078e+39	7.476149617534068e+40	4.248109604666592e+40	2.8625845462559467e+40	2.0123541840176165e+40
45085.7139279836	3.9825962424876964e+41	1.9889621215538605e+41	1.4692173689769517e+41	9.736251985756588e+40	7.108599727725136e+40	4.425690743972229e+40	1.3869957742428866e+40	7.355799567429294e+39	2.993370371091937e+39	1.0865424829336946e+41	6.433758207669736e+40	4.425690743972229e+40	3.1571660190248437e+40
54748.35214573968	4.830609415297652e+41	2.584868894841416e+41	2.016677898894357e+41	1.4023051887149168e+41	1.0510889104934933e+41	6.739670231906733e+40	2.207588106439383e+40	1.1882674446327388e+40	4.9074968367272466e+39	1.5478754507706303e+41	9.580414713058603e+40	6.739670231906733e+40	4.885605590131713e+40
66482.76898293597	8.898105571600161e+42	1.697402705237883e+42	1.1236174470928885e+42	6.8026889394626416e+41	4.737354572007367e+41	2.800919949849512e+41	8.142920962594885e+40	4.2130326676834035e+40	1.6730365846862828e+40	7.74608893538429e+41	4.234393511804254e+41	2.800919949849512e+41	1.9438176578859258e+41
80733.24786614174	2.518152141574466e+43	4.531625391153993e+42	2.918725677924119e+42	1.7222226233922288e+42	1.1817991876103882e+42	6.8680299121202756e+41	1.9428727345931053e+41	9.955619043201197e+40	3.914593953604556e+40	1.9728622290554162e+42	1.0520558129563547e+42	6.8680299121202756e+41	4.720393757536544e+41
98039.34314763057	3.091686320718901e+43	6.98735257191596e+42	4.5895964582317044e+42	2.7536905891526407e+42	1.9065967789751312e+42	1.1191468212277902e+42	3.2137513513733077e+41	1.6551720875589403e+41	6.541522981549374e+40	3.142590672071018e+42	1.7013523546593916e+42	1.1191468212277902e+42	7.733772999178637e+41
119056.31032351765	2.386759225549248e+43	7.898874851872119e+42	5.4581580870166614e+42	3.4214541322633677e+42	2.4259685409202414e+42	1.4626504928901096e+42	4.3744973794843284e+41	2.2845802234279858e+41	9.156949452212317e+40	3.866034958186691e+42	2.178703161913063e+42	1.4626504928901096e+42	1.0256748155395373e+42
144579.91869549794	1.36551093884167e+43	6.365982802346287e+42	4.822580145226624e+42	3.2782399146268396e+42	2.4301547397625945e+42	1.5408298084833755e+42	4.976306491832077e+41	2.6682666488758115e+41	1.0983314169304398e+41	3.636304708837415e+42	2.2088175567434238e+42	1.5408298084833755e+42	1.1107898344807748e+42
175576.58376657008	5.169035260100909e+42	2.973856871541437e+42	2.6489871412943203e+42	2.094407766979708e+42	1.6919552663629083e+42	1.1848298740415369e+42	4.4616478096628445e+41	2.5209047723949377e+41	1.0933337198195879e+41	2.2429174413005354e+42	1.5744414305173285e+42	1.1848298740415369e+42	9.026036899380878e+41
213219.95267160784	3.803823688134571e+42	1.0650552518211411e+42	1.10410647296322e+42	1.0200370901077813e+42	9.070973385517777e+41	7.153208744222267e+41	3.2984671862880597e+41	2.0086867562675295e+41	9.415867276529852e+40	1.0520135934293303e+42	8.674744254923641e+41	7.153208744222267e+41	5.844218811640818e+41
258935.3500633545	9.365604965396034e+41	4.182044440436805e+41	4.735022830153171e+41	4.7388816362498045e+41	4.4615066667186324e+41	3.84494596623353e+41	2.1828321391719232e+41	1.4575929263893962e+41	7.558467721043369e+40	4.7906905863487984e+41	4.345812398145585e+41	3.84494596623353e+41	3.348610760337132e+41
314453.76084535045	5.454358182250383e+41	1.7449288515794623e+41	2.5172106107679484e+41	3.0174451721542172e+41	3.0471464440571435e+41	2.74201454755867e+41	1.5734942953280839e+41	1.070668025923471e+41	5.853643925919667e+40	2.9416904037584014e+41	3.010039171087975e+41	2.74201454755867e+41	2.405477702669798e+41
381877.3496209397	3.5809888710639294e+41	4.82223557957448e+40	9.391658571515764e+40	1.5498534683980352e+41	1.8814412070040936e+41	2.0782332746555906e+41	1.532242038815909e+41	1.0876882213154345e+41	6.039969789910098e+40	1.4010781503909998e+41	1.9531822188716127e+41	2.0782332746555906e+41	2.0237652030500497e+41
463759.0703341987	2.3471415872700034e+41	1.1294890143856918e+40	2.25936165209353e+40	5.094359808645751e+40	7.801651387605592e+40	1.1482762668941038e+41	1.3229360152563875e+41	1.0778592737052007e+41	6.694187921733454e+40	4.2217793601226727e+40	8.658151308702455e+40	1.1482762668941038e+41	1.3154242426901086e+41
563199.3336319464	1.4781997795745211e+41	5.0198975769590816e+39	5.759051168317724e+39	1.067638902641744e+40	1.9229409539084106e+40	3.9510308451887233e+40	8.531409179291016e+40	8.654557480319674e+40	6.608111344168646e+40	8.739688117324395e+39	2.28614201018976e+40	3.9510308451887233e+40	5.627273988553339e+40
683963.4035245213	8.83526666379996e+40	3.2754624484238366e+39	3.188787297708745e+39	3.1901983775718416e+39	3.911717149171818e+39	7.906489235932082e+39	3.53817578744025e+40	4.925668171077283e+40	5.169269858415939e+40	3.1328722328342966e+39	4.4016399986350155e+39	7.906489235932082e+39	1.3752676485184613e+40
830623.9685489234	5.022319713793504e+40	2.122122902745705e+39	2.1394667475892084e+39	2.025481178512252e+39	1.9126077517312854e+39	2.0445708797701118e+39	9.52602757754278e+39	1.873996180846665e+40	2.88383021319797e+40	2.0655444504562983e+39	1.8925351345346582e+39	2.0445708797701118e+39	2.81894437812472e+39
1008734.285838232	2.745711257424507e+40	1.3233696925245164e+39	1.3880955762502394e+39	1.376590554293772e+39	1.313999291708628e+39	1.1759889496743901e+39	1.9601427608026118e+39	4.8215106078392196e+39	1.152836397121808e+40	1.3885596925073333e+39	1.2872611254747123e+39	1.1759889496743901e+39	1.1121538894570256e+39
1225038.4541285716	1.4634994763060216e+40	7.953963636543662e+38	8.656992637553437e+38	8.992787546766609e+38	8.886664090430363e+38	8.260189809577786e+38	6.305328795175628e+38	9.512681028861343e+38	3.090302076845689e+39	8.960280960622209e+38	8.797038399630047e+38	8.260189809577786e+38	7.574444213435951e+38
1487726.7776016395	7.698385504667689e+39	4.609610136330994e+38	5.2022081520654365e+38	5.639811787458611e+38	5.7573798609838136e+38	5.625695448019034e+38	4.202318520095182e+38	3.462987489659348e+38	5.9392917429559875e+38	5.5566064384526396e+38	5.7591706027933e+38	5.625695448019034e+38	5.3364406933860564e+38
1806745.8898009856	4.0383784455175667e+39	2.569632952772243e+38	3.0155054054952925e+38	3.405497906299559e+38	3.581293751955057e+38	3.665044445110248e+38	3.0686917461894995e+38	2.454411678336618e+38	1.8253474944305224e+38	3.320440083000878e+38	3.61673105739119e+38	3.665044445110248e+38	3.5980758706822265e+38
2194175.380318716	2.1300049465303943e+39	1.36897580570987e+38	1.6834249815654857e+38	1.9837777673836342e+38	2.1454640505650683e+38	2.2902042492652336e+38	2.148025276228504e+38	1.8254350838446413e+38	1.264569909629986e+38	1.9144027772170883e+38	2.185734072148171e+38	2.2902042492652336e+38	2.3206054530197463e+38
2664685.1850368674	1.1363855889645667e+39	6.891327797200367e+37	9.000871203416735e+37	1.1143895067986654e+38	1.2402469412193263e+38	1.377281016327997e+38	1.4349690661472862e+38	1.2985940477389568e+38	9.750304990075427e+37	1.063344322437912e+38	1.27425222097944e+38	1.377281016327997e+38	1.4362285665585086e+38
3236091.0587696885	6.1562182208135455e+38	3.2240048843516913e+37	4.561466490303829e+37	6.012529424463094e+37	6.914231503268175e+37	7.991394536337464e+37	9.16862100854669e+37	8.810567099808382e+37	7.220860357498685e+37	5.65867603312086e+37	7.16810263406331e+37	7.991394536337464e+37	8.559146221377839e+37
3930029.162980267	3.3927623960383482e+38	1.371800372462637e+37	2.156889636484271e+37	3.0884213881385015e+37	3.700834078179852e+37	4.475092926852801e+37	5.622468387954091e+37	5.709957202830823e+37	5.100305998401245e+37	2.854897430098595e+37	3.8781774827379107e+37	4.475092926852801e+37	4.923213424343636e+37
4772775.311458086	1.9024999782045346e+38	5.171031739377173e+36	9.319458592325719e+36	1.4891748034898297e+37	1.8841689919944868e+37	2.410579692484867e+37	3.3211574724412973e+37	3.5459863534284837e+37	3.4351085752172163e+37	1.344026268127505e+37	2.002071407080385e+37	2.410579692484867e+37	2.732878351176055e+37
