#t	Le	U	B	V	R	I	J	H	K	g	r	i	z
#----------------------------------------------- 
3.15197801850754	0.0	0.0	0.0	0.0	0.0	0.0	0.0	0.0	0.0	0.0	0.0	0.0	0.0
3.2477375556013466	0.0	0.0	0.0	0.0	0.0	0.0	0.0	0.0	0.0	0.0	0.0	0.0	0.0
3.431289514568501	0.0	0.0	0.0	0.0	0.0	0.0	0.0	0.0	0.0	0.0	0.0	0.0	0.0
3.6308401992219825	0.0	0.0	0.0	0.0	0.0	0.0	0.0	0.0	0.0	0.0	0.0	0.0	0.0
3.8475992889552124	0.0	0.0	0.0	0.0	0.0	0.0	0.0	0.0	0.0	0.0	0.0	0.0	0.0
4.083238570770674	0.0	0.0	0.0	0.0	0.0	0.0	0.0	0.0	0.0	0.0	0.0	0.0	0.0
4.339630520092916	0.0	0.0	0.0	0.0	0.0	0.0	0.0	0.0	0.0	0.0	0.0	0.0	0.0
4.618844308892619	0.0	0.0	0.0	0.0	0.0	0.0	0.0	0.0	0.0	0.0	0.0	0.0	0.0
4.923158796504488	0.0	0.0	0.0	0.0	0.0	0.0	0.0	0.0	0.0	0.0	0.0	0.0	0.0
5.2550791661630845	0.0	0.0	0.0	0.0	0.0	0.0	0.0	0.0	0.0	0.0	0.0	0.0	0.0
5.617355058921193	0.0	0.0	0.0	0.0	0.0	0.0	0.0	0.0	0.0	0.0	0.0	0.0	0.0
6.01299963380958	0.0	0.0	0.0	0.0	0.0	0.0	0.0	0.0	0.0	0.0	0.0	0.0	0.0
6.4453093191529245	0.0	0.0	0.0	0.0	0.0	0.0	0.0	0.0	0.0	0.0	0.0	0.0	0.0
6.9178841197113385	0.0	0.0	0.0	0.0	0.0	0.0	0.0	0.0	0.0	0.0	0.0	0.0	0.0
7.43464839528765	0.0	0.0	0.0	0.0	0.0	0.0	0.0	0.0	0.0	0.0	0.0	0.0	0.0
7.9998720761174855	0.0	0.0	0.0	0.0	0.0	0.0	0.0	0.0	0.0	0.0	0.0	0.0	0.0
8.618192344324392	0.0	0.0	0.0	0.0	0.0	0.0	0.0	0.0	0.0	0.0	0.0	0.0	0.0
9.294635894813029	0.0	0.0	0.0	0.0	0.0	0.0	0.0	0.0	0.0	0.0	0.0	0.0	0.0
10.034641994908664	0.0	0.0	0.0	0.0	0.0	0.0	0.0	0.0	0.0	0.0	0.0	0.0	0.0
10.844086688344488	0.0	0.0	0.0	0.0	0.0	0.0	0.0	0.0	0.0	0.0	0.0	0.0	0.0
11.729308632119789	0.0	0.0	0.0	0.0	0.0	0.0	0.0	0.0	0.0	0.0	0.0	0.0	0.0
12.697137208719521	0.0	0.0	0.0	0.0	0.0	0.0	0.0	0.0	0.0	0.0	0.0	0.0	0.0
13.754923714568497	0.0	0.0	0.0	0.0	0.0	0.0	0.0	0.0	0.0	0.0	0.0	0.0	0.0
14.910576581915036	0.0	0.0	0.0	0.0	0.0	0.0	0.0	0.0	0.0	0.0	0.0	0.0	0.0
16.172601740751798	0.0	0.0	0.0	0.0	0.0	0.0	0.0	0.0	0.0	0.0	0.0	0.0	0.0
17.550149367138406	0.0	0.0	0.0	0.0	0.0	0.0	0.0	0.0	0.0	0.0	0.0	0.0	0.0
19.053068395918903	0.0	0.0	0.0	0.0	0.0	0.0	0.0	0.0	0.0	0.0	0.0	0.0	0.0
20.691970304240073	0.0	0.0	0.0	0.0	0.0	0.0	0.0	0.0	0.0	0.0	0.0	0.0	0.0
22.47830380690607	0.0	0.0	0.0	0.0	0.0	0.0	0.0	0.0	0.0	0.0	0.0	0.0	0.0
24.424442258443303	0.0	0.0	0.0	0.0	0.0	0.0	0.0	0.0	0.0	0.0	0.0	0.0	0.0
26.54378574562005	0.0	0.0	0.0	0.0	0.0	0.0	0.0	0.0	0.0	0.0	0.0	0.0	0.0
28.85088009631813	0.0	0.0	0.0	0.0	0.0	0.0	0.0	0.0	0.0	0.0	0.0	0.0	0.0
31.361555346100612	0.0	0.0	0.0	0.0	0.0	0.0	0.0	0.0	0.0	0.0	0.0	0.0	0.0
34.093086614127174	0.0	0.0	0.0	0.0	0.0	0.0	0.0	0.0	0.0	0.0	0.0	0.0	0.0
37.06438086914304	0.0	0.0	0.0	0.0	0.0	0.0	0.0	0.0	0.0	0.0	0.0	0.0	0.0
40.29619374140389	0.0	0.0	0.0	0.0	0.0	0.0	0.0	0.0	0.0	0.0	0.0	0.0	0.0
43.811381390099605	0.0	0.0	0.0	0.0	0.0	0.0	0.0	0.0	0.0	0.0	0.0	0.0	0.0
47.63519350819323	0.0	0.0	0.0	0.0	0.0	0.0	0.0	0.0	0.0	0.0	0.0	0.0	0.0
51.7956148893537	0.0	0.0	0.0	0.0	0.0	0.0	0.0	0.0	0.0	0.0	0.0	0.0	0.0
56.32376466146474	0.0	0.0	0.0	0.0	0.0	0.0	0.0	0.0	0.0	0.0	0.0	0.0	0.0
61.25436439618445	0.0	0.0	0.0	0.0	0.0	0.0	0.0	0.0	0.0	0.0	0.0	0.0	0.0
66.6262889510392	0.0	0.0	0.0	0.0	0.0	0.0	0.0	0.0	0.0	0.0	0.0	0.0	0.0
72.48321724434432	0.0	0.0	0.0	0.0	0.0	0.0	0.0	0.0	0.0	0.0	0.0	0.0	0.0
78.87440441159252	0.0	0.0	0.0	0.0	0.0	0.0	0.0	0.0	0.0	0.0	0.0	0.0	0.0
85.85560222327639	0.0	0.0	0.0	0.0	0.0	0.0	0.0	0.0	0.0	0.0	0.0	0.0	0.0
93.49016163496995	0.0	0.0	0.0	0.0	0.0	0.0	0.0	0.0	0.0	0.0	0.0	0.0	0.0
101.85036040317155	0.0	0.0	0.0	0.0	0.0	0.0	0.0	0.0	0.0	0.0	0.0	0.0	0.0
111.01901053746876	0.0	0.0	0.0	0.0	0.0	0.0	0.0	0.0	0.0	0.0	0.0	0.0	0.0
121.09141594223773	0.0	0.0	0.0	0.0	0.0	0.0	0.0	0.0	0.0	0.0	0.0	0.0	0.0
132.17777128498903	0.0	0.0	0.0	0.0	0.0	0.0	0.0	0.0	0.0	0.0	0.0	0.0	0.0
144.40612082331208	0.0	0.0	0.0	0.0	0.0	0.0	0.0	0.0	0.0	0.0	0.0	0.0	0.0
157.92603334775123	0.0	0.0	0.0	0.0	0.0	0.0	0.0	0.0	0.0	0.0	0.0	0.0	0.0
172.9132004681619	0.0	0.0	0.0	0.0	0.0	0.0	0.0	0.0	0.0	0.0	0.0	0.0	0.0
189.57523588887727	0.0	0.0	0.0	0.0	0.0	0.0	0.0	0.0	0.0	0.0	0.0	0.0	0.0
208.15905149176737	0.0	0.0	0.0	0.0	0.0	0.0	0.0	0.0	0.0	0.0	0.0	0.0	0.0
228.96032455278925	0.0	0.0	0.0	0.0	0.0	0.0	0.0	0.0	0.0	0.0	0.0	0.0	0.0
252.33576831979494	0.0	0.0	0.0	0.0	0.0	0.0	0.0	0.0	0.0	0.0	0.0	0.0	0.0
278.71920484044915	0.0	0.0	0.0	0.0	0.0	0.0	0.0	0.0	0.0	0.0	0.0	0.0	0.0
308.6428603200196	0.0	0.0	0.0	0.0	0.0	0.0	0.0	0.0	0.0	0.0	0.0	0.0	0.0
342.7659327014097	0.0	0.0	0.0	0.0	0.0	0.0	0.0	0.0	0.0	0.0	0.0	0.0	0.0
381.9134376407685	0.0	0.0	0.0	0.0	0.0	0.0	0.0	0.0	0.0	0.0	0.0	0.0	0.0
427.1298202450512	0.0	0.0	0.0	0.0	0.0	0.0	0.0	0.0	0.0	0.0	0.0	0.0	0.0
479.75416134633656	0.0	0.0	0.0	0.0	0.0	0.0	0.0	0.0	0.0	0.0	0.0	0.0	0.0
541.527592815464	0.0	0.0	0.0	0.0	0.0	0.0	0.0	0.0	0.0	0.0	0.0	0.0	0.0
614.7498116325925	0.0	0.0	0.0	0.0	0.0	0.0	0.0	0.0	0.0	0.0	0.0	0.0	0.0
702.5122747564877	0.0	0.0	0.0	0.0	0.0	0.0	0.0	0.0	0.0	0.0	0.0	0.0	0.0
809.0544430628554	0.0	0.0	0.0	0.0	0.0	0.0	0.0	0.0	0.0	0.0	0.0	0.0	0.0
940.3236028431176	0.0	0.0	0.0	0.0	0.0	0.0	0.0	0.0	0.0	0.0	0.0	0.0	0.0
1104.8833740126252	0.0	0.0	0.0	0.0	0.0	0.0	0.0	0.0	0.0	0.0	0.0	0.0	0.0
1315.4436042297953	0.0	0.0	0.0	0.0	0.0	0.0	0.0	0.0	0.0	0.0	0.0	0.0	0.0
1591.5494679515223	1.805192962035698e+30	5.0734652497094e+27	2.8529983182432836e+27	1.495529962221627e+27	9.61747698457618e+26	5.191881522388424e+26	1.3108125542168035e+26	6.456599422376188e+25	2.4385708266956536e+25	1.7600317361560785e+27	8.41273358610742e+26	5.191881522388424e+26	3.425973793359361e+26
1964.551826032049	1.8373413530321537e+35	8.200373799659458e+32	4.633929559015147e+32	2.4396067071068127e+32	1.5726385665733876e+32	8.513172567626957e+31	2.158688781612772e+31	1.0649230756513118e+31	4.028411222333952e+30	2.868234420469755e+32	1.3765396713508606e+32	8.513172567626957e+31	5.626260693871612e+31
2425.0133936657376	3.051372476736374e+38	2.0109089427514786e+36	1.141908627292902e+36	6.0377887712879605e+35	3.9014665284977045e+35	2.117800597972192e+35	5.393317322969684e+34	2.664675163137961e+34	1.0095741393654691e+34	7.091574992282951e+35	3.417202304722435e+35	2.117800597972192e+35	1.401778699177389e+35
2993.446538001594	3.173649204948545e+40	3.061020135904911e+38	1.7480136287561088e+38	9.28842571639651e+37	6.018428142828732e+37	3.2772171586511604e+37	8.387079737664518e+36	4.1509765269093574e+36	1.5754893035957632e+36	1.0897186021139414e+38	5.275327389904928e+37	3.2772171586511604e+37	2.1729991044463634e+37
3695.1817586681223	2.6696466846890756e+41	4.086843962691852e+39	2.3530211381283692e+39	1.259364664646656e+39	8.192583304764889e+38	4.481466680655594e+38	1.1550730803165312e+38	5.7310161532457715e+37	2.180755211526322e+37	1.4750547476296717e+39	7.18879680259218e+38	4.481466680655594e+38	2.9790206166383483e+38
4561.4932616877095	2.7982526524336406e+41	6.945984527376585e+39	4.042256265864573e+39	2.1838552457073182e+39	1.4280313796904474e+39	7.857757179175644e+38	2.0439454734086316e+38	1.0173844110600562e+38	3.884068607936029e+37	2.5524061515573754e+39	1.2548196628819408e+39	7.857757179175644e+38	5.240501552094487e+38
5630.993396679004	3.854634186417718e+41	1.422047430837812e+40	8.367974675533596e+39	4.564822613132503e+39	3.0008691615317953e+39	1.661258232890094e+39	4.361944867790775e+38	2.1782961285756093e+38	8.343931367373034e+37	5.323422205011435e+39	2.640678515512188e+39	1.661258232890094e+39	1.1116468241372249e+39
6951.354606368186	4.4452771306510175e+41	2.510801165269633e+40	1.49939322031942e+40	8.284762620084941e+39	5.484640602986129e+39	3.060522303710797e+39	8.135255485077898e+38	4.080014759880663e+38	1.5696607355316387e+38	9.633419663535618e+39	4.835476946168183e+39	3.060522303710797e+39	2.057000228807017e+39
8581.435400874976	4.929053742904062e+41	4.230005278141459e+40	2.573675453138189e+40	1.4452493375724598e+40	9.652613024535073e+39	5.4404293882538207e+39	1.4685026861393798e+39	7.404113095120278e+38	2.863944907402474e+38	1.6743477659085353e+40	8.530416016277507e+39	5.4404293882538207e+39	3.6767389687633474e+39
10593.905086511104	6.786052890427508e+41	7.432676385368371e+40	4.589446687841415e+40	2.6103217223227063e+40	1.7555771188369164e+40	9.973044390520401e+39	2.724633855552146e+39	1.379480455620513e+39	5.358515437422196e+38	3.0153402658580573e+40	1.5543912431823289e+40	9.973044390520401e+39	6.769215407047083e+39
13078.48326474201	2.567168818401989e+42	1.817295156657609e+41	1.1058015050124188e+41	6.212413780227085e+40	4.150776429066356e+40	2.3407589130402355e+40	6.325062458898083e+39	3.1904465744072587e+39	1.2346624134235565e+39	7.196250740788946e+40	3.6686547057057493e+40	2.3407589130402355e+40	1.5824867525903146e+40
16145.940219227172	4.062732869605105e+42	3.434285989343549e+41	2.10005942797193e+41	1.1846617909838035e+41	7.932401300031244e+40	4.484070845080018e+40	1.2159805866136755e+40	6.140930764882213e+39	2.3793229904767144e+39	1.3710138249128414e+41	7.015077609126094e+40	4.484070845080018e+40	3.03541109653194e+40
19933.035897512822	3.214182425519493e+42	4.54518565217076e+41	2.868711430148992e+41	1.6630840110485323e+41	1.1302569668027805e+41	6.497171920486297e+40	1.8075333924567437e+40	9.209056093238808e+39	3.600032496185626e+39	1.912791451858352e+41	1.0035569015900491e+41	6.497171920486297e+40	4.43878653632307e+40
24608.61810521354	1.8538616459314878e+42	4.520910504249629e+41	3.0347059512625135e+41	1.855923605814756e+41	1.2985718818096206e+41	7.713766712298988e+40	2.2558127038655006e+40	1.169098136161012e+40	4.649781823951406e+39	2.108806148816048e+41	1.1620735731239693e+41	7.713766712298988e+40	5.365569665866951e+40
30381.151305171505	7.792500242829384e+41	3.0384073938875906e+41	2.2785874576775188e+41	1.5359283726071187e+41	1.1335147417459684e+41	7.15122094805229e+40	2.2914746114928317e+40	1.22510364827027e+40	5.027132980911517e+39	1.706903255480414e+41	1.0290479469790176e+41	7.15122094805229e+40	5.141103771515343e+40
37508.01203043242	5.067942272974723e+41	1.5026286409304947e+41	1.3023875324721847e+41	1.0051473214714106e+41	8.010050316132073e+40	5.520909706746347e+40	2.0276299136786513e+40	1.1357159349382382e+40	4.882581390152217e+39	1.0824412129597974e+41	7.425888816701524e+40	5.520909706746347e+40	4.168533858830775e+40
46306.96474548571	2.176838896443647e+41	3.7629977093776334e+40	4.1533673937072274e+40	4.089275259502676e+40	3.751868159704982e+40	3.043076645167333e+40	1.4334251940332054e+40	8.729030247041223e+39	4.0754634598366196e+39	4.1582502958182005e+40	3.61505877100077e+40	3.043076645167333e+40	2.5138811086081454e+40
57170.33091008908	1.4605884094976398e+41	1.9597351579976186e+40	2.3409192843030156e+40	2.6245716868189836e+40	2.6269634403349387e+40	2.371235100444264e+40	1.3258832273626663e+40	8.562523212525352e+39	4.23822626869496e+39	2.581210973973349e+40	2.5947991041034355e+40	2.371235100444264e+40	2.0824108163988193e+40
70582.48152944933	1.0158965258571228e+41	1.0969359253675642e+40	1.2864128028749568e+40	1.5974128062982544e+40	1.7510777579435584e+40	1.784324009553328e+40	1.2237298985294557e+40	8.485712894202225e+39	4.504720620857987e+39	1.5221602329043786e+40	1.7777854464650275e+40	1.784324009553328e+40	1.6837164006582217e+40
87141.4350427936	6.9938130843344445e+40	7.070645379646475e+39	6.93601633372865e+39	8.548541715080547e+39	1.0106958715715402e+40	1.1769446392152357e+40	1.0394525889778817e+40	7.895868716943654e+39	4.5900322725541174e+39	8.018751979915188e+39	1.0553010369186329e+40	1.1769446392152357e+40	1.2112693908707052e+40
107585.52229501276	4.765289318934253e+40	5.501807813583601e+39	4.368092837169681e+39	4.3543579370493636e+39	5.0868458323559e+39	6.590497188417039e+39	7.923709288317884e+39	6.784783008197518e+39	4.4439395200542e+39	4.224805340234978e+39	5.390578285649231e+39	6.590497188417039e+39	7.482688443933126e+39
132826.3078489029	3.2190184270286907e+40	4.629458548836072e+39	3.4233446611012435e+39	2.660810067032509e+39	2.6358849808507578e+39	3.2623075580940316e+39	5.1936916093990206e+39	5.1449627565513186e+39	3.9285443744469675e+39	2.7775517744829584e+39	2.7124808248171347e+39	3.2623075580940316e+39	3.944685543396863e+39
163989.2355796393	2.1610715090309112e+40	3.852850752412828e+39	2.8962505470022474e+39	2.0459665867717785e+39	1.697498801338529e+39	1.6441826893859025e+39	2.928589718448022e+39	3.415381118992826e+39	3.141614619568145e+39	2.228158857898303e+39	1.6403844119240772e+39	1.6441826893859025e+39	1.89984663091749e+39
202463.81088938063	1.444585528137573e+40	3.098186782956837e+39	2.4285853160341288e+39	1.7367184130567583e+39	1.3565243808139686e+39	1.0299858850444103e+39	1.4361457944864152e+39	1.955275726961433e+39	2.2378424411611348e+39	1.8991621134713486e+39	1.2626388455232231e+39	1.0299858850444103e+39	9.870813144929137e+38
249965.5571060019	9.619084961588183e+39	2.394260712803512e+39	1.9689699244736797e+39	1.4724932016667682e+39	1.1631807721290291e+39	8.172196929471142e+38	6.6868451323991466e+38	9.63351920815663e+38	1.38728695798164e+39	1.594914157892036e+39	1.0781523232039825e+39	8.172196929471142e+38	6.6585546880441624e+38
308612.50862580695	6.37215740621081e+39	1.772888455902361e+39	1.5328918912426e+39	1.2083850913219155e+39	9.844616607612955e+38	7.039369086555093e+38	3.665793091666118e+38	4.3440981600918665e+38	7.327004110549717e+38	1.2923192688974218e+39	9.194198592646072e+38	7.039369086555093e+38	5.505350777011742e+38
381019.6515345241	4.1894606850437366e+39	1.2541486029288681e+39	1.1407536134806526e+39	9.510261920580669e+38	8.031200392605873e+38	5.9958599618285515e+38	2.699084163527697e+38	2.1989108654499447e+38	3.3154950171040572e+38	1.0031145322267532e+39	7.578060591583912e+38	5.9958599618285515e+38	4.764959998737256e+38
470415.52269569767	2.727167061783314e+39	8.454982420297758e+38	8.083591175046334e+38	7.138045701545296e+38	6.264365546091404e+38	4.9176240356770985e+38	2.3106595190142084e+38	1.5229139177353866e+38	1.4358524389732887e+38	7.42081346495463e+38	5.978227725560992e+38	4.9176240356770985e+38	4.0264577489344944e+38
580786.1663137159	1.7552594708692516e+39	5.424679227543132e+38	5.442402917427774e+38	5.0888310314928665e+38	4.647613667546596e+38	3.8514154081197446e+38	1.9955346925317986e+38	1.2873780259564098e+38	7.843727547626468e+37	5.213452714069204e+38	4.488818154568433e+38	3.8514154081197446e+38	3.263176119999707e+38
717052.8668149204	1.1168150287802558e+39	3.308953075573396e+38	3.48040990946767e+38	3.439924776223876e+38	3.269402911675108e+38	2.86633584764869e+38	1.664523750789003e+38	1.1174582718593196e+38	6.001543712165754e+37	3.4739709517887194e+38	3.1966159776306493e+38	2.86633584764869e+38	2.519998563534237e+38
885291.5829350061	7.029748317656233e+38	1.9136010781208287e+38	2.1148237595936426e+38	2.2058098780857814e+38	2.1789577150798652e+38	2.0212312610220824e+38	1.327375177273195e+38	9.402706046001144e+37	5.210360874271766e+37	2.197150190602101e+38	2.1562764031170843e+38	2.0212312610220824e+38	1.846806094362956e+38
1093003.8673061102	4.382038123235193e+38	1.041873710924699e+38	1.2191222673905679e+38	1.343496406873351e+38	1.3774015431273577e+38	1.3494699042954048e+38	1.0069194324244843e+38	7.5758483122158e+37	4.490909716383778e+37	1.3201941785588106e+38	1.3789053302527213e+38	1.3494699042954048e+38	1.2815035557938563e+38
1349451.3515108519	2.7081130069239036e+38	5.272568621594469e+37	6.627307830879939e+37	7.770270527240059e+37	8.271172165742789e+37	8.540474424474902e+37	7.240020771147802e+37	5.813341260120473e+37	3.728764959392145e+37	7.525709627688271e+37	8.3737547750292005e+37	8.540474424474902e+37	8.418177456195888e+37
1666068.7108746148	1.660952713814911e+38	2.4331254760474494e+37	3.3566037419649266e+37	4.2483698889247897e+37	4.715514419905771e+37	5.133282194235434e+37	4.925459903637276e+37	4.2312748079885934e+37	2.960083774490854e+37	4.0445452427823816e+37	4.830510678400965e+37	5.133282194235434e+37	5.243384029263902e+37
2056973.522579953	1.0119318639663839e+38	9.981687316434515e+36	1.5546812837064443e+37	2.172771295203388e+37	2.539017193233051e+37	2.9309330752520076e+37	3.1715294583732037e+37	2.9140781073543503e+37	2.235473479062567e+37	2.023632495475409e+37	2.636920887010928e+37	2.9309330752520076e+37	3.1026494826212057e+37
2539595.7510381755	6.12929066961798e+37	3.527300626173773e+36	6.421902693313444e+36	1.0216326475827199e+37	1.2761778446143013e+37	1.5830402801074557e+37	1.9368586474261722e+37	1.8984005645644078e+37	1.599837251119806e+37	9.24561196834379e+36	1.3486812007773685e+37	1.5830402801074557e+37	1.7434805687144046e+37
3135454.9284817926	3.693656924241412e+37	1.0339490097119278e+36	2.2928427947723907e+36	4.3117722885041623e+36	5.87758896171257e+36	8.00293930659744e+36	1.1240526940989822e+37	1.1719150569038607e+37	1.082735755210361e+37	3.758785333206701e+36	6.354809324923403e+36	8.00293930659744e+36	9.253467509525682e+36
3871119.6842852235	2.2160453806395143e+37	2.4048694961343313e+35	6.815576162418288e+35	1.5846772958485082e+36	2.4185756796934286e+36	3.7205695599159485e+36	6.192918661582427e+36	6.872004204923887e+36	6.931283210995942e+36	1.3168222633513074e+36	2.6939920867868767e+36	3.7205695599159485e+36	4.5824307178222376e+36
4779392.407220919	1.324452527652499e+37	4.21285826748305e+34	1.6140620238078436e+35	4.890157541030699e+35	8.615583933635427e+35	1.552143689158997e+36	3.217369864906931e+36	3.829305140866099e+36	4.206459953926468e+36	3.826066613097064e+35	9.970804764357941e+35	1.552143689158997e+36	2.0767745202664558e+36
