#t	Le	U	B	V	R	I	J	H	K	g	r	i	z
#----------------------------------------------- 
4.340657301708096	0.0	0.0	0.0	0.0	0.0	0.0	0.0	0.0	0.0	0.0	0.0	0.0	0.0
4.424367475763929	0.0	0.0	0.0	0.0	0.0	0.0	0.0	0.0	0.0	0.0	0.0	0.0	0.0
4.90962569692904	0.0	0.0	0.0	0.0	0.0	0.0	0.0	0.0	0.0	0.0	0.0	0.0	0.0
5.603780798920768	0.0	0.0	0.0	0.0	0.0	0.0	0.0	0.0	0.0	0.0	0.0	0.0	0.0
6.441326859371123	0.0	0.0	0.0	0.0	0.0	0.0	0.0	0.0	0.0	0.0	0.0	0.0	0.0
7.435324723149967	0.0	0.0	0.0	0.0	0.0	0.0	0.0	0.0	0.0	0.0	0.0	0.0	0.0
8.610808601289554	0.0	0.0	0.0	0.0	0.0	0.0	0.0	0.0	0.0	0.0	0.0	0.0	0.0
9.998260993489321	0.0	0.0	0.0	0.0	0.0	0.0	0.0	0.0	0.0	0.0	0.0	0.0	0.0
11.63260356285803	0.0	0.0	0.0	0.0	0.0	0.0	0.0	0.0	0.0	0.0	0.0	0.0	0.0
13.552709762522769	0.0	0.0	0.0	0.0	0.0	0.0	0.0	0.0	0.0	0.0	0.0	0.0	0.0
15.80072833163234	0.0	0.0	0.0	0.0	0.0	0.0	0.0	0.0	0.0	0.0	0.0	0.0	0.0
18.421060233936537	0.0	0.0	0.0	0.0	0.0	0.0	0.0	0.0	0.0	0.0	0.0	0.0	0.0
21.45901282780398	0.0	0.0	0.0	0.0	0.0	0.0	0.0	0.0	0.0	0.0	0.0	0.0	0.0
24.95928428453797	0.0	0.0	0.0	0.0	0.0	0.0	0.0	0.0	0.0	0.0	0.0	0.0	0.0
28.96452493560221	0.0	0.0	0.0	0.0	0.0	0.0	0.0	0.0	0.0	0.0	0.0	0.0	0.0
33.51424781407517	0.0	0.0	0.0	0.0	0.0	0.0	0.0	0.0	0.0	0.0	0.0	0.0	0.0
38.644297192125144	0.0	0.0	0.0	0.0	0.0	0.0	0.0	0.0	0.0	0.0	0.0	0.0	0.0
44.38695033453849	0.0	0.0	0.0	0.0	0.0	0.0	0.0	0.0	0.0	0.0	0.0	0.0	0.0
50.77157921996504	0.0	0.0	0.0	0.0	0.0	0.0	0.0	0.0	0.0	0.0	0.0	0.0	0.0
57.82569482581787	0.0	0.0	0.0	0.0	0.0	0.0	0.0	0.0	0.0	0.0	0.0	0.0	0.0
65.57616602783925	0.0	0.0	0.0	0.0	0.0	0.0	0.0	0.0	0.0	0.0	0.0	0.0	0.0
74.0504384439438	0.0	0.0	0.0	0.0	0.0	0.0	0.0	0.0	0.0	0.0	0.0	0.0	0.0
83.27764355906812	0.0	0.0	0.0	0.0	0.0	0.0	0.0	0.0	0.0	0.0	0.0	0.0	0.0
93.2895538937461	0.0	0.0	0.0	0.0	0.0	0.0	0.0	0.0	0.0	0.0	0.0	0.0	0.0
104.12138820132479	0.0	0.0	0.0	0.0	0.0	0.0	0.0	0.0	0.0	0.0	0.0	0.0	0.0
115.81249795860609	0.0	0.0	0.0	0.0	0.0	0.0	0.0	0.0	0.0	0.0	0.0	0.0	0.0
128.4069770705526	0.0	0.0	0.0	0.0	0.0	0.0	0.0	0.0	0.0	0.0	0.0	0.0	0.0
141.95423721103046	0.0	0.0	0.0	0.0	0.0	0.0	0.0	0.0	0.0	0.0	0.0	0.0	0.0
156.5095871174108	0.0	0.0	0.0	0.0	0.0	0.0	0.0	0.0	0.0	0.0	0.0	0.0	0.0
172.13484898625543	0.0	0.0	0.0	0.0	0.0	0.0	0.0	0.0	0.0	0.0	0.0	0.0	0.0
188.89904080138902	0.0	0.0	0.0	0.0	0.0	0.0	0.0	0.0	0.0	0.0	0.0	0.0	0.0
206.8791507305519	0.0	0.0	0.0	0.0	0.0	0.0	0.0	0.0	0.0	0.0	0.0	0.0	0.0
226.16102886853955	0.0	0.0	0.0	0.0	0.0	0.0	0.0	0.0	0.0	0.0	0.0	0.0	0.0
246.84042254049052	0.0	0.0	0.0	0.0	0.0	0.0	0.0	0.0	0.0	0.0	0.0	0.0	0.0
269.02418403915766	0.0	0.0	0.0	0.0	0.0	0.0	0.0	0.0	0.0	0.0	0.0	0.0	0.0
292.8316840613899	0.0	0.0	0.0	0.0	0.0	0.0	0.0	0.0	0.0	0.0	0.0	0.0	0.0
318.3964703037376	0.0	0.0	0.0	0.0	0.0	0.0	0.0	0.0	0.0	0.0	0.0	0.0	0.0
345.86821894788994	0.0	0.0	0.0	0.0	0.0	0.0	0.0	0.0	0.0	0.0	0.0	0.0	0.0
375.41503750119006	0.0	0.0	0.0	0.0	0.0	0.0	0.0	0.0	0.0	0.0	0.0	0.0	0.0
407.22619125279	0.0	0.0	0.0	0.0	0.0	0.0	0.0	0.0	0.0	0.0	0.0	0.0	0.0
441.51534332853083	0.0	0.0	0.0	0.0	0.0	0.0	0.0	0.0	0.0	0.0	0.0	0.0	0.0
478.52442114582817	0.0	0.0	0.0	0.0	0.0	0.0	0.0	0.0	0.0	0.0	0.0	0.0	0.0
518.5282515994519	0.0	0.0	0.0	0.0	0.0	0.0	0.0	0.0	0.0	0.0	0.0	0.0	0.0
561.8401458201569	0.0	0.0	0.0	0.0	0.0	0.0	0.0	0.0	0.0	0.0	0.0	0.0	0.0
608.8186648945593	0.0	0.0	0.0	0.0	0.0	0.0	0.0	0.0	0.0	0.0	0.0	0.0	0.0
659.8758649207564	0.0	0.0	0.0	0.0	0.0	0.0	0.0	0.0	0.0	0.0	0.0	0.0	0.0
715.4874092840373	0.0	0.0	0.0	0.0	0.0	0.0	0.0	0.0	0.0	0.0	0.0	0.0	0.0
776.2050568765982	0.0	0.0	0.0	0.0	0.0	0.0	0.0	0.0	0.0	0.0	0.0	0.0	0.0
842.6721997778135	0.0	0.0	0.0	0.0	0.0	0.0	0.0	0.0	0.0	0.0	0.0	0.0	0.0
915.643351266829	0.0	0.0	0.0	0.0	0.0	0.0	0.0	0.0	0.0	0.0	0.0	0.0	0.0
996.0088024285909	0.0	0.0	0.0	0.0	0.0	0.0	0.0	0.0	0.0	0.0	0.0	0.0	0.0
1084.8261146314114	0.0	0.0	0.0	0.0	0.0	0.0	0.0	0.0	0.0	0.0	0.0	0.0	0.0
1183.3607594374114	0.0	0.0	0.0	0.0	0.0	0.0	0.0	0.0	0.0	0.0	0.0	0.0	0.0
1293.1391563054513	0.0	0.0	0.0	0.0	0.0	0.0	0.0	0.0	0.0	0.0	0.0	0.0	0.0
1416.0187495764728	0.0	0.0	0.0	0.0	0.0	0.0	0.0	0.0	0.0	0.0	0.0	0.0	0.0
1554.281866724574	0.0	0.0	0.0	0.0	0.0	0.0	0.0	0.0	0.0	0.0	0.0	0.0	0.0
1710.763335749137	0.0	0.0	0.0	0.0	0.0	0.0	0.0	0.0	0.0	0.0	0.0	0.0	0.0
1889.0269408908264	0.0	0.0	0.0	0.0	0.0	0.0	0.0	0.0	0.0	0.0	0.0	0.0	0.0
2093.6140421120763	0.0	0.0	0.0	0.0	0.0	0.0	0.0	0.0	0.0	0.0	0.0	0.0	0.0
2330.4013998318533	0.0	0.0	0.0	0.0	0.0	0.0	0.0	0.0	0.0	0.0	0.0	0.0	0.0
2607.1288095817577	0.0	0.0	0.0	0.0	0.0	0.0	0.0	0.0	0.0	0.0	0.0	0.0	0.0
2934.1991514150413	0.0	0.0	0.0	0.0	0.0	0.0	0.0	0.0	0.0	0.0	0.0	0.0	0.0
3325.931588607791	0.0	0.0	0.0	0.0	0.0	0.0	0.0	0.0	0.0	0.0	0.0	0.0	0.0
3802.6014492064546	0.0	0.0	0.0	0.0	0.0	0.0	0.0	0.0	0.0	0.0	0.0	0.0	0.0
4393.917498478658	0.0	0.0	0.0	0.0	0.0	0.0	0.0	0.0	0.0	0.0	0.0	0.0	0.0
5145.294946830331	0.0	0.0	0.0	0.0	0.0	0.0	0.0	0.0	0.0	0.0	0.0	0.0	0.0
6025.170414607965	0.0	0.0	0.0	0.0	0.0	0.0	0.0	0.0	0.0	0.0	0.0	0.0	0.0
7055.519879299443	0.0	0.0	0.0	0.0	0.0	0.0	0.0	0.0	0.0	0.0	0.0	0.0	0.0
8262.079254265735	0.0	0.0	0.0	0.0	0.0	0.0	0.0	0.0	0.0	0.0	0.0	0.0	0.0
9674.98631637208	3.6482383103176754e+31	8.790964875652312e+29	5.112721151119269e+29	2.7606524680374447e+29	1.804651064356161e+29	9.926657470490393e+28	2.5807092003950626e+28	1.2843185326447132e+28	4.902194752071497e+27	3.226952536667028e+29	1.5856266422673386e+29	9.926657470490393e+28	6.619017304005204e+28
11329.533593522814	1.751499515433777e+35	5.482036611656638e+33	3.2100316567122874e+33	1.743596802520048e+33	1.1435200736171348e+33	6.313447262554071e+32	1.6508293136965285e+32	8.232059180116126e+31	3.1486054573665914e+31	2.0353491256391316e+33	1.0056220740642505e+33	6.313447262554071e+32	4.21842352758354e+32
13267.050028970603	6.572916913931859e+37	2.9172121288148795e+36	1.726378381007238e+36	9.464061111943934e+35	6.238365423387045e+35	3.464090058106189e+35	9.138623069529163e+34	4.571194641487022e+34	1.7539201363782598e+34	1.1024469777469524e+36	5.4935789743996534e+35	3.464090058106189e+35	2.3219467625208577e+35
15535.933450062623	4.3510386048678553e+39	2.679142745998086e+38	1.6044487287294356e+38	8.886798294644454e+37	5.890965909172404e+37	3.292157684082355e+37	8.770928242496078e+36	4.40227972272801e+36	1.6949960352375478e+36	1.0327766204126507e+38	5.195554772461535e+37	3.292157684082355e+37	2.21449521003931e+37
18192.85963512529	7.740995005767865e+40	6.238897415490663e+39	3.779722629592575e+39	2.1145687699628787e+39	1.4093872202857547e+39	7.925059943168811e+38	2.1314533503646202e+38	1.0733198576750965e+38	4.1463453630153654e+37	2.4518614387973264e+39	1.2448412869790559e+39	7.925059943168811e+38	5.348977178831808e+38
21304.198251258993	2.5018274954743973e+41	2.7280792804212203e+40	1.6784922374549542e+40	9.516212869422302e+39	6.388756313643523e+39	3.621896926690668e+39	9.86349004458262e+38	4.988302389633047e+38	1.935466318261066e+38	1.1000835247261515e+40	5.653876288295312e+39	3.621896926690668e+39	2.455571010820814e+39
24947.670853424974	2.2941907525585315e+41	3.4632578391574248e+40	2.1749482481621e+40	1.254980753602337e+40	8.506100176388745e+39	4.874272086027244e+39	1.3492475988654073e+39	6.861930483269931e+38	2.6775737588372237e+38	1.4449951999669437e+40	7.546984779904146e+39	4.874272086027244e+39	3.3241307563989546e+39
29214.2924873296	2.8028767604456834e+41	5.536106983668709e+40	3.550963807612111e+40	2.0863530794824301e+40	1.4279813984254452e+40	8.272935671663324e+39	2.3283229588434974e+39	1.1908527564675038e+39	4.673439482491739e+38	2.3924343225684443e+40	1.2702917619961178e+40	8.272935671663324e+39	5.67579082887057e+39
34210.64535000233	3.2401844925698466e+41	8.375001237515019e+40	5.515968513524234e+40	3.314893518210123e+40	2.2965913616447604e+40	1.3487310561984494e+40	3.87437175699099e+39	1.9954406152306676e+39	7.886049481717404e+38	3.7818642563651243e+40	2.049645341427828e+40	1.3487310561984494e+40	9.321963408399971e+39
40061.54178489323	3.50623505141815e+41	1.1717984812125767e+41	7.975502679826233e+40	4.928907585291686e+40	3.466452054377923e+40	2.0701317743927188e+40	6.097714237001559e+39	3.167286463865225e+39	1.262414837623196e+39	5.587866496589419e+40	3.1061598903736013e+40	2.0701317743927188e+40	1.4438689591048209e+40
46913.143833081434	3.860892849940988e+41	1.5989877595446328e+41	1.1285839813372984e+41	7.193494973126057e+40	5.14349529388637e+40	3.1286685768331404e+40	9.471788973825158e+39	4.9653904665467596e+39	1.997408329385708e+39	8.098620034333306e+40	4.629296862924968e+40	3.1286685768331404e+40	2.2040098016559097e+40
54936.610987256616	3.9420872141825435e+41	2.0044846117878655e+41	1.4852608493705553e+41	9.866392602810934e+40	7.212376131619804e+40	4.496074801024158e+40	1.4115726961804178e+40	7.490378743981525e+39	3.049808590517082e+39	1.1004843822276435e+41	6.529738947475538e+40	4.496074801024158e+40	3.209514904375368e+40
64332.37838513952	4.179644383683253e+41	2.464133043888264e+41	1.924721866805017e+41	1.3373899879876466e+41	1.0014588000145351e+41	6.411761371726752e+40	2.0939416540315572e+40	1.1257821989502973e+40	4.64370168441445e+39	1.4766523554991858e+41	9.125104160455535e+40	6.411761371726752e+40	4.64331602203046e+40
75335.16259089485	4.319073667588967e+41	2.8342574248709196e+41	2.359459947008407e+41	1.7314526555404798e+41	1.3350449345568605e+41	8.829286625891627e+40	3.0244885982403805e+40	1.6519559579160683e+40	6.921161193403173e+39	1.8883313071988793e+41	1.2259971537571713e+41	8.829286625891627e+40	6.50663433771521e+40
88219.82574731801	4.396919320133974e+41	3.049829319547718e+41	2.737783943651956e+41	2.143873927340119e+41	1.7117430527633889e+41	1.1766998917683902e+41	4.266332117460133e+40	2.374164076433004e+40	1.0131238052917796e+40	2.304042726541599e+41	1.5866243200729517e+41	1.1766998917683902e+41	8.853726810158309e+40
103308.24197072623	4.485668400650159e+41	3.0832629198958193e+41	3.0114251185159766e+41	2.539028175092647e+41	2.110324707714079e+41	1.5172065286305856e+41	5.877239902735338e+40	3.342585049159585e+40	1.457151815739072e+40	2.683237746131247e+41	1.9772326225623363e+41	1.5172065286305856e+41	1.1695386418965873e+41
120977.33824749198	4.50289622031591e+41	2.8722934561633616e+41	3.0869671722945115e+41	2.8341523948493328e+41	2.4687012962848103e+41	1.8711112718947957e+41	7.841403121768972e+40	4.576941228166256e+40	2.0466256418267954e+40	2.9372914804767313e+41	2.34241115317846e+41	1.8711112718947957e+41	1.4843280862319742e+41
141668.51064520288	4.4507957288417535e+41	2.4517785006851623e+41	2.934996368301155e+41	2.969142427769502e+41	2.729718559130116e+41	2.1998855998918518e+41	1.0112442659807519e+41	6.086504728143856e+40	2.804704821295343e+40	3.0092878636927914e+41	2.628226313164682e+41	2.1998855998918518e+41	1.8047637693419317e+41
165898.65101791688	4.331073163533772e+41	1.900014247413431e+41	2.5675368114580265e+41	2.898132207318162e+41	2.8331968979190937e+41	2.449916416611724e+41	1.2542579476630644e+41	7.827072044396844e+40	3.737186654681931e+40	2.8640059136490496e+41	2.773844763029032e+41	2.449916416611724e+41	2.0896179508895032e+41
194273.05970869248	4.184811505773571e+41	1.3563620334266941e+41	2.081531033827236e+41	2.6408794395735694e+41	2.759432640257471e+41	2.578583926348644e+41	1.4910597674139797e+41	9.702036098889999e+40	4.828578083553381e+40	2.5398528792907134e+41	2.751471679219617e+41	2.578583926348644e+41	2.2971437951138043e+41
227500.56676646016	4.085119549976219e+41	9.372971588718518e+40	1.622662670024071e+41	2.305154629676963e+41	2.572039691612784e+41	2.598516058727542e+41	1.7066977364014964e+41	1.1622820979272094e+41	6.058217755503076e+40	2.15899841017352e+41	2.611781448125334e+41	2.598516058727542e+41	2.4207333721070055e+41
266411.2393386271	4.379435680592684e+41	7.762713492338248e+40	1.4422196931279953e+41	2.2013012046294137e+41	2.5669728038309637e+41	2.7401353308731153e+41	1.984375106075569e+41	1.4039767435757533e+41	7.624186013677739e+40	2.026377150263937e+41	2.6396587062570027e+41	2.7401353308731153e+41	2.638329818521667e+41
311977.11805400264	4.827355517295664e+41	6.63057902229154e+40	1.3216786894226556e+41	2.1581517404552875e+41	2.6192449576248704e+41	2.935145594914728e+41	2.3136219213698886e+41	1.6930463170287744e+41	9.544273784062816e+40	1.9552124626140975e+41	2.723807253599021e+41	2.935145594914728e+41	2.9083464933181548e+41
365336.49995471386	4.664480973390531e+41	4.047977535277076e+40	9.19631344996972e+40	1.6947966849188056e+41	2.205353100003587e+41	2.6838266883359452e+41	2.4220938361384254e+41	1.8632756846622124e+41	1.1077318508327075e+41	1.4926782759444138e+41	2.3380640850293476e+41	2.6838266883359452e+41	2.7879087161012704e+41
427822.37474141695	3.726332143810298e+41	1.4461319438513765e+40	4.089737308837037e+40	9.223233648872448e+40	1.346339347352625e+41	1.873643586063517e+41	2.0947616911887627e+41	1.7401999209639876e+41	1.1214662872743711e+41	7.751121151478451e+40	1.4731415811687663e+41	1.873643586063517e+41	2.099289065950488e+41
500995.724708664	2.6811829024685158e+41	4.746126027477181e+39	1.1921064048061518e+40	3.2306535279093635e+40	5.466193249057607e+40	9.177690204314323e+40	1.408883479738076e+41	1.3149197210126551e+41	9.574064913087092e+40	2.5717979531898687e+40	6.244177394178242e+40	9.177690204314323e+40	1.1480724630654118e+41
586684.5202679695	1.4755811325702185e+41	3.3082355332171944e+39	3.4788746944953093e+39	6.755473984714962e+39	1.2621303555219104e+40	2.6948171062778217e+40	6.640469318862763e+40	7.400240914805586e+40	6.488893499942141e+40	5.4370936957716584e+39	1.5134672296808864e+40	2.6948171062778217e+40	3.9591676119108787e+40
687029.3858453754	6.251787297905248e+40	2.5430860026098406e+39	2.053719506370108e+39	1.6904939193523063e+39	1.8871273406337174e+39	3.587397586884689e+39	1.647745174381975e+40	2.4782174934984955e+40	3.001840900643188e+40	1.7362997891993163e+39	2.082938765193438e+39	3.587397586884689e+39	6.162328638129966e+39
804537.0747520975	2.898558707630753e+40	1.9968605606150717e+39	1.669425355458926e+39	1.2621934353905402e+39	1.0153418949411454e+39	8.363406608741757e+38	2.858115853018392e+39	5.97884504211879e+39	1.0711829793960885e+40	1.3632988837481898e+39	9.541613053215817e+38	8.363406608741757e+38	9.623129780875995e+38
942143.0911430923	1.7326423839124426e+40	1.515514100141567e+39	1.329376612027979e+39	1.0524453454324459e+39	8.566969545140954e+38	6.19733640315416e+38	7.588559721649421e+38	1.7634930092877117e+39	4.3202283714213634e+39	1.1253240444251981e+39	8.000954834035618e+38	6.19733640315416e+38	5.176038725244871e+38
1103285.0233408322	1.1545083563607667e+40	1.1092051558462759e+39	1.0227444404809945e+39	8.532119635819818e+38	7.165483749602819e+38	5.294186515168727e+38	3.320784752033064e+38	6.1585087743563386e+38	1.843769768430621e+39	9.008374976673336e+38	6.745961142296407e+38	5.294186515168727e+38	4.2150603003109616e+38
1291988.419526497	7.905691741277174e+39	7.827289114541774e+38	7.588569886368043e+38	6.690080420530704e+38	5.8186457814553675e+38	4.4827746966485586e+38	2.1867944974918866e+38	2.4290382526460058e+38	7.306422625917422e+38	6.968264775926233e+38	5.532847330106011e+38	4.4827746966485586e+38	3.620946904834238e+38
1512967.3514734744	5.443084546624308e+39	5.3313293323715005e+38	5.42670516137053e+38	5.062650709238988e+38	4.570500775983903e+38	3.6931637541156785e+38	1.808675233318509e+38	1.3404454680361833e+38	2.623861830859453e+38	5.198966347218994e+38	4.393444448520279e+38	3.6931637541156785e+38	3.066454482913126e+38
1771742.178542379	3.7422411042246244e+39	3.513120760307524e+38	3.742200250005462e+38	3.692562214671043e+38	3.4650356691226024e+38	2.9470890776314974e+38	1.5659864844033205e+38	1.0357219500073721e+38	1.0040717559558632e+38	3.737930280806976e+38	3.3692711996946137e+38	2.9470890776314974e+38	2.5252600446007772e+38
2074777.4538427058	2.5650103921528585e+39	2.246816204579732e+38	2.493015314804223e+38	2.59521332034588e+38	2.5318358144668112e+38	2.2719943989132964e+38	1.336078381455427e+38	8.95500373446049e+37	5.526064549883991e+37	2.5904718791383354e+38	2.49113400568708e+38	2.2719943989132964e+38	2.0142330955143596e+38
2429643.417644911	1.752756159718603e+39	1.3992528535853526e+38	1.6091837359246312e+38	1.7593924599343964e+38	1.782306008060007e+38	1.688962859880157e+38	1.1093843939418265e+38	7.756339392885361e+37	4.316320747711782e+37	1.7331773954841462e+38	1.7744216408164838e+38	1.688962859880157e+38	1.5521321607273328e+38
2845205.112368269	1.1945472087103568e+39	8.505908255189849e+37	1.0099065136323726e+38	1.1532213122976513e+38	1.2098780493703246e+38	1.2094884664508779e+38	8.93015284465783e+37	6.564283310973631e+37	3.7632047619065086e+37	1.1226214972938945e+38	1.2181905829606564e+38	1.2094884664508779e+38	1.1532573965927995e+38
3331843.8434943245	8.123042802294544e+38	5.0490486717973595e+37	6.181464359153016e+37	7.332752585613095e+37	7.937608658073131e+37	8.345277120949805e+37	6.94976057087159e+37	5.397793788666716e+37	3.2835054355813173e+37	7.064411852718392e+37	8.075382619111894e+37	8.345277120949805e+37	8.253834082185785e+37
3901716.5188008803	5.513442343726793e+38	2.9192767170931703e+37	3.695820893327405e+37	4.5392054715008465e+37	5.049678644270322e+37	5.556776496602357e+37	5.2174253684182405e+37	4.299323120198322e+37	2.8013121116883287e+37	4.3334017495983245e+37	5.1845999213319395e+37	5.556776496602357e+37	5.691054084838128e+37
4569059.344563332	3.73618799089295e+38	1.634472525320449e+37	2.156239384666208e+37	2.743154065535686e+37	3.12649365664166e+37	3.580918902099625e+37	3.7731803892022667e+37	3.30827821655292e+37	2.3245565192800257e+37	2.5964974118579903e+37	3.235690188506311e+37	3.580918902099625e+37	3.786317167515673e+37
