#t	Le	U	B	V	R	I	J	H	K	g	r	i	z
#----------------------------------------------- 
2.952510425708186	0.0	0.0	0.0	0.0	0.0	0.0	0.0	0.0	0.0	0.0	0.0	0.0	0.0
3.0286504944211377	0.0	0.0	0.0	0.0	0.0	0.0	0.0	0.0	0.0	0.0	0.0	0.0	0.0
3.124849371945012	0.0	0.0	0.0	0.0	0.0	0.0	0.0	0.0	0.0	0.0	0.0	0.0	0.0
3.2286049364190412	0.0	0.0	0.0	0.0	0.0	0.0	0.0	0.0	0.0	0.0	0.0	0.0	0.0
3.338868527380482	0.0	0.0	0.0	0.0	0.0	0.0	0.0	0.0	0.0	0.0	0.0	0.0	0.0
3.455734361864228	0.0	0.0	0.0	0.0	0.0	0.0	0.0	0.0	0.0	0.0	0.0	0.0	0.0
3.5795474873716455	0.0	0.0	0.0	0.0	0.0	0.0	0.0	0.0	0.0	0.0	0.0	0.0	0.0
3.710754082243622	0.0	0.0	0.0	0.0	0.0	0.0	0.0	0.0	0.0	0.0	0.0	0.0	0.0
3.8498646427909957	0.0	0.0	0.0	0.0	0.0	0.0	0.0	0.0	0.0	0.0	0.0	0.0	0.0
3.99744389985963	0.0	0.0	0.0	0.0	0.0	0.0	0.0	0.0	0.0	0.0	0.0	0.0	0.0
4.154109100086951	0.0	0.0	0.0	0.0	0.0	0.0	0.0	0.0	0.0	0.0	0.0	0.0	0.0
4.320531526607643	0.0	0.0	0.0	0.0	0.0	0.0	0.0	0.0	0.0	0.0	0.0	0.0	0.0
4.497439543788741	0.0	0.0	0.0	0.0	0.0	0.0	0.0	0.0	0.0	0.0	0.0	0.0	0.0
4.685622511894346	0.0	0.0	0.0	0.0	0.0	0.0	0.0	0.0	0.0	0.0	0.0	0.0	0.0
4.8859352964844325	0.0	0.0	0.0	0.0	0.0	0.0	0.0	0.0	0.0	0.0	0.0	0.0	0.0
5.099303246743434	0.0	0.0	0.0	0.0	0.0	0.0	0.0	0.0	0.0	0.0	0.0	0.0	0.0
5.32672757963898	0.0	0.0	0.0	0.0	0.0	0.0	0.0	0.0	0.0	0.0	0.0	0.0	0.0
5.569291133402597	0.0	0.0	0.0	0.0	0.0	0.0	0.0	0.0	0.0	0.0	0.0	0.0	0.0
5.828164463981144	0.0	0.0	0.0	0.0	0.0	0.0	0.0	0.0	0.0	0.0	0.0	0.0	0.0
6.104612260122122	0.0	0.0	0.0	0.0	0.0	0.0	0.0	0.0	0.0	0.0	0.0	0.0	0.0
6.400000050430138	0.0	0.0	0.0	0.0	0.0	0.0	0.0	0.0	0.0	0.0	0.0	0.0	0.0
6.715801170959234	0.0	0.0	0.0	0.0	0.0	0.0	0.0	0.0	0.0	0.0	0.0	0.0	0.0
7.05360395578499	0.0	0.0	0.0	0.0	0.0	0.0	0.0	0.0	0.0	0.0	0.0	0.0	0.0
7.415119106284352	0.0	0.0	0.0	0.0	0.0	0.0	0.0	0.0	0.0	0.0	0.0	0.0	0.0
7.802187188153868	0.0	0.0	0.0	0.0	0.0	0.0	0.0	0.0	0.0	0.0	0.0	0.0	0.0
8.216786199119635	0.0	0.0	0.0	0.0	0.0	0.0	0.0	0.0	0.0	0.0	0.0	0.0	0.0
8.661039145413895	0.0	0.0	0.0	0.0	0.0	0.0	0.0	0.0	0.0	0.0	0.0	0.0	0.0
9.137221562034814	0.0	0.0	0.0	0.0	0.0	0.0	0.0	0.0	0.0	0.0	0.0	0.0	0.0
9.647768911148141	0.0	0.0	0.0	0.0	0.0	0.0	0.0	0.0	0.0	0.0	0.0	0.0	0.0
10.195283795271942	0.0	0.0	0.0	0.0	0.0	0.0	0.0	0.0	0.0	0.0	0.0	0.0	0.0
10.782542927579675	0.0	0.0	0.0	0.0	0.0	0.0	0.0	0.0	0.0	0.0	0.0	0.0	0.0
11.412503811044905	0.0	0.0	0.0	0.0	0.0	0.0	0.0	0.0	0.0	0.0	0.0	0.0	0.0
12.088311091337408	0.0	0.0	0.0	0.0	0.0	0.0	0.0	0.0	0.0	0.0	0.0	0.0	0.0
12.813302565191862	0.0	0.0	0.0	0.0	0.0	0.0	0.0	0.0	0.0	0.0	0.0	0.0	0.0
13.591014845992577	0.0	0.0	0.0	0.0	0.0	0.0	0.0	0.0	0.0	0.0	0.0	0.0	0.0
14.425188710766426	0.0	0.0	0.0	0.0	0.0	0.0	0.0	0.0	0.0	0.0	0.0	0.0	0.0
15.31977417667621	0.0	0.0	0.0	0.0	0.0	0.0	0.0	0.0	0.0	0.0	0.0	0.0	0.0
16.278935379215234	0.0	0.0	0.0	0.0	0.0	0.0	0.0	0.0	0.0	0.0	0.0	0.0	0.0
17.30705534727093	0.0	0.0	0.0	0.0	0.0	0.0	0.0	0.0	0.0	0.0	0.0	0.0	0.0
18.408740790693788	0.0	0.0	0.0	0.0	0.0	0.0	0.0	0.0	0.0	0.0	0.0	0.0	0.0
19.588827032735274	0.0	0.0	0.0	0.0	0.0	0.0	0.0	0.0	0.0	0.0	0.0	0.0	0.0
20.852383231708327	0.0	0.0	0.0	0.0	0.0	0.0	0.0	0.0	0.0	0.0	0.0	0.0	0.0
22.20471804278826	0.0	0.0	0.0	0.0	0.0	0.0	0.0	0.0	0.0	0.0	0.0	0.0	0.0
23.65138587182109	0.0	0.0	0.0	0.0	0.0	0.0	0.0	0.0	0.0	0.0	0.0	0.0	0.0
25.198193868448314	0.0	0.0	0.0	0.0	0.0	0.0	0.0	0.0	0.0	0.0	0.0	0.0	0.0
26.85120979646379	0.0	0.0	0.0	0.0	0.0	0.0	0.0	0.0	0.0	0.0	0.0	0.0	0.0
28.61677090596137	0.0	0.0	0.0	0.0	0.0	0.0	0.0	0.0	0.0	0.0	0.0	0.0	0.0
30.50149391571011	0.0	0.0	0.0	0.0	0.0	0.0	0.0	0.0	0.0	0.0	0.0	0.0	0.0
32.51228619658657	0.0	0.0	0.0	0.0	0.0	0.0	0.0	0.0	0.0	0.0	0.0	0.0	0.0
34.656358229070705	0.0	0.0	0.0	0.0	0.0	0.0	0.0	0.0	0.0	0.0	0.0	0.0	0.0
36.94123739092789	0.0	0.0	0.0	0.0	0.0	0.0	0.0	0.0	0.0	0.0	0.0	0.0	0.0
39.37478311625933	0.0	0.0	0.0	0.0	0.0	0.0	0.0	0.0	0.0	0.0	0.0	0.0	0.0
41.96520345476937	0.0	0.0	0.0	0.0	0.0	0.0	0.0	0.0	0.0	0.0	0.0	0.0	0.0
44.72107305087745	0.0	0.0	0.0	0.0	0.0	0.0	0.0	0.0	0.0	0.0	0.0	0.0	0.0
47.65135255637251	0.0	0.0	0.0	0.0	0.0	0.0	0.0	0.0	0.0	0.0	0.0	0.0	0.0
50.76540948763958	0.0	0.0	0.0	0.0	0.0	0.0	0.0	0.0	0.0	0.0	0.0	0.0	0.0
54.07304053891024	0.0	0.0	0.0	0.0	0.0	0.0	0.0	0.0	0.0	0.0	0.0	0.0	0.0
57.584495366148175	0.0	0.0	0.0	0.0	0.0	0.0	0.0	0.0	0.0	0.0	0.0	0.0	0.0
61.31050186171728	0.0	0.0	0.0	0.0	0.0	0.0	0.0	0.0	0.0	0.0	0.0	0.0	0.0
65.26229294744415	0.0	0.0	0.0	0.0	0.0	0.0	0.0	0.0	0.0	0.0	0.0	0.0	0.0
69.4516349227031	0.0	0.0	0.0	0.0	0.0	0.0	0.0	0.0	0.0	0.0	0.0	0.0	0.0
73.890857414324	0.0	0.0	0.0	0.0	0.0	0.0	0.0	0.0	0.0	0.0	0.0	0.0	0.0
78.59288498615261	0.0	0.0	0.0	0.0	0.0	0.0	0.0	0.0	0.0	0.0	0.0	0.0	0.0
83.57127047773898	0.0	0.0	0.0	0.0	0.0	0.0	0.0	0.0	0.0	0.0	0.0	0.0	0.0
88.84023015369493	0.0	0.0	0.0	0.0	0.0	0.0	0.0	0.0	0.0	0.0	0.0	0.0	0.0
94.41468075764674	0.0	0.0	0.0	0.0	0.0	0.0	0.0	0.0	0.0	0.0	0.0	0.0	0.0
100.3102785773437	0.0	0.0	0.0	0.0	0.0	0.0	0.0	0.0	0.0	0.0	0.0	0.0	0.0
106.54346064036669	0.0	0.0	0.0	0.0	0.0	0.0	0.0	0.0	0.0	0.0	0.0	0.0	0.0
113.1314881730715	0.0	0.0	0.0	0.0	0.0	0.0	0.0	0.0	0.0	0.0	0.0	0.0	0.0
120.09249246889512	0.0	0.0	0.0	0.0	0.0	0.0	0.0	0.0	0.0	0.0	0.0	0.0	0.0
127.44552332617836	0.0	0.0	0.0	0.0	0.0	0.0	0.0	0.0	0.0	0.0	0.0	0.0	0.0
135.21060023017714	0.0	0.0	0.0	0.0	0.0	0.0	0.0	0.0	0.0	0.0	0.0	0.0	0.0
143.4087664692408	0.0	0.0	0.0	0.0	0.0	0.0	0.0	0.0	0.0	0.0	0.0	0.0	0.0
152.0621463912489	0.0	0.0	0.0	0.0	0.0	0.0	0.0	0.0	0.0	0.0	0.0	0.0	0.0
161.1940060236018	0.0	0.0	0.0	0.0	0.0	0.0	0.0	0.0	0.0	0.0	0.0	0.0	0.0
170.82881729842103	0.0	0.0	0.0	0.0	0.0	0.0	0.0	0.0	0.0	0.0	0.0	0.0	0.0
180.9923261444256	0.0	0.0	0.0	0.0	0.0	0.0	0.0	0.0	0.0	0.0	0.0	0.0	0.0
191.71162472833691	0.0	0.0	0.0	0.0	0.0	0.0	0.0	0.0	0.0	0.0	0.0	0.0	0.0
203.01522815189702	0.0	0.0	0.0	0.0	0.0	0.0	0.0	0.0	0.0	0.0	0.0	0.0	0.0
214.9331559358461	0.0	0.0	0.0	0.0	0.0	0.0	0.0	0.0	0.0	0.0	0.0	0.0	0.0
227.49701864982376	0.0	0.0	0.0	0.0	0.0	0.0	0.0	0.0	0.0	0.0	0.0	0.0	0.0
240.74011007732366	0.0	0.0	0.0	0.0	0.0	0.0	0.0	0.0	0.0	0.0	0.0	0.0	0.0
254.69750533794218	0.0	0.0	0.0	0.0	0.0	0.0	0.0	0.0	0.0	0.0	0.0	0.0	0.0
269.40616542546877	0.0	0.0	0.0	0.0	0.0	0.0	0.0	0.0	0.0	0.0	0.0	0.0	0.0
284.9050486603365	0.0	0.0	0.0	0.0	0.0	0.0	0.0	0.0	0.0	0.0	0.0	0.0	0.0
301.23522959908576	0.0	0.0	0.0	0.0	0.0	0.0	0.0	0.0	0.0	0.0	0.0	0.0	0.0
318.4400259947297	0.0	0.0	0.0	0.0	0.0	0.0	0.0	0.0	0.0	0.0	0.0	0.0	0.0
336.56513445119475	0.0	0.0	0.0	0.0	0.0	0.0	0.0	0.0	0.0	0.0	0.0	0.0	0.0
355.6587754711769	0.0	0.0	0.0	0.0	0.0	0.0	0.0	0.0	0.0	0.0	0.0	0.0	0.0
375.7718486680425	0.0	0.0	0.0	0.0	0.0	0.0	0.0	0.0	0.0	0.0	0.0	0.0	0.0
396.9580989833225	0.0	0.0	0.0	0.0	0.0	0.0	0.0	0.0	0.0	0.0	0.0	0.0	0.0
419.2742948316557	0.0	0.0	0.0	0.0	0.0	0.0	0.0	0.0	0.0	0.0	0.0	0.0	0.0
442.78041917187636	0.0	0.0	0.0	0.0	0.0	0.0	0.0	0.0	0.0	0.0	0.0	0.0	0.0
467.5398746251677	0.0	0.0	0.0	0.0	0.0	0.0	0.0	0.0	0.0	0.0	0.0	0.0	0.0
493.61970387425066	0.0	0.0	0.0	0.0	0.0	0.0	0.0	0.0	0.0	0.0	0.0	0.0	0.0
521.0908266774375	0.0	0.0	0.0	0.0	0.0	0.0	0.0	0.0	0.0	0.0	0.0	0.0	0.0
550.0282949664564	0.0	0.0	0.0	0.0	0.0	0.0	0.0	0.0	0.0	0.0	0.0	0.0	0.0
580.5115676527782	0.0	0.0	0.0	0.0	0.0	0.0	0.0	0.0	0.0	0.0	0.0	0.0	0.0
612.6248069587884	0.0	0.0	0.0	0.0	0.0	0.0	0.0	0.0	0.0	0.0	0.0	0.0	0.0
646.4571982743155	0.0	0.0	0.0	0.0	0.0	0.0	0.0	0.0	0.0	0.0	0.0	0.0	0.0
682.1477655914987	0.0	0.0	0.0	0.0	0.0	0.0	0.0	0.0	0.0	0.0	0.0	0.0	0.0
719.7915345518066	0.0	0.0	0.0	0.0	0.0	0.0	0.0	0.0	0.0	0.0	0.0	0.0	0.0
759.4936799273744	0.0	0.0	0.0	0.0	0.0	0.0	0.0	0.0	0.0	0.0	0.0	0.0	0.0
801.3648792195163	0.0	0.0	0.0	0.0	0.0	0.0	0.0	0.0	0.0	0.0	0.0	0.0	0.0
845.5215872771963	0.0	0.0	0.0	0.0	0.0	0.0	0.0	0.0	0.0	0.0	0.0	0.0	0.0
892.0863237535476	0.0	0.0	0.0	0.0	0.0	0.0	0.0	0.0	0.0	0.0	0.0	0.0	0.0
941.187974031021	0.0	0.0	0.0	0.0	0.0	0.0	0.0	0.0	0.0	0.0	0.0	0.0	0.0
992.9621042448746	0.0	0.0	0.0	0.0	0.0	0.0	0.0	0.0	0.0	0.0	0.0	0.0	0.0
1047.5512910785365	0.0	0.0	0.0	0.0	0.0	0.0	0.0	0.0	0.0	0.0	0.0	0.0	0.0
1105.105467048936	0.0	0.0	0.0	0.0	0.0	0.0	0.0	0.0	0.0	0.0	0.0	0.0	0.0
1165.7822820498554	0.0	0.0	0.0	0.0	0.0	0.0	0.0	0.0	0.0	0.0	0.0	0.0	0.0
1229.7474819757	0.0	0.0	0.0	0.0	0.0	0.0	0.0	0.0	0.0	0.0	0.0	0.0	0.0
1297.1753050297923	0.0	0.0	0.0	0.0	0.0	0.0	0.0	0.0	0.0	0.0	0.0	0.0	0.0
1368.2488963820472	0.0	0.0	0.0	0.0	0.0	0.0	0.0	0.0	0.0	0.0	0.0	0.0	0.0
1443.160743492512	0.0	0.0	0.0	0.0	0.0	0.0	0.0	0.0	0.0	0.0	0.0	0.0	0.0
1522.1131325227161	0.0	0.0	0.0	0.0	0.0	0.0	0.0	0.0	0.0	0.0	0.0	0.0	0.0
1605.3186269937974	0.0	0.0	0.0	0.0	0.0	0.0	0.0	0.0	0.0	0.0	0.0	0.0	0.0
1693.0005699873122	0.0	0.0	0.0	0.0	0.0	0.0	0.0	0.0	0.0	0.0	0.0	0.0	0.0
1785.393611293105	0.0	0.0	0.0	0.0	0.0	0.0	0.0	0.0	0.0	0.0	0.0	0.0	0.0
1882.744261018902	0.0	0.0	0.0	0.0	0.0	0.0	0.0	0.0	0.0	0.0	0.0	0.0	0.0
1985.3114719876903	0.0	0.0	0.0	0.0	0.0	0.0	0.0	0.0	0.0	0.0	0.0	0.0	0.0
2093.367250359789	0.0	0.0	0.0	0.0	0.0	0.0	0.0	0.0	0.0	0.0	0.0	0.0	0.0
2207.197299501398	0.0	0.0	0.0	0.0	0.0	0.0	0.0	0.0	0.0	0.0	0.0	0.0	0.0
2327.1016971702365	0.0	0.0	0.0	0.0	0.0	0.0	0.0	0.0	0.0	0.0	0.0	0.0	0.0
2453.3956093229253	0.0	0.0	0.0	0.0	0.0	0.0	0.0	0.0	0.0	0.0	0.0	0.0	0.0
2586.4100422559354	0.0	0.0	0.0	0.0	0.0	0.0	0.0	0.0	0.0	0.0	0.0	0.0	0.0
2726.492636340378	0.0	0.0	0.0	0.0	0.0	0.0	0.0	0.0	0.0	0.0	0.0	0.0	0.0
2874.008504538934	0.0	0.0	0.0	0.0	0.0	0.0	0.0	0.0	0.0	0.0	0.0	0.0	0.0
3029.341116385791	0.0	0.0	0.0	0.0	0.0	0.0	0.0	0.0	0.0	0.0	0.0	0.0	0.0
3192.8932339844696	0.0	0.0	0.0	0.0	0.0	0.0	0.0	0.0	0.0	0.0	0.0	0.0	0.0
3365.087901533721	1.271845683265897e+34	1.5222015090741118e+30	8.40811931556275e+29	4.3378019338672584e+29	2.764846486969972e+29	1.4773272806209045e+29	3.66991724516034e+28	1.797313251339794e+28	6.748106961165702e+27	5.123735911408015e+29	2.4126435843857993e+29	1.4773272806209045e+29	9.692600036052454e+28
3546.3694934148025	9.593522498817648e+35	1.170695989748676e+32	6.466836005608388e+31	3.3364260365603136e+31	2.126636884270291e+31	1.1363476674340845e+31	2.822994909106549e+30	1.382561552242184e+30	5.190984824851376e+29	3.9408888864237124e+31	1.855745285514401e+31	1.1363476674340845e+31	7.455583513486755e+30
3737.204823319482	5.794130576025144e+37	5.58287432780182e+33	3.0818708137974214e+33	1.5890712216616317e+33	1.0125327751789017e+33	5.408264489392456e+32	1.342730421596674e+32	6.574577068454407e+31	2.467939783352989e+31	1.8772240427125068e+33	8.834748703524905e+32	5.408264489392456e+32	3.547590263612572e+32
3938.0843226729708	3.0022913819428444e+39	1.7684439475274803e+35	9.750289377474318e+34	5.021936456299413e+34	3.1979414289235175e+34	1.7069113873195434e+34	4.2330448480007453e+33	2.0718471817729682e+33	7.77399959195168e+32	5.934080701003718e+34	2.7898626404563127e+34	1.7069113873195434e+34	1.119214649354956e+34
4149.523293917201	1.0547074497010268e+41	3.671592606316036e+36	2.022118690177411e+36	1.0404837458035517e+36	6.622106552640796e+35	3.532324364973556e+35	8.751136173853792e+34	4.281670378085776e+34	1.6059747940405836e+34	1.2297462019684978e+36	5.776214630406243e+35	3.532324364973556e+35	2.3153036130692583e+35
4372.063252850488	1.9285789720989532e+42	4.869991429966482e+37	2.680587680769274e+37	1.3785867516468191e+37	8.771400591278998e+36	4.677215793518057e+36	1.1581360851416853e+36	5.665337818325597e+35	2.1245450643165946e+35	1.6295438581325388e+37	7.650356242426648e+36	4.677215793518057e+36	3.065157477503053e+36
4606.273374935337	2.63690860908453e+43	4.696201997514057e+38	2.583487919647082e+38	1.3279851245136856e+38	8.447069789229775e+37	4.502806154178444e+37	1.1143743040808617e+37	5.450261385957417e+36	2.0435006480462384e+36	1.5699118167507647e+38	7.366911497965062e+37	4.502806154178444e+37	2.950320865095133e+37
4852.7520272563515	2.177662452457498e+44	3.200172378628111e+39	1.7599926711180633e+39	9.044570815698372e+38	5.752270048403452e+38	3.0658090595986584e+38	7.585420414220203e+37	3.709586532646917e+37	1.390724773030302e+37	1.0692894843539293e+39	5.016511411556762e+38	3.0658090595986584e+38	2.008588724929167e+38
5112.1286414205815	1.1283115633527918e+45	1.565754042442403e+40	8.610429192229676e+39	4.42455278145781e+39	2.813859592950188e+39	1.4996403005601368e+39	3.71012081805224e+38	1.8143535569032063e+38	6.80182126020312e+37	5.230993870922071e+39	2.4539175627801778e+39	1.4996403005601368e+39	9.824741469834574e+38
5385.066232818763	4.319295952469497e+45	5.534722662763744e+40	3.0433273979237455e+40	1.5636867731991948e+40	9.943937476244779e+39	5.2992544033339863e+39	1.310903657813266e+39	6.410451474444859e+38	2.4031193465690928e+38	1.8487348219831099e+40	8.671800023257489e+39	5.2992544033339863e+39	3.471625714524242e+39
5672.266104921743	9.802477669495334e+45	1.2294297865335315e+41	6.759932436801684e+40	3.473207293166546e+40	2.2086768262726146e+40	1.1770103225110875e+40	2.9115423660287356e+39	1.4237582760179212e+39	5.337257181547222e+38	4.106373986787511e+40	1.9261100103563163e+40	1.1770103225110875e+40	7.710698850861329e+39
5974.472691429356	1.3087405436513677e+46	1.6821415961564486e+41	9.249395008982844e+40	4.752395616814094e+40	3.0221789971721264e+40	1.6105543262152016e+40	3.9840932655383897e+39	1.948258882317629e+39	7.303527879276155e+38	5.618726165504463e+40	2.6355470390068093e+40	1.6105543262152016e+40	1.0550980925783231e+40
6292.47100995363	1.405215364575434e+46	1.8795229672773546e+41	1.0335216691360887e+41	5.310529859388752e+40	3.3771948984939185e+40	1.7997976774216227e+40	4.45243356585393e+39	2.177316788362696e+39	8.162343942703183e+38	6.278541258614364e+40	2.9451650044832824e+40	1.7997976774216227e+40	1.17909309469959e+40
6627.08709462951	1.5069988892462385e+46	2.1414595703848018e+41	1.1776486116760275e+41	6.051519301982045e+40	3.848573433619162e+40	2.051101424892501e+40	5.074489295120103e+39	2.481576832098521e+39	9.303204971338418e+38	7.154483795444393e+40	3.3562782270788915e+40	2.051101424892501e+40	1.3437629724310058e+40
6979.1932728991505	1.772423766774957e+46	2.688286796562904e+41	1.4784922623475186e+41	7.598039017851503e+40	4.832321617713304e+40	2.5755213495739697e+40	6.37243250313578e+39	3.116399087471417e+39	1.1683441667530319e+39	8.982714906096981e+40	4.2142392919964065e+40	2.5755213495739697e+40	1.6873805179099673e+40
7349.715336107911	2.161561956486333e+46	3.619819599000486e+41	1.9910861709653235e+41	1.023354454247624e+41	6.508942994370797e+40	3.469402060036468e+40	8.585192867571788e+39	4.1987267321022926e+39	1.5741848801005495e+39	1.2098174147346702e+41	5.676518401370524e+40	3.469402060036468e+40	2.2731185512483686e+40
7739.638095138744	2.4085687692912573e+46	4.562801661130732e+41	2.5102221386554406e+41	1.2903801914400634e+41	8.208070707796697e+40	4.375527884897941e+40	1.0829232184472363e+40	5.296522396969296e+39	1.9858909776005562e+39	1.5254409879669407e+41	7.158521565768522e+40	4.375527884897941e+40	2.866971063842149e+40
8150.003471295119	2.558489743624219e+46	5.372247054553406e+41	2.9559941908634553e+41	1.5197399192981791e+41	9.667772988061978e+40	5.154124841980617e+40	1.2758049056996026e+40	6.240215148273483e+39	2.3398448022042698e+39	1.7965244231875546e+41	8.43175395142237e+40	5.154124841980617e+40	3.377301006366343e+40
8581.913546575828	2.766816842674514e+46	6.507314069786332e+41	3.5811800100835035e+41	1.841453478043544e+41	1.1715385924774556e+41	6.246401419813236e+40	1.5464303338147336e+40	7.564339529467232e+39	2.8365126259097965e+39	2.1767508442705286e+41	1.021782952672569e+41	6.246401419813236e+40	4.09326533241806e+40
9036.539340678719	2.909903685441023e+46	7.870381138510026e+41	4.3323093264536935e+41	2.228143543066415e+41	1.4177152953648965e+41	7.559972985914867e+40	1.872029475644073e+40	9.15769382593142e+39	3.4342643252957714e+39	2.633726025083767e+41	1.2365302591195548e+41	7.559972985914867e+40	4.954419712988321e+40
9515.121544342217	2.904337440476487e+46	9.2110435579232e+41	5.071680814763397e+41	2.6090519479134417e+41	1.6603081111036601e+41	8.855019488424729e+40	2.1932718655446165e+40	1.0730137597568678e+40	4.0243301976017936e+39	3.0837947725980724e+41	1.4481743191176907e+41	8.855019488424729e+40	5.803649537954113e+40
10018.96917905879	2.8606638585647794e+46	1.0769547314349238e+42	5.9316699988904316e+41	3.052320915482731e+41	1.9426959442579216e+41	1.0362992879794022e+41	2.5675232514550176e+40	1.2562387828053678e+40	4.712018841488738e+39	3.607486571407753e+41	1.694555340625696e+41	1.0362992879794022e+41	6.792685909264533e+40
10549.466102989265	2.7504421345155096e+46	1.2444730791975315e+42	6.85679053873822e+41	3.5295054323083954e+41	2.2468128729464966e+41	1.1987760620659005e+41	2.971059380451883e+40	1.453852956847353e+40	5.453915103454114e+39	4.1711535217820896e+41	1.9599241098499196e+41	1.1987760620659005e+41	7.858603739070685e+40
11108.07247278825	2.6277616573313827e+46	1.4298231471061025e+42	7.88107620587138e+41	4.058158205608905e+41	2.583844823255643e+41	1.3789080634815027e+41	3.418720840567314e+40	1.6731236362288195e+40	6.277301966471713e+39	4.795530048569951e+41	2.2540411797386795e+41	1.3789080634815027e+41	9.040605576887368e+40
11696.330839651824	2.711140221647416e+46	1.6666400214357646e+42	9.188997886205929e+41	4.732841889760385e+41	3.013848170428344e+41	1.6086513928907739e+41	3.989367085100761e+40	1.9525803374646052e+40	7.326486811248807e+39	5.5924768983718326e+41	2.629261056053795e+41	1.6086513928907739e+41	1.0547861225000938e+41
12315.889345962072	2.720960668285226e+46	1.9248054733674762e+42	1.0615835280184083e+42	5.4693330973845685e+41	3.4834100901971178e+41	1.859632796058851e+41	4.613168957199642e+40	2.2581386947823622e+40	8.473939563433545e+39	6.462305142407677e+41	3.0390392273813004e+41	1.859632796058851e+41	1.2194829143818504e+41
12968.492178331097	2.516611530899445e+46	2.1684970026735437e+42	1.1965601964453491e+42	6.167391089212411e+41	3.928949213104086e+41	2.0980709812309737e+41	5.206963120708552e+40	2.549201615604581e+40	9.567746193918146e+39	7.28637557230025e+41	3.4279676914271072e+41	2.0980709812309737e+41	1.3760579668837824e+41
13655.967000005645	2.2368574509686517e+46	2.4049696368056378e+42	1.3278300369390137e+42	6.847622239302067e+41	4.363589135997358e+41	2.3309719335836822e+41	5.78813021507256e+40	2.8342772629037043e+40	1.0639836454113702e+40	8.0890363447893e+41	3.8074958182177115e+41	2.3309719335836822e+41	1.5291056034279055e+41
14380.233330066563	2.0165811346586475e+46	2.6650335670727682e+42	1.4722973470440192e+42	7.596711355371138e+41	4.842394205277956e+41	2.5876424636081773e+41	6.429019797091046e+40	3.1487194500444686e+40	1.182264279497425e+40	8.972820827351555e+41	4.2256289643293384e+41	2.5876424636081773e+41	1.6978112978705688e+41
15143.319793999715	1.843541303316316e+46	2.95021619588041e+42	1.6308236606603055e+42	8.41918663924316e+41	5.368280718935461e+41	2.8696595553463837e+41	7.133623806260464e+40	3.4944962794840946e+40	1.3123605507646692e+40	9.94305483413871e+41	4.6849191346455765e+41	2.8696595553463837e+41	1.883216631539559e+41
15947.37190247047	1.7048506562892644e+46	3.259834042560122e+42	1.8030552173862e+42	9.313334029524054e+41	5.9401961254762395e+41	3.176485658175589e+41	7.900705552894169e+40	3.8710194101614905e+40	1.4540583047229832e+40	1.0997683424448645e+42	5.184457418001526e+41	3.176485658175589e+41	2.0849781206063323e+41
16794.659722866454	1.5893255739938844e+46	3.5909791138688355e+42	1.9874128572224878e+42	1.0271133280653032e+42	6.5530741022701924e+41	3.505442115015624e+41	8.723723673683203e+40	4.2751050772777984e+40	1.6061698961739077e+40	1.2127198595860068e+42	5.719833795033701e+41	3.505442115015624e+41	2.3013488411000772e+41
17687.585570358962	1.4886746346012291e+46	3.938921872947241e+42	2.1813095122260874e+42	1.1279356554898541e+42	7.198526420360177e+41	3.852073684271276e+41	9.591717400451876e+40	4.70140412085217e+40	1.766694279998653e+40	1.3315943297817808e+42	6.283738878380943e+41	3.852073684271276e+41	2.5294156914086294e+41
18628.69190855241	1.3975483461850476e+46	4.2975914748543176e+42	2.381409691111162e+42	1.2320880410120205e+42	7.865669643887694e+41	4.210584367974792e+41	1.0490366001794394e+41	5.142916790035583e+40	1.9330087266428216e+40	1.4543668396010587e+42	6.866683027883285e+41	4.210584367974792e+41	2.7653831628903124e+41
19620.66964154069	1.3128894291250582e+46	4.659892992331823e+42	2.5837996682748963e+42	1.3375540489881872e+42	8.541661548289264e+41	4.574118865472703e+41	1.140266756864516e+41	5.591321612502246e+40	2.1019909156097624e+40	1.5786548569950302e+42	7.457462445030364e+41	4.574118865472703e+41	3.0047560935003876e+41
20666.36691892262	1.2331071504249794e+46	5.0178754513947054e+42	2.784076622672223e+42	1.4420574337009563e+42	9.211977252076091e+41	4.934906332066829e+41	1.230928118493677e+41	6.03714035765557e+40	2.2700798572918687e+40	1.701771000463752e+42	8.043398671017036e+41	4.934906332066829e+41	3.2424325900173684e+41
21768.79851282979	1.157425584217121e+46	5.362966728065991e+42	2.9774763252474677e+42	1.5431270633538474e+42	9.860819641054529e+41	5.2844775852987886e+41	1.3189058273695074e+41	6.469996826931644e+40	2.4333725020847167e+40	1.8207999846485645e+42	8.610695920906632e+41	5.2844775852987886e+41	3.4728457648173775e+41
22931.155794548904	1.0855099080416594e+46	5.686570855210073e+42	3.1592033663980644e+42	1.6382674480557436e+42	1.0472206930866796e+42	5.614246647745826e+41	1.4020489117139067e+41	6.879325628600668e+40	2.587889995896762e+40	1.9327999985498195e+42	9.145390266771892e+41	5.614246647745826e+41	3.6903454491030825e+41
24156.817342499122	1.0173247352836872e+46	5.981331018662505e+42	3.3251332404828054e+42	1.7253230826528006e+42	1.1032302757530509e+42	5.916760712276341e+41	1.4784827970703315e+41	7.255906244976277e+40	2.730155053976183e+40	2.0352324727917136e+42	9.63538479567045e+41	5.916760712276341e+41	3.890020132808289e+41
25449.360245052492	9.531908384958778e+45	6.243309166829384e+42	3.4730274973714104e+42	1.8031107158793907e+42	1.1533465823527195e+42	6.187876367713807e+41	1.5471549307031184e+41	7.594544122747382e+40	2.858202097377763e+40	2.1267074265757228e+42	1.0073988129122033e+42	6.187876367713807e+41	4.069129405493753e+41
26812.572237133085	8.942145356712824e+45	6.474770451065799e+42	3.6040900018430286e+42	1.8722310384554423e+42	1.1979455958598859e+42	6.429561923155258e+41	1.6085393161667755e+41	7.897536121198568e+40	2.972884295740729e+40	2.2079397853023393e+42	1.0464465164177372e+42	6.429561923155258e+41	4.228950276934419e+41
28250.465046034606	8.432096612519626e+45	6.684860498084637e+42	3.7233521836114196e+42	1.9352733212768347e+42	1.2386761549201615e+42	6.6506220059786305e+41	1.6648231342591168e+41	8.175596883737067e+40	3.078226374504384e+40	2.2819894177658215e+42	1.0821201147237147e+42	6.6506220059786305e+41	4.3752585487152566e+41
29767.28982619717	7.992519337720745e+45	6.882931976342155e+42	3.8359474445039065e+42	1.994877434512871e+42	1.2772197034740208e+42	6.860043090654863e+41	1.7182448469350272e+41	8.439707479955654e+40	3.1783599934636236e+40	2.351976113085136e+42	1.115886791118924e+42	6.860043090654863e+41	4.5139538733705416e+41
31367.55241737109	7.435876756575387e+45	7.07123554744901e+42	3.9428684628131306e+42	2.0514616274942757e+42	1.3138160558433242e+42	7.058976915965378e+41	1.76906065038058e+41	8.691102731987494e+40	3.2737479576093386e+40	2.4184170067630126e+42	1.1479502293878228e+42	7.058976915965378e+41	4.645755861551372e+41
33056.01794710009	6.925061237108232e+45	7.266464754861171e+42	4.052097595533642e+42	2.1085128577793217e+42	1.350462550044216e+42	7.256783560069398e+41	1.819170552495906e+41	8.938540549993114e+40	3.3675159176751214e+40	2.4856045065619165e+42	1.1800010416210864e+42	7.256783560069398e+41	4.776366002456923e+41
34837.73333320878	6.490138897734084e+45	7.490246824731537e+42	4.1788184546075264e+42	2.1751590843388646e+42	1.3933314825936191e+42	7.487852904204585e+41	1.8770913143377066e+41	9.22264674743281e+40	3.474251368523288e+40	2.5640018694615686e+42	1.217493368940118e+42	7.487852904204585e+41	4.9285637730847146e+41
36718.046995842815	6.074255029796726e+45	7.714146637240316e+42	4.3064667690799777e+42	2.2428704444489783e+42	1.4371583571165117e+42	7.726191139524219e+41	1.937950665916468e+41	9.523601698384682e+40	3.5883759025776006e+40	2.643474083643193e+42	1.255897307299003e+42	7.726191139524219e+41	5.0864751390383535e+41
38702.62377570122	5.6760012622323066e+45	7.935822828079036e+42	4.433154612811116e+42	2.310212934004128e+42	1.480796123591843e+42	7.963806984764324e+41	1.9987459840581398e+41	9.824447143627359e+40	3.702539137192499e+40	2.722475848343431e+42	1.294147276680538e+42	7.963806984764324e+41	5.24401975436232e+41
40797.46341113189	5.2942330871952153e+45	8.15417620652672e+42	4.5582874370860726e+42	2.3768860178764116e+42	1.5240555367822266e+42	8.199704009425315e+41	2.0592358036298443e+41	1.0124011463518212e+41	3.8163054409167683e+40	2.8006504540376575e+42	1.3320787005863415e+42	8.199704009425315e+41	5.400549447768404e+41
43008.920023728664	4.927511668808829e+45	8.367782255047577e+42	4.6810920691108714e+42	2.4424975672483433e+42	1.5666891875137698e+42	8.432576415597198e+41	2.119102408879712e+41	1.0420750719764003e+41	3.929099896541206e+40	2.87753284385877e+42	1.3694763012499966e+42	8.432576415597198e+41	5.555213621285615e+41
45343.7225944017	4.574265918338591e+45	8.574858042534428e+42	4.800598437387882e+42	2.5065544474720528e+42	1.6083855132072934e+42	8.660777113821037e+41	2.1779439446172444e+41	1.07127101060347e+41	4.0401938051018834e+40	2.9525384903182775e+42	1.4060688758890373e+42	8.660777113821037e+41	5.706938340210558e+41
47808.996461190785	4.233020055822989e+45	8.77328222629907e+42	4.9156503859259266e+42	2.5684680044886832e+42	1.6487722658251013e+42	8.882336093550077e+41	2.235278927619588e+41	1.099754596695487e+41	4.1487129270506047e+40	3.0249698994517237e+42	1.4415323164164832e+42	8.882336093550077e+41	5.854438333071993e+41
50412.28588642567	3.9026323667055407e+45	8.96067181373174e+42	5.024947600276971e+42	2.6275754899565934e+42	1.6874300985954622e+42	9.095032610394376e+41	2.2905640277319892e+41	1.1272612630418409e+41	4.253669990261062e+40	3.094041972086062e+42	1.4755014493032775e+42	9.095032610394376e+41	5.9962642076795954e+41
53161.577762749155	3.582484218286379e+45	9.134504129983829e+42	5.1271123227709487e+42	2.6831741897741224e+42	1.723914218663944e+42	9.296510277701805e+41	2.3432224295465038e+41	1.1535100920595477e+41	4.3540165483941855e+40	3.1589223935798523e+42	1.5075889064372244e+42	9.296510277701805e+41	6.1308777442014984e+41
56065.32655103788	3.272573863320835e+45	9.292261896722355e+42	5.220768750505039e+42	2.7345620554685102e+42	1.7577801697138296e+42	9.484414131547137e+41	2.3926776144068e+41	1.1782203148252689e+41	4.448704753471271e+40	3.2187797157680134e+42	1.5374075962585808e+42	9.484414131547137e+41	6.256741569470934e+41
59132.4805640452	2.973498335040046e+45	9.431576672644942e+42	5.304621548420934e+42	2.781077886976311e+42	1.7886093311583834e+42	9.656526195332797e+41	2.438386774457646e+41	1.2011276306280503e+41	4.536748457175151e+40	3.272830906985784e+42	1.5645929281364022e+42	9.656526195332797e+41	6.372407851636376e+41
62372.50972450454	2.686336323504557e+45	9.550350274273578e+42	5.377522299394225e+42	2.8221353378091203e+42	1.816030496080972e+42	9.810880192379471e+41	2.4798690860650204e+41	1.2219980157843562e+41	4.61727491198404e+40	3.3203815927861865e+42	1.588821618874626e+42	9.810880192379471e+41	6.476593350844475e+41
65795.4349342329	2.4124655315361358e+45	9.646841959941732e+42	5.4385171864402244e+42	2.857247304458184e+42	1.8397353442295356e+42	9.945843787430619e+41	2.5167259761703797e+41	1.2406376214700414e+41	4.6895618288865505e+40	3.3608549204811857e+42	1.6098251776951592e+42	9.945843787430619e+41	6.568233221186632e+41
69411.85919208058	2.153355684049128e+45	9.719717683398793e+42	5.48687387436021e+42	2.88603965555206e+42	1.8594871460157977e+42	1.0060164820286077e+42	2.5486525080082984e+41	1.2568983336990237e+41	4.753058192836441e+40	3.393807812567403e+42	1.6273974906633235e+42	1.0060164820286077e+42	6.646511247957377e+41
73233.00059525284	1.9103745296104168e+45	9.76806433754748e+42	5.5220891850328734e+42	2.9082551148988997e+42	1.875123213586656e+42	1.0152984272091597e+42	2.575440560673113e+41	1.2706793247287607e+41	4.807390068313198e+40	3.418935572893496e+42	1.6413969542192543e+42	1.0152984272091597e+42	6.710868312221755e+41
77270.72735293063	1.68463323504308e+45	9.791375803828025e+42	5.543881297404077e+42	2.9237492079628957e+42	1.886552310677835e+42	1.0223822405701311e+42	2.596975389891705e+41	1.2819253710921626e+41	4.852354297072105e+40	3.43606710524158e+42	1.6517442138897423e+42	1.0223822405701311e+42	6.760993296792576e+41
81537.59493542444	1.476884395964867e+45	9.78951904548542e+42	5.55217098476339e+42	2.9324805823391764e+42	1.8937484877349906e+42	1.0272545877554323e+42	2.6132274920245328e+41	1.2906228769583837e+41	4.887903602478845e+40	3.445153478278158e+42	1.6584167863739676e+42	1.0272545877554323e+42	6.796801535379478e+41
86046.8854779433	1.2874741528945627e+45	9.762688163795342e+42	5.547056228233388e+42	2.93449792428685e+42	1.8967427527364102e+42	1.0299323321116658e+42	2.6242416202102395e+41	1.296794505847688e+41	4.914126481346413e+40	3.4462524660050175e+42	1.661441794368651e+42	1.0299323321116658e+42	6.818405712297789e+41
90812.64955640788	1.1163415636867763e+45	9.711353055872779e+42	5.5287838443938094e+42	2.929925334541027e+42	1.8956137604211503e+42	1.0304575691164883e+42	2.6301245031484047e+41	1.3004931779842794e+41	4.931224718576204e+40	3.439511268227747e+42	1.6608878450115374e+42	1.0304575691164883e+42	6.8260833279581575e+41
95849.75045393866	9.630538612345401e+44	9.636207683316319e+42	5.497720872380238e+42	2.9189475695003393e+42	1.8904784124537566e+42	1.0288926115057122e+42	2.6310324365603654e+41	1.3017960047493988e+41	4.939490664182518e+40	3.425149074701535e+42	1.6568568298965354e+42	1.0288926115057122e+42	6.8202438356218016e+41
101173.9110406151	8.268649593562861e+44	9.538121372556842e+42	5.454327595488467e+42	2.901796108084634e+42	1.881482978041771e+42	1.0253152491899082e+42	2.627159546196509e+41	1.3007985504008122e+41	4.939285733469823e+40	3.4034406091754634e+42	1.649476177920416e+42	1.0253152491899082e+42	6.801397569905997e+41
106801.76339547454	7.067855688448636e+44	9.418095219544061e+42	5.399133333574332e+42	2.878736626115934e+42	1.8687951042551277e+42	1.0198144802530012e+42	2.6187272060859038e+41	1.29760965727477e+41	4.9310210146903725e+40	3.37470134182418e+42	1.638891882785321e+42	1.0198144802530012e+42	6.770127751197805e+41
112750.90130803533	6.0165553385947365e+44	9.277224630697195e+42	5.332715572396584e+42	2.850058168003768e+42	1.8525968998565696e+42	1.0124868106828929e+42	2.6059748524245778e+41	1.2923469518388204e+41	4.915140423486059e+40	3.3392747130103325e+42	1.625262465334894e+42	1.0124868106828929e+42	6.727066204578262e+41
119039.93580642783	5.102116757634151e+44	9.116668289686747e+42	5.255682589557296e+42	2.816064097306139e+42	1.8330791442559193e+42	1.0034331501597282e+42	2.589152260020601e+41	1.2851330642184631e+41	4.892106526075089e+40	3.2975214649888414e+42	1.608753915666337e+42	1.0034331501597282e+42	6.6728729716065886e+41
125688.55387009647	4.3114698529748686e+44	8.937623350080028e+42	5.168659468958956e+42	2.777064770658325e+42	1.8104365861711923e+42	9.927562849278268e+41	2.5685132339785205e+41	1.2760925380114468e+41	4.862388944142796e+40	3.249811015977524e+42	1.5895355840964022e+42	9.927562849278268e+41	6.608219690278088e+41
132717.5804966977	3.6315913315586444e+44	8.741306360717437e+42	5.0722772358307895e+42	2.7333717978066565e+42	1.784864244685652e+42	9.805588811697797e+41	2.5443106011689375e+41	1.2653493739113462e+41	4.826455129703946e+40	3.196514714272781e+42	1.5677769448242058e+42	9.805588811697797e+41	6.533776437760654e+41
140149.04430505	3.0498786294607918e+44	8.528939279910704e+42	4.967164762844131e+42	2.6852937089380808e+42	1.7565545990393997e+42	9.66941958285275e+41	2.51679235141662e+41	1.2530251337453334e+41	4.78476323482685e+40	3.138000760897568e+42	1.5436451331666818e+42	9.66941958285275e+41	6.450201638759618e+41
148006.2468686734	2.5544190197234147e+44	8.301739880670221e+42	4.8539430697533286e+42	2.633132836426948e+42	1.7256955446076378e+42	9.520037667571999e+41	2.486198766662277e+41	1.2392375258169472e+41	4.737756779679262e+40	3.0746305725650935e+42	1.5173031495019204e+42	9.520037667571999e+41	6.358134611452012e+41
156313.83598753088	2.1341665304576504e+44	8.060915856722576e+42	4.733221644991313e+42	2.5771832216216835e+42	1.6924689948105762e+42	9.35839006522305e+41	2.4527603793719785e+41	1.2240993939100439e+41	4.685860827808623e+40	3.0067563608013475e+42	1.4889086250638484e+42	9.35839006522305e+41	6.258190331008456e+41
165097.88311905356	1.7790421787561477e+44	7.807661981927626e+42	4.605596443451554e+42	2.5177293710790167e+42	1.657050017550652e+42	9.185383264971488e+41	2.41669661313037e+41	1.2077180379978656e+41	4.629479398831938e+40	2.9347197192666035e+42	1.4586130524614887e+42	9.185383264971488e+41	6.1509560217152885e+41
174385.96520342294	1.4799735158488657e+44	7.543159735508055e+42	4.471649250316761e+42	2.4550457056329364e+42	1.619606406956663e+42	9.001880524294867e+41	2.3782149744393955e+41	1.1901948025502419e+41	4.568993878066514e+40	2.85885103362354e+42	1.426561394437572e+42	9.001880524294867e+41	6.036989231419013e+41
184207.25113245563	1.2288884598425715e+44	7.268578869935837e+42	4.3319481395605474e+42	2.3893965664617423e+42	1.5802986045817775e+42	8.808700974102466e+41	2.3375106824455187e+41	1.1716248769710466e+41	4.504762214946746e+40	2.779469552690629e+42	1.3928919960620872e+42	8.808700974102466e+41	5.916817088982594e+41
194592.59312635325	1.0186765442193846e+44	6.985080459503326e+42	4.187048793396641e+42	2.3210366627420782e+42	1.5392798973985464e+42	8.606620164749513e+41	2.2947666408740015e+41	1.1520972612670278e+41	4.437118734124251e+40	2.6968839835454375e+42	1.3577367370973889e+42	8.606620164749513e+41	5.790936491987147e+41
205574.62329811908	8.431285200137863e+43	6.693821020796204e+42	4.0374964829268616e+42	2.2502118642796547e+42	1.4966968321606466e+42	8.396371733257499e+41	2.2501536728302976e+41	1.1316948580461808e+41	4.366374413059692e+40	2.611393495187153e+42	1.321221371978824e+42	8.396371733257499e+41	5.659815015293113e+41
217187.85570167942	6.968630384852253e+43	6.39595733894415e+42	3.883828539171388e+42	2.1771602590145992e+42	1.4526897965455852e+42	8.178649931019308e+41	2.2038309538179186e+41	1.1104946591162813e+41	4.2928175067399335e+40	2.5232890345307832e+42	1.2834660143712601e+42	8.178649931019308e+41	5.523892369904646e+41
229468.79417675786	5.75247100722346e+43	6.092651664498697e+42	3.7265771668890856e+42	2.1021134092073612e+42	1.407393726772549e+42	7.954112802270871e+41	2.1559465911070418e+41	1.0885680011991748e+41	4.216714423508979e+40	2.4328548745131294e+42	1.2445857314311614e+42	7.954112802270871e+41	5.383582275280083e+41
242456.04632141205	4.74315188511239e+43	5.785076965022463e+42	3.566272470978537e+42	2.0252977513773026e+42	1.3609389090924195e+42	7.723385846654346e+41	2.106638308484655e+41	1.065980870602605e+41	4.1383107759197277e+40	2.3403703268830977e+42	1.2046912197179815e+42	7.723385846654346e+41	5.23927463682206e+41
256190.44394193025	3.906905209264328e+43	5.474421923503626e+42	3.4034455768704373e+42	1.946936093742928e+42	1.3134518487196486e+42	7.487066034608736e+41	2.0560342045228973e+41	1.0427942411475588e+41	4.0578325471803248e+40	2.2461115618798473e+42	1.1638895402019394e+42	7.487066034608736e+41	5.091337943999086e+41
270715.17034957185	3.2151070778789343e+43	5.161895373787566e+42	3.238631732506567e+42	1.867249171160408e+42	1.2650561845332244e+42	7.245726072804137e+41	2.0042535600119192e+41	1.0190644333318432e+41	3.975487327547788e+40	2.150353483654656e+42	1.1222848941114988e+42	7.245726072804137e+41	4.940121823881027e+41
286075.89489449566	2.643591664428957e+43	4.8487298530342286e+42	3.072373280611917e+42	1.786457221517498e+42	1.2158736313163815e+42	6.999918839003896e+41	1.951407676292625e+41	9.948434857071789e+40	3.8914655862421358e+40	2.0533716141330506e+42	1.0799794245436316e+42	6.999918839003896e+41	4.785959700247463e+41
302320.91514923045	2.1720299413236145e+43	4.5361839352265064e+42	2.9052223865404033e+42	1.7047815493965537e+42	1.1660249335542809e+42	6.7501819223378815e+41	1.8976007311047073e+41	9.701795318630907e+40	3.8059419535159936e+40	1.955443939266247e+42	1.0370740309329355e+42	6.7501819223378815e+41	4.629171520368943e+41
319501.30717727024	1.783375037516089e+43	4.2255429911365643e+42	2.737743399617765e+42	1.622446042722527e+42	1.1156308159572097e+42	6.49704221656626e+41	1.842930642406535e+41	9.451171783319392e+40	3.7190764947425003e+40	1.8568526704803167e+42	9.936691847239575e+41	6.49704221656626e+41	4.47006652047214e+41
337671.0843469082	1.4633729736461793e+43	3.918118003103478e+42	2.5705147154360828e+42	1.5396786062251146e+42	1.0648129160132396e+42	6.241020521041011e+41	1.7874899335917883e+41	9.196978802396364e+40	3.631015964099196e+40	1.7578858708290808e+42	9.498657349932031e+41	6.241020521041011e+41	4.308946007167146e+41
356887.3651763306	1.200135349586302e+43	3.61524205281924e+42	2.4041299940307808e+42	1.4567124720373148e+42	1.0136946830707527e+42	5.982636107136635e+41	1.7313665957588131e+41	8.93960312695916e+40	3.541895029896324e+40	1.658838890150601e+42	9.05765692384323e+41	5.982636107136635e+41	4.14610613603829e+41
377210.5507233561	9.837692649446176e+42	3.318264103674875e+42	2.239198575694644e+42	1.3737873428224657e+42	9.624022267713383e+41	5.7224112072173534e+41	1.6746449442917511e+41	8.679407368040789e+40	3.451837467048893e+40	1.56001554673984e+42	8.614729786016693e+41	5.7224112072173534e+41	3.9818406704041614e+41
398704.5120621181	8.060590954010603e+42	3.0285397240448207e+42	2.0763449242391903e+42	1.2911503167414991e+42	9.110650951732532e+41	5.4608753790046104e+41	1.617406468087888e+41	8.41673359826898e+40	3.3609573148356973e+40	1.4617289851328317e+42	8.17094126909216e+41	5.4608753790046104e+41	3.816443703135353e+41
421436.7884195286	6.6019453834623e+42	2.7474184531316612e+42	1.9162069191795133e+42	1.209056536677946e+42	8.598169596946194e+41	5.198569690601093e+41	1.5597306703641243e+41	8.151906895034641e+40	3.269360000052033e+40	1.3643021311243675e+42	7.727389166459101e+41	5.198569690601093e+41	3.650212322448058e+41
445478.7965766275	5.4053943499694436e+42	2.4762276062875827e+42	1.7594328166812815e+42	1.1277694989484163e+42	8.087961801919854e+41	4.936050660638159e+41	1.501695900166948e+41	7.885238828117296e+40	3.1771434271131724e+40	1.2680676569538401e+42	7.285209217784706e+41	4.936050660638159e+41	3.4834491988923822e+41
470906.0521740134	4.424361637103013e+42	2.2162524611272676e+42	1.606676707819033e+42	1.0475609499004635e+42	7.581462192238306e+41	4.673893874125877e+41	1.4433801735093347e+41	7.617030896277755e+40	3.0843990376738796e+40	1.1733673627591812e+42	6.8455795005814756e+41	4.673893874125877e+41	3.316465065320201e+41
497798.40359656117	3.620408005297035e+42	1.9687129664023064e+42	1.458592326014575e+42	9.687102932535435e+41	7.080158700686645e+41	4.412697177836082e+41	1.384861982484687e+41	7.347577917626606e+40	2.9912128429804156e+40	1.0805508763381415e+42	6.409723455805934e+41	4.412697177836082e+41	3.149581054485384e+41
526240.2791506824	2.9618470090743444e+42	1.734737375582753e+42	1.3158250980653486e+42	8.915034279720982e+41	6.585592587195621e+41	4.153083339861094e+41	1.3262210897829063e+41	7.077171377793067e+40	2.897666432557549e+40	9.8997357376208e+41	5.9789112369532216e+41	4.153083339861094e+41	2.9831308501810524e+41
556320.9482875726	2.4225863148876288e+42	1.515333522536642e+42	1.1790023993394722e+42	8.162309373106458e+41	6.099355762960257e+41	3.895702036798346e+41	1.26753930471219e+41	6.806102737905572e+40	2.80383796292459e+40	9.019936305370965e+41	5.554459035585798e+41	3.895702036798346e+41	2.8174625974367184e+41
588134.7976683496	1.9811604660261762e+42	1.3113588143770901e+42	1.0487220672605228e+42	7.431855562512795e+41	5.623084957467218e+41	3.641231009910226e+41	1.2089012351489542e+41	6.534666701401381e+40	2.709803129954542e+40	8.169681292612968e+41	5.1377260062357144e+41	3.641231009910226e+41	2.6529405055724078e+41
621781.622911838	1.6199254415697317e+42	1.1234903907288986e+42	9.2553934990983e+41	6.7265885879293e+41	5.158452261114641e+41	3.39037620975912e+41	1.150395007733111e+41	6.263164434431486e+40	2.615636128165947e+40	7.352481775423442e+41	4.730108395420467e+41	3.39037620975912e+41	2.4899460650037103e+41
657366.9369131307	1.324389405683211e+42	9.521972501634631e+41	8.099526173057365e+41	6.0493713052621364e+41	4.707151599382205e+41	3.143870729225956e+41	1.0921129461079852e+41	5.99190672917943e+40	2.521410599723232e+40	6.57173031685284e+41	4.333030480289827e+41	3.143870729225956e+41	2.3288787851521003e+41
695002.2956711003	1.0826576965045224e+42	7.977164211082086e+41	7.023883360531351e+41	5.402964275076367e+41	4.270880758083401e+41	2.9024723100671776e+41	1.0341521940657742e+41	5.721217092673809e+40	2.427200575214062e+40	5.830632790554881e+41	3.947931950601264e+41	2.9024723100671776e+41	2.1701563473602563e+41
734805.6426158944	8.849733489289295e+41	6.60035394822768e+41	6.031859922012518e+41	4.789968709375856e+41	3.851318694799519e+41	2.6669592015423102e+41	9.766152670915386e+40	5.451434735451078e+40	2.333081407326007e+40	5.132132055581953e+41	3.5762514327686786e+41	2.6669592015423102e+41	2.0142140543427728e+41
776901.6724832762	7.233372932075644e+41	5.388829796236174e+41	5.125838243556854e+41	4.212762888271841e+41	3.4500980506303948e+41	2.4381241553305547e+41	9.19610512038308e+40	5.18291742462361e+40	2.239130697342541e+40	4.4788256294250665e+41	3.2194059667061363e+41	2.4381241553305547e+41	1.8615034478638347e+41
821422.2158416428	5.91194845356416e+41	4.337304267093e+41	4.307063749310426e+41	3.673433893593267e+41	3.0687730282694574e+41	2.216766363936567e+41	8.632524506104198e+40	4.916044154561607e+40	2.1454292129384982e+40	3.8728804954336946e+41	2.8787664145829444e+41	2.216766363936567e+41	1.7124899609707325e+41
868506.6454398308	4.831772371563292e+41	3.4380409206014716e+41	3.57554952462799e+41	3.1737073235149358e+41	2.7087831313892042e+41	2.0036811953787424e+41	8.076619780839754e+40	4.651217575331617e+40	2.0520617939922867e+40	3.3159492013182922e+41	2.5556290122264092e+41	2.0036811953787424e+41	1.5676494725297383e+41
918302.3056096009	3.9488875768826745e+41	2.6811004892841187e+41	2.9300209119423433e+41	2.7148784868237398e+41	2.3714136626802585e+41	1.799647650530814e+41	7.529663844234615e+40	4.388866104117049e+40	1.9591182409401411e+40	2.8090923460145445e+41	2.2511835708308315e+41	1.799647650530814e+41	1.4274636427671124e+41
970964.9660261531	3.227316303158871e+41	2.054700142445344e+41	2.3679096880618904e+41	2.297749334210267e+41	2.057754339072222e+41	1.6054135762402564e+41	6.992991610844085e+40	4.1294456288745495e+40	1.8666941777833186e+40	2.3527132685350817e+41	1.9664791940526873e+41	1.6054135762402564e+41	1.2924139324840514e+41
1026659.3012034043	2.637620625317997e+41	1.5456681353993024e+41	1.8854048269116837e+41	1.9225759443713705e+41	1.7686578714909985e+41	1.4216788096451933e+41	6.467995535441196e+40	3.873440695796186e+40	1.7748918787927308e+40	1.946511075699071e+41	1.7023887765183226e+41	1.4216788096451933e+41	1.1629742484290355e+41
1085559.3971782166	2.1557201325069625e+41	1.1399653741601142e+41	1.4775629141431619e+41	1.5890316083258372e+41	1.504700826816602e+41	1.2490766075100478e+41	5.956118177391315e+40	3.621365054435958e+40	1.683821044630348e+40	1.5894579102640192e+41	1.459573965918626e+41	1.2490766075100478e+41	1.0396022164908544e+41
1147849.286919611	1.7619215165819454e+41	8.232370934730274e+40	1.1384762589637987e+41	1.2961903094391908e+41	1.2661494763918576e+41	1.0881539233305916e+41	5.458841386127491e+40	3.373761416545874e+40	1.5935995096150404e+40	1.2798054311294474e+41	1.2384526572938995e+41	1.0881539233305916e+41	9.227291646198398e+40
1213723.5160853781	1.4401225972123912e+41	5.813534477660108e+40	8.6149114989166515e+40	1.04253457446296e+41	1.0529335622779898e+41	9.39351323533945e+40	4.977671718759291e+40	3.1312002688532207e+40	1.5043538575047483e+40	1.015123791257768e+41	1.0391713877483115e+41	9.39351323533945e+40	8.127489995316609e+40
1283387.7408397656	1.1771597969317497e+41	4.0089837566210585e+40	6.394632447029181e+40	8.259902279205687e+40	8.646308980353663e+40	8.029835629898053e+40	4.514121767341928e+40	2.894277567629771e+40	1.416219918330465e+40	7.923740028885307e+40	8.615851452055964e+40	8.029835629898053e+40	7.100062830057798e+40
1357059.359542241	9.622734836995325e+40	2.6957183386328377e+40	4.65032606172166e+40	6.439885666079749e+40	7.004653939249428e+40	6.792220421191222e+40	4.069687187301218e+40	2.663611136311676e+40	1.329343113565884e+40	6.080116553552787e+40	7.052470281091564e+40	6.792220421191222e+40	6.147839492617626e+40
1434968.180219094	7.866700874492089e+40	1.764806834106794e+40	3.3089819109742464e+40	4.935540427233753e+40	5.593204135158701e+40	5.680805092283989e+40	3.645819390144781e+40	2.4398355900220526e+40	1.2438786115666233e+40	4.581168170541437e+40	5.694098385247172e+40	5.680805092283989e+40	5.272912445030751e+40
1517357.1258370376	6.431636180954479e+40	1.1230658338868916e+40	2.3007125184113545e+40	3.7141297311492585e+40	4.397683316609342e+40	4.6940541429159635e+40	3.243894099735782e+40	2.223595626003848e+40	1.159991249939986e+40	3.385420335899162e+40	4.530410302142436e+40	4.6940541429159635e+40	4.476525981951537e+40
1604482.9795114202	5.258822912884865e+40	6.935309588780258e+39	1.5608933042916506e+40	2.7411643092306354e+40	3.401158352647793e+40	3.828722278818522e+40	2.865176273683001e+40	2.0155375500084607e+40	1.0778551763755607e+40	2.4506809319351165e+40	3.548514798557636e+40	3.828722278818522e+40	3.758982333738978e+40
1696617.171901402	4.3002851285592445e+40	4.14866255582711e+39	1.0317707656854152e+40	1.9816870525315845e+40	2.5846301806662393e+40	3.0798878531172183e+40	2.510782259010508e+40	1.816298961844977e+40	9.976531558752593e+39	1.7355608394532347e+40	2.733373723288002e+40	3.0798878531172183e+40	3.1195736856725803e+40
1794046.6131709064	3.5168257143563936e+40	2.3994969914127457e+39	6.634632705221534e+39	1.4015186521817917e+40	1.9277285364965302e+40	2.441062912579104e+40	2.1816404640873227e+40	1.6264965992383312e+40	9.195754895943644e+39	1.2008448344380228e+40	2.068332116226233e+40	2.441062912579104e+40	2.5565483334146933e+40
1897074.5720276544	2.876421191226559e+40	1.3392044377967015e+39	4.1434759833339875e+39	9.68372452259145e+39	1.409464071759459e+40	1.904380426204132e+40	1.8784522653539637e+40	1.446712444135561e+40	8.438184909909905e+39	8.106165059414217e+39	1.535727565869184e+40	1.904380426204132e+40	2.0671179591204183e+40
2006021.604493533	2.352909437156509e+40	7.197582290647158e+38	2.5088885856038272e+39	6.527610001046943e+39	1.008983766306801e+40	1.4608524363049038e+40	1.601655280610579e+40	1.2774783275028193e+40	7.705824684604459e+39	5.33069263891848e+39	1.1175372179068203e+40	1.4608524363049038e+40	1.6475107478806232e+40
2121226.5352083454	1.9249170728446735e+40	3.716969666352658e+38	1.4702193657227607e+39	4.2864077236068456e+39	7.062739910650348e+39	1.1006857493833805e+40	1.351391477221004e+40	1.1192594267166477e+40	7.000691719695735e+39	3.409716689770024e+39	7.960155119222797e+39	1.1006857493833805e+40	1.2930718278553653e+40
2243047.494226068	1.574982880963295e+40	1.8401437358191315e+38	8.32226344197988e+38	2.737715737598044e+39	4.827608344586725e+39	8.136353546098592e+39	1.1274827763563209e+40	9.724372268856144e+39	6.32478675586118e+39	2.1179353302833186e+39	5.542758447712752e+39	8.136353546098592e+39	9.984085376882345e+39
2371863.012428574	1.2888415284848226e+40	8.71200103704512e+37	4.541400906309894e+38	1.697983955970541e+39	3.217688707855683e+39	5.893710541849834e+39	9.294167922860702e+39	8.372927006774356e+39	5.680056889465718e+39	1.2753351973369827e+39	3.7677525564290705e+39	5.893710541849834e+39	7.575737117498506e+39
2508073.178856806	1.0548383445848653e+40	3.934350700873659e+37	2.38402798834074e+38	1.0209121073850302e+39	2.0881576665893086e+39	4.1783069916570253e+39	7.563450498811219e+39	7.139906336891553e+39	5.06835320309835e+39	7.431433489533901e+38	2.496722197371024e+39	4.1783069916570253e+39	5.642760883789514e+39
2652100.86344417	8.63451219888249e+39	1.6902160857342496e+37	1.2012709398530922e+38	5.9398290587159664e+38	1.3173846774396827e+39	2.895344702221509e+39	6.070954134175186e+39	6.02566158068265e+39	4.4913835131763166e+39	4.182502550298627e+38	1.6104210113973073e+39	2.895344702221509e+39	4.1210370839387275e+39
2804393.008831924	7.069000498812223e+39	6.88790083673351e+36	5.796448408426716e+37	3.3378848578570874e+38	8.066430655040051e+38	1.9583884638176042e+39	4.8019954019419566e+39	5.029146303794939e+39	3.9506612984675365e+39	2.2690859530476284e+38	1.009504931164726e+39	1.9583884638176042e+39	2.947443581078923e+39
2965421.9951521964	5.788277109520678e+39	2.6546169385445735e+36	2.6717956143588227e+37	1.8080851235528254e+38	4.785458228892594e+38	1.2911572006096107e+39	3.739349918249483e+39	4.147859686252919e+39	3.4474523916777917e+39	1.1841508990556866e+38	6.139912272047756e+38	1.2911572006096107e+39	2.061871155267771e+39
3135687.0818815096	4.7403947942545074e+39	9.645219740510113e+35	1.1733741471514467e+37	9.421275900526114e+37	2.7457123612745416e+38	8.285052422354352e+38	2.8638030729558004e+39	3.3778442617364636e+39	2.982721575472834e+39	5.931258077383736e+37	3.617010469098117e+38	8.285052422354352e+38	1.4089100061405894e+39
3315715.9310969436	3.8829019341742554e+39	3.292831635258162e+35	4.8963646263542465e+36	4.711830017748586e+37	1.5207293896491218e+38	5.166192584919284e+38	2.154800202416271e+39	2.7137451020820047e+39	2.55708176223617e+39	2.8448681717620997e+37	2.060072477657533e+38	5.166192584919284e+38	9.391038971094754e+38
3506066.2167090545	3.181104135363921e+39	1.0525662621982847e+35	1.935816819979963e+36	2.2565989351347483e+37	8.114241731879889e+37	3.1253284074637767e+38	1.5911547883463547e+39	2.1489335331688484e+39	2.1707488984982877e+39	1.3034429461638077e+37	1.1322217706349784e+38	3.1253284074637767e+38	6.097170319988506e+38
3707327.3245009445	2.6066443688455542e+39	3.138683007977354e+34	7.229228466978853e+35	1.0323990130759765e+37	4.1622890561345025e+37	1.8311596158553576e+38	1.1517658386040315e+39	1.6756934088562447e+39	1.8235060279272058e+39	5.690102941360118e+36	5.992742142382878e+37	1.8311596158553576e+38	3.8501167214560854e+38
