#t	Le	U	B	V	R	I	J	H	K	g	r	i	z
#----------------------------------------------- 
2.981965994818276	0.0	0.0	0.0	0.0	0.0	0.0	0.0	0.0	0.0	0.0	0.0	0.0	0.0
3.060934123152332	0.0	0.0	0.0	0.0	0.0	0.0	0.0	0.0	0.0	0.0	0.0	0.0	0.0
3.15771112649881	0.0	0.0	0.0	0.0	0.0	0.0	0.0	0.0	0.0	0.0	0.0	0.0	0.0
3.26115872454582	0.0	0.0	0.0	0.0	0.0	0.0	0.0	0.0	0.0	0.0	0.0	0.0	0.0
3.3699656032821173	0.0	0.0	0.0	0.0	0.0	0.0	0.0	0.0	0.0	0.0	0.0	0.0	0.0
3.483976627963923	0.0	0.0	0.0	0.0	0.0	0.0	0.0	0.0	0.0	0.0	0.0	0.0	0.0
3.603291228107273	0.0	0.0	0.0	0.0	0.0	0.0	0.0	0.0	0.0	0.0	0.0	0.0	0.0
3.728095172921372	0.0	0.0	0.0	0.0	0.0	0.0	0.0	0.0	0.0	0.0	0.0	0.0	0.0
3.858614383237779	0.0	0.0	0.0	0.0	0.0	0.0	0.0	0.0	0.0	0.0	0.0	0.0	0.0
3.9950989324651043	0.0	0.0	0.0	0.0	0.0	0.0	0.0	0.0	0.0	0.0	0.0	0.0	0.0
4.137816604144196	0.0	0.0	0.0	0.0	0.0	0.0	0.0	0.0	0.0	0.0	0.0	0.0	0.0
4.287050026870787	0.0	0.0	0.0	0.0	0.0	0.0	0.0	0.0	0.0	0.0	0.0	0.0	0.0
4.443095319407923	0.0	0.0	0.0	0.0	0.0	0.0	0.0	0.0	0.0	0.0	0.0	0.0	0.0
4.606261431588266	0.0	0.0	0.0	0.0	0.0	0.0	0.0	0.0	0.0	0.0	0.0	0.0	0.0
4.776869825869219	0.0	0.0	0.0	0.0	0.0	0.0	0.0	0.0	0.0	0.0	0.0	0.0	0.0
4.955254331498037	0.0	0.0	0.0	0.0	0.0	0.0	0.0	0.0	0.0	0.0	0.0	0.0	0.0
5.1417610861780805	0.0	0.0	0.0	0.0	0.0	0.0	0.0	0.0	0.0	0.0	0.0	0.0	0.0
5.336748519597549	0.0	0.0	0.0	0.0	0.0	0.0	0.0	0.0	0.0	0.0	0.0	0.0	0.0
5.540587353149276	0.0	0.0	0.0	0.0	0.0	0.0	0.0	0.0	0.0	0.0	0.0	0.0	0.0
5.753660600809436	0.0	0.0	0.0	0.0	0.0	0.0	0.0	0.0	0.0	0.0	0.0	0.0	0.0
5.976363562154842	0.0	0.0	0.0	0.0	0.0	0.0	0.0	0.0	0.0	0.0	0.0	0.0	0.0
6.209103802042844	0.0	0.0	0.0	0.0	0.0	0.0	0.0	0.0	0.0	0.0	0.0	0.0	0.0
6.452301113702306	0.0	0.0	0.0	0.0	0.0	0.0	0.0	0.0	0.0	0.0	0.0	0.0	0.0
6.706387463474516	0.0	0.0	0.0	0.0	0.0	0.0	0.0	0.0	0.0	0.0	0.0	0.0	0.0
6.971806916498273	0.0	0.0	0.0	0.0	0.0	0.0	0.0	0.0	0.0	0.0	0.0	0.0	0.0
7.249015543429792	0.0	0.0	0.0	0.0	0.0	0.0	0.0	0.0	0.0	0.0	0.0	0.0	0.0
7.538481308933431	0.0	0.0	0.0	0.0	0.0	0.0	0.0	0.0	0.0	0.0	0.0	0.0	0.0
7.840683943222262	0.0	0.0	0.0	0.0	0.0	0.0	0.0	0.0	0.0	0.0	0.0	0.0	0.0
8.156114798406424	0.0	0.0	0.0	0.0	0.0	0.0	0.0	0.0	0.0	0.0	0.0	0.0	0.0
8.485276691807382	0.0	0.0	0.0	0.0	0.0	0.0	0.0	0.0	0.0	0.0	0.0	0.0	0.0
8.828683738785324	0.0	0.0	0.0	0.0	0.0	0.0	0.0	0.0	0.0	0.0	0.0	0.0	0.0
9.186861177932029	0.0	0.0	0.0	0.0	0.0	0.0	0.0	0.0	0.0	0.0	0.0	0.0	0.0
9.56034519177304	0.0	0.0	0.0	0.0	0.0	0.0	0.0	0.0	0.0	0.0	0.0	0.0	0.0
9.949682726331856	0.0	0.0	0.0	0.0	0.0	0.0	0.0	0.0	0.0	0.0	0.0	0.0	0.0
10.355431313100896	0.0	0.0	0.0	0.0	0.0	0.0	0.0	0.0	0.0	0.0	0.0	0.0	0.0
10.778158897061124	0.0	0.0	0.0	0.0	0.0	0.0	0.0	0.0	0.0	0.0	0.0	0.0	0.0
11.218443674466208	0.0	0.0	0.0	0.0	0.0	0.0	0.0	0.0	0.0	0.0	0.0	0.0	0.0
11.676873944110516	0.0	0.0	0.0	0.0	0.0	0.0	0.0	0.0	0.0	0.0	0.0	0.0	0.0
12.154047975720701	0.0	0.0	0.0	0.0	0.0	0.0	0.0	0.0	0.0	0.0	0.0	0.0	0.0
12.650573899043563	0.0	0.0	0.0	0.0	0.0	0.0	0.0	0.0	0.0	0.0	0.0	0.0	0.0
13.167069616978225	0.0	0.0	0.0	0.0	0.0	0.0	0.0	0.0	0.0	0.0	0.0	0.0	0.0
13.704162745961744	0.0	0.0	0.0	0.0	0.0	0.0	0.0	0.0	0.0	0.0	0.0	0.0	0.0
14.26249058651569	0.0	0.0	0.0	0.0	0.0	0.0	0.0	0.0	0.0	0.0	0.0	0.0	0.0
14.842700126589634	0.0	0.0	0.0	0.0	0.0	0.0	0.0	0.0	0.0	0.0	0.0	0.0	0.0
15.445448080053502	0.0	0.0	0.0	0.0	0.0	0.0	0.0	0.0	0.0	0.0	0.0	0.0	0.0
16.07140096233586	0.0	0.0	0.0	0.0	0.0	0.0	0.0	0.0	0.0	0.0	0.0	0.0	0.0
16.721235204900044	0.0	0.0	0.0	0.0	0.0	0.0	0.0	0.0	0.0	0.0	0.0	0.0	0.0
17.395637309893125	0.0	0.0	0.0	0.0	0.0	0.0	0.0	0.0	0.0	0.0	0.0	0.0	0.0
18.095304046001377	0.0	0.0	0.0	0.0	0.0	0.0	0.0	0.0	0.0	0.0	0.0	0.0	0.0
18.820942686228104	0.0	0.0	0.0	0.0	0.0	0.0	0.0	0.0	0.0	0.0	0.0	0.0	0.0
19.573271288008495	0.0	0.0	0.0	0.0	0.0	0.0	0.0	0.0	0.0	0.0	0.0	0.0	0.0
20.35301901583857	0.0	0.0	0.0	0.0	0.0	0.0	0.0	0.0	0.0	0.0	0.0	0.0	0.0
21.1609265063446	0.0	0.0	0.0	0.0	0.0	0.0	0.0	0.0	0.0	0.0	0.0	0.0	0.0
21.9977462755272	0.0	0.0	0.0	0.0	0.0	0.0	0.0	0.0	0.0	0.0	0.0	0.0	0.0
22.86424316776403	0.0	0.0	0.0	0.0	0.0	0.0	0.0	0.0	0.0	0.0	0.0	0.0	0.0
23.761194845990467	0.0	0.0	0.0	0.0	0.0	0.0	0.0	0.0	0.0	0.0	0.0	0.0	0.0
24.68939232244376	0.0	0.0	0.0	0.0	0.0	0.0	0.0	0.0	0.0	0.0	0.0	0.0	0.0
25.649640529250824	0.0	0.0	0.0	0.0	0.0	0.0	0.0	0.0	0.0	0.0	0.0	0.0	0.0
26.642758928145547	0.0	0.0	0.0	0.0	0.0	0.0	0.0	0.0	0.0	0.0	0.0	0.0	0.0
27.669582158599578	0.0	0.0	0.0	0.0	0.0	0.0	0.0	0.0	0.0	0.0	0.0	0.0	0.0
28.73096072371118	0.0	0.0	0.0	0.0	0.0	0.0	0.0	0.0	0.0	0.0	0.0	0.0	0.0
29.8277617132392	0.0	0.0	0.0	0.0	0.0	0.0	0.0	0.0	0.0	0.0	0.0	0.0	0.0
30.96086956326808	0.0	0.0	0.0	0.0	0.0	0.0	0.0	0.0	0.0	0.0	0.0	0.0	0.0
32.13118685211764	0.0	0.0	0.0	0.0	0.0	0.0	0.0	0.0	0.0	0.0	0.0	0.0	0.0
33.33963513222135	0.0	0.0	0.0	0.0	0.0	0.0	0.0	0.0	0.0	0.0	0.0	0.0	0.0
34.58715579785577	0.0	0.0	0.0	0.0	0.0	0.0	0.0	0.0	0.0	0.0	0.0	0.0	0.0
35.874710988741114	0.0	0.0	0.0	0.0	0.0	0.0	0.0	0.0	0.0	0.0	0.0	0.0	0.0
37.203284529747606	0.0	0.0	0.0	0.0	0.0	0.0	0.0	0.0	0.0	0.0	0.0	0.0	0.0
38.573882907058824	0.0	0.0	0.0	0.0	0.0	0.0	0.0	0.0	0.0	0.0	0.0	0.0	0.0
39.98753628136992	0.0	0.0	0.0	0.0	0.0	0.0	0.0	0.0	0.0	0.0	0.0	0.0	0.0
41.445299538882594	0.0	0.0	0.0	0.0	0.0	0.0	0.0	0.0	0.0	0.0	0.0	0.0	0.0
42.94825338103111	0.0	0.0	0.0	0.0	0.0	0.0	0.0	0.0	0.0	0.0	0.0	0.0	0.0
44.49750545408408	0.0	0.0	0.0	0.0	0.0	0.0	0.0	0.0	0.0	0.0	0.0	0.0	0.0
46.09419151997088	0.0	0.0	0.0	0.0	0.0	0.0	0.0	0.0	0.0	0.0	0.0	0.0	0.0
47.73947666986754	0.0	0.0	0.0	0.0	0.0	0.0	0.0	0.0	0.0	0.0	0.0	0.0	0.0
49.434556582269366	0.0	0.0	0.0	0.0	0.0	0.0	0.0	0.0	0.0	0.0	0.0	0.0	0.0
51.18065882754032	0.0	0.0	0.0	0.0	0.0	0.0	0.0	0.0	0.0	0.0	0.0	0.0	0.0
52.97904422103951	0.0	0.0	0.0	0.0	0.0	0.0	0.0	0.0	0.0	0.0	0.0	0.0	0.0
54.83100822721977	0.0	0.0	0.0	0.0	0.0	0.0	0.0	0.0	0.0	0.0	0.0	0.0	0.0
56.73788241728011	0.0	0.0	0.0	0.0	0.0	0.0	0.0	0.0	0.0	0.0	0.0	0.0	0.0
58.701035983189	0.0	0.0	0.0	0.0	0.0	0.0	0.0	0.0	0.0	0.0	0.0	0.0	0.0
60.72187731100424	0.0	0.0	0.0	0.0	0.0	0.0	0.0	0.0	0.0	0.0	0.0	0.0	0.0
62.80185561679321	0.0	0.0	0.0	0.0	0.0	0.0	0.0	0.0	0.0	0.0	0.0	0.0	0.0
64.94246264859386	0.0	0.0	0.0	0.0	0.0	0.0	0.0	0.0	0.0	0.0	0.0	0.0	0.0
67.14523445814282	0.0	0.0	0.0	0.0	0.0	0.0	0.0	0.0	0.0	0.0	0.0	0.0	0.0
69.41175324634798	0.0	0.0	0.0	0.0	0.0	0.0	0.0	0.0	0.0	0.0	0.0	0.0	0.0
71.74364928673849	0.0	0.0	0.0	0.0	0.0	0.0	0.0	0.0	0.0	0.0	0.0	0.0	0.0
74.1426029314025	0.0	0.0	0.0	0.0	0.0	0.0	0.0	0.0	0.0	0.0	0.0	0.0	0.0
76.61034670422842	0.0	0.0	0.0	0.0	0.0	0.0	0.0	0.0	0.0	0.0	0.0	0.0	0.0
79.14866748657177	0.0	0.0	0.0	0.0	0.0	0.0	0.0	0.0	0.0	0.0	0.0	0.0	0.0
81.75940880076114	0.0	0.0	0.0	0.0	0.0	0.0	0.0	0.0	0.0	0.0	0.0	0.0	0.0
84.44447319726697	0.0	0.0	0.0	0.0	0.0	0.0	0.0	0.0	0.0	0.0	0.0	0.0	0.0
87.20582475160455	0.0	0.0	0.0	0.0	0.0	0.0	0.0	0.0	0.0	0.0	0.0	0.0	0.0
90.04549167747332	0.0	0.0	0.0	0.0	0.0	0.0	0.0	0.0	0.0	0.0	0.0	0.0	0.0
92.9655690631577	0.0	0.0	0.0	0.0	0.0	0.0	0.0	0.0	0.0	0.0	0.0	0.0	0.0
95.96822173882269	0.0	0.0	0.0	0.0	0.0	0.0	0.0	0.0	0.0	0.0	0.0	0.0	0.0
99.05568728235508	0.0	0.0	0.0	0.0	0.0	0.0	0.0	0.0	0.0	0.0	0.0	0.0	0.0
102.23027917226969	0.0	0.0	0.0	0.0	0.0	0.0	0.0	0.0	0.0	0.0	0.0	0.0	0.0
105.49439009658583	0.0	0.0	0.0	0.0	0.0	0.0	0.0	0.0	0.0	0.0	0.0	0.0	0.0
108.85049542713541	0.0	0.0	0.0	0.0	0.0	0.0	0.0	0.0	0.0	0.0	0.0	0.0	0.0
112.30115686947862	0.0	0.0	0.0	0.0	0.0	0.0	0.0	0.0	0.0	0.0	0.0	0.0	0.0
115.85174319326542	0.0	0.0	0.0	0.0	0.0	0.0	0.0	0.0	0.0	0.0	0.0	0.0	0.0
119.5048879665124	0.0	0.0	0.0	0.0	0.0	0.0	0.0	0.0	0.0	0.0	0.0	0.0	0.0
123.2633304434936	0.0	0.0	0.0	0.0	0.0	0.0	0.0	0.0	0.0	0.0	0.0	0.0	0.0
127.12991986058618	0.0	0.0	0.0	0.0	0.0	0.0	0.0	0.0	0.0	0.0	0.0	0.0	0.0
131.10761995461618	0.0	0.0	0.0	0.0	0.0	0.0	0.0	0.0	0.0	0.0	0.0	0.0	0.0
135.1995137290615	0.0	0.0	0.0	0.0	0.0	0.0	0.0	0.0	0.0	0.0	0.0	0.0	0.0
139.4088084878372	0.0	0.0	0.0	0.0	0.0	0.0	0.0	0.0	0.0	0.0	0.0	0.0	0.0
143.73884115718002	0.0	0.0	0.0	0.0	0.0	0.0	0.0	0.0	0.0	0.0	0.0	0.0	0.0
148.19308391709635	0.0	0.0	0.0	0.0	0.0	0.0	0.0	0.0	0.0	0.0	0.0	0.0	0.0
152.77515016429615	0.0	0.0	0.0	0.0	0.0	0.0	0.0	0.0	0.0	0.0	0.0	0.0	0.0
157.48880083000913	0.0	0.0	0.0	0.0	0.0	0.0	0.0	0.0	0.0	0.0	0.0	0.0	0.0
162.3379510771532	0.0	0.0	0.0	0.0	0.0	0.0	0.0	0.0	0.0	0.0	0.0	0.0	0.0
167.32667740317106	0.0	0.0	0.0	0.0	0.0	0.0	0.0	0.0	0.0	0.0	0.0	0.0	0.0
172.45922517623623	0.0	0.0	0.0	0.0	0.0	0.0	0.0	0.0	0.0	0.0	0.0	0.0	0.0
177.74001663411303	0.0	0.0	0.0	0.0	0.0	0.0	0.0	0.0	0.0	0.0	0.0	0.0	0.0
183.17365937776998	0.0	0.0	0.0	0.0	0.0	0.0	0.0	0.0	0.0	0.0	0.0	0.0	0.0
188.76495539399392	0.0	0.0	0.0	0.0	0.0	0.0	0.0	0.0	0.0	0.0	0.0	0.0	0.0
194.51891064300003	0.0	0.0	0.0	0.0	0.0	0.0	0.0	0.0	0.0	0.0	0.0	0.0	0.0
200.44074525072858	0.0	0.0	0.0	0.0	0.0	0.0	0.0	0.0	0.0	0.0	0.0	0.0	0.0
206.53590434911914	0.0	0.0	0.0	0.0	0.0	0.0	0.0	0.0	0.0	0.0	0.0	0.0	0.0
212.81006961031804	0.0	0.0	0.0	0.0	0.0	0.0	0.0	0.0	0.0	0.0	0.0	0.0	0.0
219.269171522162	0.0	0.0	0.0	0.0	0.0	0.0	0.0	0.0	0.0	0.0	0.0	0.0	0.0
225.91940246177788	0.0	0.0	0.0	0.0	0.0	0.0	0.0	0.0	0.0	0.0	0.0	0.0	0.0
232.76723062450606	0.0	0.0	0.0	0.0	0.0	0.0	0.0	0.0	0.0	0.0	0.0	0.0	0.0
239.81941487199035	0.0	0.0	0.0	0.0	0.0	0.0	0.0	0.0	0.0	0.0	0.0	0.0	0.0
247.08302056920164	0.0	0.0	0.0	0.0	0.0	0.0	0.0	0.0	0.0	0.0	0.0	0.0	0.0
254.56543648069902	0.0	0.0	0.0	0.0	0.0	0.0	0.0	0.0	0.0	0.0	0.0	0.0	0.0
262.2743928001078	0.0	0.0	0.0	0.0	0.0	0.0	0.0	0.0	0.0	0.0	0.0	0.0	0.0
270.21798042531685	0.0	0.0	0.0	0.0	0.0	0.0	0.0	0.0	0.0	0.0	0.0	0.0	0.0
278.40467156461096	0.0	0.0	0.0	0.0	0.0	0.0	0.0	0.0	0.0	0.0	0.0	0.0	0.0
286.84334177798553	1.6267634936171975e+30	1.5018424125046143e+26	8.29137342096007e+25	4.275591347057649e+25	2.724487217096415e+25	1.4553252204605628e+25	3.613540207835051e+24	1.769403211079901e+24	6.642154480226797e+23	5.050792653679885e+25	2.3772569721022845e+25	1.4553252204605628e+25	9.546637529808828e+24
295.5432935688596	9.008858999604333e+30	8.825664401571483e+26	4.873269391365754e+26	2.5133538257544402e+26	1.6016875694678283e+26	8.556462725066632e+25	2.1248700387764415e+25	1.0405178380616206e+25	3.906210995169011e+24	2.9689463897503864e+26	1.3975870953407223e+26	8.556462725066632e+25	5.61316427778598e+25
304.514281652556	6.234692112698664e+31	6.482103258430221e+27	3.579822405942637e+27	1.8465439255605719e+27	1.176847567795728e+27	6.287511372213646e+26	1.561649782811365e+26	7.647589421968247e+25	2.8711460185832705e+25	2.1811895372635365e+27	1.0269072822422376e+27	6.287511372213646e+26	4.1249236025966846e+26
313.7665400385424	3.898448097138099e+32	4.301991146140273e+28	2.3762343348745833e+28	1.2258967234723137e+28	7.813609370913122e+27	4.174969899614276e+27	1.0371139995475748e+27	5.0791579870824734e+26	1.9069861897236802e+26	1.448012595125544e+28	6.818249471081288e+27	4.174969899614276e+27	2.7391426788538895e+27
323.31081107638533	2.2974202984775018e+33	2.595092009726127e+29	1.4335141147887738e+29	7.39593297720129e+28	4.714173451374631e+28	2.518977618896882e+28	6.257841441686376e+27	3.0647808490261136e+27	1.1507082188789039e+27	8.73585359011601e+28	4.1136826656815445e+28	2.518977618896882e+28	1.652704503724578e+28
333.15837663005703	1.2667613603254936e+34	1.426819271013299e+30	7.881601997325168e+29	4.066326056976139e+29	2.5918683861014033e+29	1.3849355399963246e+29	3.4405385011682027e+28	1.685000708521626e+28	6.32651632949926e+27	4.803030429603477e+29	2.2617139109730495e+29	1.3849355399963246e+29	9.086555081749172e+28
343.32109156327573	5.72397013615029e+34	6.932337726595179e+30	3.830173341138675e+30	1.976466940487352e+30	1.2599318191395659e+30	6.733141389317289e+29	1.6730167634549147e+29	8.194160354538546e+28	3.076808813515247e+28	2.3344440945107672e+30	1.0994729186826521e+30	6.733141389317289e+29	4.417919357486245e+29
353.8114197354836	2.4274761148334833e+35	3.096515690002821e+31	1.7111186043217363e+31	8.831047315259957e+30	5.629941242291071e+30	3.008943743178303e+30	7.477548592375691e+29	3.6625679833068934e+29	1.3753231909354864e+29	1.04301869277723e+31	4.913044359663705e+30	3.008943743178303e+30	1.9744052296552922e+30
364.6424727258079	9.16780042568669e+35	1.2591668480867844e+32	6.9596810714939775e+31	3.592611506225909e+31	2.2906127065143143e+31	1.2243890157925613e+31	3.043377278990635e+30	1.4907839090327273e+30	5.598443350109332e+29	4.242967261424497e+31	1.9989967067422308e+31	1.2243890157925613e+31	8.034779167899404e+30
375.82805152678134	3.238028349080799e+36	4.738898948542741e+32	2.619816361533467e+32	1.3526017346597616e+32	8.624921247365852e+31	4.610770896378743e+31	1.1462785131071412e+31	5.615360018819614e+30	2.1089179665431243e+30	1.5973914719562023e+32	7.52709696407332e+31	4.610770896378743e+31	3.025913302430429e+31
387.38269147414104	1.0425891005965857e+37	1.6452805098966576e+33	9.097867641624045e+32	4.698224789819391e+32	2.996210006368786e+32	1.601962145024188e+32	3.9835147828718666e+31	1.9515900887134385e+31	7.33004331856789e+30	5.548215432944569e+32	2.614924580672311e+32	1.601962145024188e+32	1.0514042911659034e+32
399.3217107029025	3.152376296982751e+37	5.32796246555102e+33	2.946863728469238e+33	1.5220994231530357e+33	9.708032169569369e+32	5.191211348671298e+32	1.291141916599066e+32	6.3259908036972105e+31	2.376183414676766e+31	1.7973890813493975e+33	8.472892649129164e+32	5.191211348671298e+32	3.407363509430537e+32
411.6612624518677	8.812812023400156e+37	1.6076281141016665e+34	8.894013438630377e+33	4.5949638887644624e+33	2.931075770307647e+33	1.5675816739225043e+33	3.899773554560528e+32	1.9108691124476198e+32	7.178282219585397e+31	5.425725805957753e+33	2.5582503446995714e+33	1.5675816739225043e+33	1.0290032630597233e+33
424.4183915738125	2.3259486311658886e+38	4.557634293497037e+34	2.5220905747925645e+34	1.3032943540174492e+34	8.314613335930809e+33	4.447421788138573e+33	1.10666838657156e+33	5.4230625506044135e+32	2.0373747638235024e+32	1.538848271917868e+34	7.2572646809239e+33	4.447421788138573e+33	2.919646729767668e+33
437.61109564582756	5.73602475122584e+38	1.2139517392601708e+35	6.71959605675259e+34	3.473224103204078e+34	2.2161171088612893e+34	1.1855742185175485e+34	2.9508587284928385e+33	1.4461549320329014e+33	5.433525474885838e+32	4.1007309189355216e+34	1.934372420589056e+34	1.1855742185175485e+34	7.783767804634779e+33
451.2583911180807	1.3426248939569263e+39	3.0581598227286055e+35	1.6932460221239032e+35	8.754177461299596e+34	5.5864303127109575e+34	2.989088609668945e+34	7.441606393343112e+33	3.6473008639805976e+33	1.3704973990467621e+33	1.0335214421437752e+35	4.876384219080692e+34	2.989088609668945e+34	1.9626292086433863e+34
465.3803849877914	2.96127409953545e+39	7.289528785430228e+35	4.0372679894413586e+35	2.087841438645343e+35	1.3325414510339428e+35	7.131145702110167e+34	1.775843292568196e+34	8.704649452763129e+33	3.27115422879717e+33	2.4647635556274502e+35	1.1632197825455486e+35	7.131145702110167e+34	4.682743597046879e+34
479.9983472444726	6.229921029121483e+39	1.652993674349473e+36	9.15770452989594e+35	4.73707616950236e+35	3.0238293332178865e+35	1.6184879588521886e+35	4.031543188634511e+34	1.9763296589576341e+34	7.427657844540895e+33	5.591932506911583e+35	2.639706949637798e+35	1.6184879588521886e+35	1.0628985684863343e+35
495.1348155210601	1.243413913231872e+40	3.567994654612856e+36	1.9773172000763995e+36	1.0231098696021275e+36	6.5318703795444364e+35	3.496783735189029e+35	8.71275831747708e+34	4.27157654126146e+34	1.6055601695410014e+34	1.2076628350988327e+36	5.702360415652018e+35	3.496783735189029e+35	2.296653250146939e+35
510.81366780455835	2.377042704059232e+40	7.363028502667759e+36	4.0817450090455677e+36	2.1125861954566206e+36	1.348957722914648e+36	7.222854123222881e+35	1.800201824458798e+35	8.826699000483748e+34	3.318048599386139e+34	2.4935015231125566e+36	1.1776986420405093e+36	7.222854123222881e+35	4.744385343110399e+35
527.0602244541969	4.333093805657526e+40	1.453280383580292e+37	8.059082135669014e+36	4.172393776892807e+36	2.664664615832334e+36	1.4270455160379326e+36	3.5578225501376905e+35	1.7446530069991603e+35	6.55907631719494e+34	4.9243658092122284e+36	2.326475133449698e+36	1.4270455160379326e+36	9.374680130069932e+35
543.9013580595588	7.586300906533403e+40	2.7525281216354107e+37	1.5269236183848339e+37	7.907704884372081e+36	5.0510580070911146e+36	2.7056016311275765e+36	6.747559189901792e+35	3.3091766404421415e+35	1.2442383834633721e+35	9.33221560154586e+36	4.4102030622903354e+36	2.7056016311275765e+36	1.777586814303596e+36
561.365612613972	1.269932641226e+41	5.002060771896254e+37	2.7758445857526647e+37	1.4380425877878107e+37	9.187215099686928e+36	4.9221864558282056e+36	1.227969246025771e+36	6.022999354593019e+35	2.2649061419001825e+35	1.6969656278985203e+37	8.0219880640151e+36	4.9221864558282056e+36	3.234275249030541e+36
579.4833333212507	2.0420175124639463e+41	8.73894828805355e+37	4.85146142485279e+37	2.514192356371742e+37	1.6065495877083826e+37	8.60923869294781e+36	2.1485559693531283e+36	1.0539649554825694e+36	3.963870593357199e+35	2.9666440527383337e+37	1.4028623089435137e+37	8.60923869294781e+36	5.65767131525941e+36
598.286808343401	3.1365463847342343e+41	1.4661132904566827e+38	8.142624902126476e+37	4.221377044120815e+37	2.697996327008934e+37	1.446164590806899e+37	3.6104957894383035e+36	1.7713554952275598e+36	6.6628541328924e+35	4.980619878179351e+37	2.356064927369038e+37	1.446164590806899e+37	9.504952526965787e+36
617.8104238859518	4.6095916221739084e+41	2.362853960406128e+38	1.3129012341418155e+38	6.809241377340722e+37	4.352961808110213e+37	2.3338634497365163e+37	5.829148208852926e+36	2.8602770231423195e+36	1.0760410135160894e+36	8.033175814608459e+37	3.801524081475057e+37	2.3338634497365163e+37	1.534163579016135e+37
638.0908341286971	6.9263277631286806e+41	3.722659984354524e+38	2.0689642634176506e+38	1.0732795539288339e+38	6.862005628722003e+37	3.679610009456608e+37	9.192348579288107e+36	4.5109003248125766e+36	1.6971443174846552e+36	1.2661348418297738e+38	5.992915713548774e+37	3.679610009456608e+37	2.418976833503975e+37
659.1671476990865	1.0477842804641087e+42	5.705438165325113e+38	3.1711559597080473e+38	1.6451417544803328e+38	1.0518552757682981e+38	5.640575205299788e+37	1.4092058929187876e+37	6.915451778654519e+36	2.6018709838505805e+36	1.9407271476744143e+38	9.18643553255205e+37	5.640575205299788e+37	3.708195802202533e+37
681.0811325708368	1.3662604081585908e+42	8.148323675807302e+38	4.531100658946586e+38	2.351656867799125e+38	1.5039372955085008e+38	8.067076259316569e+37	2.016300668608474e+37	9.896193348760503e+36	3.723936387163335e+36	2.7739119130010753e+38	1.3135569312231955e+38	8.067076259316569e+37	5.304227047372971e+37
703.8774415368672	1.7157564155781495e+42	1.1162690960620745e+39	6.210243923847875e+38	3.22449068109152e+38	2.0626175558213014e+38	1.1066814980447523e+38	2.767243718347289e+37	1.3583953255184224e+37	5.112440028285561e+36	3.8031015873927024e+38	1.8016301950653877e+38	1.1066814980447523e+38	7.2777043810949825e+37
727.6038607636652	1.9815384213266274e+42	1.4476585841083773e+39	8.059140309118329e+38	4.186907187873858e+38	2.6791174954577523e+38	1.4379978282279873e+38	3.5978220607536007e+37	1.7664833262757101e+37	6.649753447333259e+36	4.937557269098426e+38	2.340330093919338e+38	1.4379978282279873e+38	9.458472693941086e+37
752.3115841194802	2.1829831347642214e+42	1.7952462682530307e+39	1.0001110066451874e+39	5.1990217510615885e+38	3.327899240620786e+38	1.7869393903647584e+38	4.473677810462266e+37	2.197007681941375e+37	8.27232553161693e+36	6.130256337522426e+38	2.9073442726829675e+38	1.7869393903647584e+38	1.1756270710793682e+38
778.0555164405919	2.2476021777778856e+42	2.119842118406405e+39	1.1819359622298267e+39	6.1488467367007805e+38	3.937534322291771e+38	2.1153104090315705e+38	5.299813508706496e+37	2.603425010011795e+37	9.805333753694238e+36	7.248959125520227e+38	3.44033166801169e+38	2.1153104090315705e+38	1.3920392459286538e+38
804.8946093713057	2.2302841146053242e+42	2.4108072430902108e+39	1.3453539525250338e+39	7.004512327217764e+38	4.4874459356950194e+38	2.4119528669741883e+38	6.047865500762515e+37	2.9717315941785925e+37	1.1195762066614665e+37	8.256221918965939e+38	3.921273770278274e+38	2.4119528669741883e+38	1.5877028600771564e+38
832.8922338251996	2.118947350169734e+42	2.6484875591963032e+39	1.4794594697017922e+39	7.70953311006854e+38	4.941552597861509e+38	2.657539496063405e+38	6.669635682193911e+37	3.278290784716314e+37	1.2354742182990146e+37	9.08538543077908e+38	4.318666771270963e+38	2.657539496063405e+38	1.7499199685345433e+38
862.1165937743453	1.986409110350384e+42	2.85230330947542e+39	1.594907464429447e+39	8.31854071678302e+38	5.33455370731007e+38	2.8705350901842708e+38	7.210691225573896e+37	3.5453655826508165e+37	1.336565454648158e+37	9.801071999879489e+38	4.662760649378436e+38	2.8705350901842708e+38	1.890776986616647e+38
892.6411491025451	1.8336068012798512e+42	3.031310726524274e+39	1.696822485622575e+39	8.858547800186295e+38	5.683874698963341e+38	3.0603803646737574e+38	7.695002711946276e+37	3.78478676229346e+37	1.4273274901233958e+37	1.043503110213668e+39	4.968810953492643e+38	3.0603803646737574e+38	2.0165160914691115e+38
924.5454613035924	1.790972509891258e+42	3.2571778566936824e+39	1.8247902137838227e+39	9.533757282371928e+38	6.119659163860534e+38	3.296604809568324e+38	8.295244071441475e+37	4.081110000931616e+37	1.5395029812858581e+37	1.122847127107815e+39	5.350379444403818e+38	3.296604809568324e+38	2.1727507777504872e+38
958.0091060528333	2.225352247157861e+42	3.774261426896626e+39	2.1131286916183794e+39	1.1033931894007252e+39	7.08036841441624e+38	3.812738167997463e+38	9.588473006151126e+37	4.716394198840135e+37	1.7787755964692934e+37	1.299701270712146e+39	6.1897871026778674e+38	3.812738167997463e+38	2.512414809875451e+38
993.1253775749606	2.090200913070138e+42	4.0598099947475923e+39	2.275521118937137e+39	1.1893585063266219e+39	7.636186797316724e+38	4.114641378616712e+38	1.0358012748093952e+38	5.096711046278615e+37	1.9229083749559453e+37	1.400644189511455e+39	6.676691205393435e+38	4.114641378616712e+38	2.7123124224088287e+38
1029.983275766491	2.0852245165793534e+42	4.477500991572115e+39	2.5117864035327125e+39	1.3138471787448291e+39	8.439029841642851e+38	4.549458370689289e+38	1.1461393325442446e+38	5.641166554734538e+37	2.128918073756381e+37	1.5469777195634053e+39	7.379507204527812e+38	4.549458370689289e+38	2.999754793214807e+38
1068.711285981173	1.994368478673747e+42	4.9075297248904007e+39	2.7563742658780097e+39	1.443341813113783e+39	9.276365764823646e+38	5.004323991527899e+38	1.2621057242271542e+38	6.214331465766288e+37	2.3461542192250614e+37	1.6990288461478453e+39	8.113043007144302e+38	5.004323991527899e+38	3.300952839302886e+38
1109.457242348848	1.924818846513859e+42	5.401860763867915e+39	3.037882734717467e+39	1.5925464572013515e+39	1.0241734757397895e+39	5.529105750469201e+38	1.3960429208320376e+38	6.876571777559676e+37	2.5972501714779385e+37	1.8741794119693332e+39	8.958879596440011e+38	5.529105750469201e+38	3.648581959594214e+38
1152.3584650531554	1.8492666446376774e+42	5.942526667936461e+39	3.34650001418543e+39	1.7564542929436222e+39	1.1303429132136345e+39	6.106991969475072e+38	1.5438281154407784e+38	7.607792612472888e+37	2.87469915610995e+37	2.0665001455198003e+39	9.889398133084464e+38	6.106991969475072e+38	4.031661422662344e+38
1197.5729552161436	2.1013067703946624e+42	6.813972588800118e+39	3.838362721168696e+39	2.0151363843195234e+39	1.2970019482858766e+39	7.00858380436851e+38	1.7722149026050336e+38	8.734071339762322e+37	3.3005959975402186e+37	2.3707031268707662e+39	1.1347949927679029e+39	7.00858380436851e+38	4.627299232489288e+38
1245.2541385164309	2.187135809720055e+42	7.694113152519712e+39	4.336902268961251e+39	2.278144311122057e+39	1.4667369834633048e+39	7.928601326397613e+38	2.005972847226452e+38	9.888053964474997e+37	3.7374401767673664e+37	2.679774436820361e+39	1.2834107556235532e+39	7.928601326397613e+38	5.235764576475947e+38
1295.657962456405	2.101084796464611e+42	8.395520589613097e+39	4.739175297461701e+39	2.4926776732626898e+39	1.6060142521904015e+39	8.688657645568625e+38	2.201126190903142e+38	1.0855000689892548e+38	4.104857978091157e+37	2.931259370860263e+39	1.4055548634375914e+39	8.688657645568625e+38	5.740326274387491e+38
1348.8520563772656	2.0103192492924183e+42	9.160709534180892e+39	5.1792202474396684e+39	2.727908594488211e+39	1.7589259785292293e+39	9.524345988374272e+38	2.4161874525815858e+38	1.1921433318324849e+38	4.510407066576513e+37	3.206858832052492e+39	1.5397030382010475e+39	9.524345988374272e+38	6.2955472276344355e+38
1405.0098782439707	1.950330685461693e+42	1.0029259805886862e+40	5.679169535760777e+39	2.9953850484104893e+39	1.932880327748124e+39	1.0475551148296083e+39	2.6611867142596582e+38	1.3136691258444515e+38	4.972697736992744e+37	3.520177290388313e+39	1.6923312566544923e+39	1.0475551148296083e+39	6.927708312733121e+38
1464.4701981981289	2.1772114840340357e+42	1.1439907102776825e+40	6.480459950603041e+39	3.419182918931889e+39	2.2067718491778134e+39	1.1962574112410557e+39	3.039995976936181e+38	1.500847843094672e+38	5.681948570708306e+37	4.0179087755173894e+39	1.932236991227325e+39	1.1962574112410557e+39	7.912078644927441e+38
1527.482916103215	2.1841178843392875e+42	1.275141625430696e+40	7.231795197623705e+39	3.8195066482975524e+39	2.4665426826729827e+39	1.3379445943654798e+39	3.40351856906304e+38	1.6809208124476361e+38	6.366013366230845e+37	4.4872800492687955e+39	2.1600236001086334e+39	1.3379445943654798e+39	8.852405063219541e+38
1594.2394007231812	2.0963415385748146e+42	1.3932809335017952e+40	7.916695639359592e+39	4.188202888754897e+39	2.7071355952678852e+39	1.4700079834106873e+39	3.745681946532655e+38	1.8509908859944882e+38	7.014324502298831e+37	4.9185600204122207e+39	2.3713129892892135e+39	1.4700079834106873e+39	9.731939013043724e+38
1665.2176205337025	1.9905840250449808e+42	1.5171588846425962e+40	8.638360166793474e+39	4.5783108664685644e+39	2.9622769140284775e+39	1.6104151091899666e+39	4.1108896664828365e+38	2.03276113935675e+38	7.708193472174306e+37	5.3744555838678087e+39	2.5955152742385683e+39	1.6104151091899666e+39	1.0668355691682632e+39
1740.7826049756586	2.1730001601980483e+42	1.7243443833403061e+40	9.824999257243804e+39	5.2104988277011713e+39	3.3724937810889946e+39	1.8341603263189516e+39	4.684983428497327e+38	2.317153420168036e+38	8.788604557744702e+37	6.115696769098863e+39	2.9552232235242486e+39	1.8341603263189516e+39	1.2153292611765576e+39
1821.349086117865	2.1411625741942102e+42	1.911593039931779e+40	1.0910100296933706e+40	5.79446457345198e+39	3.753512620325824e+39	2.0432797467790695e+39	5.2267195591546155e+38	2.586411229118467e+38	9.814995911439962e+37	6.798827013630887e+39	3.289824792300736e+39	2.0432797467790695e+39	1.3545938961216367e+39
1907.2520432990405	2.0408156384946424e+42	2.0845653116113608e+40	1.1925978363323934e+40	6.347467150004135e+39	4.116571401019182e+39	2.2439380740474544e+39	5.7521148195921986e+38	2.8485117130605912e+38	1.081785615788326e+38	7.44406226549439e+39	3.609185973043122e+39	2.2439380740474544e+39	1.4887370882865947e+39
1999.5258013456985	2.162163828272947e+42	2.351288130468627e+40	1.3467153827602484e+40	7.174897291676833e+39	4.655763588155979e+39	2.5394591310458233e+39	6.516104386990122e+38	3.227972425552212e+38	1.2263327592118643e+38	8.412517081629848e+39	4.082533284437396e+39	2.5394591310458233e+39	1.685394262651487e+39
2098.8699937282863	2.1103195997927664e+42	2.595175224623305e+40	1.4895547255435238e+40	7.950687266578753e+39	5.164478071771129e+39	2.8202492490026944e+39	7.24987899538621e+38	3.593785287886996e+38	1.3662094569193704e+38	9.318157495855281e+39	4.529877030961336e+39	2.8202492490026944e+39	1.8729735532717283e+39
2205.8162538165143	2.202265111054351e+42	2.919071666392247e+40	1.6780973659996488e+40	8.969476558500173e+39	5.83071715358093e+39	3.186872029001129e+39	8.203593652599084e+38	4.0685076709469046e+38	1.5474456068099136e+38	1.0508837829257567e+40	5.1153153986623384e+39	3.186872029001129e+39	2.1174888256771776e+39
2321.380527659198	2.1220442963388394e+42	3.218959489547798e+40	1.8552064064926917e+40	9.938279455508492e+39	6.468457613006216e+39	3.5404162356108044e+39	9.133666840327966e+38	4.5332502272677266e+38	1.7255663250771242e+38	1.1637971118772133e+40	5.676702906922405e+39	3.5404162356108044e+39	2.354236507467655e+39
2445.978345152756	2.1834289944655932e+42	3.61287493269888e+40	2.0866019764276046e+40	1.1198511785335623e+40	7.296144599208428e+39	3.9981117137313847e+39	1.0333292617187966e+39	5.131942998185919e+38	1.954742175847317e+38	1.310819359912286e+40	6.404854963753876e+39	3.9981117137313847e+39	2.6603158157454472e+39
2581.281577150171	2.0880570223219063e+42	3.9808047761213165e+40	2.306033585589472e+40	1.240888205767194e+40	8.0965049193448e+39	4.444064599889073e+39	1.1515578677315411e+39	5.724289554257844e+38	2.182384835065577e+38	1.4516211049411912e+40	7.110247077586062e+39	4.444064599889073e+39	2.95977603839803e+39
2728.3896635059596	2.131228465144664e+42	4.460085444047346e+40	2.5901478215593005e+40	1.396844950336957e+40	9.125192265754755e+39	5.0156816268963014e+39	1.3025040939461908e+39	6.4795688100483086e+38	2.4722665092995288e+38	1.633239596609851e+40	8.016276239439967e+39	5.0156816268963014e+39	3.3430650546060725e+39
2888.245621866697	2.192481184471247e+42	5.067261199186528e+40	2.949376196241164e+40	1.5936989878674146e+40	1.0422428812830742e+40	5.735762429066155e+39	1.49234421555147e+39	7.4289179734124e+38	2.836421912373834e+38	1.8625735279620443e+40	9.158545847655082e+39	5.735762429066155e+39	3.8256217353843127e+39
3063.4066506466165	2.0937728276817382e+42	5.594548633540583e+40	3.268460846038725e+40	1.7718893475188787e+40	1.1608568170686279e+40	6.401608089400071e+39	1.6708766683852425e+39	8.326876362440751e+38	3.1828732346716838e+38	2.069284738679228e+40	1.020580512575032e+40	6.401608089400071e+39	4.274565784856095e+39
3255.720560435723	2.1022149663511224e+42	6.260337879860669e+40	3.6698602487823684e+40	1.9954267992678106e+40	1.3094556716939173e+40	7.234610602094077e+39	1.89380645082051e+39	9.447479914159631e+38	3.614982134616415e+38	2.3287558014783083e+40	1.1517352504197644e+40	7.234610602094077e+39	4.8358143965926885e+39
3467.511700935507	2.2214307506634902e+42	7.131720896263903e+40	4.192227670643189e+40	2.284998704843772e+40	1.501494146570491e+40	8.308335939095574e+39	2.1800740935859183e+39	1.0884657877869216e+39	4.16847035012714e+38	2.6652183902955014e+40	1.3211239236929512e+40	8.308335939095574e+39	5.558253562291341e+39
3701.79711824606	2.610289689030266e+42	8.430525431430125e+40	4.960535619114469e+40	2.706122595987667e+40	1.7790814120389296e+40	9.849828408787802e+39	2.5868217976884508e+39	1.2919456698933292e+39	4.9493028349747196e+38	3.155785456309604e+40	1.5655722430808819e+40	9.849828408787802e+39	6.591561567364612e+39
3962.1361227416246	3.613885753410658e+42	1.0437631371392795e+41	6.132219433170389e+40	3.341072472398511e+40	2.195033079634904e+40	1.2143617441941276e+40	3.1856475922965693e+39	1.5904123856087323e+39	6.090355089129857e+38	3.897351566811966e+40	1.931257358703788e+40	1.2143617441941276e+40	8.123271453701474e+39
4252.731268854976	5.912652548278328e+42	1.3804512963945578e+41	8.072835264877343e+40	4.380749189371717e+40	2.871759964324081e+40	1.5847859799604968e+40	4.1414040976506875e+39	2.0648003489463124e+39	7.896194102405056e+38	5.114811133355674e+40	2.525161344600276e+40	1.5847859799604968e+40	1.0586555980525447e+40
4578.719806783556	9.985932986865413e+42	1.882508495375861e+41	1.0949447008846204e+41	5.913517831165847e+40	3.866360436513677e+40	2.1272434656115974e+40	5.532950356828535e+39	2.754057072535908e+39	1.0514316514362172e+39	6.911947899929605e+40	3.3972937959452247e+40	2.1272434656115974e+40	1.4186484167873879e+40
4946.594831833472	1.6031953404190355e+43	2.514723460896527e+41	1.4568997468190147e+41	7.84110393511203e+40	5.116849845014684e+40	2.8091071740487467e+40	7.281669736958716e+39	3.620177361193532e+39	1.380410708764571e+39	9.172254076450626e+40	4.493742004571971e+40	2.8091071740487467e+40	1.8711085726460085e+40
5363.8157360191635	2.233643863544783e+43	3.238859360612126e+41	1.8730224091270937e+41	1.006456899509943e+41	6.561993034261328e+40	3.5988242983005353e+40	9.313977244829773e+39	4.627989175391976e+39	1.7636928593434064e+39	1.1777504075047414e+41	5.761515268794718e+40	3.5988242983005353e+40	2.395775695371031e+40
5840.739583496113	2.7572203172839023e+43	4.0288900435727075e+41	2.32981846578735e+41	1.2518749701716321e+41	8.161949002710622e+40	4.476202842239375e+40	1.1584300431514356e+40	5.75601313203722e+39	2.193547335698346e+39	1.464947805682357e+41	7.166262566158878e+40	4.476202842239375e+40	2.979820951797913e+40
6389.473964770399	3.01770980381192e+43	4.8313469705022174e+41	2.7992013213428046e+41	1.5066186579072367e+41	9.83196181516988e+40	5.397819483524074e+40	1.3992638688984098e+40	6.956723735058792e+39	2.6527084329777646e+39	1.7623711545434483e+41	8.634728065533469e+40	5.397819483524074e+40	3.5954710275178986e+40
7025.419827295461	2.920951161235313e+43	5.541959674434174e+41	3.225083997462981e+41	1.7425784238878036e+41	1.1396163238438531e+41	6.271910004171305e+40	1.6320649396804807e+40	8.12500031925939e+39	3.1024384296342673e+39	2.0365802294777834e+41	1.0014270884933628e+41	6.271910004171305e+40	4.1833850527450606e+40
7770.02273136654	2.4800476764778037e+43	6.098139131116024e+41	3.573869495090686e+41	1.9430601584105392e+41	1.275094705553489e+41	7.0451005411889e+40	1.8444983681298168e+40	9.20225366061373e+39	3.5214892137206505e+39	2.2676632044721332e+41	1.1215207790331819e+41	7.0451005411889e+40	4.709356008984673e+40
8651.488343629826	1.7997992970392472e+43	6.327130117639409e+41	3.750837913642729e+41	2.0598909718988e+41	1.3592760034669865e+41	7.557855442175197e+40	1.998260438890482e+40	1.0003620476996578e+40	3.841596324987796e+39	2.398492669879275e+41	1.197360001579542e+41	7.557855442175197e+40	5.069850998303403e+40
9707.972104593402	1.0995697458008638e+43	6.048870994700275e+41	3.652738491626434e+41	2.03877681228653e+41	1.3573962310013847e+41	7.624506902529659e+40	2.0478677953461262e+40	1.0308370637923902e+40	3.9808605419006526e+39	2.3651400804633825e+41	1.1985954569787506e+41	7.624506902529659e+40	5.143424832606717e+40
10992.901062513924	5.802379111255456e+42	5.15999520604432e+41	3.210518610333567e+41	1.839372525478218e+41	1.2423054163347506e+41	7.092461944096837e+40	1.9532500061463296e+40	9.917715778564707e+39	3.8639207729778486e+39	2.1211444925021715e+41	1.1012236899595632e+41	7.092461944096837e+40	4.827633738461245e+40
12583.205766747946	3.516765569937356e+42	3.914301390012043e+41	2.5381487183313865e+41	1.5085234471806588e+41	1.0397806912437945e+41	6.075690648223215e+40	1.7344448969107564e+40	8.917251400763371e+39	3.518485936645918e+39	1.7250365082927723e+41	9.267959370612758e+40	6.075690648223215e+40	4.1890699250320016e+40
14593.764351275619	1.9541335879535907e+42	2.8282737135958125e+41	1.9288489113266333e+41	1.1993786483842517e+41	8.476903678549434e+40	5.097034256055758e+40	1.520609821093843e+40	7.937545890402281e+39	3.180442316844222e+39	1.3573674751464936e+41	7.607341451309138e+40	5.097034256055758e+40	3.5703036419206055e+40
17202.223232086526	1.3144928586693198e+42	2.2876721984184833e+41	1.62209313422306e+41	1.046120345079528e+41	7.54918699785522e+40	4.650063170623099e+40	1.44056805715097e+40	7.618763063596944e+39	3.093422829353775e+39	1.1739011513865596e+41	6.813520426719279e+40	4.650063170623099e+40	3.3013812346505597e+40
20277.0729847302	9.84577260693607e+41	2.1263523499318503e+41	1.5674838330026965e+41	1.0485046547778582e+41	7.727532880826991e+40	4.879265720882968e+40	1.572535130658124e+40	8.433645837592639e+39	3.4734440593449116e+39	1.166565273017628e+41	7.015170447778437e+40	4.879265720882968e+40	3.5129515583444673e+40
23901.718198209797	7.465423742426141e+41	1.9711702567461248e+41	1.5250767223006962e+41	1.0649449133734866e+41	8.038620792132292e+40	5.216753100006451e+40	1.7543936245399397e+40	9.548801439706046e+39	3.9919204074047556e+39	1.1732195174506844e+41	7.345171436663379e+40	5.216753100006451e+40	3.8135390088289006e+40
28174.486272605984	5.61078297319255e+41	1.716940201926785e+41	1.4183568372743392e+41	1.0482551837938764e+41	8.160066927785767e+40	5.48194696055736e+40	1.9424107323122713e+40	1.0760982706303919e+40	4.5791706330517717e+39	1.1400571639956432e+41	7.518066462938761e+40	5.48194696055736e+40	4.083782652221787e+40
33211.29032488029	4.1715338794177e+41	1.348347038309712e+41	1.2166389909884613e+41	9.715298488894683e+40	7.884828461985908e+40	5.547634130788073e+40	2.1040678079317626e+40	1.1921829799756934e+40	5.187201911246591e+39	1.0382435074593541e+41	7.345729157696329e+40	5.547634130788073e+40	4.2367688092064464e+40
39148.77430652267	3.074249963538887e+41	9.270279589481383e+40	9.37692063029841e+40	8.333290659711864e+40	7.170969676928189e+40	5.381127418322598e+40	2.236686051026639e+40	1.3045558322609717e+40	5.8361799515079e+39	8.689642493710822e+40	6.785620995356817e+40	5.381127418322598e+40	4.252030345165205e+40
46148.02061583839	2.252875761924368e+41	5.634339593046988e+40	6.294795237902232e+40	6.289686291760482e+40	5.811900843617207e+40	4.739237973967647e+40	2.23157648317127e+40	1.3551066916143067e+40	6.301258738558256e+39	6.374536545469508e+40	5.608889911249132e+40	4.739237973967647e+40	3.9197827797424227e+40
54398.920804830654	1.6473565620006126e+41	3.3134888387504104e+40	3.873215360241001e+40	4.28462326212007e+40	4.261389595105686e+40	3.812837985246461e+40	2.0857678490146718e+40	1.3326118637931905e+40	6.512637213901796e+39	4.225115254609748e+40	4.2014096738676663e+40	3.812837985246461e+40	3.3269639659237406e+40
64125.327972784085	1.2041612196143985e+41	2.0494400626297452e+40	2.2963186727429107e+40	2.6956387199469627e+40	2.872797988432828e+40	2.8421330178322804e+40	1.8577264502722618e+40	1.2636324712008676e+40	6.568430035944576e+39	2.6010440801021906e+40	2.8957427584056684e+40	2.8421330178322804e+40	2.638500986542292e+40
75591.13064787207	8.803382993133065e+40	1.4298814698412302e+40	1.4195597288563028e+40	1.6214376873949278e+40	1.8038013159809642e+40	1.9600266282428977e+40	1.5663003624011516e+40	1.1490061247314172e+40	6.441037090456495e+39	1.5563359152920818e+40	1.8520821193953684e+40	1.9600266282428977e+40	1.9450620148661682e+40
89107.41296141192	6.435986784699266e+40	1.1105760228782856e+40	9.801515285404338e+39	9.938629693252011e+39	1.092236719810078e+40	1.260332337752531e+40	1.2418291941019475e+40	9.954172195860278e+39	6.11153230111352e+39	9.734789994480252e+39	1.1295432568240755e+40	1.260332337752531e+40	1.3318571873310995e+40
105040.89539397441	4.703397166200467e+40	9.035452909772131e+39	7.551738015385559e+39	6.661649691301738e+39	6.777860186518095e+39	7.740057873575726e+39	9.204971128550511e+39	8.15750005225147e+39	5.577111596221376e+39	6.773774139861289e+39	6.924721493246594e+39	7.740057873575726e+39	8.537147926498636e+39
123823.88511863134	3.4348501433470397e+40	7.360905112537153e+39	6.153045189601817e+39	5.000399257560991e+39	4.6028630996951713e+39	4.765227628816168e+39	6.358719905545476e+39	6.277753139616252e+39	4.8597738324435445e+39	5.241711380590361e+39	4.56717428835096e+39	4.765227628816168e+39	5.247170882249701e+39
145966.0059269683	2.5063843185373737e+40	5.893757249096254e+39	5.0550409423450667e+39	4.0461940631091535e+39	3.490474211545374e+39	3.142554239544303e+39	4.1075250092572884e+39	4.507757923218653e+39	4.0109646560042114e+39	4.29015143638523e+39	3.3659606218741314e+39	3.142554239544303e+39	3.2489077803828647e+39
172068.02600941638	1.827268146860374e+40	4.6153588323860785e+39	4.093698117255746e+39	3.351016413942404e+39	2.8442631520962386e+39	2.313639849877466e+39	2.527859136329917e+39	3.0112980285549123e+39	3.108089411403703e+39	3.544869308905041e+39	2.7053059562329916e+39	2.313639849877466e+39	2.166267893992691e+39
202838.1587831001	1.3306845921608757e+40	3.5332523891480216e+39	3.2445842924606206e+39	2.7535079793184386e+39	2.3676649088406605e+39	1.8627853349998403e+39	1.5520443123164216e+39	1.8846305184705492e+39	2.2417356087179648e+39	2.889220314308106e+39	2.25075266670265e+39	1.8627853349998403e+39	1.615284287128583e+39
239111.27906220974	9.67418606375223e+39	2.6451065830017506e+39	2.5127360633272334e+39	2.2177226734453043e+39	1.9534854124887045e+39	1.556593880430742e+39	1.0202874436406629e+39	1.1379621814121008e+39	1.4959102805910038e+39	2.3043768067756508e+39	1.867848441772993e+39	1.556593880430742e+39	1.3127948003860072e+39
281871.57596857956	7.014290686483231e+39	1.9365618395859322e+39	1.900434678447325e+39	1.7441037803134315e+39	1.578314297065847e+39	1.29844609701488e+39	7.536258354312095e+38	7.0610266955975e+38	9.26552958240459e+38	1.794205051127572e+39	1.5210519445260368e+39	1.29844609701488e+39	1.1023121926694503e+39
332279.2572300238	5.065440186052914e+39	1.3859677264315928e+39	1.4028804650873714e+39	1.3372115444560451e+39	1.2435074505756431e+39	1.0621644394431372e+39	6.124163874096879e+38	4.853427696264137e+38	5.4688903514654916e+38	1.3621713281936144e+39	1.208409253551079e+39	1.0621644394431372e+39	9.209416221338355e+38
391702.02944127744	3.638658524077845e+39	9.688971592202262e+38	1.0100577284443181e+39	9.98443045402211e+38	9.535927934635206e+38	8.465893040897546e+38	5.167344080964992e+38	3.770785601121084e+38	3.2853427474096543e+38	1.0074637776282464e+39	9.344052928414164e+38	8.465893040897546e+38	7.5296873022409e+38
461752.2084498363	2.5972112390513277e+39	6.6104329742893375e+38	7.088959477250279e+38	7.254933919404957e+38	7.110022112325607e+38	6.558188107504462e+38	4.339702226645885e+38	3.1484618091990045e+38	2.194910066768181e+38	7.254211954021163e+38	7.023712928276654e+38	6.558188107504462e+38	5.989423543660206e+38
544330.4667927492	1.8410766030513738e+39	4.397671434410127e+38	4.848554949803143e+38	5.1291880351342175e+38	5.152248212216151e+38	4.932379459539099e+38	3.561961268452873e+38	2.665365875431152e+38	1.6840672982924042e+38	5.0844488717200015e+38	5.12964315599971e+38	4.932379459539099e+38	4.625190782601604e+38
641677.405195417	1.2959844066048744e+39	2.8493922441265796e+38	3.2315379829902482e+38	3.529502203801777e+38	3.629573619608023e+38	3.600887956166594e+38	2.8403724852270686e+38	2.2189516837290033e+38	1.4051264710030255e+38	3.469917380977754e+38	3.640689782316004e+38	3.600887956166594e+38	3.4649377118762446e+38
756434.3474359384	9.061649929216164e+38	1.7945873374735674e+38	2.0983040868675468e+38	2.365376395992698e+38	2.487591758615977e+38	2.5531331654383554e+38	2.196505084081663e+38	1.79761902217333e+38	1.1930092188512894e+38	2.3069117403137242e+38	2.5129431607210977e+38	2.5531331654383554e+38	2.5185045636429525e+38
891715.008138633	6.296379435541803e+38	1.0949023358605145e+38	1.3260116568929325e+38	1.5446552451199311e+38	1.6602751498006388e+38	1.759893675055573e+38	1.6465034609592785e+38	1.4127899034837962e+38	9.966136998879893e+37	1.4944547232020346e+38	1.6885853088913636e+38	1.759893675055573e+38	1.7774915802721402e+38
1051189.9780784354	4.349851634767881e+38	6.436185576895322e+37	8.135509148247933e+37	9.827720050550458e+37	1.079893755140754e+38	1.1807868382440164e+38	1.1967284512752947e+38	1.076161597507698e+38	8.1023617294927465e+37	9.427976004619668e+37	1.1056014731622928e+38	1.1807868382440164e+38	1.2195444665824062e+38
1239186.3193587307	2.9893828116947736e+38	3.616982401104928e+37	4.824560952891474e+37	6.083847664166603e+37	6.845558078791142e+37	7.719705332787611e+37	8.441312913259752e+37	7.944397859830802e+37	6.390658554345856e+37	5.780433272205824e+37	7.056193322172808e+37	7.719705332787611e+37	8.144833176960876e+37
1460804.9728053347	2.0446766244305796e+38	1.923415079981454e+37	2.7467302845352965e+37	3.6529369235256197e+37	4.22430256223975e+37	4.9207174246875985e+37	5.785740581773802e+37	5.686913403108601e+37	4.884888817507651e+37	3.4306057529561534e+37	4.386717520954324e+37	4.9207174246875985e+37	5.301115214332327e+37
1722059.1632228533	1.392520343418592e+38	9.556181676610192e+36	1.4873192399049226e+37	2.1158944455639447e+37	2.5300382174300193e+37	3.0568599091382644e+37	3.859011085575294e+37	3.951876533357917e+37	3.617659808159397e+37	1.9582892280507957e+37	2.6503128025885663e+37	3.0568599091382644e+37	3.364597434213297e+37
2030037.5579001373	9.447015074726612e+37	4.369429614780938e+36	7.569403692012719e+36	1.1729402764398924e+37	1.4629824603050508e+37	1.8470498980576324e+37	2.5081941230823487e+37	2.66974062948239e+37	2.5969035140068233e+37	1.0655703870395985e+37	1.5491559984173972e+37	1.8470498980576324e+37	2.081698906729577e+37
2393096.6053879512	6.386618647970717e+37	1.8068779848169266e+36	3.569145421200893e+36	6.157264204582134e+36	8.103683064798059e+36	1.0810621142019777e+37	1.5901241428651834e+37	1.7560916494686558e+37	1.8088010479106165e+37	5.463374543222145e+36	8.699390841028858e+36	1.0810621142019777e+37	1.2530358507717046e+37
2821087.2733279145	4.304113246748795e+37	6.6252000608437844e+35	1.5334403351985072e+36	3.020784413675955e+36	4.2548973768015604e+36	6.088455945493671e+36	9.833649378791278e+36	1.1262390840119127e+37	1.2242436482176453e+37	2.6025765849208607e+36	4.64805538333557e+36	6.088455945493671e+36	7.307573732886902e+36
3325622.3374702083	2.892497140625964e+37	2.1062996600400555e+35	5.889924728252987e+35	1.3636720254286097e+36	2.0900988284820453e+36	3.2688016953113774e+36	5.923795292950261e+36	7.047958105071342e+36	8.06495978266544e+36	1.1331023202660009e+36	2.3339474645372347e+36	3.2688016953113774e+36	4.1014509723902435e+36
3920391.4743035296	1.9389549009872787e+37	5.661222850644409e+34	1.9795390929090474e+35	5.563965532516113e+35	9.457219488746196e+35	1.6529958552611358e+36	3.46397875184539e+36	4.302433445002207e+36	5.179243262932607e+36	4.424934916836212e+35	1.0852110900822357e+36	1.6529958552611358e+36	2.1946171448267695e+36
4621532.706788604	1.2968430422614052e+37	1.250012441255179e+34	5.682124918250272e+34	2.01069095523435e+35	3.8718159572265304e+35	7.759521548108705e+35	1.9544630692680377e+36	2.5568842269965816e+36	3.245882849758504e+36	1.5174584217745255e+35	4.592865129826983e+35	7.759521548108705e+35	1.1060321655019287e+36
