#t	Le	U	B	V	R	I	J	H	K	g	r	i	z
#----------------------------------------------- 
3.15197801850754	0.0	0.0	0.0	0.0	0.0	0.0	0.0	0.0	0.0	0.0	0.0	0.0	0.0
3.2477678170924973	0.0	0.0	0.0	0.0	0.0	0.0	0.0	0.0	0.0	0.0	0.0	0.0	0.0
3.43125456295384	0.0	0.0	0.0	0.0	0.0	0.0	0.0	0.0	0.0	0.0	0.0	0.0	0.0
3.6306412883252244	0.0	0.0	0.0	0.0	0.0	0.0	0.0	0.0	0.0	0.0	0.0	0.0	0.0
3.847130894934137	0.0	0.0	0.0	0.0	0.0	0.0	0.0	0.0	0.0	0.0	0.0	0.0	0.0
4.082364191839666	0.0	0.0	0.0	0.0	0.0	0.0	0.0	0.0	0.0	0.0	0.0	0.0	0.0
4.338171964467068	0.0	0.0	0.0	0.0	0.0	0.0	0.0	0.0	0.0	0.0	0.0	0.0	0.0
4.61656988363783	0.0	0.0	0.0	0.0	0.0	0.0	0.0	0.0	0.0	0.0	0.0	0.0	0.0
4.91976887442569	0.0	0.0	0.0	0.0	0.0	0.0	0.0	0.0	0.0	0.0	0.0	0.0	0.0
5.250188306926777	0.0	0.0	0.0	0.0	0.0	0.0	0.0	0.0	0.0	0.0	0.0	0.0	0.0
5.610469857897133	0.0	0.0	0.0	0.0	0.0	0.0	0.0	0.0	0.0	0.0	0.0	0.0	0.0
6.003491353121846	0.0	0.0	0.0	0.0	0.0	0.0	0.0	0.0	0.0	0.0	0.0	0.0	0.0
6.432380195344908	0.0	0.0	0.0	0.0	0.0	0.0	0.0	0.0	0.0	0.0	0.0	0.0	0.0
6.900526055684468	0.0	0.0	0.0	0.0	0.0	0.0	0.0	0.0	0.0	0.0	0.0	0.0	0.0
7.411592534296828	0.0	0.0	0.0	0.0	0.0	0.0	0.0	0.0	0.0	0.0	0.0	0.0	0.0
7.969527523707829	0.0	0.0	0.0	0.0	0.0	0.0	0.0	0.0	0.0	0.0	0.0	0.0	0.0
8.578572050386626	0.0	0.0	0.0	0.0	0.0	0.0	0.0	0.0	0.0	0.0	0.0	0.0	0.0
9.243267432143249	0.0	0.0	0.0	0.0	0.0	0.0	0.0	0.0	0.0	0.0	0.0	0.0	0.0
9.968460671193151	0.0	0.0	0.0	0.0	0.0	0.0	0.0	0.0	0.0	0.0	0.0	0.0	0.0
10.759308102363898	0.0	0.0	0.0	0.0	0.0	0.0	0.0	0.0	0.0	0.0	0.0	0.0	0.0
11.621277426711355	0.0	0.0	0.0	0.0	0.0	0.0	0.0	0.0	0.0	0.0	0.0	0.0	0.0
12.560148374500056	0.0	0.0	0.0	0.0	0.0	0.0	0.0	0.0	0.0	0.0	0.0	0.0	0.0
13.582012347880294	0.0	0.0	0.0	0.0	0.0	0.0	0.0	0.0	0.0	0.0	0.0	0.0	0.0
14.693271482745338	0.0	0.0	0.0	0.0	0.0	0.0	0.0	0.0	0.0	0.0	0.0	0.0	0.0
15.900637632256009	0.0	0.0	0.0	0.0	0.0	0.0	0.0	0.0	0.0	0.0	0.0	0.0	0.0
17.211131805174368	0.0	0.0	0.0	0.0	0.0	0.0	0.0	0.0	0.0	0.0	0.0	0.0	0.0
18.632084587945645	0.0	0.0	0.0	0.0	0.0	0.0	0.0	0.0	0.0	0.0	0.0	0.0	0.0
20.17113804167918	0.0	0.0	0.0	0.0	0.0	0.0	0.0	0.0	0.0	0.0	0.0	0.0	0.0
21.836249499000786	0.0	0.0	0.0	0.0	0.0	0.0	0.0	0.0	0.0	0.0	0.0	0.0	0.0
23.635697599015014	0.0	0.0	0.0	0.0	0.0	0.0	0.0	0.0	0.0	0.0	0.0	0.0	0.0
25.5780908007687	0.0	0.0	0.0	0.0	0.0	0.0	0.0	0.0	0.0	0.0	0.0	0.0	0.0
27.672378516269728	0.0	0.0	0.0	0.0	0.0	0.0	0.0	0.0	0.0	0.0	0.0	0.0	0.0
29.92786491180572	0.0	0.0	0.0	0.0	0.0	0.0	0.0	0.0	0.0	0.0	0.0	0.0	0.0
32.35422534741135	0.0	0.0	0.0	0.0	0.0	0.0	0.0	0.0	0.0	0.0	0.0	0.0	0.0
34.96152536316441	0.0	0.0	0.0	0.0	0.0	0.0	0.0	0.0	0.0	0.0	0.0	0.0	0.0
37.760242078959806	0.0	0.0	0.0	0.0	0.0	0.0	0.0	0.0	0.0	0.0	0.0	0.0	0.0
40.76128785121923	0.0	0.0	0.0	0.0	0.0	0.0	0.0	0.0	0.0	0.0	0.0	0.0	0.0
43.97603602350333	0.0	0.0	0.0	0.0	0.0	0.0	0.0	0.0	0.0	0.0	0.0	0.0	0.0
47.41634861527855	0.0	0.0	0.0	0.0	0.0	0.0	0.0	0.0	0.0	0.0	0.0	0.0	0.0
51.09460581061772	0.0	0.0	0.0	0.0	0.0	0.0	0.0	0.0	0.0	0.0	0.0	0.0	0.0
55.023737133222916	0.0	0.0	0.0	0.0	0.0	0.0	0.0	0.0	0.0	0.0	0.0	0.0	0.0
59.21725422264158	0.0	0.0	0.0	0.0	0.0	0.0	0.0	0.0	0.0	0.0	0.0	0.0	0.0
63.68928515664031	0.0	0.0	0.0	0.0	0.0	0.0	0.0	0.0	0.0	0.0	0.0	0.0	0.0
68.45461029441911	0.0	0.0	0.0	0.0	0.0	0.0	0.0	0.0	0.0	0.0	0.0	0.0	0.0
73.52869964357735	0.0	0.0	0.0	0.0	0.0	0.0	0.0	0.0	0.0	0.0	0.0	0.0	0.0
78.92775177957319	0.0	0.0	0.0	0.0	0.0	0.0	0.0	0.0	0.0	0.0	0.0	0.0	0.0
84.66873436958468	0.0	0.0	0.0	0.0	0.0	0.0	0.0	0.0	0.0	0.0	0.0	0.0	0.0
90.76942637319483	0.0	0.0	0.0	0.0	0.0	0.0	0.0	0.0	0.0	0.0	0.0	0.0	0.0
97.24846201020176	0.0	0.0	0.0	0.0	0.0	0.0	0.0	0.0	0.0	0.0	0.0	0.0	0.0
104.12537660150318	0.0	0.0	0.0	0.0	0.0	0.0	0.0	0.0	0.0	0.0	0.0	0.0	0.0
111.42065440283858	0.0	0.0	0.0	0.0	0.0	0.0	0.0	0.0	0.0	0.0	0.0	0.0	0.0
119.15577856337318	0.0	0.0	0.0	0.0	0.0	0.0	0.0	0.0	0.0	0.0	0.0	0.0	0.0
127.35328335237534	0.0	0.0	0.0	0.0	0.0	0.0	0.0	0.0	0.0	0.0	0.0	0.0	0.0
136.03680880757798	0.0	0.0	0.0	0.0	0.0	0.0	0.0	0.0	0.0	0.0	0.0	0.0	0.0
145.23115796890423	0.0	0.0	0.0	0.0	0.0	0.0	0.0	0.0	0.0	0.0	0.0	0.0	0.0
154.96235687105118	0.0	0.0	0.0	0.0	0.0	0.0	0.0	0.0	0.0	0.0	0.0	0.0	0.0
165.25771747848574	0.0	0.0	0.0	0.0	0.0	0.0	0.0	0.0	0.0	0.0	0.0	0.0	0.0
176.14590375672623	0.0	0.0	0.0	0.0	0.0	0.0	0.0	0.0	0.0	0.0	0.0	0.0	0.0
187.65700108466888	0.0	0.0	0.0	0.0	0.0	0.0	0.0	0.0	0.0	0.0	0.0	0.0	0.0
199.82258922428946	0.0	0.0	0.0	0.0	0.0	0.0	0.0	0.0	0.0	0.0	0.0	0.0	0.0
212.67581907649662	0.0	0.0	0.0	0.0	0.0	0.0	0.0	0.0	0.0	0.0	0.0	0.0	0.0
226.2514934653442	0.0	0.0	0.0	0.0	0.0	0.0	0.0	0.0	0.0	0.0	0.0	0.0	0.0
240.58615220736885	0.0	0.0	0.0	0.0	0.0	0.0	0.0	0.0	0.0	0.0	0.0	0.0	0.0
255.71816173868453	0.0	0.0	0.0	0.0	0.0	0.0	0.0	0.0	0.0	0.0	0.0	0.0	0.0
271.6878095887305	0.0	0.0	0.0	0.0	0.0	0.0	0.0	0.0	0.0	0.0	0.0	0.0	0.0
288.5374040099017	0.0	0.0	0.0	0.0	0.0	0.0	0.0	0.0	0.0	0.0	0.0	0.0	0.0
306.3113790908973	0.0	0.0	0.0	0.0	0.0	0.0	0.0	0.0	0.0	0.0	0.0	0.0	0.0
325.05640570434133	0.0	0.0	0.0	0.0	0.0	0.0	0.0	0.0	0.0	0.0	0.0	0.0	0.0
344.8215086630606	0.0	0.0	0.0	0.0	0.0	0.0	0.0	0.0	0.0	0.0	0.0	0.0	0.0
365.65819048523565	0.0	0.0	0.0	0.0	0.0	0.0	0.0	0.0	0.0	0.0	0.0	0.0	0.0
387.6205621966212	0.0	0.0	0.0	0.0	0.0	0.0	0.0	0.0	0.0	0.0	0.0	0.0	0.0
410.7654816294695	0.0	0.0	0.0	0.0	0.0	0.0	0.0	0.0	0.0	0.0	0.0	0.0	0.0
435.1526997122671	0.0	0.0	0.0	0.0	0.0	0.0	0.0	0.0	0.0	0.0	0.0	0.0	0.0
460.84501527793117	0.0	0.0	0.0	0.0	0.0	0.0	0.0	0.0	0.0	0.0	0.0	0.0	0.0
487.9084389588324	0.0	0.0	0.0	0.0	0.0	0.0	0.0	0.0	0.0	0.0	0.0	0.0	0.0
516.4123667795204	0.0	0.0	0.0	0.0	0.0	0.0	0.0	0.0	0.0	0.0	0.0	0.0	0.0
546.4297641065574	0.0	0.0	0.0	0.0	0.0	0.0	0.0	0.0	0.0	0.0	0.0	0.0	0.0
578.0373606643035	0.0	0.0	0.0	0.0	0.0	0.0	0.0	0.0	0.0	0.0	0.0	0.0	0.0
611.3158573806511	0.0	0.0	0.0	0.0	0.0	0.0	0.0	0.0	0.0	0.0	0.0	0.0	0.0
646.3501458884813	0.0	0.0	0.0	0.0	0.0	0.0	0.0	0.0	0.0	0.0	0.0	0.0	0.0
683.2295415746459	0.0	0.0	0.0	0.0	0.0	0.0	0.0	0.0	0.0	0.0	0.0	0.0	0.0
722.0480311400506	0.0	0.0	0.0	0.0	0.0	0.0	0.0	0.0	0.0	0.0	0.0	0.0	0.0
762.9045357133981	0.0	0.0	0.0	0.0	0.0	0.0	0.0	0.0	0.0	0.0	0.0	0.0	0.0
805.9031906476406	0.0	0.0	0.0	0.0	0.0	0.0	0.0	0.0	0.0	0.0	0.0	0.0	0.0
851.1536432231568	0.0	0.0	0.0	0.0	0.0	0.0	0.0	0.0	0.0	0.0	0.0	0.0	0.0
898.771369585725	0.0	0.0	0.0	0.0	0.0	0.0	0.0	0.0	0.0	0.0	0.0	0.0	0.0
948.8780123597307	0.0	0.0	0.0	0.0	0.0	0.0	0.0	0.0	0.0	0.0	0.0	0.0	0.0
1001.601740502911	0.0	0.0	0.0	0.0	0.0	0.0	0.0	0.0	0.0	0.0	0.0	0.0	0.0
1057.07763310559	0.0	0.0	0.0	0.0	0.0	0.0	0.0	0.0	0.0	0.0	0.0	0.0	0.0
1115.4480889886934	0.0	0.0	0.0	0.0	0.0	0.0	0.0	0.0	0.0	0.0	0.0	0.0	0.0
1176.863264120845	0.0	0.0	0.0	0.0	0.0	0.0	0.0	0.0	0.0	0.0	0.0	0.0	0.0
1241.4815390562048	0.0	0.0	0.0	0.0	0.0	0.0	0.0	0.0	0.0	0.0	0.0	0.0	0.0
1309.4700187984552	0.0	0.0	0.0	0.0	0.0	0.0	0.0	0.0	0.0	0.0	0.0	0.0	0.0
1381.005067716495	0.0	0.0	0.0	0.0	0.0	0.0	0.0	0.0	0.0	0.0	0.0	0.0	0.0
1456.2728823790203	0.0	0.0	0.0	0.0	0.0	0.0	0.0	0.0	0.0	0.0	0.0	0.0	0.0
1535.4701054699847	0.0	0.0	0.0	0.0	0.0	0.0	0.0	0.0	0.0	0.0	0.0	0.0	0.0
1618.8044842180757	0.0	0.0	0.0	0.0	0.0	0.0	0.0	0.0	0.0	0.0	0.0	0.0	0.0
1706.4955771102823	0.0	0.0	0.0	0.0	0.0	0.0	0.0	0.0	0.0	0.0	0.0	0.0	0.0
1798.7755130748262	0.0	0.0	0.0	0.0	0.0	0.0	0.0	0.0	0.0	0.0	0.0	0.0	0.0
1895.8898076688674	0.0	0.0	0.0	0.0	0.0	0.0	0.0	0.0	0.0	0.0	0.0	0.0	0.0
1998.2173490475561	0.0	0.0	0.0	0.0	0.0	0.0	0.0	0.0	0.0	0.0	0.0	0.0	0.0
2106.0173010096387	0.0	0.0	0.0	0.0	0.0	0.0	0.0	0.0	0.0	0.0	0.0	0.0	0.0
2219.577317709049	0.0	0.0	0.0	0.0	0.0	0.0	0.0	0.0	0.0	0.0	0.0	0.0	0.0
2339.199694676714	0.0	0.0	0.0	0.0	0.0	0.0	0.0	0.0	0.0	0.0	0.0	0.0	0.0
2465.2020736585087	0.0	0.0	0.0	0.0	0.0	0.0	0.0	0.0	0.0	0.0	0.0	0.0	0.0
2597.9181776195355	0.0	0.0	0.0	0.0	0.0	0.0	0.0	0.0	0.0	0.0	0.0	0.0	0.0
2737.698577298712	4.360291572041986e+32	7.0850101984460045e+28	3.91779349113152e+28	2.0231914002680482e+28	1.2902567200840507e+28	6.89853607918995e+27	1.7154276604704795e+27	8.404174017349483e+26	3.156555616993045e+26	2.3892203544626793e+28	1.126064425884162e+28	6.89853607918995e+27	4.5276713051583816e+27
2884.91149176707	2.836469066618328e+34	4.9597724653363466e+30	2.7432618760529123e+30	1.4169553236546908e+30	9.03748643909346e+29	4.832690659645692e+29	1.2019885764519301e+29	5.889210481538248e+28	2.212130336948438e+28	1.673223176553511e+30	7.887675971580123e+29	4.832690659645692e+29	3.1720564359952e+29
3039.9436231794552	1.2352650630937669e+36	2.222305999626029e+32	1.2292759895576683e+32	6.350005437139981e+31	4.050285637648972e+31	2.16595873573028e+31	5.387636030580157e+30	2.6397819190608116e+30	9.915969397648793e+29	7.498313013250428e+31	3.5350253356390263e+31	2.16595873573028e+31	1.4217233486220086e+31
3203.201028310144	3.1523853055878335e+37	6.166412463084809e+33	3.4119440947719773e+33	1.762939249602037e+33	1.1246332349300913e+33	6.015159412975818e+32	1.4966104233520693e+32	7.333629394037011e+31	2.755039306300164e+31	2.0816193505337636e+33	9.816003973356124e+32	6.015159412975818e+32	3.948683099776204e+32
3375.1100289396413	5.331293197283347e+38	1.1375534194529606e+35	6.296128601146405e+34	3.2540745468539334e+34	2.0761914289149248e+34	1.1106578935517747e+34	2.764161174356701e+33	1.3546176969220534e+33	5.0894421588302506e+32	3.842060427048158e+34	1.8122133144642816e+34	1.1106578935517747e+34	7.29169445054807e+33
3556.118159565058	6.215261886643135e+39	1.4597787611034456e+36	8.082394641743125e+35	4.1785844881817045e+35	2.6665196378643337e+35	1.426741235286053e+35	3.5519498278767898e+34	1.7408825734347503e+34	6.541446478177042e+33	4.9332684387264706e+35	2.3275948018574038e+35	1.426741235286053e+35	9.367904419635526e+34
3746.6951572335965	5.272258529953013e+40	1.3634706545684466e+37	7.551889978385903e+36	3.905575342837781e+36	2.492752211397256e+36	1.3340443348515732e+36	3.3222743178994394e+35	1.6285054270674468e+35	6.119927093958222e+34	4.610609044328474e+36	2.1760212460473778e+36	1.3340443348515732e+36	8.760287934193027e+35
3947.3339944809363	3.3921889113477066e+41	9.630399136372048e+37	5.335941752814862e+37	2.760455338580491e+37	1.7621923896430887e+37	9.43268227686868e+36	2.3498710703010464e+36	1.1519902655965763e+36	4.3297074651020956e+35	3.258529908694673e+37	1.538362816319734e+37	9.43268227686868e+36	6.194898609169028e+36
4158.551957902799	1.652777354654554e+42	5.2593631065358754e+38	2.9154098689074216e+38	1.508855682525435e+38	9.634299512228334e+37	5.158428391821797e+37	1.2856087152965783e+37	6.303452440594459e+36	2.3694918504902135e+36	1.7809331490777955e+38	8.411101054696835e+37	5.158428391821797e+37	3.388294054542127e+37
4380.891775301989	6.4553353876315e+42	2.2891431428229253e+39	1.2695105151689167e+39	6.572949437471948e+38	4.197890834416505e+38	2.248237067430919e+38	5.60548748020727e+37	2.748824346995577e+37	1.0334505846117251e+37	7.757463153520664e+38	3.665141177852728e+38	2.248237067430919e+38	1.4769627223359356e+38
4614.922795734271	1.9711560281131674e+43	7.894611272242368e+39	4.380512429204561e+39	2.2691074709746223e+39	1.4495767824368155e+39	7.765785561139617e+38	1.937168368435467e+38	9.501142584872696e+37	3.572694069277141e+37	2.6777316552579372e+39	1.2657043182517319e+39	7.765785561139617e+38	5.102552617081293e+38
4861.242232382858	4.630730391653765e+43	2.1000699147697705e+40	1.1659345830738628e+40	6.042605259235959e+39	3.8612982167187216e+39	2.0692813056916772e+39	5.1644738644113485e+38	2.5334616304393413e+38	9.528327049934385e+37	7.129935713393353e+39	3.3717699573226747e+39	2.0692813056916772e+39	1.3598820074427161e+39
5120.476473413167	8.072121060368932e+43	4.085910383764053e+40	2.269633490038058e+40	1.1768142557675558e+40	7.521943298927737e+39	4.032243524436103e+39	1.0068380535406345e+39	4.9399340164397605e+38	1.858228365656949e+38	1.3884262016862432e+40	6.568791616424429e+39	4.032243524436103e+39	2.650339926177941e+39
5393.282448118274	9.990877341016092e+43	5.651602204354025e+40	3.141063867704348e+40	1.629452095732474e+40	1.0417957583010108e+40	5.586457623843498e+39	1.39561703671065e+39	6.848647367658541e+38	2.5766901805752985e+38	1.922239774494014e+40	9.098513447745597e+39	5.586457623843498e+39	3.6725542549828354e+39
5680.349007953915	9.56226755525786e+43	6.241916708362299e+40	3.4717317949109366e+40	1.8021840643475453e+40	1.152659800167111e+40	6.183593566656187e+39	1.5458393668463068e+39	7.587647790050462e+38	2.8554339000524347e+38	2.125684606191172e+40	1.0067761713310967e+40	6.183593566656187e+39	4.0660879416925615e+39
5982.398348573026	1.0121156898297966e+44	7.01982555937061e+40	3.905655804776245e+40	2.0280156659420976e+40	1.2973070639607296e+40	6.96085771962946e+39	1.7406555743293353e+39	8.544774433466088e+38	3.215969510245926e+38	2.39189651317037e+40	1.1331659460329898e+40	6.96085771962946e+39	4.577659642071453e+39
6300.18759223341	1.1159213922607389e+44	8.4575801510435645e+40	4.707891714904631e+40	2.4456451481216116e+40	1.5648432783372698e+40	8.398719236792978e+39	2.1011459134534565e+39	1.0316027344558597e+39	3.8832421195977696e+38	2.8841703679843197e+40	1.3669432110828763e+40	8.398719236792978e+39	5.52410932842653e+39
6634.5104180002245	1.3007770461148712e+44	1.0851388025492016e+41	6.043716295059115e+40	3.141113094102824e+40	2.010386988211741e+40	1.079341358174766e+40	2.7015822322836672e+39	1.3266341771842593e+39	4.9947330780305685e+38	3.703924878289326e+40	1.7562715115406076e+40	1.079341358174766e+40	7.10043082894594e+39
6986.198792531131	1.4702912790375417e+44	1.3599653853844028e+41	7.579021767331713e+40	3.941215198480933e+40	2.523241605336288e+40	1.355161180043934e+40	3.3938432790248217e+39	1.6669033793895278e+39	6.2771116166684675e+38	4.646801707743313e+40	2.204484183376465e+40	1.355161180043934e+40	8.916665471149033e+39
7356.1247473325	1.523599480391541e+44	1.6026596013369525e+41	8.938721518138965e+40	4.651608044341013e+40	2.979238229954451e+40	1.6008010952462913e+40	4.011934751160345e+39	1.9709901334246098e+39	7.424193647494615e+38	5.483472541510067e+40	2.6031588474863503e+40	1.6008010952462913e+40	1.0535638537200657e+40
7745.202196569277	1.6579958593630744e+44	1.920899534007285e+41	1.0720397537180832e+41	5.581885133816643e+40	3.576170530569551e+40	1.922234033888034e+40	4.820240378630845e+39	2.3685714172489502e+39	8.923622996299697e+38	6.579270764278821e+40	3.125003569971689e+40	1.922234033888034e+40	1.2653684559738088e+40
8154.388969529922	1.7410705360713623e+44	2.299666095719288e+41	1.2845582108787831e+41	6.693672436553085e+40	4.2903409541616436e+40	2.3072725710917485e+40	5.790376137399008e+39	2.8460793018999445e+39	1.0725756052009492e+39	7.88829290793314e+40	3.749521962114403e+40	2.3072725710917485e+40	1.5192603792871755e+40
8584.68883712799	1.7289414285739947e+44	2.687491237572932e+41	1.5029419535180372e+41	7.839766153123438e+40	5.027840712956644e+40	2.7056892570876076e+40	6.797384259447156e+39	3.3422860224746967e+39	1.2600594131855272e+39	9.236729523671075e+40	4.394748468793003e+40	2.7056892570876076e+40	1.7822682145435986e+40
9037.153621935813	1.7299005531493615e+44	3.1384659443158535e+41	1.7572340722275354e+41	9.17593230631042e+40	5.888230701528948e+40	3.1708550527074914e+40	7.974534433487083e+39	3.9225801537114963e+39	1.4794112441064668e+39	1.0808357818072118e+41	5.147627862865966e+40	3.1708550527074914e+40	2.0894722086843757e+40
9512.885515102465	1.7540528630893744e+44	3.67388025005613e+41	2.0594079758107303e+41	1.0764945584421626e+41	6.911885193483772e+40	3.7245692446617346e+40	9.376881973652608e+39	4.6140835613524705e+39	1.740876138594162e+39	1.2677051584341046e+41	6.043478223679588e+40	3.7245692446617346e+40	2.4552586324228823e+40
10013.039504840763	1.7093130190885415e+44	4.241564852412708e+41	2.3810743704260646e+41	1.2462387991749572e+41	8.007503074555172e+40	4.318518967127123e+40	1.0886315040135339e+40	5.3592909364043844e+39	2.0229963618865888e+39	1.467166368128324e+41	7.002809384648756e+40	4.318518967127123e+40	2.848106269584505e+40
10538.825824259813	1.6133518097805506e+44	4.840377750624106e+41	2.721961463274725e+41	1.4268582323671871e+41	9.175923705363751e+40	4.953552754969632e+40	1.2506562164254888e+40	6.16031739099876e+39	2.326679531122395e+39	1.6792099488206852e+41	8.026506716153808e+40	4.953552754969632e+40	3.2687217151133035e+40
11091.512574008966	1.4804930428927599e+44	5.461579235812907e+41	3.0776112613820866e+41	1.6162327809700336e+41	1.0404300382849607e+41	5.62322969149876e+40	1.4223352780380467e+40	7.010484608199685e+39	2.6495405700269502e+39	1.9012818726054195e+41	9.103521450135164e+40	5.62322969149876e+40	3.71303859295092e+40
11672.428490399001	1.3474946557708855e+44	6.1251230553770915e+41	3.4593619858154335e+41	1.820366646266379e+41	1.1731478202943066e+41	6.348672115576122e+40	1.609065987458946e+40	7.936495754450699e+39	3.001711933031644e+39	2.1404312485468114e+41	1.0267889939766205e+41	6.348672115576122e+40	4.1950533223460975e+40
12282.965916451038	1.3144586368134585e+44	6.960647124902099e+41	3.938835757200168e+41	2.076211496782267e+41	1.3392972092015703e+41	7.255709237940082e+40	1.8420978366943815e+40	9.091372727462105e+39	3.4406376424576374e+39	2.440304900254754e+41	1.172512208129294e+41	7.255709237940082e+40	4.797314614688245e+40
12924.584131716685	1.3658715405045688e+44	8.016619148421837e+41	4.5431643167000346e+41	2.3979309031202016e+41	1.547965156863328e+41	8.393261504878422e+40	2.1337277262873269e+40	1.0535590078094613e+40	3.989120698463971e+39	2.8175873984245722e+41	1.3554653244000736e+41	8.393261504878422e+40	5.552053646877413e+40
13598.812805314634	1.3384694804005696e+44	9.064773941784619e+41	5.1473907547403524e+41	2.721625298311041e+41	1.75863728267366e+41	9.54623122763849e+40	2.4310966167150125e+40	1.2011321372862534e+40	4.550773996152237e+39	3.196643107953833e+41	1.5403472776383495e+41	9.54623122763849e+40	6.318672898352244e+40
14307.255250216967	1.25781534809863e+44	1.0109021709287522e+42	5.7540333022379044e+41	3.0487761569008976e+41	1.9723274135915285e+41	1.0720486899823334e+41	2.735851743978657e+40	1.3526980957309941e+40	5.1288948945151536e+39	3.5791706539370335e+41	1.728059813394785e+41	1.0720486899823334e+41	7.101195434244011e+40
15051.592073096603	1.1673480388300783e+44	1.123132072130563e+42	6.40854451769521e+41	3.4029100680508514e+41	2.2040569062867564e+41	1.1996443059179709e+41	3.0680245111786144e+40	1.5180760590296281e+40	5.760383366155425e+39	3.9929388468926945e+41	1.9317167557582354e+41	1.1996443059179709e+41	7.952433708721794e+40
15833.585135678095	1.0575766143891453e+44	1.2213150111243495e+42	6.990451348517114e+41	3.722077552112013e+41	2.41443855516149e+41	1.3164376577271464e+41	3.375872923960722e+40	1.6719978396258438e+40	6.350668595820658e+39	4.364709057851237e+41	2.116974563789563e+41	1.3164376577271464e+41	8.735098649232798e+40
16655.08164504799	1.0025510298710382e+44	1.3386510503856784e+42	7.682597675939383e+41	4.100277186613412e+41	2.6632455921837717e+41	1.4542702647451645e+41	3.738058984522957e+40	1.8529031547908222e+40	7.04373043668879e+39	4.805609092931114e+41	2.3359564840818296e+41	1.4542702647451645e+41	9.657711066957658e+40
17518.01883317276	9.648457053262536e+43	1.4641628084025844e+42	8.424213299634684e+41	4.5061237577111596e+41	2.9304693760586534e+41	1.602452173679936e+41	4.12805250360845e+40	2.0478065004537093e+40	7.790849304422159e+39	5.278573496618176e+41	2.5712025508288784e+41	1.602452173679936e+41	1.0650151226355301e+41
18424.42862333695	9.314689135463388e+43	1.590597527993444e+42	9.174531069941728e+41	4.918279897410009e+41	3.2024064529054614e+41	1.753600224723778e+41	4.527287996833572e+40	2.247578776353797e+40	8.557611677519145e+39	5.758479902861523e+41	2.810730943978209e+41	1.753600224723778e+41	1.1663763010965051e+41
19376.442596238427	8.989566917441207e+43	1.712864715982043e+42	9.904165856381468e+41	5.3210114346308134e+41	3.468826531021284e+41	1.90212538237429e+41	4.921409296011042e+40	2.445108565632808e+40	9.317008409293236e+39	6.226898348827431e+41	3.0455669382594654e+41	1.90212538237429e+41	1.2661431532087806e+41
20376.297270706254	8.669364944446135e+43	1.8268692760053318e+42	1.0588692666957843e+42	5.70089202824361e+41	3.7208807369387205e+41	2.0431217334269406e+41	5.297543921646433e+40	2.6339745105863695e+40	1.0044480859080816e+40	6.668193199821562e+41	3.2679199742425507e+41	2.0431217334269406e+41	1.3610322911904263e+41
21426.339713921578	8.367862289444494e+43	1.9299859509305658e+42	1.1211375997567279e+42	6.048276280374845e+41	3.952069760335133e+41	2.1729054757844855e+41	5.645750870897618e+40	2.8091771313649514e+40	1.072076529389307e+40	7.07124345134266e+41	3.472036226095336e+41	2.1729054757844855e+41	1.448551309121853e+41
22529.03350745544	8.109032266880153e+43	2.02383565323792e+42	1.1778764176031157e+42	6.3654669015606775e+41	4.1635037450832194e+41	2.2918681760992335e+41	5.966348167340086e+40	2.9707819081944524e+40	1.1345811983673234e+40	7.439053595558479e+41	3.658803284992494e+41	2.2918681760992335e+41	1.5288902220448816e+41
23686.965098131262	7.827634249665371e+43	2.118662396801867e+42	1.2345230799951483e+42	6.679057309147312e+41	4.3715736243777165e+41	2.408443269461599e+41	6.279363151347961e+40	3.128518356404795e+40	1.1956062658252513e+40	7.803456669951034e+41	3.842393407162858e+41	2.408443269461599e+41	1.607478638448101e+41
24902.850457883014	7.561672888198913e+43	2.227653368032167e+42	1.2995602170673638e+42	7.036018255511004e+41	4.606386133749225e+41	2.5382402998892075e+41	6.618717126410957e+40	3.2979297963878e+40	1.2606040459136415e+40	8.219388516723744e+41	4.048989347334499e+41	2.5382402998892075e+41	1.6941989672560865e+41
26179.542227464077	7.332873234546175e+43	2.344319308245821e+42	1.3704111221107113e+42	7.432742071646315e+41	4.8707578541133286e+41	2.686711148326695e+41	7.015208234054419e+40	3.4964891285712503e+40	1.3366653558635531e+40	8.679355355273714e+41	4.282455197252094e+41	2.686711148326695e+41	1.794255590306622e+41
27520.037305892274	7.102047654853633e+43	2.4647076954655107e+42	1.4438579153315567e+42	7.84565954442533e+41	5.146594985336888e+41	2.842161385518314e+41	7.434454856262253e+40	3.707772783394749e+40	1.4183450347315925e+40	9.157645945834672e+41	4.52622517879937e+41	2.842161385518314e+41	1.8992894802977086e+41
28927.48482848459	6.867129541107723e+43	2.5883515935040225e+42	1.519673500709266e+42	8.273686094449626e+41	5.4331617773009244e+41	3.004057162487596e+41	7.872698823995865e+40	3.9289069939650995e+40	1.5039406777304161e+40	9.652971945546486e+41	4.779627510210197e+41	3.004057162487596e+41	2.0088247341268785e+41
30405.194652944687	6.625777846733689e+43	2.7145519445537922e+42	1.597506489445237e+42	8.715204387545675e+41	5.7295067115148884e+41	3.1719437612045398e+41	8.329047796771397e+40	4.159499880210518e+40	1.5933234447015246e+40	1.0163366251021139e+42	5.041851850699582e+41	3.1719437612045398e+41	2.1225842423492847e+41
31956.64635148124	6.374874650255406e+43	2.842266408899319e+42	1.6768146768628067e+42	9.167613689997504e+41	6.03405365482491e+41	3.3450349703980507e+41	8.801799873078402e+40	4.398766256428774e+40	1.686218212023277e+40	1.068569922901489e+42	5.311543537487883e+41	3.3450349703980507e+41	2.2400745192840815e+41
33585.498733751454	6.110965159412685e+43	2.9700711435657354e+42	1.7568425692433537e+42	9.62720906474515e+41	6.344523531154066e+41	3.5221706164889264e+41	9.28833683408586e+40	4.645475303592646e+40	1.78218394528656e+40	1.1215537198544454e+42	5.586734964832683e+41	3.5221706164889264e+41	2.3605576779580365e+41
35295.59992706201	5.830933941546324e+43	3.096175407564062e+42	1.8366278976420072e+42	1.0089209123231387e+42	6.657950309275616e+41	3.701824255423908e+41	9.78514105751701e+40	4.897958644205786e+40	1.8806166869366536e+40	1.1747176661166523e+42	5.864859174786366e+41	3.701824255423908e+41	2.483056227756276e+41
37090.99804204937	5.532735763296929e+43	3.218489860200562e+42	1.9150376974681493e+42	1.054793567489997e+42	6.970793537302805e+41	3.882162267305811e+41	1.028793931999782e+41	5.154180410187781e+40	1.9807757598042116e+40	1.227385814024082e+42	6.142847627372795e+41	3.882162267305811e+41	2.606391524346074e+41
38975.952454464794	5.215973183307314e+43	3.3347338539218295e+42	1.9908259031713474e+42	1.0997104035111761e+42	7.279121240886489e+41	4.06114042626146e+41	1.0791939138082058e+41	5.411852525292886e+40	2.0818269042552084e+40	1.2788110839354644e+42	6.417289326730918e+41	4.06114042626146e+41	2.7292467572476206e+41
40954.94573644933	4.882170608822125e+43	3.4425590783179826e+42	2.0626999715851294e+42	1.1430159715157727e+42	7.57882228282122e+41	4.236616140373345e+41	1.1292103732345128e+41	5.668568849957394e+40	2.1828924772454077e+40	1.3282152153712279e+42	6.684615629098393e+41	4.236616140373345e+41	2.8502401903052667e+41
43032.69627347313	4.534697940096581e+43	3.5396679207595277e+42	2.129384567396514e+42	1.1840599747068272e+42	7.865808845363273e+41	4.406455365644776e+41	1.1783413627239909e+41	5.921932770041642e+40	2.2830991886417915e+40	1.3748269094972062e+42	6.941276412190309e+41	4.406455365644776e+41	2.9679948926899056e+41
45214.171605658245	4.178396606584042e+43	3.6239117570330444e+42	2.1896741104706257e+42	1.2222236226839849e+42	8.136181977122066e+41	4.568619732700588e+41	1.226107901820453e+41	6.169660684187723e+40	2.3816167980326526e+40	1.417913155249899e+42	7.183883991552871e+41	4.568619732700588e+41	3.0811954749772316e+41
47504.602534359976	3.819022723270029e+43	3.693362747954878e+42	2.2424706065280186e+42	1.2569383467043711e+42	8.386348296193021e+41	4.721227499672725e+41	1.2720686993044916e+41	6.409653596439033e+40	2.477684847869121e+40	1.456801544927584e+42	7.409314382378363e+41	4.721227499672725e+41	3.1886276337757836e+41
49909.49803664903	3.462637296194642e+43	3.746359524486129e+42	2.2868069564219323e+42	1.2876969629517336e+42	8.613088348119046e+41	4.862588562819226e+41	1.3158284064124829e+41	6.640037021830125e+40	2.5706275060629756e+40	1.490893686197169e+42	7.61476632823294e+41	4.862588562819226e+41	3.289200644745483e+41
52434.661031819065	3.1150522130328064e+43	3.78153123380432e+42	2.3218582179142127e+42	1.3140585504306307e+42	8.813584637806385e+41	4.991217771323005e+41	1.3570404405391769e+41	6.859174270504071e+40	2.6598584111297835e+40	1.519671210111874e+42	7.797785080056865e+41	4.991217771323005e+41	3.381955575351805e+41
55086.20504539778	2.781401298767276e+43	3.797806005704444e+42	2.3469441925546352e+42	1.335648779465858e+42	8.98542035605289e+41	5.105832398477039e+41	1.395405816807773e+41	7.065660121679387e+40	2.7448781419831557e+40	1.5426964280012655e+42	7.956260529336554e+41	5.105832398477039e+41	3.4660630418976147e+41
57870.57181752376	2.465864466368608e+43	3.794409771642839e+42	2.3615266644637534e+42	1.3521574101654832e+42	9.126559730398436e+41	5.205339578340124e+41	1.430669414959732e+41	7.258301850435432e+40	2.8252669163628236e+40	1.5596096689549104e+42	8.088409222634344e+41	5.205339578340124e+41	3.5408143082017014e+41
60794.54990409448	2.1715402404018463e+43	3.7708603357297565e+42	2.3652040745145674e+42	1.3633344082257508e+42	9.235319215457129e+41	5.288818608521737e+41	1.4626148850038448e+41	7.436093475231092e+40	2.9006747115285475e+40	1.5701250065239662e+42	8.192748292060189e+41	5.288818608521737e+41	3.605608929194087e+41
63865.29432088467	1.9004415070803112e+43	3.726960247899487e+42	2.3577056992581873e+42	1.3689857668758385e+42	9.310336475307792e+41	5.35550182015765e+41	1.4910590990799122e+41	7.598187647009291e+40	2.9708104585343536e+40	1.5740256575115525e+42	8.268067366202106e+41	5.35550182015765e+41	3.659941357978651e+41
67090.3472829272	1.6535805079503824e+43	3.662790707206347e+42	2.338886708808632e+42	1.368969776851194e+42	9.350541926916482e+41	5.40475656040455e+41	1.5158467720370756e+41	7.743868207464349e+40	3.0354314391519767e+40	1.5711599233145645e+42	8.313402625707831e+41	5.40475656040455e+41	3.703388179256394e+41
70477.66009386278	1.431108851079918e+43	3.5787075823094163e+42	2.308724887043254e+42	1.3631941953478852e+42	9.355135792434844e+41	5.436069872818982e+41	1.53684563702303e+41	7.872525289045914e+40	3.094333581469575e+40	1.5614381974496216e+42	8.328015584723325e+41	5.436069872818982e+41	3.7355970051264644e+41
74035.6162426989	1.2324831984872392e+43	3.475339716104907e+42	2.267319331633569e+42	1.3516145409024654e+42	9.323572220794118e+41	5.449036735583045e+41	1.5539423846961194e+41	7.983633960402589e+40	3.147343024300953e+40	1.5448312944835262e+42	8.311377976219755e+41	5.449036735583045e+41	3.7562775968206055e+41
77773.0557684639	1.0566343765653725e+43	3.3535889641718715e+42	2.2148910984718327e+42	1.3342335779044037e+42	9.255551047543245e+41	5.443352207448576e+41	1.5670394509519611e+41	8.07673681609794e+40	3.1943090935327965e+40	1.5213701582319303e+42	8.263163263311541e+41	5.443352207448576e+41	3.765195445522651e+41
81699.30095658539	9.02124928400801e+42	3.2146308645065497e+42	2.1517854903840396e+42	1.311101939104489e+42	9.151017085663991e+41	5.418807494416822e+41	1.5760526581373474e+41	8.151430519057697e+40	3.235098686895885e+40	1.4911468655271008e+42	8.183244719970218e+41	5.418807494416822e+41	3.76216782980698e+41
85824.18343445049	7.672864408414185e+42	3.059914412690045e+42	2.0784754877596267e+42	1.2823197530817003e+42	9.010166391181127e+41	5.3752897406306426e+41	1.5809096675370523e+41	8.207356074433446e+40	3.269591977215698e+40	1.4543167396245047e+42	8.071699646704401e+41	5.3752897406306426e+41	3.747062236651428e+41
90158.07273751228	6.503328641008296e+42	2.8911590982458477e+42	1.9955656573531605e+42	1.2480390838222236e+42	8.833458647225301e+41	5.312785223770525e+41	1.5815491766669108e+41	8.244192496773376e+40	3.297679300184072e+40	1.411101309958329e+42	7.928819041573803e+41	5.312785223770525e+41	3.719796960982883e+41
94711.90642148448	5.494494592900668e+42	2.710347137578144e+42	1.903795740150423e+42	1.2084669415590368e+42	8.621634595260355e+41	5.231385565259402e+41	1.5779207857665587e+41	8.26165349066986e+40	3.319259076955385e+40	1.3617917912016707e+42	7.755121879040162e+41	5.231385565259402e+41	3.680343663980889e+41
99497.22180061779	4.6285915222032604e+42	2.51970872781928e+42	1.804043002413202e+42	1.1638685807402353e+42	8.37573726416566e+41	5.131296523360429e+41	1.5699854579780978e+41	8.259486770077458e+40	3.3342366238711664e+40	1.3067526966095545e+42	7.551373016370784e+41	5.131296523360429e+41	3.628731656637855e+41
104526.189396777	3.888692220512279e+42	2.3216981727191495e+42	1.6973223361452403e+42	1.1145707579942637e+42	8.097135572355664e+41	5.0128489040480646e+41	1.5577165028103282e+41	8.237475673177182e+40	3.342523713927898e+40	1.2464251440189273e+42	7.318603619020206e+41	5.0128489040480646e+41	3.565053670432643e+41
109811.64818904508	3.2590169637850425e+42	2.1189589388699202e+42	1.584783024308957e+42	1.0609645782770005e+42	7.787548682571252e+41	4.876511086776829e+41	1.5411010196664983e+41	8.195442774163145e+40	3.3440387721619104e+40	1.1813293565714887e+42	7.058132851750252e+41	4.876511086776829e+41	3.48947287277562e+41
115367.14275887616	2.725108062544674e+42	1.9142761384428537e+42	1.4677010578492292e+42	1.0035075115577071e+42	7.449069261719143e+41	4.722902610508167e+41	1.520141745435831e+41	8.13325524149332e+40	3.338707606659203e+40	1.1120658065443274e+42	6.771589408936089e+41	4.722902610508167e+41	3.4022308749623204e+41
121206.96243141445	2.2739056685599297e+42	1.7105156514851803e+42	1.3474659285816787e+42	9.427241185586065e+41	7.084183537957569e+41	4.5528081933324666e+41	1.4948592560099708e+41	8.050831737947038e+40	3.3264645963394764e+40	1.0393144054832153e+42	6.46093125121383e+41	4.5528081933324666e+41	3.3036564602933462e+41
127346.18251950109	1.8937512948785435e+42	1.5105501285956666e+42	1.2255609523263386e+42	8.792049881436095e+41	6.695785764246075e+41	4.367191463399642e+41	1.465294475093724e+41	7.948150697374827e+40	3.307254274791642e+40	9.638311167040864e+41	6.128461680429175e+41	4.367191463399642e+41	3.194174726679849e+41
133800.70778311774	1.5743408982620132e+42	1.31717345063839e+42	1.1035364306528176e+42	8.136033698574809e+41	6.287184414735164e+41	4.167207559262668e+41	1.4315114440868486e+41	7.825259843684663e+40	3.2810332655547e+40	8.864413703956133e+41	5.776839634312631e+41	4.167207559262668e+41	3.074316289460366e+41
140587.31822357755	1.30664491732748e+42	1.1330068080916092e+42	9.82975364676797e+41	7.46628994686122e+41	5.862097195493173e+41	3.9542136172628946e+41	1.3936003035195646e+41	7.68228683749823e+40	3.2477725379770244e+40	8.080297134442183e+41	5.409081841258543e+41	3.9542136172628946e+41	2.9447261254631563e+41
147723.71733868757	1.0828086601237492e+42	9.604012673464051e+41	8.654520072975154e+41	6.790386296004662e+41	5.424631798414762e+41	3.72977600962629e+41	1.3516804289771128e+41	7.519450943296978e+40	3.207459963891894e+40	7.295252440001596e+41	5.028554281768415e+41	3.72977600962629e+41	2.806171559025005e+41
155228.5829723819	8.960430237779645e+41	8.01343301359226e+41	7.524842775096206e+41	6.116230224183828e+41	4.97924933867771e+41	3.495673042717717e+41	1.3059036522314435e+41	7.337075603443396e+40	3.160103163766972e+40	6.518825825277862e+41	4.638950309199376e+41	3.495673042717717e+41	2.6595487972293885e+41
163121.6208999849	7.405127302189592e+41	6.573709902779266e+41	6.4548192685376014e+41	5.451900774217362e+41	4.53070767835024e+41	3.2538916901422366e+41	1.2564574809727684e+41	7.135601783262554e+40	3.1057326364637636e+40	5.760584299276032e+41	4.244252855002518e+41	3.2538916901422366e+41	2.5058873198279152e+41
171423.6212983193	6.112270380953983e+41	5.295091172362354e+41	5.456932679592422e+41	4.805443690547176e+41	4.083982447841282e+41	3.0066168482050367e+41	1.2035682079097309e+41	6.915601911810727e+40	3.0444051691608194e+40	5.0298416293478956e+41	3.84867846151848e+41	3.0066168482050367e+41	2.3463513275379346e+41
180156.51825835175	5.039361729536876e+41	4.182308909949431e+41	4.541541278068609e+41	4.1846345174443436e+41	3.6441646251036636e+41	2.7562115980068966e+41	1.1475037720789325e+41	6.677794183972066e+40	2.9762075230008076e+40	4.335354048906828e+41	3.4566015318297127e+41	2.7562115980068966e+41	2.182237363100912e+41
189343.45250698042	4.150354256914236e+41	3.2345232322932624e+41	3.716433142825694e+41	3.596718448041436e+41	3.2163350893104883e+41	2.5051870835102147e+41	1.0885762024820563e+41	6.423056909564605e+40	2.901260385333927e+40	3.685000514679845e+41	3.072458236786789e+41	2.5051870835102147e+41	2.0149671602989158e+41
199008.8375139452	3.414779238896382e+41	2.4456237285106743e+41	2.986491050843068e+41	3.0481402923453576e+41	2.805418648894701e+41	2.256160916757563e+41	1.0271434376537523e+41	6.152442492236734e+40	2.8197225703440846e+40	3.085467648662452e+41	2.7006310214825565e+41	2.256160916757563e+41	1.8460747697158838e+41
209178.4291697013	2.8069640986609068e+41	1.804881036978095e+41	2.3535092085732873e+41	2.5442823256599803e+41	2.416022588862145e+41	2.0118035480390305e+41	9.636102766580341e+40	5.867190495393288e+40	2.7317954360940877e+40	2.5419638979681632e+41	2.3453166025790722e+41	2.0118035480390305e+41	1.6771870846093922e+41
219879.399230465	2.30533900572242e+41	1.2978981716906115e+41	1.8161933012056904e+41	2.089231221489336e+41	2.052267606697093e+41	1.7747728255637687e+41	8.984281803822576e+40	5.568739104129985e+40	2.637727466515146e+40	2.05798985855844e+41	2.0103826554039435e+41	1.7747728255637687e+41	1.5099970762536198e+41
231140.41273755097	1.8918280616276058e+41	9.077715267219749e+40	1.3703586446247888e+41	1.6855968762386196e+41	1.7176217921893346e+41	1.547638027620225e+41	8.320936119011556e+40	5.258734125819823e+40	2.5378189413428335e+40	1.6351910930203398e+41	1.6992208607857715e+41	1.547638027620225e+41	1.3462293762918934e+41
242991.70962959455	1.5513190414024757e+41	6.163428450141049e+40	1.0093195586217556e+41	1.3344048386948722e+41	1.4147505998014415e+41	1.3327959484986145e+41	7.651445875514069e+40	4.939034493690777e+40	2.4324265844047916e+40	1.2733153357827194e+41	1.4146062983007862e+41	1.3327959484986145e+41	1.1875983369618136e+41
255465.19077832735	1.2712047154943002e+41	4.0541229450809423e+40	7.244394846178967e+40	1.0350796680940497e+41	1.1453970173788888e+41	1.1323830682073325e+41	6.981551148532558e+40	4.611713060519969e+40	2.321968040871912e+40	9.702874813641403e+40	1.1585749099672283e+41	1.1323830682073325e+41	1.0357593667821914e+41
268594.50869128434	1.0409884321048356e+41	2.57792274451835e+40	5.057899442048806e+40	7.85528769142017e+40	9.103058023218045e+40	9.481892748247537e+40	6.317272295751459e+40	4.2790513118666623e+40	2.206925986895783e+40	7.224037540385998e+40	9.323314312233595e+40	9.481892748247537e+40	8.922551610290119e+40
282415.16313819704	8.519467011543744e+40	1.5811031133332693e+40	3.4285148159865145e+40	5.823257036940314e+40	7.092033165433775e+40	7.815798068807909e+40	5.664804228246757e+40	3.943526515893603e+40	2.0878516207055603e+40	5.246324312847917e+40	7.36199341157887e+40	7.815798068807909e+40	7.5845936775577455e+40
296964.60197191406	6.96841846106243e+40	9.331160177220726e+39	2.251846746821187e+40	4.209800321782825e+40	5.40840012458997e+40	6.334327621408422e+40	5.030383804622234e+40	3.607789796188498e+40	1.9653672247629227e+40	3.7099468539889955e+40	5.696217267420368e+40	6.334327621408422e+40	6.355211520713211e+40
312282.327429524	5.696782730419563e+40	5.285857232940122e+39	1.4300564949744862e+40	2.9626937367304324e+40	4.0309629058920573e+40	5.040993926241833e+40	4.42013148246097e+40	3.274633707514028e+40	1.8401674265351627e+40	2.549881330289581e+40	4.312174810614395e+40	5.040993926241833e+40	5.243148990094224e+40
328410.0082149834	4.654964729124705e+40	2.8666681053573826e+39	8.761731169900394e+39	2.0260080016812733e+40	2.9314503096010007e+40	3.9339324995503377e+40	3.8398708738825967e+40	2.9469481598511873e+40	1.7130187250349935e+40	1.7000991427823092e+40	3.1889134943551295e+40	3.9339324995503377e+40	4.253997507362254e+40
345391.5976810182	3.801994717720061e+40	1.484481494238853e+39	5.167133716410963e+39	1.3436479884333274e+40	2.0765677451371957e+40	3.0061197978054633e+40	3.294932874195258e+40	2.6276640246109113e+40	1.5847567992960297e+40	1.0973703223624178e+40	2.2998979665471085e+40	3.0061197978054633e+40	3.3899362427440055e+40
363273.458445417	3.1040703945171195e+40	7.320995058344958e+38	2.926187710824186e+39	8.62468929648933e+39	1.4302767762385724e+40	2.245923208564668e+40	2.7899543298716306e+40	2.319684508605366e+40	1.4562810829799563e+40	6.842934460883002e+39	1.6148859951675603e+40	2.245923208564668e+40	2.6496565425478834e+40
382104.4937951315	2.5333353646315137e+40	3.430066893095812e+38	1.5874682609597753e+39	5.346943229575084e+39	9.560724458225003e+39	1.6379502278732594e+40	2.328684386544084e+40	2.0258054122814981e+40	1.3285460875759028e+40	4.113355859709805e+39	1.1019366914829705e+40	1.6379502278732594e+40	2.0284959156808685e+40
401936.2862508794	2.0668580979218373e+40	1.5237700394420072e+38	8.230788842461433e+38	3.194760643711188e+39	6.190325537337383e+39	1.1641255630755187e+40	1.9138141713403761e+40	1.7486266840571714e+40	1.2025490023840788e+40	2.378216915756097e+39	7.293487173847815e+39	1.1641255630755187e+40	1.5187863913142196e+40
422823.24368528795	1.6857803247200536e+40	6.412564308165682e+37	4.0699757078881305e+38	1.835701508643418e+39	3.8745310609208405e+39	8.048936508779974e+39	1.5468466688794986e+40	1.4904591650209213e+40	1.0793132084975153e+40	1.3196293669539783e+39	4.673404155649996e+39	8.048936508779974e+39	1.110397524589237e+40
444822.753409066	1.374608164228293e+40	2.559811321840711e+37	1.9163297463526295e+38	1.0122439438191899e+39	2.3395265186054344e+39	5.404266549255689e+39	1.228022910999374e+40	1.253231940227115e+40	9.598675311018257e+39	7.012899530330324e+38	2.8932785918538004e+39	5.404266549255689e+39	7.914295091763746e+39
467995.3446623277	1.1206231454277047e+40	9.747453412235594e+36	8.587815023364757e+37	5.346478969176538e+38	1.360111784943077e+39	3.517187955685904e+39	9.563174656652893e+39	1.0384070628782943e+40	8.452213357848704e+39	3.563149932807002e+38	1.7272208302910886e+39	3.517187955685904e+39	5.489913287955496e+39
492404.8599720705	9.133936696430935e+39	3.58866097462523e+36	3.6695088359073233e+37	2.701095018180994e+38	7.598966826177216e+38	2.2146750919783114e+39	7.295105599008605e+39	8.4690930922825e+39	7.363359505853685e+39	1.72910089062567e+38	9.92398057915317e+38	2.2146750919783114e+39	3.6998697176862846e+39
518118.63586201787	7.443704193956547e+39	1.310651222625995e+36	1.5040209083909877e+37	1.3047191769194612e+38	4.07388410932576e+38	1.3467688124485944e+39	5.4433640531020244e+39	6.790787571607279e+39	6.340933582728545e+39	8.017452096268945e+37	5.478804275766619e+38	1.3467688124485944e+39	2.4183240301350355e+39
545207.6934276511	6.065517739441953e+39	4.935630986184339e+35	5.99247580423722e+36	6.034385201341009e+37	2.0939967384757963e+38	7.89619718953133e+38	3.9669836524799245e+39	5.346530950893666e+39	5.392636216055762e+39	3.563157867239226e+37	2.9029917722555202e+38	7.89619718953133e+38	1.5303784686222247e+39
573746.9393173481	4.9420749158232245e+39	1.9937602289133187e+35	2.377577046094136e+36	2.6854559875242426e+37	1.0324456079554156e+38	4.4575255282841996e+38	2.8193293879890186e+39	4.1278451930550506e+39	4.5247302502730135e+39	1.5299002111403197e+37	1.4760032283907034e+38	4.4575255282841996e+38	9.361188927919343e+38
603815.3776902345	4.0265079701305235e+39	8.778446488718524e+34	9.725609826135795e+35	1.162398076624301e+37	4.8971120438767e+37	2.421018826051996e+38	1.950977734933137e+39	3.120929195581789e+39	3.7417535706373014e+39	6.446811689260166e+36	7.213014677501645e+37	2.421018826051996e+38	5.527154995350681e+38
635496.3337527043	3.2805061386719673e+39	4.135693633939322e+34	4.2451463120188026e+35	4.990123116725322e+36	2.2504544916338413e+37	1.2656356945208466e+38	1.3125553251368938e+39	2.3075309906782214e+39	3.0462902304359893e+39	2.735796646695413e+36	3.4043367322729084e+37	1.2656356945208466e+38	3.1470185608975274e+38
668877.6895087187	2.672770401837567e+39	2.0124651816050033e+34	2.0049516754578934e+35	2.1868773434629717e+36	1.0157827231559198e+37	6.384049641681137e+37	8.572632251359721e+38	1.6660958253768482e+39	2.4388266319839982e+39	1.2083429129186558e+36	1.5675802885475018e+37	6.384049641681137e+37	1.7277491096998064e+38
704052.1323940271	2.1777431061566855e+39	9.811341222435428e+33	1.0089053281559124e+35	1.0096235306242964e+36	4.604447494022563e+36	3.125706148556014e+37	5.42865480395226e+38	1.1730886166652207e+39	1.9177157060492472e+39	5.7072112980203006e+35	7.168073541250443e+36	3.125706148556014e+37	9.159215297023373e+37
741117.4175015303	1.7745645578986354e+39	4.7031115787270396e+33	5.245372499195592e+34	5.002223596401263e+35	2.1572052062059733e+36	1.5025029050964897e+37	3.3300557379693987e+38	8.043646237501253e+38	1.479264199126161e+39	2.8963650403377738e+35	3.339662436525226e+36	1.5025029050964897e+37	4.707219409106601e+37
780176.6441442322	1.4462168016766967e+39	2.1947767681705333e+33	2.7404510362712097e+34	2.6439320582878726e+35	1.071532281009621e+36	7.223513982273178e+36	1.978157867129373e+38	5.36455657608948e+38	1.117946632266513e+39	1.5493038945675288e+35	1.630351737337101e+36	7.223513982273178e+36	2.3644199427444047e+37
821338.5475437678	1.1788215876709921e+39	9.919756774687092e+32	1.4131179996859192e+34	1.4552844325662867e+35	5.6897460115927094e+35	3.5603178242170136e+36	1.1388182146972323e+38	3.476530914646464e+38	8.267354610211742e+38	8.492218363002295e+34	8.486973309518567e+35	3.5603178242170136e+36	1.177086890605313e+37
864717.8064765224	9.610652170072947e+38	4.328923661121446e+32	7.121131764313668e+33	8.123800292430112e+34	3.1871761612361107e+35	1.8428750588722604e+36	6.370007768800358e+37	2.1880128445207e+38	5.97522504081978e+38	4.659519393694095e+34	4.6962726208013725e+35	1.8428750588722604e+36	5.927619713418299e+36
910435.3677560316	7.837276707106556e+38	1.8198017612470777e+32	3.4886013754912197e+33	4.510766508577701e+34	1.8383003891994928e+35	1.0137951985396522e+36	3.480583567210384e+37	1.33759528697887e+38	4.215943487467767e+38	2.521567031772306e+34	2.7077012538823933e+35	1.0137951985396522e+36	3.091626629664782e+36
958618.7884799103	6.3929738742223496e+38	7.354060389937065e+31	1.656323540174353e+33	2.4625645631116574e+34	1.0674897658065356e+35	5.8877498722927245e+35	1.8754532500207686e+37	7.95383985161797e+37	2.901167717445383e+38	1.3348943240174856e+34	1.5882621080520786e+35	5.8877498722927245e+35	1.7006124606717236e+36
1009402.5970222058	5.216563042484328e+38	2.8509651435229094e+31	7.60440863896204e+32	1.3134500240788447e+34	6.14555315989213e+34	3.5400421785001636e+35	1.011124227307314e+37	4.615803076747271e+37	1.945820097581419e+38	6.882137145134281e+33	9.302506120665126e+34	3.5400421785001636e+35	9.899383771962001e+35
1062928.6738080822	4.2582250486812516e+38	1.058034564418527e+31	3.369531208874995e+32	6.819784784730917e+33	3.476104451046157e+34	2.1573186419940637e+35	5.557349114204994e+36	2.6304093204024282e+37	1.2717863471130352e+38	3.4459714807290036e+33	5.376845415118887e+34	2.1573186419940637e+35	6.023723831631765e+35
1119346.652967418	3.477400504781794e+38	3.750600815968842e+30	1.4382597378249696e+32	3.439055827408905e+33	1.922116266300931e+34	1.3111701139827288e+35	3.17200350207291e+36	1.4868322508762735e+37	8.1055837092034675e+37	1.6723581318026e+33	3.046542962873171e+34	1.3111701139827288e+35	3.757074970347745e+35
1178814.3460275654	2.8410743581250753e+38	1.2670911223749816e+30	5.902496546411959e+31	1.6811460743242352e+33	1.0359363737926711e+34	7.867449150311148e+34	1.9010021536017807e+36	8.45521404421351e+36	5.046981731194338e+37	7.852248844551124e+32	1.6857545999315918e+34	7.867449150311148e+34	2.3588663598541036e+35
1241498.1888735776	2.322376356479498e+38	4.069990865776907e+29	2.324369711604655e+31	7.952737971440305e+32	5.430736467663228e+33	4.633374361868618e+34	1.1942567218399409e+36	4.918936117144755e+36	3.0816542396000663e+37	3.560753586817892e+32	9.087533620889715e+33	4.633374361868618e+34	1.4718545856497364e+35
1307573.7132771332	1.8994397666534503e+38	1.2398996096666569e+29	8.765045825277174e+30	3.6343288711881864e+32	2.764462504831069e+33	2.669137730405962e+34	7.767768430038042e+35	2.9710223262159866e+36	1.8569186541343594e+37	1.5566682136420448e+32	4.763982834915147e+33	2.669137730405962e+34	9.055743326926542e+34
1377226.044373653	1.5544710824960462e+38	3.5732991076048438e+28	3.1583171158160464e+30	1.6016301403748671e+32	1.3642203503606048e+33	1.5007032833484996e+34	5.1466491273038046e+35	1.876043557051134e+36	1.1147717933516604e+37	6.548704635874092e+31	2.424714998129181e+33	1.5007032833484996e+34	5.468859997092243e+34
1450650.4255514129	1.2729919772197313e+38	9.715705441481013e+27	1.0850367813108254e+30	6.794213766271478e+31	6.515899696695834e+32	8.221083418310471e+33	3.424535141972159e+35	1.2338660623220704e+36	6.751251036597349e+36	2.6459974495244398e+31	1.1962674940742546e+33	8.221083418310471e+33	3.232820935679234e+34
1528052.7723074607	1.0432218406330326e+38	2.485310381446717e+27	3.545796300700264e+29	2.7690692877408753e+31	3.007161847753744e+32	4.381383020783496e+33	2.265437150002728e+35	8.354495276211071e+35	4.181349688406359e+36	1.0247898798589403e+31	5.7118072630095165e+32	4.381383020783496e+33	1.867027861570018e+34
1609650.2567237765	8.555749806445393e+37	5.963632715998308e+26	1.0995452172527636e+29	1.0821612108727923e+31	1.338701355591863e+32	2.2682707023155005e+33	1.4805422349061728e+35	5.743042723312038e+35	2.678006682231351e+36	3.79658263463649e+30	2.6349725870752827e+32	2.2682707023155005e+33	1.0517960498826503e+34
1695671.9243243807	7.022513198901226e+37	1.3382209263271054e+26	3.2273427204773263e+28	4.046916718791732e+30	5.73824253077792e+31	1.139002996657713e+33	9.522304629200642e+34	3.960388723368087e+35	1.7817162429275183e+36	1.3425387665467213e+30	1.172438187334255e+32	1.139002996657713e+33	5.771691798519843e+33
1786359.3451912312	5.769032654156068e+37	2.799176712293677e+25	8.942576577002144e+27	1.445118761950639e+30	2.363933538711852e+31	5.538945392058296e+32	6.012671785301563e+34	2.7164651844536487e+35	1.2269947902149381e+36	4.521260383008443e+29	5.022734546283979e+31	5.538945392058296e+32	3.080719880856574e+33
1881967.3013452468	4.743646608206809e+37	5.439384047079488e+24	2.3327382975222328e+27	4.916571790452447e+29	9.341409636531696e+30	2.6043769437259643e+32	3.72097524554895e+34	1.8431402783267625e+35	8.664063992039505e+35	1.4466738520351104e+29	2.06785829933455e+31	2.6043769437259643e+32	1.597182225961924e+33
1982764.5125404485	3.904302808986576e+37	9.784662744853669e+23	5.712148628219375e+26	1.5899768144544678e+29	3.533739532317857e+30	1.1820366620750121e+32	2.2537462911422065e+34	1.2328730852079915e+35	6.2028330207439506e+35	4.387269469533691e+28	8.165673170056657e+30	1.1820366620750121e+32	8.030949408775483e+32
2089034.402776143	3.216764728923355e+37	1.623314830785516e+23	1.3090259187862726e+26	4.875661342016205e+28	1.2769916106712904e+30	5.169580852774176e+31	1.3343101880208927e+34	8.111964125519481e+34	4.458037128667952e+35	1.2578137603638777e+28	3.0865872800601563e+30	5.169580852774176e+31	3.910423050242258e+32
2201075.910006952	2.653152930950562e+37	2.4741403080932536e+22	2.7985606614421036e+25	1.414124227420634e+28	4.3986498992605996e+29	2.1746680688153185e+31	7.711997212107826e+33	5.241958536890446e+34	3.1929175904990402e+35	3.39994097219895e+27	1.114467211492307e+30	2.1746680688153185e+31	1.8409160020569778e+32
2319204.3417264004	2.1907589216941674e+37	3.450085849623014e+21	5.563077309031682e+24	3.869004987982105e+27	1.4408964645575682e+29	8.782676816437124e+30	4.345932322282301e+33	3.3224409388183786e+34	2.267635435867395e+35	8.640522321794538e+26	3.835349475191112e+29	8.782676816437124e+30	8.365252402331042e+31
2443752.2793206447	1.8110807140431886e+37	4.382781753530476e+20	1.0246500080813963e+24	9.957764036902876e+26	4.478038614756068e+28	3.398640882353964e+30	2.3847243622756035e+33	2.063011850305397e+34	1.5918764455494979e+35	2.058475740665015e+26	1.2551511746394557e+29	3.398640882353964e+30	3.6627823828748994e+31
2575070.5343393623	1.4990386102684107e+37	5.049176577031254e+19	1.7423206624671368e+23	2.40387458336163e+26	1.3170342041368908e+28	1.2575906508445956e+30	1.272468211545521e+33	1.2534985760612479e+34	1.102237155740346e+35	4.583019649110032e+25	3.896730726932775e+28	1.2575906508445956e+30	1.5425917303814467e+31
2713529.1601165375	1.2423376746568153e+37	5.250253074520656e+18	2.7246253576228497e+22	5.4265833906967775e+25	3.656145221416329e+27	4.440188356985786e+29	6.59329476293642e+32	7.444172692784207e+33	7.51638086782967e+34	9.505115697189232e+24	1.1448035102221848e+28	4.440188356985786e+29	6.23715543917699e+30
2859518.5225018314	1.0309493196661705e+37	4.903021097467405e+17	3.9026830865606876e+21	1.141879338401775e+25	9.553831984900297e+26	1.4925296509827731e+29	3.312645013716355e+32	4.3157912856253937e+33	5.041712653604282e+34	1.8301848446185755e+24	3.1743222627779853e+27	1.4925296509827731e+29	2.416410806656292e+30
3013450.4338418324	8.566898588448449e+36	4.0907078752234216e+16	5.098739053581377e+20	2.2322421895334974e+24	2.3432316248620818e+26	4.765324887179969e+28	1.6114225010172968e+32	2.4396132706810176e+33	3.322824583319602e+34	3.2600612331112945e+23	8.284606528017958e+26	4.765324887179969e+28	8.951998296766266e+29
