#t	Le	U	B	V	R	I	J	H	K	g	r	i	z
#----------------------------------------------- 
6.231070087889746	0.0	0.0	0.0	0.0	0.0	0.0	0.0	0.0	0.0	0.0	0.0	0.0	0.0
6.475563181468383	0.0	0.0	0.0	0.0	0.0	0.0	0.0	0.0	0.0	0.0	0.0	0.0	0.0
9.189112208875299	0.0	0.0	0.0	0.0	0.0	0.0	0.0	0.0	0.0	0.0	0.0	0.0	0.0
11.386738863498676	0.0	0.0	0.0	0.0	0.0	0.0	0.0	0.0	0.0	0.0	0.0	0.0	0.0
14.952778455799422	0.0	0.0	0.0	0.0	0.0	0.0	0.0	0.0	0.0	0.0	0.0	0.0	0.0
20.027287496271633	0.0	0.0	0.0	0.0	0.0	0.0	0.0	0.0	0.0	0.0	0.0	0.0	0.0
26.913095056384627	0.0	0.0	0.0	0.0	0.0	0.0	0.0	0.0	0.0	0.0	0.0	0.0	0.0
35.84360036002195	0.0	0.0	0.0	0.0	0.0	0.0	0.0	0.0	0.0	0.0	0.0	0.0	0.0
46.82363606918068	0.0	0.0	0.0	0.0	0.0	0.0	0.0	0.0	0.0	0.0	0.0	0.0	0.0
59.6664879892533	0.0	0.0	0.0	0.0	0.0	0.0	0.0	0.0	0.0	0.0	0.0	0.0	0.0
74.14324497040134	0.0	0.0	0.0	0.0	0.0	0.0	0.0	0.0	0.0	0.0	0.0	0.0	0.0
90.08411109998	0.0	0.0	0.0	0.0	0.0	0.0	0.0	0.0	0.0	0.0	0.0	0.0	0.0
107.39469867748493	0.0	0.0	0.0	0.0	0.0	0.0	0.0	0.0	0.0	0.0	0.0	0.0	0.0
126.03642512321252	0.0	0.0	0.0	0.0	0.0	0.0	0.0	0.0	0.0	0.0	0.0	0.0	0.0
146.0055280425401	0.0	0.0	0.0	0.0	0.0	0.0	0.0	0.0	0.0	0.0	0.0	0.0	0.0
167.31900448377985	0.0	0.0	0.0	0.0	0.0	0.0	0.0	0.0	0.0	0.0	0.0	0.0	0.0
190.00640289104877	0.0	0.0	0.0	0.0	0.0	0.0	0.0	0.0	0.0	0.0	0.0	0.0	0.0
214.10526637677117	0.0	0.0	0.0	0.0	0.0	0.0	0.0	0.0	0.0	0.0	0.0	0.0	0.0
239.65862754989308	0.0	0.0	0.0	0.0	0.0	0.0	0.0	0.0	0.0	0.0	0.0	0.0	0.0
266.7136736018217	0.0	0.0	0.0	0.0	0.0	0.0	0.0	0.0	0.0	0.0	0.0	0.0	0.0
295.32102934979116	0.0	0.0	0.0	0.0	0.0	0.0	0.0	0.0	0.0	0.0	0.0	0.0	0.0
325.53438842075377	0.0	0.0	0.0	0.0	0.0	0.0	0.0	0.0	0.0	0.0	0.0	0.0	0.0
357.4103565099741	0.0	0.0	0.0	0.0	0.0	0.0	0.0	0.0	0.0	0.0	0.0	0.0	0.0
391.0084156189801	0.0	0.0	0.0	0.0	0.0	0.0	0.0	0.0	0.0	0.0	0.0	0.0	0.0
426.39097790854413	0.0	0.0	0.0	0.0	0.0	0.0	0.0	0.0	0.0	0.0	0.0	0.0	0.0
463.6234176999982	0.0	0.0	0.0	0.0	0.0	0.0	0.0	0.0	0.0	0.0	0.0	0.0	0.0
502.7742902339181	0.0	0.0	0.0	0.0	0.0	0.0	0.0	0.0	0.0	0.0	0.0	0.0	0.0
543.9154563383689	1.8452245307324037e+32	2.1758180482045896e+28	1.2020746041639884e+28	6.202629015642528e+27	3.953832921399289e+27	2.1128646240559353e+27	5.249606658307619e+26	2.571112943254071e+26	9.653995884987067e+25	7.326151390916242e+27	3.450259127711441e+27	2.1128646240559353e+27	1.386315232762621e+27
587.1222645446809	1.4846071014845753e+34	2.1269915647634713e+30	1.1758039970424358e+30	6.0703304155121524e+29	3.870663158592743e+29	2.0691393085015915e+29	5.143800032961971e+28	2.5197857132205995e+28	9.463188885508846e+27	7.169002762445645e+29	3.3779594578034696e+29	2.0691393085015915e+29	1.3578906065876509e+29
632.4738066736925	5.5876370012054636e+35	9.754350096743856e+31	5.3957357899092e+31	2.78728549103258e+31	1.7778553128634854e+31	9.507468115004748e+30	2.3649348627018044e+30	1.1587538841920394e+30	4.352718904519512e+29	3.291315558556261e+31	1.5516873602535365e+31	9.507468115004748e+30	6.240681286632734e+30
680.0531863620166	1.1514204289493424e+37	2.4217927784223354e+33	1.3405261397877431e+33	6.928861053239201e+32	4.420995080205143e+32	2.3651249085120774e+32	5.88668237424054e+31	2.8849340382718325e+31	1.0839309460603726e+31	8.180710549357246e+32	3.858930409008976e+32	2.3651249085120774e+32	1.5527948839974927e+32
729.947754023559	1.4285871582084904e+38	3.6235905127488218e+34	2.0071723991766317e+34	1.0381161780122006e+34	6.626098876011092e+33	3.546252956485617e+33	8.832173982815463e+32	4.329452261416478e+32	1.6270540816618904e+32	1.2254959759864402e+34	5.784246733666041e+33	3.546252956485617e+33	2.328785061623278e+33
782.2493649183787	1.2530257038551293e+39	3.639569675498609e+35	2.0171175927857105e+35	1.0437658667060592e+35	6.663967809822286e+34	3.567638819941406e+34	8.889847668651141e+33	4.358492270915084e+33	1.6382659818768073e+33	1.2320279098059575e+35	5.817735313464945e+34	3.567638819941406e+34	2.343240921357713e+34
837.0547311738645	8.187318805071038e+39	2.621700035689251e+36	1.4535868376780197e+36	7.524381992792124e+35	4.804951673059364e+35	2.5729962045700013e+35	6.413781759693613e+34	3.144948762934947e+34	1.1822817741999077e+34	8.880796740422162e+35	4.195021762601812e+35	2.5729962045700013e+35	1.6901780911598416e+35
894.4657362850967	3.681035715028336e+40	1.3817176463790775e+37	7.666181817157743e+36	3.970805200027506e+36	2.5365742604198722e+36	1.358851285831021e+36	3.389397905557926e+35	1.662340116738169e+35	6.250696098232698e+34	4.685949774257265e+36	2.214797046447762e+36	1.358851285831021e+36	8.928179590807015e+35
954.5898349676954	1.313922176387533e+41	5.711174412146127e+37	3.170879853042204e+37	1.643396149728691e+37	1.0501669340927568e+37	5.627980206282946e+36	1.404661922351837e+36	6.890719439628147e+35	2.5916213345540853e+35	1.939102619164997e+37	9.170327160589736e+36	5.627980206282946e+36	3.698611841567298e+36
1017.5404223542799	3.6995679809378566e+41	1.887958112119138e+38	1.0490290676316913e+38	5.440692583923336e+37	3.47808595430038e+37	1.8647941215263444e+37	4.657582309328418e+36	2.2854069066540153e+36	8.597739057270308e+35	6.4186357678878495e+37	3.0374784020440157e+37	1.8647941215263444e+37	1.2258211617078393e+37
1083.4372701659595	8.51158362224246e+41	5.0947605857849596e+38	2.8332064859795845e+38	1.4705013450991436e+38	9.404390959141657e+37	5.044615192363757e+37	1.2609110520732088e+37	6.188757446219763e+36	2.3288626191201116e+36	1.7345236995718605e+38	8.213957106968341e+37	5.044615192363757e+37	3.31695906728381e+37
1152.4069570820852	1.5652072602120746e+42	1.1184299591096023e+39	6.2256945543994756e+38	3.23410118892341e+38	2.0693328302997014e+38	1.1106361326207294e+38	2.778521359787316e+37	1.3641734169246437e+37	5.135126238852116e+36	3.814005752844695e+38	1.8076310433059083e+38	1.1106361326207294e+38	7.305005915664569e+37
1224.5833414630508	2.3484447251076564e+42	2.0082151289398127e+39	1.1190495619140654e+39	5.8186889231298824e+38	3.725039129979434e+38	2.0004902364821933e+38	5.009511856418299e+37	2.4603630969666525e+37	9.264741758951094e+36	6.860544701196932e+38	3.2544134089109043e+38	2.0004902364821933e+38	1.3162340174935314e+38
1300.1081047867633	3.1511270114640555e+42	3.048503839489002e+39	1.7000440080177307e+39	8.845732387688541e+38	5.6650758881871194e+38	3.043708513272502e+38	7.627190724020092e+37	3.7469311277709935e+37	1.411303640441599e+37	1.0427946349165138e+39	4.949860273209565e+38	3.043708513272502e+38	2.0031204298150236e+38
1379.1313592085573	3.178852929516264e+42	3.8294848875675557e+39	2.1386911412207663e+39	1.114259594755484e+39	7.141235793746345e+38	3.840024042747442e+38	9.635371141745643e+37	4.735683451826951e+37	1.7845831262990967e+37	1.3131719090344519e+39	6.240889116906842e+38	3.840024042747442e+38	2.528373442202763e+38
1461.8122965594137	3.0777109273321776e+42	4.453019714811782e+39	2.4901983970555827e+39	1.298915118746998e+39	8.330121212321046e+38	4.48268969040126e+38	1.1261294300517496e+38	5.537134103477552e+37	2.0875036309594877e+37	1.5303794493365828e+39	7.281178762603906e+38	4.48268969040126e+38	2.9527641311895172e+38
1548.319872427092	2.813676925319174e+42	5.001018880703598e+39	2.801108915189605e+39	1.463160956555154e+39	9.390864082393698e+38	5.058105761297644e+38	1.272505852658739e+38	6.26003659589528e+37	2.3612722889001573e+37	1.7233326393181612e+39	8.210117173146769e+38	5.058105761297644e+38	3.333487736470732e+38
1638.833574493834	2.6725382729951742e+42	5.740215006675386e+39	3.2202405023350576e+39	1.6844653294441632e+39	1.0819724455355586e+39	5.832984054535177e+38	1.4695357321887335e+38	7.232955047306275e+37	2.729669200801068e+37	1.9833466063045908e+39	9.4613431737214e+38	5.832984054535177e+38	3.8461036800791285e+38
1733.544278629929	2.6975040243351354e+42	6.818156745192561e+39	3.830818309863166e+39	2.006574209780143e+39	1.2898458085555443e+39	6.959698760904762e+38	1.7557986887322387e+38	8.64611103533115e+37	3.264613522641852e+37	2.3618717752745047e+39	1.1281421880607716e+39	6.959698760904762e+38	4.591260201983736e+38
1832.6572915588433	3.0866642195868393e+42	8.530521109341656e+39	4.796632528405567e+39	2.5141906435771795e+39	1.6167636576594834e+39	8.72749884486982e+38	2.2033000092149045e+38	1.0852394856110953e+38	4.0986939498806687e+37	2.9589041247913414e+39	1.414222361815776e+39	8.72749884486982e+38	5.758875617280579e+38
1936.4216797243464	3.045777019861183e+42	1.0187205667724646e+40	5.739137401387363e+39	3.0133162695587717e+39	1.9395569722938173e+39	1.048133753031046e+39	2.6505779940937745e+38	1.3063334966947578e+38	4.936772140227101e+37	3.54493623952364e+39	1.697012974894349e+39	1.048133753031046e+39	6.920341834677027e+38
2045.1019687548198	2.9547406304079276e+42	1.196585233834809e+40	6.75532829490067e+39	3.5534620299458236e+39	2.289591876922095e+39	1.238761844454002e+39	3.1384943568052574e+38	1.54782111291758e+38	5.853342287841909e+37	4.1785945004937176e+39	2.003838690378387e+39	1.238761844454002e+39	8.184391954121887e+38
2158.970238584832	2.835444611594159e+42	1.3843202416651061e+40	7.832652813752922e+39	4.1283069777459865e+39	2.6628997675278183e+39	1.442553257343428e+39	3.6620487497593725e+38	1.807284776485497e+38	6.839452906643597e+37	4.85236871441521e+39	2.3312513533991606e+39	1.442553257343428e+39	9.537526594785443e+38
2278.316662347056	3.1413131160826396e+42	1.65644693749862e+40	9.382447993597965e+39	4.949851262629636e+39	3.194510806913969e+39	1.731589510904716e+39	4.399981475723368e+38	2.1721975524744e+38	8.223264015000758e+37	5.816734719982158e+39	2.797055257769252e+39	1.731589510904716e+39	1.1452383925180405e+39
2403.4540366173646	3.15611905241688e+42	1.9308452292625618e+40	1.0956601212271745e+40	5.789606018541057e+39	3.7397942895921396e+39	2.0292317108150066e+39	5.164541816003987e+38	2.5510846581763734e+38	9.663202300611594e+37	6.801056432256668e+39	3.275287617335271e+39	2.0292317108150066e+39	1.3428565330950082e+39
2534.7181599827622	3.0607285700533914e+42	2.2125830251179455e+40	1.2585365388773177e+40	6.664313768202025e+39	4.309851077742123e+39	2.3416883695920457e+39	5.972306763414104e+38	2.952274887681694e+38	1.1191373443709056e+38	7.824792019092843e+39	3.77574019405218e+39	2.3416883695920457e+39	1.5507860113445386e+39
2672.4791891420523	2.947279905829573e+42	2.522701610868533e+40	1.4386759578734555e+40	7.635723361772185e+39	4.944355668293894e+39	2.690358642826151e+39	6.87724635063077e+38	3.402344429025306e+38	1.2908127738769649e+38	8.960640282887993e+39	4.333109977516643e+39	2.690358642826151e+39	1.7831415935417628e+39
2817.1333976652813	3.201441198862164e+42	2.9736023901865824e+40	1.6982115204367815e+40	9.024410757536927e+39	5.84759824941139e+39	3.1843515143054894e+39	8.150084262173974e+38	4.033803422257016e+38	1.531065301653277e+38	1.0587271168651289e+40	5.125648520360502e+39	3.1843515143054894e+39	2.1114834541890187e+39
2969.0883961350514	3.167372463942062e+42	3.413464445731735e+40	1.953976156059193e+40	1.0404924756234395e+40	6.749801434346847e+39	3.6804344247932e+39	9.438898539947986e+38	4.6750200096292266e+38	1.77574224517406e+38	1.2201125592218008e+40	5.918289447809147e+39	3.6804344247932e+39	2.4421914944764726e+39
3128.783814545695	3.042286379387459e+42	3.846905426355351e+40	2.208790394862619e+40	1.1793305142229477e+40	7.661784908880665e+39	4.1847883107945587e+39	1.0760788493793306e+39	5.3346974865944584e+38	2.028244078657694e+38	1.3820720327627216e+40	6.72062335599109e+39	4.1847883107945587e+39	2.7794777999608033e+39
3296.696485618466	3.2268829274670514e+42	4.472167909985089e+40	2.572463263728408e+40	1.3756994922877072e+40	8.945431652133305e+39	4.8908403262135246e+39	1.2596170358301787e+39	6.248051398598234e+38	2.376848490183869e+38	1.6116104085172756e+40	7.848468842414852e+39	4.8908403262135246e+39	3.2502524152183543e+39
3473.3435830635617	3.188933548476441e+42	5.087628792390513e+40	2.934450316075036e+40	1.5730280950260398e+40	1.0242012476618153e+40	5.608154025792868e+39	1.4477403095277928e+39	7.187084411216188e+38	2.736367055382727e+38	1.8417739177550003e+40	8.98925682294275e+39	5.608154025792868e+39	3.730059806798796e+39
3659.2877805840053	2.98872568535737e+42	5.641454285374185e+40	3.266501845147351e+40	1.7569863252927175e+40	1.1461244880272941e+40	6.28922952604723e+39	1.6289890963463152e+39	8.096337997635959e+38	3.086249759420415e+38	2.055562956318537e+40	1.0064476984004575e+40	6.28922952604723e+39	4.188035806843381e+39
3855.1434834832958	3.1851784793219446e+42	6.525066021027845e+40	3.785674695753278e+40	2.0398104167709716e+40	1.3319050872976948e+40	7.316762938319596e+39	1.898397634766777e+39	9.441035418150527e+38	3.601060553668746e+38	2.385493251761133e+40	1.169894285792527e+40	7.316762938319596e+39	4.8752681531045916e+39
4061.5715509828588	3.105156019972837e+42	7.330975495674932e+40	4.267743095242949e+40	2.306420048604207e+40	1.5084609517530928e+40	8.302178749583324e+39	2.1603376272354982e+39	1.0754622735554854e+39	4.1063623226543644e+38	2.69545059645535e+40	1.3255628957111681e+40	8.302178749583324e+39	5.537604615478717e+39
4279.3239338325575	3.1839211601005345e+42	8.314297500360212e+40	4.85430227609299e+40	2.630144367368949e+40	1.7226220338814572e+40	9.496224390588909e+39	2.4772834857287905e+39	1.2343355425267841e+39	4.717247389748648e+38	3.0719773995108003e+40	1.5143387970829814e+40	9.496224390588909e+39	6.339738682458985e+39
4509.237825672496	3.040267915433911e+42	9.228306952166761e+40	5.410478316373322e+40	2.9421881385724506e+40	1.9308562935175468e+40	1.0668427600496988e+40	2.792914081730328e+39	1.3933163945837112e+39	5.331524775520653e+38	3.433586313263397e+40	1.698314771593534e+40	1.0668427600496988e+40	7.131296848457415e+39
4752.224164370391	2.991086195161815e+42	1.0332961409223603e+41	6.081168696232866e+40	3.3178722293455587e+40	2.1813657771644884e+40	1.2077500707646286e+40	3.1719316779166694e+39	1.5841649033383733e+39	6.0687150334440255e+38	3.8690940814816814e+40	1.9195978318368752e+40	1.2077500707646286e+40	8.082431409870692e+39
5009.2821604989895	3.04991796312991e+42	1.1683912613536136e+41	6.8987683225243715e+40	3.774726605271241e+40	2.485630065385013e+40	1.3786745479131786e+40	3.630873524738808e+39	1.8151273329614106e+39	6.960362314463887e+38	4.398979096615983e+40	2.1882798121821993e+40	1.3786745479131786e+40	9.235418973011165e+39
5281.508974562775	3.030276585157064e+42	1.3037056931920322e+41	7.729334620498541e+40	4.244338343122115e+40	2.800365071678064e+40	1.556723708196859e+40	4.1140009379172793e+39	2.0591328364646194e+39	7.905769067123006e+38	4.942217757629969e+40	2.4666753097107333e+40	1.556723708196859e+40	1.0441045118209252e+40
5570.1161263910335	2.992734882350237e+42	1.451161403031916e+41	8.641068813802475e+40	4.763031179863739e+40	3.149144499426803e+40	1.7547616099752752e+40	4.654367651418326e+39	2.332566736569548e+39	8.96723398072867e+38	5.54139979895693e+40	2.775457225679576e+40	1.7547616099752752e+40	1.1784720185375357e+40
5876.403818072161	3.109982917791287e+42	1.634934121200266e+41	9.770558550344312e+40	5.402686979998436e+40	3.5782930400960197e+40	1.9978566044197252e+40	5.3155019407813095e+39	2.6667619100615518e+39	1.0263256624910666e+39	6.281044783398916e+40	3.1551706595269272e+40	1.9978566044197252e+40	1.3432084193231025e+40
6201.862651601637	2.9024463135751224e+42	1.7722142135175696e+41	1.0658271988581412e+41	5.926161235587812e+40	3.9368837235114843e+40	2.205626795490481e+40	5.899440151312442e+39	2.965167382214329e+39	1.143309353040029e+39	6.880967703523684e+40	3.474196153050697e+40	2.205626795490481e+40	1.4857110029407023e+40
6548.133672187024	3.014284750992055e+42	1.99419899153847e+41	1.2039751885723096e+41	6.717008400131456e+40	4.470593124872845e+40	2.5099643173369976e+40	6.735580905555938e+39	3.389309310843875e+39	1.3083791894504786e+39	7.793199825756838e+40	3.947173638204861e+40	2.5099643173369976e+40	1.6927028753981967e+40
6917.056723192178	3.0235593933100305e+42	2.221193626376486e+41	1.3474783432019616e+41	7.549040722269094e+40	5.035832530290824e+40	2.8346265832996403e+40	7.63709217747809e+39	3.8482341966426904e+39	1.487618470225381e+39	8.750227852592311e+40	4.448971493486482e+40	2.8346265832996403e+40	1.9143769540536392e+40
7310.70883732903	2.899970274544426e+42	2.4042369546133012e+41	1.4686054681091914e+41	8.277358891679648e+40	5.539978337029095e+40	3.1301546205545493e+40	8.482365746052283e+39	4.282773323954864e+39	1.65899815141225e+39	9.581255778800312e+40	4.89874576594428e+40	3.1301546205545493e+40	2.1183585459793367e+40
7731.412334347017	2.9102342037873084e+42	2.660493398154949e+41	1.6340567424885079e+41	9.254010153571374e+40	6.209910315288306e+40	3.5191432353808994e+40	9.580358081761488e+39	4.844860755453674e+39	1.879774932788348e+39	1.070008340232324e+41	5.495029639950809e+40	3.5191432353808994e+40	2.385529902498393e+40
8181.781226037224	2.9579102622000593e+42	2.9579187970711518e+41	1.82621318027314e+41	1.0389447694944133e+41	6.9893151924945e+40	3.9721162804968763e+40	1.086107356194835e+40	5.500900940016618e+39	2.1376262489104883e+39	1.2000469307094497e+41	6.188897081016268e+40	3.9721162804968763e+40	2.6968232526634583e+40
8664.7438713525	2.932926256494429e+42	3.240991530478441e+41	2.01421721703019e+41	1.1525113492453085e+41	7.777784844883625e+40	4.436041074983721e+40	1.2196409419850813e+40	6.188969764991437e+39	2.4096553202393045e+39	1.329479657147836e+41	6.89293467159388e+40	4.436041074983721e+40	3.0177394356394526e+40
9183.629266165406	2.91031929492362e+42	3.547598994349718e+41	2.219892873017457e+41	1.2778078134892956e+41	8.651656507636337e+40	4.952836580875257e+40	1.3695373096859238e+40	6.963369956679145e+39	2.7166209384606103e+39	1.4720087003267154e+41	7.674179822225771e+40	4.952836580875257e+40	3.3762203439862194e+40
9742.240500444059	2.8897905221222185e+42	3.8703722432130545e+41	2.4395008493613897e+41	1.4131764787874602e+41	9.601695557437586e+40	5.518582964831227e+40	1.5353355259912994e+40	7.822912037020632e+39	3.0585280264254354e+39	1.6255891297390968e+41	8.524934288550203e+40	5.518582964831227e+40	3.7701304741533685e+40
10344.909895644469	2.873361957327746e+42	4.213689998456007e+41	2.676487593707411e+41	1.5609835042988892e+41	1.0645402353485337e+41	6.14428500323551e+40	1.7205097174551854e+40	8.786032575747118e+39	3.442877898927003e+39	1.7928440393280213e+41	9.46108151263369e+40	6.14428500323551e+40	4.2073489655643157e+40
10996.638713887525	2.8642565102431906e+42	4.592869924104979e+41	2.940575202001286e+41	1.7269265183517524e+41	1.182183988127622e+41	6.852682446109117e+40	1.9315466389615126e+40	9.886120781732448e+39	3.882870194691146e+39	1.9803066947560688e+41	1.0517400728003464e+41	6.852682446109117e+40	4.703539119492777e+40
11703.176976886856	2.858770789832705e+42	4.977615028709107e+41	3.21362503813266e+41	1.9012642681796084e+41	1.3068481704737656e+41	7.610633817535953e+40	2.1606589001634178e+40	1.1086359854506943e+40	4.36531441805791e+39	2.1765428172428563e+41	1.163934424661264e+41	7.610633817535953e+40	5.237240708771792e+40
12471.197700832037	2.876712644136688e+42	5.3814527508395006e+41	3.504690738588981e+41	2.089605306060303e+41	1.4425012385689596e+41	8.442068926573506e+40	2.4150265441211616e+40	1.2424304366004248e+40	4.905287077035719e+39	2.3879003085966137e+41	1.2862545721388373e+41	8.442068926573506e+40	5.825248817634698e+40
13308.464146563238	2.967705388433518e+42	5.866570341460801e+41	3.851729225205881e+41	2.31321464422126e+41	1.6033086483466258e+41	9.42654587356947e+40	2.716010377869546e+40	1.4007493221907828e+40	5.544333786904585e+39	2.6390361993583068e+41	1.4312090284947546e+41	9.42654587356947e+40	6.521222651275588e+40
14224.072147498495	3.2580954704507715e+42	6.538985797095596e+41	4.317077893883563e+41	2.6060652554702363e+41	1.8115991653208764e+41	1.0687718401854207e+41	3.0961564409170207e+40	1.5998703235837344e+40	6.344927891397466e+39	2.969576400331873e+41	1.6184467892884616e+41	1.0687718401854207e+41	7.407953033144166e+40
15228.748836971741	3.8874251545306546e+42	7.504175238705342e+41	4.963939815909209e+41	3.003157920837136e+41	2.0905697311823588e+41	1.2355201960928844e+41	3.5900068942967e+40	1.857136824884425e+40	7.37388123162541e+39	3.4202000419622717e+41	1.868425442960196e+41	1.2355201960928844e+41	8.572627319911723e+40
16335.258699683529	4.972837388068426e+42	8.931714056887631e+41	5.89695587447822e+41	3.563482446172557e+41	2.479559908558363e+41	1.4649619941168857e+41	4.256237325071993e+40	2.201919953146886e+40	8.743844784734907e+39	4.059237628882241e+41	2.2158809434173263e+41	1.4649619941168857e+41	1.0163707165431184e+41
17558.886804497386	6.529274506902462e+42	1.0851275714768722e+42	7.13792115409226e+41	4.301286337287684e+41	2.988857668963276e+41	1.763401706727054e+41	5.113991439205949e+40	2.6442412389416436e+40	1.0495022506336331e+40	4.9026501313859385e+41	2.670092568072e+41	1.763401706727054e+41	1.2225706050106207e+41
18918.115643117766	8.359015656650041e+42	1.3129458123241488e+42	8.614438863523571e+41	5.1808822564522834e+41	3.596602406488282e+41	2.119845826980443e+41	6.139405389330714e+40	3.173117578357616e+40	1.258911509307264e+40	5.907722632909123e+41	3.2122275014492807e+41	2.119845826980443e+41	1.4689449711626628e+41
20435.513252824356	1.008420001650085e+43	1.5569032573319508e+42	1.0212456251478846e+42	6.14171121561866e+41	4.263869900265915e+41	2.5134908048849754e+41	7.282179673667639e+40	3.7644002831266283e+40	1.493790567864114e+40	7.003298005077007e+41	3.8082838952742495e+41	2.5134908048849754e+41	1.7419164601458211e+41
22138.916061601558	1.130225070858659e+43	1.776147112924452e+42	1.1691410061003249e+42	7.054734559612739e+41	4.90731122301776e+41	2.89949061479799e+41	8.431978723845714e+40	4.364602103242189e+40	1.734349416249585e+40	8.038067628193853e+41	4.385349354388212e+41	2.89949061479799e+41	2.012072984645916e+41
24063.086915206368	1.1723804188135593e+43	1.9495780217485864e+42	1.292790677547613e+42	7.854012119144752e+41	5.484473125145258e+41	3.2551640850377645e+41	9.53438529089745e+40	4.947746185522432e+40	1.9711753788945443e+40	8.934638116966409e+41	4.906333505276159e+41	3.2551640850377645e+41	2.2646349593608964e+41
26251.912076178396	1.1247676178957805e+43	2.048301209067037e+42	1.3741689328272001e+42	8.438541397101695e+41	5.928811791693336e+41	3.544074632905958e+41	1.049862087660631e+41	5.469876880866929e+40	2.1880859857921495e+40	9.575659588375659e+41	5.312750694524141e+41	3.544074632905958e+41	2.4755420823733526e+41
28761.592426305302	9.986761713784907e+42	2.045742752757374e+42	1.3962011765834842e+42	8.710259719441184e+41	6.17489274407429e+41	3.7299223444162784e+41	1.1232917935073388e+41	5.886446765119589e+40	2.3686703824018445e+40	9.847822822948794e+41	5.546901796545398e+41	3.7299223444162784e+41	2.6206751318302445e+41
31665.383316884065	8.219336585430463e+42	1.917140288275145e+42	1.339853453231092e+42	8.545352528077267e+41	6.135102471742686e+41	3.761118306215651e+41	1.1596214959311172e+41	6.127339803767306e+40	2.4865150887469533e+40	9.611773426040739e+41	5.530375554099813e+41	3.761118306215651e+41	2.6647155574431445e+41
35060.70570327943	6.116707301011101e+42	1.6667894638952615e+42	1.2029883375669853e+42	7.906366034209631e+41	5.775287226581303e+41	3.613152807849573e+41	1.1507636434644598e+41	6.150780227265764e+40	2.525481728926384e+40	8.830884954644129e+41	5.23090722852356e+41	3.613152807849573e+41	2.589462068911768e+41
39080.235474282264	4.1761392061856535e+42	1.2985665430390106e+42	9.791152991837157e+41	6.712575877963615e+41	5.0261385626555584e+41	3.2381233172575046e+41	1.0811468981036444e+41	5.875807060118748e+40	2.4538528121885123e+40	7.423173319018507e+41	4.583758916302523e+41	3.2381233172575046e+41	2.359728589644998e+41
43909.439972204455	2.7438838250192096e+42	9.364444130194337e+41	7.394123159037831e+41	5.3165255694715945e+41	4.0984665443452946e+41	2.736110520097276e+41	9.694091539499054e+40	5.383173515033833e+40	2.2984450273538876e+40	5.812218398257967e+41	3.768628842128284e+41	2.736110520097276e+41	2.035602282651758e+41
49815.89754315629	1.9295309761881974e+42	7.053744741959978e+41	5.739060131336117e+41	4.2783842246622565e+41	3.380722607733835e+41	2.331736012667394e+41	8.76300367067444e+40	4.976141135481859e+40	2.1747794305350786e+40	4.63439848779548e+41	3.131487399097765e+41	2.331736012667394e+41	1.7698028474797172e+41
57201.22584726731	1.3974539150627512e+42	5.656534024259453e+41	4.7323896763492834e+41	3.636298466850747e+41	2.9315647889127115e+41	2.076295270450465e+41	8.200891951162971e+40	4.749624142149869e+40	2.1199826798444876e+40	3.909267611497996e+41	2.731588568049167e+41	2.076295270450465e+41	1.6022198817402796e+41
65681.59292491515	1.0245380287606955e+42	4.6300622281031236e+41	4.006169461156554e+41	3.1807834237995613e+41	2.62249982581398e+41	1.9167389320399763e+41	8.065006088063002e+40	4.794227906321752e+40	2.2013168108596275e+40	3.3916546900101205e+41	2.460407846070324e+41	1.9167389320399763e+41	1.5097939297340671e+41
75419.37169757677	7.61509732460164e+41	3.736041718941902e+41	3.448721138245923e+41	2.873349244316027e+41	2.429883709501478e+41	1.832189587823569e+41	8.190797274950764e+40	4.995184338153968e+40	2.358856844904189e+40	3.0317026948067974e+41	2.2958620977943168e+41	1.832189587823569e+41	1.4716935013430961e+41
86601.02829522146	5.563809668656174e+41	2.6874848110986593e+41	2.765592505189654e+41	2.5054956658547693e+41	2.2065073916009626e+41	1.7365830793931541e+41	8.312407937763051e+40	5.20849530844617e+40	2.534082085664449e+40	2.596503221011851e+41	2.106623023451809e+41	1.7365830793931541e+41	1.427973673326845e+41
99440.68215672043	3.987844143771644e+41	1.626789041755886e+41	1.9377031483172584e+41	1.9862731469073107e+41	1.8622426277130675e+41	1.564396078100833e+41	8.213865761356285e+40	5.318559831998456e+40	2.6803472584990836e+40	2.0030051060481076e+41	1.806778071355436e+41	1.564396078100833e+41	1.3304138494208425e+41
114184.20696399274	2.812626066732225e+41	8.124762437774575e+40	1.1467774351141404e+41	1.3811537164324503e+41	1.4129913233999146e+41	1.3036736986236027e+41	7.789692764932819e+40	5.261748050185569e+40	2.769822140534223e+40	1.3423216035083946e+41	1.4027307766906904e+41	1.3036736986236027e+41	1.1635972163510894e+41
131113.93973423963	1.9616483078916044e+41	3.4409564909695594e+40	5.631778021197253e+40	8.17877282249845e+40	9.36291389933716e+40	9.81160188349224e+40	7.01535134160795e+40	5.011344791361595e+40	2.787293871223135e+40	7.595572182007245e+40	9.583777816870644e+40	9.81160188349224e+40	9.368230705599213e+40
150554.08826087404	1.3601198985628914e+41	1.4654214611741543e+40	2.398823083284673e+40	4.0734450021612433e+40	5.283893517324332e+40	6.477593528537088e+40	5.880862526591622e+40	4.528225155598756e+40	2.705301400362198e+40	3.6148448504345205e+40	5.609199476055887e+40	6.477593528537088e+40	6.753714428135894e+40
172876.94046963172	9.423250567723479e+40	8.041743168756652e+39	1.0509507386126197e+40	1.7790754170140035e+40	2.5461762566033103e+40	3.687369827907328e+40	4.509154984720686e+40	3.833574601227337e+40	2.514759823112027e+40	1.5449721808679914e+40	2.8007700542264294e+40	3.687369827907328e+40	4.2709285800195185e+40
198509.9946146992	6.551319690896616e+40	5.662552945651898e+39	5.941580025852261e+39	7.957216699874876e+39	1.1238101212356127e+40	1.8276745912988577e+40	3.10606346764479e+40	2.990411380632759e+40	2.2121168601121697e+40	7.174530624043677e+39	1.256418962528324e+40	1.8276745912988577e+40	2.3528407967907593e+40
227944.14687541	4.584820432917571e+40	4.310790483808274e+39	4.234492781492924e+39	4.4271132387588025e+39	5.317348045575899e+39	8.352651354372555e+39	1.9082621166293286e+40	2.128681441081039e+40	1.829397580503315e+40	4.2950739919564196e+39	5.784772538850778e+39	8.352651354372555e+39	1.1526781106881474e+40
261743.0931656155	3.234545193049004e+40	3.278959289729539e+39	3.264122328895636e+39	3.106257621627836e+39	3.15668957308025e+39	4.016562910294727e+39	1.0499763848301137e+40	1.3706431383238736e+40	1.4064435940640025e+40	3.140494064679033e+39	3.2444305685526266e+39	4.016562910294727e+39	5.393946097957168e+39
300554.12522255775	2.300737084374774e+40	2.4471140393777133e+39	2.5201473747706317e+39	2.40415568566285e+39	2.282773219676908e+39	2.332963037776652e+39	5.335851435953394e+39	8.007160857203563e+39	9.963408942453633e+39	2.4479678228839097e+39	2.259522019929617e+39	2.332963037776652e+39	2.7364215906911145e+39
345120.52774559776	1.648540203132633e+40	1.78563965508975e+39	1.9090901853995854e+39	1.8849614230532922e+39	1.7849685091041798e+39	1.6415326741135874e+39	2.6678562959914994e+39	4.333649772120756e+39	6.492235024270392e+39	1.9070495933375634e+39	1.7485295966213407e+39	1.6415326741135874e+39	1.6637340278887418e+39
396295.81401877856	1.188130532777146e+40	1.2729239631129578e+39	1.4120891094847898e+39	1.454582930747336e+39	1.407799154392963e+39	1.2741691185293882e+39	1.4252565181083717e+39	2.2575491105751607e+39	3.9232109118654927e+39	1.4565777587716444e+39	1.3833327080123337e+39	1.2741691185293882e+39	1.193833885118144e+39
455060.07266229385	8.598630656935983e+39	8.864390411780205e+38	1.0186310328415615e+39	1.095732380262092e+39	1.0917647874174792e+39	1.0131299678552425e+39	8.701378026875451e+38	1.1903554638723876e+39	2.2320372676592795e+39	1.0851226872275758e+39	1.081254404974274e+39	1.0131299678552425e+39	9.328916071802296e+38
522538.7385908402	6.238932366641074e+39	6.0330374525939825e+38	7.16574278900305e+38	8.03998052652753e+38	8.259078331430192e+38	7.971858160506225e+38	6.1344364281022515e+38	6.746399234979393e+38	1.2138932797051198e+39	7.874882481817639e+38	8.255145615699232e+38	7.971858160506225e+38	7.443752043714599e+38
600024.1476859194	4.532405062408555e+39	4.017090736492128e+38	4.918663140288451e+38	5.744685331134171e+38	6.081574626681182e+38	6.129108248211334e+38	4.757897594578154e+38	4.349077827892519e+38	6.495428614046722e+38	5.567269466341976e+38	6.1360202218872414e+38	6.129108248211334e+38	5.8734593173701224e+38
689000.2880036274	3.293420260572771e+39	2.620997608319609e+38	3.2980492890940617e+38	3.999140874844675e+38	4.358002657709386e+38	4.586631270059547e+38	3.817119847355838e+38	3.191196809527876e+38	3.595445680398919e+38	3.836871148116581e+38	4.437606539232696e+38	4.586631270059547e+38	4.526712554319743e+38
791171.2215604055	2.3918978399614144e+39	1.6792412946589332e+38	2.163617766674437e+38	2.7152690659634204e+38	3.040899225409207e+38	3.3381184573163014e+38	3.047697795209595e+38	2.52615818238262e+38	2.208034121252089e+38	2.580867398368459e+38	3.1238148432475457e+38	3.3381184573163014e+38	3.3947864270518605e+38
908493.7210391505	1.7353469469639792e+39	1.0590757262586115e+38	1.391542632195733e+38	1.8006985068836444e+38	2.0683832013588417e+38	2.3635002108769557e+38	2.3818752928156534e+38	2.03962147691075e+38	1.559587936384894e+38	1.6970786766134011e+38	2.14244633422277e+38	2.3635002108769557e+38	2.475351934828199e+38
1043214.746483394	1.2572575180956317e+39	6.592217508437489e+37	8.79537874444062e+37	1.1685521317140053e+38	1.3734470055597007e+38	1.6294346945579466e+38	1.8120578989768878e+38	1.6277360575776014e+38	1.2196597751037865e+38	1.0930644910366558e+38	1.4335449950744627e+38	1.6294346945579466e+38	1.7554116362772204e+38
1197914.4797440525	9.094056304267876e+38	4.058788496664951e+37	5.477984845149893e+37	7.43689685075327e+37	8.919315542395383e+37	1.0952323542548828e+38	1.3399574351695055e+38	1.2683558181244133e+38	9.903624304787805e+37	6.912261431458979e+37	9.37406605625692e+37	1.0952323542548828e+38	1.2117341263775383e+38
1375555.7408868745	6.566431472563018e+38	2.4748683990009557e+37	3.3709430359215097e+37	4.653549146375116e+37	5.6771337842573415e+37	7.189101133263575e+37	9.630205734768352e+37	9.61301964201781e+37	8.008990776144674e+37	4.30316220540226e+37	6.0027018982442085e+37	7.189101133263575e+37	8.152187424214756e+37
1579540.7329978049	4.73275054879469e+38	1.493714492838026e+37	2.0538371449951426e+37	2.8710617509497217e+37	3.5505872878272713e+37	4.61738191562662e+37	6.73060312665491e+37	7.079579055087936e+37	6.339886825274375e+37	2.644624932698534e+37	3.7732043592508385e+37	4.61738191562662e+37	5.354074825300613e+37
1813776.2021790235	3.4049218123857864e+38	8.897977673744696e+36	1.240040192413657e+37	1.7512692597417232e+37	2.1880926973647566e+37	2.9085364322792424e+37	4.579390216079394e+37	5.0663078893129065e+37	4.88513519000745e+37	1.6085461124770536e+37	2.3345621081542393e+37	2.9085364322792424e+37	3.4394127582152383e+37
2082748.2606985068	2.445250767427208e+38	5.2030615123458063e+36	7.410651774484435e+36	1.0583505016237248e+37	1.3324934418989027e+37	1.8016405287972984e+37	3.037619041992421e+37	3.525184106522631e+37	3.657945568585202e+37	9.697537200599323e+36	1.4259043735581193e+37	1.8016405287972984e+37	2.166043329335158e+37
2391608.3063273937	1.753022222510104e+38	2.963530796313979e+36	4.367380833513946e+36	6.341400554854588e+36	8.037879971564072e+36	1.100637566866267e+37	1.9679565012282336e+37	2.387604198088614e+37	2.660630533244563e+37	5.793654294531182e+36	8.62032252760189e+36	1.100637566866267e+37	1.34085027803155e+37
2746271.683416738	1.2546778702358529e+38	1.6287558721402006e+36	2.5222669537395995e+36	3.761821365821798e+36	4.808682995962024e+36	6.650441705288129e+36	1.2478950324096485e+37	1.576506799555818e+37	1.8803109348328904e+37	3.4210549328170827e+36	5.1675013326967926e+36	6.650441705288129e+36	8.182672903393124e+36
3153530.9752986147	8.965949732442716e+37	8.548734786613988e+35	1.4153978925003313e+36	2.2003764676146373e+36	2.850934416660499e+36	3.9835392471252374e+36	7.76413878620339e+36	1.0167021935130064e+37	1.2921898532560803e+37	1.9859359599170235e+36	3.0718755824442505e+36	3.9835392471252374e+36	4.937374402373736e+36
3621186.0978197516	6.397666157511657e+37	4.239351686021363e+35	7.641155645457547e+35	1.2605501968177048e+36	1.6694177952223306e+36	2.367431203027438e+36	4.753184529118213e+36	6.418095628058932e+36	8.646479012595387e+36	1.1245645057668239e+36	1.8066958986651456e+36	2.367431203027438e+36	2.9529371748788995e+36
4158193.685595889	4.558818455632812e+37	1.9651755499290545e+35	3.9263806304349245e+35	7.010224541115034e+35	9.596397677748336e+35	1.394106669908537e+36	2.8719705942028574e+36	3.9758599154000564e+36	5.642952828358944e+36	6.1525218871122366e+35	1.0459634155059418e+36	1.394106669908537e+36	1.752655335920338e+36
