#t	Le	U	B	V	R	I	J	H	K	g	r	i	z
#----------------------------------------------- 
35.01488599903051	0.0	0.0	0.0	0.0	0.0	0.0	0.0	0.0	0.0	0.0	0.0	0.0	0.0
35.439236197199506	0.0	0.0	0.0	0.0	0.0	0.0	0.0	0.0	0.0	0.0	0.0	0.0	0.0
121.62532912952192	0.0	0.0	0.0	0.0	0.0	0.0	0.0	0.0	0.0	0.0	0.0	0.0	0.0
122.81777436724535	0.0	0.0	0.0	0.0	0.0	0.0	0.0	0.0	0.0	0.0	0.0	0.0	0.0
124.64275363988179	0.0	0.0	0.0	0.0	0.0	0.0	0.0	0.0	0.0	0.0	0.0	0.0	0.0
127.13265225139533	0.0	0.0	0.0	0.0	0.0	0.0	0.0	0.0	0.0	0.0	0.0	0.0	0.0
130.3304281198167	0.0	0.0	0.0	0.0	0.0	0.0	0.0	0.0	0.0	0.0	0.0	0.0	0.0
134.28794869544555	0.0	0.0	0.0	0.0	0.0	0.0	0.0	0.0	0.0	0.0	0.0	0.0	0.0
139.06500345898536	0.0	0.0	0.0	0.0	0.0	0.0	0.0	0.0	0.0	0.0	0.0	0.0	0.0
144.72813040333205	0.0	0.0	0.0	0.0	0.0	0.0	0.0	0.0	0.0	0.0	0.0	0.0	0.0
151.34902883778787	0.0	0.0	0.0	0.0	0.0	0.0	0.0	0.0	0.0	0.0	0.0	0.0	0.0
159.00250624564552	0.0	0.0	0.0	0.0	0.0	0.0	0.0	0.0	0.0	0.0	0.0	0.0	0.0
167.7640260112801	0.0	0.0	0.0	0.0	0.0	0.0	0.0	0.0	0.0	0.0	0.0	0.0	0.0
177.70703369801168	0.0	0.0	0.0	0.0	0.0	0.0	0.0	0.0	0.0	0.0	0.0	0.0	0.0
188.90032784204968	0.0	0.0	0.0	0.0	0.0	0.0	0.0	0.0	0.0	0.0	0.0	0.0	0.0
201.40577790303894	0.0	0.0	0.0	0.0	0.0	0.0	0.0	0.0	0.0	0.0	0.0	0.0	0.0
215.27665662204322	0.0	0.0	0.0	0.0	0.0	0.0	0.0	0.0	0.0	0.0	0.0	0.0	0.0
230.5567505496218	0.0	0.0	0.0	0.0	0.0	0.0	0.0	0.0	0.0	0.0	0.0	0.0	0.0
247.2802720240329	0.0	0.0	0.0	0.0	0.0	0.0	0.0	0.0	0.0	0.0	0.0	0.0	0.0
265.4724631753342	0.0	0.0	0.0	0.0	0.0	0.0	0.0	0.0	0.0	0.0	0.0	0.0	0.0
285.1506948460093	0.0	0.0	0.0	0.0	0.0	0.0	0.0	0.0	0.0	0.0	0.0	0.0	0.0
306.32583554413014	0.0	0.0	0.0	0.0	0.0	0.0	0.0	0.0	0.0	0.0	0.0	0.0	0.0
329.00368899567763	0.0	0.0	0.0	0.0	0.0	0.0	0.0	0.0	0.0	0.0	0.0	0.0	0.0
353.18635172222395	0.0	0.0	0.0	0.0	0.0	0.0	0.0	0.0	0.0	0.0	0.0	0.0	0.0
378.87340176591624	0.0	0.0	0.0	0.0	0.0	0.0	0.0	0.0	0.0	0.0	0.0	0.0	0.0
406.06288065168417	0.0	0.0	0.0	0.0	0.0	0.0	0.0	0.0	0.0	0.0	0.0	0.0	0.0
434.75206456356307	0.0	0.0	0.0	0.0	0.0	0.0	0.0	0.0	0.0	0.0	0.0	0.0	0.0
464.9380485222045	0.0	0.0	0.0	0.0	0.0	0.0	0.0	0.0	0.0	0.0	0.0	0.0	0.0
496.6181684338456	0.0	0.0	0.0	0.0	0.0	0.0	0.0	0.0	0.0	0.0	0.0	0.0	0.0
529.7903000165286	0.0	0.0	0.0	0.0	0.0	0.0	0.0	0.0	0.0	0.0	0.0	0.0	0.0
564.453052545623	0.0	0.0	0.0	0.0	0.0	0.0	0.0	0.0	0.0	0.0	0.0	0.0	0.0
600.6058891249282	0.0	0.0	0.0	0.0	0.0	0.0	0.0	0.0	0.0	0.0	0.0	0.0	0.0
638.2491915496537	0.0	0.0	0.0	0.0	0.0	0.0	0.0	0.0	0.0	0.0	0.0	0.0	0.0
677.3842895036385	0.0	0.0	0.0	0.0	0.0	0.0	0.0	0.0	0.0	0.0	0.0	0.0	0.0
718.0134532399418	0.0	0.0	0.0	0.0	0.0	0.0	0.0	0.0	0.0	0.0	0.0	0.0	0.0
760.1398744035018	0.0	0.0	0.0	0.0	0.0	0.0	0.0	0.0	0.0	0.0	0.0	0.0	0.0
803.7676307615915	0.0	0.0	0.0	0.0	0.0	0.0	0.0	0.0	0.0	0.0	0.0	0.0	0.0
848.9016467115538	0.0	0.0	0.0	0.0	0.0	0.0	0.0	0.0	0.0	0.0	0.0	0.0	0.0
895.5476564169915	0.0	0.0	0.0	0.0	0.0	0.0	0.0	0.0	0.0	0.0	0.0	0.0	0.0
943.7121636730577	0.0	0.0	0.0	0.0	0.0	0.0	0.0	0.0	0.0	0.0	0.0	0.0	0.0
993.4024026004352	0.0	0.0	0.0	0.0	0.0	0.0	0.0	0.0	0.0	0.0	0.0	0.0	0.0
1044.626297170223	0.0	0.0	0.0	0.0	0.0	0.0	0.0	0.0	0.0	0.0	0.0	0.0	0.0
1097.3924239345215	0.0	0.0	0.0	0.0	0.0	0.0	0.0	0.0	0.0	0.0	0.0	0.0	0.0
1151.7099785018684	0.0	0.0	0.0	0.0	0.0	0.0	0.0	0.0	0.0	0.0	0.0	0.0	0.0
1207.5887445868786	0.0	0.0	0.0	0.0	0.0	0.0	0.0	0.0	0.0	0.0	0.0	0.0	0.0
1265.0390653621728	0.0	0.0	0.0	0.0	0.0	0.0	0.0	0.0	0.0	0.0	0.0	0.0	0.0
1324.0718176339212	0.0	0.0	0.0	0.0	0.0	0.0	0.0	0.0	0.0	0.0	0.0	0.0	0.0
1384.6983895189169	0.0	0.0	0.0	0.0	0.0	0.0	0.0	0.0	0.0	0.0	0.0	0.0	0.0
1446.9306597646864	0.0	0.0	0.0	0.0	0.0	0.0	0.0	0.0	0.0	0.0	0.0	0.0	0.0
1510.780979292743	0.0	0.0	0.0	0.0	0.0	0.0	0.0	0.0	0.0	0.0	0.0	0.0	0.0
1576.2621545944407	0.0	0.0	0.0	0.0	0.0	0.0	0.0	0.0	0.0	0.0	0.0	0.0	0.0
1643.3874345405686	0.0	0.0	0.0	0.0	0.0	0.0	0.0	0.0	0.0	0.0	0.0	0.0	0.0
1712.1704983739644	6.834205604966352e+30	9.312537118686736e+27	5.205433429216741e+27	2.714153048565212e+27	1.7402452019417814e+27	9.362438575360444e+26	2.351078390642456e+26	1.1558542849685911e+26	4.356951069103953e+25	3.198096807450798e+27	1.521020552440986e+27	9.362438575360444e+26	6.166208354123296e+26
1782.6254438779654	9.223915967818407e+31	1.3953194945783413e+29	7.805472385168111e+28	4.072639929547076e+28	2.6122758285237344e+28	1.4060147627952597e+28	3.533223245688816e+27	1.7374583933766697e+27	6.550955128352377e+26	4.798047033099739e+28	2.283437618965487e+28	1.4060147627952597e+28	9.262466642547346e+27
1854.7667782067788	1.0057599142527307e+33	1.6188706776041144e+30	9.06033297151741e+29	4.72938359034201e+29	3.034239543744137e+29	1.633573088038884e+29	4.10681794700855e+28	2.0198287268605895e+28	7.616799131680917e+27	5.571227038983976e+29	2.6524539917666472e+29	1.633573088038884e+29	1.0763196130741835e+29
1928.609412766217	9.30215439886615e+33	1.520783110435496e+31	8.512396841530304e+30	4.443845800718145e+30	2.851217517581525e+30	1.5351437858502173e+30	3.8597857816069875e+29	1.8984057085105268e+29	7.159195626235242e+28	5.234733316794492e+30	2.4925015820684425e+30	1.5351437858502173e+30	1.0115061310034409e+30
2004.168661678972	6.465858228052732e+34	1.1422077139802854e+32	6.397287584068024e+31	3.3414854425279263e+31	2.1445825484534288e+31	1.155083302165515e+31	2.9058057874659444e+30	1.429476702410333e+30	5.3918710307334686e+29	3.9356893497075373e+31	1.8749244551926127e+31	1.155083302165515e+31	7.612330879361352e+30
2081.4602328667597	3.796898384358674e+35	7.190807376537812e+32	4.0297173079177834e+32	2.105896203448908e+32	1.3519541989939456e+32	7.284048057523513e+31	1.833356726865107e+31	9.020605002249948e+30	3.4031305968472697e+30	2.4800930426380745e+32	1.1820508809648979e+32	7.284048057523513e+31	4.8012639027903e+31
2160.5002223684974	1.8619769846327777e+36	3.8320480520552305e+33	2.1489718065045633e+33	1.1237302560376939e+33	7.21667081045969e+32	3.889736582559617e+32	9.796385522846267e+31	4.821149973382587e+31	1.8192506594873068e+31	1.3232177476203707e+33	6.310327375492335e+32	3.889736582559617e+32	2.564480305867382e+32
2241.3051102437307	7.942984164289773e+36	1.7689520324994119e+34	9.926874183949373e+33	5.194063906899976e+33	3.336789248318094e+33	1.7992060364655665e+33	4.5341121473701656e+32	2.231880980153735e+32	8.423832467083596e+31	6.115275781359689e+33	2.9179894477223975e+33	1.7992060364655665e+33	1.1864636100627595e+33
2323.8917569703494	2.948327939732149e+37	7.146765067197397e+34	4.0136073158031004e+34	2.101462133180095e+34	1.3505340872176508e+34	7.285253580978271e+33	1.837173712935459e+33	9.04550993196932e+32	3.414906969493231e+32	2.4737927190579827e+34	1.181149139998458e+34	7.285253580978271e+33	4.805324044258883e+33
2408.2773992051307	9.76657523090203e+37	2.5684616354833014e+35	1.4435283459903438e+35	7.563137412869184e+34	4.862362608553004e+34	2.624050160169313e+34	6.621702716570234e+33	3.2610372886633523e+33	1.2314247388939304e+33	8.901786256465045e+34	4.252951868755806e+34	2.624050160169313e+34	1.7312263611310845e+34
2494.479651931773	2.8947238992888567e+38	8.283749245184712e+35	4.6593920004277155e+35	2.4429601544869766e+35	1.5712107719226567e+35	8.483164851771732e+34	2.1422383710600847e+34	1.0552717098555095e+34	3.9859334831899395e+33	2.874883815392117e+35	1.3744362186702754e+35	8.483164851771732e+34	5.59822809124567e+34
2582.516507029469	7.815535313094397e+38	2.4272022748001816e+36	1.366339513133825e+36	7.16896309050967e+35	4.612614259290768e+35	2.4915478687266925e+35	6.296385479058783e+34	3.1024024779811623e+34	1.1721344321247864e+34	8.43507569943195e+35	4.0353786915270265e+35	2.4915478687266925e+35	1.644647529297224e+35
2672.4063334652064	1.9276780769326514e+39	6.507562826475987e+36	3.6664041695512886e+36	1.9251532704120417e+36	1.239190425335341e+36	6.696830917836758e+35	1.6936359073767683e+35	8.347241774652985e+34	3.1545814253296955e+34	2.2647635258241414e+36	1.0842382538311449e+36	6.696830917836758e+35	4.42170453622155e+35
2764.1678772335486	4.4015217873807397e+39	1.6115834311525828e+37	9.087537843962534e+36	4.7752953633081616e+36	3.075075980213438e+36	1.6626366039427693e+36	4.208023698450548e+35	2.0745204112396476e+35	7.842172727019749e+34	5.616713920865253e+36	2.690867359936609e+36	1.6626366039427693e+36	1.0980826953177449e+36
2857.820263069984	9.325061556063992e+39	3.7068869293990707e+37	2.0921435777815863e+37	1.1002456187412327e+37	7.088208392215134e+36	3.8344024930902335e+36	9.71233160434106e+35	4.789441094072717e+35	1.8110431651055007e+35	1.293876339293291e+37	6.203330820169663e+36	3.8344024930902335e+36	2.5331331992842344e+36
2953.382996290666	1.8508765962212886e+40	7.974725776847985e+37	4.50496536030406e+37	2.371034709783197e+37	1.5281929550225973e+37	8.271069271046118e+36	2.096699698762202e+36	1.0342384278012948e+36	3.9119313837094685e+35	2.787797066168094e+37	1.3375785134274794e+37	8.271069271046118e+36	5.465702346970899e+36
3050.8759653603834	3.4320432276041314e+40	1.6088251771736548e+38	9.097259662426207e+37	4.792188831555366e+37	3.0901777395345756e+37	1.6734288708126432e+37	4.245793245202493e+36	2.0949627459680323e+36	7.926539601003104e+35	5.6334020670538965e+37	2.705088420168775e+37	1.6734288708126432e+37	1.1061795542292734e+37
3150.31944523424	6.504721602932776e+40	3.133867884395953e+38	1.7726540816383612e+38	9.340551630371524e+37	6.024091514607481e+37	3.2628353822360937e+37	8.280792513485074e+36	4.086330747476046e+36	1.5462732114359516e+36	1.0979451544206053e+38	5.273615559433639e+37	3.2628353822360937e+37	2.1570392034092263e+37
3251.7341012127445	1.0766879083238614e+41	5.638911608039853e+38	3.192861577383461e+38	1.6839101849155808e+38	1.086562132980908e+38	5.888529404094019e+37	1.4957998209741501e+37	7.383675365987703e+36	2.794902423904044e+36	1.9789625150889763e+38	9.513282054620468e+37	5.888529404094019e+37	3.8941115132860613e+37
3355.140993521017	1.7382001769931722e+41	9.69488857602833e+38	5.493773344106495e+38	2.899430962407967e+38	1.8716154756907576e+38	1.0147568244952358e+38	2.579474267621965e+37	1.273611579663517e+37	4.822149756071517e+36	3.406919867306464e+38	1.6388460918783198e+38	1.0147568244952358e+38	6.712296720976718e+37
3460.561581064478	2.6055742464598217e+41	1.5706750396517236e+39	8.909437461871327e+38	4.7062767933657486e+38	3.0394494806266306e+38	1.6488661156287814e+38	4.19506428836622e+37	2.0719523530704805e+37	7.847341078224216e+36	5.5288950388699745e+38	2.6617946006762466e+38	1.6488661156287814e+38	1.0910161241093067e+38
3568.0177254836694	3.704102290965913e+41	2.413352848249468e+39	1.3703621867281275e+39	7.245366943326572e+38	4.681644303035096e+38	2.5412178632689093e+38	6.471297457152807e+37	3.1972169740670787e+37	1.211318344233226e+37	8.510010686282488e+38	4.100510933537527e+38	2.5412178632689093e+38	1.682010330793126e+38
3677.531696569082	4.926353933837336e+41	3.502176214181481e+39	1.991021590200294e+39	1.0538113998614539e+39	6.813290492335024e+38	3.70078581114642e+38	9.434153181927343e+37	4.662786213698918e+37	1.7672496657638343e+37	1.2374475308300623e+39	5.968511422513447e+38	3.70078581114642e+38	2.4504409219717992e+38
3789.1261778632347	6.172294379270587e+41	4.809898824043659e+39	2.73808104533321e+39	1.4509018544826158e+39	9.386673068667616e+38	5.102339033526792e+38	1.3022064159703311e+38	6.438711567290797e+37	2.4413647932565727e+37	1.7032810399769853e+39	8.224259250950036e+38	5.102339033526792e+38	3.379855407193195e+38
3902.8242713618197	7.248457061392257e+41	6.245288885521327e+39	3.5605343544340434e+39	1.889217011113946e+39	1.2231334193349975e+39	6.6542059149260946e+38	1.7005019674674648e+38	8.411955645656148e+37	3.1910728000576453e+37	2.2171673291195492e+39	1.0718781058557933e+39	6.6542059149260946e+38	4.409893651423862e+38
4018.64950349459	8.03456487383586e+41	7.693253714713184e+39	4.3932842922946714e+39	2.334463861917845e+39	1.512615084033484e+39	8.236655761501066e+38	2.1079340138187553e+38	1.0432699746893363e+38	3.959698201349818e+37	2.7387934583809085e+39	1.325851386992745e+39	8.236655761501066e+38	5.461418244116637e+38
4136.6258302624165	8.432321833855426e+41	9.023423518046432e+39	5.162281385719393e+39	2.747487836934618e+39	1.781813006457526e+39	9.712375927156456e+38	2.4895453196559743e+38	1.2328257577976976e+38	4.681826569091537e+37	3.222170785560889e+39	1.5621872451551696e+39	9.712375927156456e+38	6.44355058404937e+38
4256.777644365056	8.478154815678568e+41	1.0155112114685031e+40	5.821002574394311e+39	3.103366227929067e+39	2.0145080854921864e+39	1.0992617877145304e+39	2.822455830538012e+38	1.3985105212725182e+38	5.314260692512279e+37	3.638113453956546e+39	1.766652597007786e+39	1.0992617877145304e+39	7.297288654379896e+38
4379.130135501325	7.87519484979564e+41	1.089887309979021e+40	6.263803286762162e+39	3.347171611199247e+39	2.175548802180352e+39	1.1888731121550767e+39	3.0595027743154255e+38	1.5171784246057941e+38	5.769919213228474e+37	3.92185394136304e+39	1.9085410779177033e+39	1.1888731121550767e+39	7.898571213041761e+38
4503.711833937145	8.56730268459322e+41	1.2099254804212369e+40	6.956350517899087e+39	3.718496400023923e+39	2.417346106332593e+39	1.3212885553155473e+39	3.401391528869778e+38	1.6869134809784727e+38	6.416194382584293e+37	4.356597201629006e+39	2.120769091584128e+39	1.3212885553155473e+39	8.779340753865007e+38
4630.552709880976	8.635076170593544e+41	1.2983233177042838e+40	7.473600760234146e+39	3.9992258968212077e+39	2.6013653702365983e+39	1.4228215704335132e+39	3.6665829701185214e+38	1.8190986911830636e+38	6.921551373401555e+37	4.6843655415650883e+39	2.2825735426396777e+39	1.4228215704335132e+39	9.45748991257376e+38
4759.681632699916	8.5513780399401e+41	1.3792126674667235e+40	7.950324883591538e+39	4.259544157415599e+39	2.772567685030016e+39	1.5176328610005263e+39	3.915616390498571e+38	1.9434706865124987e+38	7.397973602445461e+37	4.9878835938494226e+39	2.4332414139824857e+39	1.5176328610005263e+39	1.0092028144222004e+39
4891.127256811012	8.232452477768683e+41	1.4514559809763013e+40	8.38214617390445e+39	4.498139359759582e+39	2.9304722078368306e+39	1.6056934801401336e+39	4.14936322165956e+38	2.060627320093676e+38	7.848383004814224e+37	5.265337928690806e+39	2.572439701375124e+39	1.6056934801401336e+39	1.0683630811197105e+39
5024.919111527921	8.059486786623285e+41	1.5392399190362282e+40	8.904433732970234e+39	4.785639616925398e+39	3.1203711271142927e+39	1.7113705985912336e+39	4.4289911192105985e+38	2.2006329534780096e+38	8.38607074663418e+37	5.599940958641187e+39	2.739755728645992e+39	1.7113705985912336e+39	1.139277030249807e+39
5161.0874436095355	7.808163723817658e+41	1.633224588687106e+40	9.467365881041085e+39	5.0972533443524736e+39	3.326813525309143e+39	1.826637427649498e+39	4.735528569843826e+38	2.354374898874025e+38	8.977534960060387e+37	5.962151795238826e+39	2.9217931983997934e+39	1.826637427649498e+39	1.2167664536639626e+39
5299.662936762423	7.67186622307044e+41	1.7479669071204792e+40	1.0152894548280612e+40	5.475972739198178e+39	3.577456272635147e+39	1.966428832810892e+39	5.106694101804407e+38	2.5404331382564113e+38	9.69295242359739e+37	6.402558254750543e+39	3.142746475819024e+39	1.966428832810892e+39	1.3106877840347032e+39
5440.676774298248	7.503316118084377e+41	1.8754856624100055e+40	1.0918218894755453e+40	5.900396859700854e+39	3.8589249195849923e+39	2.123774252488219e+39	5.525925220092343e+38	2.7508366161355875e+38	1.050295808740265e+38	6.895688148643907e+39	3.3910108207941395e+39	2.123774252488219e+39	1.416535888174364e+39
5584.160832894571	7.389075532006956e+41	2.0218218367243595e+40	1.1797633175044613e+40	6.388668917933076e+39	4.182950785766534e+39	2.3050483513984963e+39	6.009492921525235e+38	2.993632247314578e+38	1.1438073363601596e+38	7.462847022082285e+39	3.676863665385546e+39	2.3050483513984963e+39	1.5385332114365397e+39
5730.147386851564	7.251732251484966e+41	2.18067031450788e+40	1.275675594123666e+40	6.923320489999256e+39	4.5385129289094384e+39	2.504440569363723e+39	6.5433163052596645e+38	3.2619922750864247e+38	1.2472941593904306e+38	8.083321884648994e+39	3.990716828137555e+39	2.504440569363723e+39	1.6728988656585926e+39
5878.6691107498655	7.51230281666662e+41	2.3942425372283445e+40	1.4029604839545456e+40	7.62525403156628e+39	5.0026735985914344e+39	2.7630985721406754e+39	7.229339051362821e+38	3.605771657241754e+38	1.3794421173964408e+38	8.899896524747467e+39	4.3998094908527034e+39	2.7630985721406754e+39	1.846609815438548e+39
6029.759200634875	8.388956752512676e+41	2.702432230145369e+40	1.5837849869576327e+40	8.609133375493647e+39	5.648543961092926e+39	3.1200637876773904e+39	8.164232027495407e+38	4.072227126488305e+38	1.557953518211709e+38	1.0047958016983914e+40	4.967936673743791e+39	3.1200637876773904e+39	2.0852595897389115e+39
6183.451402965912	8.356478300361319e+41	2.919817323480462e+40	1.7151934688967678e+40	9.342471599417116e+39	6.136556618901495e+39	3.393941980366141e+39	8.898386076865505e+38	4.441461420488001e+38	1.7004063315002394e+38	1.0898789887750081e+40	5.398780847690448e+39	3.393941980366141e+39	2.2699003271783246e+39
6339.780099040551	8.314697100854647e+41	3.1407206725208556e+40	1.849414722219365e+40	1.0094762511721514e+40	6.638350089225016e+39	3.6762903792478434e+39	9.658244924129702e+38	4.824141948133772e+38	1.848249450984509e+38	1.1770757232672493e+40	5.842068314659409e+39	3.6762903792478434e+39	2.4605230530873412e+39
6498.780374744095	8.144925678846566e+41	3.351442695485842e+40	1.9788232448974227e+40	1.0826478581185607e+40	7.128685677295127e+39	3.953606738016553e+39	1.0410262033859409e+39	5.203847564702441e+38	1.9953224174813864e+38	1.2617213390940207e+40	6.275767312861545e+39	3.953606738016553e+39	2.648266375500092e+39
6660.487980008969	7.98443425569669e+41	3.5626230898245904e+40	2.109299620118639e+40	1.156796974649934e+40	7.626911419321077e+39	4.236231213638321e+39	1.1180132145007099e+39	5.5931636125979085e+38	2.1463511023868445e+38	1.347400433532544e+40	6.716761995447658e+39	4.236231213638321e+39	2.839915109975559e+39
6824.9395399427585	7.80673812077043e+41	3.776585169529105e+40	2.2422431407615437e+40	1.2327004442929967e+40	8.138178576421869e+39	4.527041442428962e+39	1.1975505816980855e+39	5.995925729443412e+38	2.302810343706213e+38	1.435015519089571e+40	7.169595429725109e+39	4.527041442428962e+39	3.037403860282752e+39
6992.173077890178	7.628098727150496e+41	3.990980250090252e+40	2.3764207741880526e+40	1.3097660266327523e+40	8.658908265606477e+39	4.8242656542682864e+39	1.279264333021503e+39	6.4104337176384615e+38	2.4641160548877784e+38	1.5238536563528894e+40	7.631195725700727e+39	4.8242656542682864e+39	3.239628011973331e+39
7162.226792613039	7.466921409998527e+41	4.2165350405107796e+40	2.5180057667681296e+40	1.3912921273065715e+40	9.210526529848891e+39	5.139599504069322e+39	1.3661562254354168e+39	6.85155500610232e+38	2.6359145892975605e+38	1.617780075694739e+40	8.120355123237978e+39	5.139599504069322e+39	3.454351456282785e+39
7335.137325380774	8.198005591093655e+41	4.649571675280214e+40	2.7769098400254096e+40	1.5344891000259376e+40	1.0159015460734531e+40	5.66918567155172e+39	1.5070524725930596e+39	7.558396399965479e+38	2.9079336301902593e+38	1.7842505930832175e+40	8.956699218386948e+39	5.66918567155172e+39	3.8104049901942245e+39
7512.360106815549	8.506436324005976e+41	5.008069165448831e+40	2.99468418167417e+40	1.6565749131610297e+40	1.0973570465541325e+40	6.127711487224988e+39	1.6305597709627484e+39	8.180631724782265e+38	3.1484219992350487e+38	1.9257466838205724e+40	9.676346348337985e+39	6.127711487224988e+39	4.120058737312585e+39
7693.463274183579	8.161227546397769e+41	5.226156948056107e+40	3.1359740348933125e+40	1.7399691325037172e+40	1.1544994662384754e+40	6.458844414437531e+39	1.723614998794677e+39	8.656110211562478e+38	3.3347948374550816e+38	2.0213045595967978e+40	1.0184747044171104e+40	6.458844414437531e+39	4.347172543057882e+39
7878.6644756891155	8.154443829422251e+41	5.539789087598636e+40	3.332372419294802e+40	1.8528888025435422e+40	1.2308562082238526e+40	6.895107875960715e+39	1.8437671141288657e+39	9.266018728955553e+38	3.57231241931891e+38	2.151437938934581e+40	1.0861761356126856e+40	6.895107875960715e+39	4.644174735932889e+39
8068.036635236677	7.929146176337566e+41	5.803345825907379e+40	3.502534438646686e+40	1.9531177609227923e+40	1.29947718768415e+40	7.292472618361975e+39	1.9553558714751605e+39	9.83611276005175e+38	3.79574837061103e+38	2.266332336555287e+40	1.147217117308178e+40	7.292472618361975e+39	4.916631762369211e+39
8261.348130822404	7.801746758135627e+41	6.110765385912009e+40	3.6995403725339164e+40	2.0685211752069778e+40	1.3782754997134854e+40	7.747497885551207e+39	2.0826469035222883e+39	1.0485637732117928e+39	4.05001500076953e+38	2.3987780084611806e+40	1.2172629862246182e+40	7.747497885551207e+39	5.228176092056169e+39
8458.690114996441	7.603054569519044e+41	6.398958252015147e+40	3.8876611290706826e+40	2.1803267199213366e+40	1.455183734329674e+40	8.19516790343756e+39	2.209331931396641e+39	1.1134530948095839e+39	4.3049938453770245e+38	2.526686754401539e+40	1.2857613367613974e+40	8.19516790343756e+39	5.535984134337391e+39
8660.181529104979	8.23961891363816e+41	6.987287942679255e+40	4.246853181206715e+40	2.3826266794154096e+40	1.5905128170724188e+40	8.959284210352255e+39	2.4161500299838787e+39	1.217827726109572e+39	4.709104313922988e+38	2.760898507065741e+40	1.405408598268474e+40	8.959284210352255e+39	6.052895958114366e+39
8865.902211314426	8.092025490967682e+41	7.344348932607823e+40	4.478379551856764e+40	2.5195521984954187e+40	1.6844734437906412e+40	9.50483581356807e+39	2.569997009758981e+39	1.2965423300021289e+39	5.018074724105403e+38	2.9177115339079485e+40	1.4890427765981018e+40	9.50483581356807e+39	6.427517367445775e+39
9075.85990478429	8.174599674886397e+41	7.791196214067922e+40	4.762932072845888e+40	2.685521241163982e+40	1.7975762584176385e+40	1.015670124174707e+40	2.7519171974735986e+39	1.3893065631151314e+39	5.380985722364203e+38	3.1083609424068967e+40	1.5895340143119369e+40	1.015670124174707e+40	6.873417488615236e+39
9289.561041172457	8.088616715021997e+41	8.202640101004048e+40	5.03096491239633e+40	2.8446931279394996e+40	1.9070522334235019e+40	1.0793990544731255e+40	2.9323545386132017e+39	1.4817536953762052e+39	5.744369002668833e+38	3.2904791046009197e+40	1.6870385823927657e+40	1.0793990544731255e+40	7.311661588900062e+39
9507.466901757549	7.92770118415517e+41	8.574703865802338e+40	5.278717183125325e+40	2.994356544655983e+40	2.0108856720327299e+40	1.1404099859260506e+40	3.1074266598714515e+39	1.571847234561245e+39	6.100045912135184e+38	3.4610778752244026e+40	1.7797277316194013e+40	1.1404099859260506e+40	7.733288453124651e+39
9729.702360698368	7.769918711196025e+41	8.9576310728178e+40	5.53537539790794e+40	3.150212052802434e+40	2.1193076780432627e+40	1.204304933981688e+40	3.2915645408524375e+39	1.6667416378678333e+39	6.475209882978959e+38	3.6385296490157315e+40	1.876581925936408e+40	1.204304933981688e+40	8.175540510180171e+39
9956.353155261302	7.560973028906309e+41	9.313820242935647e+40	5.779651523324084e+40	3.3011386047147655e+40	2.2252097071449956e+40	1.2672880883591757e+40	3.475434041271907e+39	1.761895006828839e+39	6.852949312361315e+38	3.8097253746449836e+40	1.9713967000949614e+40	1.2672880883591757e+40	8.61357062754044e+39
10187.823814613273	8.156147293756155e+41	1.0105509454399147e+41	6.27427080035746e+40	3.5853196613186367e+40	2.4173874851308974e+40	1.377136496113113e+40	3.778375726476942e+39	1.9157704908474558e+39	7.452628497442343e+38	4.1372482916512477e+40	2.1418024295362648e+40	1.377136496113113e+40	9.361696423031402e+39
10422.332498149568	8.330552259981399e+41	1.079277447442909e+41	6.717323502466546e+40	3.8464691361800507e+40	2.5963684011415534e+40	1.480953019289445e+40	4.070923212563949e+39	2.0654405634357608e+39	8.040128728693672e+38	4.436518045983964e+40	2.301069128544417e+40	1.480953019289445e+40	1.0074324825374059e+40
10659.963983434553	8.074486641896538e+41	1.1201520288135668e+41	7.004676542945244e+40	4.027335633949826e+40	2.724452836077472e+40	1.557875580407761e+40	4.2985996366195034e+39	2.1837906940673113e+39	8.512019523803783e+38	4.640852038852573e+40	2.416017903345587e+40	1.557875580407761e+40	1.0612033672257486e+40
10900.801723172977	8.031743873389749e+41	1.1761321523349491e+41	7.38206973769419e+40	4.2578612045620524e+40	2.885376730679794e+40	1.653099693941259e+40	4.5748243378327985e+39	2.3264711550236598e+39	9.077443691716039e+38	4.902954226677937e+40	2.55991056318138e+40	1.653099693941259e+40	1.1272659579845637e+40
11147.066497142578	7.801065688636874e+41	1.2133665516611839e+41	7.65103887582841e+40	4.430598657882838e+40	3.0089273312112314e+40	1.7280838065757093e+40	4.800074349939857e+39	2.4441220641535894e+39	9.548760045116971e+38	5.097257870818573e+40	2.6710762073778975e+40	1.7280838065757093e+40	1.1799702079780386e+40
11396.617748614131	7.663399699005958e+41	1.263047273442188e+41	8.000220892337942e+40	4.650763464645e+40	3.1650762158115104e+40	1.8220550000274837e+40	5.079259091302886e+39	2.5894543131620662e+39	1.0129106021091548e+39	5.345859672150789e+40	2.811275828165204e+40	1.8220550000274837e+40	1.2457424967537186e+40
11651.424780506228	7.439558536965501e+41	1.3001762815807453e+41	8.276396971665407e+40	4.831947802434361e+40	3.2960267698386494e+40	1.9024061517397576e+40	5.324362175918653e+39	2.718108273646146e+39	1.064700251976892e+39	5.548734234854945e+40	2.929416807707979e+40	1.9024061517397576e+40	1.302541694301823e+40
11909.617234199033	8.005979683561659e+41	1.409357542295691e+41	8.977507330175056e+40	5.24438263399115e+40	3.5785229528220753e+40	2.0662165831287688e+40	5.786078882693173e+39	2.954388580421529e+39	1.1574798818490871e+39	6.02153717434568e+40	3.180769992953463e+40	2.0662165831287688e+40	1.4149854246025973e+40
12171.283671416508	8.15449030175866e+41	1.493805756379779e+41	9.54252041019763e+40	5.587891409450658e+40	3.817847393194758e+40	2.207582054231175e+40	6.195362009951809e+39	3.165699468902066e+39	1.2411872634003857e+39	6.41246515339075e+40	3.394666554053116e+40	2.207582054231175e+40	1.5129812112108086e+40
12436.511050198087	7.94975081747841e+41	1.5434176162585344e+41	9.909942729122595e+40	5.828550292398462e+40	3.991732822848735e+40	2.314283427739945e+40	6.521062002803817e+39	3.3367200916512777e+39	1.3100604540040066e+39	6.681996332551268e+40	3.5515392191218714e+40	2.314283427739945e+40	1.5884197416930276e+40
12707.003277227403	7.789318022309099e+41	1.5904864451863078e+41	1.026202611009766e+41	6.061007269613198e+40	4.1603864491662824e+40	2.4182406444193825e+40	6.840471158469613e+39	3.5048017369670224e+39	1.377896061168386e+39	6.941882748981754e+40	3.703857522301037e+40	2.4182406444193825e+40	1.6620946059787727e+40
12981.781454520928	7.57789797093026e+41	1.635306555437308e+41	1.0608927341442928e+41	6.295350391807523e+40	4.332227345738707e+40	2.52531156848859e+40	7.17423073586258e+39	3.6812246625091285e+39	1.4494067701953134e+39	7.202626382038367e+40	3.859471417317437e+40	2.52531156848859e+40	1.7383908492240197e+40
13262.239113764728	7.40633688047055e+41	1.6786301964655332e+41	1.094726022979937e+41	6.525572011985491e+40	4.501688536366544e+40	2.6313402352359424e+40	7.506764507153107e+39	3.857356368516494e+39	1.520943458495639e+39	7.458370332574754e+40	4.013084644560733e+40	2.6313402352359424e+40	1.8141130658402086e+40
13548.354136331849	7.834521030036765e+41	1.795588915783203e+41	1.1723461879079322e+41	6.99519003632951e+40	4.828253873741092e+40	2.8239345557365496e+40	8.063607707548599e+39	4.144791845372077e+39	1.6347961785511817e+39	7.993319658260165e+40	4.3048279892357097e+40	2.8239345557365496e+40	1.9475375560849567e+40
13840.227413953668	7.937857438985156e+41	1.8862308528514473e+41	1.235465822171261e+41	7.391669000819528e+40	5.109238517270678e+40	2.993041299275574e+40	8.566823995362376e+39	4.406983151928486e+39	1.739607747525817e+39	8.441263142007825e+40	4.55709495303155e+40	2.993041299275574e+40	2.0659441386267338e+40
14137.755642375636	7.610721127232867e+41	1.9131954918865305e+41	1.261510880643301e+41	7.590968718270388e+40	5.263345332147717e+40	3.0941054757817564e+40	8.902985336704438e+39	4.5881608729465525e+39	1.814410987290228e+39	8.657583657343942e+40	4.698470235870679e+40	3.0941054757817564e+40	2.1397799460044084e+40
14440.522719285727	7.533984063814756e+41	1.9768980162034344e+41	1.3099907973440346e+41	7.916321659370069e+40	5.501582540564844e+40	3.242510745231546e+40	9.366404487434386e+39	4.8333809050194187e+39	1.9139331882012407e+39	9.019951411900965e+40	4.914172252072991e+40	3.242510745231546e+40	2.2455695009586587e+40
14748.718437113583	7.306810701848105e+41	2.011573058164296e+41	1.341612546029425e+41	8.152911570743769e+40	5.6832553077604485e+40	3.361055562406948e+40	9.759231385601806e+39	5.044989371944836e+39	2.0012808096522487e+39	9.277729284943638e+40	5.080597070024177e+40	3.361055562406948e+40	2.3320202479430984e+40
15062.725741901057	7.765505331770585e+41	2.1576607294824207e+41	1.4402748373360227e+41	8.758806903978195e+40	6.107979529624969e+40	3.6137949818309414e+40	1.0499876213871724e+40	5.429049178348809e+39	2.1541048203098508e+39	9.965593159061991e+40	5.46084827370594e+40	3.6137949818309414e+40	2.5079672942998904e+40
15382.78562347099	7.563193362347034e+41	2.208573552551983e+41	1.483275942662763e+41	9.067141754116371e+40	6.340567142800133e+40	3.763012665309612e+40	1.0984021285559718e+40	5.688232472062521e+39	2.260466251492096e+39	1.030437160401897e+41	5.672997431275797e+40	3.763012665309612e+40	2.6159015261166707e+40
15708.5919886898	7.537998565363172e+41	2.2799425897222634e+41	1.538849943034614e+41	9.447461531062467e+40	6.62198278300406e+40	3.9403643512500594e+40	1.154746974081289e+40	5.988109848486725e+39	2.3828731161030784e+39	1.072609737861644e+41	5.928506048646371e+40	3.9403643512500594e+40	2.7431217026545387e+40
16040.626168555418	7.402667708148054e+41	2.329747719400763e+41	1.5819509114852092e+41	9.762793371676793e+40	6.862393026596487e+40	4.096421351248093e+40	1.2062633796474934e+40	6.265488674086329e+39	2.497352977222723e+39	1.1071006194243398e+41	6.148411221914067e+40	4.096421351248093e+40	2.8567174525359656e+40
16378.994882390787	7.200617965811745e+41	2.365861590616842e+41	1.61740502420691e+41	1.0040358342369141e+41	7.080014728505176e+40	4.241473902369072e+40	1.2557398570760095e+40	6.534451524511744e+39	2.6093631693483236e+39	1.1370606108485762e+41	6.348820363186154e+40	4.241473902369072e+40	2.963652151989571e+40
16723.693732954118	7.61644511906407e+41	2.5243300862637254e+41	1.7278440811023423e+41	1.0737303319196064e+41	7.575848048182587e+40	4.541477297275395e+40	1.3458925756592024e+40	7.005946336674123e+39	2.798595990948848e+39	1.2156957796153339e+41	6.794503831285645e+40	4.541477297275395e+40	3.174408044751345e+40
17072.667834367083	7.446449765955551e+41	2.588759037066635e+41	1.7839764871013658e+41	1.1149490763543226e+41	7.890566270517933e+40	4.74604363713542e+40	1.4135260010869977e+40	7.370254111463156e+39	2.94900876383308e+39	1.2607484987704256e+41	7.082479447603665e+40	4.74604363713542e+40	3.323405762394659e+40
17428.457216511244	7.402174576110867e+41	2.650300460846026e+41	1.8366218188927475e+41	1.153499529182167e+41	8.185377402273153e+40	4.938359908125987e+40	1.4776219855389519e+40	7.716629976106168e+39	3.092513075919372e+39	1.3028805437326848e+41	7.352429346320318e+40	4.938359908125987e+40	3.4638450811776964e+40
17791.454339571115	7.224171605088874e+41	2.6868512673614573e+41	1.874923996929646e+41	1.1846619157628536e+41	8.434008680973559e+40	5.107050352551827e+40	1.5365624549572405e+40	8.039475305147396e+39	3.227952776933386e+39	1.3362521404236538e+41	7.582406343260047e+40	5.107050352551827e+40	3.5893343938454693e+40
18158.95841024209	7.05255496138559e+41	2.7251102628548413e+41	1.9159360447385064e+41	1.218508916838448e+41	8.705896468067852e+40	5.292831528039595e+40	1.6021199527635562e+40	8.3997072319775e+39	3.37954630479687e+39	1.3723899889158616e+41	7.834332905634643e+40	5.292831528039595e+40	3.728046697134333e+40
18533.9245881119	7.436102597124216e+41	2.8979063053321816e+41	2.0401131173743907e+41	1.298942263152333e+41	9.286173487247086e+40	5.649419137385585e+40	1.7117816752860406e+40	8.977698885152421e+39	3.613323950209868e+39	1.4626099273524879e+41	8.357866695362472e+40	5.649419137385585e+40	3.9806664802402932e+40
18916.019484785254	7.264772700141906e+41	2.9494533047579872e+41	2.0914772169679795e+41	1.3397828477564079e+41	9.609203177387464e+40	5.866884087664051e+40	1.787075878041443e+40	9.389069305859903e+39	3.7854961984872644e+39	1.5065334489949635e+41	8.656054496500722e+40	5.866884087664051e+40	4.1418577740656915e+40
19304.17385028439	7.204434079141653e+41	3.0021921237399997e+41	2.1426277095774283e+41	1.3804361944100548e+41	9.932166982477724e+40	6.085916551328295e+40	1.864010914845147e+40	9.81170486583274e+39	3.963389023228642e+39	1.5502105235220096e+41	8.954647660422952e+40	6.085916551328295e+40	4.3049980166766807e+40
19699.51768463227	7.040166229279742e+41	3.0313225325837545e+41	2.1798650708158604e+41	1.413742608189429e+41	1.0208529483981332e+41	6.280673708663703e+40	1.9354712385683743e+40	1.0208997686086144e+40	4.132447688795299e+39	1.5852267637591656e+41	9.212735905595787e+40	6.280673708663703e+40	4.452609402718635e+40
20102.487477325227	7.030651839330163e+41	3.111408946402931e+41	2.251000642144669e+41	1.4673801297162942e+41	1.0624892795075915e+41	6.556693279795761e+40	2.0296117431319705e+40	1.0721568660585299e+40	4.3463784053570944e+39	1.643471707907325e+41	9.595482894415028e+40	6.556693279795761e+40	4.655895720294871e+40
20512.99897988738	7.190196577065676e+41	3.239415862146758e+41	2.3527822504714906e+41	1.5389257580981198e+41	1.1163415832855164e+41	6.903235620110245e+40	2.1435258892570065e+40	1.1335216431017142e+40	4.599971077292299e+39	1.7222800945500164e+41	1.0086803477727231e+41	6.903235620110245e+40	4.9074858700455e+40
20930.63407980318	7.186428208484211e+41	3.307189499365139e+41	2.4165808405820565e+41	1.5891962363188461e+41	1.1562468837163886e+41	7.174238134089946e+40	2.239211442502529e+40	1.1862107258460282e+40	4.822325833744734e+39	1.776345141727553e+41	1.0455793449494812e+41	7.174238134089946e+40	5.109639875085871e+40
21355.897788406703	6.96865535787975e+41	3.314212420856558e+41	2.4429858782927303e+41	1.6188377927136731e+41	1.1827006236235532e+41	7.372582328250899e+40	2.317269719173795e+40	1.2304624603263608e+40	5.014035828887273e+39	1.806348934839053e+41	1.0706916043964504e+41	7.372582328250899e+40	5.264226149324839e+40
21788.244515223672	6.866046479507082e+41	3.3307765024277028e+41	2.4735239653144166e+41	1.6503068684898644e+41	1.2103459552821162e+41	7.578479784856962e+40	2.398446393931297e+40	1.2765973680867998e+40	5.214526773368418e+39	1.8385531265125895e+41	1.0968712691851374e+41	7.578479784856962e+40	5.424606646551953e+40
22228.55498917457	7.122857292349962e+41	3.510276353751981e+41	2.6148631889171857e+41	1.7488627473273474e+41	1.2842095410262647e+41	8.051503268103353e+40	2.5528071745661884e+40	1.3595454405716353e+40	5.556467841903767e+39	1.947310377920518e+41	1.164182690027657e+41	8.051503268103353e+40	5.76711764861905e+40
22676.225716727222	7.075159098602833e+41	3.5737286619799516e+41	2.6814092973762408e+41	1.8045278041001142e+41	1.3295184735340285e+41	8.366644079905865e+40	2.6674400138989025e+40	1.423222992769162e+40	5.82741237882937e+39	2.006474851755055e+41	1.2063337468901522e+41	8.366644079905865e+40	6.004922393150942e+40
23131.990671365827	6.882651696850297e+41	3.5584926029412646e+41	2.6936578311381933e+41	1.827275607861086e+41	1.3522760639134392e+41	8.553196853875879e+40	2.7482678994323723e+40	1.4702674019950732e+40	6.036202213974144e+39	2.0280440156227147e+41	1.228464618778929e+41	8.553196853875879e+40	6.1560573887145105e+40
23595.935700815655	6.756989567343673e+41	3.5760305263154205e+41	2.7294770460227835e+41	1.865152692189547e+41	1.3858536794347226e+41	8.805394813955263e+40	2.848792725801975e+40	1.527594292484004e+40	6.28616050216465e+39	2.066632014950203e+41	1.2603303616330195e+41	8.805394813955263e+40	6.353317323465845e+40
24068.254103491356	7.036192288398465e+41	3.758885164248225e+41	2.876841060498397e+41	1.9703975423007425e+41	1.4658693638196778e+41	9.326662518454672e+40	3.0236454680938406e+40	1.622470196334107e+40	6.681150170688044e+39	2.182107905729534e+41	1.3335404190566848e+41	9.326662518454672e+40	6.734456778799086e+40
24548.80236639561	6.903618471031731e+41	3.783137248682445e+41	2.9215365021099832e+41	2.0164603725670363e+41	1.506338685792446e+41	9.628112979481056e+40	3.142534963792615e+40	1.6900487958407945e+40	6.974881548374276e+39	2.229245387479687e+41	1.3718652828574599e+41	9.628112979481056e+40	6.969290912233445e+40
25038.141174247725	6.797395953792811e+41	3.777103650119018e+41	2.9397514167749217e+41	2.0439072110075462e+41	1.5332363094964048e+41	9.84783267310757e+40	3.238902586889429e+40	1.7465066313005345e+40	7.227266985955311e+39	2.2557434874513064e+41	1.397964996003047e+41	9.84783267310757e+40	7.14778718056244e+40
25535.761613556515	6.6875108475935874e+41	3.7880129303937225e+41	2.973480961086833e+41	2.083082789589838e+41	1.5691844641937782e+41	1.0126830356738828e+41	3.3549325883546606e+40	1.8135448854626562e+40	7.5232482071394e+39	2.2949909353607255e+41	1.43236466421293e+41	1.0126830356738828e+41	7.369558242298866e+40
26042.163615896225	6.900144965464849e+41	3.9520999096222405e+41	3.1150149953716365e+41	2.1897318723721027e+41	1.652504521830826e+41	1.0685592495938897e+41	3.5501225531653365e+40	1.9208283721250848e+40	7.975492993916277e+39	2.4106382839078246e+41	1.5091400899554131e+41	1.0685592495938897e+41	7.784334943347437e+40
26557.40409197802	6.806010396237869e+41	3.955923357890784e+41	3.144536822976928e+41	2.2274887351134743e+41	1.6882075922113168e+41	1.0969983327767642e+41	3.672021183294487e+40	1.9918622993536914e+40	8.29160407158338e+39	2.447878431868942e+41	1.543538686590564e+41	1.0969983327767642e+41	8.013103591721663e+40
27081.111931112675	6.68634932340025e+41	3.952830322501879e+41	3.1698424043586813e+41	2.2631135214054733e+41	1.722721027733812e+41	1.1250413554801868e+41	3.7950741896651216e+40	2.064074460657148e+40	8.615127750066444e+39	2.4825447563945832e+41	1.5769664742831484e+41	1.1250413554801868e+41	8.240747011388892e+40
27613.9324354015	6.631546359248321e+41	3.9736193572093286e+41	3.214151372070582e+41	2.3124646679427424e+41	1.7677411475871145e+41	1.159944087721657e+41	3.9407210449274053e+40	2.1483718138210843e+40	8.988007215417297e+39	2.5322233558737476e+41	1.6200191055632289e+41	1.159944087721657e+41	8.518398156256358e+40
28156.094913050176	6.7660115261773545e+41	4.093264817721086e+41	3.32851948057314e+41	2.4057785582974544e+41	1.8436717590461917e+41	1.2131636028696623e+41	4.1389139555939133e+40	2.2596162136030748e+40	9.466731812061339e+39	2.6316568402840395e+41	1.690738090125545e+41	1.2131636028696623e+41	8.922843215082707e+40
28707.72350268555	6.7223107121431394e+41	4.119150998408097e+41	3.376559019573373e+41	2.4579332228726133e+41	1.8910787514411454e+41	1.2499602999669627e+41	4.2939071362110694e+40	2.349746922164216e+40	9.867531355941127e+39	2.684325453867465e+41	1.7360659811033224e+41	1.2499602999669627e+41	9.21628604106592e+40
29268.288854180748	6.5661447049961204e+41	4.065509944571022e+41	3.3656019116992333e+41	2.4724632094173808e+41	1.9121780573453197e+41	1.2715452485633299e+41	4.409227812850763e+40	2.4206580560688363e+40	1.0198345522725442e+40	2.6944589375753186e+41	1.7579376489697938e+41	1.2715452485633299e+41	9.406982415108927e+40
29838.60830925868	6.623885006864896e+41	4.149184279376397e+41	3.4607518647549012e+41	2.5584690451546587e+41	1.9852981121950428e+41	1.324986029979104e+41	4.618752638300135e+40	2.540015316565757e+40	1.071904744707102e+40	2.7842446729530205e+41	1.826769085290241e+41	1.324986029979104e+41	9.821344949642346e+40
30418.79578167287	6.639226815559074e+41	4.17608420141678e+41	3.504740144798859e+41	2.6067495455585826e+41	2.030076272751104e+41	1.3607498947388754e+41	4.776986659955165e+40	2.633632859622517e+40	1.1142585880140225e+40	2.8326996576239096e+41	1.8698573235771684e+41	1.3607498947388754e+41	1.0111510111385637e+41
31009.119174637457	6.597867384064784e+41	4.1901510251649285e+41	3.546250334018039e+41	2.657408871451144e+41	2.0781286661184323e+41	1.399574092785729e+41	4.949196096391488e+40	2.735376727510018e+40	1.1601952033324562e+40	2.8828033579847195e+41	1.916272653123404e+41	1.399574092785729e+41	1.0427270134012124e+41
31609.67858237684	6.454827954305967e+41	4.130334485542867e+41	3.532404683823463e+41	2.672498464570257e+41	2.101223187607169e+41	1.423923140568111e+41	5.083622064454879e+40	2.8188478351413937e+40	1.1995021378317623e+40	2.892759586622076e+41	1.9404167753786243e+41	1.423923140568111e+41	1.0645159966596905e+41
32220.23282355759	6.6268012747529594e+41	4.266528174194613e+41	3.66657583975903e+41	2.7855528703305867e+41	2.1950567701890807e+41	1.4912985853614283e+41	5.344754410009959e+40	2.967531112971356e+40	1.2644260119932893e+40	3.0122924571721147e+41	2.028300236106931e+41	1.4912985853614283e+41	1.1164398214678584e+41
32841.59199124244	6.520140367074342e+41	4.222748529191547e+41	3.667465326229644e+41	2.8129512543630596e+41	2.228437441958892e+41	1.5231229683033735e+41	5.508704838661594e+40	3.067900089562852e+40	1.3111428258611484e+40	3.0352504254258425e+41	2.0621034134162184e+41	1.5231229683033735e+41	1.144031135402401e+41
33473.74719570509	6.459128841227954e+41	4.19853666120891e+41	3.6756988902443705e+41	2.840625305989412e+41	2.260287867582313e+41	1.5530010632773093e+41	5.664701187845282e+40	3.1643438322828523e+40	1.3565457642126871e+40	3.0596807513150332e+41	2.0941361855466234e+41	1.5530010632773093e+41	1.1699677756761163e+41
34116.846730581194	6.4653598309885946e+41	4.223478357554879e+41	3.7315247639807055e+41	2.9071124699805504e+41	2.3233493067999473e+41	1.6041360238764477e+41	5.893252740664613e+40	3.299721194350043e+40	1.4178158200502192e+40	3.1255551347132774e+41	2.1550873506673814e+41	1.6041360238764477e+41	1.2116669999574203e+41
34770.71551067669	6.485504885218699e+41	4.2390720210479444e+41	3.768313719518022e+41	2.953772931559985e+41	2.369393812068442e+41	1.6433311918551239e+41	6.082935941802987e+40	3.4152472329063024e+40	1.4715785531581755e+40	3.1710764328012714e+41	2.200094371963373e+41	1.6433311918551239e+41	1.2445394271938943e+41
35435.90064205972	6.451312309897104e+41	4.231616878008865e+41	3.7954500805718755e+41	2.9989027437705107e+41	2.4163467606252743e+41	1.6845157159526506e+41	6.285382618112583e+40	3.5386645821348174e+40	1.5289982284494834e+40	3.2136166272367128e+41	2.2464196194623845e+41	1.6845157159526506e+41	1.2793778955443368e+41
36112.64808938416	6.342915037795301e+41	4.159855645817034e+41	3.7692156297819e+41	3.007026389377302e+41	2.4364093587424117e+41	1.7095913505204595e+41	6.444519564647366e+40	3.641085129386491e+40	1.5788256419936065e+40	3.21505381055578e+41	2.2685450840626754e+41	1.7095913505204595e+41	1.3031731768775612e+41
36801.28489798215	6.467565993351863e+41	4.251586017924595e+41	3.874702563398534e+41	3.1071341802886744e+41	2.5247547589053594e+41	1.7774303810472844e+41	6.734548085704706e+40	3.811625471666802e+40	1.6556798612601745e+40	3.3181596628102077e+41	2.352640480127664e+41	1.7774303810472844e+41	1.3573671311080584e+41
37501.58393037967	6.394666079553871e+41	4.198065116801435e+41	3.8648122960506205e+41	3.12864650373611e+41	2.5559603146661322e+41	1.8106480458940792e+41	6.927077540086457e+40	3.9335933251415545e+40	1.7143188799300881e+40	3.3337880338775434e+41	2.3852314538092094e+41	1.8106480458940792e+41	1.3875392041551851e+41
38214.294951193384	6.31043599070419e+41	4.1342859117904434e+41	3.837284284916373e+41	3.1313592407187358e+41	2.570559390553122e+41	1.831763539436789e+41	7.077737365610492e+40	4.0337359351940715e+40	1.764535944970457e+40	3.3303034166762094e+41	2.402127199728772e+41	1.831763539436789e+41	1.4085665430626098e+41
38939.51211627773	6.396734431059671e+41	4.193844980023571e+41	3.9238030424104095e+41	3.2243299435555436e+41	2.6568342534001777e+41	1.901129318180066e+41	7.390424524347959e+40	4.2202520844877803e+40	1.8496729931772468e+40	3.423774151419175e+41	2.4852359762638393e+41	1.901129318180066e+41	1.4651671107600758e+41
39677.046864984295	6.33135553155572e+41	4.132879606393882e+41	3.9025400629520656e+41	3.2359142518640374e+41	2.6806084321667956e+41	1.930319098135377e+41	7.580501724283791e+40	4.3442223122244626e+40	1.910847116744499e+40	3.4287426738661154e+41	2.5111895634209e+41	1.930319098135377e+41	1.4930262058617784e+41
40427.59503941219	6.283049268866496e+41	4.0884443146748476e+41	3.89214430446685e+41	3.252415898058039e+41	2.706620868269352e+41	1.959831331586732e+41	7.767744094648561e+40	4.466609032478365e+40	1.9715662933267574e+40	3.4399289978850296e+41	2.5388048418776366e+41	1.959831331586732e+41	1.5207190869762665e+41
41191.42396927099	6.3173110123338315e+41	4.100342210380141e+41	3.9382006050765534e+41	3.317466762591218e+41	2.7731453290356938e+41	2.0182426559092823e+41	8.06086851855796e+40	4.64703253642578e+40	2.0563743726364462e+40	3.502240563298887e+41	2.6043607399152752e+41	2.0182426559092823e+41	1.570409937692835e+41
41968.90488199941	6.284428735816882e+41	4.056634419016603e+41	3.924893794141571e+41	3.3312441458540137e+41	2.797637941631325e+41	2.0478044503387415e+41	8.258834552809916e+40	4.778028179095182e+40	2.122015492126666e+40	3.5103877897709796e+41	2.6308405393870117e+41	2.0478044503387415e+41	1.5988006097130887e+41
42759.90585624337	6.247143261224451e+41	4.0109614649282904e+41	3.915167408182502e+41	3.350962321967555e+41	2.8279249397307813e+41	2.0819497108389064e+41	8.475841217543236e+40	4.920183453422059e+40	2.1927454352118784e+40	3.524230157564296e+41	2.662911450977724e+41	2.0819497108389064e+41	1.6308291626324382e+41
43565.02939936146	6.2560009687908766e+41	3.994747800704682e+41	3.9348326323484485e+41	3.39668275266995e+41	2.880565034208706e+41	2.1327699612404113e+41	8.759271729593467e+40	5.099871532485204e+40	2.279536274838721e+40	3.565197914301547e+41	2.716120207356272e+41	2.1327699612404113e+41	1.6759184725540696e+41
44384.70661469312	6.24083808216307e+41	3.9616645409361144e+41	3.928409157462088e+41	3.4142041769505207e+41	2.907654635419117e+41	2.1642630820252974e+41	8.97142811949736e+40	5.24161789836801e+40	2.351400112078907e+40	3.577713457893397e+41	2.7449810334307664e+41	2.1642630820252974e+41	1.7060686034637025e+41
45218.81119249728	6.203699512784653e+41	3.908805317830338e+41	3.9101437453907886e+41	3.4273909079951373e+41	2.9335618341475045e+41	2.1966782266681833e+41	9.195828967306826e+40	5.391836421196867e+40	2.42762378781023e+40	3.584309928503974e+41	2.773312786751551e+41	2.1966782266681833e+41	1.7375969113850258e+41
46067.98221818374	6.213872428731198e+41	3.886681043759245e+41	3.924275068805212e+41	3.4700012034576285e+41	2.984923758318638e+41	2.248130149192952e+41	9.496111189382042e+40	5.584957325133748e+40	2.5222250712943636e+40	3.621472747370524e+41	2.8257383711842517e+41	2.248130149192952e+41	1.7840403144085374e+41
46932.656430902454	6.1924665779205106e+41	3.844218890408206e+41	3.906650199230738e+41	3.477873968134552e+41	3.004583628142698e+41	2.2753878945144377e+41	9.705726737940345e+40	5.729496709881848e+40	2.5975713555854236e+40	3.62368618129621e+41	2.8478925230057103e+41	2.2753878945144377e+41	1.8116820651382197e+41
47812.84431420654	6.1539679875941626e+41	3.7848406396117924e+41	3.879258772641365e+41	3.4828189195514064e+41	3.024061783869356e+41	2.304098538232725e+41	9.92814191319464e+40	5.882577446836133e+40	2.677251607575271e+40	3.6215461533798105e+41	2.8704044196241277e+41	2.304098538232725e+41	1.8410093326521426e+41
48709.13351171908	6.187449700564695e+41	3.7753637183763544e+41	3.904942058136373e+41	3.535167921117396e+41	3.0838813579900085e+41	2.3623206191179645e+41	1.0264162927432505e+41	6.099163512023897e+40	2.7838291992891204e+40	3.668924156436441e+41	2.9309095655578517e+41	2.3623206191179645e+41	1.8931665957282713e+41
49621.88710744833	6.144357601937849e+41	3.708832361828576e+41	3.8635504847331835e+41	3.525289921298884e+41	3.090843336833095e+41	2.3828614194144732e+41	1.0469274019128977e+41	6.246763173273203e+40	2.8633606887171735e+40	3.651575763549757e+41	2.941817547383503e+41	2.3828614194144732e+41	1.916948332467868e+41
50551.319907142424	6.0993004245380606e+41	3.645991497505429e+41	3.826128541194663e+41	3.516982515155047e+41	3.097483659539286e+41	2.4014268247214133e+41	1.0656821730846828e+41	6.383583905315722e+40	2.938390207505614e+40	3.636528136090184e+41	2.951925491175827e+41	2.4014268247214133e+41	1.9384108642478115e+41
51498.08959293273	6.153534456379625e+41	3.647641903179591e+41	3.859821318765601e+41	3.575047235419005e+41	3.1622544924587785e+41	2.464032709177039e+41	1.1022674699629087e+41	6.62134241072264e+40	3.056498544154425e+40	3.690050128324638e+41	3.0172303437663554e+41	2.464032709177039e+41	1.9946078016125076e+41
52462.35577549846	6.1065830182250305e+41	3.573495285451693e+41	3.811043431893069e+41	3.560073168678253e+41	3.1660545202422234e+41	2.4837064554716584e+41	1.1239820461128453e+41	6.780534780015124e+40	3.143711517571825e+40	3.666917399290294e+41	3.025535086122473e+41	2.4837064554716584e+41	2.0185796562710815e+41
53444.67934739376	6.049287333827886e+41	3.5006129232872705e+41	3.7588382957774924e+41	3.536515125293267e+41	3.159519135154854e+41	2.4932749509862095e+41	1.140718498472226e+41	6.911434910895869e+40	3.2193537651353543e+40	3.6362711231006365e+41	3.023314019613231e+41	2.4932749509862095e+41	2.0337579880015737e+41
54445.59066235859	6.0951121854211974e+41	3.4919795443515374e+41	3.776843931035379e+41	3.579098638937608e+41	3.211470580443283e+41	2.547669709810236e+41	1.1758258066615191e+41	7.146542362985316e+40	3.3395498566709604e+40	3.673733097971166e+41	3.0767842733805e+41	2.547669709810236e+41	2.0844852461815124e+41
55465.24015514235	6.0602804574067106e+41	3.4284243482025603e+41	3.7371835101926144e+41	3.5697994872526915e+41	3.218766242757682e+41	2.5688970534282744e+41	1.1981517006638874e+41	7.311659008261679e+40	3.431388071283589e+40	3.657178310781048e+41	3.0880454317034552e+41	2.5688970534282744e+41	2.1093960034302477e+41
56504.33812120732	6.069988828648214e+41	3.3890957290884986e+41	3.726614384063061e+41	3.590586690293008e+41	3.254274750769772e+41	2.6134285677245485e+41	1.231361790455641e+41	7.541476753372826e+40	3.5521872831973056e+40	3.670910646591168e+41	3.1266313756465326e+41	2.6134285677245485e+41	2.1536403118131733e+41
57563.38494534739	6.032158239568381e+41	3.3269660271733054e+41	3.679176121327079e+41	3.568166121496071e+41	3.248358963899757e+41	2.624205127557613e+41	1.2503484166562152e+41	7.691844580977699e+40	3.640250500897962e+40	3.6419535990036014e+41	3.125077445501829e+41	2.624205127557613e+41	2.1705755565163516e+41
58642.652178793556	5.9813039113459306e+41	3.257534878348528e+41	3.625592394443479e+41	3.540200144051627e+41	3.2369604785262036e+41	2.629774561983555e+41	1.2663778238110302e+41	7.824538883317762e+40	3.7209159463381965e+40	3.60738275095484e+41	3.118063093361279e+41	2.629774561983555e+41	2.1828040277915543e+41
59742.842021372046	6.026975162483357e+41	3.2441661898664605e+41	3.637799546195029e+41	3.577602973660305e+41	3.2850842216282126e+41	2.6826950312901323e+41	1.3032136971531338e+41	8.078311776257608e+40	3.8545930971943696e+40	3.639331177919331e+41	3.1682017547490918e+41	2.6826950312901323e+41	2.233471147767522e+41
60864.28464972007	5.9889756469361626e+41	3.1770416063310444e+41	3.587702572773131e+41	3.555327192003656e+41	3.2806950534523707e+41	2.696036510441914e+41	1.3246688996587675e+41	8.247732220998647e+40	3.9540494489999797e+40	3.60987779138693e+41	3.1684842233752247e+41	2.696036510441914e+41	2.253198150715501e+41
62007.7569612467	6.006120815969935e+41	3.1412087581737616e+41	3.576583510148228e+41	3.5728476950685054e+41	3.312662489570805e+41	2.738151535641714e+41	1.3586156660654689e+41	8.489962873235009e+40	4.085670785065133e+40	3.620765850956799e+41	3.203659442037468e+41	2.738151535641714e+41	2.296162478783202e+41
63173.61379681561	5.963672649587612e+41	3.074910693133248e+41	3.5213084194714495e+41	3.5410355647709765e+41	3.298023165235302e+41	2.742613927607169e+41	1.3766636896177722e+41	8.643049044875774e+40	4.180441801210942e+40	3.582508329655265e+41	3.1937992645560924e+41	2.742613927607169e+41	2.3087030249819447e+41
64362.665920669824	5.901866569255585e+41	3.003257018185779e+41	3.45731020842408e+41	3.496786017846627e+41	3.2696047828751257e+41	2.7336647960427638e+41	1.3873323313226878e+41	8.751615599917374e+40	4.255775315070609e+40	3.532610860520296e+41	3.1700218198950467e+41	2.7336647960427638e+41	2.3092623250324457e+41
65575.34913475541	5.934908994753429e+41	2.97822760561149e+41	3.4527306476044205e+41	3.5170164143657235e+41	3.3028497835432613e+41	2.776317891986817e+41	1.4220297280220267e+41	9.001964241427671e+40	4.393908278698058e+40	3.54698449672515e+41	3.2062110733656115e+41	2.776317891986817e+41	2.3527266946096636e+41
66812.55530769113	5.900599876647693e+41	2.9174872036426514e+41	3.4030247027481994e+41	3.48928577031579e+41	3.2910629028723165e+41	2.7824000967594474e+41	1.4410392644664835e+41	9.1641070459454e+40	4.495588600796502e+40	3.513264164638719e+41	3.1988739280359746e+41	2.7824000967594474e+41	2.36646840835101e+41
68074.57475380274	5.93109415573559e+41	2.8905280529405744e+41	3.395033927897087e+41	3.505188123523672e+41	3.320121880545965e+41	2.8219344755944277e+41	1.4753860607346312e+41	9.417090434273353e+40	4.637964228916653e+40	3.52342282216326e+41	3.2310392902452745e+41	2.8219344755944277e+41	2.4077766512331367e+41
69362.43301355313	5.896816889185605e+41	2.8303256285386854e+41	3.34376390310183e+41	3.4743235910205946e+41	3.304888444887115e+41	2.8250061274904187e+41	1.4934565449111491e+41	9.576640388016477e+40	4.740810724816273e+40	3.486844558325012e+41	3.2202767628726523e+41	2.8250061274904187e+41	2.419123255384884e+41
70676.56512611324	5.9238302215397966e+41	2.801398946325892e+41	3.3314339022556323e+41	3.4844672198354687e+41	3.3282222587079724e+41	2.859907039283796e+41	1.5264415256924985e+41	9.825516365031496e+40	4.884178810251601e+40	3.491438139089255e+41	3.246870039416942e+41	2.859907039283796e+41	2.45685948636998e+41
72017.9664332314	5.894024849536983e+41	2.7456238002362098e+41	3.2821526589892803e+41	3.45300296592245e+41	3.3112845274324533e+41	2.8607873975953304e+41	1.5435211220758303e+41	9.981457681279102e+40	4.987552842024199e+40	3.4548257819943853e+41	3.2341988174669744e+41	2.8607873975953304e+41	2.4662040333336195e+41
73387.19661867709	5.923634694334637e+41	2.7207536670101568e+41	3.271902536397088e+41	3.462747953050428e+41	3.332810761738288e+41	2.892691143647846e+41	1.5739366662102484e+41	1.0213641490169222e+41	5.123871856306511e+40	3.45962251557108e+41	3.2586420498139785e+41	2.892691143647846e+41	2.5006988284678315e+41
74785.18543443621	5.906672779336172e+41	2.6729464313079602e+41	3.2283932124650267e+41	3.434369621021828e+41	3.31782751920506e+41	2.8950973245182533e+41	1.5930714916094383e+41	1.038818551695391e+41	5.239659157710667e+40	3.4266912306483376e+41	3.247729744598769e+41	2.8950973245182533e+41	2.511730450840019e+41
76212.61221917481	5.9457893812486085e+41	2.6574949402405816e+41	3.2255008576839684e+41	3.4476624926341747e+41	3.340238475708219e+41	2.9252310880270034e+41	1.62115082678899e+41	1.0605921564842253e+41	5.370766238674038e+40	3.436063942337577e+41	3.272348577185565e+41	2.9252310880270034e+41	2.543624190185331e+41
77670.49996646674	5.9502698594473774e+41	2.62143759962605e+41	3.1925467016452294e+41	3.4279648681483937e+41	3.3328182570082007e+41	2.9339270843132245e+41	1.644095085905579e+41	1.0807298895760959e+41	5.50155448263355e+40	3.412274472852463e+41	3.2686996421568932e+41	2.9339270843132245e+41	2.560175853299482e+41
79159.55011813123	6.008705687342982e+41	2.619607442305653e+41	3.201628034762246e+41	3.4496880594871968e+41	3.3610740989881225e+41	2.9670446399118836e+41	1.6727308157887462e+41	1.1028956176323653e+41	5.636004559040303e+40	3.4310506595076537e+41	3.2984467048993933e+41	2.9670446399118836e+41	2.5938175221218953e+41
80680.67026520887	6.040626565813371e+41	2.6008028821994108e+41	3.1849390999524724e+41	3.4430455033807723e+41	3.3641101069554644e+41	2.9829632059381507e+41	1.6987273775039145e+41	1.12506201070688e+41	5.778271851861566e+40	3.4212435355805117e+41	3.3044913286590082e+41	2.9829632059381507e+41	2.6159047055169984e+41
82234.97744438754	6.1289985173608066e+41	2.617038601545345e+41	3.211065033240202e+41	3.478793822219077e+41	3.4039400895790453e+41	3.0244216699781685e+41	1.730826298215963e+41	1.149378530660182e+41	5.923915375168366e+40	3.4549094938773803e+41	3.345075140137114e+41	3.0244216699781685e+41	2.6560406466825153e+41
83823.2764156055	6.1955591418934836e+41	2.6206305468590507e+41	3.2162832514112457e+41	3.490081132682209e+41	3.4212112931370686e+41	3.0496857113005155e+41	1.759940212165545e+41	1.1734131826272247e+41	6.07617768269833e+40	3.4642715976529442e+41	3.36422397632085e+41	3.0496857113005155e+41	2.684874979969448e+41
85446.78311090042	6.324228292111744e+41	2.6594168357290105e+41	3.2645122580502333e+41	3.5451303253785555e+41	3.4778071932545215e+41	3.1042143907549365e+41	1.7982198775174614e+41	1.2016109702172888e+41	6.241229615341117e+40	3.518085707598874e+41	3.4207706598573462e+41	3.1042143907549365e+41	2.735713978273237e+41
87106.35587745452	6.480279181187312e+41	2.7203635657723225e+41	3.331883049338261e+41	3.611903889872754e+41	3.541423086518952e+41	3.16185200397442e+41	1.838533537411931e+41	1.2318269168267788e+41	6.420876867081066e+40	3.585587570555578e+41	3.4832024414527227e+41	3.16185200397442e+41	2.78867814397296e+41
88803.11962199051	6.647683340019205e+41	2.772101036466579e+41	3.39576216104697e+41	3.68557325922994e+41	3.617425155347224e+41	3.234530178459928e+41	1.8869532815037144e+41	1.266464183770857e+41	6.617407243333719e+40	3.657414898847835e+41	3.559110838218064e+41	3.234530178459928e+41	2.855600904515677e+41
90538.37659069587	6.853687622858887e+41	2.856012317784271e+41	3.488461441450871e+41	3.777730705845197e+41	3.704678833736577e+41	3.311692361524519e+41	1.9368891857685766e+41	1.3027487774603232e+41	6.827165239617433e+40	3.750588989600857e+41	3.644414911315868e+41	3.311692361524519e+41	2.924882247611065e+41
92313.15598589987	7.06851121806689e+41	2.9411949961987173e+41	3.5789249982753415e+41	3.8680021101543324e+41	3.7919864269819916e+41	3.391295290907375e+41	1.989001311885038e+41	1.3401674842651906e+41	7.040513051618837e+40	3.841397214224187e+41	3.730395857986357e+41	3.391295290907375e+41	2.9972215488668167e+41
94128.72875445489	7.330027591880276e+41	3.0542662872786915e+41	3.70514054206228e+41	3.9928865342518544e+41	3.9082304302157555e+41	3.490028374943377e+41	2.0467757749451304e+41	1.3808308058217406e+41	7.2705827978677335e+40	3.9680818831473464e+41	3.843210210008323e+41	3.490028374943377e+41	3.08301053693092e+41
95986.3308952598	7.637732895155833e+41	3.1916681518962926e+41	3.855349039126886e+41	4.139607293874254e+41	4.044579436118962e+41	3.6060887945696166e+41	2.1138401091230227e+41	1.4271396581537616e+41	7.525530041434796e+40	4.117210142955057e+41	3.975573636623832e+41	3.6060887945696166e+41	3.1838770709471157e+41
97887.51054685235	7.958957250782446e+41	3.33079818052839e+41	4.00692962980498e+41	4.289912194560218e+41	4.1860875701482784e+41	3.727962837839956e+41	2.18400442386484e+41	1.4753873658972317e+41	7.791026312772451e+40	4.269249820431792e+41	4.113412508447347e+41	3.727962837839956e+41	3.2900089871379996e+41
99833.5564037346	8.313850802499728e+41	3.488640584201225e+41	4.181395148967606e+41	4.461025036443199e+41	4.344691048522538e+41	3.861946479271852e+41	2.260490289718014e+41	1.5281835027021523e+41	8.082105202769646e+40	4.443158682513173e+41	4.267163920442266e+41	3.861946479271852e+41	3.4058387295126924e+41
101825.93206512356	8.71034054888464e+41	3.6681484745444546e+41	4.377773276612085e+41	4.653360419765114e+41	4.523302079808299e+41	4.012646826424554e+41	2.34352794940083e+41	1.5841027970979859e+41	8.38289845561468e+40	4.638552456376089e+41	4.44037163236138e+41	4.012646826424554e+41	3.535310660070359e+41
103866.19260911243	9.134854922558299e+41	3.8624830562456065e+41	4.588472819717025e+41	4.857625427894406e+41	4.711976750596501e+41	4.171231439486588e+41	2.431595151160931e+41	1.6438905169152766e+41	8.707203420263477e+40	4.846562513081482e+41	4.623114081525528e+41	4.171231439486588e+41	3.671585082908872e+41
105956.08857601184	9.55372620262941e+41	4.04407441024201e+41	4.792588878725063e+41	5.061909629171096e+41	4.9031050287265824e+41	4.3332013624985114e+41	2.5218678827657965e+41	1.7052024192023176e+41	9.039603765076259e+40	5.0532244520195885e+41	4.808711361460447e+41	4.3332013624985114e+41	3.811044553201463e+41
108097.1492518728	1.000537734814804e+42	4.243455550506762e+41	5.01199030657316e+41	5.278815473269524e+41	5.105939517641678e+41	4.505843617214705e+41	2.617977876858967e+41	1.7699866574155265e+41	9.387836483447398e+40	5.2730230705334224e+41	5.005812832293396e+41	4.505843617214705e+41	3.960044556625619e+41
110291.06559926459	1.0483068985153407e+42	4.45990471257623e+41	5.2488463504712544e+41	5.509464911981401e+41	5.319088358160178e+41	4.6847989860141925e+41	2.7170315250054964e+41	1.8372048376793085e+41	9.752746512631232e+40	5.507753461345307e+41	5.212235969236599e+41	4.6847989860141925e+41	4.113643436487606e+41
112539.69540456009	1.0976701706415763e+42	4.680996522099135e+41	5.494388904761974e+41	5.75153745748169e+41	5.5436339726454266e+41	4.87316708827272e+41	2.819937941604856e+41	1.9065619531909067e+41	1.012661111714463e+41	5.753517286524905e+41	5.429774249225201e+41	4.87316708827272e+41	4.274805595176786e+41
114844.97279329093	1.1470309836135805e+42	4.895529403666339e+41	5.735834718155312e+41	5.992983554721154e+41	5.769782741052549e+41	5.065350473843374e+41	2.9267030719674193e+41	1.978635073753084e+41	1.051519687523492e+41	5.997771066657032e+41	5.649506130091283e+41	5.065350473843374e+41	4.440436400232186e+41
117208.90915956123	1.1942145480758534e+42	5.090601578307072e+41	5.959888968995072e+41	6.2222404325669365e+41	5.987558267377796e+41	5.2533380086305876e+41	3.0331638757335344e+41	2.050929901541976e+41	1.0907706233929636e+41	6.228393875666791e+41	5.8619148573387406e+41	5.2533380086305876e+41	4.603701436038068e+41
119633.59796883038	1.2384980970289131e+42	5.264830260347055e+41	6.164183033859391e+41	6.435505628654915e+41	6.1925526296389755e+41	5.432880002744112e+41	3.1378042453480916e+41	2.1228995199918902e+41	1.130352727050453e+41	6.441915975289451e+41	6.06252211529122e+41	5.432880002744112e+41	4.761044318239701e+41
122121.22535095879	1.2813411799993044e+42	5.4320229162730365e+41	6.3596329312807935e+41	6.639021841138508e+41	6.3881758564093034e+41	5.604695366433998e+41	3.2392936512222897e+41	2.1931999452677697e+41	1.16935076786642e+41	6.645758840708451e+41	6.25402296967782e+41	5.604695366433998e+41	4.91213451245093e+41
124674.08788856477	1.3223474105793794e+42	5.588059328036061e+41	6.5448862129915985e+41	6.833832594423581e+41	6.576403151444244e+41	5.77112033844035e+41	3.3387431467828605e+41	2.2623812175211936e+41	1.2079558469145599e+41	6.840471845522321e+41	6.4385585813653445e+41	5.77112033844035e+41	5.0590840131880936e+41
127294.59838031646	1.3606601139672256e+42	5.726137087609057e+41	6.71555710154526e+41	7.018096186738141e+41	6.756010030820836e+41	5.930761006829896e+41	3.43510433671404e+41	2.3300450848974536e+41	1.246237031695485e+41	7.023736863276562e+41	6.61493069641001e+41	5.930761006829896e+41	5.200340886296968e+41
129985.27665955489	1.3951696707202434e+42	5.837092828690817e+41	6.8598922121657555e+41	7.181840873435356e+41	6.920591015510682e+41	6.0822414872660805e+41	3.529597066654578e+41	2.3965174076600533e+41	1.2838903973817877e+41	7.184643513758579e+41	6.7779296862373335e+41	6.0822414872660805e+41	5.336579593899016e+41
132748.77336911592	1.4247934772275786e+42	5.917657191869006e+41	6.974832383507521e+41	7.320273575710742e+41	7.063488892350208e+41	6.2175688366677415e+41	3.6187952577022215e+41	2.4607871501743437e+41	1.3211248206049067e+41	7.319029537226086e+41	6.920416454234511e+41	6.2175688366677415e+41	5.460397024064027e+41
135587.8677787669	1.4487164194338044e+42	5.964293652885226e+41	7.05561208331761e+41	7.428813148372309e+41	7.180943264983136e+41	6.33404530226214e+41	3.700320527881458e+41	2.5206934320217734e+41	1.3565853243023643e+41	7.422114430308844e+41	7.038901061127087e+41	6.33404530226214e+41	5.5694150710692346e+41
138505.47064130165	1.4662733163492017e+42	5.974143940437096e+41	7.099344054381833e+41	7.504600530629648e+41	7.270118211146415e+41	6.429007230471776e+41	3.772468725275506e+41	2.5750591025833834e+41	1.3896366553449496e+41	7.491036220232755e+41	7.130567513805441e+41	6.429007230471776e+41	5.661202644116581e+41
141504.65456934136	1.4771007413626055e+42	5.941801546018319e+41	7.098831912816143e+41	7.541553399776346e+41	7.326956263906151e+41	6.501343423376866e+41	3.836986141305875e+41	2.6254726163181467e+41	1.4212053575319741e+41	7.51915722386729e+41	7.192033390857506e+41	6.501343423376866e+41	5.736119552331901e+41
144588.5316934469	1.4835475278620508e+42	5.893144112276187e+41	7.077166753172194e+41	7.55384610077347e+41	7.358986871436147e+41	6.5517251162900954e+41	3.890690523970753e+41	2.669508290526966e+41	1.4500556389375264e+41	7.523173259626294e+41	7.229037700924999e+41	6.5517251162900954e+41	5.792300542213599e+41
147760.5980264428	1.4838739936409854e+42	5.80978686364542e+41	7.024001105237322e+41	7.540236871067473e+41	7.368839502947006e+41	6.584495617690062e+41	3.935141625963555e+41	2.7076434833615867e+41	1.4761539372687513e+41	7.49984469721302e+41	7.244917785330668e+41	6.584495617690062e+41	5.8336113664830966e+41
151024.4359012057	1.4765758032487264e+42	5.678295989678756e+41	6.921576618400433e+41	7.485025737956554e+41	7.344646107900893e+41	6.593313090506667e+41	3.969812586526528e+41	2.739740149053833e+41	1.4993316521712465e+41	7.43240890026733e+41	7.229072634712344e+41	6.593313090506667e+41	5.8565084023103535e+41
154383.81281494696	1.4610332894242103e+42	5.5033709121708226e+41	6.76695754799939e+41	7.377266284809525e+41	7.273056206917285e+41	6.565921246956466e+41	3.991131133723393e+41	2.764935626897485e+41	1.5199984723669028e+41	7.311533494454593e+41	7.167998005557234e+41	6.565921246956466e+41	5.8512403515773425e+41
157842.6523370286	1.4379837888716045e+42	5.292888532039092e+41	6.5711662829273214e+41	7.22737106880584e+41	7.161243825698548e+41	6.503713217292157e+41	3.994518540640274e+41	2.7792415847889947e+41	1.535803420773744e+41	7.148307027242047e+41	7.067629395130649e+41	6.503713217292157e+41	5.8160541497111196e+41
161405.23156265853	1.4106109232329215e+42	5.064902971606688e+41	6.351673256453244e+41	7.051292877112193e+41	7.024599542082443e+41	6.420781655805071e+41	3.9864314954087325e+41	2.7857015786932246e+41	1.5475341747941901e+41	6.9589782450767805e+41	6.9431797264211325e+41	6.420781655805071e+41	5.7632267874109956e+41
165075.8874841375	1.3766812795239692e+42	4.8020655990683376e+41	6.093712060090274e+41	6.837545435771778e+41	6.852786681635055e+41	6.308164130428291e+41	3.963686182979463e+41	2.7833135566567213e+41	1.555238141795841e+41	6.731418947681633e+41	6.784574303367645e+41	6.308164130428291e+41	5.685271006181252e+41
168859.39932870725	1.337821180416367e+42	4.5174945224136444e+41	5.804102418985502e+41	6.588067834407463e+41	6.646774183625168e+41	6.166940364818387e+41	3.926570445802422e+41	2.771778117095995e+41	1.5584642808795406e+41	6.468381736844524e+41	6.592735969286635e+41	6.166940364818387e+41	5.583299794022951e+41
172760.57980003438	1.293687285153884e+42	4.210107069852013e+41	5.4841978807851204e+41	6.304777610122985e+41	6.4076956277773875e+41	5.996971708286291e+41	3.8745056784910996e+41	2.750856088941023e+41	1.55722305833192e+41	6.171886060252498e+41	6.368496336739579e+41	5.996971708286291e+41	5.456700227544163e+41
176784.75742779853	1.2439329693876871e+42	3.8855720121523436e+41	5.1363544645679355e+41	5.98728806423279e+41	6.134391038079263e+41	5.796964826682158e+41	3.807057388284785e+41	2.7204774879463696e+41	1.5516621436462228e+41	5.842048862003057e+41	6.1105966376291114e+41	5.796964826682158e+41	5.304377174060012e+41
180937.3523175077	1.1871051890596424e+42	3.5460640042163756e+41	4.765391367097803e+41	5.641709563523135e+41	5.832359567437275e+41	5.570489329997031e+41	3.723776178624515e+41	2.6792646061755465e+41	1.5403150996900844e+41	5.48491711517676e+41	5.824183126415807e+41	5.570489329997031e+41	5.1284694756724694e+41
185224.29794884875	1.1233338829404165e+42	3.2031907675666177e+41	4.378279602291267e+41	5.269397653047785e+41	5.500637457089933e+41	5.315374981309722e+41	3.624328351488329e+41	2.6280954089995064e+41	1.5244411177684033e+41	5.1030571665942124e+41	5.5078531905439416e+41	5.315374981309722e+41	4.926924482741632e+41
189651.69275195873	1.0546722832202406e+42	2.855013736086035e+41	3.975409106068803e+41	4.8722417379584946e+41	5.1407535258192566e+41	5.0317806684566936e+41	3.50645734474863e+41	2.5643361717000734e+41	1.5019952767714446e+41	4.698219674518763e+41	5.162879024100694e+41	5.0317806684566936e+41	4.698987412209168e+41
194226.09459823242	9.862184846406445e+41	2.5202366052405447e+41	3.574309012689735e+41	4.462876273344723e+41	4.7622090968149744e+41	4.725899616719484e+41	3.3718028221516575e+41	2.4887682200049508e+41	1.4733523551409989e+41	4.284332516898075e+41	4.7979489270867495e+41	4.725899616719484e+41	4.4490905523766695e+41
198954.46820106523	9.174363124309425e+41	2.19638488254845e+41	3.1788191353778247e+41	4.049879600042377e+41	4.373418745678521e+41	4.403255922592042e+41	3.2215601199053333e+41	2.4019220075913187e+41	1.4385060294156685e+41	3.869329791116728e+41	4.421000591271806e+41	4.403255922592042e+41	4.1807726797529985e+41
203844.2929410183	8.476369886420903e+41	1.886051477504223e+41	2.786321421671253e+41	3.629303980114671e+41	3.972752832528997e+41	4.0662640419434464e+41	3.058734157043131e+41	2.305317582420728e+41	1.397972008910943e+41	3.4489795869337962e+41	4.0313420568463735e+41	4.0662640419434464e+41	3.897895952704299e+41
208903.3701493703	7.772386942038087e+41	1.5995094132318751e+41	2.4075269509992665e+41	3.206814935274604e+41	3.561445546882125e+41	3.712244806598228e+41	2.8822917446106274e+41	2.1991035215320646e+41	1.3520452849703953e+41	3.0305643484892743e+41	3.629050898075841e+41	3.712244806598228e+41	3.597281160540458e+41
214140.08561290594	7.073385085369522e+41	1.3435346990419035e+41	2.056052069422555e+41	2.7986386522287758e+41	3.1537030175170855e+41	3.3495327752599772e+41	2.690475057989952e+41	2.080875042016754e+41	1.2993323441993314e+41	2.630308253005176e+41	3.227256811890974e+41	3.3495327752599772e+41	3.28305178019476e+41
219563.38415001438	6.392193034602845e+41	1.1176758462446596e+41	1.7343558548505507e+41	2.411545917936842e+41	2.758676884156871e+41	2.988563979493587e+41	2.4895148200771317e+41	1.95407147592309e+41	1.2409361306162266e+41	2.2539122616328447e+41	2.8356140179891993e+41	2.988563979493587e+41	2.9650970221068345e+41
225182.81275108733	5.7409417061575445e+41	9.291443445979944e+40	1.4505016875833225e+41	2.0522316239216867e+41	2.3816863630260136e+41	2.6332010728168174e+41	2.28117833167179e+41	1.8195236199789613e+41	1.1769657093678565e+41	1.9085578859960534e+41	2.4590664603447985e+41	2.6332010728168174e+41	2.6466014422252978e+41
231008.51305450327	5.128551915814042e+41	7.745706475423522e+40	1.2091667308232468e+41	1.7328795705244419e+41	2.0364250440631284e+41	2.2948216457581757e+41	2.0691985662145144e+41	1.6792765177295315e+41	1.108381159396263e+41	1.6050456892816638e+41	2.11115583531742e+41	2.2948216457581757e+41	2.336194031801668e+41
237051.43062763076	4.568546070347853e+41	6.48005837814452e+40	1.0081476870814264e+41	1.457748131103681e+41	1.7317992143779034e+41	1.9869993736696592e+41	1.864695456211093e+41	1.5402936196418232e+41	1.0381267798883384e+41	1.3458859648356301e+41	1.8020553120781527e+41	1.9869993736696592e+41	2.0484552188896173e+41
243323.23955851205	4.0657895215014645e+41	5.491684413362272e+40	8.453578376645495e+40	1.2260467733845477e+41	1.4681135976557134e+41	1.7102317854774015e+41	1.667490016167127e+41	1.4028752955341895e+41	9.668565466941786e+40	1.129803644945577e+41	1.5322495093422023e+41	1.7102317854774015e+41	1.783471010997311e+41
249836.41767190723	3.623365022200451e+41	4.720549403627991e+40	7.171192210016747e+40	1.0376118470499986e+41	1.2483193096305335e+41	1.4717578587688199e+41	1.4861078271741102e+41	1.272586229203933e+41	8.966643859785864e+40	9.55622645650901e+40	1.3056841592851061e+41	1.4717578587688199e+41	1.5503403893698375e+41
256604.41974007315	3.239114868366775e+41	4.0928379695598394e+40	6.130388217008983e+40	8.837683610960842e+40	1.0667509434414279e+41	1.2699725390871641e+41	1.32308859448418e+41	1.1524722077025725e+41	8.301739382009325e+40	8.138124765520483e+40	1.1176581778157815e+41	1.2699725390871641e+41	1.3493701777091986e+41
263641.63827448565	2.913019893517723e+41	3.5957833865186365e+40	5.321225978061266e+40	7.626960295046754e+40	9.214180271925208e+40	1.1040832959941662e+41	1.1814350513317802e+41	1.0454197693657654e+41	7.69041069536059e+40	7.0276614006287555e+40	9.6629793285495e+40	1.1040832959941662e+41	1.1811980200489746e+41
270963.6087906408	2.634810880697193e+41	3.1928094258722776e+40	4.670475416847935e+40	6.653239649791727e+40	8.036878407151251e+40	9.671577434569621e+40	1.0579401373984278e+41	9.498735578900303e+40	7.131875874401564e+40	6.135593409639843e+40	8.43278210134061e+40	9.671577434569621e+40	1.040121738192157e+41
278587.0157865409	2.3974621087779695e+41	2.8450239142500166e+40	4.1188068871454393e+40	5.842020379815722e+40	7.064808483846275e+40	8.54548668687712e+40	9.53699899398525e+40	8.674259328801254e+40	6.6357402669976815e+40	5.389322624331664e+40	7.418872822115628e+40	8.54548668687712e+40	9.236776126412633e+40
286529.87701062567	2.1943404965545905e+41	2.541887942169232e+40	3.6479131292692173e+40	5.157836548694933e+40	6.249650024224019e+40	7.606109026746004e+40	8.660160255442947e+40	7.970155506264158e+40	6.201277211190419e+40	4.758348272260456e+40	6.56986556160697e+40	7.606109026746004e+40	8.266182304260184e+40
294811.63611169	2.018629011145939e+41	2.282941468303452e+40	3.25220382226326e+40	4.582289832372896e+40	5.561410689583851e+40	6.80828495373646e+40	7.90417381742836e+40	7.358156743910157e+40	5.818185106589389e+40	4.228122886446982e+40	5.852175554257998e+40	6.80828495373646e+40	7.438176408374495e+40
303453.32190787536	1.862293451406057e+41	2.0453121890452313e+40	2.8976081308189164e+40	4.072970989906853e+40	4.955811965947506e+40	6.110475145558584e+40	7.241071629232687e+40	6.816944245569283e+40	5.476110623124496e+40	3.757764577207523e+40	5.221629086638542e+40	6.110475145558584e+40	6.715295210445601e+40
312477.7073914679	1.7215044798216512e+41	1.8457902015703738e+40	2.597310695748419e+40	3.6299765419758205e+40	4.421440152378333e+40	5.48799823659225e+40	6.641545010622874e+40	6.321890893631637e+40	5.156664082923292e+40	3.3513545493476776e+40	4.66346796926627e+40	5.48799823659225e+40	6.067975082519263e+40
321909.485523435	1.5939711744129766e+41	1.632147273359966e+40	2.301475708644305e+40	3.226416367657384e+40	3.9504774703265093e+40	4.952813569080726e+40	6.12327906002549e+40	5.885433055503707e+40	4.867179425452096e+40	2.97504163058775e+40	4.175096630930792e+40	4.952813569080726e+40	5.514652051711183e+40
331775.4756824252	1.475717344438274e+41	1.4505395260975064e+40	2.0420743443856757e+40	2.8507780380106618e+40	3.4973148909810155e+40	4.427683898629381e+40	5.638506835345751e+40	5.488653726003445e+40	4.606997180219817e+40	2.629959871337173e+40	3.701823868526949e+40	4.427683898629381e+40	4.974468487035543e+40
342104.8480442052	1.365718087056943e+41	1.278850500459646e+40	1.8051846282421442e+40	2.5160253149366233e+40	3.0939661105501717e+40	3.9552409157182784e+40	5.184268086673064e+40	5.110930306573598e+40	4.356471555332564e+40	2.3213911440768388e+40	3.2799866387878717e+40	3.9552409157182784e+40	4.482897978152918e+40
352929.413410236	1.262892393955853e+41	1.1127154228359092e+40	1.5799946348510853e+40	2.2043728208794004e+40	2.720767039563691e+40	3.519580561925238e+40	4.767965672180801e+40	4.762421069136339e+40	4.1197247254439583e+40	2.0329798031582093e+40	2.8900608319449586e+40	3.519580561925238e+40	4.030634400912267e+40
364283.8826609945	1.1663554474109188e+41	9.64820763111333e+39	1.380514750357e+40	1.9230959332598433e+40	2.374966058189725e+40	3.101051962396961e+40	4.361463202936061e+40	4.4295057960907545e+40	3.9002893738515395e+40	1.7746505927044118e+40	2.5256699932654754e+40	3.101051962396961e+40	3.5892441914579306e+40
376206.2332878596	1.0754612696725612e+41	8.340605558540775e+39	1.2095414242148322e+40	1.687018526217498e+40	2.0816855231809107e+40	2.732596982156393e+40	3.9664656056774115e+40	4.0933791489854876e+40	3.671516164562744e+40	1.557538240042111e+40	2.2146149595674496e+40	2.732596982156393e+40	3.188506258975393e+40
388738.088419919	9.89789338327056e+40	7.083354738017588e+39	1.0426664773782238e+40	1.4591108397271503e+40	1.8011594453001763e+40	2.38345760105987e+40	3.6032189006043244e+40	3.786253903080773e+40	3.458103725892315e+40	1.3471298278529262e+40	1.917746267283877e+40	2.38345760105987e+40	2.8116198400796004e+40
401925.1587065191	9.091767863666424e+40	5.963824747657769e+39	8.944256948167324e+39	1.2598751379741898e+40	1.5555853762595872e+40	2.0700947658400875e+40	3.2522401903048124e+40	3.4837620318749613e+40	3.245803388696653e+40	1.162628336568916e+40	1.6569627175354226e+40	2.0700947658400875e+40	2.4650408129402184e+40
415817.75242726714	8.330950909771898e+40	4.966921102728428e+39	7.621025910391189e+39	1.08389591765801e+40	1.3376918292863083e+40	1.7842983009141155e+40	2.911154668051358e+40	3.186385450321464e+40	3.0368719457011013e+40	9.99374066642898e+39	1.4245792775906535e+40	1.7842983009141155e+40	2.141473617525225e+40
430471.3600570313	7.616242138625238e+40	4.07047923477978e+39	6.397804935285253e+39	9.210621873817526e+39	1.1370279744707458e+40	1.519652523203205e+40	2.5868495528289507e+40	2.903713538705067e+40	2.8388689397889066e+40	8.480364664332217e+39	1.210614770061404e+40	1.519652523203205e+40	1.8388947507396432e+40
445947.3403897637	6.943692697320591e+40	3.30437653086519e+39	5.335290146602454e+39	7.813135969083624e+39	9.662994303848242e+39	1.2911409750600154e+40	2.278637064863144e+40	2.6235305119591674e+40	2.635389417950259e+40	7.175412257813595e+39	1.0285321519360001e+40	1.2911409750600154e+40	1.5708334453054862e+40
462313.70568658196	6.312829755976703e+40	2.646660127914987e+39	4.3946622798925456e+39	6.572524700722765e+39	8.156899650767298e+39	1.0878612754419536e+40	1.9857702560263636e+40	2.3521639172331504e+40	2.4365142498615296e+40	6.014732592157948e+39	8.67984505515562e+39	1.0878612754419536e+40	1.3278690269078276e+40
479646.033312759	5.721801280081238e+40	2.094575780184018e+39	3.574932983619775e+39	5.483548322465822e+39	6.849073138790758e+39	9.117858179568409e+39	1.7121971106269756e+40	2.0891929257671563e+40	2.2381631596224026e+40	4.9940930624806246e+39	7.289762756041436e+39	9.117858179568409e+39	1.1140403981323308e+40
498028.5458519704	5.170122903227179e+40	1.6435518087657386e+39	2.8745288422610774e+39	4.5348739149490386e+39	5.71573418957899e+39	7.594943601444538e+39	1.4572070046519717e+40	1.8358709456264847e+40	2.0429801526114452e+40	4.106031195996686e+39	6.087828807845513e+39	7.594943601444538e+39	9.262068919441696e+39
517555.3717282914	4.655382716569659e+40	1.2811370235570507e+39	2.282899519999429e+39	3.7120959181896096e+39	4.7405318720089533e+39	6.311247525781796e+39	1.2275794419061725e+40	1.5948900802776398e+40	1.8469366175811144e+40	3.337655275090088e+39	5.0589072316364637e+39	6.311247525781796e+39	7.672968703264661e+39
538332.0239267049	4.17760197951249e+40	9.964135393936861e+38	1.7926966721996298e+39	3.003641481193018e+39	3.899279785051437e+39	5.220202532637104e+39	1.0200645993689654e+40	1.366510895907214e+40	1.653995408248676e+40	2.6800081973545843e+39	4.173849570875419e+39	5.220202532637104e+39	6.318720090120017e+39
560477.167678263	3.735334108560785e+40	7.783093868967262e+38	1.3967056259586384e+39	2.4009896180083196e+39	3.1734052589305666e+39	4.28677806766031e+39	8.346460780308328e+39	1.1527680295893857e+40	1.4663682155689972e+40	2.126319823271105e+39	3.4100481987970844e+39	4.28677806766031e+39	5.163731508872373e+39
584124.7144483373	3.326790110378569e+40	6.134444705059729e+38	1.0832343954661875e+39	1.897620636765328e+39	2.5576552552221943e+39	3.508943510567112e+39	6.768224051848323e+39	9.58725593388774e+39	1.2830493816002982e+40	1.6689857804293585e+39	2.7623735959666726e+39	3.508943510567112e+39	4.217231385759777e+39
609426.3260621709	2.9510691223636967e+40	4.904780157610023e+38	8.416212506365332e+38	1.4859690993035094e+39	2.0397750868039545e+39	2.8547836266602114e+39	5.438881047730525e+39	7.851433623823653e+39	1.1066118481907383e+40	1.300250846384865e+39	2.2153603467678948e+39	2.8547836266602114e+39	3.434657698634515e+39
636554.4362822478	2.6070843047710623e+40	3.983858064395958e+38	6.584039275725322e+38	1.1554186059952399e+39	1.608940173014838e+39	2.302150668841882e+39	4.327117534729264e+39	6.316921549496302e+39	9.393475454237248e+39	1.0086578573038856e+39	1.756894517523956e+39	2.302150668841882e+39	2.7823335704692375e+39
665705.897927886	2.2930709621054836e+40	3.2850360471463548e+38	5.215931475214652e+38	8.967819165054585e+38	1.258660988954933e+39	1.8411764864069e+39	3.4300492934516565e+39	5.0086548066175344e+39	7.828579494579588e+39	7.838141211741593e+38	1.3806303192968454e+39	1.8411764864069e+39	2.244654740420571e+39
697106.4298206769	2.0079076953266282e+40	2.7402508568962183e+38	4.197211525047674e+38	6.986855245126875e+38	9.797752415956948e+38	1.459616817493879e+39	2.7156368992551546e+39	3.9213723692803864e+39	6.398513924121963e+39	6.1370763199760614e+38	1.0776807564858912e+39	1.459616817493879e+39	1.8004019463786013e+39
731016.0641876981	1.7499811797698314e+40	2.301141998315802e+38	3.430799636926152e+38	5.495671887716763e+38	7.62656573562696e+38	1.147938946928171e+39	2.1495814373597588e+39	3.037369675296765e+39	5.1168965225684014e+39	4.866198629032137e+38	8.390495499339016e+38	1.147938946928171e+39	1.43354923518995e+39
767735.8707103304	1.5175505603034552e+40	1.935742630014464e+38	2.8402400544160117e+38	4.383252054821303e+38	5.971768956543832e+38	8.984952770836777e+38	1.706891971659825e+39	2.347452708023547e+39	4.013336934391672e+39	3.91828574203568e+38	6.553026154421867e+38	8.984952770836777e+38	1.1339374231597494e+39
807616.3198705872	1.309534909537126e+40	1.6242097579115701e+38	2.3694353429491778e+38	3.548507699665336e+38	4.725939405366278e+38	7.025644207077703e+38	1.3557153887055054e+39	1.81113179341825e+39	3.080276214310609e+39	3.201012035550481e+38	5.1600849755309586e+38	7.025644207077703e+38	8.918436624598219e+38
851067.7687811829	1.1239284232360558e+40	1.355020848770842e+38	1.9813145196897807e+38	2.9101872333044517e+38	3.791163368202588e+38	5.517658497912857e+38	1.077029346655404e+39	1.4045092553933382e+39	2.3249847408862916e+39	2.6437450336076976e+38	4.113499520643339e+38	5.517658497912857e+38	6.999224618331383e+38
898573.7249606823	9.593343100313429e+39	1.1213873111179148e+38	1.6528133585182224e+38	2.406640416356134e+38	3.081176675698786e+38	4.371711722817922e+38	8.542773005772694e+38	1.0960812414159716e+39	1.7325064568429434e+39	2.1956895342401055e+38	3.322739856012683e+38	4.371711722817922e+38	5.504305938622698e+38
950707.7859474325	8.14056162913961e+39	9.190168126575375e+37	1.3705492232514144e+38	1.995771089101419e+38	2.5281182477140884e+38	3.503136132255889e+38	6.76557391410273e+38	8.618905310089164e+38	1.2873723761334749e+39	1.823842627560143e+38	2.713449438662239e+38	3.503136132255889e+38	4.356882599392817e+38
1008155.4948806546	6.866349529708424e+39	7.44742393005263e+37	1.1267811914923087e+38	1.6510814023538324e+38	2.082974799756413e+38	2.8366970885045114e+38	5.353426714511654e+38	6.806599735213189e+38	9.581580964819473e+38	1.508283693225686e+38	2.229468988192472e+38	2.8366970885045114e+38	3.480192037742777e+38
1071742.8605176879	5.753822474494304e+39	5.958868801674272e+37	9.16695097186767e+37	1.3571712132401783e+38	1.713946479720503e+38	2.31289655761947e+38	4.2438865325828565e+38	5.3948929541345476e+38	7.225481796581207e+38	1.2376557638739891e+38	1.8328231998596954e+38	2.31289655761947e+38	2.8054495619631466e+38
1142474.0340578475	4.7888803389639893e+39	4.699856203457288e+37	7.367561775190105e+37	1.1051820387451338e+38	1.4018937735205081e+38	1.8886049227642218e+38	3.3780431231959063e+38	4.284470829871476e+38	5.5372479866286346e+38	1.005260775854293e+38	1.4998703439370984e+38	1.8886049227642218e+38	2.2750894373753004e+38
1221581.762724519	3.956775863328132e+39	3.6470613899227632e+37	5.839717315165089e+37	8.896474747506963e+37	1.1358999384643821e+38	1.5359876856066285e+38	2.702237343270909e+38	3.409295981852544e+38	4.310984820396217e+38	8.066419834198084e+37	1.2169774539114313e+38	1.5359876856066285e+38	1.846593101112122e+38
1310595.9698753455	3.243703095418513e+39	2.778209214496696e+37	4.555957034796231e+37	7.065763662890796e+37	9.09434368294111e+37	1.2385519355832906e+38	2.168747531264345e+38	2.7190644548817127e+38	3.3975709463589248e+38	6.38269216151811e+37	9.76232521798748e+37	1.2385519355832906e+38	1.4917759879218795e+38
1411438.5379464224	2.6366857231891922e+39	2.0719976675972203e+37	3.4903943069429746e+37	5.5256951343696295e+37	7.179371913158612e+37	9.868088231667187e+37	1.7389777450968996e+38	2.171694049999224e+38	2.697144482427358e+38	4.9699759794947535e+37	7.724603277374762e+37	9.868088231667187e+37	1.1937009476607922e+38
1526556.760191079	2.123362613868125e+39	1.5080743790736274e+37	2.6184779563867168e+37	4.245029138547518e+37	5.576281489200521e+37	7.748105128321339e+37	1.3853975516330511e+38	1.7319690354996846e+38	2.1477253205418755e+38	3.7989420917432683e+37	6.015993225401784e+37	7.748105128321339e+37	9.426110773209869e+37
1659115.2072607349	1.6924807276579417e+39	1.0670367550963788e+37	1.9168951803868365e+37	3.1943825585752114e+37	4.2505342233958497e+37	5.980554100041174e+37	1.0905664558830117e+38	1.3723367097267854e+38	1.7085960559802458e+38	2.8419205272106473e+37	4.600202052038749e+37	5.980554100041174e+37	7.323806776540084e+37
1813278.196605784	1.3336214572786861e+39	7.3046684425548e+36	1.3635182034398963e+37	2.3460528187793073e+37	3.169677417183954e+37	4.525756841446334e+37	8.442965341170094e+37	1.0738900965677463e+38	1.3515635496179372e+38	2.072798160473834e+37	3.4432663985661023e+37	4.525756841446334e+37	5.58357323490853e+37
1994637.0919618504	1.0371750074916675e+39	4.8100162951819497e+36	9.373640183410666e+36	1.6739610243936057e+37	2.3031421085725845e+37	3.346520625904384e+37	6.403334765136741e+37	8.251988391650362e+37	1.0567483769602048e+38	1.4669591721994013e+37	2.513165422278274e+37	3.346520625904384e+37	4.1640059436992727e+37
2210877.3125755778	7.94584701362571e+38	3.0244363838856563e+36	6.185762899621676e+36	1.1535926920195927e+37	1.6222183378789131e+37	2.407583436792537e+37	4.739485170898124e+37	6.195208086761885e+37	8.109765255723666e+37	1.0012194335866577e+37	1.7797866356811205e+37	2.407583436792537e+37	3.0258724642660914e+37
2472858.5471280264	5.9423092294290596e+38	1.799146275955627e+36	3.8845000861485974e+36	7.619393312945402e+36	1.1000563270529387e+37	1.6756900452053238e+37	3.408423701206015e+37	4.522105710786975e+37	6.065366609428233e+37	6.537696972229467e+36	1.2149562161261871e+37	1.6756900452053238e+37	2.1317506871441976e+37
2765886.090172706	4.4040973977682644e+38	8.92055682875473e+35	2.090428108484444e+36	4.441174475615078e+36	6.697899065180267e+36	1.0668183997949602e+37	2.2893127246827453e+37	3.1016503242594148e+37	4.30531826488389e+37	3.740812231540374e+36	7.481276640776334e+36	1.0668183997949602e+37	1.3858193205697207e+37
3093639.207998777	3.271842963548904e+38	4.246280767111243e+35	1.0826694360581564e+36	2.505576203532974e+36	3.9697267461541205e+36	6.666009623507054e+36	1.5235240887626378e+37	2.1072233402817406e+37	3.0192717647093557e+37	2.068042293672919e+36	4.492493182704457e+36	6.666009623507054e+36	8.882266014094114e+36
3460233.2674965425	2.4361271674147465e+38	1.932063064692242e+35	5.3779358744848014e+35	1.361911796118779e+36	2.2785829371898807e+36	4.068737941211206e+36	1.0032058931275358e+37	1.4177870537314984e+37	2.0930466507721728e+37	1.0998536349238734e+36	2.617379176590947e+36	4.068737941211206e+36	5.591160948109695e+36
3870271.3542941283	1.817470117721112e+38	8.37097393453274e+34	2.5586055098796892e+35	7.114607597186621e+35	1.2621946436778688e+36	2.4162014638817496e+36	6.52760184022106e+36	9.447493844076673e+36	1.4354436754693593e+37	5.615734237033977e+35	1.4739836354227443e+36	2.4162014638817496e+36	3.4441791875508044e+36
4328902.072889389	1.3582400483895022e+38	3.4309728410471497e+34	1.1636237555568434e+35	3.565733954721808e+35	6.728059779988392e+35	1.3904841301980228e+36	4.1883963857457075e+36	6.232301740845367e+36	9.745761227985908e+36	2.748766422509328e+35	7.997789272539327e+35	1.3904841301980228e+36	2.068049789321092e+36
