#t	Le	U	B	V	R	I	J	H	K	g	r	i	z
#----------------------------------------------- 
3.15197801850754	0.0	0.0	0.0	0.0	0.0	0.0	0.0	0.0	0.0	0.0	0.0	0.0	0.0
3.2477678170925244	0.0	0.0	0.0	0.0	0.0	0.0	0.0	0.0	0.0	0.0	0.0	0.0	0.0
3.4312585773836695	0.0	0.0	0.0	0.0	0.0	0.0	0.0	0.0	0.0	0.0	0.0	0.0	0.0
3.630652755609401	0.0	0.0	0.0	0.0	0.0	0.0	0.0	0.0	0.0	0.0	0.0	0.0	0.0
3.847153334082796	0.0	0.0	0.0	0.0	0.0	0.0	0.0	0.0	0.0	0.0	0.0	0.0	0.0
4.082402062483817	0.0	0.0	0.0	0.0	0.0	0.0	0.0	0.0	0.0	0.0	0.0	0.0	0.0
4.33823099956564	0.0	0.0	0.0	0.0	0.0	0.0	0.0	0.0	0.0	0.0	0.0	0.0	0.0
4.6166574436238506	0.0	0.0	0.0	0.0	0.0	0.0	0.0	0.0	0.0	0.0	0.0	0.0	0.0
4.9198943755312285	0.0	0.0	0.0	0.0	0.0	0.0	0.0	0.0	0.0	0.0	0.0	0.0	0.0
5.250363748706927	0.0	0.0	0.0	0.0	0.0	0.0	0.0	0.0	0.0	0.0	0.0	0.0	0.0
5.610710473652389	0.0	0.0	0.0	0.0	0.0	0.0	0.0	0.0	0.0	0.0	0.0	0.0	0.0
6.003816409734359	0.0	0.0	0.0	0.0	0.0	0.0	0.0	0.0	0.0	0.0	0.0	0.0	0.0
6.432813973104427	0.0	0.0	0.0	0.0	0.0	0.0	0.0	0.0	0.0	0.0	0.0	0.0	0.0
6.901099043376062	0.0	0.0	0.0	0.0	0.0	0.0	0.0	0.0	0.0	0.0	0.0	0.0	0.0
7.412342879983222	0.0	0.0	0.0	0.0	0.0	0.0	0.0	0.0	0.0	0.0	0.0	0.0	0.0
7.970502787143059	0.0	0.0	0.0	0.0	0.0	0.0	0.0	0.0	0.0	0.0	0.0	0.0	0.0
8.579831308819118	0.0	0.0	0.0	0.0	0.0	0.0	0.0	0.0	0.0	0.0	0.0	0.0	0.0
9.244883797243624	0.0	0.0	0.0	0.0	0.0	0.0	0.0	0.0	0.0	0.0	0.0	0.0	0.0
9.970524281048185	0.0	0.0	0.0	0.0	0.0	0.0	0.0	0.0	0.0	0.0	0.0	0.0	0.0
10.761929658756127	0.0	0.0	0.0	0.0	0.0	0.0	0.0	0.0	0.0	0.0	0.0	0.0	0.0
11.624592354417416	0.0	0.0	0.0	0.0	0.0	0.0	0.0	0.0	0.0	0.0	0.0	0.0	0.0
12.564321686040548	0.0	0.0	0.0	0.0	0.0	0.0	0.0	0.0	0.0	0.0	0.0	0.0	0.0
13.587244304267337	0.0	0.0	0.0	0.0	0.0	0.0	0.0	0.0	0.0	0.0	0.0	0.0	0.0
14.699804148467885	0.0	0.0	0.0	0.0	0.0	0.0	0.0	0.0	0.0	0.0	0.0	0.0	0.0
15.908762431241675	0.0	0.0	0.0	0.0	0.0	0.0	0.0	0.0	0.0	0.0	0.0	0.0	0.0
17.221198194089247	0.0	0.0	0.0	0.0	0.0	0.0	0.0	0.0	0.0	0.0	0.0	0.0	0.0
18.644509974203746	0.0	0.0	0.0	0.0	0.0	0.0	0.0	0.0	0.0	0.0	0.0	0.0	0.0
20.186419086248552	0.0	0.0	0.0	0.0	0.0	0.0	0.0	0.0	0.0	0.0	0.0	0.0	0.0
21.854974958734104	0.0	0.0	0.0	0.0	0.0	0.0	0.0	0.0	0.0	0.0	0.0	0.0	0.0
23.658562880091907	0.0	0.0	0.0	0.0	0.0	0.0	0.0	0.0	0.0	0.0	0.0	0.0	0.0
25.60591441409483	0.0	0.0	0.0	0.0	0.0	0.0	0.0	0.0	0.0	0.0	0.0	0.0	0.0
27.706120647532064	0.0	0.0	0.0	0.0	0.0	0.0	0.0	0.0	0.0	0.0	0.0	0.0	0.0
29.968648343410898	0.0	0.0	0.0	0.0	0.0	0.0	0.0	0.0	0.0	0.0	0.0	0.0	0.0
32.403358997159195	0.0	0.0	0.0	0.0	0.0	0.0	0.0	0.0	0.0	0.0	0.0	0.0	0.0
35.0205307350954	0.0	0.0	0.0	0.0	0.0	0.0	0.0	0.0	0.0	0.0	0.0	0.0	0.0
37.83088295588883	0.0	0.0	0.0	0.0	0.0	0.0	0.0	0.0	0.0	0.0	0.0	0.0	0.0
40.845603596125244	0.0	0.0	0.0	0.0	0.0	0.0	0.0	0.0	0.0	0.0	0.0	0.0	0.0
44.07637889862501	0.0	0.0	0.0	0.0	0.0	0.0	0.0	0.0	0.0	0.0	0.0	0.0	0.0
47.53542557378775	0.0	0.0	0.0	0.0	0.0	0.0	0.0	0.0	0.0	0.0	0.0	0.0	0.0
51.2355252666834	0.0	0.0	0.0	0.0	0.0	0.0	0.0	0.0	0.0	0.0	0.0	0.0	0.0
55.1900612725734	0.0	0.0	0.0	0.0	0.0	0.0	0.0	0.0	0.0	0.0	0.0	0.0	0.0
59.41305747801912	0.0	0.0	0.0	0.0	0.0	0.0	0.0	0.0	0.0	0.0	0.0	0.0	0.0
63.919219541576204	0.0	0.0	0.0	0.0	0.0	0.0	0.0	0.0	0.0	0.0	0.0	0.0	0.0
68.7239783652464	0.0	0.0	0.0	0.0	0.0	0.0	0.0	0.0	0.0	0.0	0.0	0.0	0.0
73.84353594440671	0.0	0.0	0.0	0.0	0.0	0.0	0.0	0.0	0.0	0.0	0.0	0.0	0.0
79.29491371911212	0.0	0.0	0.0	0.0	0.0	0.0	0.0	0.0	0.0	0.0	0.0	0.0	0.0
85.09600358321852	0.0	0.0	0.0	0.0	0.0	0.0	0.0	0.0	0.0	0.0	0.0	0.0	0.0
91.26562173989245	0.0	0.0	0.0	0.0	0.0	0.0	0.0	0.0	0.0	0.0	0.0	0.0	0.0
97.82356562286941	0.0	0.0	0.0	0.0	0.0	0.0	0.0	0.0	0.0	0.0	0.0	0.0	0.0
104.79067413299308	0.0	0.0	0.0	0.0	0.0	0.0	0.0	0.0	0.0	0.0	0.0	0.0	0.0
112.18889146947515	0.0	0.0	0.0	0.0	0.0	0.0	0.0	0.0	0.0	0.0	0.0	0.0	0.0
120.04133486566985	0.0	0.0	0.0	0.0	0.0	0.0	0.0	0.0	0.0	0.0	0.0	0.0	0.0
128.37236657046486	0.0	0.0	0.0	0.0	0.0	0.0	0.0	0.0	0.0	0.0	0.0	0.0	0.0
137.2076704494451	0.0	0.0	0.0	0.0	0.0	0.0	0.0	0.0	0.0	0.0	0.0	0.0	0.0
146.57433361523528	0.0	0.0	0.0	0.0	0.0	0.0	0.0	0.0	0.0	0.0	0.0	0.0	0.0
156.50093353461233	0.0	0.0	0.0	0.0	0.0	0.0	0.0	0.0	0.0	0.0	0.0	0.0	0.0
167.0176311017571	0.0	0.0	0.0	0.0	0.0	0.0	0.0	0.0	0.0	0.0	0.0	0.0	0.0
178.15627021290265	0.0	0.0	0.0	0.0	0.0	0.0	0.0	0.0	0.0	0.0	0.0	0.0	0.0
189.95048442854102	0.0	0.0	0.0	0.0	0.0	0.0	0.0	0.0	0.0	0.0	0.0	0.0	0.0
202.43581136584228	0.0	0.0	0.0	0.0	0.0	0.0	0.0	0.0	0.0	0.0	0.0	0.0	0.0
215.64981552689605	0.0	0.0	0.0	0.0	0.0	0.0	0.0	0.0	0.0	0.0	0.0	0.0	0.0
229.6322203386979	0.0	0.0	0.0	0.0	0.0	0.0	0.0	0.0	0.0	0.0	0.0	0.0	0.0
244.4250502594598	0.0	0.0	0.0	0.0	0.0	0.0	0.0	0.0	0.0	0.0	0.0	0.0	0.0
260.0727838939065	0.0	0.0	0.0	0.0	0.0	0.0	0.0	0.0	0.0	0.0	0.0	0.0	0.0
276.6225191590247	0.0	0.0	0.0	0.0	0.0	0.0	0.0	0.0	0.0	0.0	0.0	0.0	0.0
294.1241516527127	0.0	0.0	0.0	0.0	0.0	0.0	0.0	0.0	0.0	0.0	0.0	0.0	0.0
312.63056750248546	0.0	0.0	0.0	0.0	0.0	0.0	0.0	0.0	0.0	0.0	0.0	0.0	0.0
332.1978521118298	0.0	0.0	0.0	0.0	0.0	0.0	0.0	0.0	0.0	0.0	0.0	0.0	0.0
352.8855163800169	0.0	0.0	0.0	0.0	0.0	0.0	0.0	0.0	0.0	0.0	0.0	0.0	0.0
374.7567421497709	0.0	0.0	0.0	0.0	0.0	0.0	0.0	0.0	0.0	0.0	0.0	0.0	0.0
397.8786488389744	0.0	0.0	0.0	0.0	0.0	0.0	0.0	0.0	0.0	0.0	0.0	0.0	0.0
422.32258344092486	0.0	0.0	0.0	0.0	0.0	0.0	0.0	0.0	0.0	0.0	0.0	0.0	0.0
448.1644363364048	0.0	0.0	0.0	0.0	0.0	0.0	0.0	0.0	0.0	0.0	0.0	0.0	0.0
475.4849856546599	0.0	0.0	0.0	0.0	0.0	0.0	0.0	0.0	0.0	0.0	0.0	0.0	0.0
504.3702732541149	0.0	0.0	0.0	0.0	0.0	0.0	0.0	0.0	0.0	0.0	0.0	0.0	0.0
534.9120157737427	0.0	0.0	0.0	0.0	0.0	0.0	0.0	0.0	0.0	0.0	0.0	0.0	0.0
567.2080546403008	0.0	0.0	0.0	0.0	0.0	0.0	0.0	0.0	0.0	0.0	0.0	0.0	0.0
601.3628494116334	0.0	0.0	0.0	0.0	0.0	0.0	0.0	0.0	0.0	0.0	0.0	0.0	0.0
637.488019403984	0.0	0.0	0.0	0.0	0.0	0.0	0.0	0.0	0.0	0.0	0.0	0.0	0.0
675.7029392021128	0.0	0.0	0.0	0.0	0.0	0.0	0.0	0.0	0.0	0.0	0.0	0.0	0.0
716.1353943990239	0.0	0.0	0.0	0.0	0.0	0.0	0.0	0.0	0.0	0.0	0.0	0.0	0.0
758.9223047733848	0.0	0.0	0.0	0.0	0.0	0.0	0.0	0.0	0.0	0.0	0.0	0.0	0.0
804.2105231078599	0.0	0.0	0.0	0.0	0.0	0.0	0.0	0.0	0.0	0.0	0.0	0.0	0.0
852.1577190019221	0.0	0.0	0.0	0.0	0.0	0.0	0.0	0.0	0.0	0.0	0.0	0.0	0.0
902.9333583645733	0.0	0.0	0.0	0.0	0.0	0.0	0.0	0.0	0.0	0.0	0.0	0.0	0.0
956.7197908216186	0.0	0.0	0.0	0.0	0.0	0.0	0.0	0.0	0.0	0.0	0.0	0.0	0.0
1013.7134590767305	0.0	0.0	0.0	0.0	0.0	0.0	0.0	0.0	0.0	0.0	0.0	0.0	0.0
1074.1262463727307	0.0	0.0	0.0	0.0	0.0	0.0	0.0	0.0	0.0	0.0	0.0	0.0	0.0
1138.186980664633	0.0	0.0	0.0	0.0	0.0	0.0	0.0	0.0	0.0	0.0	0.0	0.0	0.0
1206.1431170104468	0.0	0.0	0.0	0.0	0.0	0.0	0.0	0.0	0.0	0.0	0.0	0.0	0.0
1278.2626230919984	0.0	0.0	0.0	0.0	0.0	0.0	0.0	0.0	0.0	0.0	0.0	0.0	0.0
1354.836096798352	0.0	0.0	0.0	0.0	0.0	0.0	0.0	0.0	0.0	0.0	0.0	0.0	0.0
1436.179149563598	0.0	0.0	0.0	0.0	0.0	0.0	0.0	0.0	0.0	0.0	0.0	0.0	0.0
1522.6350948006955	0.0	0.0	0.0	0.0	0.0	0.0	0.0	0.0	0.0	0.0	0.0	0.0	0.0
1614.5779875035703	0.0	0.0	0.0	0.0	0.0	0.0	0.0	0.0	0.0	0.0	0.0	0.0	0.0
1712.416069132046	0.0	0.0	0.0	0.0	0.0	0.0	0.0	0.0	0.0	0.0	0.0	0.0	0.0
1816.5956815376082	0.0	0.0	0.0	0.0	0.0	0.0	0.0	0.0	0.0	0.0	0.0	0.0	0.0
1927.6057252909025	0.0	0.0	0.0	0.0	0.0	0.0	0.0	0.0	0.0	0.0	0.0	0.0	0.0
2045.982751787359	0.0	0.0	0.0	0.0	0.0	0.0	0.0	0.0	0.0	0.0	0.0	0.0	0.0
2172.3167955150916	0.0	0.0	0.0	0.0	0.0	0.0	0.0	0.0	0.0	0.0	0.0	0.0	0.0
2306.4256514641465	0.0	0.0	0.0	0.0	0.0	0.0	0.0	0.0	0.0	0.0	0.0	0.0	0.0
2448.766112288107	0.0	0.0	0.0	0.0	0.0	0.0	0.0	0.0	0.0	0.0	0.0	0.0	0.0
2599.839787470879	0.0	0.0	0.0	0.0	0.0	0.0	0.0	0.0	0.0	0.0	0.0	0.0	0.0
2760.1787033303735	0.0	0.0	0.0	0.0	0.0	0.0	0.0	0.0	0.0	0.0	0.0	0.0	0.0
2930.3471625392167	0.0	0.0	0.0	0.0	0.0	0.0	0.0	0.0	0.0	0.0	0.0	0.0	0.0
3110.943718989095	0.0	0.0	0.0	0.0	0.0	0.0	0.0	0.0	0.0	0.0	0.0	0.0	0.0
3302.603279022946	0.0	0.0	0.0	0.0	0.0	0.0	0.0	0.0	0.0	0.0	0.0	0.0	0.0
3505.999337733131	0.0	0.0	0.0	0.0	0.0	0.0	0.0	0.0	0.0	0.0	0.0	0.0	0.0
3721.846358036279	0.0	0.0	0.0	0.0	0.0	0.0	0.0	0.0	0.0	0.0	0.0	0.0	0.0
3950.9023018837834	0.0	0.0	0.0	0.0	0.0	0.0	0.0	0.0	0.0	0.0	0.0	0.0	0.0
4193.971323574928	0.0	0.0	0.0	0.0	0.0	0.0	0.0	0.0	0.0	0.0	0.0	0.0	0.0
4451.906636255825	0.0	0.0	0.0	0.0	0.0	0.0	0.0	0.0	0.0	0.0	0.0	0.0	0.0
4725.613562159985	0.0	0.0	0.0	0.0	0.0	0.0	0.0	0.0	0.0	0.0	0.0	0.0	0.0
5016.052777041007	0.0	0.0	0.0	0.0	0.0	0.0	0.0	0.0	0.0	0.0	0.0	0.0	0.0
5324.243764107608	0.0	0.0	0.0	0.0	0.0	0.0	0.0	0.0	0.0	0.0	0.0	0.0	0.0
5651.268489051593	0.0	0.0	0.0	0.0	0.0	0.0	0.0	0.0	0.0	0.0	0.0	0.0	0.0
5998.275311048592	0.0	0.0	0.0	0.0	0.0	0.0	0.0	0.0	0.0	0.0	0.0	0.0	0.0
6366.48314366467	0.0	0.0	0.0	0.0	0.0	0.0	0.0	0.0	0.0	0.0	0.0	0.0	0.0
6757.185882848326	0.0	0.0	0.0	0.0	0.0	0.0	0.0	0.0	0.0	0.0	0.0	0.0	0.0
7171.757116886553	1.0063635757431463e+33	2.1490496197704238e+29	1.1894340477897201e+29	6.147340061985335e+28	3.92214093649507e+28	2.0981259505206094e+28	5.221645693237035e+27	2.5589288946349145e+27	9.614108263933948e+26	7.258143517094453e+28	3.4234504226055814e+28	2.0981259505206094e+28	1.3774541614570506e+28
7611.655134122368	9.392967660836035e+34	2.2412742987011583e+31	1.240980475417838e+31	6.416071851568071e+30	4.094428479214264e+30	2.1908039184274406e+30	5.4543200926449136e+29	2.673306716116099e+29	1.0045204807846787e+29	7.574802165673941e+30	3.574030007300858e+30	2.1908039184274406e+30	1.4384879855261767e+30
8078.428250794147	5.416040402268518e+36	1.498567553613544e+33	8.30219230945445e+32	4.294547881132019e+32	2.7413524235418224e+32	1.4672957608704932e+32	3.6549416474060498e+31	1.7917146872121133e+31	6.733823061151733e+30	5.0695427599922725e+32	2.3931143547836854e+32	1.4672957608704932e+32	9.636078862498363e+31
8573.72047643856	1.7768608183852404e+38	5.623529457053757e+34	3.117170748518119e+34	1.613226730531243e+34	1.0300550319251532e+34	5.51504568379047e+33	1.3744436723620998e+33	6.738943196085621e+32	2.5331654490456125e+32	1.9041378136933811e+34	8.992720786774351e+33	5.51504568379047e+33	3.62249665804992e+33
9099.277535738338	3.5673851837067716e+39	1.2799920767086393e+36	7.098863843174794e+35	3.6756073004041165e+35	2.347518673910167e+35	1.2572757335500515e+35	3.1348621553747284e+34	1.537297643672981e+34	5.779719854999829e+33	4.337952488264613e+35	2.049609412913674e+35	1.2572757335500515e+35	8.259692091621095e+34
9656.953271940078	4.697258189484537e+40	1.8935687600425446e+37	1.050716108009777e+37	5.442827843266634e+36	3.4770891244020595e+36	1.862798348512024e+36	4.646833095823675e+35	2.279128587933504e+35	8.570224833755068e+34	6.422949393828475e+36	3.036045267482431e+36	1.862798348512024e+36	1.2239712646959281e+36
10248.71645304074	4.495011142662062e+41	1.9542762637005715e+38	1.084773655383208e+38	5.620969951635934e+37	3.5915078728181773e+37	1.9244769012215621e+37	4.8021940458936274e+36	2.3555899614470297e+36	8.858758440873896e+35	6.632703429567548e+37	3.136097297011726e+37	1.9244769012215621e+37	1.2646379241109935e+37
10876.658005737752	3.090451351578708e+42	1.452915873244855e+39	8.067744153974499e+38	4.1818238533924296e+38	2.672455008753966e+38	1.4323120442382414e+38	3.5752720758612143e+37	1.7539628798657546e+37	6.597000407032902e+36	4.934151691893639e+38	2.333698217484676e+38	1.4323120442382414e+38	9.413309594782287e+37
11542.998706555787	1.6685710026051527e+43	8.137875284739244e+39	4.51957387313993e+39	2.3430302021106893e+39	1.4974760588194227e+39	8.026574521457692e+38	2.003871425680925e+38	9.831173517629534e+37	3.6979109890770806e+37	2.7644534665628614e+39	1.307688687317537e+39	8.026574521457692e+38	5.2754450049611276e+38
12250.097365495507	6.69595280209089e+43	3.350035931376797e+40	1.860748961952317e+40	9.647492998081247e+39	6.166267346971897e+39	3.3053890653991783e+39	8.25295415343129e+38	4.049129975480703e+38	1.5231059670839178e+38	1.1382436063309982e+40	5.3848534686854006e+39	3.3053890653991783e+39	2.172542033820631e+39
13000.459569263501	1.7525325188320637e+44	9.192656850531109e+40	5.107151807827738e+40	2.64846455566551e+40	1.6929792382419798e+40	9.076305948707986e+39	2.2666605195992632e+39	1.112169311550862e+39	4.183814998988909e+38	3.124600541096508e+40	1.478484248093119e+40	9.076305948707986e+39	5.966048944302002e+39
13796.747021439905	2.5829368343483536e+44	1.4987322266401632e+41	8.330715349102007e+40	4.322096640688891e+40	2.7635156088976933e+40	1.4819938241175193e+40	3.7027502586363764e+39	1.8171053354272364e+39	6.836836327127366e+38	5.098583590171695e+40	2.413553873637088e+40	1.4819938241175193e+40	9.743056463781773e+39
14641.787310444743	2.6392703178492365e+44	1.7016622719662712e+41	9.463918651015426e+40	4.912433814386058e+40	3.1418357763821953e+40	1.685410470450454e+40	4.213095821508681e+39	2.0679225872852836e+39	7.781961072658191e+38	5.7943225270498425e+40	2.7441705943144907e+40	1.685410470450454e+40	1.108234509416859e+40
15538.584179809466	2.487512977778147e+44	1.8304461073423712e+41	1.0187539354040855e+41	5.291461758245804e+40	3.3854718811106423e+40	1.816863738897224e+40	4.5446852241784226e+39	2.2311983775291614e+39	8.398419991927064e+38	6.240466684840037e+40	2.9572606234216735e+40	1.816863738897224e+40	1.1949498530285986e+40
16490.32857776067	2.630686580265287e+44	2.158048033465389e+41	1.2018349842369421e+41	6.245872500287127e+40	3.9973462289382137e+40	2.1460053443257094e+40	5.3710402139988656e+39	2.637425029389481e+39	9.929550825081518e+38	7.365104150334684e+40	3.492038330154709e+40	2.1460053443257094e+40	1.411709752986043e+40
17500.41050195043	2.9972603701030104e+44	2.8052929680880428e+41	1.5635334679070862e+41	8.131357734262868e+40	5.206111503452371e+40	2.7962153792661575e+40	7.003432828306633e+39	3.4398826412777403e+39	1.2954107596694412e+39	9.586898253559338e+40	4.548493045704673e+40	2.7962153792661575e+40	1.8399082119464075e+40
18572.431553935094	3.2065003095157916e+44	3.544856006881943e+41	1.9778263827895462e+41	1.0295661951607444e+41	6.595285802391238e+40	3.544498564272685e+40	8.88611151915284e+39	4.3660846117158394e+39	1.644781920618665e+39	1.2135984742874147e+41	5.763019791197562e+40	3.544498564272685e+40	2.33307192235457e+40
19710.21814389576	3.067756228429289e+44	4.055118506806592e+41	2.2652764843266156e+41	1.1804765754180928e+41	7.5665679685354735e+40	4.069325330513273e+40	1.0213065084173395e+40	5.0200202179610774e+39	1.891889682405338e+39	1.3911376008668122e+41	6.612823108381421e+40	4.069325330513273e+40	2.679568612356798e+40
20917.835436097386	3.0008832298207795e+44	4.713969087115659e+41	2.636635223457613e+41	1.3755347293269041e+41	8.82233906878204e+40	4.748091425897118e+40	1.1930105996101564e+40	5.866347880565244e+39	2.211757972798711e+39	1.6205885027106427e+41	7.7116172038868395e+40	4.748091425897118e+40	3.1277784555281056e+40
22199.602363790465	2.906881501618472e+44	5.5424462834063205e+41	3.1047203372957256e+41	1.6219167897240834e+41	1.0410378500677535e+41	5.607600740721028e+40	1.4108907814926048e+40	6.941066535001727e+39	2.6182529742349373e+39	1.910273182972542e+41	9.101584267375887e+40	5.607600740721028e+40	3.695760447488017e+40
23560.10747820989	2.6623153985265307e+44	6.28792607767711e+41	3.528702661107147e+41	1.846374349831504e+41	1.186169549292392e+41	6.395952812557244e+40	1.6118573871233697e+40	7.934305651405405e+39	2.994685782616897e+39	2.173833306315966e+41	1.0372972219517165e+41	6.395952812557244e+40	4.217764497894402e+40
25004.225699598926	2.3708008806890004e+44	7.077819527389646e+41	3.980596835658991e+41	2.0868335175811574e+41	1.3420831794273638e+41	7.245568854171514e+40	1.829509133680994e+40	9.011854896184491e+39	3.403788417521135e+39	2.45585445430922e+41	1.1739845471836094e+41	7.245568854171514e+40	4.781324185163353e+40
26537.13617991685	2.0398070404437568e+44	7.84549879047047e+41	4.423755638297556e+41	2.3244750234852128e+41	1.4968188459534906e+41	8.092781146734136e+40	2.0481338161646902e+40	1.0096961316226094e+40	3.816822885758093e+39	2.734082373510579e+41	1.3097928651879108e+41	8.092781146734136e+40	5.344760979972113e+40
28164.34124699991	1.7082900888616793e+44	8.584375964402477e+41	4.855080815892355e+41	2.5579724031754004e+41	1.6496340676585349e+41	8.934287117275087e+40	2.2671880479072455e+40	1.1187468799865832e+40	4.2331801464668356e+39	3.006874079966443e+41	1.4440994629598717e+41	8.934287117275087e+40	5.906161504423522e+40
29891.68654766967	1.4600155853857176e+44	9.393097437960076e+41	5.329243361286116e+41	2.8156249082811498e+41	1.8186026366916033e+41	9.86689686140032e+40	2.510821496319378e+40	1.2401833910309023e+40	4.697409399053788e+39	3.3076295420644667e+41	1.5926847279255391e+41	9.86689686140032e+40	6.529133273282285e+40
31725.38252447095	1.3024905533756554e+44	1.0363539864899034e+42	5.897375853289353e+41	3.123992561021444e+41	2.0207188629340884e+41	1.0981823947273252e+41	2.80185651910185e+40	1.3852116000440047e+40	5.2516966430666395e+39	3.6676715630662565e+41	1.7703938173374948e+41	1.0981823947273252e+41	7.273672531654967e+40
33672.02722980788	1.0481559750195253e+44	1.1027192051304608e+42	6.3021915202498914e+41	3.351163119771383e+41	2.1722324080540008e+41	1.1833764015527615e+41	3.0306264759785183e+40	1.500302471328293e+40	5.695786837135718e+39	3.9309507605356115e+41	1.904227048829961e+41	1.1833764015527615e+41	7.848478408588822e+40
35738.63028616086	8.199082220360828e+43	1.1546021358875964e+42	6.632850551380095e+41	3.543031689748466e+41	2.302369448724279e+41	1.2578765091695152e+41	3.2358785737989294e+40	1.6044331071615567e+40	6.100942617348175e+39	4.151701897745249e+41	2.019682372678212e+41	1.2578765091695152e+41	8.355905744504273e+40
37932.63858170723	6.54817553398171e+43	1.2080277168461185e+42	6.977760744809253e+41	3.745173893416809e+41	2.4401712807551326e+41	1.3371975773378877e+41	3.4561565052303806e+40	1.7164822658103014e+40	6.538058102231564e+39	4.3837658607156695e+41	2.14210025286545e+41	1.3371975773378877e+41	8.897743404269133e+40
40261.96358208979	5.37474419509334e+43	1.2657504453802421e+42	7.352286452411233e+41	3.9656226172596266e+41	2.59080619472757e+41	1.424136056795327e+41	3.6985728462009587e+40	1.8399663347904505e+40	7.020472673834035e+39	4.636598211387259e+41	2.2760032617884714e+41	1.424136056795327e+41	9.492483056142577e+40
42735.01030689191	4.532130692527395e+43	1.3282593765865342e+42	7.759189474077634e+41	4.205868383547075e+41	2.7552582258902593e+41	1.5192439973523418e+41	3.964631762330946e+40	1.9756494587795706e+40	7.551171072961869e+39	4.9119377558648295e+41	2.422259369879607e+41	1.5192439973523418e+41	1.0143859817598847e+41
45360.70809854595	3.903423722078887e+43	1.3935114744894346e+42	8.187005776423301e+41	4.459957571420613e+41	2.929730834887395e+41	1.6204978151408553e+41	4.2493605339325144e+40	2.1211108433509331e+40	8.121131474155042e+39	5.2027583471672705e+41	2.577556615578152e+41	1.6204978151408553e+41	1.0838634894418728e+41
48148.54329581671	3.4085542246581146e+43	1.4578578164634066e+42	8.615003011894402e+41	4.716975964626465e+41	3.107203319818645e+41	1.7241134916192641e+41	4.543270065797423e+40	2.27169367937867e+40	8.712844856864343e+39	5.496222612443234e+41	2.73575491640025e+41	1.7241134916192641e+41	1.1551883558784851e+41
51108.59393304068	2.9994228887562047e+43	1.5173094354310466e+42	9.020069676158222e+41	4.964547199246923e+41	3.279638750866564e+41	1.8257118578848396e+41	4.835187872794242e+40	2.421881140093969e+40	9.305435559094916e+39	5.777830189785095e+41	2.889807306696524e+41	1.8257118578848396e+41	1.2254584439081102e+41
54251.56659429281	2.649734267224082e+43	1.56837703149617e+42	9.381315586181257e+41	5.191177130925772e+41	3.4394649712354456e+41	1.921100416509006e+41	5.114155937684235e+40	2.5662171629565956e+40	9.878082818538692e+39	6.0341958603757524e+41	3.0330488157751435e+41	1.921100416509006e+41	1.29187100202397e+41
57588.83555898646	2.345429152620952e+43	1.608367558355768e+42	9.681725052712677e+41	5.387102636474169e+41	3.580111569213341e+41	2.0065566522657156e+41	5.370114906436766e+40	2.6996374084496345e+40	1.0411246044417388e+40	6.254054254791188e+41	3.1596638151783013e+41	2.0065566522657156e+41	1.3519068986387603e+41
61132.48438292418	2.078430543686587e+43	1.6354511556479567e+42	9.90860402811774e+41	5.544548796307548e+41	3.696181516315703e+41	2.078923973146834e+41	5.594157731598813e+40	2.8175961394570207e+40	1.0887151756836908e+40	6.4285571638080085e+41	3.264837493421107e+41	2.078923973146834e+41	1.403395024601256e+41
64895.35006714508	1.8438251817041934e+43	1.6488193190871314e+42	1.005464226012396e+42	5.658353658810562e+41	3.783875678943824e+41	2.1358549890993083e+41	5.779203984205952e+40	2.916409905056465e+40	1.1291139424472218e+40	6.551991229267061e+41	3.3451325644294464e+41	2.1358549890993083e+41	1.444678190681884e+41
68891.06997639188	1.6416118129714055e+43	1.6490649712321193e+42	1.0120411449286826e+42	5.7274193813948945e+41	3.8419732223599e+41	2.1763702732564994e+41	5.9215399725885835e+40	2.9940418579978516e+40	1.1614732330045373e+40	6.62344924362641e+41	3.3993580416979755e+41	2.1763702732564994e+41	1.4749932165916629e+41
73134.1316813461	1.493568343574248e+43	1.638708761978346e+42	1.0118093457234016e+42	5.7569490006563775e+41	3.873356327651696e+41	2.201732337227383e+41	6.0232451913924e+40	3.051342369952099e+40	1.1860521894247956e+40	6.649392677558617e+41	3.4299226200760805e+41	2.201732337227383e+41	1.4950668206730808e+41
77639.92592434464	1.4481114433588376e+43	1.622427658423466e+42	1.0074331632436697e+42	5.760442506879793e+41	3.886403798326428e+41	2.2162406386121034e+41	6.094335130371487e+40	3.093141649054456e+40	1.204650060220811e+40	6.6458918458834615e+41	3.4440733692072134e+41	2.2162406386121034e+41	1.5076518643635626e+41
82424.80292987087	1.2624103253666826e+43	1.6055905993859092e+42	1.002527201782777e+42	5.758128529228816e+41	3.8939966451781315e+41	2.226477186753398e+41	6.148967022141504e+40	3.1260037901258563e+40	1.2196284969172194e+40	6.636611112413717e+41	3.4529787851494455e+41	2.226477186753398e+41	1.5168825609065973e+41
87506.13197753284	1.036155105275341e+43	1.5900256458620195e+42	9.995180173599545e+41	5.77224771741892e+41	3.914155560829943e+41	2.244107309935549e+41	6.217155809690069e+40	3.163074155481046e+40	1.2349540376010815e+40	6.644939683043321e+41	3.4732409284384394e+41	2.244107309935549e+41	1.53086811139004e+41
92902.36484584527	9.261204018550914e+42	1.5722394605650143e+42	9.95646489245608e+41	5.786286123882849e+41	3.937078763400426e+41	2.2659047848758944e+41	6.313760796842178e+40	3.218276286421183e+40	1.258662735802033e+40	6.651592759900628e+41	3.4967809748989206e+41	2.2659047848758944e+41	1.5489685733775829e+41
98633.10336164403	8.281992321001993e+42	1.5510052012315103e+42	9.898906283434041e+41	5.791349186750459e+41	3.954744935474197e+41	2.2852863272381197e+41	6.406809022559296e+40	3.2725288035438077e+40	1.2825797088009214e+40	6.6473700234735404e+41	3.515867561053704e+41	2.2852863272381197e+41	1.5656676209501457e+41
104719.1709648244	7.401060883865739e+42	1.5261254549223956e+42	9.821028482281447e+41	5.786546140349232e+41	3.966557291968713e+41	2.301921976759948e+41	6.495206840435198e+40	3.3249840908489337e+40	1.30602995324682e+40	6.631248408108268e+41	3.529974913990122e+41	2.301921976759948e+41	1.5807427052434987e+41
111182.68877906207	6.607784386450484e+42	1.4974429755490815e+42	9.72150368846074e+41	5.771029835644553e+41	3.971937232067777e+41	2.315490200302651e+41	6.578180729695502e+40	3.3752796509345823e+40	1.3288863380846715e+40	6.6022648146838955e+41	3.538591438108542e+41	2.315490200302651e+41	1.59398232349523e+41
118047.1564211601	5.892077340923788e+42	1.4647163252854404e+42	9.598435392763683e+41	5.743613791910055e+41	3.970075305512951e+41	2.325538530922749e+41	6.654612531778103e+40	3.4228826575220126e+40	1.3509576056920716e+40	6.5590672884734325e+41	3.541000919695833e+41	2.325538530922749e+41	1.6050868252094149e+41
125337.5378435221	5.2445547103781413e+42	1.4276107321741768e+42	9.449277699456819e+41	5.702716237042357e+41	3.9598906896263014e+41	2.3314592029856868e+41	6.722970691434624e+40	3.4670553031777602e+40	1.3719750915477946e+40	6.4998527659687195e+41	3.536246066150923e+41	2.3314592029856868e+41	1.6136515521984935e+41
133080.35252322702	4.656799277316498e+42	1.3857164768103627e+42	9.270908695764135e+41	5.646383300595474e+41	3.940040760787268e+41	2.3324912632437472e+41	6.781306010487634e+40	3.506851540018395e+40	1.3915911612047075e+40	6.422398505229533e+41	3.523135654864872e+41	2.3324912632437472e+41	1.6191672312809092e+41
141303.7723307202	4.121637930607482e+42	1.338598042394384e+42	9.059882688728185e+41	5.572406721321147e+41	3.908991272822556e+41	2.3277551285435665e+41	6.827327665561535e+40	3.54115302492624e+40	1.4093923233156677e+40	6.3242047204453465e+41	3.500304615807319e+41	2.3277551285435665e+41	1.6210416397356676e+41
150037.72443192225	3.633317898942522e+42	1.2858671212674494e+42	8.812828909000545e+41	5.478521560491887e+41	3.865138530866914e+41	2.316315306049301e+41	6.858549707762394e+40	3.568739578685698e+40	1.4249252873756012e+40	6.2027307378350615e+41	3.4663196675994906e+41	2.316315306049301e+41	1.6186398268836133e+41
159314.00059966138	3.1875114749204905e+42	1.2272651871454561e+42	8.526920883183441e+41	5.362646106409373e+41	3.8069598317368386e+41	2.2972587808456586e+41	6.872477504491506e+40	3.5883792656578326e+40	1.4377303957097642e+40	6.055679685678249e+41	3.419809879101191e+41	2.2972587808456586e+41	1.611334747976637e+41
169166.37333381604	2.7811403682317446e+42	1.1627394945667649e+42	8.200327895303607e+41	5.223118634003841e+41	3.733163371346092e+41	2.2697737194889975e+41	6.866796049021187e+40	3.598919457428413e+40	1.4473754387321923e+40	5.88127807760401e+41	3.359597043496088e+41	2.2697737194889975e+41	1.5985582460298755e+41
179630.7192144834	2.412067176502317e+42	1.092499580564808e+42	7.83257618111119e+41	5.058893539757881e+41	3.642813671572664e+41	2.2332156420682495e+41	6.839527978483698e+40	3.599363096833766e+40	1.4534839194061337e+40	5.678506055065837e+41	3.2848049504735165e+41	2.2332156420682495e+41	1.5798439296561037e+41
190745.14993894353	2.07873092426758e+42	1.0170470901499516e+42	7.424778871202607e+41	4.869675550084423e+41	3.53541889495916e+41	2.187153722392213e+41	6.789142740180995e+40	3.5889210179571304e+40	1.4557543168965292e+40	5.447253159453037e+41	3.194935643636173e+41	2.187153722392213e+41	1.5548571027047043e+41
202550.15152126175	1.779802758391529e+42	9.371773866468854e+41	6.979725072527593e+41	4.65598720734589e+41	3.410977058823559e+41	2.13139562411785e+41	6.714612739095768e+40	3.567038228048223e+40	1.4539695441655676e+40	5.188393904924223e+41	3.0899100643027706e+41	2.13139562411785e+41	1.5234106884742378e+41
215088.73216317027	1.5139159945341505e+42	8.539553972785013e+41	6.501840585800156e+41	4.4191766208227166e+41	3.2699858391830605e+41	2.0659934775482365e+41	6.615422951226307e+40	3.5333972899648745e+40	1.4479977610926511e+40	4.903791217938152e+41	2.9700772225196645e+41	2.0659934775482365e+41	1.4854688720532196e+41
228406.57933650506	1.2794952535279879e+42	7.686701849385378e+41	5.9970433847945776e+41	4.161378160007642e+41	3.113424434007301e+41	1.9912357187152067e+41	6.491546010809581e+40	3.4879046711867925e+40	1.4377867332052586e+40	4.596242435484779e+41	2.836199372579311e+41	1.9912357187152067e+41	1.441141603854714e+41
242552.2266510769	1.0746833175029431e+42	6.827733081941442e+41	5.472518513187934e+41	3.885439447234993e+41	2.9427164848098634e+41	1.907629879236449e+41	6.3433959538328e+40	3.430666524417552e+40	1.4233541561333574e+40	4.2693833262033946e+41	2.6894211631563865e+41	1.907629879236449e+41	1.3906733776101695e+41
257577.23111755046	8.973471857038346e+41	5.978058533294328e+41	4.936433476623688e+41	3.594825655080585e+41	2.7596815726457297e+41	1.8158806845721186e+41	6.171772233695192e+40	3.3619596214846787e+40	1.4047760919727678e+40	3.927562877099693e+41	2.5312294565198472e+41	1.8158806845721186e+41	1.3344292433036208e+41
273536.3614528301	7.451374029664327e+41	5.153187050912146e+41	4.397610153702322e+41	3.2935085654853238e+41	2.5664804583016237e+41	1.7168665971008084e+41	5.977802826979662e+40	3.2822018166922065e+40	1.3821751637155401e+40	3.575697556714449e+41	2.363408466263491e+41	1.7168665971008084e+41	1.2728802377262565e+41
290487.79811574926	6.155749513935271e+41	4.367905302427749e+41	3.865165241705874e+41	2.985844402247627e+41	2.3655568335317095e+41	1.6116166509263223e+41	5.762892266922605e+40	3.1919249833794996e+40	1.3557096216817938e+40	3.219109972797563e+41	2.1879927479266545e+41	1.6116166509263223e+41	1.2065895884654885e+41
308493.34580367815	5.061447363076535e+41	3.63548179488717e+41	3.3481296221489528e+41	2.6764418493296243e+41	2.1595763396018248e+41	1.501288293207709e+41	5.528677829830058e+40	3.0917521194428033e+40	1.3255639338128828e+40	2.863354174703385e+41	2.0072187770761472e+41	1.501288293207709e+41	1.136200316781611e+41
327618.6591861561	4.143811722106283e+41	2.9669465270636996e+41	2.855058169986407e+41	2.370020272074095e+41	1.9513622000566392e+41	1.3871460649200855e+41	5.276995061573647e+40	2.982379356246688e+40	1.2919411987097997e+40	2.514028723284782e+41	1.8234745396328945e+41	1.3871460649200855e+41	1.0624242874565e+41
347933.4826999939	3.379376512976628e+41	2.3705014569741642e+41	2.3936450756683327e+41	2.0712580733997745e+41	1.7438260730895532e+41	1.2705403367204805e+41	5.009852360423199e+40	2.8645629277477227e+40	1.2550574358313206e+40	2.1765791543583805e+41	1.6392457905864734e+41	1.2705403367204805e+41	9.860323321504129e+40
369511.90528163896	2.7463673241119045e+41	1.851116495844109e+41	1.970364731856258e+41	1.784632295996272e+41	1.5398926601121661e+41	1.1528849473525308e+41	4.7294133276533415e+40	2.7391107125616885e+40	1.215137652890053e+40	1.8560934631628195e+41	1.4570574107798249e+41	1.1528849473525308e+41	9.078447881965339e+40
392432.63096715487	2.225013995246311e+41	1.4103576767779783e+41	1.5901631886965477e+41	1.5142528568226188e+41	1.3424171945134119e+41	1.0356324570851452e+41	4.437984940474137e+40	2.6068776911838443e+40	1.1724135040563972e+40	1.5570974083224534e+41	1.2794085975644218e+41	1.0356324570851452e+41	8.287216271505477e+40
416779.2663481189	1.7976981038358668e+41	1.0464763545045908e+41	1.2562282703483105e+41	1.2636978486080272e+41	1.154096132087336e+41	9.202458176340077e+40	4.138009177342844e+40	2.468764502573886e+40	1.1271223112923843e+40	1.2833602145821289e+41	1.1087014414687665e+41	9.202458176340077e+40	7.495512813902955e+40
442640.62593331013	1.448968958839448e+41	7.5476102051646765e+40	9.698657914700288e+40	1.0358596667006155e+41	9.773730863281317e+40	8.081655780131628e+40	3.832055457533866e+40	2.325718194317391e+40	1.0795072080993524e+40	1.0377248541080488e+41	9.471637285109886e+40	8.081655780131628e+40	6.712373104170457e+40
470111.05653146055	1.1654633093533259e+41	5.28119860537319e+40	7.305034320656539e+40	8.328146197293252e+40	8.14344128222876e+40	7.007722998648673e+40	3.5228110996961785e+40	2.1787342053553524e+40	1.0298181670103515e+40	8.219795103228808e+40	7.96768474097148e+40	7.007722998648673e+40	5.946821881434521e+40
499290.78183982155	9.357608984372607e+40	3.57828714562169e+40	5.358322071434942e+40	6.557303078381658e+40	6.66668714949918e+40	5.993446401676342e+40	3.2130669407036903e+40	2.0288585756061288e+40	9.783136786318762e+39	6.367870106070534e+40	6.591545608468439e+40	5.993446401676342e+40	5.207677499661628e+40
530286.2684970963	7.502026378338259e+40	2.3435340391924607e+40	3.820790736302525e+40	5.048245511480318e+40	5.354943202266562e+40	5.050145428785277e+40	2.9056953171443724e+40	1.8771893379124746e+40	9.252628566294144e+39	4.816860839992302e+40	5.355546398516366e+40	5.050145428785277e+40	4.503322281271927e+40
563210.6149376938	6.006921553132372e+40	1.4814457460216462e+40	2.643856602991962e+40	3.7938638300711046e+40	4.214038009391045e+40	4.187220763593489e+40	2.6036178344846333e+40	1.7248760085525646e+40	8.709477432248853e+39	3.5517188761265603e+40	4.2673776956014303e+40	4.187220763593489e+40	3.8414432444089233e+40
598183.9644675413	4.804957626577427e+40	9.031123569099348e+39	1.7725131245247648e+40	2.778634687862504e+40	3.2439414637804386e+40	3.41173516515043e+40	2.309760821265009e+40	1.5731160721610962e+40	8.156655850156623e+39	2.548538235929546e+40	3.3297466848153935e+40	3.41173516515043e+40	3.2287540321474223e+40
635333.9440701633	3.840509879552191e+40	5.310505645646671e+39	1.1498786136760112e+40	1.9801187839017292e+40	2.438931406155925e+40	2.7280708772603535e+40	2.0269971520876943e+40	1.4231473659980016e+40	7.597308350821594e+39	1.776776643345573e+40	2.540325339824787e+40	2.7280708772603535e+40	2.670715745373186e+40
674796.1305457159	3.0678989648397293e+40	3.01851647513082e+39	7.213203822661364e+39	1.3709485583005153e+40	1.7881657602789332e+40	2.1377108352228456e+40	1.758074309444524e+40	1.2762353428074892e+40	7.034766182282787e+39	1.2018867407898327e+40	1.892039093386577e+40	2.1377108352228456e+40	2.171280836554077e+40
716714.5456855076	2.4498046907045053e+40	1.6673231921482314e+39	4.377029321020388e+39	9.210909894223657e+39	1.276633891110109e+40	1.6391865336216087e+40	1.5055301778905753e+40	1.1336543683776976e+40	6.472553751941457e+39	7.88053056668304e+39	1.3737016711482038e+40	1.6391865336216087e+40	1.732688873600064e+40
761242.1822905818	1.9558719424857947e+40	9.041291269018956e+38	2.5748157973124902e+39	6.001217655839774e+39	8.864033941212888e+39	1.2282220764338057e+40	1.2716000757749638e+40	9.966625223279049e+39	5.914383808438797e+39	5.0071237012334424e+39	9.709533987999871e+39	1.2282220764338057e+40	1.3553442002321664e+40
808541.5629556135	1.5615061231264447e+40	4.8931229424370224e+38	1.4757960571434246e+39	3.7924585520845754e+39	5.98028680185169e+39	8.980819268023541e+39	1.0581207934265665e+40	8.664698614286042e+39	5.364138208425768e+39	3.085784578876746e+39	6.674119069514587e+39	8.980819268023541e+39	1.0378018616177134e+40
858785.3336590447	1.2468466529356874e+40	2.702090704528184e+38	8.319269331581207e+38	2.328493028837668e+39	3.9195834180888513e+39	6.40101901789721e+39	8.664396299510934e+39	7.442007935569916e+39	4.825831209449496e+39	1.849889153438876e+39	4.4590700703464e+39	6.40101901789721e+39	7.768788232458079e+39
912156.8943275278	9.959021260477432e+39	1.5569090119439362e+38	4.6811173525173855e+38	1.3945731263525806e+39	2.4977844993794336e+39	4.443540680205697e+39	6.973381534127627e+39	6.308520761186077e+39	4.303552599663319e+39	1.0851847481069393e+39	2.896557605199403e+39	4.443540680205697e+39	5.67892864402222e+39
968851.0686778073	7.958285812480508e+39	9.480537415129188e+37	2.6811637486841206e+38	8.208223181745676e+38	1.5516052649151548e+39	3.003729389606988e+39	5.509811456033389e+39	5.272489526864299e+39	3.8013888246020813e+39	6.29284931393656e+38	1.832450675229e+39	3.003729389606988e+39	4.0501355576437083e+39
1029074.8157826533	6.363320101739519e+39	6.081243092537826e+37	1.5945566920265367e+38	4.804504952126745e+38	9.443912448600313e+38	1.9785888346800676e+39	4.2690038181016116e+39	4.340029365209941e+39	3.3233216422442475e+39	3.661643155481385e+38	1.1332599678872103e+39	1.9785888346800676e+39	2.8169176144683854e+39
1093047.985959878	5.0917706759691055e+39	4.044344351940566e+37	9.96820471503498e+37	2.842267370469348e+38	5.681098107502698e+38	1.2727875718498855e+39	3.2402021153061915e+39	3.514755670115892e+39	2.873105875617818e+39	2.177395397016257e+38	6.897800157099653e+38	1.2727875718498855e+39	1.911203027281442e+39
1161004.1237453963	4.0778543125863106e+39	2.735990161905974e+37	6.542075769984149e+37	1.7298697766778927e+38	3.420907383163478e+38	8.030328253347586e+38	2.407273428670461e+39	2.797528601609264e+39	2.4541304781653072e+39	1.3455503706240308e+38	4.175873908328031e+38	8.030328253347586e+38	1.2667249529073722e+39
1233191.3208833046	3.2690907415996385e+39	1.8538256763293803e+37	4.450198021630607e+37	1.0979421133291307e+38	2.0946719374658855e+38	5.0051216173104585e+38	1.749813178792969e+39	2.186349221888219e+39	2.0692703015160497e+39	8.713395411865937e+37	2.5502593769984028e+38	5.0051216173104585e+38	8.226930717227089e+38
1309873.1224487063	2.6236559683426343e+39	1.2453098729553412e+37	3.0852787467854274e+37	7.292501485588483e+37	1.3241999568112443e+38	3.1144325564450984e+38	1.2445589762096288e+39	1.6764411120581888e+39	1.720739251164794e+39	5.891358600828137e+37	1.5958218044267835e+38	3.1144325564450984e+38	5.263936141673605e+38
1391329.4894131515	2.1082460566445863e+39	8.243199823569094e+36	2.1484628118659035e+37	5.030854543775539e+37	8.722555108128304e+37	1.9606441066330693e+38	8.669632149350762e+38	1.2605320245242478e+39	1.4099584353748982e+39	4.1068798705151485e+37	1.0359224596415298e+38	1.9606441066330693e+38	3.3455820079893797e+38
1477857.8211688148	1.6963583261102527e+39	5.357383114949941e+36	1.4875503650492122e+37	3.555602667989528e+37	5.983185591615884e+37	1.2658027255537223e+38	5.927450537976733e+38	9.29324315435505e+38	1.1374547590889786e+39	2.9077510897959915e+37	7.006297271589155e+37	1.2658027255537223e+38	2.1355463001442487e+38
1569774.0417466708	1.3669120302357054e+39	3.410508239354821e+36	1.0176264334387495e+37	2.538832775408382e+37	4.234822349244319e+37	8.462228408623768e+37	3.992457355151239e+38	6.721146235595453e+38	9.028052935986511e+38	2.064781176319671e+37	4.911839830542985e+37	8.462228408623768e+37	1.3862922315167065e+38
1667413.7536967264	1.1031440141106136e+39	2.122771665310893e+36	6.852056287957877e+36	1.8117565392988286e+37	3.0532963552543437e+37	5.8707429169309185e+37	2.6644805495989008e+38	4.774986138238968e+38	7.046401671910791e+38	1.457661337433717e+37	3.529438613911814e+37	5.8707429169309185e+37	9.253380672733783e+37
1771133.463845735	8.917262491108924e+38	1.2897341221330117e+36	4.5299945050841816e+36	1.282813819199724e+37	2.2159020093361287e+37	4.202719164297715e+37	1.7758292095006103e+38	3.3408145955057612e+38	5.407112852989601e+38	1.0174324083786691e+37	2.5673107056598326e+37	4.202719164297715e+37	6.388800351373606e+37
1881311.8854106043	7.220618162501164e+38	7.637033373631637e+35	2.935100396219299e+36	8.971302973025928e+36	1.604340514552833e+37	3.0727554889233625e+37	1.1931842300057273e+38	2.3111359640494402e+38	4.080263285504004e+38	6.997303218614138e+36	1.8710868172992666e+37	3.0727554889233625e+37	4.5571952586785e+37
1998351.3212249891	5.857240259649196e+38	4.400311523906555e+35	1.860858349753838e+36	6.179080950605706e+36	1.1519216776895644e+37	2.2696892380338746e+37	8.159219770794421e+37	1.5898523449141954e+38	3.030383191071444e+38	4.7308628873386444e+36	1.3564417297499518e+37	2.2696892380338746e+37	3.334597388241621e+37
2122679.1331332335	4.760101145063121e+38	2.4629897792219984e+35	1.1527103714159123e+36	4.183076708935511e+36	8.171142860248962e+36	1.6786753150611263e+37	5.719188016326441e+37	1.0953924517062701e+38	2.218723432809357e+38	3.1389364430336007e+36	9.735335543446249e+36	1.6786753150611263e+37	2.4786922052681553e+37
2254749.3029211867	3.875864139343336e+38	1.3369698990346252e+35	6.966197684444606e+35	2.7789093356649324e+36	5.712040519116511e+36	1.235282106039212e+37	4.120396630289063e+37	7.619404166032659e+37	1.6056469742772486e+38	2.0408226608388586e+36	6.8963738338834e+36	1.235282106039212e+37	1.854375188793343e+37
2395044.090488456	3.1620647628441386e+38	7.025686668733215e+34	4.1008865192075684e+35	1.8089752187186858e+36	3.9278836892632635e+36	9.00596224985715e+36	3.044023825727766e+37	5.389839551096667e+37	1.1528759356127728e+38	1.298342401495118e+36	4.8117101599698955e+36	9.00596224985715e+36	1.3861052455868045e+37
2544075.795322817	2.5848729076463627e+38	3.5674502568828432e+34	2.3479111153411402e+35	1.1522938854850687e+36	2.6529702649693513e+36	6.486985471914079e+36	2.292143148377132e+37	3.8961929380528463e+37	8.253528302323817e+37	8.070804435819688e+35	3.301274693566278e+36	6.486985471914079e+36	1.029878406611546e+37
2702388.6277159937	2.1173167672586996e+38	1.7469699070187056e+34	1.3052576578104575e+35	7.172249322628553e+35	1.7575786049457916e+36	4.6072934273909516e+36	1.7461635573792794e+37	2.8814567446544284e+37	5.925459769310375e+37	4.8950578534619734e+35	2.224094321504409e+36	4.6072934273909516e+36	7.579918146092382e+36
2870560.6965624364	1.7378738136104268e+38	8.233551598839934e+33	7.033636518343901e+34	4.3559540202068706e+35	1.1405712828727109e+36	3.2215414873185333e+36	1.3364426506000024e+37	2.174554740388548e+37	4.291286239181061e+37	2.8924249835526986e+35	1.469374764158938e+36	3.2215414873185333e+36	5.513175879224191e+36
3049206.1210104846	1.4293531167424555e+38	3.726800317329117e+33	3.667395144341929e+34	2.577510392123021e+35	7.240483772986185e+35	2.2146503222993856e+36	1.0219209670900607e+37	1.6660886697966924e+37	3.1506444380326704e+37	1.6624744466262597e+35	9.50698848077156e+35	2.2146503222993856e+36	3.955821263332782e+36
3238977.2736902004	1.1780086393091097e+38	1.6164376706908115e+33	1.8467937567623552e+34	1.483662567397349e+35	4.490018921415751e+35	1.4948948292211336e+36	7.775265403490369e+36	1.2882438027521616e+37	2.3521578051253455e+37	9.279694371435125e+34	6.015870183945414e+35	1.4948948292211336e+36	2.7960501640349823e+36
3440567.163725959	9.728359125529957e+37	6.702453046951637e+32	8.964208889602684e+33	8.294448257186283e+34	2.716079020243014e+35	9.895244966591912e+35	5.86936704779192e+36	9.996648742144626e+36	1.7863922532842384e+37	5.0218577991182495e+34	3.717891729070733e+35	9.895244966591912e+35	1.9443084935707057e+36
3654711.9682565155	8.050138865645543e+37	2.6502507384987714e+32	4.1854959721150265e+33	4.49600156338423e+34	1.600312592451513e+35	6.41493301323957e+35	4.3867350256845904e+36	7.750019128017041e+36	1.3774031140481416e+37	2.630145052853647e+34	2.240858612413588e+35	6.41493301323957e+35	1.3284911083470558e+36
3882193.721732889	6.674619177867896e+37	9.967591852957983e+31	1.8758051106270757e+33	2.3587786457166814e+34	9.1698706591128e+34	4.067543592385044e+35	3.240934401516938e+36	5.98220809007008e+36	1.0743270512203194e+37	1.3306865632349658e+34	1.3152361278238834e+35	4.067543592385044e+35	8.90818988880254e+35
