#t	Le	U	B	V	R	I	J	H	K	g	r	i	z
#----------------------------------------------- 
3.7652155130543496	0.0	0.0	0.0	0.0	0.0	0.0	0.0	0.0	0.0	0.0	0.0	0.0	0.0
3.8994213077231055	0.0	0.0	0.0	0.0	0.0	0.0	0.0	0.0	0.0	0.0	0.0	0.0	0.0
4.291650389804825	0.0	0.0	0.0	0.0	0.0	0.0	0.0	0.0	0.0	0.0	0.0	0.0	0.0
4.737599309260646	0.0	0.0	0.0	0.0	0.0	0.0	0.0	0.0	0.0	0.0	0.0	0.0	0.0
5.236875768990407	0.0	0.0	0.0	0.0	0.0	0.0	0.0	0.0	0.0	0.0	0.0	0.0	0.0
5.794527645451692	0.0	0.0	0.0	0.0	0.0	0.0	0.0	0.0	0.0	0.0	0.0	0.0	0.0
6.416192352933231	0.0	0.0	0.0	0.0	0.0	0.0	0.0	0.0	0.0	0.0	0.0	0.0	0.0
7.107869653269905	0.0	0.0	0.0	0.0	0.0	0.0	0.0	0.0	0.0	0.0	0.0	0.0	0.0
7.875865858121396	0.0	0.0	0.0	0.0	0.0	0.0	0.0	0.0	0.0	0.0	0.0	0.0	0.0
8.72675626184081	0.0	0.0	0.0	0.0	0.0	0.0	0.0	0.0	0.0	0.0	0.0	0.0	0.0
9.667344844917515	0.0	0.0	0.0	0.0	0.0	0.0	0.0	0.0	0.0	0.0	0.0	0.0	0.0
10.704617017208223	0.0	0.0	0.0	0.0	0.0	0.0	0.0	0.0	0.0	0.0	0.0	0.0	0.0
11.845685392145327	0.0	0.0	0.0	0.0	0.0	0.0	0.0	0.0	0.0	0.0	0.0	0.0	0.0
13.097730478748792	0.0	0.0	0.0	0.0	0.0	0.0	0.0	0.0	0.0	0.0	0.0	0.0	0.0
14.467939285379368	0.0	0.0	0.0	0.0	0.0	0.0	0.0	0.0	0.0	0.0	0.0	0.0	0.0
15.963445386851497	0.0	0.0	0.0	0.0	0.0	0.0	0.0	0.0	0.0	0.0	0.0	0.0	0.0
17.59127405854767	0.0	0.0	0.0	0.0	0.0	0.0	0.0	0.0	0.0	0.0	0.0	0.0	0.0
19.35829567568744	0.0	0.0	0.0	0.0	0.0	0.0	0.0	0.0	0.0	0.0	0.0	0.0	0.0
21.271189814688103	0.0	0.0	0.0	0.0	0.0	0.0	0.0	0.0	0.0	0.0	0.0	0.0	0.0
23.33642151170223	0.0	0.0	0.0	0.0	0.0	0.0	0.0	0.0	0.0	0.0	0.0	0.0	0.0
25.560230092972645	0.0	0.0	0.0	0.0	0.0	0.0	0.0	0.0	0.0	0.0	0.0	0.0	0.0
27.948630030319677	0.0	0.0	0.0	0.0	0.0	0.0	0.0	0.0	0.0	0.0	0.0	0.0	0.0
30.507422506848393	0.0	0.0	0.0	0.0	0.0	0.0	0.0	0.0	0.0	0.0	0.0	0.0	0.0
33.24221586076232	0.0	0.0	0.0	0.0	0.0	0.0	0.0	0.0	0.0	0.0	0.0	0.0	0.0
36.15845282147816	0.0	0.0	0.0	0.0	0.0	0.0	0.0	0.0	0.0	0.0	0.0	0.0	0.0
39.261442433512975	0.0	0.0	0.0	0.0	0.0	0.0	0.0	0.0	0.0	0.0	0.0	0.0	0.0
42.55639472815223	0.0	0.0	0.0	0.0	0.0	0.0	0.0	0.0	0.0	0.0	0.0	0.0	0.0
46.048456483836375	0.0	0.0	0.0	0.0	0.0	0.0	0.0	0.0	0.0	0.0	0.0	0.0	0.0
49.74274675722108	0.0	0.0	0.0	0.0	0.0	0.0	0.0	0.0	0.0	0.0	0.0	0.0	0.0
53.64439121590651	0.0	0.0	0.0	0.0	0.0	0.0	0.0	0.0	0.0	0.0	0.0	0.0	0.0
57.75855462782293	0.0	0.0	0.0	0.0	0.0	0.0	0.0	0.0	0.0	0.0	0.0	0.0	0.0
62.09047113952834	0.0	0.0	0.0	0.0	0.0	0.0	0.0	0.0	0.0	0.0	0.0	0.0	0.0
66.64547219830587	0.0	0.0	0.0	0.0	0.0	0.0	0.0	0.0	0.0	0.0	0.0	0.0	0.0
71.42901213999929	0.0	0.0	0.0	0.0	0.0	0.0	0.0	0.0	0.0	0.0	0.0	0.0	0.0
76.44669158286398	0.0	0.0	0.0	0.0	0.0	0.0	0.0	0.0	0.0	0.0	0.0	0.0	0.0
81.70427884285532	0.0	0.0	0.0	0.0	0.0	0.0	0.0	0.0	0.0	0.0	0.0	0.0	0.0
87.20772962941204	0.0	0.0	0.0	0.0	0.0	0.0	0.0	0.0	0.0	0.0	0.0	0.0	0.0
92.96320529920233	0.0	0.0	0.0	0.0	0.0	0.0	0.0	0.0	0.0	0.0	0.0	0.0	0.0
98.97708994635944	0.0	0.0	0.0	0.0	0.0	0.0	0.0	0.0	0.0	0.0	0.0	0.0	0.0
105.25600659850068	0.0	0.0	0.0	0.0	0.0	0.0	0.0	0.0	0.0	0.0	0.0	0.0	0.0
111.8068327704863	0.0	0.0	0.0	0.0	0.0	0.0	0.0	0.0	0.0	0.0	0.0	0.0	0.0
118.63671560850838	0.0	0.0	0.0	0.0	0.0	0.0	0.0	0.0	0.0	0.0	0.0	0.0	0.0
125.75308683639764	0.0	0.0	0.0	0.0	0.0	0.0	0.0	0.0	0.0	0.0	0.0	0.0	0.0
133.16367769569783	0.0	0.0	0.0	0.0	0.0	0.0	0.0	0.0	0.0	0.0	0.0	0.0	0.0
140.87653405267383	0.0	0.0	0.0	0.0	0.0	0.0	0.0	0.0	0.0	0.0	0.0	0.0	0.0
148.900031829559	0.0	0.0	0.0	0.0	0.0	0.0	0.0	0.0	0.0	0.0	0.0	0.0	0.0
157.24289290290227	0.0	0.0	0.0	0.0	0.0	0.0	0.0	0.0	0.0	0.0	0.0	0.0	0.0
165.91420160142263	0.0	0.0	0.0	0.0	0.0	0.0	0.0	0.0	0.0	0.0	0.0	0.0	0.0
174.9234219265334	0.0	0.0	0.0	0.0	0.0	0.0	0.0	0.0	0.0	0.0	0.0	0.0	0.0
184.28041561211708	0.0	0.0	0.0	0.0	0.0	0.0	0.0	0.0	0.0	0.0	0.0	0.0	0.0
193.99546113669396	0.0	0.0	0.0	0.0	0.0	0.0	0.0	0.0	0.0	0.0	0.0	0.0	0.0
204.0792737973716	0.0	0.0	0.0	0.0	0.0	0.0	0.0	0.0	0.0	0.0	0.0	0.0	0.0
214.54302695610704	0.0	0.0	0.0	0.0	0.0	0.0	0.0	0.0	0.0	0.0	0.0	0.0	0.0
225.39837456917306	0.0	0.0	0.0	0.0	0.0	0.0	0.0	0.0	0.0	0.0	0.0	0.0	0.0
236.65747511365058	0.0	0.0	0.0	0.0	0.0	0.0	0.0	0.0	0.0	0.0	0.0	0.0	0.0
248.33301702964786	0.0	0.0	0.0	0.0	0.0	0.0	0.0	0.0	0.0	0.0	0.0	0.0	0.0
260.43824580197173	0.0	0.0	0.0	0.0	0.0	0.0	0.0	0.0	0.0	0.0	0.0	0.0	0.0
272.9869928142145	0.0	0.0	0.0	0.0	0.0	0.0	0.0	0.0	0.0	0.0	0.0	0.0	0.0
285.9937061223844	0.0	0.0	0.0	0.0	0.0	0.0	0.0	0.0	0.0	0.0	0.0	0.0	0.0
299.47348327063395	0.0	0.0	0.0	0.0	0.0	0.0	0.0	0.0	0.0	0.0	0.0	0.0	0.0
313.4421063417156	0.0	0.0	0.0	0.0	0.0	0.0	0.0	0.0	0.0	0.0	0.0	0.0	0.0
327.9160794053409	0.0	0.0	0.0	0.0	0.0	0.0	0.0	0.0	0.0	0.0	0.0	0.0	0.0
342.91266855227116	0.0	0.0	0.0	0.0	0.0	0.0	0.0	0.0	0.0	0.0	0.0	0.0	0.0
358.449944720195	0.0	0.0	0.0	0.0	0.0	0.0	0.0	0.0	0.0	0.0	0.0	0.0	0.0
374.5468295342847	0.0	0.0	0.0	0.0	0.0	0.0	0.0	0.0	0.0	0.0	0.0	0.0	0.0
391.2231444066055	0.0	0.0	0.0	0.0	0.0	0.0	0.0	0.0	0.0	0.0	0.0	0.0	0.0
408.4996631613267	0.0	0.0	0.0	0.0	0.0	0.0	0.0	0.0	0.0	0.0	0.0	0.0	0.0
426.3981684780239	0.0	0.0	0.0	0.0	0.0	0.0	0.0	0.0	0.0	0.0	0.0	0.0	0.0
444.9415124718695	0.0	0.0	0.0	0.0	0.0	0.0	0.0	0.0	0.0	0.0	0.0	0.0	0.0
464.1536817516207	0.0	0.0	0.0	0.0	0.0	0.0	0.0	0.0	0.0	0.0	0.0	0.0	0.0
484.05986736098413	0.0	0.0	0.0	0.0	0.0	0.0	0.0	0.0	0.0	0.0	0.0	0.0	0.0
504.68654002372847	0.0	0.0	0.0	0.0	0.0	0.0	0.0	0.0	0.0	0.0	0.0	0.0	0.0
526.0615311532894	0.0	0.0	0.0	0.0	0.0	0.0	0.0	0.0	0.0	0.0	0.0	0.0	0.0
548.2141201334088	0.0	0.0	0.0	0.0	0.0	0.0	0.0	0.0	0.0	0.0	0.0	0.0	0.0
571.1751284781997	0.0	0.0	0.0	0.0	0.0	0.0	0.0	0.0	0.0	0.0	0.0	0.0	0.0
594.9770214647272	0.0	0.0	0.0	0.0	0.0	0.0	0.0	0.0	0.0	0.0	0.0	0.0	0.0
619.6540179437486	0.0	0.0	0.0	0.0	0.0	0.0	0.0	0.0	0.0	0.0	0.0	0.0	0.0
645.2422091002946	0.0	0.0	0.0	0.0	0.0	0.0	0.0	0.0	0.0	0.0	0.0	0.0	0.0
671.779687008558	0.0	0.0	0.0	0.0	0.0	0.0	0.0	0.0	0.0	0.0	0.0	0.0	0.0
699.3066839759741	0.0	0.0	0.0	0.0	0.0	0.0	0.0	0.0	0.0	0.0	0.0	0.0	0.0
727.8657237018781	0.0	0.0	0.0	0.0	0.0	0.0	0.0	0.0	0.0	0.0	0.0	0.0	0.0
757.5017854406511	0.0	0.0	0.0	0.0	0.0	0.0	0.0	0.0	0.0	0.0	0.0	0.0	0.0
788.2624824867977	0.0	0.0	0.0	0.0	0.0	0.0	0.0	0.0	0.0	0.0	0.0	0.0	0.0
820.1982564741452	0.0	0.0	0.0	0.0	0.0	0.0	0.0	0.0	0.0	0.0	0.0	0.0	0.0
853.3625891107887	0.0	0.0	0.0	0.0	0.0	0.0	0.0	0.0	0.0	0.0	0.0	0.0	0.0
887.8122332401117	0.0	0.0	0.0	0.0	0.0	0.0	0.0	0.0	0.0	0.0	0.0	0.0	0.0
923.6074653084164	0.0	0.0	0.0	0.0	0.0	0.0	0.0	0.0	0.0	0.0	0.0	0.0	0.0
960.8123615758669	0.0	0.0	0.0	0.0	0.0	0.0	0.0	0.0	0.0	0.0	0.0	0.0	0.0
999.4951007055106	0.0	0.0	0.0	0.0	0.0	0.0	0.0	0.0	0.0	0.0	0.0	0.0	0.0
1039.7282957258947	0.0	0.0	0.0	0.0	0.0	0.0	0.0	0.0	0.0	0.0	0.0	0.0	0.0
1081.5893587830162	0.0	0.0	0.0	0.0	0.0	0.0	0.0	0.0	0.0	0.0	0.0	0.0	0.0
1125.1609025093067	0.0	0.0	0.0	0.0	0.0	0.0	0.0	0.0	0.0	0.0	0.0	0.0	0.0
1170.5311823557277	0.0	0.0	0.0	0.0	0.0	0.0	0.0	0.0	0.0	0.0	0.0	0.0	0.0
1217.79458486598	0.0	0.0	0.0	0.0	0.0	0.0	0.0	0.0	0.0	0.0	0.0	0.0	0.0
1267.0521676061119	0.0	0.0	0.0	0.0	0.0	0.0	0.0	0.0	0.0	0.0	0.0	0.0	0.0
1318.4122572464712	0.0	0.0	0.0	0.0	0.0	0.0	0.0	0.0	0.0	0.0	0.0	0.0	0.0
1371.991113208445	0.0	0.0	0.0	0.0	0.0	0.0	0.0	0.0	0.0	0.0	0.0	0.0	0.0
1427.913665514419	0.0	0.0	0.0	0.0	0.0	0.0	0.0	0.0	0.0	0.0	0.0	0.0	0.0
1486.3143366670258	0.0	0.0	0.0	0.0	0.0	0.0	0.0	0.0	0.0	0.0	0.0	0.0	0.0
1547.3379590728066	0.0	0.0	0.0	0.0	0.0	0.0	0.0	0.0	0.0	0.0	0.0	0.0	0.0
1611.1408011687854	0.0	0.0	0.0	0.0	0.0	0.0	0.0	0.0	0.0	0.0	0.0	0.0	0.0
1677.9313733339397	0.0	0.0	0.0	0.0	0.0	0.0	0.0	0.0	0.0	0.0	0.0	0.0	0.0
1747.8932192412697	0.0	0.0	0.0	0.0	0.0	0.0	0.0	0.0	0.0	0.0	0.0	0.0	0.0
1821.2255016931833	0.0	0.0	0.0	0.0	0.0	0.0	0.0	0.0	0.0	0.0	0.0	0.0	0.0
1898.1446722530254	0.0	0.0	0.0	0.0	0.0	0.0	0.0	0.0	0.0	0.0	0.0	0.0	0.0
1978.8863627590638	0.0	0.0	0.0	0.0	0.0	0.0	0.0	0.0	0.0	0.0	0.0	0.0	0.0
2063.707534153644	0.0	0.0	0.0	0.0	0.0	0.0	0.0	0.0	0.0	0.0	0.0	0.0	0.0
2152.8889247373363	0.0	0.0	0.0	0.0	0.0	0.0	0.0	0.0	0.0	0.0	0.0	0.0	0.0
2246.7378475824694	0.0	0.0	0.0	0.0	0.0	0.0	0.0	0.0	0.0	0.0	0.0	0.0	0.0
2345.591397049028	0.0	0.0	0.0	0.0	0.0	0.0	0.0	0.0	0.0	0.0	0.0	0.0	0.0
2449.8201362500554	0.0	0.0	0.0	0.0	0.0	0.0	0.0	0.0	0.0	0.0	0.0	0.0	0.0
2559.832352935757	0.0	0.0	0.0	0.0	0.0	0.0	0.0	0.0	0.0	0.0	0.0	0.0	0.0
2676.0789890212486	0.0	0.0	0.0	0.0	0.0	0.0	0.0	0.0	0.0	0.0	0.0	0.0	0.0
2799.059372709888	0.0	0.0	0.0	0.0	0.0	0.0	0.0	0.0	0.0	0.0	0.0	0.0	0.0
2929.3279112937203	2.4365280273144263e+30	1.0582652085064436e+28	5.978585104549802e+27	3.146804932744554e+27	2.028261559132691e+27	1.0978002879842312e+27	2.7830620349773102e+26	1.3728280271161883e+26	5.192730181081929e+25	3.699877503140846e+27	1.775288006774122e+27	1.0978002879842312e+27	7.254651218408354e+26
3067.501939555233	4.961879049637619e+31	2.3487681483508633e+29	1.3282502143934167e+29	6.997402259312901e+28	4.512373481666783e+28	2.443713366472665e+28	6.200624840842588e+27	3.0596008597076874e+27	1.157668701229415e+27	8.225569190590895e+28	3.95010025952518e+28	2.443713366472665e+28	1.6154018819465793e+28
3214.270966333939	7.766234167581159e+32	4.1098780566619607e+30	2.327324043742397e+30	1.227534753381871e+30	7.921192772841297e+29	4.293061756850623e+29	1.0906158601021831e+29	5.383743256772593e+28	2.0379437107514646e+28	1.4425926183451233e+30	6.935409980991718e+29	4.293061756850623e+29	2.8391098947330614e+29
3370.407622806969	9.795216745748911e+33	5.741343813028743e+31	3.2554036062355077e+31	1.7190144770815342e+31	1.1099730505577847e+31	6.020130042732092e+30	1.5311125322478836e+30	7.56126905073409e+29	2.8634026496665522e+29	2.0196464874584393e+31	9.720062516548032e+30	6.020130042732092e+30	3.982883249607829e+30
3536.7806907248923	9.850919814741532e+34	6.486266910300482e+32	3.6834711472854805e+32	1.9477112958645083e+32	1.25859515101275e+32	6.832134804854651e+31	1.739994944564964e+31	8.596933396337368e+30	3.257204142835481e+30	2.2876238382581143e+32	1.1023816746402403e+32	6.832134804854651e+31	4.522287469004228e+31
3714.3706961785233	8.238669996876129e+35	6.061368371671978e+33	3.447503778629936e+33	1.8254277797103842e+33	1.1804687830295442e+33	6.4135935068052684e+32	1.6356197345989107e+32	8.085101169972141e+31	3.0647851238384825e+31	2.143329458924065e+33	1.0341646068549548e+33	6.4135935068052684e+32	4.247299760758344e+32
3904.2886873051175	5.683623373947875e+36	4.71785593934759e+34	2.688102635071904e+34	1.425548812675171e+34	9.226702490473475e+33	5.0179087969204245e+33	1.2816669090322116e+33	6.338910518155302e+32	2.404206923286467e+32	1.673213946662855e+34	8.085063556668652e+33	5.0179087969204245e+33	3.3248594232306217e+33
4107.798985728635	3.335563530373557e+37	3.1141143171976306e+35	1.7775508699919417e+35	9.44171798371414e+34	6.116442104664647e+34	3.329770961238116e+34	8.518307221545621e+33	4.21535566772322e+33	1.5997027502995225e+33	1.107801131890025e+35	5.360927340267268e+34	3.329770961238116e+34	2.2075439021044307e+34
4326.3469852096805	1.6589640405049437e+38	1.755124233299075e+36	1.0038690018432164e+36	5.34173271142718e+35	3.4638517149786775e+35	1.8878449634725577e+35	4.838078923404556e+34	2.395651916633177e+34	9.097156078594855e+33	6.2649166271045936e+35	3.03680494016659e+35	1.8878449634725577e+35	1.2523760634677169e+35
4561.593535442105	7.160847384961562e+38	8.571167686158875e+36	4.9127899736238953e+36	2.6190366698754757e+36	1.7000648450081174e+36	9.276492250857178e+35	2.381706572685936e+35	1.180101250674192e+35	4.484237714530751e+34	3.070363453278837e+36	1.490885705306087e+36	9.276492250857178e+35	6.157954836508303e+35
4815.456913089903	2.8554882291100707e+39	3.723593276628125e+37	2.1375608042984575e+37	1.1410874755323642e+37	7.412541853589876e+36	4.048148250260158e+36	1.0407330609701908e+36	5.1590939196034905e+35	1.961331436914996e+35	1.3373123693438744e+37	6.50180619239856e+36	4.048148250260158e+36	2.6885325342644774e+36
5090.165769742094	1.065642652423896e+40	1.453538876390997e+38	8.351103896191771e+37	4.461300144001969e+37	2.8992439734451497e+37	1.584069502229101e+37	4.075390816190244e+36	2.0207512578217214e+36	7.684270919527785e+35	5.227606005304667e+37	2.543308991825114e+37	1.584069502229101e+37	1.0523116343380003e+37
5388.325932408616	3.19280481036208e+40	4.874912388997286e+38	2.8068708944020932e+38	1.5023245429722402e+38	9.773311804515316e+37	5.346270361592916e+37	1.3780200881650308e+37	6.837275736182073e+36	2.6017399632535633e+36	1.7596116217880655e+38	8.575894627818104e+37	5.346270361592916e+37	3.5539370109888307e+37
5713.005590350768	8.405600784615479e+40	1.4450248122046694e+39	8.340100712679976e+38	4.4732697109561144e+38	2.9134417615456164e+38	1.5958438803482113e+38	4.121828069928641e+37	2.0465908601524234e+37	7.793509501475708e+36	5.236843445200707e+38	2.5572929046820438e+38	1.5958438803482113e+38	1.0616182678824608e+38
6067.845200059672	1.906374356895788e+41	3.7367621396101226e+39	2.162771865131044e+39	1.1628743280453594e+39	7.584077661456167e+38	4.160628331447702e+38	1.077217756070158e+38	5.353165003437744e+37	2.0402687196722859e+37	1.3606086199940274e+39	6.659420926865705e+38	4.160628331447702e+38	2.77019166681676e+38
6457.20108110697	3.599388961064064e+41	8.200422073685752e+39	4.762608690595539e+39	2.5684665925404102e+39	1.6778900229180953e+39	9.222326050350024e+38	2.3947490593668466e+38	1.191278070744878e+38	4.545129774838732e+37	3.0031421722003474e+39	1.4739818130166765e+39	9.222326050350024e+38	6.146763553688815e+38
6886.335714010232	5.474060939463255e+41	1.472405286067089e+40	8.586480374466859e+39	4.6472818449613336e+39	3.0418912642312674e+39	1.675695870316975e+39	4.366429044570471e+38	2.1747419633056715e+38	8.307704023207311e+37	5.4293283386090844e+39	2.673645650054149e+39	1.675695870316975e+39	1.1182558231285675e+39
7361.673873308171	7.273235980140961e+41	2.178304379440259e+40	1.273903190745844e+40	6.911843166378141e+39	4.530315185116573e+39	2.4994912974321884e+39	6.52865140960393e+38	3.2543782260797715e+38	1.2442639450448959e+38	8.070418208162852e+39	3.9833476977771953e+39	2.4994912974321884e+39	1.6694348563311698e+39
7891.150801441723	6.830271473622617e+41	2.51467252363052e+40	1.4793055390572168e+40	8.067616285347943e+39	5.3027782021101214e+39	2.935071751253201e+39	7.704492685956778e+38	3.847151004562924e+38	1.4735006013460111e+38	9.408902686923279e+39	4.666102078037608e+39	2.935071751253201e+39	1.96384219949494e+39
8484.70701392008	6.059929818387504e+41	2.6994032100060674e+40	1.5976527272921825e+40	8.759212518695408e+39	5.77405721409579e+39	3.2064572805892256e+39	8.459750441578245e+38	4.231756664431985e+38	1.6237355796751232e+38	1.020318647162605e+40	5.084775887603882e+39	3.2064572805892256e+39	2.1493294518440524e+39
9159.035726824932	6.4904196092929154e+41	3.19064841764687e+40	1.8946756794144606e+40	1.041762846350735e+40	6.878114807706764e+39	3.8264012839923214e+39	1.012324162474753e+39	5.068723128599723e+38	1.9467808079157805e+38	1.21270383945146e+40	6.059614904306262e+39	3.8264012839923214e+39	2.5674188023895235e+39
9933.525337463336	6.1882695237535334e+41	3.8086911614140264e+40	2.280783720401857e+40	1.2632380187224567e+40	8.373681990455487e+39	4.6795001613128874e+39	1.2466585836322853e+39	6.257110490394971e+38	2.409123253679098e+38	1.468082355259749e+40	7.385148346353484e+39	4.6795001613128874e+39	3.147657766616705e+39
10831.68261911806	6.674499239213525e+41	4.797210664224253e+40	2.8914549481150414e+40	1.6104882843051237e+40	1.0708289441886868e+40	6.004959477572439e+39	1.6083186256102187e+39	8.087225368502496e+38	3.1196064674835813e+38	1.8692526531936364e+40	9.451960618899162e+39	6.004959477572439e+39	4.0469519502458365e+39
11878.447072720883	6.928550551893291e+41	5.817802871299556e+40	3.5323951832090336e+40	1.9799922433319903e+40	1.3210737352700257e+40	7.437295522487246e+39	2.00392358021625e+39	1.0097390166588242e+39	3.903236660803188e+38	2.2948174335979287e+40	1.167168445103102e+40	7.437295522487246e+39	5.0230498854061873e+39
13117.56737336076	7.236206060003967e+41	7.1343664288826135e+40	4.367236969933094e+40	2.465219984324241e+40	1.6511291515164592e+40	9.335667777534668e+39	2.5321019419514804e+39	1.2787895389365448e+39	4.954727360452151e+38	2.85263841168218e+40	1.4602763705392055e+40	9.335667777534668e+39	6.320170428879843e+39
14613.849388475923	7.453267741727603e+41	8.749901513232158e+40	5.409413803261588e+40	3.0796265075439124e+40	2.0722032172344318e+40	1.1777731680299744e+40	3.219981449681375e+39	1.6306500695052296e+39	6.335596334362597e+38	3.5567215464826433e+40	1.8349613302410567e+40	1.1777731680299744e+40	7.996276873094324e+39
16469.714281926204	7.353941893314331e+41	1.0549829700622017e+41	6.6079352864711545e+40	3.8044481563907207e+40	2.575557884469643e+40	1.4739366278148527e+40	4.071961214151246e+39	2.069510365416663e+39	8.06993939691074e+38	4.382657020333942e+40	2.284426095547796e+40	1.4739366278148527e+40	1.0044695945655005e+40
18862.469885007722	7.48100135504196e+41	1.2945392868158402e+41	8.223910428448212e+40	4.792663792565137e+40	3.265960495248434e+40	1.8828961687062311e+40	5.260414391992391e+39	2.6838053811365578e+39	1.0506030230953102e+39	5.505899145827713e+40	2.9019063386731205e+40	1.8828961687062311e+40	1.2883657023798071e+40
22144.62657045886	7.69360182740301e+41	1.6068224487261914e+41	1.0376478115712657e+41	6.13258834095821e+40	4.210847471610259e+40	2.44836606055016e+40	6.928707918015301e+39	3.550488285243044e+39	1.3960369941155927e+39	7.022888100997669e+40	3.7490826793203494e+40	2.44836606055016e+40	1.6830777188432947e+40
25998.08808596652	8.362681140742037e+41	2.211816092607457e+41	1.4643083803616888e+41	8.840109220253352e+40	6.139853046896779e+40	3.6160226576352244e+40	1.0432586253029612e+40	5.3811804530107414e+39	2.129873255850593e+39	1.0074940893907834e+41	5.48335475111402e+40	3.6160226576352244e+40	2.503172382363394e+40
30522.340054900327	8.732024099280908e+41	2.9006152902301703e+41	1.981675266071517e+41	1.2290004426372873e+41	8.660737820257373e+40	5.184108195461928e+40	1.5325720296878763e+40	7.970619382812383e+39	3.1810279410924606e+39	1.3921701976919262e+41	7.7648172879801215e+40	5.184108195461928e+40	3.6204811461484256e+40
35834.20081484746	8.984116431512381e+41	3.659263708058097e+41	2.5950136374352753e+41	1.6617553944134423e+41	1.1914301754824187e+41	7.270506128488719e+40	2.2123887995317083e+40	1.1618949715919883e+40	4.6825301956476474e+39	1.8687915365999133e+41	1.0731308932737196e+41	7.270506128488719e+40	5.131060428025733e+40
42070.83595418577	9.013271813175306e+41	4.390293582120143e+41	3.255896215287216e+41	2.166888094320356e+41	1.586260711042743e+41	9.907490882890577e+40	3.121373458610085e+40	1.658520866376086e+40	6.762290753877539e+39	2.415683071285161e+41	1.4367406299000653e+41	9.907490882890577e+40	7.0808109743454775e+40
49393.29688793237	1.1689496809173863e+42	5.560298542175377e+41	4.254376425317118e+41	2.9160435809857335e+41	2.1708123379569107e+41	1.3824159764014178e+41	4.488471341851004e+40	2.4097701619491096e+40	9.92848633390622e+39	3.2286210438367364e+41	1.975241521776468e+41	1.3824159764014178e+41	9.98722435129296e+40
57990.680022966066	7.057973213907952e+42	1.820689818136545e+42	1.2565604143789136e+42	7.907142500177513e+41	5.629218326325272e+41	3.414898462923969e+41	1.0340645463238521e+41	5.427403096547346e+40	2.187090144043505e+40	8.923147821172313e+41	5.06213077702936e+41	3.414898462923969e+41	2.4044293957478067e+41
68085.0108570587	1.9713229789181574e+43	4.342419600848929e+42	2.897879146872628e+42	1.766446625688344e+42	1.2346474250244072e+42	7.3296533078268e+41	2.1440925186850706e+41	1.1116578719790755e+41	4.423857093088142e+40	2.008332568909377e+42	1.1046465815414204e+42	7.3296533078268e+41	5.09807782151785e+41
79936.97921722825	2.7466929493114827e+43	6.66457930349608e+42	4.4761449936077325e+42	2.7422587156006433e+42	1.9215582729121465e+42	1.1438449633515562e+42	3.3587431821343083e+41	1.7435482185415616e+41	6.946744864589654e+40	3.114336050629027e+42	1.720365239892157e+42	1.1438449633515562e+42	7.967144273553468e+41
93852.67326408689	2.5583060622731405e+43	7.740202373872106e+42	5.368483028619511e+42	3.3839405594486563e+42	2.4088201030725655e+42	1.4598487948244333e+42	4.4066014920138685e+41	2.309355662747723e+41	9.289964271224377e+40	3.818102796721013e+42	2.1658258150761858e+42	1.4598487948244333e+42	1.026939963059686e+42
110191.48567214517	1.85990767404704e+43	7.238710423014382e+42	5.307840685384848e+42	3.5169151019509546e+42	2.57420066098911e+42	1.6107631513197252e+42	5.109411818460664e+41	2.7240492011863133e+41	1.1150250243618903e+41	3.9228276557982124e+42	2.3321341826754416e+42	1.6107631513197252e+42	1.1533965200340488e+42
129375.39105165667	1.0620215290353354e+43	5.117018197223711e+42	4.08497301133095e+42	2.927314139870995e+42	2.2407693774205762e+42	1.4775793438356804e+42	5.0955513147849e+41	2.798063548581584e+41	1.1803381423814894e+41	3.20617707123373e+42	2.0552320316263457e+42	1.4775793438356804e+42	1.0898150485463366e+42
151899.84847547286	5.441987148463138e+42	2.531744270322452e+42	2.2697632060309305e+42	1.8299388757728452e+42	1.5039858454323833e+42	1.0806032938758613e+42	4.288539579477911e+41	2.475866639520503e+41	1.0990904475001034e+41	1.9484679195343454e+42	1.407260278680273e+42	1.0806032938758613e+42	8.373539485084958e+41
178346.59935509128	2.3151131468418918e+42	1.1994349074271765e+42	1.1502791037102858e+42	9.926085570982719e+41	8.550472761978318e+41	6.575945481708762e+41	3.028936301395513e+41	1.867562733759649e+41	8.920567303477953e+40	1.0390492113545885e+42	8.117839026990561e+41	6.575945481708762e+41	5.338238700246505e+41
209398.69415357304	1.3044000137827522e+42	6.229351980276992e+41	6.566596653605677e+41	6.185182821474184e+41	5.608596970889158e+41	4.588383135190062e+41	2.354231283738733e+41	1.520112921669924e+41	7.682697647234065e+40	6.342646909124104e+41	5.401738802676017e+41	4.588383135190062e+41	3.861924963210492e+41
245858.13142279678	8.390850072431864e+41	3.521652910165641e+41	4.2271082137592e+41	4.3289051472484825e+41	4.057854258256828e+41	3.4338057614932557e+41	1.918026550239549e+41	1.3024340520300789e+41	7.011823730308939e+40	4.36756074180746e+41	3.939544705884629e+41	3.4338057614932557e+41	2.9561195575525476e+41
288666.5744294473	5.778133963946314e+41	1.6096810831208521e+41	2.4339939180663012e+41	3.0422294461152343e+41	3.143496572539213e+41	2.90224296871571e+41	1.7286189152776415e+41	1.1918751576130888e+41	6.629752708525464e+40	2.9376384351712922e+41	3.12442106718757e+41	2.90224296871571e+41	2.5812185528907183e+41
338929.6731490631	3.993349758255956e+41	5.2426636274590995e+40	1.026912822121726e+41	1.6806115292347665e+41	2.0264514087182763e+41	2.221324452288868e+41	1.6382247921603917e+41	1.179037613323316e+41	6.750281103740754e+40	1.5230821060862197e+41	2.099727623251647e+41	2.221324452288868e+41	2.1565474540237658e+41
397945.62182070623	2.689742149063312e+41	1.3854760386739804e+40	3.0248708172645733e+40	6.590811343539832e+40	9.657141328989937e+40	1.3393391941374787e+41	1.4059433408864538e+41	1.1192702839497056e+41	6.922414233393605e+40	5.541233638558505e+40	1.0573331299933063e+41	1.3393391941374787e+41	1.482335266791374e+41
467238.6896709795	1.751119752761242e+41	5.4285214920579834e+39	7.904009522082082e+39	1.7787101809002635e+40	3.137625327137106e+40	5.789513651354102e+40	9.944626498708821e+40	9.317618611511833e+40	6.651699314679393e+40	1.4260463145444235e+40	3.6576692974178636e+40	5.789513651354102e+40	7.626895277117752e+40
548598.590862796	1.1035410815943117e+41	3.484960194925581e+39	3.6408223327273536e+39	4.751171605834108e+39	7.570975233383756e+39	1.6914356870943315e+40	5.334288289856826e+40	6.294979386436848e+40	5.605419995347051e+40	4.2499217003792476e+39	8.996741915764845e+39	1.6914356870943315e+40	2.7081103228925173e+40
644126.7105433826	6.76787178573529e+40	2.3937459715339015e+39	2.4818242019792744e+39	2.4623891655612552e+39	2.6057738259352357e+39	4.0524040715170986e+39	2.0302400817758043e+40	3.217641266170006e+40	3.8838500267792793e+40	2.4658090646835523e+39	2.7457369178165935e+39	4.0524040715170986e+39	6.795165356664072e+39
756290.3809497848	4.0682265982592703e+40	1.6039045156158872e+39	1.7244648436162004e+39	1.7380810538634005e+39	1.6751319677404234e+39	1.6144897622110907e+39	5.275977474075568e+39	1.1582077706793068e+40	2.08959879442943e+40	1.7477932619485017e+39	1.6507647295194525e+39	1.6144897622110907e+39	1.8382049940500827e+39
887986.609452223	2.413443770343186e+40	1.045366339394611e+39	1.1637900230431281e+39	1.2265731570429193e+39	1.2141153097181694e+39	1.1233211728283492e+39	1.277639440782196e+39	2.916563474147397e+39	8.148124846681359e+39	1.2193179958634884e+39	1.2010529901758034e+39	1.1233211728283492e+39	1.0399349435905688e+39
1042616.9045464576	1.4220074379851436e+40	6.639808699637192e+38	7.628238172002473e+38	8.385711503419282e+38	8.573477340383748e+38	8.294105637265929e+38	6.30027677416278e+38	7.939886379112642e+38	2.4685282004493827e+39	8.24261621189408e+38	8.567549116789012e+38	8.294105637265929e+38	7.767041524626191e+38
1224175.1324514959	8.391161641098555e+39	4.117915856074228e+38	4.8663838745840885e+38	5.557560745113242e+38	5.856347129382738e+38	5.935855771877284e+38	4.658995784640531e+38	3.8613599896014734e+38	6.364998090299069e+38	5.406674823254382e+38	5.909657328922187e+38	5.935855771877284e+38	5.740827937343578e+38
1437350.6735317488	4.974808502346881e+39	2.4975791533227445e+38	3.0287274475691674e+38	3.578905960090537e+38	3.876354994522522e+38	4.1049959187180754e+38	3.57914253164311e+38	2.8870538721206016e+38	2.3329669737598492e+38	3.4496666048596094e+38	3.9470268142746714e+38	4.1049959187180754e+38	4.100383095654784e+38
1687649.5429363365	2.973402749859035e+39	1.482138552256625e+38	1.842769798173202e+38	2.2452523315335986e+38	2.4923213126690747e+38	2.747260693448262e+38	2.6664044642683385e+38	2.2636920712312574e+38	1.5763620106012694e+38	2.1464109171837837e+38	2.5584692987104778e+38	2.747260693448262e+38	2.8292210150880866e+38
1981536.6038396824	1.7957847980608754e+39	8.594650452067312e+37	1.0973569326395002e+38	1.3756221633512023e+38	1.5607617393340493e+38	1.783366705316437e+38	1.9170636496013474e+38	1.7240807489244158e+38	1.265186618733319e+38	1.3053262060432372e+38	1.6138134530040514e+38	1.783366705316437e+38	1.888828807313209e+38
2326602.546460593	1.0972882564018673e+39	4.852244792808179e+37	6.393606631557144e+37	8.246595596392335e+37	9.544270381803151e+37	1.1259472788035806e+38	1.3305482832135027e+38	1.2674485165050808e+38	1.0044050407926234e+38	7.77033914663076e+37	9.932451079991063e+37	1.1259472788035806e+38	1.2229894239897416e+38
2731759.9457032215	6.7858136269081746e+38	2.6498429176657565e+37	3.6355859424220036e+37	4.840817325171816e+37	5.710944486598809e+37	6.933428650680843e+37	8.927198073532456e+37	8.989338734701286e+37	7.716312297800984e+37	4.528068083392206e+37	5.978414647073089e+37	6.933428650680843e+37	7.701389005615847e+37
3207473.461324296	4.245569826768389e+38	1.386712413435593e+37	2.0070788711356865e+37	2.7795099711955205e+37	3.3468645936310376e+37	4.174512770601338e+37	5.803219142195175e+37	6.155516548237226e+37	5.721751816318912e+37	2.577925522106602e+37	3.524063726486987e+37	4.174512770601338e+37	4.730175509396646e+37
3766030.1263855617	2.6849863545781943e+38	6.870451067476935e+36	1.0669957656131322e+37	1.5555642599820589e+37	1.9193991774979919e+37	2.461557268675413e+37	3.6653613514489416e+37	4.07654773007691e+37	4.0923702347648737e+37	1.4272041896367808e+37	2.034016281549216e+37	2.461557268675413e+37	2.8408665587859315e+37
4421856.705175585	1.7143869767633026e+38	3.176316945201341e+36	5.402162113620414e+36	8.431026153874677e+36	1.0736378297201666e+37	1.4218305815334451e+37	2.256164201902912e+37	2.6176542709984603e+37	2.8243871568981307e+37	7.625024286142123e+36	1.1467408594516969e+37	1.4218305815334451e+37	1.671224508670668e+37
