#t	Le	U	B	V	R	I	J	H	K	g	r	i	z
#----------------------------------------------- 
6.231070087889746	0.0	0.0	0.0	0.0	0.0	0.0	0.0	0.0	0.0	0.0	0.0	0.0	0.0
6.475563181441259	0.0	0.0	0.0	0.0	0.0	0.0	0.0	0.0	0.0	0.0	0.0	0.0	0.0
9.188765975378473	0.0	0.0	0.0	0.0	0.0	0.0	0.0	0.0	0.0	0.0	0.0	0.0	0.0
11.38548679673131	0.0	0.0	0.0	0.0	0.0	0.0	0.0	0.0	0.0	0.0	0.0	0.0	0.0
14.948573524663482	0.0	0.0	0.0	0.0	0.0	0.0	0.0	0.0	0.0	0.0	0.0	0.0	0.0
20.01570302986235	0.0	0.0	0.0	0.0	0.0	0.0	0.0	0.0	0.0	0.0	0.0	0.0	0.0
26.884629180516676	0.0	0.0	0.0	0.0	0.0	0.0	0.0	0.0	0.0	0.0	0.0	0.0	0.0
35.78059182336664	0.0	0.0	0.0	0.0	0.0	0.0	0.0	0.0	0.0	0.0	0.0	0.0	0.0
46.699036996474874	0.0	0.0	0.0	0.0	0.0	0.0	0.0	0.0	0.0	0.0	0.0	0.0	0.0
59.445325275429006	0.0	0.0	0.0	0.0	0.0	0.0	0.0	0.0	0.0	0.0	0.0	0.0	0.0
73.7845670559146	0.0	0.0	0.0	0.0	0.0	0.0	0.0	0.0	0.0	0.0	0.0	0.0	0.0
89.54145642082543	0.0	0.0	0.0	0.0	0.0	0.0	0.0	0.0	0.0	0.0	0.0	0.0	0.0
106.61564786183132	0.0	0.0	0.0	0.0	0.0	0.0	0.0	0.0	0.0	0.0	0.0	0.0	0.0
124.96178589961667	0.0	0.0	0.0	0.0	0.0	0.0	0.0	0.0	0.0	0.0	0.0	0.0	0.0
144.5682517568998	0.0	0.0	0.0	0.0	0.0	0.0	0.0	0.0	0.0	0.0	0.0	0.0	0.0
165.44305088502563	0.0	0.0	0.0	0.0	0.0	0.0	0.0	0.0	0.0	0.0	0.0	0.0	0.0
187.60578948387658	0.0	0.0	0.0	0.0	0.0	0.0	0.0	0.0	0.0	0.0	0.0	0.0	0.0
211.0830650962491	0.0	0.0	0.0	0.0	0.0	0.0	0.0	0.0	0.0	0.0	0.0	0.0	0.0
235.90586979495532	0.0	0.0	0.0	0.0	0.0	0.0	0.0	0.0	0.0	0.0	0.0	0.0	0.0
262.1078545196686	0.0	0.0	0.0	0.0	0.0	0.0	0.0	0.0	0.0	0.0	0.0	0.0	0.0
289.7248187467756	3.4817950122377996e+30	1.828146158208434e+26	1.0078845317752997e+26	5.190878664499069e+25	3.305422115954204e+25	1.7642172775612732e+25	4.374915303025159e+24	2.1412424153313764e+24	8.034219285767847e+23	6.133785055435067e+25	2.8836040467598687e+25	1.7642172775612732e+25	1.156766955860166e+25
318.7940672261698	1.6926689293106923e+33	1.1506480331789558e+29	6.347534179165787e+28	3.2709248505942895e+28	2.0834766036483545e+28	1.112414327278251e+28	2.760110803690581e+27	1.351166990563536e+27	5.070795248629057e+26	3.864595088392847e+28	1.8177468305266636e+28	1.112414327278251e+28	7.295350689862032e+27
349.3541029481216	1.9203843090912994e+35	1.6561111344365797e+31	9.141468502678108e+30	4.7132225795775775e+30	3.003091544287908e+30	1.6039836024044473e+30	3.982017079358341e+29	1.9497199891157894e+29	7.318613103798509e+28	5.567970213426989e+30	2.620291182018507e+30	1.6039836024044473e+30	1.0521208914323842e+30
381.4446499709859	8.595409925918876e+36	8.934895802533371e+32	4.934455310809179e+32	2.5453126394761137e+32	1.6221978004645616e+32	8.66692045829637e+31	2.1526505226766545e+31	1.0541825437064667e+31	3.957746330266038e+30	3.006588779615471e+32	1.4155180192082225e+32	8.66692045829637e+31	5.685953481075082e+31
415.1067136136723	1.8755828404408343e+38	2.2601791377584876e+34	1.2487627406505884e+34	6.44391174073738e+33	4.107771213364765e+33	2.19520954321131e+33	5.454526126555801e+32	2.6715336787523614e+32	1.0031275296522891e+32	7.611037230287929e+33	3.5846232238410906e+33	2.19520954321131e+33	1.440374737660236e+33
450.38258504042284	2.0747441288415574e+39	3.0684031961175162e+35	1.6963905858162697e+35	8.758764801742508e+34	5.585191916212252e+34	2.9858508847620974e+34	7.42340432193301e+33	3.6366132208407155e+33	1.3657963677419166e+33	1.0343801050816335e+35	4.874310765864972e+34	2.9858508847620974e+34	1.959555489983233e+34
487.3157811474239	1.4610342757553423e+40	2.604476449131648e+36	1.440801099842769e+36	7.44325289542312e+35	4.747810701522483e+35	2.5391009409153905e+35	6.316302933520634e+34	3.094889673316601e+34	1.1625860990579156e+34	8.789099970831324e+35	4.143863869211193e+35	2.5391009409153905e+35	1.6666992905043766e+35
525.9510417039035	6.926933462628598e+40	1.501351455198936e+37	8.311293992778399e+36	4.296334689164132e+36	2.7414498108723437e+36	1.4667027649856122e+36	3.650922256818229e+35	1.7893013944891845e+35	6.723034931210612e+34	5.072445674452875e+36	2.3929508094247644e+36	1.4667027649856122e+36	9.629809386051396e+35
566.3343772037459	2.4135425656923234e+41	6.295401641308309e+37	3.487520336957693e+37	1.8039342703789338e+37	1.1514803919719054e+37	6.16305367826745e+36	1.5351030902972042e+36	7.525206448626359e+35	2.8281568309377507e+35	2.1294959353128625e+37	1.005198808471482e+37	6.16305367826745e+36	4.0473533875358914e+36
608.5131148872437	6.2201456236635345e+41	1.970768741455677e+38	1.092632832948743e+38	5.655705238839838e+37	3.611563528167035e+37	1.9339007244962737e+37	4.82049329269893e+36	2.3636576790210284e+36	8.885574180194438e+35	6.675316334515448e+37	3.1531004460850195e+37	1.9339007244962737e+37	1.2703436385893487e+37
652.5359352443593	1.215564451341311e+42	4.674563932641344e+38	2.5938725588931422e+38	1.3436641141930413e+38	8.583878302968914e+37	4.598703733839161e+37	1.14717480407154e+37	5.626552800827742e+36	2.1157622452719592e+36	1.5856230811869514e+38	7.495082383261679e+37	4.598703733839161e+37	3.021633945336224e+37
698.4529545621011	1.924407466880549e+42	8.60762509602773e+38	4.779662485302634e+38	2.4774953405590243e+38	1.5832832981980613e+38	8.4856899989553995e+37	2.1181692290036598e+37	1.0391366921983631e+37	3.9084048245713113e+36	2.9232041603840025e+38	1.3825894138945866e+38	8.4856899989553995e+37	5.576896485699998e+37
746.3158212057416	2.1761014380818582e+42	1.2212383300179727e+39	6.789025893572901e+38	3.522598698666593e+38	2.252448881194077e+38	1.2080015633871481e+38	3.0184910758491914e+37	1.4813624537597908e+37	5.57381647503189e+36	4.1553559181675134e+38	1.96723686794421e+38	1.2080015633871481e+38	7.942039693852346e+37
796.1777705027989	2.153864469594602e+42	1.4941022617238372e+39	8.315467800445255e+38	4.319044792509267e+38	2.7633015091806138e+38	1.4829550183401342e+38	3.7094027704266767e+37	1.821111092072385e+37	6.854785245603927e+36	5.0936645850951375e+38	2.4137809206341114e+38	1.4829550183401342e+38	9.753340201523098e+37
848.0937011349475	1.9705762247116793e+42	1.715886345250407e+39	9.56260669326804e+38	4.97273699522816e+38	3.1836506558903418e+38	1.7098536368988023e+38	4.282151201639326e+37	2.1032041584543198e+37	7.92011833116877e+36	5.862987600816671e+38	2.7814668673836124e+38	1.7098536368988023e+38	1.1250485104752312e+38
902.1202199142239	1.862121714203425e+42	2.0006205690012512e+39	1.1164427205760748e+39	5.8126704032909486e+38	3.723881530777885e+38	2.0015391954908312e+38	5.018746825480751e+37	2.466050663589184e+37	9.290632898645444e+36	6.85140487991342e+38	3.2540443913226478e+38	2.0015391954908312e+38	1.3175398435063851e+38
958.3157772925691	1.8702365350731453e+42	2.418828648090064e+39	1.351617898848431e+39	7.045420482981929e+38	4.516621369549538e+38	2.4294745479797818e+38	6.099084982247066e+37	2.9981690765027285e+37	1.1300296328244435e+37	8.302192069760463e+38	3.947475382462079e+38	2.4294745479797818e+38	1.599915004645887e+38
1016.7428261023049	2.155821152188136e+42	3.0924681912883555e+39	1.729263885060259e+39	9.019602225962034e+38	5.784241197828112e+38	3.1125795364332134e+38	7.818962905223397e+37	3.844487670306671e+37	1.449349192623069e+37	1.062699546962931e+39	5.0558435107566265e+38	3.1125795364332134e+38	2.0502324639980467e+38
1077.499300734928	2.14192781378615e+42	3.7740096539403473e+39	2.1137543423407848e+39	1.104075819816352e+39	7.086021964289812e+38	3.816572450486858e+38	9.60124559466274e+37	4.723222075594329e+37	1.7815625852262821e+37	1.3004090256288122e+39	6.195032826507565e+38	3.816572450486858e+38	2.515232509805202e+38
1140.6804178871278	2.0975572592862355e+42	4.5222017241340024e+39	2.5371504109211068e+39	1.3272483377113863e+39	8.52558712962078e+38	4.5964191882019026e+38	1.1580884433489755e+38	5.700185025948295e+37	2.1512712611199954e+37	1.562720557787191e+39	7.455311520178371e+38	4.5964191882019026e+38	3.0308290383391768e+38
1206.368526035828	2.0214464695953424e+42	5.313443102246525e+39	2.986584069629495e+39	1.5649229695953954e+39	1.0061472894263474e+39	5.430167224604147e+38	1.3704185035857437e+38	6.74923238796278e+37	2.548719563678964e+37	1.8418682999298887e+39	8.800574635067402e+38	5.430167224604147e+38	3.5826961643484404e+38
1274.648090608821	2.2453939340667998e+42	6.453677730948091e+39	3.630630418838113e+39	1.9038546705095872e+39	1.2245822152556719e+39	6.6123075271778534e+38	1.6700468457908058e+38	8.227131975351661e+37	3.107693976523132e+37	2.240385988240061e+39	1.0712428425115077e+39	6.6123075271778534e+38	4.363842198515354e+38
1345.607361870751	2.254291255216198e+42	7.580531375808013e+39	4.27137504711048e+39	2.2430243140839784e+39	1.4438758939521544e+39	7.803472834887189e+38	1.9736995508001056e+38	9.727899161119886e+37	3.6764898776692437e+37	2.6386513955620363e+39	1.2633476140817026e+39	7.803472834887189e+38	5.152563205083228e+38
1419.3368819624498	2.192054359975449e+42	8.775653660665952e+39	4.954503250067739e+39	2.6062840378529962e+39	1.6793356457111702e+39	9.08611502046871e+38	2.3021279531956123e+38	1.1353643469646463e+38	4.293634181242896e+37	3.064760054608492e+39	1.4697543942034438e+39	9.08611502046871e+38	6.003203371365682e+38
1495.934164414294	2.1294143179668e+42	1.0118052073576847e+40	5.724168806780421e+39	3.0166585468702316e+39	1.9457270191153218e+39	1.0539697228052715e+39	2.6753012372471775e+38	1.320257075700745e+38	4.9961589647447325e+37	3.5458406969732844e+39	1.7033694996605826e+39	1.0539697228052715e+39	6.968109887499525e+38
1575.4975060944362	2.3143197853713754e+42	1.2002567964425496e+40	6.798203408090155e+39	3.586364041082312e+39	2.3145049964367355e+39	1.2545536640691193e+39	3.187724902408242e+38	1.573708939301597e+38	5.957504442213799e+37	4.214490071387671e+39	2.0265276869047598e+39	1.2545536640691193e+39	8.297266377206055e+38
1658.1365023858214	2.3151465182842498e+42	1.3902008500709713e+40	7.888098871582917e+39	4.167893089730716e+39	2.6921516672200383e+39	1.460715478341107e+39	3.717392451522596e+38	1.836208489060831e+38	6.955182302541142e+37	4.896102568960575e+39	2.3577459441618586e+39	1.460715478341107e+39	9.66615585745305e+38
1743.940928809079	2.1983553746434936e+42	1.5704804635500384e+40	8.933499785523467e+39	4.730776664040689e+39	3.059506931031611e+39	1.6623887365306786e+39	4.240028217118014e+38	2.0960025143188107e+38	7.945607395609926e+37	5.55449868672487e+39	2.680369316439906e+39	1.6623887365306786e+39	1.100939613629777e+39
1833.0044240976451	2.1333763418585605e+42	1.7791119366197339e+40	1.0144860142157305e+40	5.383774142317845e+39	3.485950450304148e+39	1.89667693654e+39	4.8479095558706024e+38	2.3982987167491905e+38	9.098568792814617e+37	6.318095774084193e+39	3.054952469977907e+39	1.89667693654e+39	1.2570526633958808e+39
1925.4260228948963	2.2803634743460613e+42	2.0687924531010349e+40	1.1813898257865436e+40	6.277596105431361e+39	4.0675962606740325e+39	2.2149587624986467e+39	5.668700494798663e+38	2.8056166540021372e+38	1.0648770988539797e+38	7.364861306004517e+39	3.5653762041172736e+39	2.2149587624986467e+39	1.4686688327577874e+39
2021.3034596730706	2.2617202339606952e+42	2.357017010537817e+40	1.3488735905436507e+40	7.181105050474911e+39	4.6578870225085396e+39	2.5394250889024523e+39	6.511225221255256e+38	3.2247190870046663e+38	1.224770448096257e+38	8.421217605929305e+39	4.0839411943806475e+39	2.5394250889024523e+39	1.6849306895585887e+39
2120.7439551263255	2.1517062973914256e+42	2.6228482601917023e+40	1.5055002892309106e+40	8.036100941599401e+39	5.2200709663372675e+39	2.8506785692923094e+39	7.328393110961619e+38	3.6327565626038574e+38	1.3810450460816697e+38	9.418179734913169e+39	4.578665559221566e+39	2.8506785692923094e+39	1.8932086982078612e+39
2223.858079225462	2.2638371130857643e+42	3.015457270195034e+40	1.7337605203786885e+40	9.268179966434455e+39	6.025315183650267e+39	3.2934955829739295e+39	8.479111530292485e+38	4.205330415985925e+38	1.5995564883508524e+38	1.0858489384777907e+40	5.286137425270157e+39	3.2934955829739295e+39	2.1884306436395614e+39
2330.757279626076	2.184273524915572e+42	3.3499155477814526e+40	1.931901743516002e+40	1.0354938039358938e+40	6.741746612414658e+39	3.691319157426682e+39	9.52832402289439e+38	4.7300651291846065e+38	1.800849997564351e+38	1.2124328497680391e+40	5.91704257033123e+39	3.691319157426682e+39	2.4550715727937452e+39
2441.5758116483003	2.1343865518413846e+42	3.735570442162174e+40	2.1605086309522895e+40	1.160952582999561e+40	7.569103446625817e+39	4.1509278806646305e+39	1.0741311813788846e+39	5.3368579488700224e+38	2.033682058141155e+38	1.3585450772042208e+40	6.645701253339128e+39	4.1509278806646305e+39	2.763197145878915e+39
2556.4533724869375	2.1003916658054368e+42	4.161452371764811e+40	2.413818839169061e+40	1.3003768069372497e+40	8.490030475079774e+39	4.663444820473884e+39	1.2097712944770724e+39	6.016050095988973e+38	2.2945516503116183e+38	1.5208135361654558e+40	7.457118202233118e+39	4.663444820473884e+39	3.1071365332764134e+39
2675.5404395189544	2.1549498259193148e+42	4.6964680519247905e+40	2.7302973512175757e+40	1.4737784733927493e+40	9.632629978176052e+39	5.297633455469644e+39	1.3769455063203797e+39	6.85201563300304e+38	2.6152008777979056e+38	1.7228322972205123e+40	8.463202616733995e+39	5.297633455469644e+39	3.5321133526641066e+39
2798.987934046622	2.1415133261849148e+42	5.213177170616949e+40	3.0397118433808335e+40	1.6450862639948536e+40	1.0767803083110049e+40	5.931698039171301e+39	1.545704036715862e+39	7.698703669243405e+38	2.9410559931541823e+38	1.9219416819295797e+40	9.464259615130014e+39	5.931698039171301e+39	3.958481547229434e+39
2926.9487676378753	2.0521383786970766e+42	5.693114260231428e+40	3.332211879467827e+40	1.8094135530572114e+40	1.1865192177132153e+40	6.549949926920986e+39	1.712383668131848e+39	8.538617782401237e+38	3.2657274848579035e+38	2.1123131471770946e+40	1.043399687373912e+40	6.549949926920986e+39	4.3761577474429305e+39
3059.5776766326658	2.1278339922149543e+42	6.409732325653019e+40	3.759988450418224e+40	2.045661770918552e+40	1.3428689872715478e+40	7.422053062410604e+39	1.9440347873664805e+39	9.700086926048774e+38	3.7124390518268356e+38	2.3870533923013696e+40	1.1812310582233462e+40	7.422053062410604e+39	4.962162217217074e+39
3197.0323414821337	2.0879581429264954e+42	7.019041528881412e+40	4.132302364903996e+40	2.255358187651917e+40	1.4831129058417548e+40	8.213551072909118e+39	2.1580285419194753e+39	1.077952593979949e+39	4.130142825004004e+38	2.6298397795425256e+40	1.3052121827309472e+40	8.213551072909118e+39	5.497413740663125e+39
3339.475514059262	2.028679744205037e+42	7.6635648697944e+40	4.529149377262819e+40	2.480276109680786e+40	1.6340331331552225e+40	9.068401298405223e+39	2.3903986914020615e+39	1.195378880410535e+39	4.58536801082893e+38	2.8898859545318723e+40	1.438748272617675e+40	9.068401298405223e+39	6.076639870491586e+39
3487.074649151858	2.0775940136122765e+42	8.520318850693418e+40	5.049299584861555e+40	2.7717605261437783e+40	1.828476668264094e+40	1.0162770387028134e+40	2.6851183797116793e+39	1.3438527978614303e+39	5.159183452361096e+38	3.2277408212116654e+40	1.610528796789043e+40	1.0162770387028134e+40	6.81563651482585e+39
3640.0166019938138	2.032114358415513e+42	9.226589746463122e+40	5.490866035137589e+40	3.025308747961632e+40	1.9998104030862876e+40	1.1140958382273178e+40	2.954232660011941e+39	1.480410227947022e+39	5.690793134157507e+38	3.5200253243950807e+40	1.7624139800418977e+40	1.1140958382273178e+40	7.481310461991466e+39
3798.499013272445	2.0467925725995947e+42	1.015114828098973e+41	6.061279332260724e+40	3.3493193092942664e+40	2.2175249816057624e+40	1.2376265878330585e+40	3.2909951633013905e+39	1.6507727947894736e+39	6.3519785159453485e+38	3.8944366405324427e+40	1.955126781663391e+40	1.2376265878330585e+40	8.3191661106253e+39
3962.725964170287	2.0167292654417362e+42	1.0989352648610217e+41	6.589519107570816e+40	3.6547409289186506e+40	2.4246934699105523e+40	1.3564116214453172e+40	3.6199423047157726e+39	1.8180701659968677e+39	7.004757708303559e+38	4.245965710016524e+40	2.13896638471367e+40	1.3564116214453172e+40	9.129425317840136e+39
4132.914244665834	1.9785180739087528e+42	1.1853596457900883e+41	7.139799362534862e+40	3.975599373254919e+40	2.6432991529505704e+40	1.4823676291133164e+40	3.971278252946232e+39	1.9971890257429978e+39	7.705368045540072e+38	4.614568141907728e+40	2.3331834219614676e+40	1.4823676291133164e+40	9.990860829147136e+39
4309.285111113639	2.0234050352290857e+42	1.3065065218305672e+41	7.894100578534762e+40	4.407552755187079e+40	2.934850252364205e+40	1.6486436439456123e+40	4.4281918302668376e+39	2.228976083697588e+39	8.607494043611093e+38	5.112786541326045e+40	2.591567963736039e+40	1.6486436439456123e+40	1.112185061961118e+40
4492.071533981757	1.966817491119888e+42	1.3938735461440577e+41	8.465627981184781e+40	4.748215216227993e+40	3.169637105099911e+40	1.7856446730976246e+40	4.8175333111819263e+39	2.4287161892568424e+39	9.393665708319266e+38	5.502227348482491e+40	2.8007981056703325e+40	1.7856446730976246e+40	1.2065214113909332e+40
4681.517918202629	1.9872337084591604e+42	1.5205387090002836e+41	9.26923015996634e+40	5.215811641726552e+40	3.4879762075674044e+40	1.9689611985329373e+40	5.328706134959006e+39	2.6893320039073703e+39	1.0413149918681946e+39	6.039612687045466e+40	3.083575973649804e+40	1.9689611985329373e+40	1.3318713645333514e+40
4877.879693177087	1.9610471312317577e+42	1.6287330860314295e+41	9.977793260408057e+40	5.6388930118424595e+40	3.7799193900298683e+40	2.1395788619148304e+40	5.81490118420982e+39	2.939014077838924e+39	1.1396944412583736e+39	6.523054602793087e+40	3.3438329253388074e+40	2.1395788619148304e+40	1.4494650820024127e+40
5081.426430942349	1.9435996441517722e+42	1.7528023855119447e+41	1.0789450681203588e+41	6.123032345644566e+40	4.113795441833134e+40	2.3345660406683294e+40	6.369917718646585e+39	3.2239257131169237e+39	1.251909219936163e+39	7.076399499013396e+40	3.641422449209861e+40	2.3345660406683294e+40	1.5838015518652752e+40
5292.438138437125	1.95432862898541e+42	1.8908720720477622e+41	1.1690140500105325e+41	6.659656702042196e+40	4.4838013289283e+40	2.5506860607654987e+40	6.985628937304632e+39	3.540142050941173e+39	1.3765223579236623e+39	7.689833229473196e+40	3.971216219377589e+40	2.5506860607654987e+40	1.732731797200175e+40
5511.207060789687	1.9252327544087988e+42	2.00833768065086e+41	1.2485132510126883e+41	7.14732509136981e+40	4.825121061764627e+40	2.753302712452886e+40	7.576514263169e+39	3.8459500320977315e+39	1.4979549647812308e+39	8.243731321669695e+40	4.276638418224961e+40	2.753302712452886e+40	1.8735600584762865e+40
5738.042442099609	1.9395862372959883e+42	2.159803882179274e+41	1.3489287813073167e+41	7.753705283986673e+40	5.246225274633681e+40	3.0012266771616206e+40	8.291221085123655e+39	4.214472083093521e+39	1.6437609438980235e+39	8.934813954050697e+40	4.652692912508145e+40	3.0012266771616206e+40	2.045140580867236e+40
5973.268153413021	1.900740603692669e+42	2.2628270753294262e+41	1.4221644273285984e+41	8.220940593294123e+40	5.579958120847444e+40	3.203776220689273e+40	8.901311011295459e+39	4.5336224785284206e+39	1.771849803364559e+39	9.460912059784273e+40	4.95293046181003e+40	3.203776220689273e+40	2.1875964934476634e+40
6217.22027650979	1.9237928773262337e+42	2.449309324441802e+41	1.546021726632553e+41	8.970175488214475e+40	6.100791979557054e+40	3.5107809738666793e+40	9.788043906298233e+39	4.991163285172844e+39	1.9530060746660774e+39	1.0314457312947437e+41	5.418175126285503e+40	3.5107809738666793e+40	2.4002092446622463e+40
6470.258663246759	1.8832372056565054e+42	2.5748257835800337e+41	1.6357956340378246e+41	9.545371265245562e+40	6.512467146812406e+40	3.7611527685026873e+40	1.0544302045781785e+40	5.387128626455474e+39	2.112061317139099e+39	1.096153414114797e+41	5.788721978135197e+40	3.7611527685026873e+40	2.5764851543790864e+40
6732.762194964689	1.9043838377796245e+42	2.7525383013708634e+41	1.7572785886070094e+41	1.029889307336281e+41	7.043502868626666e+40	4.079054412033098e+40	1.1484456326876382e+40	5.876180094527463e+39	2.3072846853705306e+39	1.1815079879209184e+41	6.264834021420201e+40	4.079054412033098e+40	2.7985239469324274e+40
7005.130073191117	1.8749155042375926e+42	2.882513096060948e+41	1.8526919807667722e+41	1.0923235302452314e+41	7.495296695705953e+40	4.357160399090144e+40	1.233950311557012e+40	6.326518824261255e+39	2.489246586558889e+39	1.2514162560194912e+41	6.672677258588833e+40	4.357160399090144e+40	2.9955968857768533e+40
7287.7853788538205	1.9077583873134836e+42	3.07299940492729e+41	1.9850546251408915e+41	1.175623241824737e+41	8.087052086839985e+40	4.714639340606937e+40	1.3411464171198064e+40	6.886789973117054e+39	2.7139744918698835e+39	1.3454608309545041e+41	7.204376281025952e+40	4.714639340606937e+40	3.246527378049161e+40
7581.173422657591	1.9059934877631873e+42	3.216987111306438e+41	2.091816837666453e+41	1.2462127763054055e+41	8.601019475082958e+40	5.033333038029316e+40	1.440275671059339e+40	7.411024707618804e+39	2.926677846514904e+39	1.4243053057720757e+41	7.6691393320771035e+40	5.033333038029316e+40	3.4732952581590246e+40
7885.7656090921155	1.9824053527159434e+42	3.4381741382661533e+41	2.2456635874826426e+41	1.3433523119449114e+41	9.292899210418554e+40	5.45278589626708e+40	1.5668710121488364e+40	8.074315805297617e+39	3.193416727149289e+39	1.5338732098797746e+41	8.291294525890755e+40	5.45278589626708e+40	3.768374440821075e+40
8202.056571552806	2.063650117260605e+42	3.6432209985397055e+41	2.3920324358601813e+41	1.437759712901828e+41	9.97283481438269e+40	5.870023117395949e+40	1.6950308732445422e+40	8.749695506803085e+39	3.4665716642807127e+39	1.63985583080813e+41	8.90450510546718e+40	5.870023117395949e+40	4.06379500977226e+40
8530.570787248966	2.2469900702350697e+42	3.931313976773108e+41	2.5884397834512358e+41	1.560159658263968e+41	1.083983590941017e+41	6.39306367325164e+40	1.8521021429301871e+40	9.571778208521804e+39	3.796908091333193e+39	1.77828016181654e+41	9.683122686714846e+40	6.39306367325164e+40	4.430961697219626e+40
8871.86318709064	2.4967401006292286e+42	4.287100700895631e+41	2.8283651570693e+41	1.7081677927736398e+41	1.1882228470259918e+41	7.01778397782014e+40	2.0378163532922502e+40	1.0540406229405559e+40	4.184775063189862e+39	1.9460603296395208e+41	1.0617789595233542e+41	7.01778397782014e+40	4.867910998907913e+40
9226.521341734506	2.85479437850125e+42	4.677417025625013e+41	3.088391691340687e+41	1.8675449827903637e+41	1.3002513196939378e+41	7.688562642767802e+40	2.237409594360654e+40	1.1582366414548774e+40	4.6025002025680397e+39	2.1269332626428878e+41	1.1621956997520448e+41	7.688562642767802e+40	5.337087443001987e+40
9595.16696948602	3.356345006569912e+42	5.2482633497811574e+41	3.460419258027907e+41	2.090439692620052e+41	1.4548088931296989e+41	8.599138638024523e+40	2.5014510607789506e+40	1.2948356668574568e+40	5.1451199856548267e+39	2.3812712115345078e+41	1.3002095153866731e+41	8.599138638024523e+40	5.968181060898844e+40
9978.458988741444	3.938832166542662e+42	5.794363377835151e+41	3.818527795214839e+41	2.306892183384828e+41	1.6058057797903958e+41	9.495617313228582e+40	2.764877510899317e+40	1.4317842142737189e+40	5.691894796386662e+39	2.627699052812022e+41	1.4352806825059338e+41	9.495617313228582e+40	6.592360524691744e+40
10377.098148409546	4.7130243287621695e+42	6.5548096658324144e+41	4.30760733758143e+41	2.5968326621853536e+41	1.8057827515984677e+41	1.0667170480856322e+41	3.1019852666230503e+40	1.6057652148596435e+40	6.381421605055885e+39	2.959309447743239e+41	1.6136055627094954e+41	1.0667170480856322e+41	7.401980035029953e+40
10791.82967321098	5.576465923695515e+42	7.416813909988416e+41	4.864551047458883e+41	2.927870229881104e+41	2.0342760152149028e+41	1.2006033477864783e+41	3.486785436755422e+40	1.8041983242073319e+40	7.167043239882426e+39	3.337748568930517e+41	1.8173816059086113e+41	1.2006033477864783e+41	8.327023337039432e+40
11223.446117265908	6.477627513127773e+42	8.196876407521394e+41	5.373025567206334e+41	3.2334869379712194e+41	2.2468012114309524e+41	1.3263287930131979e+41	3.85423597914725e+40	1.994882590774791e+40	7.927004780220434e+39	3.6861419469678906e+41	2.007328948932664e+41	1.3263287930131979e+41	9.200680679240857e+40
11672.791105549437	7.529229292701917e+42	9.183406507880195e+41	6.007515138387343e+41	3.6098945024990735e+41	2.5066083889035665e+41	1.4787175476088314e+41	4.293887794542872e+40	2.2220471114635565e+40	8.828467288512603e+39	4.1165478246484954e+41	2.239063784278832e+41	1.4787175476088314e+41	1.0254664860295241e+41
12140.765059923411	8.588673681312075e+42	1.0234014876292931e+42	6.688948813158093e+41	4.016782529637528e+41	2.788322162787999e+41	1.6444580508200533e+41	4.773801732680434e+40	2.4702536102957754e+40	9.814246649846617e+39	4.581161579916951e+41	2.4905315693725207e+41	1.6444580508200533e+41	1.1402658617631923e+41
12628.329683319631	9.559351774877672e+42	1.1156877705696966e+42	7.298202890191904e+41	4.387173099505247e+41	3.047535042375422e+41	1.7989263821042505e+41	5.230402410342492e+40	2.708134431011869e+40	1.0766093212909545e+40	5.0022886198950055e+41	2.7226079852629713e+41	1.7989263821042505e+41	1.2480407737410625e+41
13136.513148639302	1.048247142894798e+43	1.2124567810421571e+42	7.939199153915563e+41	4.778107756053594e+41	3.321657024747903e+41	1.962673865125856e+41	5.71646566702076e+40	2.9617666499407284e+40	1.1782668633318437e+40	5.4464349355045135e+41	2.9681684621898654e+41	1.962673865125856e+41	1.3624539889756609e+41
13666.416127345934	1.1356043040802412e+43	1.3129128111068685e+42	8.606127426485684e+41	5.185727263348482e+41	3.607896439250834e+41	2.134015297093501e+41	6.227284513661977e+40	3.2288151777354804e+40	1.2855259720193212e+40	5.909290691773394e+41	3.224699023205605e+41	2.134015297093501e+41	1.4823389710683481e+41
14219.218707440652	1.2085988858925282e+43	1.4084498159008208e+42	9.251063149820221e+41	5.58608010756193e+41	3.8914975158939395e+41	2.3054685225345377e+41	6.746096733829918e+40	3.5013882685228186e+40	1.3955404401798582e+40	6.3622615647508514e+41	3.479466798563576e+41	2.3054685225345377e+41	1.6029528782085386e+41
14796.186996253738	1.2639192245132746e+43	1.494425454204297e+42	9.845644389198966e+41	5.963336983783504e+41	4.161996685727563e+41	2.4712578674740953e+41	7.258216656321188e+40	3.772308830071584e+40	1.5056395103804175e+40	6.78696116602178e+41	3.723261338817884e+41	2.4712578674740953e+41	1.7204580195243886e+41
15398.68133023584	1.3011134961707503e+43	1.5703089361188563e+42	1.0383136151830815e+42	6.31155026971443e+41	4.414584345223362e+41	2.628169789670672e+41	7.753497142282596e+40	4.036353613771299e+40	1.6138016954370744e+40	7.177098282411581e+41	3.951636265306092e+41	2.628169789670672e+41	1.8325213603537718e+41
16028.165460573995	1.3204501782386692e+43	1.634308562947913e+42	1.0850778373600179e+42	6.6231900396803296e+41	4.644285544850646e+41	2.7735311446604448e+41	8.22575320611694e+40	4.2906394638701474e+40	1.7190125363552773e+40	7.523981184732996e+41	4.160229418625536e+41	2.7735311446604448e+41	1.937413286959828e+41
16687.309371317653	1.3234372226794137e+43	1.687814077991422e+42	1.1260737979087554e+42	6.9067809508864726e+41	4.857306521794283e+41	2.9110814236085886e+41	8.685396646101369e+40	4.540350485011324e+40	1.8232236222360181e+40	7.837068644995166e+41	4.3546305090258465e+41	2.9110814236085886e+41	2.0377165417822697e+41
17377.72727066869	1.3074725370445665e+43	1.72417224487409e+42	1.1566535485594936e+42	7.133553207817742e+41	5.0336667402455845e+41	3.0292541910702993e+41	9.101558994504911e+40	4.770295009864435e+40	1.9207812086892073e+40	8.083677767080463e+41	4.517035439179949e+41	3.0292541910702993e+41	2.125579544190449e+41
18100.917946401587	1.2681787270238779e+43	1.7463753257327652e+42	1.1792360599485461e+42	7.319761741070517e+41	5.185050586544481e+41	3.135068202315961e+41	9.494421574305327e+40	4.990795186508546e+40	2.0157253677439215e+40	8.28198081720788e+41	4.657947183221598e+41	3.135068202315961e+41	2.2058755524575757e+41
18859.82922566253	1.2101428317621386e+43	1.7488931008079007e+42	1.1895586854063995e+42	7.437707230759338e+41	5.2918482265728064e+41	3.2169182214043317e+41	9.831320825850675e+40	5.185288793075807e+40	2.1016418647150616e+40	8.400793998132336e+41	4.75980468578373e+41	3.2169182214043317e+41	2.270607350532649e+41
19656.545013988307	1.1383705865896617e+43	1.7338857227901365e+42	1.1887535471868307e+42	7.492130733861894e+41	5.3565864218965944e+41	3.2758926471480463e+41	1.0114864040478903e+41	5.355262870368038e+40	2.1792310986825843e+40	8.446075399855969e+41	4.824698990970814e+41	3.2758926471480463e+41	2.3204333268599136e+41
20493.276031513058	1.0562791833755996e+43	1.6932770651108902e+42	1.171754860533562e+42	7.454263923398553e+41	5.359917056126446e+41	3.300968465147818e+41	1.031496159075363e+41	5.485618832709796e+40	2.2427355497127904e+40	8.384574991324359e+41	4.8354916918017875e+41	3.300968465147818e+41	2.3478581055502455e+41
21372.25581623403	9.634497961214986e+42	1.6384426624781128e+42	1.1449672700242577e+42	7.356113053990482e+41	5.321486057635349e+41	3.302041646474114e+41	1.0453686538387172e+41	5.586833798610885e+40	2.296010482521312e+40	8.254532836764463e+41	4.809111777205889e+41	3.302041646474114e+41	2.359131426740055e+41
22296.37916762288	8.636401270391211e+42	1.5635771395559785e+42	1.1060600726059103e+42	7.19241356078608e+41	5.241034318032268e+41	3.2811027472427687e+41	1.0544241582739373e+41	5.666577612144972e+40	2.342316116655653e+40	8.04761863789982e+41	4.7461292497763976e+41	3.2811027472427687e+41	2.356362662173198e+41
23268.43544628772	7.705131420386508e+42	1.469134303843874e+42	1.052259753588934e+42	6.930826126389269e+41	5.090822923775895e+41	3.2189411227628663e+41	1.0524416953438908e+41	5.692622463405248e+40	2.369078810766074e+40	7.730869266633987e+41	4.62062110267807e+41	3.2189411227628663e+41	2.3254417423687616e+41
24291.71054634541	6.84659641840012e+42	1.3602381176960421e+42	9.864003192733674e+41	6.5835067087186076e+41	4.876649888625313e+41	3.1168371768874185e+41	1.0387870344926266e+41	5.660224024992492e+40	2.3739818163520515e+40	7.319670081631846e+41	4.4370424867784526e+41	3.1168371768874185e+41	2.266371381461347e+41
25369.610098948833	6.127050438429426e+42	1.2584878357248413e+42	9.23817616285371e+41	6.2493268688363525e+41	4.669304727380919e+41	3.017377632523859e+41	1.0255707928065445e+41	5.630516625124093e+40	2.380500219003101e+40	6.92509060864346e+41	4.259035101244588e+41	3.017377632523859e+41	2.208706201520796e+41
26505.995544433437	5.5561717375873173e+42	1.1661892213643962e+42	8.636404023915806e+41	5.908277800669852e+41	4.449660826725247e+41	2.906502261441355e+41	1.0081428144560116e+41	5.579483271661892e+40	2.379306789292676e+40	6.528144391351538e+41	4.068382533872207e+41	2.906502261441355e+41	2.141964534682996e+41
27704.99663084883	5.0753117954990165e+42	1.1070133946666352e+42	8.251556633900225e+41	5.6935669805659215e+41	4.3148604998467284e+41	2.843170133951644e+41	1.003333794079488e+41	5.592224239974202e+40	2.403143541464752e+40	6.2767700315845465e+41	3.952685339304593e+41	2.843170133951644e+41	2.1071355236241133e+41
28971.240823465323	4.680901597997733e+42	1.0704348164039146e+42	8.014123346547749e+41	5.561839119776599e+41	4.234181404316482e+41	2.809135912909576e+41	1.0062441116503545e+41	5.64501608898006e+40	2.4433926987530107e+40	6.121995176945591e+41	3.8843945409838354e+41	2.809135912909576e+41	2.0917139704043554e+41
30309.827476802366	4.33981602467318e+42	1.0286893604430048e+42	7.745712951805381e+41	5.414204217797149e+41	4.143482701351066e+41	2.7697140131616804e+41	1.0078253483181315e+41	5.692054964416822e+40	2.482216573441441e+40	5.948334352275784e+41	3.8073703574878426e+41	2.7697140131616804e+41	2.0727100875495594e+41
31726.354452302767	4.0199663493638184e+42	9.937069096496374e+41	7.520902318611781e+41	5.293838744653893e+41	4.072442428920793e+41	2.7424244404746676e+41	1.0132370775261148e+41	5.760094393321261e+40	2.530214468814015e+40	5.805363945769963e+41	3.7480970712860604e+41	2.7424244404746676e+41	2.0623305452886307e+41
33227.06110992794	3.724723274359089e+42	9.760837063475374e+41	7.415176205319142e+41	5.243261616300214e+41	4.048225983737707e+41	2.7415054886126e+41	1.0259045329406254e+41	5.865674962100325e+40	2.5934741419708684e+40	5.742825076193577e+41	3.730202573966578e+41	2.7415054886126e+41	2.0698008578708594e+41
34818.85459694113	3.4435105959434375e+42	9.600256356611067e+41	7.331366445510944e+41	5.21121743341614e+41	4.038384932443096e+41	2.749818003846109e+41	1.0416893117810395e+41	5.98906182526213e+40	2.664898285363595e+40	5.70018508757445e+41	3.725448838982338e+41	2.749818003846109e+41	2.0839485443028712e+41
36509.41602684116	3.171695311317683e+42	9.451743342082752e+41	7.256978345246183e+41	5.185909967111477e+41	4.033667832452677e+41	2.761570476008909e+41	1.0590845025203553e+41	6.123423754501839e+40	2.7422898147786813e+40	5.664934798753054e+41	3.725392198800985e+41	2.761570476008909e+41	2.1007771814708387e+41
38307.309064688736	2.911070691320463e+42	9.291260727620953e+41	7.198914432895157e+41	5.181620513621757e+41	4.0463767183664106e+41	2.784427640407631e+41	1.0797545436787831e+41	6.276061236367428e+40	2.828237576610387e+40	5.651117053919244e+41	3.741360303698894e+41	2.784427640407631e+41	2.125328217720161e+41
40222.097341201916	2.6574452937365136e+42	9.028692413563016e+41	7.059994794451968e+41	5.12382671364941e+41	4.021242673828653e+41	2.7851314789189167e+41	1.0944243703623778e+41	6.399591439402171e+40	2.904079139017841e+40	5.577197937582876e+41	3.7234991460182636e+41	2.7851314789189167e+41	2.134751317022219e+41
42264.50853586947	2.412584765684786e+42	8.827736982767554e+41	6.974725994707362e+41	5.0997828675793045e+41	4.0178374483649385e+41	2.7962980125347076e+41	1.1106697127181896e+41	6.529320695226581e+40	2.982288114587872e+40	5.542095437312466e+41	3.724367122437054e+41	2.7962980125347076e+41	2.1502243817128196e+41
44446.60279443722	2.17755266475168e+42	8.529519066303788e+41	6.833835725088283e+41	5.054461436653373e+41	4.006893473347507e+41	2.809067278734222e+41	1.1304252404687056e+41	6.682557655206872e+40	3.0720760168097592e+40	5.478696573371282e+41	3.720523084949737e+41	2.809067278734222e+41	2.1693839575864774e+41
46781.9755727383	1.9524220968897205e+42	8.102407411652579e+41	6.5855525414964195e+41	4.931280084149988e+41	3.936895540758852e+41	2.78422466107871e+41	1.1390662281011672e+41	6.780940387423954e+40	3.1422071099985517e+40	5.330021316465479e+41	3.6628065947967396e+41	2.78422466107871e+41	2.1618051392342464e+41
49286.015189834055	1.7387094531855606e+42	7.669517514321256e+41	6.34012078868277e+41	4.811577374071798e+41	3.868799792958111e+41	2.7593901445225074e+41	1.1472116459746709e+41	6.87753690204861e+40	3.2127834327738584e+40	5.185181556279724e+41	3.606494562051526e+41	2.7593901445225074e+41	2.153663321554675e+41
51976.204693687934	1.5376886975910714e+42	7.218214619839919e+41	6.108056577883162e+41	4.718245037846946e+41	3.826305676572086e+41	2.7536634878507974e+41	1.161668611921659e+41	7.007790708525872e+40	3.297809217259976e+40	5.065358825139862e+41	3.574684453712238e+41	2.7536634878507974e+41	2.1597634015153348e+41
54872.48297969571	1.349231254606469e+42	6.633785772373042e+41	5.755399398948137e+41	4.536538005385822e+41	3.7180508613012545e+41	2.7075802319682105e+41	1.1649426000632647e+41	7.084918136311735e+40	3.365301131542406e+40	4.848469569788981e+41	3.4833471284559307e+41	2.7075802319682105e+41	2.13781388799228e+41
57997.67795362519	1.1747575068633497e+42	5.984132485927315e+41	5.348537108867791e+41	4.3191624389180286e+41	3.585033257453935e+41	2.6473604016915442e+41	1.1639354523529326e+41	7.139170580382378e+40	3.4246700656480685e+40	4.591337853103034e+41	3.370019412802222e+41	2.6473604016915442e+41	2.106169071184953e+41
61378.05254805474	1.0149382635301015e+42	5.306876162380583e+41	4.9211111026450015e+41	4.0885206188576444e+41	3.441461389192594e+41	2.5790764804102543e+41	1.158904990663046e+41	7.167668991100995e+40	3.4717471944167015e+40	4.319531857399015e+41	3.2467543851451295e+41	2.5790764804102543e+41	2.067850934990421e+41
65043.96915542951	8.694739948559514e+41	4.579311236000397e+41	4.4325362061004206e+41	3.807639343199531e+41	3.2588319164139296e+41	2.4862238998649545e+41	1.1476612705795986e+41	7.168419296831373e+40	3.5102056695725377e+40	3.993715679570017e+41	3.087804909552468e+41	2.4862238998649545e+41	2.0126371942460745e+41
69030.70324748672	7.3831675206095e+41	3.823815230474678e+41	3.882543126393562e+41	3.464986274218115e+41	3.0235592431611854e+41	2.3560446718287706e+41	1.1240242103265759e+41	7.10626911116656e+40	3.525447474792567e+40	3.604049155251763e+41	2.8794895458957776e+41	2.3560446718287706e+41	1.9295436277662278e+41
73379.47566507626	6.217934989029885e+41	3.0817783985929342e+41	3.3215417993524474e+41	3.109896281873631e+41	2.7786713641784876e+41	2.219092285400413e+41	1.0972724266859733e+41	7.027086360132923e+40	3.5347608345213432e+40	3.201157700873082e+41	2.662326216275099e+41	2.219092285400413e+41	1.8409085305015716e+41
78138.7479322441	5.189960361564256e+41	2.367380240821958e+41	2.744729840136099e+41	2.7302847192489343e+41	2.514574230965371e+41	2.0717433502125417e+41	1.0694615266425813e+41	6.95026897452728e+40	3.549906678433567e+40	2.773260187793717e+41	2.4279929405006272e+41	2.0717433502125417e+41	1.7461406872065086e+41
83365.8624094496	4.289857607817213e+41	1.7342739664472948e+41	2.176300603504301e+41	2.316866811600169e+41	2.208938868588793e+41	1.885922089276427e+41	1.0221615229557357e+41	6.75751293571328e+40	3.5156479769629956e+40	2.318127535341246e+41	2.151854670521282e+41	1.885922089276427e+41	1.6183413824624262e+41
89129.15721073604	3.513997757067015e+41	1.1911768867739019e+41	1.6400056335050414e+41	1.89773229529847e+41	1.89064934769132e+41	1.6899410260538118e+41	9.722871765553434e+40	6.552619405919078e+40	3.4789670037483816e+40	1.8633177682074167e+41	1.862883655283487e+41	1.6899410260538118e+41	1.4836138188701512e+41
95510.71226527821	2.849144769553055e+41	7.739508462091005e+40	1.1725981667548302e+41	1.4860283318279079e+41	1.5559438689282113e+41	1.4667822575387554e+41	9.04638204023862e+40	6.231007750972173e+40	3.3869163770996387e+40	1.4288659360004771e+41	1.5532925833218878e+41	1.4667822575387554e+41	1.3226452072856676e+41
102609.95307398467	2.287887738698525e+41	4.672106114206435e+40	7.839496135634084e+40	1.1041539163459718e+41	1.2280034016273478e+41	1.2373729373436521e+41	8.330124645560379e+40	5.882462343536389e+40	3.2777935727961344e+40	1.0356131851003533e+41	1.2459203098255554e+41	1.2373729373436521e+41	1.1545413373992561e+41
110548.45239883376	1.8177290283875134e+41	2.653905585054235e+40	4.884083298709441e+40	7.702184149780127e+40	9.176386680058416e+40	1.0008048696907855e+41	7.517410511361551e+40	5.475673309132357e+40	3.1404459118772824e+40	7.027723652582603e+40	9.488107121226095e+40	1.0008048696907855e+41	9.738943410762706e+40
119476.41145909225	1.4289010830605602e+41	1.438464533269189e+40	2.8109466724956536e+40	4.974510560526091e+40	6.41048522149626e+40	7.688998463577318e+40	6.641523615710713e+40	5.036579187041305e+40	2.992865381556812e+40	4.404570843508584e+40	6.777664049489615e+40	7.688998463577318e+40	7.885523777318433e+40
129581.55441724519	1.110385654807745e+41	8.045468042665443e+39	1.5485875777929367e+40	2.993814499117958e+40	4.17071021426585e+40	5.544414682106138e+40	5.64073282177936e+40	4.498150726637972e+40	2.794961262231054e+40	2.5796997391029004e+40	4.514139565463239e+40	5.544414682106138e+40	6.03589724906692e+40
141101.55160283155	8.531592633956223e+40	4.8858315181040927e+39	8.385383240106357e+39	1.6673846719347108e+40	2.493331045028137e+40	3.7073018795055625e+40	4.60160125731653e+40	3.9152392554373433e+40	2.5771870613440575e+40	1.4098365458044645e+40	2.764726236337122e+40	3.7073018795055625e+40	4.329296966226513e+40
154341.72344977735	6.476154278544941e+40	3.3548466266939305e+39	4.8396171276710216e+39	8.848511521682398e+39	1.3715936597718037e+40	2.2661955921840725e+40	3.550193876121773e+40	3.2811729782310697e+40	2.329189871721515e+40	7.508763213876222e+39	1.5511876832427986e+40	2.2661955921840725e+40	2.8607066303981076e+40
169700.84268132417	4.853841236801094e+40	2.525661554470674e+39	3.193532867064214e+39	4.86498627281328e+39	7.240640876243257e+39	1.2691960685973905e+40	2.5443506491811107e+40	2.601208076974221e+40	2.0335703592495603e+40	4.2828580202838e+39	8.2204720501419e+39	1.2691960685973905e+40	1.7245910769532884e+40
187709.72849559135	3.5904181313213485e+40	1.965771846685581e+39	2.3542520607297566e+39	3.0201999987649225e+39	3.978723340652914e+39	6.682074488091538e+39	1.6685160919723095e+40	1.921437494750103e+40	1.6957603273452263e+40	2.79910356637743e+39	4.4119674887767653e+39	6.682074488091538e+39	9.502254168097022e+39
209090.72158171254	2.6194544009154407e+40	1.5265012025986346e+39	1.815724075194337e+39	2.139674035282355e+39	2.4781334921525253e+39	3.533886271255535e+39	9.841955976379302e+39	1.2977365641945614e+40	1.333631247354515e+40	2.050751966850435e+39	2.6315069465478678e+39	3.533886271255535e+39	4.9040838984837623e+39
234852.58773110286	1.8829770346131539e+40	1.1647613808359215e+39	1.400433645317271e+39	1.626014517699663e+39	1.7681512390920103e+39	2.0995572580599383e+39	5.1957974701493193e+39	7.813649345561354e+39	9.641263475097207e+39	1.5734883100857258e+39	1.818386994416203e+39	2.0995572580599383e+39	2.5941487309768588e+39
266448.34421231353	1.3250943519490945e+40	8.666531297665279e+38	1.0583247851029614e+39	1.2449530895226378e+39	1.3420164766735718e+39	1.462391918286738e+39	2.6802348645006007e+39	4.2878813271468444e+39	6.243297387876052e+39	1.2025032077916195e+39	1.367210390716637e+39	1.462391918286738e+39	1.606410389992366e+39
302295.7687895698	9.323736380219085e+39	6.058846414236904e+38	7.56589526104099e+38	9.15214045858029e+38	1.0031278196532788e+39	1.0870939474111022e+39	1.4521623103772463e+39	2.200210296970402e+39	3.687900944040968e+39	8.7776062719593e+38	1.025149052858947e+39	1.0870939474111022e+39	1.1315704826191855e+39
342967.0350107902	6.62303499145022e+39	4.190346911594449e+38	5.33922842193053e+38	6.632777100706511e+38	7.413213195162826e+38	8.213242569891132e+38	9.27884696519746e+38	1.186466811969034e+39	2.0432163858179618e+39	6.316801887918448e+38	7.619787794219461e+38	8.213242569891132e+38	8.526470676374203e+38
389111.3972586856	4.74625153179158e+39	2.8619792784660394e+38	3.713702440184897e+38	4.7301445824638814e+38	5.389150423472756e+38	6.1395503958008236e+38	6.743181679311011e+38	7.307076918939566e+38	1.1093214211642548e+39	4.4748028558813014e+38	5.57298303559148e+38	6.1395503958008236e+38	6.4722061099503785e+38
441465.49977396114	3.427561174017722e+39	1.9310842692334885e+38	2.5462331317808824e+38	3.3190179070019403e+38	3.850977619071127e+38	4.5114261002773875e+38	5.154033399083986e+38	5.152754831632794e+38	6.33016870522353e+38	3.120249907140004e+38	4.0057046586717865e+38	4.5114261002773875e+38	4.848801986843811e+38
500865.1389617015	2.4911722069667302e+39	1.2881852366877342e+38	1.7216813795379998e+38	2.291902645162983e+38	2.7051163850243448e+38	3.255068295027303e+38	3.953183627629897e+38	3.9110647161025115e+38	4.031661701125648e+38	2.1421992854567502e+38	2.8294603785733796e+38	3.255068295027303e+38	3.5675381558206384e+38
568258.6088698487	1.8198970699290487e+39	8.504833209709485e+37	1.1490770213641323e+38	1.5583635492388616e+38	1.8687006951667327e+38	2.3063739301984278e+38	2.990193165820703e+38	3.0255960010531716e+38	2.8727614252215165e+38	1.4489397746801819e+38	1.9648112201173613e+38	2.3063739301984278e+38	2.575915523831252e+38
644721.8429338351	1.3347387392328499e+39	5.564002909391864e+37	7.579357118592285e+37	1.0442669440316509e+38	1.270364715932874e+38	1.605625525152526e+38	2.2197620747470813e+38	2.322975878982792e+38	2.1902479111516607e+38	9.664646570130117e+37	1.3421694871333563e+38	1.605625525152526e+38	1.825811901520168e+38
731475.5937623016	9.817411538086542e+38	3.6104961423991225e+37	4.948318024708959e+37	6.904887905110975e+37	8.506839735636629e+37	1.099049339591847e+38	1.6159729005721337e+38	1.7533204239463137e+38	1.7074265280640555e+38	6.365664256911545e+37	9.027150398076908e+37	1.099049339591847e+38	1.2711953799843795e+38
829904.9252804347	7.23540995503173e+38	2.3244900401857e+37	3.202438291045854e+37	4.51195558186029e+37	5.618197033398235e+37	7.403563880709557e+37	1.1541092480424213e+38	1.297685022049444e+38	1.3252827477441364e+38	4.146834835871799e+37	5.984820448073613e+37	7.403563880709557e+37	8.700362598989792e+37
941581.3284691597	5.339194245704063e+38	1.4835012184744478e+37	2.0568230199913022e+37	2.918614821143901e+37	3.664957154879151e+37	4.913526839633441e+37	8.091733831955503e+37	9.416931591905093e+37	1.0125374595608435e+38	2.676337642044912e+37	3.91673100865847e+37	4.913526839633441e+37	5.859025398437945e+37
1068287.813829793	3.942546088323649e+38	9.362831355181686e+36	1.3114160821025452e+37	1.8720621726505894e+37	2.365537768770712e+37	3.2170084242912866e+37	5.573838970183941e+37	6.703829265010855e+37	7.586261832335612e+37	1.7138423003731465e+37	2.5344683810170447e+37	3.2170084242912866e+37	3.8863395337416887e+37
1212047.3812336589	2.9118047813659416e+38	5.820115066394823e+36	8.29249505071787e+36	1.1922332733610862e+37	1.513394727728181e+37	2.0811369226540863e+37	3.775282435104676e+37	4.685199811724533e+37	5.57046044795485e+37	1.0899410254468817e+37	1.624495705748405e+37	2.0811369226540863e+37	2.5423656661580985e+37
1375155.321743572	2.150178232589862e+38	3.5436567506263465e+36	5.1867966161787977e+36	7.54235210305168e+36	9.611965041392643e+36	1.332628672089397e+37	2.5167077371219e+37	3.217104837065364e+37	4.010359682116473e+37	6.882839476326608e+36	1.0331435985416376e+37	1.332628672089397e+37	1.6427689830528213e+37
1560215.86718	1.5870649704530342e+38	2.0991756375066107e+36	3.195249701953708e+36	4.735840768359494e+36	6.066078617396851e+36	8.461968678756403e+36	1.6530150627698062e+37	2.17217272238975e+37	2.8327820870593325e+37	4.3086462101808217e+36	6.527702985058051e+36	8.461968678756403e+36	1.0503004327591669e+37
1770183.7726261828	1.170675218057196e+38	1.2008164258725195e+36	1.9273316319244683e+36	2.9440614445248565e+36	3.803160714658288e+36	5.336764815180206e+36	1.071137601054888e+37	1.4434868514882123e+37	1.9648037119996053e+37	2.664633958553906e+36	4.0988512790608696e+36	5.336764815180206e+36	6.656676297327001e+36
2008411.4958318856	8.62857471463904e+37	6.581518849680218e+35	1.1303316727067371e+36	1.8042380951387097e+36	2.3645111813752532e+36	3.346010170985726e+36	6.858196023496751e+36	9.451060092976728e+36	1.3392101812580145e+37	1.6196692715250382e+36	2.555028894732984e+36	3.346010170985726e+36	4.189482808914191e+36
2278702.72684255	6.354228865257315e+37	3.4287898976585774e+35	6.395825764441741e+35	1.083611447559704e+36	1.45254137342165e+36	2.0849783683656924e+36	4.346552485137036e+36	6.104447206650947e+36	8.977705650058113e+36	9.612996487335767e+35	1.5766195039617835e+36	2.0849783683656924e+36	2.6214668271212974e+36
2585373.1225762563	4.675030362288645e+37	1.6844996985511447e+35	3.463645515470037e+35	6.332727989028513e+35	8.769477203405118e+35	1.2887584885907951e+36	2.7319939110132537e+36	3.8955416571141263e+36	5.924744869990929e+36	5.529228450839738e+35	9.585746754377659e+35	1.2887584885907951e+36	1.6310923458224408e+36
2933319.216114155	3.4363178174912283e+37	7.742227394190873e+34	1.780719299485352e+35	3.5729426713916914e+35	5.168044799476486e+35	7.872190711390912e+35	1.7060396446793584e+36	2.4604340643060444e+36	3.853245312336399e+36	3.0573748741052865e+35	5.706487425513503e+35	7.872190711390912e+35	1.0077733867428496e+36
3328096.600997821	2.5234172890566252e+37	3.3022439893713946e+34	8.621510107137943e+34	1.930268062246407e+35	2.9500207702052257e+35	4.725590185581228e+35	1.05977297452388e+36	1.5410471991640898e+36	2.4728238155594555e+36	1.6119219598444787e+35	3.3016288785820855e+35	4.725590185581228e+35	6.16296368967565e+35
3776008.6389234248	1.8513095192981972e+37	1.295960522919427e+34	3.899445148959212e+34	9.903405099404469e+34	1.61771808946084e+35	2.7683219843032904e+35	6.549742756231239e+35	9.589403545986171e+35	1.5683314970430064e+36	8.037051014328363e+34	1.841572146963794e+35	2.7683219843032904e+35	3.71140045777453e+35
4284207.107252479	1.3569898836836646e+37	4.635806516826114e+33	1.6341338806152378e+34	4.786072592709354e+34	8.451605297334332e+34	1.5701502347074954e+35	4.021659859427499e+35	5.9367908982666315e+35	9.847858878678203e+35	3.759103641043304e+34	9.820352531199634e+34	1.5701502347074954e+35	2.1862681090939386e+35
