#t	Le	U	B	V	R	I	J	H	K	g	r	i	z
#----------------------------------------------- 
3.7652155130543496	0.0	0.0	0.0	0.0	0.0	0.0	0.0	0.0	0.0	0.0	0.0	0.0	0.0
3.8994213077093174	0.0	0.0	0.0	0.0	0.0	0.0	0.0	0.0	0.0	0.0	0.0	0.0	0.0
4.29158279857721	0.0	0.0	0.0	0.0	0.0	0.0	0.0	0.0	0.0	0.0	0.0	0.0	0.0
4.737298048164404	0.0	0.0	0.0	0.0	0.0	0.0	0.0	0.0	0.0	0.0	0.0	0.0	0.0
5.236047382136323	0.0	0.0	0.0	0.0	0.0	0.0	0.0	0.0	0.0	0.0	0.0	0.0	0.0
5.7927100152193285	0.0	0.0	0.0	0.0	0.0	0.0	0.0	0.0	0.0	0.0	0.0	0.0	0.0
6.4126940415096545	0.0	0.0	0.0	0.0	0.0	0.0	0.0	0.0	0.0	0.0	0.0	0.0	0.0
7.1016965238272105	0.0	0.0	0.0	0.0	0.0	0.0	0.0	0.0	0.0	0.0	0.0	0.0	0.0
7.86563615099168	0.0	0.0	0.0	0.0	0.0	0.0	0.0	0.0	0.0	0.0	0.0	0.0	0.0
8.710606010064298	0.0	0.0	0.0	0.0	0.0	0.0	0.0	0.0	0.0	0.0	0.0	0.0	0.0
9.642826429088544	0.0	0.0	0.0	0.0	0.0	0.0	0.0	0.0	0.0	0.0	0.0	0.0	0.0
10.668594418656866	0.0	0.0	0.0	0.0	0.0	0.0	0.0	0.0	0.0	0.0	0.0	0.0	0.0
11.794230154358448	0.0	0.0	0.0	0.0	0.0	0.0	0.0	0.0	0.0	0.0	0.0	0.0	0.0
13.026022444445074	0.0	0.0	0.0	0.0	0.0	0.0	0.0	0.0	0.0	0.0	0.0	0.0	0.0
14.370175810885772	0.0	0.0	0.0	0.0	0.0	0.0	0.0	0.0	0.0	0.0	0.0	0.0	0.0
15.832761979220844	0.0	0.0	0.0	0.0	0.0	0.0	0.0	0.0	0.0	0.0	0.0	0.0	0.0
17.419678320302484	0.0	0.0	0.0	0.0	0.0	0.0	0.0	0.0	0.0	0.0	0.0	0.0	0.0
19.136615212418977	0.0	0.0	0.0	0.0	0.0	0.0	0.0	0.0	0.0	0.0	0.0	0.0	0.0
20.989033514108048	0.0	0.0	0.0	0.0	0.0	0.0	0.0	0.0	0.0	0.0	0.0	0.0	0.0
22.982152493386533	0.0	0.0	0.0	0.0	0.0	0.0	0.0	0.0	0.0	0.0	0.0	0.0	0.0
25.120947771184078	0.0	0.0	0.0	0.0	0.0	0.0	0.0	0.0	0.0	0.0	0.0	0.0	0.0
27.41015819658252	0.0	0.0	0.0	0.0	0.0	0.0	0.0	0.0	0.0	0.0	0.0	0.0	0.0
29.854300138424026	0.0	0.0	0.0	0.0	0.0	0.0	0.0	0.0	0.0	0.0	0.0	0.0	0.0
32.45768745547126	0.0	0.0	0.0	0.0	0.0	0.0	0.0	0.0	0.0	0.0	0.0	0.0	0.0
35.224455381805925	0.0	0.0	0.0	0.0	0.0	0.0	0.0	0.0	0.0	0.0	0.0	0.0	0.0
38.15858668808553	0.0	0.0	0.0	0.0	0.0	0.0	0.0	0.0	0.0	0.0	0.0	0.0	0.0
41.263938704533444	0.0	0.0	0.0	0.0	0.0	0.0	0.0	0.0	0.0	0.0	0.0	0.0	0.0
44.54427006686094	0.0	0.0	0.0	0.0	0.0	0.0	0.0	0.0	0.0	0.0	0.0	0.0	0.0
48.003266332877644	0.0	0.0	0.0	0.0	0.0	0.0	0.0	0.0	0.0	0.0	0.0	0.0	0.0
51.64456388586524	0.0	0.0	0.0	0.0	0.0	0.0	0.0	0.0	0.0	0.0	0.0	0.0	0.0
55.47177177203313	0.0	0.0	0.0	0.0	0.0	0.0	0.0	0.0	0.0	0.0	0.0	0.0	0.0
59.48849130811248	0.0	0.0	0.0	0.0	0.0	0.0	0.0	0.0	0.0	0.0	0.0	0.0	0.0
63.69833343722739	0.0	0.0	0.0	0.0	0.0	0.0	0.0	0.0	0.0	0.0	0.0	0.0	0.0
68.10493391381225	0.0	0.0	0.0	0.0	0.0	0.0	0.0	0.0	0.0	0.0	0.0	0.0	0.0
72.71196646469696	0.0	0.0	0.0	0.0	0.0	0.0	0.0	0.0	0.0	0.0	0.0	0.0	0.0
77.52315411297714	0.0	0.0	0.0	0.0	0.0	0.0	0.0	0.0	0.0	0.0	0.0	0.0	0.0
82.54227886901602	0.0	0.0	0.0	0.0	0.0	0.0	0.0	0.0	0.0	0.0	0.0	0.0	0.0
87.77318999538804	0.0	0.0	0.0	0.0	0.0	0.0	0.0	0.0	0.0	0.0	0.0	0.0	0.0
93.21981104550002	0.0	0.0	0.0	0.0	0.0	0.0	0.0	0.0	0.0	0.0	0.0	0.0	0.0
98.88614586145842	0.0	0.0	0.0	0.0	0.0	0.0	0.0	0.0	0.0	0.0	0.0	0.0	0.0
104.77628369947125	0.0	0.0	0.0	0.0	0.0	0.0	0.0	0.0	0.0	0.0	0.0	0.0	0.0
110.89440363256843	0.0	0.0	0.0	0.0	0.0	0.0	0.0	0.0	0.0	0.0	0.0	0.0	0.0
117.2447783615341	0.0	0.0	0.0	0.0	0.0	0.0	0.0	0.0	0.0	0.0	0.0	0.0	0.0
123.831777547269	0.0	0.0	0.0	0.0	0.0	0.0	0.0	0.0	0.0	0.0	0.0	0.0	0.0
130.65987076168636	0.0	0.0	0.0	0.0	0.0	0.0	0.0	0.0	0.0	0.0	0.0	0.0	0.0
137.7336301397353	0.0	0.0	0.0	0.0	0.0	0.0	0.0	0.0	0.0	0.0	0.0	0.0	0.0
145.057732798977	0.0	0.0	0.0	0.0	0.0	0.0	0.0	0.0	0.0	0.0	0.0	0.0	0.0
152.63696308880242	0.0	0.0	0.0	0.0	0.0	0.0	0.0	0.0	0.0	0.0	0.0	0.0	0.0
160.47621471462492	0.0	0.0	0.0	0.0	0.0	0.0	0.0	0.0	0.0	0.0	0.0	0.0	0.0
168.58049277868486	0.0	0.0	0.0	0.0	0.0	0.0	0.0	0.0	0.0	0.0	0.0	0.0	0.0
176.95491576975775	0.0	0.0	0.0	0.0	0.0	0.0	0.0	0.0	0.0	0.0	0.0	0.0	0.0
185.60471752849338	0.0	0.0	0.0	0.0	0.0	0.0	0.0	0.0	0.0	0.0	0.0	0.0	0.0
194.53524921279194	0.0	0.0	0.0	0.0	0.0	0.0	0.0	0.0	0.0	0.0	0.0	0.0	0.0
203.75198128037044	0.0	0.0	0.0	0.0	0.0	0.0	0.0	0.0	0.0	0.0	0.0	0.0	0.0
213.26050550321108	0.0	0.0	0.0	0.0	0.0	0.0	0.0	0.0	0.0	0.0	0.0	0.0	0.0
223.06653702841064	0.0	0.0	0.0	0.0	0.0	0.0	0.0	0.0	0.0	0.0	0.0	0.0	0.0
233.1759164946309	0.0	0.0	0.0	0.0	0.0	0.0	0.0	0.0	0.0	0.0	0.0	0.0	0.0
243.59461221127603	0.0	0.0	0.0	0.0	0.0	0.0	0.0	0.0	0.0	0.0	0.0	0.0	0.0
254.32872241378678	0.0	0.0	0.0	0.0	0.0	0.0	0.0	0.0	0.0	0.0	0.0	0.0	0.0
265.38447759627934	0.0	0.0	0.0	0.0	0.0	0.0	0.0	0.0	0.0	0.0	0.0	0.0	0.0
276.7682429259744	0.0	0.0	0.0	0.0	0.0	0.0	0.0	0.0	0.0	0.0	0.0	0.0	0.0
288.4865207463652	0.0	0.0	0.0	0.0	0.0	0.0	0.0	0.0	0.0	0.0	0.0	0.0	0.0
300.5459531688623	0.0	0.0	0.0	0.0	0.0	0.0	0.0	0.0	0.0	0.0	0.0	0.0	0.0
312.95332476515347	0.0	0.0	0.0	0.0	0.0	0.0	0.0	0.0	0.0	0.0	0.0	0.0	0.0
325.7155653566446	0.0	0.0	0.0	0.0	0.0	0.0	0.0	0.0	0.0	0.0	0.0	0.0	0.0
338.8397529066402	0.0	0.0	0.0	0.0	0.0	0.0	0.0	0.0	0.0	0.0	0.0	0.0	0.0
352.3331165157022	0.0	0.0	0.0	0.0	0.0	0.0	0.0	0.0	0.0	0.0	0.0	0.0	0.0
366.203039526066	0.0	0.0	0.0	0.0	0.0	0.0	0.0	0.0	0.0	0.0	0.0	0.0	0.0
380.45706273168514	0.0	0.0	0.0	0.0	0.0	0.0	0.0	0.0	0.0	0.0	0.0	0.0	0.0
395.10288770883466	0.0	0.0	0.0	0.0	0.0	0.0	0.0	0.0	0.0	0.0	0.0	0.0	0.0
410.1483802662171	0.0	0.0	0.0	0.0	0.0	0.0	0.0	0.0	0.0	0.0	0.0	0.0	0.0
425.60157400275307	0.0	0.0	0.0	0.0	0.0	0.0	0.0	0.0	0.0	0.0	0.0	0.0	0.0
441.47067399278546	0.0	0.0	0.0	0.0	0.0	0.0	0.0	0.0	0.0	0.0	0.0	0.0	0.0
457.76406059161235	0.0	0.0	0.0	0.0	0.0	0.0	0.0	0.0	0.0	0.0	0.0	0.0	0.0
474.4902933793514	0.0	0.0	0.0	0.0	0.0	0.0	0.0	0.0	0.0	0.0	0.0	0.0	0.0
491.65811523501173	0.0	0.0	0.0	0.0	0.0	0.0	0.0	0.0	0.0	0.0	0.0	0.0	0.0
509.27645654175006	0.0	0.0	0.0	0.0	0.0	0.0	0.0	0.0	0.0	0.0	0.0	0.0	0.0
527.3544395413846	0.0	0.0	0.0	0.0	0.0	0.0	0.0	0.0	0.0	0.0	0.0	0.0	0.0
545.9013828302485	0.0	0.0	0.0	0.0	0.0	0.0	0.0	0.0	0.0	0.0	0.0	0.0	0.0
564.9268059971133	0.0	0.0	0.0	0.0	0.0	0.0	0.0	0.0	0.0	0.0	0.0	0.0	0.0
584.4404344195517	0.0	0.0	0.0	0.0	0.0	0.0	0.0	0.0	0.0	0.0	0.0	0.0	0.0
604.4522042127633	0.0	0.0	0.0	0.0	0.0	0.0	0.0	0.0	0.0	0.0	0.0	0.0	0.0
624.972267350671	0.0	0.0	0.0	0.0	0.0	0.0	0.0	0.0	0.0	0.0	0.0	0.0	0.0
646.0109969462213	0.0	0.0	0.0	0.0	0.0	0.0	0.0	0.0	0.0	0.0	0.0	0.0	0.0
667.5789927066528	0.0	0.0	0.0	0.0	0.0	0.0	0.0	0.0	0.0	0.0	0.0	0.0	0.0
689.6870865724385	0.0	0.0	0.0	0.0	0.0	0.0	0.0	0.0	0.0	0.0	0.0	0.0	0.0
712.3463485341997	0.0	0.0	0.0	0.0	0.0	0.0	0.0	0.0	0.0	0.0	0.0	0.0	0.0
735.5680926441195	0.0	0.0	0.0	0.0	0.0	0.0	0.0	0.0	0.0	0.0	0.0	0.0	0.0
759.363883227212	0.0	0.0	0.0	0.0	0.0	0.0	0.0	0.0	0.0	0.0	0.0	0.0	0.0
783.7455412951153	0.0	0.0	0.0	0.0	0.0	0.0	0.0	0.0	0.0	0.0	0.0	0.0	0.0
808.7251511663842	0.0	0.0	0.0	0.0	0.0	0.0	0.0	0.0	0.0	0.0	0.0	0.0	0.0
834.3150673122444	0.0	0.0	0.0	0.0	0.0	0.0	0.0	0.0	0.0	0.0	0.0	0.0	0.0
860.5279214324679	0.0	0.0	0.0	0.0	0.0	0.0	0.0	0.0	0.0	0.0	0.0	0.0	0.0
887.3766297003123	0.0	0.0	0.0	0.0	0.0	0.0	0.0	0.0	0.0	0.0	0.0	0.0	0.0
914.8744003183426	1.0718964403359698e+29	3.8239625117408925e+26	2.1556480061665837e+26	1.1324457668131145e+26	7.291374853379095e+25	3.9416478037403746e+25	9.973414572074182e+24	4.916350880658996e+24	1.858317276990723e+24	1.3320659624472159e+26	6.3801157885842065e+25	3.9416478037403746e+25	2.603003369595773e+25
943.0347413368766	9.835553259701286e+29	3.730795805360958e+27	2.104510517089661e+27	1.1062248387487702e+27	7.124852304179666e+26	3.853059082329211e+26	9.75495279001481e+25	4.8096521846156226e+25	1.8183719603820456e+25	1.301049280121539e+27	6.234953447298042e+26	3.853059082329211e+26	2.5450285861964655e+26
971.8714687348527	6.859398255425198e+30	2.765387273230082e+28	1.5609758629218636e+28	8.210049233805269e+27	5.28957951975424e+27	2.86164123527226e+27	7.249240236752351e+26	3.574966758697217e+26	1.351869193762462e+26	9.654662421857127e+27	4.629321950251257e+27	2.86164123527226e+27	1.8905746153403122e+27
1001.3987147714728	4.143127521670701e+31	1.774578846057036e+29	1.0023778396806684e+29	5.275248532615746e+28	3.3998814731433726e+28	1.840030079673225e+28	4.6640637464468514e+27	2.3005758477806694e+27	8.701505644168699e+26	6.202605984166288e+28	2.9757715144298163e+28	1.840030079673225e+28	1.2158970113180025e+28
1031.630936630345	2.3246239223503394e+32	1.0233406029164746e+30	5.782193050025461e+29	3.0438593814607413e+29	1.9620603863728763e+29	1.0620632903737486e+29	2.692840187201776e+28	1.3283888678018184e+28	5.024893352253274e+27	3.5787240662548596e+29	1.7173799213352775e+29	1.0620632903737486e+29	7.018836950778505e+28
1062.5829253519555	1.2155772163896661e+33	5.344508470435551e+30	3.0197688775865237e+30	1.5896444554155113e+30	1.0246714054751091e+30	5.546499878218521e+29	1.4062854484584285e+29	6.937230368099763e+28	2.624131939327672e+28	1.8689812135984038e+30	8.968870782694666e+29	5.546499878218521e+29	3.665487430129527e+29
1094.2698150640547	5.183917305251997e+33	2.4428873936393707e+31	1.381405444029752e+31	7.277104739040218e+30	4.692626699499692e+30	2.541258317566887e+30	6.447844059884963e+29	3.1815369565938165e+29	1.203786380630848e+29	8.554452357653928e+30	4.1078648456007623e+30	2.541258317566887e+30	1.6798565868967013e+30
1126.7181394111424	2.0653051717629765e+34	1.0225008374483975e+32	5.785458886160562e+31	3.0493131057960733e+31	1.9669135043965999e+31	1.0655224036549815e+31	2.7049231143230875e+30	1.33492636977273e+30	5.0518674044559405e+29	3.584128901612616e+31	1.7219464002431188e+31	1.0655224036549815e+31	7.044765972427941e+30
1159.9430686459625	7.307494046772535e+34	3.8787770902746844e+32	2.1965438124112683e+32	1.1585957958889851e+32	7.476479270268992e+31	4.0521296093394386e+31	1.0294449153491376e+31	5.081839832517916e+30	1.9236864807330444e+30	1.3615650262254373e+32	6.546074954339407e+31	4.0521296093394386e+31	2.679808561529662e+31
1193.9601911835641	2.412858732298566e+35	1.3589340680325872e+33	7.701362319279655e+32	4.064864168292852e+32	2.624037942779646e+32	1.4227829950501755e+32	3.6169644643604243e+31	1.7859235220404162e+31	6.76207093233464e+30	4.7762475800911194e+32	2.2977202366820913e+32	1.4227829950501755e+32	9.411541565250983e+31
1228.7855212275917	7.255982846674041e+35	4.3827496933178955e+33	2.4860443707008598e+33	1.3132110445953815e+33	8.481079627612606e+32	4.600877080226162e+32	1.1705563679319214e+32	5.7813989276231355e+31	2.1896522624528944e+31	1.5427507167061717e+33	7.427292378674393e+32	4.600877080226162e+32	3.044288894585265e+32
1264.4355069542707	2.0485012326783487e+36	1.3177835031725183e+34	7.481179657715471e+33	3.954731098122025e+33	2.555122169373685e+33	1.3867732932143398e+33	3.530832672014644e+32	1.744337342600407e+32	6.6082811265406435e+31	4.645201777956307e+33	2.2378937179916306e+33	1.3867732932143398e+33	9.178348556189619e+32
1300.9270392278447	5.349832935561532e+36	3.6901297241526326e+34	2.09692021156884e+34	1.1094159217257913e+34	7.171198599761111e+33	3.894197380944507e+33	9.923239439497205e+32	4.90382504682015e+32	1.8583376991143023e+32	1.3028615115831966e+34	6.281662636518851e+33	3.894197380944507e+33	2.5781400895550214e+33
1338.2774608653165	1.320552100611163e+37	9.7163680301212e+34	5.526354682366715e+34	2.926168287723001e+34	1.8922978914301774e+34	1.0281034964012738e+34	2.621913642497163e+33	1.2960499034573258e+33	4.912884185383209e+32	3.435764835435945e+34	1.657771867668065e+34	1.0281034964012738e+34	6.808454583976638e+33
1376.504576516343	3.0504401299694625e+37	2.4054080163900426e+35	1.369489923316828e+35	7.257770638520976e+34	4.695761816644441e+34	2.5526843013411662e+34	6.515682398834261e+33	3.221791613125978e+33	1.221659129973702e+33	8.519997266473017e+34	4.114329625911092e+34	2.5526843013411662e+34	1.691003581866177e+34
1415.6266631877206	6.703063512127718e+37	5.641775713409296e+35	3.2151970647297382e+35	1.7053899388330862e+35	1.103906602270135e+35	6.004256471361249e+34	1.5338780926048026e+34	7.586791691710557e+33	2.8776898646256926e+33	2.0015884887888374e+35	9.673447076316166e+34	6.004256471361249e+34	3.978670356680215e+34
1455.662481288788	1.3911671386959313e+38	1.2540630623585222e+36	7.154311472020245e+35	3.798274194284598e+35	2.45990120387533e+35	1.3387507473141786e+35	3.423183395883984e+34	1.6937050095977853e+34	6.426397648088434e+33	4.457027216011722e+35	2.1558924044108005e+35	1.3387507473141786e+35	8.874021237178023e+34
1496.6312862607717	2.7624720057260776e+38	2.6583553542948278e+36	1.5181305597284433e+36	8.067180859718721e+35	5.227225862070385e+35	2.8464472880698424e+35	7.284905323904862e+34	3.6055271183559367e+34	1.3684830934174873e+34	9.464344216277754e+35	4.581839931512335e+35	2.8464472880698424e+35	1.8873953981154367e+35
1538.5528407753227	5.219992945639359e+38	5.376396405048612e+36	3.0737356283474626e+36	1.6349367240218385e+36	1.0599459266550788e+36	5.775408458723258e+35	1.4795193349432978e+35	7.325076020395617e+34	2.781206634437405e+34	1.9176668007711826e+36	9.292138944665462e+35	5.775408458723258e+35	3.8308138253210676e+35
1581.4474276093094	9.484485598948008e+38	1.0427739535983924e+37	5.968145947506723e+36	3.177539416580057e+36	2.0611249301834492e+36	1.123743721234643e+36	2.8814912252030663e+35	1.4270973041178116e+35	5.4202988829432e+34	3.7262132465058655e+36	1.8071695513307408e+36	1.123743721234643e+36	7.456283751761675e+35
1625.335863195119	1.649780174543033e+39	1.9403794401680742e+37	1.1118341213249945e+37	5.925633750571356e+36	3.845857524988373e+36	2.098149973254837e+36	5.3854755205842386e+35	2.668173140705474e+35	1.0137742500896175e+35	6.947205411783447e+36	3.3725179833011106e+36	2.098149973254837e+36	1.392667908169907e+36
1670.2395118920747	2.770386023573441e+39	3.4785987665298336e+37	1.9955433288960903e+37	1.0646295999216523e+37	6.913555340184866e+36	3.774196452400103e+36	9.697243962162013e+35	4.806085084631122e+35	1.8267359248028664e+35	1.2478794498555474e+37	6.063576746511789e+36	3.774196452400103e+36	2.5060574882732123e+36
1716.1802841866393	4.473843998827604e+39	6.009432992774887e+37	3.4516369806712923e+37	1.8434541448128763e+37	1.1978287719719631e+37	6.543567051976225e+36	1.683065537751617e+36	8.344619388829506e+35	3.1729066916239416e+35	2.1602249389978797e+37	1.0507334990033224e+37	6.543567051976225e+36	4.346563171530843e+36
1763.180715568649	6.993561803717008e+39	1.0037119377230484e+38	5.772205621139737e+37	3.086200661319319e+37	2.0065448579819601e+37	1.0969038778294523e+37	2.824374906801139e+36	1.400850489254689e+36	5.328568752508185e+35	3.615614736504216e+37	1.7604263657634104e+37	1.0969038778294523e+37	7.288977537706441e+36
1811.2639212699648	1.0542539744862101e+40	1.6205701170018145e+38	9.33208810922387e+37	4.995382533070479e+37	3.249926621556808e+37	1.7779246674529107e+37	4.5831671313743136e+36	2.2741021407304848e+36	8.653820788885538e+35	5.850738687268189e+37	2.851796343455242e+37	1.7779246674529107e+37	1.181922983566028e+37
1860.4536210231624	1.5400405861949858e+40	2.5354848051351985e+38	1.4620713804990247e+38	7.835772047546699e+37	5.101234095846992e+37	2.7928321105537344e+37	7.207929691766697e+36	3.577954036535088e+36	1.3621251865987577e+36	9.174959000822623e+37	4.47711731502652e+37	2.7928321105537344e+37	1.8573927730832052e+37
1910.774160583709	2.1710805936835042e+40	3.841663539235087e+38	2.2185757082057412e+38	1.1905702124503694e+38	7.756421389129655e+37	4.249994213814097e+37	1.0982724353397065e+37	5.454175445472904e+36	2.077355762380538e+36	1.3936305388850527e+38	6.808782258857572e+37	4.249994213814097e+37	2.8277799982356264e+37
1962.2505321365238	2.9635151343685513e+40	5.645894003217396e+38	3.265680605406112e+38	1.7549129267665366e+38	1.1441770391648058e+38	6.274777781842447e+37	1.623708907892183e+37	8.067391313513552e+36	3.074154872040276e+36	2.0535764684604577e+38	1.0045951174198e+38	6.274777781842447e+37	4.1770095357119527e+37
2014.9083945489122	3.898905027522951e+40	8.03935854179536e+38	4.658260871889384e+38	2.5071042025284665e+38	1.6359773330270532e+38	8.98051971811292e+37	2.32735460161005e+37	1.1569522700265663e+37	4.4110437700431257e+36	2.9327524313011852e+38	1.4367282314135e+38	8.98051971811292e+37	5.981374953182061e+37
2068.7740940524527	4.954752597654922e+40	1.1102039421032271e+39	6.445203768693587e+38	3.474663757361694e+38	2.2694374423788895e+38	1.2470941887077816e+38	3.237202422948396e+37	1.6101669809517105e+37	6.142579446972044e+36	4.063026572642027e+38	1.9935358980772004e+38	1.2470941887077816e+38	8.310977572013025e+37
2123.874685576176	6.053446871432979e+40	1.484829284370216e+39	8.638807338696643e+38	4.66610774732e+38	3.050801946775778e+38	1.6784655310495655e+38	4.365017086768551e+37	2.1725394667736953e+37	8.293438424966272e+36	5.453851888515572e+38	2.680666332165414e+38	1.6784655310495655e+38	1.1193141931598286e+38
2180.237954831206	7.124962612366587e+40	1.9248462353821154e+39	1.122604855737647e+39	6.076427908166112e+38	3.977532081825172e+38	2.1912339476717886e+38	5.710267414210729e+37	2.8441370276085704e+37	1.08651774349839e+37	7.098831437887163e+38	3.496064591257372e+38	2.1912339476717886e+38	1.4623379624904986e+38
2237.8924413221735	9.075959421700242e+40	2.516419815764935e+39	1.4686080226465857e+39	7.953938529623577e+38	5.208200119749884e+38	2.8702669172545866e+38	7.484060473521274e+37	3.7283588203874548e+37	1.4245978027692886e+37	9.291002656499217e+38	4.578163919619792e+38	2.8702669172545866e+38	1.9158859561149954e+38
2296.867462270477	1.2131406544785095e+41	3.285776073878738e+39	1.9164437697809572e+39	1.0373881871536846e+39	6.7907807608009325e+38	3.741189020996098e+38	9.749905762266548e+37	4.856266826102799e+37	1.8552270986678117e+37	1.2119212100418068e+39	5.9688271650799806e+38	3.741189020996098e+38	2.4967605889860584e+38
2357.1931375225795	1.3456208092383421e+41	3.960059129697944e+39	2.3147670033919863e+39	1.2553925840710186e+39	8.226448804683278e+38	4.53753338589092e+38	1.1847109211708752e+38	5.904653018447087e+37	2.2572255358494313e+37	1.4659662139176276e+39	7.232770401255124e+38	4.53753338589092e+38	3.0302160840951282e+38
2418.900415537182	1.496607428905061e+41	4.6993402128558017e+39	2.751752780031341e+39	1.494688367942243e+39	9.802816040445601e+38	5.412232309285804e+38	1.4151953819638604e+38	7.057066922742546e+37	2.699203016862833e+37	1.7447872568839743e+39	8.620699886597369e+38	5.412232309285804e+38	3.6162763432602375e+38
2482.021100474704	1.5503152278088545e+41	5.359122074066738e+39	3.1466693382205485e+39	1.7132674368872278e+39	1.1251027121481128e+39	6.221034222182332e+38	1.6304227271923424e+38	8.136841192969074e+37	3.114743939395544e+37	1.9988559359142657e+39	9.897765467572715e+38	6.221034222182332e+38	4.160106885429222e+38
2546.587880461195	1.594277254399088e+41	6.010617472315375e+39	3.5383172529592094e+39	1.9308403331747155e+39	1.2695457849391217e+39	7.029542540037964e+38	1.846311330266571e+38	9.221213200876593e+37	3.532554807461496e+37	2.2515434874652256e+39	1.1172182251449834e+39	7.029542540037964e+38	4.704411180330615e+38
2612.6343569721103	1.5726373200036262e+41	6.560924754595327e+39	3.8745005861331164e+39	2.1201172458031523e+39	1.3960998894196723e+39	7.743530094867699e+38	2.0392266635807007e+38	1.0194088264770321e+38	3.908923157757244e+37	2.4707094623399376e+39	1.2290882588737095e+39	7.743530094867699e+38	5.1871428907389675e+38
2680.1950755791336	1.5454098893337315e+41	7.075671331782692e+39	4.191263801108278e+39	2.2995468518203268e+39	1.516457581828847e+39	8.424995921411925e+38	2.2243454366127004e+38	1.1129347425737112e+38	4.271403996852454e+37	2.6781902704662373e+39	1.335572397469948e+39	8.424995921411925e+38	5.6487824180181426e+38
2749.305558031882	1.4813789900592644e+41	7.497102788518319e+39	4.456317602345269e+39	2.4523390072366353e+39	1.6198829328878524e+39	9.016427783587046e+38	2.387358102560148e+38	1.1956923508995321e+38	4.593706026379894e+37	2.85418475653119e+39	1.4272956199650086e+39	9.016427783587046e+38	6.051562185399704e+38
2820.0023356983224	1.423849834203131e+41	7.898139706439676e+39	4.710425497628223e+39	2.5997082777500313e+39	1.7199529716827976e+39	9.590660475516e+38	2.546443211391636e+38	1.276595122560178e+38	4.909328022448611e+37	3.0237050027264396e+39	1.516117410394117e+39	9.590660475516e+38	6.4433587606498294e+38
2892.322984409422	1.3502245992784645e+41	8.239848732832705e+39	4.932287966648418e+39	2.730826683386878e+39	1.809841392472319e+39	1.0111772730690859e+39	2.692944259629068e+38	1.3514573272209834e+38	5.202777819275124e+37	3.1739108340351575e+39	1.596100976745225e+39	1.0111772730690859e+39	6.8008358844079865e+38
2966.306160810134	1.290331988740876e+41	8.595173743859238e+39	5.163283115974237e+39	2.8675218711469685e+39	1.90362648544874e+39	1.065598361051466e+39	2.846170932024168e+38	1.4297988377294349e+38	5.510038085241424e+37	3.330456168687613e+39	1.679570067918463e+39	1.065598361051466e+39	7.174357495517145e+38
3041.9916402826134	1.2248249965656703e+41	8.928669429301174e+39	5.384348544648527e+39	3.000287778588686e+39	1.9953911847227815e+39	1.1192675682011274e+39	2.9989784101808062e+38	1.5082108586444848e+38	5.818681418167566e+37	3.482014109703006e+39	1.761397954033033e+39	1.1192675682011274e+39	7.54424168296274e+38
3119.4203564701843	1.1741939743128962e+41	9.305745611394669e+39	5.632952836667913e+39	3.149066780000644e+39	2.0980632720777125e+39	1.17922565847953e+39	3.1693760372890975e+38	1.595603017560233e+38	6.162505742634438e+37	3.6519743658379134e+39	1.8529170752543434e+39	1.17922565847953e+39	7.957169502085957e+38
3198.634442534443	1.1213375327835999e+41	9.684998721157208e+39	5.886647389154061e+39	3.3025839382154737e+39	2.2045967137631594e+39	1.2418099124282181e+39	3.3487531908782837e+38	1.6878560992159234e+38	6.526450958024229e+37	3.826924319412518e+39	1.948015906997973e+39	1.2418099124282181e+39	8.389534596346331e+38
3279.67727424638	1.0812183801656564e+41	1.0122533154614533e+40	6.177686162103231e+39	3.4780621574695085e+39	2.3261770153973435e+39	1.3131253944364435e+39	3.552780402328216e+38	1.792732458296825e+38	6.940001654670318e+37	4.027048883555707e+39	2.0565045982126846e+39	1.3131253944364435e+39	8.881863897636032e+38
3362.593472776153	1.03893235059568e+41	1.0567161022478286e+40	6.477795586979229e+39	3.6610442662988844e+39	2.4536718431868336e+39	1.3883615485491107e+39	3.7698817330769215e+38	1.9046432682443785e+38	7.38251792657502e+37	4.2352229256797994e+39	2.170437886338448e+39	1.3883615485491107e+39	9.402907466313788e+38
3447.429841191585	1.0083012320675561e+41	1.107606351133783e+40	6.819678279547171e+39	3.86889956852869e+39	2.5983248962684795e+39	1.473630523803104e+39	4.015638108640182e+38	2.0312864659765928e+38	7.883159032224948e+37	4.4718291965433526e+39	2.2996678076236926e+39	1.473630523803104e+39	9.993143164136148e+38
3534.4545754928645	1.3158141865440532e+41	1.3131989275194942e+40	8.042101999636637e+39	4.541284124905788e+39	3.0422191658773545e+39	1.720488966947217e+39	4.668044184379128e+38	2.3577802505859723e+38	9.13639970857718e+37	5.2545253682404975e+39	2.6907150823624165e+39	1.720488966947217e+39	1.1648992366037615e+39
3623.6945379867184	1.3910897138871578e+41	1.4282344450989695e+40	8.75996788898152e+39	4.953165408961237e+39	3.320509645359917e+39	1.8793846221526313e+39	5.105425862951354e+38	2.579787219153408e+38	1.0000961710518895e+38	5.72938600018141e+39	2.937415531547494e+39	1.8793846221526313e+39	1.273045415868142e+39
3715.156903660037	1.4309560705023334e+41	1.5379729898332701e+40	9.455637094821718e+39	5.3575194114107216e+39	3.595586454272347e+39	2.037632479334802e+39	5.5459122408718734e+38	2.8042105672293488e+38	1.0878225765232382e+38	6.194220148918426e+39	3.1817096580693474e+39	2.037632479334802e+39	1.381188617054756e+39
3808.8972817271683	1.3915180079549637e+41	1.6098248884967873e+40	9.943212965454277e+39	5.656301432170082e+39	3.804360218928257e+39	2.161238013137096e+39	5.904421748494995e+38	2.989344426220473e+38	1.1611611498249378e+38	6.533740004545038e+39	3.368421536024485e+39	2.161238013137096e+39	1.4669477913536763e+39
3905.0091463409026	1.3700148235856289e+41	1.6982211931098664e+40	1.0531978352889968e+40	6.012205790687207e+39	4.051405477658168e+39	2.3064963360062904e+39	6.321746941082855e+38	3.2042013977182465e+38	1.2460245292600505e+38	6.939354229190044e+39	3.588985397111856e+39	2.3064963360062904e+39	1.567372489079896e+39
4003.5434541783	1.3286493536560246e+41	1.768128623170467e+40	1.1021365546506687e+40	6.31925423015411e+39	4.2685001498000696e+39	2.4366520315874358e+39	6.7060436579941214e+38	3.403806038225553e+38	1.3255489965858524e+38	7.286483649305546e+39	3.7837347223941196e+39	2.4366520315874358e+39	1.658272831173269e+39
4104.560758933875	1.2938689001690942e+41	1.8496937297473817e+40	1.1585131420812597e+40	6.669864600512956e+39	4.515374006984377e+39	2.584043511094477e+39	7.138815040438262e+38	3.6282028541997794e+38	1.4148036411227053e+38	7.683596474904451e+39	4.004967646788032e+39	2.584043511094477e+39	1.760993905276914e+39
4208.12110670622	1.2574054002277168e+41	1.9198955393674428e+40	1.208947436213631e+40	6.992585248615504e+39	4.7458147249153165e+39	2.7236662219617307e+39	7.557313878482743e+38	3.84664241964815e+38	1.502255192685073e+38	8.046883683093082e+39	4.212221751275608e+39	2.7236662219617307e+39	1.8590486744480118e+39
4314.308078516796	1.2191126704952058e+41	1.9960145659714823e+40	1.2636116569333433e+40	7.342392514138718e+39	4.9956331052202045e+39	2.8750662426631106e+39	8.011337912501824e+38	4.083671780471568e+38	1.597169361257076e+38	8.440647086463193e+39	4.436915139208183e+39	2.8750662426631106e+39	1.965391684609305e+39
4423.183304268594	1.1868015011307504e+41	2.066207257023053e+40	1.3154529446968674e+40	7.681074157573267e+39	5.239988387112496e+39	3.024760355037352e+39	8.467097518056583e+38	4.322773041626223e+38	1.693373708683818e+38	8.820187821988561e+39	4.6572757824877055e+39	3.024760355037352e+39	2.0711287626977033e+39
4534.814645212279	1.1482742520536192e+41	2.1370711747595285e+40	1.3685958821418892e+40	8.031950635178694e+39	5.494414788902798e+39	3.181430587209802e+39	8.94746598271174e+38	4.575345213356025e+38	1.795217850790994e+38	9.212517070204928e+39	4.887011579398214e+39	3.181430587209802e+39	2.1820858065523708e+39
4649.273798818315	1.1180641802934455e+41	2.206252884124906e+40	1.4214066347780622e+40	8.38539966688205e+39	5.752469780459808e+39	3.341508086462246e+39	9.443475659303354e+38	4.837040534958933e+38	1.9010999044760486e+38	9.606552585757284e+39	5.12044126396015e+39	3.341508086462246e+39	2.2958964966731866e+39
4766.644130175397	1.3845493997313698e+41	2.5710346480068514e+40	1.646893238986948e+40	9.667882805057483e+39	6.614689424694919e+39	3.830964285930934e+39	1.077839256781419e+39	5.5124000977907004e+38	2.163217639152349e+38	1.1088141676569473e+40	5.88374350840738e+39	3.830964285930934e+39	2.627939717311463e+39
4886.959684323611	1.4106798704225283e+41	2.782709710195824e+40	1.7865577185681095e+40	1.0506078443186872e+40	7.19438821517955e+39	4.1704767451807326e+39	1.1748247203217463e+39	6.0107761876231686e+38	2.3596921894332816e+38	1.2044916792511263e+40	6.400808245318922e+39	4.1704767451807326e+39	2.862171696571512e+39
5010.402744786333	1.3840601790045786e+41	2.86561665002287e+40	1.8508258743555497e+40	1.09409686027119e+40	7.513600935459654e+39	4.369595709900743e+39	1.2369992727305172e+39	6.3396147182434175e+38	2.493058784526515e+38	1.2528606444784917e+40	6.689954831832959e+39	4.369595709900743e+39	3.0041465391031213e+39
5136.816987648286	1.3548559142594153e+41	2.979959542511711e+40	1.9355044445607118e+40	1.1496495734103194e+40	7.915517049495374e+39	4.616656302260859e+39	1.3126464173848068e+39	6.7372832886009886e+38	2.6533986116593712e+38	1.3150492038062592e+40	7.052690903843335e+39	4.616656302260859e+39	3.179005435280513e+39
5266.211252085436	1.3433244089555878e+41	3.0940292668660563e+40	2.0208426815764392e+40	1.2061672010462766e+40	8.326582175992478e+39	4.870866414629058e+39	1.3912006613188862e+39	7.151529739330475e+38	2.8209495593914613e+38	1.3781798830377697e+40	7.424216129698855e+39	4.870866414629058e+39	3.359520857573024e+39
5398.815292626601	1.2923466480972941e+41	3.172237983981542e+40	2.0865016264183562e+40	1.2528847929455702e+40	8.677331078247785e+39	5.0946427752440963e+39	1.463175834163276e+39	7.535684803021077e+38	2.978117799225985e+38	1.429606858718873e+40	7.743724827682874e+39	5.0946427752440963e+39	3.520881997195757e+39
5534.669581440431	1.2678856645963006e+41	3.2657296749987127e+40	2.1619584023044761e+40	1.3055293966348023e+40	9.069743498165119e+39	5.343497392049674e+39	1.542737778527387e+39	7.95974415574421e+38	3.1514169857800182e+38	1.4877697950311477e+40	8.10060800497941e+39	5.343497392049674e+39	3.6998705937865964e+39
5673.840425906626	1.2173598842385404e+41	3.3333639827116913e+40	2.2236675246993786e+40	1.3516729730442022e+40	9.423896264738989e+39	5.574440203286133e+39	1.6191840453829613e+39	8.37138855234029e+38	3.3212692963447828e+38	1.5380546183562112e+40	8.424988898633727e+39	5.574440203286133e+39	3.868225864017265e+39
5816.445825159201	1.1894679498731423e+41	3.4127166015394477e+40	2.292910694877242e+40	1.40247829399111e+40	9.811458938218836e+39	5.826033017804498e+39	1.7021752986519974e+39	8.818044637733239e+38	3.505521027314148e+38	1.5936020597313438e+40	8.779518339818565e+39	5.826033017804498e+39	4.0513317305791694e+39
5962.54559459691	1.1420566516654924e+41	3.4709018247380093e+40	2.351084909661897e+40	1.4482441387532445e+40	1.0170517383207968e+40	6.065294558650599e+39	1.78364574861219e+39	9.260565346124364e+38	3.68963993776105e+38	1.6429708621755985e+40	9.110183819671458e+39	6.065294558650599e+39	4.2276353215633506e+39
6112.245155257426	1.361785295612521e+41	4.0040345840763053e+40	2.696327483940547e+40	1.6525263124928697e+40	1.157344988355576e+40	6.880889853765595e+39	2.0142345835508247e+39	1.0441571576816836e+39	4.1537246606306206e+38	1.8768696995727063e+40	1.0359265865269358e+40	6.880889853765595e+39	4.788161129741218e+39
6265.71152282312	1.3103262548709807e+41	4.127454060522778e+40	2.8010703763754716e+40	1.7276881744588061e+40	1.2140168061260214e+40	7.244091427480363e+39	2.1317925923854432e+39	1.1070276429599423e+39	4.4114468158135725e+38	1.9594549411331038e+40	1.087607978485823e+40	7.244091427480363e+39	5.050674902425445e+39
6422.9052312148315	1.343034804812625e+41	4.3391253196317454e+40	2.957382855752926e+40	1.83098988090624e+40	1.2892670922021156e+40	7.711124683988693e+39	2.2773339728112904e+39	1.1840497823770952e+39	4.724182719398429e+38	2.0748293195211214e+40	1.1556670990704559e+40	7.711124683988693e+39	5.3832026870946945e+39
6584.033205569991	1.3175358040150401e+41	4.445726112427094e+40	3.0523427235961507e+40	1.9018371227338682e+40	1.3437850786451125e+40	8.068424064441611e+39	2.3968401397972083e+39	1.2486622621882249e+39	4.9919249498478195e+38	2.1520023258698241e+40	1.205653292307856e+40	8.068424064441611e+39	5.644565785288545e+39
6749.254524297732	1.279432578773533e+41	4.522754279236094e+40	3.1304958782862705e+40	1.9643356057755643e+40	1.3932835149954446e+40	8.401839380978745e+39	2.5122428943406442e+39	1.3116917549766281e+39	5.255615464052149e+38	2.219161168590848e+40	1.2513547981249945e+40	8.401839380978745e+39	5.891706793453754e+39
6918.549407566608	1.2447054287600556e+41	4.585853294672594e+40	3.200970822119156e+40	2.0234744364460523e+40	1.441064424238865e+40	8.72990790186164e+39	2.6285927626743027e+39	1.3757050334135437e+39	5.525288657681111e+38	2.2821154010568045e+40	1.2956850989320416e+40	8.72990790186164e+39	6.137167042067359e+39
7092.246188131705	1.2013692749548691e+41	4.635415790186331e+40	3.264675069446546e+40	2.0799400522330794e+40	1.4876056794150126e+40	9.055212649895905e+39	2.7464048181897173e+39	1.4409103220647808e+39	5.801507549252142e+38	2.341629399307971e+40	1.3390659952933474e+40	9.055212649895905e+39	6.382576745349395e+39
7270.780119629598	1.1677255332856026e+41	4.678169360357518e+40	3.323498883530406e+40	2.1338206247877876e+40	1.5326588488369181e+40	9.374708166494288e+39	2.8643955569898246e+39	1.5066159803504318e+39	6.081500959394662e+38	2.3980469578406493e+40	1.3812112882589602e+40	9.374708166494288e+39	6.625380043396608e+39
7454.320898484472	1.2134368275503338e+41	5.007698636229984e+40	3.569334502878433e+40	2.2973812065407566e+40	1.6521606531513333e+40	1.0118519290366134e+40	3.0970102693656323e+39	1.629843151561171e+39	6.5823130537506685e+38	2.580470936280025e+40	1.489372113705858e+40	1.0118519290366134e+40	7.155705675230553e+39
7642.943210138672	1.3161657582095078e+41	5.448300761083938e+40	3.8838949793580256e+40	2.5001909688204897e+40	1.7981667052829314e+40	1.101390844822931e+40	3.3716871604388416e+39	1.7745169247641427e+39	7.167107030641277e+38	2.8081770492244317e+40	1.621032189397045e+40	1.101390844822931e+40	7.789411204807457e+39
7836.714096196725	1.3060612744088175e+41	5.5623661711622e+40	3.995311852963266e+40	2.5892722512680087e+40	1.8691611465882217e+40	1.1497085291214951e+40	3.542283275114304e+39	1.868392828540165e+39	7.562911210420904e+38	2.903755773262052e+40	1.686725013117442e+40	1.1497085291214951e+40	8.149973332488573e+39
8035.708034127402	1.2798851353094462e+41	5.679856466517991e+40	4.1151702571595295e+40	2.6866756573792216e+40	1.9471418586603982e+40	1.2029302127699788e+40	3.7304035658547206e+39	1.9718890870415442e+39	7.999083165158706e+38	3.0079870980980254e+40	1.7589447748594456e+40	1.2029302127699788e+40	8.547433615201405e+39
8240.170988131198	1.2356576059025538e+41	5.6577718190894305e+40	4.140909730710333e+40	2.7284210130045293e+40	1.9875716841978819e+40	1.2351416533159475e+40	3.865091907515207e+39	2.049439289691676e+39	8.339720850106559e+38	3.048266541638737e+40	1.7979730596052998e+40	1.2351416533159475e+40	8.804864363717018e+39
8450.370559086383	1.2003724633456052e+41	5.707901637668136e+40	4.218493362246777e+40	2.8032177332709343e+40	2.0515106510635695e+40	1.2815090962557142e+40	4.041648157032883e+39	2.1487195597691e+39	8.766811381432705e+38	3.1257967461095443e+40	1.8581175771006376e+40	1.2815090962557142e+40	9.161287848186272e+39
8666.479971775709	1.1653336431813852e+41	5.695661333700597e+40	4.2509793382891716e+40	2.850344264557548e+40	2.0966164146952292e+40	1.3173692908588768e+40	4.1926441098460964e+39	2.2359927396203115e+39	9.151792859882119e+38	3.1717306467935024e+40	1.901603773118671e+40	1.3173692908588768e+40	9.448320404141513e+39
8888.439837328697	1.2749592859067795e+41	6.29221143752859e+40	4.695090887817588e+40	3.1458938253796834e+40	2.3126875789739784e+40	1.4519853034788078e+40	4.6143402496860004e+39	2.4595171592340848e+39	1.0060760789680053e+39	3.501308515226095e+40	2.0972098722727008e+40	1.4519853034788078e+40	1.0408673778496441e+40
9116.221179891498	1.2660336814406742e+41	6.397620240452723e+40	4.816172149572344e+40	3.2525657460194895e+40	2.401500869607404e+40	1.5151434821648885e+40	4.850694300332405e+39	2.5919263623203175e+39	1.0628665544726934e+39	3.6135081021791493e+40	2.1802960433845385e+40	1.5151434821648885e+40	1.0890488903051285e+40
9350.265108889707	1.2612650023961122e+41	6.554048287346793e+40	4.975716452322444e+40	3.3846535369762024e+40	2.5087478652753914e+40	1.5896692221832737e+40	5.122172320232574e+39	2.742892915108331e+39	1.1271865314090264e+39	3.7541252145425866e+40	2.280030093076901e+40	1.5896692221832737e+40	1.1452958355091245e+40
9590.756568800209	1.2407416471153134e+41	6.603643232620618e+40	5.059799833361888e+40	3.4707529088586805e+40	2.584658582692837e+40	1.6466124970489257e+40	5.349970440241287e+39	2.873078397451928e+39	1.1840880403369693e+39	3.842200625503048e+40	2.35202154822348e+40	1.6466124970489257e+40	1.189867156670589e+40
9837.96819929314	1.1951074054229233e+41	6.528823226452474e+40	5.061967792815823e+40	3.5095203320930323e+40	2.629154693294911e+40	1.686414669111751e+40	5.536921167155826e+39	2.9841269054736975e+39	1.2342753863187835e+39	3.875573277595561e+40	2.396389691456352e+40	1.686414669111751e+40	1.223223862418396e+40
10092.110457660905	1.1705834759747222e+41	6.539768862416814e+40	5.120953103657446e+40	3.5825529669172157e+40	2.6975285592746045e+40	1.7404386491131084e+40	5.766632388425634e+39	3.117734869803248e+39	1.2936406246854164e+39	3.947988202735031e+40	2.462121318434792e+40	1.7404386491131084e+40	1.2665343660679047e+40
10353.325108499197	1.2327336723396518e+41	6.892311720445678e+40	5.404360460194228e+40	3.787758969310046e+40	2.855830296306569e+40	1.845932057449198e+40	6.137437805110809e+39	3.3227898963661684e+39	1.3807657008135176e+39	4.17211850750241e+40	2.6076572910074026e+40	1.845932057449198e+40	1.3448518380215436e+40
10622.003836003574	1.2471689002137387e+41	7.151659874593537e+40	5.660043646736805e+40	3.996879212871523e+40	3.024991121784519e+40	1.9630952383455392e+40	6.56204327666069e+39	3.558410215535426e+39	1.480913594256584e+39	4.395187597611649e+40	2.764836475921229e+40	1.9630952383455392e+40	1.43312522002014e+40
10898.392888264101	1.2383702999179493e+41	7.231850690473017e+40	5.78442606656321e+40	4.122772178114903e+40	3.135994770998579e+40	2.0465553946180627e+40	6.897759917518146e+39	3.7506719804448694e+39	1.5651265275430754e+39	4.524084527888454e+40	2.870150282624963e+40	2.0465553946180627e+40	1.4985704594100265e+40
11182.606298796485	1.2159166319700901e+41	7.23636094544391e+40	5.848932838856894e+40	4.20820463187331e+40	3.2179365199253056e+40	2.1128502269323207e+40	7.188888198482095e+39	3.9217571971695406e+39	1.641910873609452e+39	4.607811691878015e+40	2.9493923494073447e+40	2.1128502269323207e+40	1.55236138602582e+40
11475.252299244681	1.1845139675340506e+41	7.133315436080032e+40	5.830955894934859e+40	4.2401530253417927e+40	3.2623190697900164e+40	2.157428113582406e+40	7.424268951828248e+39	4.066183295831774e+39	1.7091793365090293e+39	4.631245174835318e+40	2.9951288509046322e+40	2.157428113582406e+40	1.591526922069909e+40
11776.567538585747	1.2087825766683835e+41	7.376529121662804e+40	6.082338942050339e+40	4.455254491864714e+40	3.4408590583562876e+40	2.284842260414652e+40	7.908242069050797e+39	4.3391804670618285e+39	1.8271522688399876e+39	4.858292594409252e+40	3.162198291211097e+40	2.284842260414652e+40	1.68914477486045e+40
12086.985011203087	1.2829444141596345e+41	7.850728876368609e+40	6.486043973372876e+40	4.759858387892017e+40	3.680268244915213e+40	2.447232119725743e+40	8.490576550673625e+39	4.66283773708639e+39	1.9652533548352727e+39	5.188138358596547e+40	3.38330460009698e+40	2.447232119725743e+40	1.8106887678917054e+40
12406.99409493254	1.333118661974063e+41	8.128756196492711e+40	6.741423519586275e+40	4.968049751431788e+40	3.8514763578662056e+40	2.569631614986288e+40	8.966343035957676e+39	4.934513398943942e+39	2.084307887933537e+39	5.409487808674652e+40	3.5434031638231226e+40	2.569631614986288e+40	1.9050085950617082e+40
12736.620315927014	1.3979511469877969e+41	8.447787178567301e+40	7.033047500079828e+40	5.205104987551912e+40	4.0460587244658606e+40	2.7083653893583867e+40	9.502574631720362e+39	5.2400096446486395e+39	2.2178520601531978e+39	5.661695581924695e+40	3.7252537153833673e+40	2.7083653893583867e+40	2.011721400708541e+40
13076.341471779757	1.5483697436187732e+41	9.107283156187808e+40	7.543998754068565e+40	5.567485956075655e+40	4.324164264763324e+40	2.893787466794826e+40	1.0164198678599094e+40	5.609212953591653e+39	2.3764395774232507e+39	6.058900428943281e+40	3.980797831233183e+40	2.893787466794826e+40	2.14984522635539e+40
13426.580920042245	1.9341782017547814e+41	1.1017110988401854e+41	8.994146510071972e+40	6.552725386986808e+40	5.053205035936651e+40	3.354254231322459e+40	1.1635054989033366e+40	6.393489948909301e+39	2.697111962219778e+39	7.152186480887629e+40	4.642957954970354e+40	3.354254231322459e+40	2.480753047977192e+40
13787.447932647448	2.4115076279886985e+41	1.2976618655514605e+41	1.0443942804799375e+41	7.523223445739538e+40	5.768078151840002e+40	3.8049637214472234e+40	1.3081371689331511e+40	7.167512626308858e+39	3.015100761507509e+39	8.231990385245407e+40	5.291757172378101e+40	3.8049637214472234e+40	2.8048470992893885e+40
14159.432326174518	3.1775153383344413e+41	1.5937027920484692e+41	1.254452400615276e+41	8.870768867289047e+40	6.736305251129537e+40	4.398246032640122e+40	1.4907521885894673e+40	8.132132169960636e+39	3.406557466890338e+39	9.74651756803634e+40	6.164539718880174e+40	4.398246032640122e+40	3.2249286609577745e+40
14543.217381402601	4.194714584070134e+41	1.966203655935088e+41	1.5192027177143764e+41	1.0570702839155838e+41	7.957173471256968e+40	5.144785850939962e+40	1.718652732203298e+40	9.330295129936813e+39	3.8899283908253563e+39	1.1656976743891319e+41	7.264710619262058e+40	5.144785850939962e+40	3.752398806172069e+40
14939.2454136155	5.793856464292622e+41	2.5283282773553827e+41	1.916625247236552e+41	1.3106212276234528e+41	9.768634428485677e+40	6.243259797682688e+40	2.047384181330118e+40	1.1042475554428756e+40	4.5731456403507876e+39	1.4511468351988698e+41	8.894277230084784e+40	6.243259797682688e+40	4.523869919419838e+40
15348.038514289912	7.974257899495434e+41	3.185910243285688e+41	2.3654985236412276e+41	1.5887205901819083e+41	1.1726747533745505e+41	7.413735928391315e+40	2.392233732088945e+40	1.2833000585051468e+40	5.2863222845555216e+39	1.766256036547162e+41	1.064934028898287e+41	7.413735928391315e+40	5.340481801682374e+40
15769.823619690023	1.0702667693047331e+42	3.9448153797901895e+41	2.881339870778712e+41	1.9071440249033414e+41	1.3964005798169463e+41	8.747591653330732e+40	2.7834791393578686e+40	1.4861083700819733e+40	6.09273416161917e+39	2.1273633066162758e+41	1.2653396906343556e+41	8.747591653330732e+40	6.269654888303035e+40
16205.377328154005	1.3874498551903187e+42	4.752607304838657e+41	3.4271341853785965e+41	2.2426134419369165e+41	1.6316749015727628e+41	1.0148269168978397e+41	3.194077020305548e+40	1.6990186346717997e+40	6.939858697721702e+39	2.5081363928188177e+41	1.4760038328735056e+41	1.0148269168978397e+41	7.244923476981777e+40
16655.2947276037	1.8659680706221005e+42	5.951297568285266e+41	4.226205930164333e+41	2.7271620132960874e+41	1.9686371888195486e+41	1.2132629183240845e+41	3.764120928507184e+40	1.9921902836567345e+40	8.095813166395555e+39	3.059924717574859e+41	1.7769795312873046e+41	1.2132629183240845e+41	8.617357599068096e+40
17120.027669227562	2.3685330828135957e+42	7.061547648602809e+41	4.968469102844391e+41	3.179405317131839e+41	2.284262960601979e+41	1.4000709760003417e+41	4.3061866057235384e+40	2.272152875203154e+40	9.204902239264622e+39	3.5742674047423346e+41	2.05920760737834e+41	1.4000709760003417e+41	9.913589537174657e+40
17600.422980406114	2.9277809980056647e+42	8.16365837031867e+41	5.691068858476953e+41	3.613688152104876e+41	2.5857429900443047e+41	1.57787194071242e+41	4.822531147884986e+40	2.5394343629964742e+40	1.0267339069434144e+40	4.069529673230228e+41	2.32848856831585e+41	1.57787194071242e+41	1.1146521892899323e+41
18097.095866327138	3.616130740762648e+42	9.62309479718959e+41	6.660550380503602e+41	4.200624442493553e+41	2.9937877427125873e+41	1.8182283993681476e+41	5.514298413087633e+40	2.895620459457852e+40	1.1673836543049224e+40	4.738080181081477e+41	2.6929553089764833e+41	1.8182283993681476e+41	1.2809627949375697e+41
18610.603261428987	4.392859847115171e+42	1.1071602497825672e+42	7.609508706141023e+41	4.769947485110026e+41	3.3883383145372893e+41	2.0502644313801016e+41	6.183738110898686e+40	3.2411229893270444e+40	1.3042546944245343e+40	5.387691280824504e+41	3.0451627178400588e+41	2.0502644313801016e+41	1.4415397492508144e+41
19141.815899347373	5.168638957782288e+42	1.2503367343435759e+42	8.554105989011575e+41	5.3405226969757665e+41	3.785325521418171e+41	2.2848285428754803e+41	6.86562016245947e+40	3.594009360393119e+40	1.4444468786255214e+40	6.037690183242729e+41	3.3999339431073687e+41	2.2848285428754803e+41	1.6042992936729766e+41
19691.58029632824	5.979345959161233e+42	1.4097414437127845e+42	9.615170682563027e+41	5.985456973637714e+41	4.235171994280321e+41	2.5511094854739944e+41	7.63992919485801e+40	3.9944567547333134e+40	1.603357130795437e+40	6.771480798553803e+41	3.802159722251177e+41	2.5511094854739944e+41	1.7891544506038954e+41
20260.662211892704	6.905403499311013e+42	1.5711558302976867e+42	1.0674537594551112e+42	6.623551467271731e+41	4.678865223268817e+41	2.8133386526987482e+41	8.404200667590845e+40	4.390583236487718e+40	1.7610215139091214e+40	7.498735254217669e+41	4.198656719579849e+41	2.8133386526987482e+41	1.9712218423514554e+41
20850.162322471522	7.714853783398666e+42	1.7270945805376938e+42	1.1717906046046758e+42	7.262198869825851e+41	5.1266166233935436e+41	3.080270151515808e+41	9.19126793693791e+40	4.799949761241332e+40	1.9244865336700482e+40	8.22403083788217e+41	4.5996351857894424e+41	3.080270151515808e+41	2.1573750805538745e+41
21460.94350712939	8.58946489061625e+42	1.911727803687863e+42	1.2957295433685404e+42	8.021350008430523e+41	5.658469219894483e+41	3.3967302654352193e+41	1.0119243869185555e+41	5.281321588968277e+40	2.1161093804263432e+40	9.0862279785545e+41	5.075764532010283e+41	3.3967302654352193e+41	2.3777140158544387e+41
22093.761807419047	9.326948298152483e+42	2.050583769285162e+42	1.3906088982846702e+42	8.615291315083995e+41	6.080652116207171e+41	3.652657724154248e+41	1.0894813948927558e+41	5.688680580624544e+40	2.2804160072530047e+40	9.757096206926556e+41	5.455315030611076e+41	3.652657724154248e+41	2.5579183885132078e+41
22749.94198945831	9.923230985549237e+42	2.1801738807965507e+42	1.4795617678087596e+42	9.174930987633535e+41	6.479986639097387e+41	3.8961327771749964e+41	1.1641823890295222e+41	6.083131739113689e+40	2.4404621885329576e+40	1.0388380455952288e+42	5.814764338921613e+41	3.8961327771749964e+41	2.730027911456222e+41
23430.538167588584	1.0725565397939605e+43	2.3722989938502018e+42	1.6104399834440737e+42	9.988695934643869e+41	7.055314340289257e+41	4.24227283656703e+41	1.2675734748769652e+41	6.623081841493659e+40	2.6569142812360555e+40	1.1309282510118622e+42	6.331136836419499e+41	4.24227283656703e+41	2.972586101156172e+41
24136.83085451511	1.1083865906285946e+43	2.4893527235302527e+42	1.6955699139504123e+42	1.0549271115222976e+42	7.464395408680486e+41	4.497462231664164e+41	1.3481909532831396e+41	7.052353505525552e+40	2.8324181037524173e+40	1.1935391097742271e+42	6.7014666537196776e+41	4.497462231664164e+41	3.1550328971590346e+41
24870.18386239245	1.1478283846738422e+43	2.6325388819913965e+42	1.7982428576514143e+42	1.1216789337228731e+42	7.948068532810166e+41	4.796748637560142e+41	1.4415765382554847e+41	7.547523206019516e+40	3.0340116384046946e+40	1.268313783275525e+42	7.138479600130754e+41	4.796748637560142e+41	3.3680545326119327e+41
25631.675614580785	1.1579088594116554e+43	2.7092944797082415e+42	1.85910575809595e+42	1.1647699740415933e+42	8.274934724167735e+41	5.0096077822511634e+41	1.5132503401654273e+41	7.937371889087228e+40	3.1967930783783072e+40	1.3156638060652225e+42	7.437454070417409e+41	5.0096077822511634e+41	3.5238140755960585e+41
26423.031727272835	1.1514218770005417e+43	2.7664258285010003e+42	1.9075065714561997e+42	1.2008588751087943e+42	8.556068952840408e+41	5.198047298841797e+41	1.5794005787899935e+41	8.302100972257796e+40	3.3511300794928737e+40	1.3548696230828268e+42	7.69640451778818e+41	5.198047298841797e+41	3.663834127257931e+41
27245.57631797676	1.1403843702333045e+43	2.8555884038615607e+42	1.9813816973890318e+42	1.2542751801719378e+42	8.963719535686218e+41	5.464290622159274e+41	1.6688452118358633e+41	8.787476579570268e+40	3.5531913897334746e+40	1.4133548984426963e+42	8.069663504484885e+41	5.464290622159274e+41	3.858664064546372e+41
28101.17974866821	1.0882886919405738e+43	2.8375303293922434e+42	1.9849816090710377e+42	1.2664010765918485e+42	9.091791822711692e+41	5.572506395414298e+41	1.7169217692570518e+41	9.069078888097217e+40	3.6789087741214477e+40	1.424397637701562e+42	8.195348156322319e+41	5.572506395414298e+41	3.947278956267616e+41
28991.422005581677	1.0414340721832267e+43	2.8561495995781126e+42	2.013550180917228e+42	1.2937069407414238e+42	9.325133407778315e+41	5.74244160822619e+41	1.7826793677450454e+41	9.441796255121577e+40	3.840707472560003e+40	1.4527346003783832e+42	8.414963660946822e+41	5.74244160822619e+41	4.078494872709919e+41
29918.405142129763	9.612825492781393e+42	2.778070983552236e+42	1.9795387699883947e+42	1.2848709943490137e+42	9.31651605612955e+41	5.777532576368597e+41	1.813982514609894e+41	9.646367302134381e+40	3.9401495735624706e+40	1.4393636403829064e+42	8.42101315433197e+41	5.777532576368597e+41	4.119828583216278e+41
30884.018067885558	8.726196187737553e+42	2.6922090196468804e+42	1.9447864792362443e+42	1.2779044565652873e+42	9.329460901420252e+41	5.830845357191191e+41	1.8528330678346867e+41	9.893710356288933e+40	4.0580179321680225e+40	1.4275273293995575e+42	8.448347419006469e+41	5.830845357191191e+41	4.1758033558725086e+41
31890.60348509046	7.746453932043912e+42	2.5530161562876303e+42	1.8702391680033876e+42	1.2453216096386165e+42	9.162029113251662e+41	5.7787432910373676e+41	1.8634201374517813e+41	1.000196935902858e+41	4.1241406387690176e+40	1.3868031147832903e+42	8.314497758901562e+41	5.7787432910373676e+41	4.1600185386448876e+41
32940.42801391238	6.672676833432665e+42	2.329221125512568e+42	1.7379109146731446e+42	1.177609065184575e+42	8.752320269515719e+41	5.5869719295492706e+41	1.8366073724502787e+41	9.925376525165437e+40	4.121036428148498e+40	1.3060262191664946e+42	7.965061104069634e+41	5.5869719295492706e+41	4.0494467842353445e+41
34036.089050287206	5.740361082852951e+42	2.1217965056172725e+42	1.611558372560884e+42	1.1104402115114047e+42	8.334350737929265e+41	5.382953865339419e+41	1.804173863870787e+41	9.819028802178849e+40	4.106676649608345e+40	1.2266928657734103e+42	7.605432556513008e+41	5.382953865339419e+41	3.928065437212788e+41
35180.45202815132	4.842718697938523e+42	1.8647875843333945e+42	1.4468161874653432e+42	1.0180305599243052e+42	7.736339838069824e+41	5.071754422341151e+41	1.7419495145783852e+41	9.56421784522251e+40	4.036463192250731e+40	1.1190312954964521e+42	7.084277915468471e+41	5.071754422341151e+41	3.7328306174333505e+41
36376.447721115874	4.1199105972636873e+42	1.6335358596412344e+42	1.2932748402377494e+42	9.29102447327031e+41	7.150680910102909e+41	4.760954564914022e+41	1.677978532370053e+41	9.299759324524104e+40	3.9629234048978064e+40	1.0161818330684846e+42	6.57148337861679e+41	4.760954564914022e+41	3.5357713019816434e+41
37627.34389662418	3.511696493235168e+42	1.4079692080328207e+42	1.1370524778142097e+42	8.345584584122191e+41	6.509854193216604e+41	4.40713716701258e+41	1.5980262046174983e+41	8.950029337651896e+40	3.8556673865562642e+40	9.080145745083976e+41	6.005527107631491e+41	4.40713716701258e+41	3.305302693280518e+41
38936.72738411163	3.0183006729689674e+42	1.2233798729783737e+42	9.993298463781573e+41	7.452538655059584e+41	5.8824982862174016e+41	4.048329064007638e+41	1.5139845385736189e+41	8.580119560306608e+40	3.741849935862735e+40	8.074213562828576e+41	5.4464436533726074e+41	4.048329064007638e+41	3.0678610957314986e+41
40308.41686830064	2.6339356019914995e+42	1.0842093459683679e+42	8.96965056915704e+41	6.783640170484148e+41	5.4049526379672486e+41	3.766967928742637e+41	1.4439504393337094e+41	8.266444570941701e+40	3.6449047582263986e+40	7.32379342872174e+41	5.018308174992026e+41	3.766967928742637e+41	2.8777513241542334e+41
41746.611442617475	2.3214583004668827e+42	9.622899987559824e+41	8.051791411142e+41	6.175571791480943e+41	4.9683825621470755e+41	3.5081203806348494e+41	1.3788769703884236e+41	7.97506347220716e+40	3.555793884481878e+40	6.643411833480468e+41	4.626337922332513e+41	3.5081203806348494e+41	2.702182886760296e+41
43255.89983734428	2.0578058590955244e+42	8.695983314175988e+41	7.313083197972177e+41	5.648356529064298e+41	4.570248403395169e+41	3.2559619579283324e+41	1.3069231358034907e+41	7.633252384714442e+40	3.4420271995402234e+40	6.064596654067928e+41	4.263532996505368e+41	3.2559619579283324e+41	2.5240007694098718e+41
44841.25498862656	1.8338175742960494e+42	7.968966259458723e+41	6.753635878201783e+41	5.259200122907308e+41	4.279555529793372e+41	3.0734053778949434e+41	1.2555158967033459e+41	7.393636026802335e+40	3.366601057378854e+40	5.6350829124492824e+41	3.999273562075696e+41	3.0734053778949434e+41	2.3954156474923786e+41
46508.130166675	1.6502411360656545e+42	7.35792903009594e+41	6.280744570042383e+41	4.93195786322698e+41	4.03899763798396e+41	2.928260602861592e+41	1.220315576466923e+41	7.24772212460194e+40	3.331643004465062e+40	5.272757216249089e+41	3.782119823600795e+41	2.928260602861592e+41	2.296884993089883e+41
48262.495669607546	1.4881359207647013e+42	6.718000818696148e+41	5.805244387309454e+41	4.617685737491767e+41	3.815575985743562e+41	2.8011003692690813e+41	1.1960248309936263e+41	7.170560862197552e+40	3.3285781734874615e+40	4.920733313364795e+41	3.582683305559233e+41	2.8011003692690813e+41	2.214946038512059e+41
50110.90076095737	1.356422578810933e+42	6.2672833225602834e+41	5.432475001890447e+41	4.331744110155574e+41	3.5890631618261946e+41	2.6507904454976933e+41	1.1534443433091727e+41	6.981128359313162e+40	3.2759731531230514e+40	4.6127240868551906e+41	3.3736771628755084e+41	2.6507904454976933e+41	2.1072088459543074e+41
52060.54917187003	1.2298161978063337e+42	5.868415263864672e+41	5.1146083196144216e+41	4.085086346518912e+41	3.3874755168068938e+41	2.5093945584075412e+41	1.1084784016410204e+41	6.770533387625479e+40	3.2125494769753545e+40	4.349049426556839e+41	3.185533178328047e+41	2.5093945584075412e+41	2.001957065779358e+41
54119.36517218411	1.1118100711905371e+42	5.468902623019398e+41	4.828276791187848e+41	3.8871513523345284e+41	3.2337053482503046e+41	2.40539279959796e+41	1.0781622245953259e+41	6.646138937813009e+40	3.1894420366895726e+40	4.132046516535534e+41	3.0435295755472974e+41	2.40539279959796e+41	1.92578456826538e+41
56296.101352830956	1.0035784065992115e+42	5.0881092812232724e+41	4.56288360523431e+41	3.70760636917386e+41	3.0917698263427476e+41	2.301463813614563e+41	1.0351052067746432e+41	6.412393415177778e+40	3.1030112692551204e+40	3.934923209541081e+41	2.9108769903056848e+41	2.301463813614563e+41	1.8430055859366327e+41
58600.44140166966	9.044830239408374e+41	4.691546126571555e+41	4.2858248577710795e+41	3.5327951315825414e+41	2.9639388053778827e+41	2.216406325850594e+41	1.0013258415733195e+41	6.224701079541097e+40	3.031720014208118e+40	3.738245380247746e+41	2.794221593233657e+41	2.216406325850594e+41	1.777640467245405e+41
61043.12522974988	8.137478352129761e+41	4.291998419873264e+41	3.996346401946159e+41	3.348137560894489e+41	2.8323925856263413e+41	2.1357605619946603e+41	9.753328067985163e+40	6.091175959707386e+40	2.986741744221205e+40	3.5300669274162594e+41	2.6758353877366488e+41	2.1357605619946603e+41	1.7198065288290277e+41
63636.09444861989	7.307216893789645e+41	3.90242353973558e+41	3.705327548655626e+41	3.1564471864808687e+41	2.694005578730851e+41	2.051371615893162e+41	9.506988765001719e+40	5.972151973170648e+40	2.9503840672833057e+40	3.3155201082760047e+41	2.551104136684914e+41	2.051371615893162e+41	1.660549335620817e+41
66392.66229689404	6.522775254125367e+41	3.4982641325412186e+41	3.4215088319796223e+41	2.9895647627968394e+41	2.585339966364677e+41	1.996152339783359e+41	9.421530128035194e+40	5.951381945907137e+40	2.9579712131164685e+40	3.122508045624481e+41	2.4565845360030427e+41	1.996152339783359e+41	1.627259187644013e+41
69327.71172889006	5.833990993615743e+41	3.1043122792583654e+41	3.1354608366355277e+41	2.819963784514387e+41	2.477982283149404e+41	1.948469840827484e+41	9.447606099108415e+40	6.016011601307719e+40	3.0116983588258713e+40	2.92592029607786e+41	2.3648037027957034e+41	1.948469840827484e+41	1.6043413127682266e+41
72457.96863294068	5.2040674923905896e+41	2.720885457742888e+41	2.845831178948e+41	2.6385867173033136e+41	2.3565986709972016e+41	1.8872230901601785e+41	9.425001719178903e+40	6.065041671025441e+40	3.0670706737331453e+40	2.719009259175279e+41	2.2587622608715314e+41	1.8872230901601785e+41	1.5699983205246658e+41
75802.1979846849	4.618939144510631e+41	2.3184508623148453e+41	2.540985787241844e+41	2.4565143947473638e+41	2.242768127512797e+41	1.8385485324119365e+41	9.493073796490236e+40	6.176727170871166e+40	3.1560657373660473e+40	2.5076429767143177e+41	2.162007302929409e+41	1.8385485324119365e+41	1.5482692621737258e+41
79381.57341287532	4.098511789943121e+41	1.9620614945207687e+41	2.2420094723066348e+41	2.248763108699781e+41	2.09357830481471e+41	1.7535357339758165e+41	9.383524456230016e+40	6.195917573864084e+40	3.215519867663792e+40	2.2765871780075828e+41	2.0286310201048035e+41	1.7535357339758165e+41	1.4945079139028626e+41
83220.06535095522	3.610994172155616e+41	1.6028570206172682e+41	1.9348664241184684e+41	2.039882683273897e+41	1.9492540304174765e+41	1.6762612470944365e+41	9.259237740474037e+40	6.175372925345295e+40	3.240591843674926e+40	2.0419907952711905e+41	1.9013943180509367e+41	1.6762612470944365e+41	1.4466182362352151e+41
87344.91535043667	3.1699670815392573e+41	1.2717653116890929e+41	1.6297440312038163e+41	1.8167929882960928e+41	1.7890074794955117e+41	1.5872650817404508e+41	9.103372863868238e+40	6.135763917386439e+40	3.2543803478435174e+40	1.795590161811454e+41	1.7587424766566203e+41	1.5872650817404508e+41	1.3906049113195745e+41
91787.19790237825	2.7676785974677045e+41	9.95023280531612e+40	1.3497350618677162e+41	1.5863361408571808e+41	1.607447862684281e+41	1.4697191226753235e+41	8.746514167254374e+40	5.960089673389014e+40	3.199308167938685e+40	1.5489314797096775e+41	1.5921089489753544e+41	1.4697191226753235e+41	1.3066395172688188e+41
96582.51011113661	2.400224389470085e+41	7.365210343671388e+40	1.0703052767485507e+41	1.3465025049378585e+41	1.4180538252349546e+41	1.3520792688529751e+41	8.471566039418131e+40	5.847702931079961e+40	3.1766890931246365e+40	1.2939510397476902e+41	1.4190383206008505e+41	1.3520792688529751e+41	1.227390660497457e+41
101771.80968961987	2.0686719403026017e+41	5.115416560153171e+40	8.042982642367507e+40	1.0992206095499102e+41	1.2159079889567695e+41	1.22574633483673e+41	8.252635144993853e+40	5.793535397018106e+40	3.1882816175406786e+40	1.03557603436431e+41	1.2331813643632242e+41	1.22574633483673e+41	1.1452329430253729e+41
107402.43905705004	1.7696433348532977e+41	3.468085518690406e+40	5.879749342510405e+40	8.70595669239716e+40	1.0106271342483241e+41	1.077459955934269e+41	7.835316141612368e+40	5.612361200721852e+40	3.140319576533978e+40	8.045090325107781e+40	1.0387361330669814e+41	1.077459955934269e+41	1.0372161983710992e+41
113529.39623846022	1.501924727244472e+41	2.2424477411838583e+40	4.104713062599389e+40	6.620227666828041e+40	8.103741864406884e+40	9.202834279522948e+40	7.335606173895358e+40	5.389722958699609e+40	3.079449325892403e+40	5.991142176243894e+40	8.453826159230665e+40	9.202834279522948e+40	9.17188595825417e+40
120216.91832780621	1.2644208032424535e+41	1.3521374105434243e+40	2.669367168578379e+40	4.737044673386977e+40	6.174924236253355e+40	7.578614642539385e+40	6.8078088105544e+40	5.180277023908723e+40	3.045221061079978e+40	4.184749754402841e+40	6.558703071077829e+40	7.578614642539385e+40	7.893297052305894e+40
127540.46483520188	1.0546747873522608e+41	7.830790388874589e+39	1.6452721119744835e+40	3.208385174598291e+40	4.469398271173834e+40	5.972107782564231e+40	6.157163636991523e+40	4.891741399133031e+40	2.982770954545246e+40	2.765125119998748e+40	4.840356789812426e+40	5.972107782564231e+40	6.536454710720161e+40
135589.22774920127	8.713559770325787e+40	4.433022691454996e+39	9.648717692962978e+39	2.0501914242965538e+40	3.0571891261625327e+40	4.477461920010346e+40	5.400388242553517e+40	4.520189578275989e+40	2.8867308975736524e+40	1.7248311258454782e+40	3.3798365779985264e+40	4.477461920010346e+40	5.179003977292154e+40
144469.33806092938	7.126911939703392e+40	2.5356054731017985e+39	5.453737192892325e+39	1.235416449567006e+40	1.967509697857176e+40	3.173638463422665e+40	4.566412223582174e+40	4.0663909313057836e+40	2.750395681192728e+40	1.0176055570455258e+40	2.2215103107342924e+40	3.173638463422665e+40	3.9007535872225295e+40
154307.99941561872	5.767768517999951e+40	1.535518325246655e+39	3.056836113446958e+39	7.064174179495483e+39	1.18919829981273e+40	2.1133993542392544e+40	3.6972135001887677e+40	3.53990989115581e+40	2.567978682708568e+40	5.739437554771321e+39	1.369970561841119e+40	2.1133993542392544e+40	2.7731477792676936e+40
165258.87440766965	4.61079564814294e+40	1.0434529374953712e+39	1.8670502488342924e+39	4.216863811884554e+39	7.337602929345709e+39	1.4023375401127002e+40	2.8740903488385104e+40	2.92413461109103e+40	2.2545354328953507e+40	3.412574846779741e+39	8.574516672576619e+39	1.4023375401127002e+40	1.9384106741030326e+40
177509.18486816046	3.648556847139464e+40	7.673625261780173e+38	1.2048421012496697e+39	2.4933021639549845e+39	4.3662283892406594e+39	8.873491616876078e+39	2.1535491954315613e+40	2.346343885385404e+40	1.9395652257077413e+40	2.0396567570069372e+39	5.152408141097885e+39	8.873491616876078e+39	1.2934147722818134e+40
191289.1896727069	2.852051692503559e+40	5.984192400377308e+38	8.414237146043481e+38	1.5110974157767328e+39	2.5480285827614186e+39	5.3499364900605245e+39	1.5435453897618208e+40	1.8166098453110892e+40	1.6268046910685825e+40	1.2727729519303176e+39	3.007540338605355e+39	5.3499364900605245e+39	8.19211286251655e+39
206885.00558895717	2.2009676546461923e+40	4.8016303341792344e+38	6.319583195553968e+38	9.777800445965102e+38	1.511279663296369e+39	3.1059762666762536e+39	1.0515270503408755e+40	1.3485765559156423e+40	1.3238374234497008e+40	8.577593880909105e+38	1.7575327379077778e+39	3.1059762666762536e+39	4.927278160498732e+39
224656.21800946962	1.6757855631517125e+40	3.874292365361309e+38	4.956938819572786e+38	6.883137100154039e+38	9.52495038876447e+38	1.783479349245886e+39	6.769515362063451e+39	9.531059406421735e+39	1.0389957902756173e+40	6.2617419092120246e+38	1.0750344422609579e+39	1.783479349245886e+39	2.841974218546049e+39
245060.47446408964	1.258024456783402e+40	3.1050579561915813e+38	3.943406130633083e+38	5.180473575644296e+38	6.545020661891988e+38	1.0594430433914239e+39	4.107151406808828e+39	6.365280118039706e+39	7.807862641253527e+39	4.817084142146343e+38	7.140001980675322e+38	1.0594430433914239e+39	1.6146712010529103e+39
268688.4676871124	9.305275446522922e+39	2.457440642862469e+38	3.1247263838141386e+38	4.025867510079408e+38	4.835250391259684e+38	6.806996653118235e+38	2.3614488635628227e+39	3.992006851386178e+39	5.570432385957199e+39	3.7776258146929875e+38	5.146933678201887e+38	6.806996653118235e+38	9.470005563274425e+38
296314.7300808311	6.776791139894559e+39	1.913794273589374e+38	2.4443816439816505e+38	3.1407316888941632e+38	3.701213836190349e+38	4.773136680650941e+38	1.3165692022990177e+39	2.3484301553154852e+39	3.737845452078715e+39	2.9537497813446114e+38	3.893938860324881e+38	4.773136680650941e+38	6.0119057583764764e+38
328973.1071550284	4.8554623500946435e+39	1.4616139516570402e+38	1.8785618446673377e+38	2.4219622759472246e+38	2.8441801637303985e+38	3.537254067577447e+38	7.465775172231815e+38	1.3119274696301324e+39	2.3391876244704434e+39	2.276967520683903e+38	2.981788149119396e+38	3.537254067577447e+38	4.169341261359164e+38
368071.8656781897	3.419461998896006e+39	1.0902268438920253e+38	1.4124969510772197e+38	1.8317395358152573e+38	2.1555738253167215e+38	2.6596643910260588e+38	4.55602635099147e+38	7.225532571118592e+38	1.3616820809072162e+39	1.7199395076134287e+38	2.2596728506723204e+38	2.6596643910260588e+38	3.0496448199949958e+38
415574.5550188334	2.36445147516237e+39	7.900812808135683e+37	1.0341589147645272e+38	1.3512316773111488e+38	1.5965597568419106e+38	1.9755417865446183e+38	3.0448577206576886e+38	4.173232362955892e+38	7.477799751386384e+38	1.2666327586126544e+38	1.6754057177678194e+38	1.9755417865446183e+38	2.252783570598837e+38
474294.0911807808	1.6029641370425308e+39	5.5247214872126525e+37	7.328425791152479e+37	9.666187594746978e+37	1.1479916086937146e+38	1.4296233817090864e+38	2.144593260569274e+38	2.639352972052107e+38	4.056274786012108e+38	9.042216090880263e+37	1.20645743692528e+38	1.4296233817090864e+38	1.6347122706985938e+38
548390.4127798356	1.0557675491315911e+39	3.6932572565614237e+37	4.986866331064006e+37	6.657945032150496e+37	7.956559936652442e+37	9.98855108400096e+37	1.5119207415977026e+38	1.7851335130427283e+38	2.317256454612476e+38	6.212063203646791e+37	8.37656951609063e+37	9.98855108400096e+37	1.1482410644456413e+38
634070.3585130821	6.944193871853081e+38	2.214672449201114e+37	3.091318804424317e+37	4.2194964692162146e+37	5.095320389608178e+37	6.477856469650715e+37	1.0099833028516045e+38	1.1995646132354996e+38	1.4452568277532736e+38	3.918976340657736e+37	5.379450698591762e+37	6.477856469650715e+37	7.511252902217163e+37
733145.3621871936	4.6191266610595424e+38	1.286169095061363e+37	1.875212529236558e+37	2.6352783673481983e+37	3.223097117558163e+37	4.1537784922815073e+37	6.676144287010758e+37	8.068446192267499e+37	9.743400669846704e+37	2.4331935270086863e+37	3.413788759059632e+37	4.1537784922815073e+37	4.85777529511979e+37
847710.4766838942	3.1039178841086885e+38	7.155587871336844e+36	1.1041408182199713e+37	1.613636399835363e+37	2.0068474694208796e+37	2.628218382871615e+37	4.353817118574269e+37	5.360854831111735e+37	6.645471372458993e+37	1.4781195191131092e+37	2.134137292605079e+37	2.628218382871615e+37	3.101074239489341e+37
980188.448822159	2.10415955372307e+38	3.7775338201687364e+36	6.264485115604214e+36	9.643463465457862e+36	1.2266382793048357e+37	1.6396004833443172e+37	2.801300584270612e+37	3.5116236577621004e+37	4.483660755636757e+37	8.739713769102844e+36	1.3113834322746442e+37	1.6396004833443172e+37	1.9539343366450392e+37
1133380.9729970088	1.436917363357288e+38	1.8719039290269667e+36	3.3947462690597086e+36	5.59054184133332e+36	7.329541740599556e+36	1.0067419685351115e+37	1.779141607217551e+37	2.2680873827699486e+37	2.9798675124549235e+37	4.9954443815515594e+36	7.892321522117725e+36	1.0067419685351115e+37	1.2144602345751308e+37
1310527.961443587	9.870769163629184e+37	8.602478856477358e+35	1.739220201512019e+36	3.119662200268796e+36	4.2567697161857784e+36	6.065531890329145e+36	1.1158958646380154e+37	1.4453775665472963e+37	1.9502938125092676e+37	2.7370815588162124e+36	4.6280318997891453e+36	6.065531890329145e+36	7.434810627474895e+36
1515376.0850047711	6.811909921680063e+37	3.6177218871063955e+35	8.32764076483531e+35	1.6602001372012588e+36	2.3849515549780073e+36	3.569105180368094e+36	6.912147686823094e+36	9.095258616137734e+36	1.2578015111810887e+37	1.4234470585051636e+36	2.626120589273209e+36	3.569105180368094e+36	4.4701983342603745e+36
1752258.034395966	4.717255003626228e+37	1.3719852161936644e+35	3.6792389865615886e+35	8.33606241591784e+35	1.2774073854860611e+36	2.0380005322619535e+36	4.225094302509147e+36	5.654747125879178e+36	8.001044660948423e+36	6.947789942678332e+35	1.4297160884999943e+36	2.0380005322619535e+36	2.6278903735790836e+36
2026184.1787520116	3.274873618709301e+37	4.617057979460276e+34	1.4789668328441257e+35	3.9020143606593125e+35	6.4721013845817845e+35	1.1201357939072194e+36	2.5434838505986435e+36	3.4737114759262304e+36	5.025173112716279e+36	3.143128044965617e+35	7.393106826053741e+35	1.1201357939072194e+36	1.5010608989078883e+36
2342948.560505299	2.2774211291631246e+37	1.3544703251071057e+34	5.326337069376329e+34	1.680272536129416e+35	3.0652248978208722e+35	5.8685419815767815e+35	1.5026486627087393e+36	2.1066023111764194e+36	3.1189552321678765e+36	1.2998727249777707e+35	3.589799816815728e+35	5.8685419815767815e+35	8.264625400009411e+35
2709251.4689293522	1.5854942601333474e+37	3.396540745625784e+33	1.6897310201650208e+34	6.560179524500749e+34	1.339276360177639e+35	2.8982074044689878e+35	8.666071176900305e+35	1.2584923006543693e+36	1.9139454031194524e+36	4.840676412304437e+34	1.6160291243686023e+35	2.8982074044689878e+35	4.344037868695635e+35
3132841.1854042946	1.1044563334667932e+37	7.123813124698635e+32	4.634782383986133e+33	2.2855084829429654e+34	5.321251452191427e+34	1.3324442337254047e+35	4.84424520747218e+35	7.378563590640833e+35	1.160932345048651e+36	1.596592700910951e+34	6.651104289828474e+34	1.3324442337254047e+35	2.1556791737328298e+35
3622677.8990392876	7.695496217573247e+36	1.2197470625051616e+32	1.0767532144948944e+33	6.982320096915272e+33	1.8925971861106965e+34	5.625132529209895e+34	2.6013987193527908e+35	4.222136592733096e+35	6.951247353021627e+35	4.5800812760946347e+33	2.4647465043812434e+34	5.625132529209895e+34	9.974655617229476e+34
4189123.2603021846	5.361832869280183e+36	1.659320069959514e+31	2.0708643008920392e+32	1.8349529852531346e+33	5.922749069442632e+33	2.148221084728152e+34	1.3280427792804325e+35	2.3404960954384478e+35	4.0971944614480226e+35	1.1200612467108446e+33	8.087912280055456e+33	2.148221084728152e+34	4.245248774662654e+34
