#t	Le	U	B	V	R	I	J	H	K	g	r	i	z
#----------------------------------------------- 
3.222521072820162	0.0	0.0	0.0	0.0	0.0	0.0	0.0	0.0	0.0	0.0	0.0	0.0	0.0
3.3005802423867854	0.0	0.0	0.0	0.0	0.0	0.0	0.0	0.0	0.0	0.0	0.0	0.0	0.0
3.4565446162452567	0.0	0.0	0.0	0.0	0.0	0.0	0.0	0.0	0.0	0.0	0.0	0.0	0.0
3.640665724340218	0.0	0.0	0.0	0.0	0.0	0.0	0.0	0.0	0.0	0.0	0.0	0.0	0.0
3.842328457295795	0.0	0.0	0.0	0.0	0.0	0.0	0.0	0.0	0.0	0.0	0.0	0.0	0.0
4.060062385324716	0.0	0.0	0.0	0.0	0.0	0.0	0.0	0.0	0.0	0.0	0.0	0.0	0.0
4.2941489628491265	0.0	0.0	0.0	0.0	0.0	0.0	0.0	0.0	0.0	0.0	0.0	0.0	0.0
4.545387693212438	0.0	0.0	0.0	0.0	0.0	0.0	0.0	0.0	0.0	0.0	0.0	0.0	0.0
4.814800915187531	0.0	0.0	0.0	0.0	0.0	0.0	0.0	0.0	0.0	0.0	0.0	0.0	0.0
5.103540979097125	0.0	0.0	0.0	0.0	0.0	0.0	0.0	0.0	0.0	0.0	0.0	0.0	0.0
5.41285497936569	0.0	0.0	0.0	0.0	0.0	0.0	0.0	0.0	0.0	0.0	0.0	0.0	0.0
5.744069210896649	0.0	0.0	0.0	0.0	0.0	0.0	0.0	0.0	0.0	0.0	0.0	0.0	0.0
6.0985812534703125	0.0	0.0	0.0	0.0	0.0	0.0	0.0	0.0	0.0	0.0	0.0	0.0	0.0
6.47785518968431	0.0	0.0	0.0	0.0	0.0	0.0	0.0	0.0	0.0	0.0	0.0	0.0	0.0
6.8834180783436505	0.0	0.0	0.0	0.0	0.0	0.0	0.0	0.0	0.0	0.0	0.0	0.0	0.0
7.316856821246074	0.0	0.0	0.0	0.0	0.0	0.0	0.0	0.0	0.0	0.0	0.0	0.0	0.0
7.779814998766261	0.0	0.0	0.0	0.0	0.0	0.0	0.0	0.0	0.0	0.0	0.0	0.0	0.0
8.27398945782942	0.0	0.0	0.0	0.0	0.0	0.0	0.0	0.0	0.0	0.0	0.0	0.0	0.0
8.801126546532485	0.0	0.0	0.0	0.0	0.0	0.0	0.0	0.0	0.0	0.0	0.0	0.0	0.0
9.363017955859933	0.0	0.0	0.0	0.0	0.0	0.0	0.0	0.0	0.0	0.0	0.0	0.0	0.0
9.96149617428261	0.0	0.0	0.0	0.0	0.0	0.0	0.0	0.0	0.0	0.0	0.0	0.0	0.0
10.598429594476109	0.0	0.0	0.0	0.0	0.0	0.0	0.0	0.0	0.0	0.0	0.0	0.0	0.0
11.27571733807982	0.0	0.0	0.0	0.0	0.0	0.0	0.0	0.0	0.0	0.0	0.0	0.0	0.0
11.995283884856061	0.0	0.0	0.0	0.0	0.0	0.0	0.0	0.0	0.0	0.0	0.0	0.0	0.0
12.759073608014264	0.0	0.0	0.0	0.0	0.0	0.0	0.0	0.0	0.0	0.0	0.0	0.0	0.0
13.56904532681692	0.0	0.0	0.0	0.0	0.0	0.0	0.0	0.0	0.0	0.0	0.0	0.0	0.0
14.427166991690022	0.0	0.0	0.0	0.0	0.0	0.0	0.0	0.0	0.0	0.0	0.0	0.0	0.0
15.335410615022221	0.0	0.0	0.0	0.0	0.0	0.0	0.0	0.0	0.0	0.0	0.0	0.0	0.0
16.295747553718126	0.0	0.0	0.0	0.0	0.0	0.0	0.0	0.0	0.0	0.0	0.0	0.0	0.0
17.310144237605524	0.0	0.0	0.0	0.0	0.0	0.0	0.0	0.0	0.0	0.0	0.0	0.0	0.0
18.380558421978517	0.0	0.0	0.0	0.0	0.0	0.0	0.0	0.0	0.0	0.0	0.0	0.0	0.0
19.508936024118096	0.0	0.0	0.0	0.0	0.0	0.0	0.0	0.0	0.0	0.0	0.0	0.0	0.0
20.69720858349123	0.0	0.0	0.0	0.0	0.0	0.0	0.0	0.0	0.0	0.0	0.0	0.0	0.0
21.947291365039874	0.0	0.0	0.0	0.0	0.0	0.0	0.0	0.0	0.0	0.0	0.0	0.0	0.0
23.261082105345547	0.0	0.0	0.0	0.0	0.0	0.0	0.0	0.0	0.0	0.0	0.0	0.0	0.0
24.640460383649362	0.0	0.0	0.0	0.0	0.0	0.0	0.0	0.0	0.0	0.0	0.0	0.0	0.0
26.08728758421193	0.0	0.0	0.0	0.0	0.0	0.0	0.0	0.0	0.0	0.0	0.0	0.0	0.0
27.603407404176764	0.0	0.0	0.0	0.0	0.0	0.0	0.0	0.0	0.0	0.0	0.0	0.0	0.0
29.190646851676735	0.0	0.0	0.0	0.0	0.0	0.0	0.0	0.0	0.0	0.0	0.0	0.0	0.0
30.850817672836797	0.0	0.0	0.0	0.0	0.0	0.0	0.0	0.0	0.0	0.0	0.0	0.0	0.0
32.58571814323111	0.0	0.0	0.0	0.0	0.0	0.0	0.0	0.0	0.0	0.0	0.0	0.0	0.0
34.39713515870745	0.0	0.0	0.0	0.0	0.0	0.0	0.0	0.0	0.0	0.0	0.0	0.0	0.0
36.28684656252569	0.0	0.0	0.0	0.0	0.0	0.0	0.0	0.0	0.0	0.0	0.0	0.0	0.0
38.2566236490036	0.0	0.0	0.0	0.0	0.0	0.0	0.0	0.0	0.0	0.0	0.0	0.0	0.0
40.30823378896529	0.0	0.0	0.0	0.0	0.0	0.0	0.0	0.0	0.0	0.0	0.0	0.0	0.0
42.44344312796508	0.0	0.0	0.0	0.0	0.0	0.0	0.0	0.0	0.0	0.0	0.0	0.0	0.0
44.664019314553286	0.0	0.0	0.0	0.0	0.0	0.0	0.0	0.0	0.0	0.0	0.0	0.0	0.0
46.97173422232222	0.0	0.0	0.0	0.0	0.0	0.0	0.0	0.0	0.0	0.0	0.0	0.0	0.0
49.36836663581427	0.0	0.0	0.0	0.0	0.0	0.0	0.0	0.0	0.0	0.0	0.0	0.0	0.0
51.85570487649092	0.0	0.0	0.0	0.0	0.0	0.0	0.0	0.0	0.0	0.0	0.0	0.0	0.0
54.435549350419095	0.0	0.0	0.0	0.0	0.0	0.0	0.0	0.0	0.0	0.0	0.0	0.0	0.0
57.109715006837526	0.0	0.0	0.0	0.0	0.0	0.0	0.0	0.0	0.0	0.0	0.0	0.0	0.0
59.88003371783743	0.0	0.0	0.0	0.0	0.0	0.0	0.0	0.0	0.0	0.0	0.0	0.0	0.0
62.748356516112224	0.0	0.0	0.0	0.0	0.0	0.0	0.0	0.0	0.0	0.0	0.0	0.0	0.0
65.71655574429056	0.0	0.0	0.0	0.0	0.0	0.0	0.0	0.0	0.0	0.0	0.0	0.0	0.0
68.78652709419082	0.0	0.0	0.0	0.0	0.0	0.0	0.0	0.0	0.0	0.0	0.0	0.0	0.0
71.96019153944519	0.0	0.0	0.0	0.0	0.0	0.0	0.0	0.0	0.0	0.0	0.0	0.0	0.0
75.23949716585066	0.0	0.0	0.0	0.0	0.0	0.0	0.0	0.0	0.0	0.0	0.0	0.0	0.0
78.6264209052223	0.0	0.0	0.0	0.0	0.0	0.0	0.0	0.0	0.0	0.0	0.0	0.0	0.0
82.12297017953772	0.0	0.0	0.0	0.0	0.0	0.0	0.0	0.0	0.0	0.0	0.0	0.0	0.0
85.731184462069	0.0	0.0	0.0	0.0	0.0	0.0	0.0	0.0	0.0	0.0	0.0	0.0	0.0
89.45313676054775	0.0	0.0	0.0	0.0	0.0	0.0	0.0	0.0	0.0	0.0	0.0	0.0	0.0
93.29093501836674	0.0	0.0	0.0	0.0	0.0	0.0	0.0	0.0	0.0	0.0	0.0	0.0	0.0
97.24672344118102	0.0	0.0	0.0	0.0	0.0	0.0	0.0	0.0	0.0	0.0	0.0	0.0	0.0
101.32268378670962	0.0	0.0	0.0	0.0	0.0	0.0	0.0	0.0	0.0	0.0	0.0	0.0	0.0
105.52103661510996	0.0	0.0	0.0	0.0	0.0	0.0	0.0	0.0	0.0	0.0	0.0	0.0	0.0
109.84404250341733	0.0	0.0	0.0	0.0	0.0	0.0	0.0	0.0	0.0	0.0	0.0	0.0	0.0
114.29400322404348	0.0	0.0	0.0	0.0	0.0	0.0	0.0	0.0	0.0	0.0	0.0	0.0	0.0
118.87326289090564	0.0	0.0	0.0	0.0	0.0	0.0	0.0	0.0	0.0	0.0	0.0	0.0	0.0
123.58420907125935	0.0	0.0	0.0	0.0	0.0	0.0	0.0	0.0	0.0	0.0	0.0	0.0	0.0
128.429273873665	0.0	0.0	0.0	0.0	0.0	0.0	0.0	0.0	0.0	0.0	0.0	0.0	0.0
133.41093501935697	0.0	0.0	0.0	0.0	0.0	0.0	0.0	0.0	0.0	0.0	0.0	0.0	0.0
138.53171689995193	0.0	0.0	0.0	0.0	0.0	0.0	0.0	0.0	0.0	0.0	0.0	0.0	0.0
143.7941916278705	0.0	0.0	0.0	0.0	0.0	0.0	0.0	0.0	0.0	0.0	0.0	0.0	0.0
149.20098008076113	0.0	0.0	0.0	0.0	0.0	0.0	0.0	0.0	0.0	0.0	0.0	0.0	0.0
154.75475294880266	0.0	0.0	0.0	0.0	0.0	0.0	0.0	0.0	0.0	0.0	0.0	0.0	0.0
160.4582317782502	0.0	0.0	0.0	0.0	0.0	0.0	0.0	0.0	0.0	0.0	0.0	0.0	0.0
166.31419001707636	0.0	0.0	0.0	0.0	0.0	0.0	0.0	0.0	0.0	0.0	0.0	0.0	0.0
172.32545407240673	0.0	0.0	0.0	0.0	0.0	0.0	0.0	0.0	0.0	0.0	0.0	0.0	0.0
178.4949043663342	0.0	0.0	0.0	0.0	0.0	0.0	0.0	0.0	0.0	0.0	0.0	0.0	0.0
184.82547641108513	0.0	0.0	0.0	0.0	0.0	0.0	0.0	0.0	0.0	0.0	0.0	0.0	0.0
191.320161900083	0.0	0.0	0.0	0.0	0.0	0.0	0.0	0.0	0.0	0.0	0.0	0.0	0.0
197.98200980460044	0.0	0.0	0.0	0.0	0.0	0.0	0.0	0.0	0.0	0.0	0.0	0.0	0.0
204.81412749651193	0.0	0.0	0.0	0.0	0.0	0.0	0.0	0.0	0.0	0.0	0.0	0.0	0.0
211.81968188413737	0.0	0.0	0.0	0.0	0.0	0.0	0.0	0.0	0.0	0.0	0.0	0.0	0.0
219.0019005721273	0.0	0.0	0.0	0.0	0.0	0.0	0.0	0.0	0.0	0.0	0.0	0.0	0.0
226.36407303562166	0.0	0.0	0.0	0.0	0.0	0.0	0.0	0.0	0.0	0.0	0.0	0.0	0.0
233.9095518212025	0.0	0.0	0.0	0.0	0.0	0.0	0.0	0.0	0.0	0.0	0.0	0.0	0.0
241.6417537716175	0.0	0.0	0.0	0.0	0.0	0.0	0.0	0.0	0.0	0.0	0.0	0.0	0.0
249.56416127966216	0.0	0.0	0.0	0.0	0.0	0.0	0.0	0.0	0.0	0.0	0.0	0.0	0.0
257.68032357085883	0.0	0.0	0.0	0.0	0.0	0.0	0.0	0.0	0.0	0.0	0.0	0.0	0.0
265.9938580077033	0.0	0.0	0.0	0.0	0.0	0.0	0.0	0.0	0.0	0.0	0.0	0.0	0.0
274.5084514034594	0.0	0.0	0.0	0.0	0.0	0.0	0.0	0.0	0.0	0.0	0.0	0.0	0.0
283.2278613908771	0.0	0.0	0.0	0.0	0.0	0.0	0.0	0.0	0.0	0.0	0.0	0.0	0.0
292.1559178227059	1.0304672545123455e+30	2.220162647141435e+26	1.2290186939674665e+26	6.352968500996405e+25	4.053709275317073e+25	2.1687382080432117e+25	5.398288373378681e+24	2.6456530933743284e+24	9.94055272283092e+23	7.5006446367137425e+25	3.5383790186782503e+25	2.1687382080432117e+25	1.4238971742116201e+25
301.29652420273925	9.444980206902548e+30	2.169451488358964e+27	1.2012326146220227e+27	6.210661415954471e+26	3.963378460950023e+26	2.1207034839290352e+26	5.2798755715244145e+25	2.5878208753715417e+25	9.724038078582405e+24	7.33226985694387e+26	3.459644212626066e+26	2.1207034839290352e+26	1.392467369911858e+26
310.65365915424655	6.539916746411329e+31	1.6008742396646354e+28	8.866243213561284e+27	4.585054268558229e+27	2.9263404005009886e+27	1.566030188717248e+27	3.899781207082457e+26	1.911547235268776e+26	7.183446366948004e+25	5.412817741728715e+27	2.5544953516818e+27	1.566030188717248e+27	1.0283462062757061e+27
320.23137791570065	4.1013901715900256e+32	1.0311645483906181e+29	5.711567394101516e+28	2.9539306283303414e+28	1.8853983567090777e+28	1.009030703122821e+28	2.512960144937149e+27	1.2318136389140845e+27	4.629221029509231e+26	3.487144738779694e+28	1.645847272336779e+28	1.009030703122821e+28	6.626102741286548e+27
330.03381389197	2.355657234499245e+33	5.922761173930336e+29	3.280586892678164e+29	1.6966666559354356e+29	1.0829274277813403e+29	5.795629390578044e+28	1.4433837738253597e+28	7.07524077656748e+27	2.6589130178372134e+27	2.0029320144196897e+29	9.453350495302327e+28	5.795629390578044e+28	3.80587384082766e+28
340.06518021836445	1.0931649182803044e+34	2.95785069930271e+30	1.6388123156170302e+30	8.47786524496362e+29	5.411930262629943e+29	2.8968505254081264e+29	7.216427787905957e+28	3.5377126101451954e+28	1.3296203522516907e+28	1.0007609242760794e+30	4.724498953106633e+29	2.8968505254081264e+29	1.902482203407906e+29
350.32977139433996	4.698769623418208e+34	1.3396506614099575e+31	7.423968096796716e+30	3.8412734230987395e+30	2.4523739664504867e+30	1.31284517446833e+30	3.271097149717418e+29	1.6037013424609602e+29	6.027806887829057e+28	4.5341952242596147e+30	2.140931455569686e+30	1.31284517446833e+30	8.622589314444405e+29
360.83714006330376	1.7809196297902783e+35	5.4639385085572465e+31	3.0288774656551083e+31	1.5676107019805285e+31	1.0009569013995589e+31	5.359423696815552e+30	1.335728274379986e+30	6.549239270685979e+29	2.4619019972980472e+29	1.8502746287767783e+31	8.73875116978523e+30	5.359423696815552e+30	3.5203418294548883e+30
371.59140621400786	6.2589595573290574e+35	2.0439326692345935e+32	1.1333316631777882e+32	5.866997081441891e+31	3.7467117490121806e+31	2.0064075150804432e+31	5.001771287538891e+30	2.452639752505661e+30	9.220448792318682e+29	6.924529878578089e+31	3.2711458163289026e+31	2.0064075150804432e+31	1.3180229582988045e+31
382.5967982821235	1.991643981901957e+36	6.999917447658262e+32	3.8825906803530195e+32	2.0104994629383315e+32	1.2841254632171586e+32	6.877904443130697e+31	1.7150906618710342e+31	8.410888685243793e+30	3.1623249456789695e+30	2.3727389501898566e+32	1.121181531888995e+32	6.877904443130697e+31	4.518608456931944e+31
393.8576535998988	5.916883155339944e+36	2.2221540935145483e+33	1.232908387403186e+33	6.3859782940025066e+32	4.079386470852943e+32	2.1853317102612576e+32	5.450860870970799e+31	2.673384320501831e+31	1.0052378505806682e+31	7.53610842216596e+32	3.561892211512188e+32	2.1853317102612576e+32	1.4358442342747165e+32
405.37841893444954	1.6189003870480033e+37	6.540666262112513e+33	3.630138293424949e+33	1.8808271317731895e+33	1.201679025319829e+33	6.4386434819275525e+32	1.6064749929264044e+32	7.879834876210247e+31	2.9632814382237814e+31	2.219416847252182e+33	1.0492865409051617e+33	6.4386434819275525e+32	4.2308835584767944e+32
417.1636511364052	4.1662886260405176e+37	1.8016144972113404e+34	1.0002326175814951e+34	5.1838199037217416e+33	3.312519038746729e+33	1.7751858665665753e+33	4.430463970068004e+32	2.173386874835907e+32	8.174080954555822e+31	6.116620821378816e+33	2.892562823762444e+33	1.7751858665665753e+33	1.166608427686614e+33
429.2180179328581	1.0000569086906675e+38	4.6490982480914465e+34	2.582014228781765e+34	1.3385731392746528e+34	8.555114516000306e+33	4.5856211128534747e+33	1.1448297826526014e+33	5.616652347616534e+32	2.112660857974106e+32	1.5793296728420342e+34	7.470863054813964e+33	4.5856211128534747e+33	3.013895147642996e+33
441.5462988067832	2.273996988575905e+38	1.1321511479280977e+35	6.289857930585822e+34	3.261783110227914e+34	2.085028047098341e+34	1.1178116998310214e+34	2.791546243870241e+33	1.3697106592468816e+33	5.1526420010306745e+32	3.8481827071933635e+34	1.8208610035728179e+34	1.1178116998310214e+34	7.347606987819891e+33
454.15338597577744	4.871386297437127e+38	2.6053907722402073e+35	1.4479927041015464e+35	7.511398168316271e+34	4.802373658412655e+34	2.5751536626895574e+34	6.433129266931014e+33	3.156872549024397e+33	1.1877103854103678e+33	8.861130713276813e+34	4.194133170675512e+34	2.5751536626895574e+34	1.692899178013988e+34
467.0442854870459	9.949493829746212e+38	5.699386190468838e+35	3.168662844591658e+35	1.6442514345697279e+35	1.0514300742350802e+35	5.639186893740878e+34	1.4092111917301195e+34	6.916091424004657e+33	2.6023498446717274e+33	1.939567477131083e+35	9.183065235458967e+34	5.639186893740878e+34	3.707611600769725e+34
480.22411838711224	1.9300823337145794e+39	1.1868233267769647e+36	6.600816733521081e+35	3.426382561180803e+35	2.1914399901794594e+35	1.1756006733780063e+35	2.9387874171073047e+34	1.4424661108473937e+34	5.428315040510782e+33	4.0414660786536966e+35	1.914075689745579e+35	1.1756006733780063e+35	7.730192513919274e+34
493.69812205594724	3.589793576225603e+39	2.363925861153722e+36	1.3152483242134596e+36	6.829527770737617e+35	4.3688312476385124e+35	2.3441685823364126e+35	5.86198376259831e+34	2.8776262399072695e+34	1.0830481998539294e+34	8.054905918499217e+35	3.816074561697495e+35	2.3441685823364126e+35	1.5415996312714817e+35
507.47165169226264	6.383162439764342e+39	4.5094978151168235e+36	2.509995519270889e+36	1.30379167908327e+36	8.341955982391486e+35	4.477026492188192e+35	1.119954881206712e+35	5.498514075022673e+34	2.0697386473494933e+34	1.5375985718990913e+36	7.286897916124922e+35	4.477026492188192e+35	2.944607519989212e+35
521.5501818856211	1.0932496515632285e+40	8.271098586990451e+36	4.605521534377729e+36	2.3931304852407136e+36	1.5314792879436363e+36	8.221121081194473e+35	2.0572965070401377e+35	1.0101751840156774e+35	3.8029759388871597e+34	2.822059184426454e+36	1.3378552203286854e+36	8.221121081194473e+35	5.407839051010582e+35
535.9393001188831	1.7991112582072793e+40	1.4600868969528783e+37	8.133433472527274e+36	4.227869173366485e+36	2.706173677997553e+36	1.4530437702730673e+36	3.637536310851404e+35	1.7863431971243467e+35	6.725914500843463e+34	4.985221671656362e+36	2.3641663378581408e+36	1.4530437702730673e+36	9.559367233482316e+35
550.6447384181535	2.8613267359803587e+40	2.4883264267387924e+37	1.3867051183261281e+37	7.21096697392699e+36	4.6165542841063863e+36	2.479391799253132e+36	6.209237221194525e+35	3.0496791431826676e+35	1.1484199856140264e+35	8.501963714035734e+36	4.033340973068211e+36	2.479391799253132e+36	1.6313755037634013e+36
565.6723465127217	4.387127873699156e+40	4.096557017933222e+37	2.28395536242836e+37	1.1881407607206375e+37	7.608301772084017e+36	4.087191353922448e+36	1.0239805466132575e+36	5.030013934458316e+35	1.894433114382612e+35	1.4007297302673183e+37	6.647536527404165e+36	4.087191353922448e+36	2.689647337584889e+36
581.0280983898998	6.512239551385316e+40	6.529722736810531e+37	3.6421728367198427e+37	1.8954680286313253e+37	1.2140436936898535e+37	6.523559029575833e+36	1.6350449269124133e+36	8.03286408408354e+35	3.025838262215805e+35	2.2344083261082934e+37	1.0608013019890456e+37	6.523559029575833e+36	4.2935669115926443e+36
596.7180948318801	9.33235109714335e+40	1.007846383624972e+38	5.624338317425779e+37	2.928299358109401e+37	1.8760236046640136e+37	1.0083460842197426e+37	2.5283992438290346e+36	1.2423789258684689e+36	4.6805743817271235e+35	3.4515828928866467e+37	1.639330966513809e+37	1.0083460842197426e+37	6.637598736806565e+36
612.748565772228	1.294670441129488e+41	1.5085777469100599e+38	8.423010105825114e+37	4.387422322284062e+37	2.8115303393537386e+37	1.5116160437948076e+37	3.7920884757585924e+36	1.8636232093182144e+36	7.022255056703385e+35	5.170907264150883e+37	2.4569778552339283e+37	1.5116160437948076e+37	9.952086945768956e+36
629.125873241693	1.7329218748528341e+41	2.189094037106766e+38	1.2229471182655153e+38	6.373332923340747e+37	4.085270964712132e+37	2.197146301897332e+37	5.514621828657891e+36	2.710648954401917e+36	1.0215792066099913e+36	7.510590584191312e+37	3.5703623665364724e+37	2.197146301897332e+37	1.4468037762603162e+37
645.8565145311098	2.241563349394981e+41	3.0822925588390087e+38	1.722983710337007e+38	8.984108845778004e+37	5.760501034431868e+37	3.0991980549279414e+37	7.78294686037829e+36	3.826360864944581e+36	1.4423530712382474e+36	1.0585917613988158e+38	5.03485987068751e+37	3.0991980549279414e+37	2.04119472779046e+37
662.9471252069976	2.7918611210288174e+41	4.208349373568485e+38	2.354045768949192e+38	1.2282076454163017e+38	7.877777398592228e+37	4.239959962754664e+37	1.0654247688061972e+37	5.239127665091784e+36	1.9753398917759345e+36	1.4469877716528183e+38	6.886059923449434e+37	4.239959962754664e+37	2.7931314481966503e+37
680.4044819524144	3.352482494159731e+41	5.575312656985227e+38	3.1210491003586844e+38	1.6294810401583977e+38	1.045547720172361e+38	5.629752020491828e+37	1.4156160026634796e+37	6.962836289118297e+36	2.6258911723882262e+36	1.919443523150353e+38	9.14019089775932e+37	5.629752020491828e+37	3.709570714605054e+37
698.2355052587436	4.3085442873152325e+41	7.383045248523424e+38	4.133987173880957e+38	2.1587814808438947e+38	1.3853319622294135e+38	7.46032189841012e+37	1.8763143565931187e+37	9.229514123196563e+36	3.4809907801552014e+36	2.5428095987444128e+38	1.2110973477748312e+38	7.46032189841012e+37	4.916143559525463e+37
716.447262108252	5.160936870497408e+41	9.405235456487299e+38	5.2688749637204634e+38	2.7526320735132218e+38	1.7668496423189065e+38	9.517561176861676e+37	2.3947844367057475e+37	1.1781698095452538e+37	4.444288041256648e+36	3.241973938174103e+38	1.5447341176536169e+38	9.517561176861676e+37	6.272794818080778e+37
735.0469687670492	6.2981460264185375e+41	1.1825040330082065e+39	6.626073828408784e+38	3.46242360625271e+38	2.2227150962178694e+38	1.1974846648897485e+38	3.013736692186953e+37	1.4827920613321867e+37	5.593827213702132e+36	4.077744806986165e+38	1.943355066402907e+38	1.1974846648897485e+38	7.892942697833817e+37
754.0419936187228	7.065165079519848e+41	1.4265109144008615e+39	7.998187600921162e+38	4.181662559466988e+38	2.685236979221607e+38	1.447166501229035e+38	3.6440938047220443e+37	1.793279207889413e+37	6.766477126054537e+36	4.924194636731932e+38	2.3479367695809534e+38	1.447166501229035e+38	9.54050092609203e+37
773.4398601131587	7.577513227554399e+41	1.6711102524849132e+39	9.376717780752046e+38	4.905695551707478e+38	3.1513527216783012e+38	1.6991052721104921e+38	4.281404401335325e+37	2.1074096560457233e+37	7.953735067374801e+36	5.77590030318308e+38	2.7557837101291542e+38	1.6991052721104921e+38	1.1204118397708477e+38
793.2482499232049	7.887974088466133e+41	1.9114490130623408e+39	1.0734278501154689e+39	5.620125746101826e+38	3.61179001213195e+38	1.9482871280473125e+38	4.912978903031017e+37	2.418927866607653e+37	9.131955459784077e+36	6.6159295731197786e+38	3.158781840606368e+38	1.9482871280473125e+38	1.2850680700612013e+38
813.4750063177748	7.956694074375499e+41	2.136962616095359e+39	1.2012142655116761e+39	6.294488148168665e+38	4.047072381648734e+38	2.1842696713887136e+38	5.512739565681509e+37	2.715039010434427e+37	1.0253009392672624e+37	7.408342797937407e+38	3.539921894223175e+38	2.1842696713887136e+38	1.4411546855639809e+38
834.1281376772242	7.889592528665488e+41	2.3487067061891408e+39	1.3215495434630441e+39	6.93115581311396e+38	4.458603546032057e+38	2.4077352101390644e+38	6.082112190507215e+37	2.996394085019952e+37	1.1319156962309003e+37	8.156025521415344e+38	3.900402727781779e+38	2.4077352101390644e+38	1.5890942610474557e+38
855.2158211234381	7.677667402128165e+41	2.5415505533201036e+39	1.4315835556900857e+39	7.515355280250046e+38	4.836943604298588e+38	2.6136258356847666e+38	6.608480625015726e+37	3.2568059363095263e+37	1.2307136238358852e+37	8.841546008859425e+38	4.2319814832752575e+38	2.6136258356847666e+38	1.7255634117263963e+38
876.7464062446193	7.414822823157017e+41	2.7219391947121846e+39	1.5348546913605125e+39	8.065238432753899e+38	5.1936247541264474e+38	2.8080799258225864e+38	7.106998791164482e+37	3.50367926668396e+37	1.3244682761874082e+37	9.486373234003293e+38	4.5447122882873556e+38	2.8080799258225864e+38	1.8545806763216135e+38
898.7284189028364	7.097795418947755e+41	2.89001771687987e+39	1.6314788982114664e+39	8.58157677021647e+38	5.529202726054731e+38	2.9914349753099696e+38	7.578670195898951e+37	3.7375351064447933e+37	1.413386908836121e+37	1.0091370540502393e+39	4.839095560577708e+38	2.9914349753099696e+38	1.9763827222908288e+38
921.1705651232096	6.792022138359936e+41	3.0554688210336743e+39	1.7268425152755515e+39	9.092334805004342e+38	5.8615647406139504e+38	3.1732876706797908e+38	8.047489005165643e+37	3.9701514154584307e+37	1.50190210924739e+37	1.0689521148561193e+39	5.130754996476999e+38	3.1732876706797908e+38	2.0972802673434234e+38
944.0817351743611	6.481535334332833e+41	3.219925633363109e+39	1.821936901226115e+39	9.603054050820777e+38	6.1943992466310884e+38	3.355707352712388e+38	8.518993703188358e+37	4.2043114407743724e+37	1.591086629899758e+37	1.1287252966500604e+39	5.422946881031999e+38	3.355707352712388e+38	2.218667827078033e+38
967.4710077241083	6.2107970583536024e+41	3.393904256652834e+39	1.9226505899153165e+39	1.0144487549868373e+39	6.5474425743397886e+38	3.549323629587445e+38	9.019924137508758e+37	4.453169580203302e+37	1.6859022570617304e+37	1.1920788766471392e+39	5.732925694701219e+38	3.549323629587445e+38	2.347550508542588e+38
991.3476541020533	5.949216023037433e+41	3.576810338150273e+39	2.0287749696477648e+39	1.071613579678781e+39	6.920588623963821e+38	3.754214040644939e+38	9.551017843955433e+37	4.717184400116513e+37	1.7865594160434538e+37	1.2589379267006272e+39	6.0606501363814185e+38	3.754214040644939e+38	2.4840295386158593e+38
1015.7211427333549	5.73358253871538e+41	3.779008520176045e+39	2.1461244873480017e+39	1.134841562670842e+39	7.333376339492732e+38	3.9809134040890785e+38	1.0138822484387238e+38	5.009423903178863e+37	1.8979904896456208e+37	1.3328837422440517e+39	6.423206526127479e+38	3.9809134040890785e+38	2.635051835825687e+38
1040.601143648623	5.521955903212375e+41	3.9952183851003034e+39	2.2719047687615486e+39	1.202751076567265e+39	7.777222991081004e+38	4.224978354996306e+38	1.0772885608646039e+38	5.324874651365477e+37	2.0183548228692768e+37	1.4122676966090102e+39	6.813159743345875e+38	4.224978354996306e+38	2.79775602370896e+38
1065.9975159739824	5.353000762157553e+41	4.236145205303565e+39	2.412100305332335e+39	1.2784628681472329e+39	8.272139734976807e+38	4.497176044599885e+38	1.148025134497426e+38	5.676833432792777e+37	2.152665069708777e+37	1.5007668599352558e+39	7.248000520719599e+38	4.497176044599885e+38	2.9792339806225625e+38
1091.9203428692715	5.177310473466537e+41	4.49066961733341e+39	2.5606740794683717e+39	1.3589157069795383e+39	8.79881793966706e+38	4.7873211081491915e+38	1.2236169764896672e+38	6.053280268277633e+37	2.2964484839170007e+37	1.594750377872286e+39	7.710929699593066e+38	4.7873211081491915e+38	3.17285358474645e+38
1118.3802960082655	6.102228513270492e+41	5.013019665866136e+39	2.857537488925042e+39	1.5160030423391722e+39	9.814336419548286e+38	5.338863236959401e+38	1.3641998717028195e+38	6.748081394669982e+37	2.559778630016551e+37	1.779220739268743e+39	8.600510149628987e+38	5.338863236959401e+38	3.538033570156767e+38
1145.4805246207106	6.4430431314988675e+41	5.505517351004835e+39	3.1389267054996033e+39	1.6655858089272315e+39	1.078375674164133e+39	5.866858238545522e+38	1.4993666332274983e+38	7.417122102141494e+37	2.813735383421366e+37	1.9546956556331536e+39	9.450280919836021e+38	5.866858238545522e+38	3.8881674164674656e+38
1173.185402831922	7.027616554163497e+41	6.079998524027462e+39	3.466654931456552e+39	1.8395725707322852e+39	1.1910528390106462e+39	6.480058435683392e+38	1.656151196045099e+38	8.192831688914845e+37	3.1080529505399165e+37	2.15885978032982e+39	1.04377916752584e+39	6.480058435683392e+38	4.294623122221227e+38
1201.5066659415702	7.094344277258206e+41	6.531884619571327e+39	3.728039144848004e+39	1.980021889398075e+39	1.2826148196996255e+39	6.982118914688921e+38	1.786028321658539e+38	8.838042563263944e+37	3.353881405033268e+37	2.3232168702837335e+39	1.1241686631099936e+39	6.982118914688921e+38	4.628802932122276e+38
1230.4554232187893	6.9561928748691806e+41	6.945008449038672e+39	3.9692604588114054e+39	2.1106842089888767e+39	1.36816865536762e+39	7.453546724621675e+38	1.908901487328009e+38	9.450046678106228e+37	3.587674765352271e+37	2.4758425234628892e+39	1.1993712892552592e+39	7.453546724621675e+38	4.943441483809434e+38
1260.0599996805659	6.860099127334577e+41	7.393352435351203e+39	4.231042618940456e+39	2.2524862715383463e+39	1.4610184908357727e+39	7.965195493759819e+38	2.0422677112248795e+38	1.0114335205041818e+38	3.841450290365948e+37	2.6414793309436296e+39	1.2809877644769693e+39	7.965195493759819e+38	5.2849322275110335e+38
1290.3237223778983	6.660552859198961e+41	7.812407148207961e+39	4.477972078052766e+39	2.3872847291291267e+39	1.5496520598701273e+39	8.455906327923468e+38	2.1710913333650117e+38	1.075757198572097e+38	4.087795156501973e+37	2.79865967567566e+39	1.3589854626448109e+39	8.455906327923468e+38	5.613289821485055e+38
1321.2625783727221	6.5259782653988566e+41	8.279544668918904e+39	4.752736721013258e+39	2.537057257826337e+39	1.6480555097546232e+39	9.00024587969047e+38	2.313815459427543e+38	1.1469917939303415e+38	4.36049297360351e+37	2.97335773787937e+39	1.4455629828687313e+39	9.00024587969047e+38	5.977367241754319e+38
1352.8921121438198	6.335821648547322e+41	8.724921452988365e+39	5.0168833296092936e+39	2.6820534927556785e+39	1.7436795706924287e+39	9.531441292211051e+38	2.4539841972199723e+38	1.2171041279763058e+38	4.629489741677736e+37	3.142217854817073e+39	1.5297798916343093e+39	9.531441292211051e+38	6.333470752054654e+38
1385.229049464111	6.189913949682289e+41	9.213340950400914e+39	5.3062883509327945e+39	2.840800229131502e+39	1.8483341100794863e+39	1.0112577849959006e+39	2.6072481686144496e+38	1.2937533532599085e+38	4.923516234392705e+37	3.327120636148514e+39	1.621941354148317e+39	1.0112577849959006e+39	6.7229756652046094e+38
1418.2852631932208	6.0142381082919075e+41	9.690116082452014e+39	5.590874917831771e+39	2.997870692184939e+39	1.9522264791845592e+39	1.0691617503659675e+39	2.7608142180348326e+38	1.3707005361670094e+38	5.219256853452557e+37	3.509816757272359e+39	1.7135126087325698e+39	1.0691617503659675e+39	7.11185774497425e+38
1452.0769511091187	5.866883947548073e+41	1.0203864657380513e+40	5.897625021394607e+39	3.167228619345009e+39	2.0642684584296472e+39	1.1316229846009123e+39	2.9265339169595317e+38	1.4537500296060823e+38	5.538501677446044e+37	3.706789605322498e+39	1.812272500944576e+39	1.1316229846009123e+39	7.531405558326864e+38
1486.6212615903933	5.7010115930357986e+41	1.0712520832658402e+40	6.203397182070911e+39	3.3370064691116123e+39	2.176928761737838e+39	1.194641264862073e+39	3.0945840875180496e+38	1.5381137632885338e+38	5.863367868563386e+37	3.903999269465528e+39	1.9116577841382788e+39	1.194641264862073e+39	7.955473317208265e+38
1521.9379851394929	5.554031407588511e+41	1.1251565486745147e+40	6.527951073480035e+39	3.5174635849021994e+39	2.2967673570858804e+39	1.2617334358394062e+39	3.273740673934166e+38	1.6280956403903797e+38	6.21003580489294e+37	4.113547091335388e+39	2.0173974720234465e+39	1.2617334358394062e+39	8.407174075347525e+38
1558.0443181697271	6.8962719009715295e+41	1.285192920946758e+40	7.441410363804312e+39	4.0025913794591014e+39	2.6109997921748777e+39	1.432770286972632e+39	3.7111365797459215e+38	1.8445128785639062e+38	7.031193015153563e+37	4.682773432170798e+39	2.2928047421955237e+39	1.432770286972632e+39	9.540969156710169e+38
1594.9443528124273	6.883341551837807e+41	1.3867165733975933e+40	8.035080820797319e+39	4.324569265295923e+39	2.821964143393285e+39	1.549106328082213e+39	4.014704483166506e+38	1.995773036619103e+38	7.6092570952743e+37	5.0587665716881576e+39	2.478278043696688e+39	1.549106328082213e+39	1.031773672102269e+39
1632.7002274435401	6.92296579438241e+41	1.4628808299780866e+40	8.489819335164572e+39	4.5756890665732556e+39	2.9881344766851135e+39	1.641774111780216e+39	4.260733083491714e+38	2.119103092037705e+38	8.083486036792552e+37	5.3508118397527044e+39	2.624760169920893e+39	1.641774111780216e+39	1.0940316944601668e+39
1671.2325597189345	6.772069237915309e+41	1.5416666488182633e+40	8.962954371768948e+39	4.838202671373082e+39	3.162271555652118e+39	1.7391461568901355e+39	4.520274592820116e+38	2.249378864237719e+38	8.585084236315347e+37	5.655788210494198e+39	2.7783648295292436e+39	1.7391461568901355e+39	1.1595445677799183e+39
1710.5284223664278	6.728584795541461e+41	1.6258651770551126e+40	9.468990122854791e+39	5.119205534237856e+39	3.3487691791052943e+39	1.8434953838887743e+39	4.798707649257998e+38	2.389191803217979e+38	9.123624118124843e+37	5.982178538263824e+39	2.942896508392249e+39	1.8434953838887743e+39	1.2297774964585162e+39
1750.6725577895372	6.485413985908628e+41	1.6976350367646886e+40	9.908846830665416e+39	5.3673825709302637e+39	3.5148609409739945e+39	1.937283284778837e+39	5.05237554493101e+38	2.5171506700218597e+38	9.61875930111201e+37	6.269419981949123e+39	3.0897500594409165e+39	1.937283284778837e+39	1.2932141893868488e+39
1791.6711652159986	6.3866964173197e+41	1.7824275653475058e+40	1.0424110562973186e+40	5.656169083243237e+39	3.707473373470453e+39	2.045648773379476e+39	5.343931758066148e+38	2.6639677308336977e+38	1.018589468990186e+38	6.604154126773356e+39	3.259900721378703e+39	2.045648773379476e+39	1.3663690517337807e+39
1833.531049840199	6.157173306454842e+41	1.8579386722965553e+40	1.0891526220007048e+40	5.922080526654326e+39	3.886214072800489e+39	2.1470702736081715e+39	5.620246518589331e+38	2.803694699550388e+38	1.0727911833208496e+38	6.911353013027808e+39	3.4181224145450954e+39	2.1470702736081715e+39	1.4351497110566586e+39
1876.2852424556927	6.030229517716659e+41	1.9439874989454812e+40	1.1420799119533321e+40	6.221725343263911e+39	4.0871425625299884e+39	2.2607894279729182e+39	5.928949228507556e+38	2.959618190130977e+38	1.1332067794471269e+38	7.257888215709028e+39	3.595873168625421e+39	2.2607894279729182e+39	1.5121670558328878e+39
1919.9433910365838	5.824239114507609e+41	2.023925959796439e+40	1.1920077997791045e+40	6.507893781058049e+39	4.280265737124929e+39	2.3708573124711835e+39	6.230816783585239e+38	3.1126116836385976e+38	1.192689995226531e+38	7.587935412157244e+39	3.7670076647840804e+39	2.3708573124711835e+39	1.5869907874299938e+39
1964.524124728094	5.688621360733687e+41	2.1123173003483153e+40	1.247027738647253e+40	6.822479043059873e+39	4.492320316635854e+39	2.4915724961717233e+39	6.561368973897611e+38	3.280063536110616e+38	1.2577651107735792e+38	7.950944546739621e+39	3.9548629626428585e+39	2.4915724961717233e+39	1.66900387107938e+39
2010.0872585022012	5.792446049690269e+41	2.250402405246024e+40	1.3301668206292574e+40	7.285034689167709e+39	4.7996719139944435e+39	2.6637885179109224e+39	7.021998091092143e+38	3.511570918093467e+38	1.3470219460279502e+38	8.487964003281037e+39	4.2261041006994546e+39	2.6637885179109224e+39	1.7850118722679353e+39
2056.635126679899	6.675333180989579e+41	2.527847843514572e+40	1.491497132160928e+40	8.155725779564783e+39	5.3686195325272147e+39	2.9765660978330414e+39	7.834243829503139e+38	3.915609786782132e+38	1.5011647763581184e+38	9.505863778384025e+39	4.7259384840230694e+39	2.9765660978330414e+39	1.9934932551269073e+39
2104.122329613752	6.786358337026996e+41	2.67262940850608e+40	1.5794681825871915e+40	8.649012215241476e+39	5.697784058826511e+39	3.1618875846996867e+39	8.333550249238142e+38	4.1671861275016964e+38	1.5984062096042499e+38	1.0077546046520779e+40	5.016761282296913e+39	3.1618875846996867e+39	2.1186568026911638e+39
2152.6520110916495	6.5214553250634504e+41	2.784264486636015e+40	1.6495607789607876e+40	9.05245675461229e+39	5.970648602455996e+39	3.317775017927124e+39	8.762580621681969e+38	4.3848830765002076e+38	1.6831447700087917e+38	1.0542416596697978e+40	5.258697623519675e+39	3.317775017927124e+39	2.2247640619015994e+39
2202.2447154907	6.476944810789967e+41	2.902772821121152e+40	1.7238260452434989e+40	9.479650885227582e+39	6.259578884726273e+39	3.482886984965767e+39	9.217419008530784e+38	4.615778421740688e+38	1.7730670646063985e+38	1.1034685264488895e+40	5.514889409999881e+39	3.482886984965767e+39	2.3371800719147492e+39
2252.9512132895684	6.219318708204776e+41	3.0102744454530723e+40	1.7926632592622425e+40	9.882197475088168e+39	6.534090600123044e+39	3.641137923768363e+39	9.658780357440552e+38	4.84073124026242e+38	1.8610207822503116e+38	1.1496892918617488e+40	5.758817361680081e+39	3.641137923768363e+39	2.4454190306605117e+39
2304.8512850229904	6.122576645488346e+41	3.128708934110234e+40	1.8679726962194382e+40	1.0320560985590492e+40	6.832416439382109e+39	3.812781079961818e+39	1.0136369793513103e+39	5.083991271253773e+38	1.9560773286374674e+38	1.2000702946525003e+40	6.023773924870631e+39	3.812781079961818e+39	2.5627089057954483e+39
2357.7641031519092	5.898755496692038e+41	3.2415510264949747e+40	1.941224338437477e+40	1.075374261260122e+40	7.129563034082217e+39	3.985196264973809e+39	1.0621893883321724e+39	5.332258799312694e+38	2.05346411840716e+38	1.2496845670869615e+40	6.288227900908005e+39	3.985196264973809e+39	2.6810495087584886e+39
2411.7198411058394	5.795612564648276e+41	3.371476508937983e+40	2.0245961760282514e+40	1.1242734190877253e+40	7.463690287292391e+39	4.1783027824911906e+39	1.1162830250331896e+39	5.608414194578167e+38	2.1616231500481206e+38	1.3057885475034504e+40	6.58530118785853e+39	4.1783027824911906e+39	2.813327801798099e+39
2467.1300003887873	5.600325363982546e+41	3.4769352414502527e+40	2.0942917165387144e+40	1.166082708565193e+40	7.752620296699093e+39	4.347312093084653e+39	1.1644438675141396e+39	5.855655511331712e+38	2.2589912047627756e+38	1.353523175334369e+40	6.842945894788336e+39	4.347312093084653e+39	2.929833814761109e+39
2524.0061694103774	6.478659077775146e+41	3.886177737347802e+40	2.335514307214477e+40	1.297820697160801e+40	8.619073259368763e+39	4.827184475269772e+39	1.2904996367100464e+39	6.485218052278429e+38	2.500158402313859e+38	1.5071186597072295e+40	7.605487442877657e+39	4.827184475269772e+39	3.2510066020465847e+39
2582.413832479369	6.3584632799083405e+41	4.0836485472522155e+40	2.459321000944164e+40	1.3690312384318793e+40	9.100592860063112e+39	5.1022450586918583e+39	1.3662056612807575e+39	6.869392682271734e+38	2.6497144291169662e+38	1.5891815069392584e+40	8.032411838915041e+39	5.1022450586918583e+39	3.4382291444346935e+39
2642.28013040151	6.342027395603016e+41	4.232574012596241e+40	2.5560078763549957e+40	1.4263208815663538e+40	9.494238122532179e+39	5.331186049765801e+39	1.4309568577053783e+39	7.201051001368093e+38	2.7800473378804876e+38	1.6547598795738343e+40	8.382928448603233e+39	5.331186049765801e+39	3.595597205077892e+39
2703.3039079271825	6.187448789838707e+41	4.406337953522726e+40	2.668800221817454e+40	1.4930846147455217e+40	9.952595040017161e+39	5.59745516642115e+39	1.5061057950868036e+39	7.585652016735718e+38	2.9310538323738475e+38	1.7312056917092674e+40	8.790961970969289e+39	5.59745516642115e+39	3.778492502571215e+39
2765.5224788570576	6.0812797978779065e+41	4.572364523604985e+40	2.777896925726552e+40	1.558325764054204e+40	1.0402951322095323e+40	5.860670299150476e+39	1.58107198658845e+39	7.970503747615e+38	3.082628662719916e+38	1.8057363345662428e+40	9.192457960077642e+39	5.860670299150476e+39	3.9598869181363537e+39
2828.973686196375	5.9150927601359565e+41	4.727707967553733e+40	2.881961473226066e+40	1.6214805022220395e+40	1.0842134464169533e+40	6.119381678197237e+39	1.6555829085777e+39	8.354410415077483e+38	3.2343737574114126e+38	1.877652615719281e+40	9.584745114515057e+39	6.119381678197237e+39	4.1389146643698174e+39
2894.0374383551853	5.784913170395948e+41	4.881441566331525e+40	2.9852370287114526e+40	1.6843260869541607e+40	1.1279849407876101e+40	6.37769804504749e+39	1.7301948582216442e+39	8.7392282380914e+38	3.386637146792857e+38	1.949171536847673e+40	9.975888526455931e+39	6.37769804504749e+39	4.3178521377823696e+39
2960.4953817057417	5.6394205511335514e+41	5.034643684054289e+40	3.0897542894968007e+40	1.748695694927539e+40	1.1730928969466847e+40	6.645662080636632e+39	1.8083324430446384e+39	9.143492434523146e+38	3.5470918494632804e+38	2.0222320201829355e+40	1.0379620558328026e+40	6.645662080636632e+39	4.50412176089506e+39
3028.737957989744	6.272479205662875e+41	5.553036155989409e+40	3.402478730981044e+40	1.922935231001864e+40	1.2889483538478164e+40	7.295274562570781e+39	1.9822379614288316e+39	1.001774417310019e+39	3.884234049812799e+38	2.2244590917134365e+40	1.1402234420621136e+40	7.295274562570781e+39	4.941862032425973e+39
3098.340635495489	6.172702918120346e+41	5.803630540466456e+40	3.5666017505144834e+40	2.020787959717637e+40	1.356380888412927e+40	7.688614620779188e+39	2.093916788833977e+39	1.0590437038626741e+39	4.109536677027203e+38	2.336322637350792e+40	1.2003120932883386e+40	7.688614620779188e+39	5.212632460635484e+39
3169.7344653469236	6.181052043797364e+41	6.035468863116707e+40	3.718838930412341e+40	2.1119687002027957e+40	1.419420517338112e+40	8.057899612269815e+39	2.1995610229513774e+39	1.113373646305849e+39	4.32392228485243e+38	2.440433481939934e+40	1.2565403173274983e+40	8.057899612269815e+39	5.467500082489737e+39
3243.057520512338	6.042491359995581e+41	6.210339772421126e+40	3.8401076782778755e+40	2.187609326370111e+40	1.4727696553080848e+40	8.377026788825364e+39	2.293550789469466e+39	1.162161238712744e+39	4.518192530764213e+38	2.5260482338913376e+40	1.304370262024832e+40	8.377026788825364e+39	5.690150088993709e+39
3318.409836321457	5.885700057638582e+41	6.381212463007783e+40	3.9604109347514784e+40	2.263488631818811e+40	1.5265809148501743e+40	8.700777829417739e+39	2.38967412101144e+39	1.2121858925531478e+39	4.717895984092033e+38	2.611727276769267e+40	1.3526827089801832e+40	8.700777829417739e+39	5.916703343661857e+39
3395.738737920862	5.767337885193043e+41	6.559309486722258e+40	4.0859976767453643e+40	2.342924042643053e+40	1.5830252749933963e+40	9.041229399239803e+39	2.491196127797891e+39	1.2651049627030491e+39	4.929507553717574e+38	2.7013554601673063e+40	1.4033883701212337e+40	9.041229399239803e+39	6.1553012526874e+39
3474.599303245925	5.644388192480565e+41	6.754302582356248e+40	4.2244003359099506e+40	2.4308922406162427e+40	1.6456832572901738e+40	9.420121462742269e+39	2.6045862789880948e+39	1.3242788306790206e+39	5.1663998768272045e+38	2.800507103001002e+40	1.4597109518135392e+40	9.420121462742269e+39	6.42119187736498e+39
3555.045813761472	6.12003047489698e+41	7.379281557456294e+40	4.6126728024125e+40	2.652824437916341e+40	1.7953276866598412e+40	1.0272593280728578e+40	2.838426468507112e+39	1.4428304019288512e+39	5.627518393766956e+38	3.0565931800188095e+40	1.5922959688920933e+40	1.0272593280728578e+40	7.000667886396327e+39
3637.558869532167	6.131999629043986e+41	7.684496587485499e+40	4.818297107970701e+40	2.7784240578046786e+40	1.8830187884501755e+40	1.0791637873464753e+40	2.9890824785174766e+39	1.5206694863125874e+39	5.9360686212200524e+38	3.199392526152961e+40	1.6707108678900896e+40	1.0791637873464753e+40	7.360831026282239e+39
3721.756586874053	6.3135290230272655e+41	8.074821307639234e+40	5.073913470217352e+40	2.9315125824982107e+40	1.9889416572624555e+40	1.1413067880298434e+40	3.167478835175924e+39	1.6125508926333125e+39	6.299231523635676e+38	3.3741623410589803e+40	1.7652171992118575e+40	1.1413067880298434e+40	7.790189898557853e+39
3807.6993785618156	6.557812830634373e+41	8.446416395400888e+40	5.32009390921235e+40	3.0804875598426854e+40	2.0926113669918344e+40	1.2025253610265839e+40	3.344979220306853e+39	1.7042830988167582e+39	6.663054230125599e+38	3.5438319206503385e+40	1.8578568294287533e+40	1.2025253610265839e+40	8.214679523270578e+39
3895.449793415271	7.107881634435522e+41	8.967877039536876e+40	5.654489126436992e+40	3.2774823774329173e+40	2.22778016820424e+40	1.2811226874839178e+40	3.5677838871511767e+39	1.8185702104035063e+39	7.112976102327781e+38	3.7695401701650386e+40	1.9781949109469133e+40	1.2811226874839178e+40	8.755194136449764e+39
3985.071377089379	8.252036349675865e+41	9.705993662441891e+40	6.1130366766814645e+40	3.540593661325725e+40	2.4058354230556526e+40	1.3831025202484836e+40	3.850568008300165e+39	1.9625717082034565e+39	7.67580380026672e+38	4.0727803296758186e+40	2.1361352211248862e+40	1.3831025202484836e+40	9.450867240829695e+39
4076.6268562680425	1.027227817878892e+42	1.0808656581988444e+41	6.783565267086082e+40	3.917638475937246e+40	2.658031658514922e+40	1.525576558160235e+40	4.2370284540975115e+39	2.157825970771158e+39	8.432788458721337e+38	4.509392351609551e+40	2.3591210114744125e+40	1.525576558160235e+40	1.0415247543546845e+40
4170.182833588649	1.470517536842026e+42	1.301168523346155e+41	8.091411033005132e+40	4.635417668809664e+40	3.131120520684141e+40	1.7880731694716687e+40	4.9276649447033557e+39	2.5028123533263873e+39	9.754296881837e+38	5.345421238994357e+40	2.7756791932948644e+40	1.7880731694716687e+40	1.217342061002036e+40
4265.8061885910765	2.1225060488352966e+42	1.5365429961082924e+41	9.480004102647991e+40	5.394209750657413e+40	3.6302981762112885e+40	2.06457925784446e+40	5.654013211855135e+39	2.8655479649434816e+39	1.1143674211306733e+39	6.230007173117306e+40	3.2150127607494453e+40	2.06457925784446e+40	1.4024111730055387e+40
4363.565486875276	3.148381015918142e+42	1.8464803318603803e+41	1.1291462140642846e+41	6.375715190236961e+40	4.272910252299178e+40	2.4185690415190984e+40	6.575761700427264e+39	3.3244292619392887e+39	1.2895658484479322e+39	7.37647337540705e+40	3.7798457549331215e+40	2.4185690415190984e+40	1.638604459804598e+40
4463.531535143547	4.6324187323386705e+42	2.2260516755617137e+41	1.3500742352646479e+41	7.568052832744875e+40	5.051743175296246e+40	2.8463970900144193e+40	7.684568455323328e+39	3.875475359187649e+39	1.4995661646154575e+39	8.770505666842801e+40	4.463966529547658e+40	2.8463970900144193e+40	1.9236015552382547e+40
4565.774685400508	6.67279304167594e+42	2.6363429728060997e+41	1.588161109870765e+41	8.8502153653594e+40	5.888421977359434e+40	3.305567466340816e+40	8.873337343739202e+39	4.4661089489927263e+39	1.7246081252551226e+39	1.027023713738588e+41	5.198720788187144e+40	3.305567466340816e+40	2.229343675408046e+40
4670.368637209118	9.470372231645877e+42	3.1239450280382482e+41	1.8696553421588055e+41	1.0359424812555615e+41	6.870899104443314e+40	3.843301853496176e+40	1.0259845081907496e+40	5.154030691733034e+39	1.9863508724052556e+39	1.2037318887437213e+41	6.060956463443025e+40	3.843301853496176e+40	2.586872189754686e+40
4777.393489208555	1.380333120633383e+43	3.841187215892875e+41	2.281243157414853e+41	1.255241323165472e+41	8.293007882462236e+40	4.617928412578817e+40	1.224054060210359e+40	6.133628192884747e+39	2.357799810161798e+39	1.4608892349597227e+41	7.3076453669114e+40	4.617928412578817e+40	3.100437235339351e+40
4886.931135153911	1.9490836873569203e+43	4.5235041872410354e+41	2.672456185232829e+41	1.4637043493751644e+41	9.645410760652585e+40	5.355180905447057e+40	1.4129433121334184e+40	7.068680385804022e+39	2.7127342059797663e+39	1.7053168441503581e+41	8.493415289124291e+40	5.355180905447057e+40	3.58952025918921e+40
4999.063784502568	2.6786229983284516e+43	5.291411195721823e+41	3.1111718189780613e+41	1.6968119025468852e+41	1.115550199037061e+41	6.177131980990175e+40	1.623087590076399e+40	8.108265275269764e+39	3.107099677753107e+39	1.978812617732223e+41	9.81694570634634e+40	6.177131980990175e+40	4.134358095886068e+40
5113.876846984338	3.5466521388291187e+43	6.062750574316994e+41	3.5523274151256406e+41	1.931495702788087e+41	1.2676949882627204e+41	7.006045690484927e+40	1.8353600407280988e+40	9.159034656135592e+39	3.5059738399419315e+39	2.254077257092042e+41	1.1150717607131706e+41	7.006045690484927e+40	4.684119596064498e+40
5231.457574641668	4.563387523692302e+43	6.8620293853820235e+41	4.009811670170108e+41	2.1750487728288404e+41	1.4256604476468712e+41	7.867138077378426e+40	2.056073551557569e+40	1.0251957297768467e+40	3.920997401788077e+39	2.5396938191608323e+41	1.2535690278875643e+41	7.867138077378426e+40	5.255402952327818e+40
5351.896893895095	5.807628450223051e+43	7.801829653881103e+41	4.545961843672428e+41	2.4596502623074804e+41	1.6099503526716332e+41	8.869859589434796e+40	2.3123398727117565e+40	1.1519624095642316e+40	4.401869163322495e+39	2.8736716463761704e+41	1.4150751774356026e+41	8.869859589434796e+40	5.919958265823303e+40
5475.2908093281785	7.590661177721322e+43	9.04416197532452e+41	5.251466713934902e+41	2.8324923024254017e+41	1.8507471260881363e+41	1.0175909718233783e+41	2.6443781376507187e+40	1.315891845461366e+40	5.022439834974866e+39	3.3116584641298887e+41	1.6259476241600245e+41	1.0175909718233783e+41	6.783966293223842e+40
5601.739157650159	9.5091543915609e+43	1.018484884660618e+42	5.9005207904759e+41	3.1762720967657605e+41	2.073098242242554e+41	1.138416335250823e+41	2.9525801485250985e+40	1.4682507582042074e+40	5.60001694616909e+39	3.7152799938181694e+41	1.8207490925859573e+41	1.138416335250823e+41	7.584180337515263e+40
5731.345885878463	1.153951708546318e+44	1.1296573982561403e+42	6.534855743864563e+41	3.513109151601337e+41	2.291272572544798e+41	1.2571710990820451e+41	3.2563144232339836e+40	1.6185454520019705e+40	6.170336441361549e+39	4.110517797137434e+41	2.011966781362935e+41	1.2571710990820451e+41	8.371426231975003e+40
5864.218798317614	1.3740867781668123e+44	1.2430669897641158e+42	7.182371819674814e+41	3.857212128655476e+41	2.514267790558256e+41	1.3786305726825608e+41	3.5673389936835937e+40	1.772519566639921e+40	6.754913235621638e+39	4.514202598070888e+41	2.2074390685540725e+41	1.3786305726825608e+41	9.176927801708475e+40
6000.469223359861	1.6144974453455424e+44	1.3690319430373322e+42	7.900881547278137e+41	4.2386871691451345e+41	2.7613464422201723e+41	1.5131194235167905e+41	3.911355554294311e+40	1.9427588933690754e+40	7.400973451273043e+39	4.961828928077092e+41	2.4239892302384774e+41	1.5131194235167905e+41	1.0068501602268548e+41
6140.213164101156	1.952410569203215e+44	1.540065699212197e+42	8.871233892204993e+41	4.751200469950257e+41	3.0922806848957753e+41	1.692589680503433e+41	4.367628881009462e+40	2.16803932972864e+40	8.253883915022171e+39	5.563956428447925e+41	2.713785487821506e+41	1.692589680503433e+41	1.1255741499274834e+41
6283.5701730987075	2.2745158297015316e+44	1.6904616188620986e+42	9.727919127531397e+41	5.2054769485294754e+41	3.386309478977076e+41	1.8525065918696432e+41	4.776172187512213e+40	2.370119224549739e+40	9.02042291814947e+39	6.0971597505931e+41	2.9714361961567004e+41	1.8525065918696432e+41	1.2315412112644017e+41
6430.663277172717	2.5766274872049792e+44	1.832884315581495e+42	1.0542691241835432e+42	5.639183468520285e+41	3.6676219973864225e+41	2.005881710836212e+41	5.169508371341205e+40	2.564940473981835e+40	9.760456133815858e+39	6.605772680761295e+41	3.2180865980035235e+41	2.005881710836212e+41	1.3333120926690094e+41
6581.6212774154155	2.8774550174568965e+44	1.9688489617493856e+42	1.1323010521758593e+42	6.055831996028283e+41	3.93835963131231e+41	2.153810792391908e+41	5.550233775146016e+40	2.7537623238093676e+40	1.0478683926299411e+40	7.094026545956594e+41	3.455584773857619e+41	2.153810792391908e+41	1.4315915171917247e+41
6736.577463805849	3.2925263228059368e+44	2.1753286457009838e+42	1.2495954191283655e+42	6.67618639449074e+41	4.339266326663817e+41	2.371457446429494e+41	6.1045813022307365e+40	3.0276578897199895e+40	1.1516428632569626e+40	7.82261158845021e+41	3.80674011136159e+41	2.371457446429494e+41	1.5756604923593016e+41
6895.669857263486	3.661325822344765e+44	2.351510974452142e+42	1.3503695015275905e+42	7.2125107708062e+41	4.687097123357693e+41	2.561069900348241e+41	6.590716145041944e+40	3.2684172482116247e+40	1.2430854846953508e+40	8.451594919551411e+41	4.111701995133179e+41	2.561069900348241e+41	1.7014646713640193e+41
7059.041496644534	3.997101744983525e+44	2.5097276554554528e+42	1.441377857376536e+42	7.699404270565538e+41	5.003821216553654e+41	2.7343376465676653e+41	7.037498293986019e+40	3.490145534391745e+40	1.3274814192130899e+40	9.021910190596138e+41	4.3896216610716e+41	2.7343376465676653e+41	1.8166561377753998e+41
7227.921186064536	4.291281971014941e+44	2.6579834389327437e+42	1.5268435641196975e+42	8.15758466150158e+41	5.302221346780221e+41	2.897810211327154e+41	7.459986371771562e+40	3.699990954771991e+40	1.407423398113615e+40	9.558334994177768e+41	4.65154838493587e+41	2.897810211327154e+41	1.9254226252405293e+41
7401.384634568906	4.733357396890354e+44	2.887257326954912e+42	1.6577360564515637e+42	8.85301251243181e+41	5.7528066552122414e+41	3.1431654539781146e+41	8.087936206632152e+40	4.010791208331159e+40	1.5253925222354563e+40	1.0374230407707147e+42	5.04649743231941e+41	3.1431654539781146e+41	2.0881100932528778e+41
7579.601872288613	5.0439432491260075e+44	3.084434591393428e+42	1.7711924857828634e+42	9.4600663116867e+41	6.1476888571396e+41	3.359173133084791e+41	8.644783191762774e+40	4.2871071942834374e+40	1.6305503099620233e+40	1.1085287394642155e+42	5.392994890297169e+41	3.359173133084791e+41	2.2317052927565645e+41
7762.751321057885	5.266313904935246e+44	3.2486619768734874e+42	1.8666474060137962e+42	9.975499117398367e+41	6.4847095937082295e+41	3.544639381541657e+41	9.12748155416759e+40	4.527445067776613e+40	1.7223374879284582e+40	1.1687749688973885e+42	5.689139411447227e+41	3.544639381541657e+41	2.3554144733560886e+41
7952.20872229004	5.4277723432233676e+44	3.392655739108045e+42	1.9509135528495258e+42	1.0433237762891077e+42	6.784991237702427e+41	3.710507842174138e+41	9.561690071722078e+40	4.744078799122885e+40	1.8052436330132292e+40	1.2222047810711915e+42	5.953235694273308e+41	3.710507842174138e+41	2.4662814765678203e+41
8146.973085253513	5.731130047856509e+44	3.636848040578279e+42	2.0913443923161476e+42	1.11842818578374e+42	7.273424787477112e+41	3.977623381724021e+41	1.0250044827951005e+41	5.085611984443221e+40	1.935206680335674e+40	1.3101851514703852e+42	6.381795766353121e+41	3.977623381724021e+41	2.6438283695420824e+41
8347.25300445249	5.856514262351092e+44	3.8322074705066435e+42	2.2051678272374408e+42	1.1800086072560239e+42	7.676473915198304e+41	4.1996637000877826e+41	1.0828823535535521e+41	5.373934269343023e+40	2.0453744369050818e+40	1.3821326238095882e+42	6.736052497486619e+41	4.1996637000877826e+41	2.7920171639712066e+41
8554.336153067665	5.864241872303939e+44	3.978197127905859e+42	2.2917187852629884e+42	1.227545055956004e+42	7.990175611238298e+41	4.374102295945392e+41	1.1290097142777287e+41	5.604868261505208e+40	2.134063124301629e+40	1.4374817657959374e+42	7.01239126555673e+41	4.374102295945392e+41	2.9090372380431924e+41
8768.746697393268	5.937778056099197e+44	4.190029042407824e+42	2.4149897531295642e+42	1.2941728575709928e+42	8.426048972735683e+41	4.6141018939614215e+41	1.1915239023249189e+41	5.916215364804487e+40	2.2530022228687355e+40	1.5153426972234767e+42	7.395450331196362e+41	4.6141018939614215e+41	3.069169037983178e+41
8990.616150657357	5.822115059401003e+44	4.3533101510746987e+42	2.5119739338606377e+42	1.347520242349762e+42	8.778375230767402e+41	4.810186891645762e+41	1.2434408274394572e+41	6.176244221947603e+40	2.3529067417830894e+40	1.5774369574039248e+42	7.705877855363562e+41	4.810186891645762e+41	3.200770974795094e+41
9219.665593815334	5.617686152005025e+44	4.4605188795340265e+42	2.5784234130229878e+42	1.3853839498163362e+42	9.033155956251118e+41	4.954948176877099e+41	1.2829717620725629e+41	6.376320399509725e+40	2.4305909978647414e+40	1.62116207026821e+42	7.931478996153363e+41	4.954948176877099e+41	3.299021480054911e+41
9456.380253796637	5.443385701687943e+44	4.64974359099807e+42	2.690798189014425e+42	1.4471952197424817e+42	9.441394643223146e+41	5.1821699200145576e+41	1.3431463244636194e+41	6.677740279245305e+40	2.5464124935422943e+40	1.6931077269979446e+42	8.291175398058795e+41	5.1821699200145576e+41	3.4515310512021292e+41
9700.90627712225	5.128466805385687e+44	4.750851430052295e+42	2.7550003806741936e+42	1.484451647569636e+42	9.694365753467105e+41	5.327281306027532e+41	1.3833063092841532e+41	6.881876300989617e+40	2.626007876243167e+40	1.735961978061835e+42	8.51569848260731e+41	5.327281306027532e+41	3.550509489947148e+41
9953.193013493035	4.815830912071034e+44	4.805885336942306e+42	2.793859211143507e+42	1.5087738279976302e+42	9.865652051421379e+41	5.429339815263885e+41	1.4130755981031635e+41	7.035759563081212e+40	2.6870036681655225e+40	1.763490871110374e+42	8.669150953972776e+41	5.429339815263885e+41	3.621499511997609e+41
10213.584785654619	4.481559329050817e+44	4.8994778942604827e+42	2.8548512491284275e+42	1.544883012170998e+42	1.0113336186387513e+42	5.572981956375668e+41	1.4534628746149126e+41	7.242127874241447e+40	2.767889436189106e+40	1.8048438838804114e+42	8.889566724756975e+41	5.572981956375668e+41	3.720045963111481e+41
10482.123560147686	4.126556689415155e+44	4.889016006676083e+42	2.858483312581593e+42	1.5515728521373484e+42	1.0174449462717926e+42	5.6176771057969576e+41	1.469650958512795e+41	7.330776008008812e+40	2.8049112941831064e+40	1.811388088616922e+42	8.94743914206521e+41	5.6176771057969576e+41	3.753997438166151e+41
10759.244002106034	3.8320672599830905e+44	4.8763158967447357e+42	2.8602678772414634e+42	1.557131227344508e+42	1.0228025782755344e+42	5.658306487040432e+41	1.4849084896632472e+41	7.415148748281078e+40	2.840467785812414e+40	1.8166330262625556e+42	8.998693554221313e+41	5.658306487040432e+41	3.785319772154605e+41
11045.163359679622	3.5651153229917802e+44	4.890069192711206e+42	2.877648365517364e+42	1.5711855538135932e+42	1.0337341036647419e+42	5.7296875176241285e+41	1.5081789013426897e+41	7.539402765686472e+40	2.8912429174287545e+40	1.8317914915726873e+42	9.098962188718764e+41	5.7296875176241285e+41	3.8371705036559915e+41
11340.177862424844	3.3244353884648927e+44	4.8681553553783465e+42	2.875273108603128e+42	1.575109610412075e+42	1.0382563834020404e+42	5.767248573958036e+41	1.5232921570220863e+41	7.624249158068923e+40	2.927456813790859e+40	1.8349581182359088e+42	9.143445928390696e+41	5.767248573958036e+41	3.8670317383757726e+41
11644.814084401203	3.1320405776330416e+44	4.8545386875006125e+42	2.877512433887407e+42	1.5814844318935097e+42	1.0443818909697911e+42	5.813713076497348e+41	1.5407975170451242e+41	7.721196892979171e+40	2.9683792469097563e+40	1.8409945840024337e+42	9.202036287354233e+41	5.813713076497348e+41	3.9028850641863016e+41
11959.364250338716	2.9525122355215543e+44	4.879402542606062e+42	2.902123011973826e+42	1.5999130449199954e+42	1.0583694250058891e+42	5.903263199164677e+41	1.5694072851882345e+41	7.873187235462027e+40	3.0302143499960335e+40	1.861130496073257e+42	9.329652414816584e+41	5.903263199164677e+41	3.967391061212385e+41
12284.143397525413	2.7890074230961155e+44	4.8267132288884616e+42	2.881756486769965e+42	1.5943695254134148e+42	1.0568733162835881e+42	5.909198770673244e+41	1.5771277013127178e+41	7.923022293748934e+40	3.0538288941415437e+40	1.853134882549146e+42	9.321753934342294e+41	5.909198770673244e+41	3.976839893241752e+41
12619.546479661583	2.648287411336126e+44	4.811273607419269e+42	2.881991210242531e+42	1.5994909686654195e+42	1.0621991534013676e+42	5.9518066843131254e+41	1.5940922070453947e+41	8.01844068102717e+40	3.094695873265437e+40	1.8577228755253356e+42	9.373457856346723e+41	5.9518066843131254e+41	4.010455790543716e+41
12965.946845734039	2.518383770323659e+44	4.794693716010684e+42	2.8826794145220675e+42	1.605331660744797e+42	1.0681514310867216e+42	5.9987721482848175e+41	1.6125212299371455e+41	8.121674861785818e+40	3.1387423583729443e+40	1.863030294421138e+42	9.431022289107776e+41	5.9987721482848175e+41	4.047293743030843e+41
13323.813769828987	2.4036326624107513e+44	4.727054821149626e+42	2.852689927935114e+42	1.5944127606526505e+42	1.063156743184094e+42	5.9859862617541864e+41	1.6158411012628399e+41	8.150808778363799e+40	3.155005010655278e+40	1.8487710534676104e+42	9.392514573597829e+41	5.9859862617541864e+41	4.044591969669532e+41
13693.609882286826	2.299086122536797e+44	4.7552575570628465e+42	2.8785049779767575e+42	1.6134419208414928e+42	1.0776110892482454e+42	6.079063144056382e+41	1.6460512519678195e+41	8.31240260092024e+40	3.2212407926510385e+40	1.8695897659222643e+42	9.524517521165704e+41	6.079063144056382e+41	4.1119656646438005e+41
14075.796640046963	2.2136169808261692e+44	4.731109766183263e+42	2.8724984811452886e+42	1.614852738331367e+42	1.0804622699796814e+42	6.108189301074606e+41	1.6598592569561286e+41	8.393214604018125e+40	3.2570759125555482e+40	1.869906307512794e+42	9.554455463560813e+41	6.108189301074606e+41	4.1367958094019335e+41
14470.917055200625	2.1274572196498542e+44	4.672666564059462e+42	2.8464650097207934e+42	1.6057227613707073e+42	1.0766005480651624e+42	6.10182955934994e+41	1.6651438687827279e+41	8.432910581023024e+40	3.277724719836161e+40	1.8577985715936726e+42	9.52591163588391e+41	6.10182955934994e+41	4.1385749230981975e+41
14879.529643757234	2.053927207234447e+44	4.7327760158011025e+42	2.886832413000836e+42	1.6309688922390747e+42	1.0946280949262973e+42	6.212089490282106e+41	1.6992226753855955e+41	8.613356201400721e+40	3.351139704257541e+40	1.8862892753703984e+42	9.688272138185088e+41	6.212089490282106e+41	4.216705346451859e+41
15302.221397039924	1.988697682631966e+44	4.8165467555165855e+42	2.938680963013064e+42	1.6609956018013696e+42	1.1152069979016344e+42	6.332713602376672e+41	1.7346801864391432e+41	8.798934380074953e+40	3.4260120837602394e+40	1.9207746813829522e+42	9.871652942990254e+41	6.332713602376672e+41	4.300443494097853e+41
15739.641816026377	1.929181933462567e+44	4.949541791930203e+42	3.022765097517514e+42	1.7102823949600287e+42	1.1490411316112939e+42	6.530132671366362e+41	1.7912974743574038e+41	9.091042033905637e+40	3.5417945083304337e+40	1.97727322701277e+42	1.0173033199925199e+42	6.530132671366362e+41	4.436654780134319e+41
16192.462547017327	1.882933120499546e+44	5.112920832795805e+42	3.130402713012887e+42	1.7750352065156943e+42	1.193915714848608e+42	6.793554289728806e+41	1.866689497900128e+41	9.47836245186595e+40	3.6943502238309146e+40	2.0511316124685548e+42	1.0573522436440795e+42	6.793554289728806e+41	4.618576008600811e+41
16661.418582230504	1.8221757364787833e+44	5.263477736900148e+42	3.2237646118485706e+42	1.8288351221961913e+42	1.2305142376252932e+42	7.005062405397556e+41	1.926629930502786e+41	9.786717003678725e+40	3.816308140159868e+40	2.1130422690290242e+42	1.0898754273010652e+42	7.005062405397556e+41	4.7638143027391894e+41
17147.284869165847	1.7696268896696065e+44	5.499029532144789e+42	3.372756036628091e+42	1.9159122783434105e+42	1.290041305186613e+42	7.34960599511296e+41	2.0232948657409832e+41	1.0280009862959917e+41	4.0092808997141213e+40	2.2129719520132208e+42	1.1428169124680071e+42	7.34960599511296e+41	5.000025899231484e+41
17650.883117401343	1.7190418051500755e+44	5.710061448059477e+42	3.5011521504898095e+42	1.9886353832684755e+42	1.3390232056487725e+42	7.629308419402721e+41	2.1009547939578664e+41	1.0676424196960822e+41	4.164774212116489e+40	2.296995118661098e+42	1.1862239233521856e+42	7.629308419402721e+41	5.1907480195613396e+41
18173.103052746246	1.6771442641680012e+44	5.896250545340259e+42	3.611950868910671e+42	2.0503085813505588e+42	1.380259179582239e+42	7.863546457399807e+41	2.166039927135708e+41	1.1009742390250285e+41	4.296183422567102e+40	2.3685087710747507e+42	1.2227087952216651e+42	7.863546457399807e+41	5.350292064065065e+41
18714.891142545628	1.6196385588925417e+44	6.265003878563598e+42	3.837078326293506e+42	2.177638378008692e+42	1.465772391068846e+42	8.349026465485706e+41	2.2985955120798487e+41	1.1680403664839977e+41	4.556368910627128e+40	2.5157302768906304e+42	1.2984052929455402e+42	8.349026465485706e+41	5.679771162304545e+41
19277.255506314523	1.5751438812004757e+44	6.517497439426131e+42	3.988681081793986e+42	2.2614657671253828e+42	1.5212795140560837e+42	8.659376385272655e+41	2.382164523301621e+41	1.2103451841442686e+41	4.721254820210436e+40	2.613203082856823e+42	1.3473536080415694e+42	8.659376385272655e+41	5.888939654682962e+41
19861.28539281161	1.5291727354093157e+44	6.748181298622962e+42	4.138714058723953e+42	2.3505699090547642e+42	1.5825932598774255e+42	9.01650335501048e+41	2.4832377377688944e+41	1.262081009853318e+41	4.924288390693994e+40	2.7151395567124986e+42	1.401970694017076e+42	9.01650335501048e+41	6.134558327908907e+41
20468.141859166524	1.4752711480913587e+44	6.877204448482693e+42	4.2249219283028684e+42	2.4030793249523083e+42	1.619291449524869e+42	9.234555779979504e+41	2.547309659990178e+41	1.295389860841386e+41	5.057291633023471e+40	2.7748490815108153e+42	1.4348078888966574e+42	9.234555779979504e+41	6.286390018695933e+41
21099.079009270863	1.4200486548076503e+44	6.961283508592573e+42	4.2835146246498733e+42	2.440039773987436e+42	1.6456357540768914e+42	9.394805273824694e+41	2.596299919565928e+41	1.321239555281472e+41	5.162143261673516e+40	2.816542186805028e+42	1.458509481879855e+42	9.394805273824694e+41	6.3995078951777726e+41
21755.440771778845	1.363839073009145e+44	7.098327868129457e+42	4.379692244254697e+42	2.500438694342607e+42	1.6883407175039406e+42	9.650743536224167e+41	2.6717839088194514e+41	1.3604288274787227e+41	5.318212197880503e+40	2.884818050065464e+42	1.496816883841315e+42	9.650743536224167e+41	6.578193144861559e+41
22438.67059753701	1.3066436033075713e+44	7.218528265150251e+42	4.4669973356489776e+42	2.556528461450104e+42	1.7284053453378003e+42	9.893259335344207e+41	2.7442201362842895e+41	1.3981798044786278e+41	5.469106890949722e+40	2.9479263244933575e+42	1.532846330171333e+42	9.893259335344207e+41	6.748332364970954e+41
23150.329347363448	1.2486186552650286e+44	7.302529225745563e+42	4.531129478782759e+42	2.5993071854308035e+42	1.759560651026667e+42	1.0085959600663736e+42	2.8037128446237284e+41	1.4295453518865326e+41	5.595969069938648e+40	2.995662095695135e+42	1.561008845078635e+42	1.0085959600663736e+42	6.8851325816128825e+41
23892.09800555624	1.1898476790474897e+44	7.421020675567668e+42	4.6230307123542355e+42	2.6612789638082818e+42	1.8048715746476724e+42	1.0366655219797574e+42	2.889728658239071e+41	1.4745921344812388e+41	5.776426049658942e+40	3.064667746169183e+42	1.601995817884627e+42	1.0366655219797574e+42	7.084203281041509e+41
24665.790340101197	1.1304904022548799e+44	7.448436279608258e+42	4.65648756945596e+42	2.689315414524969e+42	1.8272097051988052e+42	1.0516495239820263e+42	2.940394384672516e+41	1.5019381492687403e+41	5.889279767751613e+40	3.094618185338831e+42	1.6226194121694848e+42	1.0516495239820263e+42	7.19457392134528e+41
25473.37411301657	1.0708211238948073e+44	7.458620270506265e+42	4.6777686026156524e+42	2.7098163060962954e+42	1.8443278741948644e+42	1.0636189300543284e+42	2.982956584992216e+41	1.5252593178377717e+41	5.986925960009318e+40	3.116001999083818e+42	1.6385950498696082e+42	1.0636189300543284e+42	7.284474635526205e+41
26316.977150100032	1.0095734185668985e+44	7.6211228679431e+42	4.7867598877664484e+42	2.776595935528776e+42	1.891156648470285e+42	1.0915344832169213e+42	3.0651925056602676e+41	1.5680065193297435e+41	6.157493083598695e+40	3.1918300465905535e+42	1.6805326737889556e+42	1.0915344832169213e+42	7.479113079532427e+41
27198.892568924377	9.514158024671523e+43	7.627224295335222e+42	4.8033984658885513e+42	2.793344051980043e+42	1.9053786776640008e+42	1.1016639698873387e+42	3.1023315275865863e+41	1.5885929768016922e+41	6.244754028430182e+40	3.2091646516470185e+42	1.6938636239747004e+42	1.1016639698873387e+42	7.556000214603461e+41
28121.73877408925	8.914098038724061e+43	7.762474944378813e+42	4.894472119672819e+42	2.849497696065802e+42	1.9449745747322717e+42	1.125469474367928e+42	3.1737350803825463e+41	1.6259923363886052e+41	6.395236256843264e+40	3.2728110202589764e+42	1.7293877488738723e+42	1.125469474367928e+42	7.722942480212117e+41
29088.208223926005	8.331837932966851e+43	7.910479158226266e+42	4.99461093534955e+42	2.9111645047178386e+42	1.9883533739548576e+42	1.1514477369538084e+42	3.2510545365058506e+41	1.6663687434770692e+41	6.557184913506736e+40	3.3427528157966756e+42	1.7682736152446877e+42	1.1514477369538084e+42	7.904652919881476e+41
30101.212543579502	7.758195130747206e+43	8.048018665958932e+42	5.0896394574223556e+42	2.97046159363918e+42	2.0303099723794885e+42	1.1767203662712106e+42	3.3268554277088358e+41	1.70604825754781e+41	6.716715708255859e+40	3.4098263395046885e+42	1.8059392308272147e+42	1.1767203662712106e+42	8.08194145058274e+41
31163.91730404928	7.195863375784304e+43	8.175624521226663e+42	5.1803014770213265e+42	3.0279695549923855e+42	2.0712768740412806e+42	1.2015515878487043e+42	3.4018874354417957e+41	1.7454082125307974e+41	6.875271431090892e+40	3.4746662536614725e+42	1.8427757204279666e+42	1.2015515878487043e+42	8.256643658182178e+41
32279.772140989266	6.64775050749824e+43	8.293439097488256e+42	5.267154391202461e+42	3.084192488950681e+42	2.1116453619668407e+42	1.2261879794945104e+42	3.476869520454324e+41	1.784812309214155e+41	7.034246984950819e+40	3.537811179483605e+42	1.8791399969730526e+42	1.2261879794945104e+42	8.430493527670672e+41
33452.545250011965	6.116534817386733e+43	8.400847725305014e+42	5.35038756901754e+42	3.139482531191145e+42	2.1517252475244437e+42	1.250841984440315e+42	3.552466589944751e+41	1.824601560374533e+41	7.19496254425733e+40	3.5996089673107536e+42	1.9153215752495033e+42	1.250841984440315e+42	8.605033062372305e+41
34686.36297318914	5.604606258918107e+43	8.496465013251335e+42	5.429821100742725e+42	3.1940504211238044e+42	2.1917573161558792e+42	1.2757024976764688e+42	3.629330489526861e+41	1.865116395268376e+41	7.35875264742326e+40	3.6602253978043455e+42	1.951554911477131e+42	1.2757024976764688e+42	8.7816963152358e+41
35985.75539807633	5.114029329879415e+43	8.578062597203874e+42	5.5048503358678095e+42	3.2479404459849934e+42	2.2319013197883308e+42	1.300931797388799e+42	3.7081068306619915e+41	1.9067021575194685e+41	7.526993504435257e+40	3.719612538257759e+42	1.988010102648356e+42	1.300931797388799e+42	8.961802985691798e+41
37355.70908699984	4.646525379195853e+43	8.642517543241948e+42	5.574387704558107e+42	3.3009999572625095e+42	2.2722202049141342e+42	1.3266608416660639e+42	3.789441294081378e+41	1.9497150282714265e+41	7.701134202479092e+40	3.7774713888595735e+42	2.0247803615903964e+42	1.3266608416660639e+42	9.146544097251133e+41
38801.728298353475	4.2034638508826604e+43	8.68577714987985e+42	5.636796059782404e+42	3.352838952892332e+42	2.3126575364625762e+42	1.3529814802231674e+42	3.873983787446282e+41	1.9945279966854178e+41	7.882731849949454e+40	3.833203808679489e+42	2.0618636365874144e+42	1.3529814802231674e+42	9.33695172222038e+41
40329.906368736665	3.7858618030915756e+43	8.702863812685215e+42	5.689821737823792e+42	3.4027805494901256e+42	2.353007730207061e+42	1.3799351827901522e+42	3.962390948740421e+41	2.0415375694471486e+41	8.073494964734833e+40	3.885855582481506e+42	2.0991378969736722e+42	1.3799351827901522e+42	9.533850785908523e+41
41947.00931348141	3.394390456300102e+43	8.68794448164544e+42	5.730538249316637e+42	3.4498044568146344e+42	2.3928794101031964e+42	1.4074983245156343e+42	4.0553301038630985e+41	2.0911735912852877e+41	8.275347227872884e+40	3.934054114092917e+42	2.1363302142549837e+42	1.4074983245156343e+42	9.737794809271801e+41
43660.57419855571	3.0267036751334437e+43	8.294630189885078e+42	5.513336731644636e+42	3.340880449171676e+42	2.3255450809887158e+42	1.3733477575508758e+42	3.981013346534615e+41	2.0571448405668764e+41	8.157953799370646e+40	3.8041954999350906e+42	2.0781900246351515e+42	1.3733477575508758e+42	9.522275197438358e+41
45479.04075815417	2.6888258653766757e+43	7.88667868298602e+42	5.2854510574718704e+42	3.2252934177047716e+42	2.25357480512243e+42	1.3364936953948922e+42	3.899190859413701e+41	2.0193212657210517e+41	8.025897750752982e+40	3.666772452644489e+42	2.0159147245912274e+42	1.3364936953948922e+42	9.288237223479803e+41
47411.898288677374	2.377165714040129e+43	7.460978995045135e+42	5.044382674295975e+42	3.101319035624459e+42	2.1756979272294783e+42	1.2961468066981917e+42	3.8074770932861005e+41	1.9764678107884912e+41	7.874309696479458e+40	3.5198733839249355e+42	1.9483533976557327e+42	1.2961468066981917e+42	9.030094449565855e+41
49469.85355205971	2.0911812609347202e+43	7.019913720352639e+42	4.7911796743526793e+42	2.96933486803116e+42	2.092085737657173e+42	1.2523500717763401e+42	3.705759348071908e+41	1.928488264486234e+41	7.702667733572861e+40	3.363992701708677e+42	1.8756376985415267e+42	1.2523500717763401e+42	8.74793297703488e+41
51665.03607885835	1.830151662243028e+43	6.56621827905703e+42	4.527101781817622e+42	2.829829564710116e+42	2.0029792319370894e+42	1.2051817933323538e+42	3.5939952566571624e+41	1.8753162033417977e+41	7.510540799541989e+40	3.199756107900085e+42	1.7979595913102843e+42	1.2051817933323538e+42	8.442058450752977e+41
54011.24749267306	1.5931731685486207e+43	6.102914597383474e+42	4.2535836631486854e+42	2.683381985877344e+42	1.9086747778612603e+42	1.1547471907615535e+42	3.472187813049899e+41	1.816901785309631e+41	7.297534797890714e+40	3.0278966213730306e+42	1.7155585728834074e+42	1.1547471907615535e+42	8.112937657103734e+41
56524.26648042157	1.3791911445210523e+43	5.633301022454363e+42	3.972237772084043e+42	2.530664943731372e+42	1.8095270247783574e+42	1.1011801956747087e+42	3.3403893758175803e+41	1.7532131915634192e+41	7.06329486159846e+40	2.8492585137297056e+42	1.6287243193733902e+42	1.1011801956747087e+42	7.761210684928692e+41
59222.22478625194	1.1870315817028403e+43	5.160935886416712e+42	3.6848561225479956e+42	2.372449153583159e+42	1.7059520559210967e+42	1.0446454248687144e+42	3.198706433054713e+41	1.6842384519640206e+41	6.8075088014617045e+40	2.664801351767117e+42	1.5377995613725423e+42	1.0446454248687144e+42	7.387704527096316e+41
62126.074763043456	1.0154310538720151e+43	4.6896117015180677e+42	3.393409582535463e+42	2.209606948786693e+42	1.5984305358513984e+42	9.853401730382125e+41	3.0473046581800536e+41	1.6099874331253065e+41	6.529910918908398e+40	2.4756035554015378e+42	1.443182968389693e+42	9.853401730382125e+41	6.993446950710791e+41
65260.1762386716	8.63064589272777e+42	4.223317314454141e+42	3.100043272195946e+42	2.043115406785348e+42	1.4875107330924605e+42	9.234963592296553e+41	2.8864139850672613e+41	1.5304938697607876e+41	6.230285785432329e+40	2.2828649428600954e+42	1.3453319480984921e+42	9.234963592296553e+41	6.579680053602172e+41
68653.04072528111	7.285710956675055e+42	3.7661852686166013e+42	2.807066154030974e+42	1.8740582479412197e+42	1.373811171613079e+42	8.593823197081365e+41	2.7163332366780843e+41	1.4458172149035023e+41	5.908471213918612e+40	2.0879073764224985e+42	1.2447651702800492e+42	8.593823197081365e+41	6.14787261951734e+41
72338.28584502627	6.10576125795962e+42	3.322421844135603e+42	2.5169324155744756e+42	1.703625446147156e+42	1.2580224317657024e+42	7.933042552019114e+41	2.537433533889333e+41	1.3560439103689835e+41	5.564358993519691e+40	1.8921721358219692e+42	1.1420644386204183e+42	7.933042552019114e+41	5.699729846307397e+41
76355.8746921387	5.077119462454031e+42	2.896217924913852e+42	2.2322119058058073e+42	1.5331089584233837e+42	1.1409072601919493e+42	7.256069888561765e+41	2.3501592566507173e+41	1.261287412125677e+41	5.197890917466461e+40	1.697212089544077e+42	1.0378752291041392e+42	7.256069888561765e+41	5.237198121838585e+41
80753.74764993646	4.1858608713006814e+42	2.4913279319681027e+42	1.9553675167738904e+42	1.363854134453451e+42	1.0233426528261094e+42	6.567989551231842e+41	2.1563780334295006e+41	1.1626463507824833e+41	4.813921225821274e+40	1.5046038076332728e+42	9.329713403590791e+41	6.567989551231842e+41	4.763965714251177e+41
85405.29970772947	3.434385668059799e+42	2.1438044066444887e+42	1.7241781057444496e+42	1.2277237263464005e+42	9.313448092209774e+41	6.0494773236735226e+41	2.0204040738006324e+41	1.0953710632313823e+41	4.560252530285196e+40	1.348149311879243e+42	8.515621573418444e+41	6.0494773236735226e+41	4.415741079145524e+41
90325.12994539947	2.8127941272442026e+42	1.829076544764557e+42	1.510968139764931e+42	1.1006632665162578e+42	8.451236604640363e+41	5.562884927023746e+41	1.8938729282656938e+41	1.033174177763276e+41	4.327697555613545e+40	1.2024547300869903e+42	7.752126065196151e+41	5.562884927023746e+41	4.089392757539012e+41
95528.75167391497	2.2999634751302885e+42	1.5457543771791923e+42	1.3149208015376766e+42	9.820721071114416e+41	7.641627557385303e+41	5.1040775731263235e+41	1.7747573851291077e+41	9.748192643980597e+40	4.1106254131709973e+40	1.0668810669120638e+42	7.034291464774421e+41	5.1040775731263235e+41	3.781464497133919e+41
101032.57746275529	1.8778454471776477e+42	1.2924922593208108e+42	1.1353356476027243e+42	8.7148727906825e+41	6.880931592715211e+41	4.670472438633203e+41	1.6621600626414898e+41	9.198352676702534e+40	3.907185834007664e+40	9.409231632385585e+41	6.358683809747682e+41	4.670472438633203e+41	3.4900101329946434e+41
106853.97127393588	1.531129086456009e+42	1.0679998006218645e+42	9.716368045400819e+41	7.685520799183885e+41	6.166245806228572e+41	4.259941126296277e+41	1.5552848523022833e+41	8.677967624495957e+40	3.7156906068796843e+40	8.241911140879916e+41	5.722574634194411e+41	4.259941126296277e+41	3.213380376495156e+41
113011.30361024484	1.246895029010983e+42	8.709766668617438e+41	8.23335812144527e+41	6.730008787332097e+41	5.495371540517631e+41	3.870772717844034e+41	1.4534281236222784e+41	8.183185392253743e+40	3.5345872210496924e+40	7.163910943297826e+41	5.123872220620769e+41	3.870772717844034e+41	2.9502005679437264e+41
119524.00985354264	1.0142932757632998e+42	7.000522906870383e+41	6.8999429540734365e+41	5.846456288958525e+41	4.866757250364628e+41	3.5016600272721065e+41	1.3559805568917089e+41	7.710564598777798e+40	3.362459683089496e+40	6.173073637754068e+41	4.561078473055165e+41	3.5016600272721065e+41	2.699367462191848e+41
126412.65197794604	8.242500710085428e+41	5.537331877584344e+41	5.711832035033841e+41	5.03359103957505e+41	4.27942264685378e+41	3.151678015219848e+41	1.2624276614335207e+41	7.257079213707149e+40	3.1980281465947995e+40	5.267804970705591e+41	4.033230371683705e+41	3.151678015219848e+41	2.460041270017808e+41
133698.98383346712	6.692057056092705e+41	4.3036451965301105e+41	4.6644140787544776e+41	4.290551407537152e+41	3.7328635449158514e+41	2.8202544192932742e+41	1.1723490324492244e+41	6.820119383856747e+40	3.0401475417857273e+40	4.446824718511398e+41	3.5398253769301005e+41	2.8202544192932742e+41	2.231633320717522e+41
141406.02020704656	5.428831967253595e+41	3.2811171449118476e+41	3.752371184607383e+41	3.616665267659768e+41	3.2269376520591487e+41	2.507132293055312e+41	1.0854164617255037e+41	6.397488821449022e+40	2.8878055572822367e+40	3.7088972721811564e+41	3.0807304690607835e+41	2.507132293055312e+41	2.01378949785628e+41
149558.1098799376	4.400865197343148e+41	2.449660640122027e+41	2.9693591479509907e+41	3.0112156467140073e+41	2.761733012109146e+41	2.2123239377276957e+41	1.0013910024440747e+41	5.987398989665443e+40	2.7401202463672334e+40	3.0525578315922766e+41	2.6560754088395617e+41	2.2123239377276957e+41	1.806369300188344e+41
158181.01291310732	3.565262907881147e+41	1.787754056536524e+41	2.307790796662102e+41	2.473207420568405e+41	2.337422907597983e+41	1.9360558450455496e+41	9.201190529751127e+40	5.588460227495429e+40	2.596337436916445e+40	2.4758542618586892e+41	2.2661323179987218e+41	1.9360558450455496e+41	1.6094201679340802e+41
167301.98240575922	2.8867038360110335e+41	1.2729760687341586e+41	1.758752616796028e+41	2.0011525874750676e+41	1.954113460713109e+41	1.678704769197611e+41	8.415274688109618e+40	5.199669892526782e+40	2.4558280271645607e+40	1.9761272709723157e+41	1.911185626394198e+41	1.678704769197611e+41	1.4231466588733263e+41
176949.8509862934	2.3361680407031074e+41	8.82711496010951e+40	1.3120725243071563e+41	1.5928934226859545e+41	1.6116926221416825e+41	1.4407258783999733e+41	7.656176426517224e+40	4.8203975363667585e+40	2.318085161455302e+40	1.5498517309207287e+41	1.5913985748024766e+41	1.4407258783999733e+41	1.2478741993685645e+41
187155.12231005097	1.889861588395611e+41	5.949434227523845e+40	9.565393386527392e+40	1.2454823874366259e+41	1.309691297766728e+41	1.2225750284511145e+41	6.924584236093298e+40	4.450367026290014e+40	2.1827212140498747e+40	1.1925589333484055e+41	1.3066844966439868e+41	1.2225750284511145e+41	1.0840074838655615e+41
197950.06785408547	1.5283117713402198e+41	3.890320483918101e+40	6.802545714069394e+40	9.551344359461151e+40	1.0471685708435223e+41	1.0246284389161695e+41	6.221776950447858e+40	4.089635361881632e+40	2.0494644720321987e+40	8.988529885549702e+40	1.0565926612960312e+41	1.0246284389161695e+41	9.319841369997827e+40
209368.82931601687	1.235609343018856e+41	2.4638292527498e+40	4.710779725123748e+40	7.172611394769234e+40	8.22632855901248e+40	8.471042837890334e+40	5.549524151246225e+40	3.7385677098845037e+40	1.918155398406586e+40	6.625247438830215e+40	8.402191339080616e+40	8.471042837890334e+40	7.9222494587511275e+40
221447.5269418083	9.987764835749664e+40	1.509268539176657e+40	3.171138030716385e+40	5.2658722415159205e+40	6.34008979989448e+40	6.899917320560683e+40	4.909969596899788e+40	3.397807931208776e+40	1.7887423605518135e+40	4.767546350430447e+40	6.561524917227449e+40	6.899917320560683e+40	6.650827510202803e+40
234224.37412611634	8.072415546394073e+40	8.936684471092135e+39	2.0717847376158424e+40	3.773398032867192e+40	4.78657464881088e+40	5.529935514810483e+40	4.305497026205894e+40	3.068243669938535e+40	1.661276708649061e+40	3.343836932564979e+40	5.024620526847172e+40	5.529935514810483e+40	5.507928590825962e+40
247739.79864876333	6.524040197365946e+40	5.1186908375301346e+39	1.3119391362960438e+40	2.6349049861042133e+40	3.534468818149598e+40	4.354882742582915e+40	3.7385792596023474e+40	2.7509649954541747e+40	1.535907066153258e+40	2.2822187747830935e+40	3.7673247825546926e+40	4.354882742582915e+40	4.494284825038746e+40
262036.57093193012	5.2727510167319835e+40	2.8454239503939084e+39	8.046445168826779e+39	1.790228149250628e+40	2.548737119008446e+40	3.36516917560148e+40	3.211613643110056e+40	2.4472157077744907e+40	1.4128726427328627e+40	1.5135725903464232e+40	2.761435182093308e+40	3.36516917560148e+40	3.6086506986558866e+40
277159.93972493237	4.261817709439962e+40	1.5472894722447715e+39	4.7815360374070273e+39	1.1819338961842153e+40	1.792177175829947e+40	2.5479728004517177e+40	2.7267494148514406e+40	2.1583367849260457e+40	1.2924953090261372e+40	9.74298846179683e+39	1.9758796556114868e+40	2.5479728004517177e+40	2.847573098244184e+40
293157.7756469997	3.4452347899555627e+40	8.358817418764327e+38	2.759404879124689e+39	7.575716294189161e+39	1.2271567567274212e+40	1.8876600943162777e+40	2.285715268260195e+40	1.8857020794285122e+40	1.1751701003789934e+40	6.084062620145432e+39	1.378155812931653e+40	1.8876600943162777e+40	2.2053194425413265e+40
310080.7230433946	2.785726659121232e+40	4.602731218369915e+38	1.5555233381649748e+39	4.7133046517708524e+39	8.17336231806786e+39	1.3664530162983088e+40	1.889657902959161e+40	1.6306472537539279e+40	1.0613537756872174e+40	3.687676195831257e+39	9.358693791562558e+39	1.3664530162983088e+40	1.6739826767200627e+40
327982.3606365673	2.2531148263038553e+40	2.672549778624314e+38	8.66518326169254e+38	2.8497004524635386e+39	5.2918269861524985e+39	9.652779077380219e+39	1.5390042131424904e+40	1.3943940251222154e+40	9.515510692503966e+39	2.1749957450245904e+39	6.18197361434844e+39	9.652779077380219e+39	1.2437639148800022e+40
346919.37148193334	1.8229838936491157e+40	1.6863296815560091e+38	4.865262940654684e+38	1.680137124934436e+39	3.3311991557782276e+39	6.647057470590698e+39	1.2333604403232888e+40	1.1779729895346214e+40	8.46298358989821e+39	1.2555704018523848e+39	3.9711626024447345e+39	6.647057470590698e+39	9.034123264062799e+39
366951.7227673582	1.475593395249899e+40	1.1664127264446061e+38	2.8317935980233383e+38	9.730143721654277e+38	2.0422111287821498e+39	4.4587990376290665e+39	9.714606000323752e+39	9.821494792959839e+39	7.461446416041165e+39	7.173370884950805e+38	2.4827715406457014e+39	4.4587990376290665e+39	6.40780917456872e+39
388142.85602664785	1.194991483038072e+40	8.696737293309697e+37	1.760051710785149e+38	5.607729682804548e+38	1.2242656397440257e+39	2.9133079789525387e+39	7.511734276348205e+39	8.073578831828836e+39	6.516299502316111e+39	4.131116803754997e+38	1.5146929980532146e+39	2.9133079789525387e+39	4.434402645870898e+39
410559.8883703612	9.68293997426603e+39	6.796607839976845e+37	1.1883876110384286e+38	3.2819883002011476e+38	7.233848224595512e+38	1.8559685011155515e+39	5.69571979981765e+39	6.53650406177724e+39	5.632616716237924e+39	2.4596863087057953e+38	9.067916881356999e+38	1.8559685011155515e+39	2.992838220412022e+39
434273.8253721907	7.850987850760843e+39	5.435125442484436e+37	8.6723303992315e+37	2.00137455938993e+38	4.269815051491414e+38	1.1560395316242628e+39	4.230632945197748e+39	5.2066611092189106e+39	4.8148959268865145e+39	1.5546233968540957e+38	5.380880307827307e+38	1.1560395316242628e+39	1.9706047892368387e+39
459359.7862861146	6.370104321722925e+39	4.380246020630412e+37	6.694251077069816e+37	1.3016576890474402e+38	2.5675663590887014e+38	7.079448724247296e+38	3.075680865323572e+39	4.076250852866637e+39	4.066809059393813e+39	1.0595686645904034e+38	3.2155180541937937e+38	7.079448724247296e+38	1.2678270175047434e+39
485897.2423086166	5.172549975769838e+39	3.5287970572162314e+37	5.336615709296706e+37	9.11702746123493e+37	1.6100193968579108e+38	4.3033417572400105e+38	2.1873364365963085e+39	3.133506380518651e+39	3.3909677746082266e+39	7.761330298428932e+37	1.9765712923147397e+38	4.3033417572400105e+38	7.99794471499095e+38
513970.26864163374	4.203679970638704e+39	2.8303866360836324e+37	4.316486909723807e+37	6.818847352789843e+37	1.0734110629285725e+38	2.6346035842387184e+38	1.521582630134491e+39	2.3631964891425135e+39	2.788723636328581e+39	5.999890309534194e+37	1.2775397913372726e+38	2.6346035842387184e+38	4.9787700271483196e+38
543667.811155642	3.4194193054003356e+39	2.255654971692144e+37	3.5052182384686033e+37	5.340946364877549e+37	7.657677912684517e+37	1.6555107960016582e+38	1.0360392691484919e+39	1.7473791985927623e+39	2.260022782300384e+39	4.791243076676064e+37	8.805159334758437e+37	1.6555107960016582e+38	3.0899802920231885e+38
575083.9684985918	2.784221437763267e+39	1.784000244862007e+37	2.841854618837238e+37	4.295552116167997e+37	5.793226246187384e+37	1.0884040143888643e+38	6.917596884330007e+38	1.2663410526079022e+39	1.8033337795621514e+39	3.88690420639082e+37	6.467818360645304e+37	1.0884040143888643e+38	1.9401094093728278e+38
608318.2905453638	2.269418877564959e+39	1.3990818559553309e+37	2.293831771986187e+37	3.4970252181628266e+37	4.566992084524872e+37	7.58015177492803e+37	4.5453980772503024e+38	8.996317674185527e+38	1.415663085988173e+39	3.17024761287687e+37	4.996818320435448e+37	7.58015177492803e+37	1.2541027749807528e+38
643476.0941342412	1.8518912730409953e+39	1.0871704152932547e+37	1.8404749369669822e+37	2.8570388440483277e+37	3.6874822279958633e+37	5.593368839040309e+37	2.9566055994767308e+38	6.2708974294516296e+38	1.0926651810314202e+39	2.5848428669747355e+37	3.989359795593643e+37	5.593368839040309e+37	8.480461835504556e+37
680668.7970916921	1.5129904608503806e+39	8.364749874990024e+36	1.4665033633976348e+37	2.331519852946847e+37	3.011295223025145e+37	4.326137720682725e+37	1.9207026503465022e+38	4.297559777609536e+38	8.288446494484307e+38	2.1005295197077467e+37	3.242344897643176e+37	4.326137720682725e+37	6.050062252653507e+37
720014.2716047494	1.2376732797571471e+39	6.368025310857877e+36	1.1595511564052296e+37	1.895806866460508e+37	2.4680349710361657e+37	3.454393646723428e+37	1.2608882862206377e+38	2.905923227848288e+38	6.178364843034244e+38	1.698523667998836e+37	2.6555253300194655e+37	3.454393646723428e+37	4.542937291762209e+37
761637.218061621	1.0138022729067236e+39	4.79341020404575e+36	9.091826025346872e+36	1.533827402590966e+37	2.0214377318784478e+37	2.8092115944554026e+37	8.476674422486865e+37	1.9495150613553524e+38	4.5274053174836e+38	1.3652810106989354e+37	2.178609580713663e+37	2.8092115944554026e+37	3.552194848596379e+37
805669.5605460573	8.315819424265612e+38	3.5649801788191066e+36	7.064403832509393e+36	1.2336395129351133e+37	1.6507065475592372e+37	2.3044138708125666e+37	5.905182058098058e+37	1.3078446677074994e+38	3.264783017063286e+38	1.0900517798164112e+37	1.784502021947237e+37	2.3044138708125666e+37	2.8538389111274183e+37
852250.8652396671	6.8310440452193e+38	2.6176921738861812e+36	5.435894650001978e+36	9.856302726989432e+36	1.342140569130605e+37	1.89553954532253e+37	4.290662115562834e+37	8.860748345325855e+37	2.3213712542554513e+38	8.63879325250211e+36	1.4567084833750248e+37	1.89553954532253e+37	2.3287452430455493e+37
901528.783059003	5.619832843207328e+38	1.896249004092973e+36	4.1394317945927617e+36	7.817498996734471e+36	1.085568848742419e+37	1.5582556856913872e+37	3.2487723224187213e+37	6.128019536135531e+37	1.632687555993099e+38	6.791376199865421e+36	1.183765430567258e+37	1.5582556856913872e+37	1.9144947387066288e+37
953659.5179310871	4.630587577937574e+38	1.3540756578080544e+36	3.117315489705378e+36	6.15136722621915e+36	8.72852498943285e+36	1.2777681156826958e+37	2.5455612061953497e+37	4.366129335228065e+37	1.1411680913854966e+38	5.2927313079342906e+36	9.568684599828393e+36	1.2777681156826958e+37	1.5777719604456043e+37
1008808.3221923343	3.821599426341476e+38	9.523678278824794e+35	2.3199516728177983e+36	4.7989558989282667e+36	6.97221760244424e+36	1.0439323025179072e+37	2.0442630279711084e+37	3.2210296754558387e+37	7.975855398527908e+37	4.0863350031076136e+36	7.688531573752366e+36	1.0439323025179072e+37	1.299644742391446e+37
1067150.0206818418	3.1591349038038416e+38	6.59190846700124e+35	1.7049579577862068e+36	3.709453127110263e+36	5.529405430030156e+36	8.490828376244996e+36	1.667405734487956e+37	2.45936919637952e+37	5.615918678331788e+37	3.1234076422702627e+36	6.137184473877304e+36	8.490828376244996e+36	1.068218830642156e+37
1128869.565190996	2.615894053407753e+38	4.4862015451275724e+35	1.2363829173830334e+36	2.839038520468768e+36	4.3510473409113857e+36	6.87067662141815e+36	1.3717733527557839e+37	1.93363719938295e+37	4.0148428068912395e+37	2.3619182784178094e+36	4.86366571792062e+36	6.87067662141815e+36	8.751693476595699e+36
1194162.6210276026	2.169768389028147e+38	2.999225452927323e+35	8.840028460721487e+35	2.1499750581065988e+36	3.3950267618847854e+36	5.527881802446512e+36	1.1330077904262207e+37	1.554000409549088e+37	2.9337792730191726e+37	1.76577280949208e+36	3.8243615585842283e+36	5.527881802446512e+36	7.14154044352972e+36
1263236.1875545837	1.8028402657265263e+38	1.9678310974113065e+35	6.22673389785342e+35	1.6098671487374212e+36	2.6251037585826818e+36	4.4194905164006655e+36	9.36764503713223e+36	1.2673099115617436e+37	2.200106320760544e+37	1.3041311752185987e+36	2.981821181926922e+36	4.4194905164006655e+36	5.80079337585567e+36
1336309.254671016	1.5005766186894521e+38	1.2658540791107829e+35	4.3172237561026335e+35	1.1910372133304271e+36	2.010092151634676e+36	3.508997607645543e+36	7.739422702394521e+36	1.042576471052774e+37	1.6940177393613334e+37	9.508163319271297e+35	2.303836302746864e+36	3.508997607645543e+36	4.687350503483251e+36
1413613.497317256	1.2511791987234768e+38	7.975306973205843e+34	2.9437720127975276e+35	8.699878802348867e+35	1.523195438465768e+36	2.7652207497651026e+36	6.38242851981794e+36	8.616027550265243e+36	1.3354876472197205e+37	6.837891587435175e+35	1.7627110133621617e+36	2.7652207497651026e+36	3.765877301470563e+36
1495394.0102064835	1.0450608123029128e+38	4.915989800640721e+34	1.9722507763659373e+35	6.269263850883453e+35	1.1414589710146183e+36	2.1614457983308167e+36	5.249644633345586e+36	7.133277618328596e+36	1.0728580532415748e+37	4.8467150196204086e+35	1.334669098876019e+36	2.1614457983308167e+36	3.006464190264334e+36
1581910.085112552	8.744229761234606e+37	2.96132555371458e+34	1.2970768659117202e+35	4.453346610951769e+35	8.453081795375835e+35	1.6747540026189315e+36	4.304062020893368e+36	5.906122737884241e+36	8.736731278033835e+36	3.38305667827223e+35	9.99363121734775e+35	1.6747540026189315e+36	2.3836604246622305e+36
1673436.0331789935	7.329152732345348e+37	1.7412600943635573e+34	8.365376828558079e+34	3.1157433557043713e+35	6.1815108157083134e+35	1.285481508795735e+36	3.515604668023949e+36	4.885023460419741e+36	7.178586716307375e+36	2.323437260619326e+35	7.39459933953446e+35	1.285481508795735e+36	1.8757362658180817e+36
1770262.0548568117	6.153604584660449e+37	9.981869544947783e+33	5.285358616496757e+34	2.1451980714391567e+35	4.460285728689859e+35	9.7677804144284e+35	2.859385106970886e+36	4.0332283048264345e+36	5.929887960967075e+36	1.5686338066529892e+35	5.4028327950735726e+35	9.7677804144284e+35	1.4641007761322237e+36
1872695.1602297383	5.175325431420665e+37	5.571548623624823e+33	3.267885490892184e+34	1.4521612207660721e+35	3.1730084624962894e+35	7.34241502596661e+35	2.3145942478146982e+36	3.322075948809212e+36	4.9120610401360913e+36	1.0400997786120439e+35	3.8949944157545544e+35	7.34241502596661e+35	1.1328341326960324e+36
1981060.1426454422	4.359775395853155e+37	3.023961078234237e+33	1.9750456749238165e+34	9.65606410967021e+34	2.223616606992846e+35	5.4561067151175395e+35	1.863720233102639e+36	2.728482715867378e+36	4.073314485419823e+36	6.766576362764797e+34	2.768354789397537e+35	5.4561067151175395e+35	8.683070227670471e+35
2095700.6087402666	3.67868597594181e+37	1.5937029221982594e+33	1.1654647352056358e+34	6.300914036101284e+34	1.5337522852375685e+35	4.005025256960967e+35	1.4919607207061455e+36	2.233497785724737e+36	3.377603563279819e+36	4.314835007647647e+34	1.93822873480203e+35	4.005025256960967e+35	6.5886762655206026e+35
2216980.0681239287	3.108888401571638e+37	8.143986516598041e+32	6.70663445705633e+33	4.03077392255227e+34	1.0403266992944491e+35	2.9018361621942204e+35	1.1867628651785989e+36	1.8213873312459147e+36	2.798419517923498e+36	2.6940349260057335e+34	1.3356181266610832e+35	2.9018361621942204e+35	4.945811097489668e+35
2345283.0861798874	2.6313654816504412e+37	4.029066858085586e+32	3.7587411191790403e+33	2.525226259762542e+34	6.932681728790038e+34	2.0736768442328296e+35	9.374555258416459e+35	1.4789977512459927e+36	2.3153513638854037e+36	1.6451654051771208e+34	9.05034756849141e+34	2.0736768442328296e+35	3.6701011637586485e+35
2481016.5036373064	2.2304837285525197e+37	1.92672284655975e+32	2.0489769603825842e+33	1.5476251481016076e+34	4.5345262605306535e+34	1.4603371774522758e+35	7.349515413366917e+35	1.1952814683674454e+36	1.9121594307623505e+36	9.814916534600725e+33	6.024913378719415e+34	1.4603371774522758e+35	2.6902707297252395e+35
2624610.7267824025	1.8933708229188142e+37	8.891189351018232e+31	1.0848952229755712e+33	9.268119073237891e+33	2.9082199623520384e+34	1.0126040264600118e+35	5.715047335143654e+35	9.609279740943496e+35	1.575646231262102e+36	5.71368744601822e+33	3.9365900072878535e+34	1.0126040264600118e+35	1.9465106891075e+35
2776521.092401096	1.6094106490918292e+37	3.952503756754176e+31	5.57143602828961e+32	5.417058529827988e+33	1.8269860727647022e+34	6.90744943030232e+34	4.405106364261981e+35	7.680696462257636e+35	1.2949462924784102e+36	3.241596751919179e+33	2.521959139827956e+34	6.90744943030232e+34	1.3890391689952017e+35
2937229.3117820835	1.369833143988452e+37	1.6895401414386153e+31	2.770893415787885e+32	3.086350390447999e+33	1.1230143730801641e+34	4.631164206691603e+34	3.363420823222141e+35	6.100435634752548e+35	1.0610425971483273e+36	1.7899895558477728e+33	1.5825283278566995e+34	4.631164206691603e+34	9.76812343384325e+34
3107244.998360347	1.167380871818883e+37	6.931462580763787e+30	1.3324818547076594e+32	1.7118952348899516e+33	6.746636875222923e+33	3.048911155313077e+34	2.5421278714789644e+35	4.8119712956733005e+35	8.664141475721947e+35	9.607330535899835e+32	9.716035142631218e+33	3.048911155313077e+34	6.763572166171602e+34
3287107.2838466875	9.960376792567779e+36	2.7238330030176266e+30	6.185524579925606e+31	9.231568709025142e+32	3.9566762365074823e+33	1.9690338802379376e+34	1.9006329158345788e+35	3.7672867865137285e+35	7.04766080532378e+35	5.004971423451491e+32	5.829882142334094e+33	1.9690338802379376e+34	4.607077017492706e+34
3477386.5279698106	8.508076073199384e+36	1.0231407607151318e+30	2.767059755221939e+31	4.833155920080533e+32	2.262467627763692e+33	1.246149699472203e+34	1.4046463898412505e+35	2.9255635166411752e+35	5.708162347202819e+35	2.527004360194499e+32	3.4146953321417596e+33	1.246149699472203e+34	3.0843313684123015e+34
3678686.127254826	7.275344883078861e+36	3.665631133241102e+29	1.190712381515196e+31	2.4530528617321465e+32	1.2597593498459199e+33	7.720273681154786e+33	1.0253603252922984e+35	2.2520992541252255e+35	4.601229413823876e+35	1.234657340821842e+32	1.9499895446698494e+33	7.720273681154786e+33	2.0275409572558029e+34
3891644.4285766645	6.227546420735117e+36	1.2497898844910616e+29	4.919560019830941e+30	1.205146182190685e+32	6.821297220071665e+32	4.676905837495901e+33	7.387352919728586e+34	1.717413830187753e+35	3.689445466890678e+35	5.828059575191352e+31	1.0842880395761457e+33	4.676905837495901e+33	1.3074415791919434e+34
4116936.7535598916	5.335762721043753e+36	4.0454918745015495e+28	1.9477120224714576e+30	5.721840921939215e+31	3.586873956635236e+32	2.7672346224882825e+33	5.24873674569368e+34	1.2965054436179647e+35	2.9412384539066672e+35	2.6534355154050304e+31	5.8628530635965084e+32	2.7672346224882825e+33	8.26177025404935e+33
