#t	Le	U	B	V	R	I	J	H	K	g	r	i	z
#----------------------------------------------- 
35.01488599903051	0.0	0.0	0.0	0.0	0.0	0.0	0.0	0.0	0.0	0.0	0.0	0.0	0.0
36.15850730117236	0.0	0.0	0.0	0.0	0.0	0.0	0.0	0.0	0.0	0.0	0.0	0.0	0.0
84.17605967175946	0.0	0.0	0.0	0.0	0.0	0.0	0.0	0.0	0.0	0.0	0.0	0.0	0.0
88.28853849517938	0.0	0.0	0.0	0.0	0.0	0.0	0.0	0.0	0.0	0.0	0.0	0.0	0.0
94.85760680736959	0.0	0.0	0.0	0.0	0.0	0.0	0.0	0.0	0.0	0.0	0.0	0.0	0.0
104.29019248394951	0.0	0.0	0.0	0.0	0.0	0.0	0.0	0.0	0.0	0.0	0.0	0.0	0.0
117.01645620998457	0.0	0.0	0.0	0.0	0.0	0.0	0.0	0.0	0.0	0.0	0.0	0.0	0.0
133.42293129556737	0.0	0.0	0.0	0.0	0.0	0.0	0.0	0.0	0.0	0.0	0.0	0.0	0.0
153.81425171410257	0.0	0.0	0.0	0.0	0.0	0.0	0.0	0.0	0.0	0.0	0.0	0.0	0.0
178.41727829250706	0.0	0.0	0.0	0.0	0.0	0.0	0.0	0.0	0.0	0.0	0.0	0.0	0.0
207.4046942963258	0.0	0.0	0.0	0.0	0.0	0.0	0.0	0.0	0.0	0.0	0.0	0.0	0.0
240.91064690223334	0.0	0.0	0.0	0.0	0.0	0.0	0.0	0.0	0.0	0.0	0.0	0.0	0.0
279.03275577211355	0.0	0.0	0.0	0.0	0.0	0.0	0.0	0.0	0.0	0.0	0.0	0.0	0.0
321.8285743763714	0.0	0.0	0.0	0.0	0.0	0.0	0.0	0.0	0.0	0.0	0.0	0.0	0.0
369.31775716232386	0.0	0.0	0.0	0.0	0.0	0.0	0.0	0.0	0.0	0.0	0.0	0.0	0.0
421.48830179858845	0.0	0.0	0.0	0.0	0.0	0.0	0.0	0.0	0.0	0.0	0.0	0.0	0.0
478.30350985109584	0.0	0.0	0.0	0.0	0.0	0.0	0.0	0.0	0.0	0.0	0.0	0.0	0.0
539.7115901602759	0.0	0.0	0.0	0.0	0.0	0.0	0.0	0.0	0.0	0.0	0.0	0.0	0.0
605.652588808075	0.0	0.0	0.0	0.0	0.0	0.0	0.0	0.0	0.0	0.0	0.0	0.0	0.0
676.0643212381727	0.0	0.0	0.0	0.0	0.0	0.0	0.0	0.0	0.0	0.0	0.0	0.0	0.0
750.8872951408317	0.0	0.0	0.0	0.0	0.0	0.0	0.0	0.0	0.0	0.0	0.0	0.0	0.0
830.0673901365773	0.0	0.0	0.0	0.0	0.0	0.0	0.0	0.0	0.0	0.0	0.0	0.0	0.0
913.5578000860218	0.0	0.0	0.0	0.0	0.0	0.0	0.0	0.0	0.0	0.0	0.0	0.0	0.0
1001.3196532755555	3.554959947338922e+32	8.363732049655519e+28	4.631486606371768e+28	2.3948025553067224e+28	1.5283365140506466e+28	8.178211621105241e+27	2.036299145907603e+27	9.980818257796103e+26	3.750533828670314e+26	2.8272318330870978e+28	1.3341073469546903e+28	8.178211621105241e+27	5.370038682348299e+27
1093.3213644985174	4.919028259244148e+34	1.4415303896744305e+31	7.989535870416157e+30	4.134359436210125e+30	2.639649816909249e+30	1.4132008175471985e+30	3.5215387149739794e+29	1.7265525968120247e+29	6.489832751309975e+28	4.880027605106499e+30	2.304462500568851e+30	1.4132008175471985e+30	9.282080059420965e+29
1189.538965425541	2.7107656482071994e+36	9.292610609120035e+32	5.1537564924794666e+32	2.668506436573137e+32	1.7043174818815135e+32	9.127978880444187e+31	2.275971053284535e+31	1.1161118943456588e+31	4.1962185662743034e+30	3.1493649989083064e+32	1.4880351018899025e+32	9.127978880444187e+31	5.996660148350523e+31
1289.9561469437717	6.369728927819391e+37	2.6841582173939666e+34	1.4900464468719853e+34	7.721582834867425e+33	4.933908894730612e+33	2.643925526887092e+33	6.597985269330225e+32	3.2365610836769977e+32	1.2172221520075028e+32	9.11124523513854e+33	4.3083311741125274e+33	2.643925526887092e+33	1.7374613996263545e+33
1394.563824748184	8.304263051009515e+38	4.2132096192155026e+35	2.340973720704931e+35	1.2140952674221287e+35	7.761274704607342e+34	4.161183812663611e+34	1.039287973280468e+34	5.099588326068403e+33	1.9184564395118203e+33	1.4323320559924256e+35	6.7780434976228205e+34	4.161183812663611e+34	2.7353276112502663e+34
1503.359331375705	6.561386806705806e+39	4.037247272856354e+36	2.2454594919702198e+36	1.1656033309288072e+36	7.455016931335001e+35	3.99929680596107e+35	9.997686152142172e+34	4.907266169055886e+34	1.846723148883513e+34	1.3748400330371263e+36	6.511473592618702e+35	3.99929680596107e+35	2.6297640575299234e+35
1616.3455502810987	3.5108812482353006e+40	2.6063149984393186e+37	1.451116762044666e+37	7.539700941800446e+36	4.8247951154706665e+36	2.5898566414129834e+36	6.480449722177368e+35	3.1819403120969696e+35	1.1978586774895202e+35	8.891235040013038e+36	4.214746058402353e+36	2.5898566414129834e+36	1.7035524946950488e+36
1733.5308230834557	1.4385192252097957e+41	1.2273064279705645e+38	6.8389161274349255e+37	3.5559758448294736e+37	2.2764709072769566e+37	1.222545231517177e+37	3.0613962323995313e+36	1.5035635555486483e+36	5.661797179557247e+35	4.1926947834151097e+37	1.9888559651887117e+37	1.222545231517177e+37	8.043777748223358e+36
1854.9336783609253	4.159548258305517e+41	4.213914857988283e+38	2.3506587041464932e+38	1.2234305979318614e+38	7.836390697105925e+37	4.211028108380121e+37	1.0555227474281983e+37	5.1858566701052945e+36	1.9534772640425303e+36	1.4421739112729252e+38	6.847325237178491e+37	4.211028108380121e+37	2.771621805891934e+37
1980.7039325637852	8.917944067537996e+41	1.0693068941430036e+39	5.9716918641816565e+38	3.111174789513967e+38	1.9939079426290684e+38	1.0721570693802648e+38	2.6901808006990605e+37	1.3221831814146046e+37	4.98243410499389e+36	3.666588798877794e+38	1.742514817987028e+38	1.0721570693802648e+38	7.059299821465381e+37
2111.0263355215616	1.3566842637119933e+42	1.967622702034032e+39	1.1003489311157552e+39	5.739651079694521e+38	3.6809560875322656e+38	1.980857740139598e+38	4.976353954050753e+37	2.4468703136222077e+37	9.224783769975429e+36	6.762417055301883e+38	3.2174533706195657e+38	1.980857740139598e+38	1.3048071519877661e+38
2246.02271380703	1.6579550215017403e+42	2.781294950908324e+39	1.5571117385179295e+39	8.130275201395917e+38	5.2169932666075686e+38	2.809242781411799e+38	7.064519532793517e+37	3.4748535674887456e+37	1.3105107869697157e+37	9.576853182528494e+38	4.560760465492759e+38	2.809242781411799e+38	1.851129718716929e+38
2385.767076510619	1.602354724425394e+42	3.2542843906759195e+39	1.8247647042155107e+39	9.541029653509573e+38	6.126975314533036e+38	3.3021885779271526e+38	8.315802671314968e+37	4.092357835164278e+37	1.5441863050496584e+37	1.1235033168899086e+39	5.357406578194866e+38	3.3021885779271526e+38	2.1770361815275058e+38
2530.325785985203	1.5072691956127767e+42	3.659083122971032e+39	2.0549657182113643e+39	1.0759632160880547e+39	6.914882933333009e+38	3.730163760342438e+38	9.406751109055548e+37	4.631532122769999e+37	1.7485286904375047e+37	1.2665949425253167e+39	6.0476263835145386e+38	3.730163760342438e+38	2.4604135405941846e+38
2679.7697412012817	1.3919804999436724e+42	4.154342646286304e+39	2.3376893081028955e+39	1.2261269941920537e+39	7.887572552022688e+38	4.259613221344905e+38	1.0760748853780252e+38	5.30147128785853e+37	2.0027247023304493e+37	1.4427872521626054e+39	6.90014105089764e+38	4.259613221344905e+38	2.811386531569099e+38
2834.164760115512	1.5582796315238034e+42	5.131940771635261e+39	2.890648950574133e+39	1.5174850731782172e+39	9.76661031327514e+38	5.277325322632272e+38	1.3343456267890207e+38	6.5759314630883325e+37	2.484969427803837e+37	1.7852703006443158e+39	8.545077979517965e+38	5.277325322632272e+38	3.4841756987737394e+38
2993.5845473203394	1.6115723321475553e+42	6.336530408681987e+39	3.575893186138867e+39	1.8803522882737327e+39	1.2113284173132567e+39	6.552324353253052e+38	1.6595015488473752e+38	8.183208800267078e+37	3.094224346619575e+37	2.211323681822332e+39	1.0600925988742e+39	6.552324353253052e+38	4.328528097661814e+38
3158.090564652504	1.7265646203618015e+42	7.910347907289048e+39	4.47188743837616e+39	2.355158403432341e+39	1.5185093382041352e+39	8.22207353285846e+38	2.085638518351193e+38	1.0290189934493415e+38	3.893110127527703e+37	2.7687166431043074e+39	1.3292335115997543e+39	8.22207353285846e+38	5.434584271290943e+38
3327.6945011924204	1.788066639850234e+42	9.605639802860399e+39	5.4407144043037355e+39	2.870270360145505e+39	1.852377557452799e+39	1.0040685833299077e+39	2.5512787935899618e+38	1.2595115282600203e+38	4.768069436119332e+37	3.372967030290162e+39	1.6219021220827934e+39	1.0040685833299077e+39	6.6406471621937215e+38
3502.417196462993	1.7858877741037067e+42	1.1282580439362066e+40	6.404074619069579e+39	3.3848112330165624e+39	2.1867093835379675e+39	1.1867007294931375e+39	3.020957381909769e+38	1.4923610665531183e+38	5.653368180161301e+37	3.9759217969847947e+39	1.915175190939968e+39	1.1867007294931375e+39	7.853730235847466e+38
3682.283827521536	1.7500216784213132e+42	1.301377521449284e+40	7.40370420998755e+39	3.9210988788804637e+39	2.5360191120226353e+39	1.3780420420831138e+39	3.515136636326242e+38	1.7377215507068206e+38	6.587651118307793e+37	4.603725372816096e+39	2.2217879707624866e+39	1.3780420420831138e+39	9.126601668344785e+38
3867.312098454025	1.8367185095956833e+42	1.5309519959966525e+40	8.724436027910259e+39	4.627428437035878e+39	2.995303727831165e+39	1.6291434164038272e+39	4.1617688394306356e+38	2.058452140884527e+38	7.807680327687044e+37	5.431176672081975e+39	2.624749013919924e+39	1.6291434164038272e+39	1.0795267002523472e+39
4057.531787744836	1.876484914596946e+42	1.7868138976223302e+40	1.02034827606104e+40	5.421727207795622e+39	3.5129687447478726e+39	1.9128968646519025e+39	4.895417265470038e+38	2.4228508704984306e+38	9.195795280747371e+37	6.360799952014599e+39	3.079211065175343e+39	1.9128968646519025e+39	1.2683619932079555e+39
4252.9751525606225	1.856570979274725e+42	2.0568737344837535e+40	1.1775306737287147e+40	6.270839076314281e+39	4.0681367882077793e+39	2.2183156960978705e+39	5.689510497090192e+38	2.818038652322813e+38	1.0704177939524968e+38	7.353245357444618e+39	3.567019595535245e+39	2.2183156960978705e+39	1.472023113645703e+39
4453.666947100404	1.9449901855167444e+42	2.396508825600757e+40	1.3745652368473235e+40	7.332321319134169e+39	4.761138814866783e+39	2.5989370788670448e+39	6.6766807512783626e+38	3.3088964984840615e+38	1.2576114738031237e+38	8.594676504788824e+39	4.1756992277202663e+39	2.5989370788670448e+39	1.72560426133027e+39
4659.643232789538	1.9598362632148928e+42	2.746652193674917e+40	1.579105119245687e+40	8.440807175538326e+39	5.48717139651661e+39	2.99916010998391e+39	7.720528062017725e+38	3.828945977871826e+38	1.456330540187585e+38	9.889331582530914e+39	4.813946134265909e+39	2.99916010998391e+39	1.992781536149575e+39
4870.975767053572	1.901225803407284e+42	3.0927861526570423e+40	1.7833921720756344e+40	9.557664011261288e+39	6.222157748757007e+39	3.4064821564740133e+39	8.791551849006777e+38	4.364030156277972e+38	1.6613764345138387e+38	1.1191180976300585e+40	5.460886433897079e+39	3.4064821564740133e+39	2.2654928933734314e+39
5087.731190794844	1.979779774570386e+42	3.550107302230292e+40	2.051322731080496e+40	1.1013473670148974e+40	7.177062707239076e+39	3.933748779653974e+39	1.0170353646513996e+39	5.051589765658123e+38	1.9243529770036866e+38	1.289047634929576e+40	6.30066381412663e+39	3.933748779653974e+39	2.6178085022858227e+39
5309.979815453908	1.94387513720904e+42	3.9863783335878714e+40	2.3102157664275946e+40	1.24355589971075e+40	8.115329150692774e+39	4.455247256417199e+39	1.1547776296211226e+39	5.740826675475081e+38	2.1888915275756173e+38	1.4546333815623786e+40	7.127107129555048e+39	4.455247256417199e+39	2.967526430262831e+39
5537.792307585961	1.9283161671326996e+42	4.47307915299866e+40	2.599821890499794e+40	1.4030128358218419e+40	9.168768248287338e+39	5.041627761810202e+39	1.3100121869093832e+39	6.518211895643803e+38	2.4875057840429755e+38	1.640202523758946e+40	8.055323586467753e+39	5.041627761810202e+39	3.361076612767609e+39
5771.220770190676	1.9103094801606852e+42	5.001726097664941e+40	2.915824073211254e+40	1.5776817253474717e+40	1.0325135467842871e+40	5.686828631039631e+39	1.4814370040421615e+39	7.377745074175503e+38	2.8180931736157292e+38	1.84329572026208e+40	9.074809705955682e+39	5.686828631039631e+39	3.794667269086594e+39
6010.315882394989	1.972587976880822e+42	5.651423141656402e+40	3.3024233962284093e+40	1.7905794279071652e+40	1.1731842384521216e+40	6.470024796760816e+39	1.688866633042856e+39	8.416699679877762e+38	3.217261509273543e+38	2.0910441571824514e+40	1.031436095748711e+40	6.470024796760816e+39	4.320386585404415e+39
6255.111577644887	1.9455481410069705e+42	6.261736960141127e+40	3.671165192932316e+40	1.996259271430028e+40	1.3100191278714172e+40	7.237705324226795e+39	1.894541625651047e+39	9.450923464428971e+38	3.6161936173817735e+38	2.329704681226406e+40	1.152232069149861e+40	7.237705324226795e+39	4.8378383294528034e+39
6505.648648126585	1.9218730585807536e+42	6.930387211289738e+40	4.076675290778202e+40	2.223174132700419e+40	1.461242759471695e+40	8.087762291712023e+39	2.12296172661318e+39	1.0600689079880816e+39	4.060151656629202e+38	2.5928144587622755e+40	1.2857922815661137e+40	8.087762291712023e+39	5.41142615616733e+39
6761.978981633174	1.985262373787502e+42	7.762756840427627e+40	4.577940543873893e+40	2.502078159740266e+40	1.646562700416449e+40	9.126101835477922e+39	2.40064710035091e+39	1.1996207129908154e+39	4.5981439914226175e+38	2.916615686995838e+40	1.449337862105783e+40	9.126101835477922e+39	6.110841507704179e+39
7024.154943874216	1.9401923793458693e+42	8.49322796768844e+40	5.027839601173107e+40	2.757104316455593e+40	1.8176942406675334e+40	1.0095461257260508e+40	2.664140079796039e+39	1.3327719741059261e+39	5.114315470757677e+38	3.2114641036262976e+40	1.600758603800864e+40	1.0095461257260508e+40	6.76765812986441e+39
7292.230310475849	1.9929540729991318e+42	9.445851715310502e+40	5.607277274629786e+40	3.0822620941041246e+40	2.0347451692031058e+40	1.1317902283097927e+40	2.9936474632180597e+39	1.498816648271937e+39	5.756203528211205e+38	3.5882377233449723e+40	1.7925440198328942e+40	1.1317902283097927e+40	7.593421583616249e+39
7566.261063949503	1.9486082643045697e+42	1.028998432762693e+41	6.132630827209505e+40	3.3826729470727395e+40	2.2372734683001843e+40	1.2471079563458168e+40	3.309563891344797e+39	1.658884275860139e+39	6.37838557946654e+38	3.934876093063845e+40	1.9719685735905507e+40	1.2471079563458168e+40	8.376998565982481e+39
7846.303278524147	1.9186677466462234e+42	1.1199226673238018e+41	6.701061169200303e+40	3.708976710883769e+40	2.45772028371686e+40	1.3729254849463926e+40	3.655489585408739e+39	1.8343744005216118e+39	7.061372827693408e+38	4.3110615570680025e+40	2.1673778438661128e+40	1.3729254849463926e+40	9.233030347491952e+39
8132.4195144849855	1.9736382116912023e+42	1.2366016992952117e+41	7.421038984684999e+40	4.117995935468396e+40	2.732571809832629e+40	1.5288847365943418e+40	4.080685793929385e+39	2.049477796837901e+39	7.896211204590148e+38	4.783692062812707e+40	2.4106697596424735e+40	1.5288847365943418e+40	1.029086366434918e+40
8424.670169354054	1.9152116650451477e+42	1.3336878742175986e+41	8.039622045267006e+40	4.478604624284996e+40	2.9781636578987727e+40	1.6702965724681262e+40	4.4745784464040047e+39	2.2501747969348368e+39	8.680714795520595e+38	5.19800415423657e+40	2.628832427642677e+40	1.6702965724681262e+40	1.1257566928418358e+40
8723.114542325564	1.8851565869517912e+42	1.439678946102472e+41	8.71640038294674e+40	4.873978393824436e+40	3.247767390415974e+40	1.8257627117656456e+40	4.908642389047033e+39	2.4715264218732798e+39	9.546706875102276e+38	5.652030771885488e+40	2.868407707264786e+40	1.8257627117656456e+40	1.2321232938605069e+40
9027.814650083683	1.9373184567960218e+42	1.5778213397772506e+41	9.58331628463798e+40	5.3735908885176505e+40	3.586100994574158e+40	2.0194145597912143e+40	5.4435757929777614e+39	2.743363066172078e+39	1.0606533460476672e+39	6.227474964979135e+40	3.1685138841743144e+40	2.0194145597912143e+40	1.364095733430266e+40
9338.832835624979	1.9092944760823806e+42	1.7016124718423932e+41	1.0380189046156171e+41	5.842285999392697e+40	3.906855174960002e+40	2.2051177068900915e+40	5.965174638361019e+39	3.009893372825506e+39	1.1651407598640379e+39	6.764882665103474e+40	3.4538163088604775e+40	2.2051177068900915e+40	1.4914256515376578e+40
9656.233628225204	1.8485202351544696e+42	1.8034666369227895e+41	1.1061469779223822e+41	6.255303795732152e+40	4.193926904194705e+40	2.3741369725724777e+40	6.451621423214229e+39	3.2604723682001894e+39	1.26416463787543e+39	7.235304306475327e+40	3.7102017810350117e+40	2.3741369725724777e+40	1.6083558200310598e+40
9980.077047610273	1.888687823843748e+42	1.966114248229832e+41	1.2100787652079081e+41	6.863353269526555e+40	4.608991070152797e+40	2.6138151746954116e+40	7.122467574081847e+39	3.602893894139341e+39	1.3982635252271357e+39	7.933286197859687e+40	4.0791516352216667e+40	2.6138151746954116e+40	1.7724770353281314e+40
10310.424038436553	1.8723038609886034e+42	2.106692534689149e+41	1.3026361281112865e+41	7.4180401564790555e+40	4.992381974369326e+40	2.8382367614998797e+40	7.763233589948902e+39	3.932133940192519e+39	1.528053870247199e+39	8.566628155050654e+40	4.421070378188012e+40	2.8382367614998797e+40	1.927272649776972e+40
10647.34171253527	1.8558347816727677e+42	2.255447580227349e+41	1.4011755327614838e+41	8.011523172988201e+40	5.403659664415397e+40	3.079673232452249e+40	8.455501095786556e+39	4.288340583928627e+39	1.668673635160626e+39	9.243516511625535e+40	4.788112944812051e+40	3.079673232452249e+40	2.0940610562991855e+40
10990.896430062368	1.8425997701311748e+42	2.4073361267571334e+41	1.5027788233484265e+41	8.628442771050212e+40	5.833018570804735e+40	3.3329244645595317e+40	9.186793292134771e+39	4.6655239254676567e+39	1.81792992574462e+39	9.945857994264678e+40	5.171730061430495e+40	3.3329244645595317e+40	2.2694608536142403e+40
11341.155660874443	1.8073579561699788e+42	2.54300168358573e+41	1.5963991010127682e+41	9.210707431999569e+40	6.24320028211513e+40	3.57802273595311e+40	9.90775913407556e+39	5.039632276980361e+39	1.96685368571122e+39	1.0605276614442295e+41	5.539373006873399e+40	3.57802273595311e+40	2.4403765120237594e+40
11698.1850194808	1.844998016895187e+42	2.743423048191531e+41	1.7288376407693426e+41	1.000782588506673e+41	6.79566106068758e+40	3.902498733579208e+40	1.0839415944365968e+40	5.519320456573199e+39	2.1563554958494995e+39	1.1514460300759364e+41	6.032455255626529e+40	3.902498733579208e+40	2.664623248492757e+40
12062.056003016112	1.792281944398203e+42	2.880350156135327e+41	1.8263181910277934e+41	1.0628399585618235e+41	7.237911331723588e+40	4.1700091208684934e+40	1.1639957522996114e+40	5.93703332184825e+39	2.3235461148109304e+39	1.2213727149616112e+41	6.430028584286326e+40	4.1700091208684934e+40	2.8523608446373454e+40
12432.840657954437	1.7714134603698186e+42	3.042173554316972e+41	1.939700600448704e+41	1.1342705816341336e+41	7.744589083058416e+40	4.475098159450292e+40	1.2547744555192882e+40	6.409912361663859e+39	2.5125213079212354e+39	1.3020341647592313e+41	6.884996683605064e+40	4.475098159450292e+40	3.065997048902909e+40
12810.610772212238	1.7944137261681466e+42	3.2456403006731904e+41	2.0788412304418704e+41	1.220419298562751e+41	8.350628798458123e+40	4.83693649990792e+40	1.361219988679228e+40	6.962447716160997e+39	2.732580876234249e+39	1.3996751110320677e+41	7.428043471421549e+40	4.83693649990792e+40	3.3182849066364184e+40
13195.44028429103	1.763807282687007e+42	3.404569865204445e+41	2.193839742371359e+41	1.2946913778449579e+41	8.884132748601006e+40	5.16254630384895e+40	1.459996567410504e+40	7.48025382296098e+39	2.940806863632735e+39	1.483090356514156e+41	7.908676949276476e+40	5.16254630384895e+40	3.5479207945731233e+40
13587.404798617632	1.7773827146338068e+42	3.608362543720877e+41	2.3368524140558118e+41	1.3850992372783155e+41	9.527032205014685e+40	5.550927676267544e+40	1.5762210266423536e+40	8.086971916839e+39	3.183806647433891e+39	1.5850872034268167e+41	8.486392356942897e+40	5.550927676267544e+40	3.8204168234614297e+40
13986.58167843853	1.7416399422131076e+42	3.762832852455125e+41	2.4527524361893794e+41	1.4620176616576435e+41	1.0087074979781112e+41	5.897680134996532e+40	1.6835671835281516e+40	8.653406827723045e+39	3.413060903459126e+39	1.670966603470731e+41	8.992709201023864e+40	5.897680134996532e+40	4.0668074369688836e+40
14393.048451472974	1.7193230021301847e+42	3.928871731269341e+41	2.5772712281757375e+41	1.5447343756105877e+41	1.0689872531903349e+41	6.271369453477668e+40	1.7995143096420076e+40	9.265747807280368e+39	3.661115537487231e+39	1.7632919357091483e+41	9.53782986925325e+40	6.271369453477668e+40	4.3325431447400425e+40
14806.885466681226	1.7403260252597478e+42	4.1631871535195e+41	2.7443151484282814e+41	1.6518004067092178e+41	1.1456994435923858e+41	6.738758757802289e+40	1.9412041994201416e+40	1.0008674928597957e+40	3.959994766964108e+39	1.8837033114563946e+41	1.0228575310258394e+41	6.738758757802289e+40	4.662006823267792e+40
15228.174285215258	1.7041825208008232e+42	4.3197447890633e+41	2.8671511355967777e+41	1.7360817212716956e+41	1.2080901641148371e+41	7.131921668920275e+40	2.065996731506866e+40	1.0672528168604061e+40	4.230827240303319e+39	1.97712685162085e+41	1.0795062600189904e+41	7.131921668920275e+40	4.943967557276117e+40
15656.997153956749	1.708953694515065e+42	4.537679128968257e+41	3.028748841536979e+41	1.8428737987418064e+41	1.2858031258475215e+41	7.6133662939866605e+40	2.2154672374016084e+40	1.1462364627969553e+40	4.551019589935027e+39	2.096427782380429e+41	1.1497663470436848e+41	7.6133662939866605e+40	5.286334138636319e+40
16093.43789240533	1.6928922846489728e+42	4.707588387869718e+41	3.1628226432509863e+41	1.9356016952670994e+41	1.3548010237853265e+41	8.050916937500856e+40	2.3557893901994643e+40	1.2211573021589285e+40	4.8578214946246767e+39	2.199008913414628e+41	1.2125058810760838e+41	8.050916937500856e+40	5.60127058523239e+40
16537.58343350753	1.669954859829413e+42	4.870554311288707e+41	3.295165850964323e+41	2.0289282057379877e+41	1.4248750671762577e+41	8.499381918843174e+40	2.5013777817666477e+40	1.2991833531398106e+40	5.178496847634634e+39	2.3018332700809568e+41	1.2763693874730632e+41	8.499381918843174e+40	5.925556956271187e+40
16989.522053543897	1.6865627997299207e+42	5.1205544083282266e+41	3.4835081240303025e+41	2.155107745621153e+41	1.517375030489735e+41	9.077157607520007e+40	2.682963863297331e+40	1.3955323088310145e+40	5.570688782869402e+39	2.442357302381333e+41	1.3601632333807583e+41	9.077157607520007e+40	6.338257889626611e+40
17449.34314260291	1.6542190206871794e+42	5.26783908634153e+41	3.610764825140819e+41	2.2485806672679796e+41	1.5888965865025065e+41	9.543752262813832e+40	2.838395485634535e+40	1.4795066046062863e+40	5.918500863757536e+39	2.5444717072851872e+41	1.4256573272009766e+41	9.543752262813832e+40	6.67894881280136e+40
17917.138639459434	1.6573765180262428e+42	5.488109928550904e+41	3.785219274246837e+41	2.3700039694729603e+41	1.679636744284911e+41	1.012229673159271e+41	3.0256120492674705e+40	1.5797889201763022e+40	6.330520754518433e+39	2.678577508589079e+41	1.5082695644811918e+41	1.012229673159271e+41	7.096682949464626e+40
18393.00214235597	1.6489049728884275e+42	5.6453284958101564e+41	3.920367419617268e+41	2.4698126833047153e+41	1.7564174217213063e+41	1.062696193416591e+41	3.1959874108665353e+40	1.6722922461469492e+40	6.71561644857078e+39	2.7874173055180605e+41	1.5786966871060359e+41	1.062696193416591e+41	7.466866715409273e+40
18877.02870978299	1.6288157261224314e+42	5.80365976106314e+41	4.0602166003178835e+41	2.5746250681051258e+41	1.8375185711800347e+41	1.116282076018761e+41	3.37796681071061e+40	1.7712525876977577e+40	7.128176985074827e+39	2.9013899677851206e+41	1.6531884060963943e+41	1.116282076018761e+41	7.860867967241601e+40
19369.31605391834	1.640861991018527e+42	6.044012774459992e+41	4.254462020490998e+41	2.7122606931016523e+41	1.9413865385503876e+41	1.1832417611431297e+41	3.598285782126775e+40	1.889931297665929e+40	7.618524530224093e+39	3.0527826791783724e+41	1.7480023039638324e+41	1.1832417611431297e+41	8.347269004949844e+40
19869.96310500881	1.6134665217501874e+42	6.172373716000346e+41	4.379559152001707e+41	2.8117465918169346e+41	2.0204275023860858e+41	1.2368593650027402e+41	3.7868022833430423e+40	1.9935470958517692e+40	8.05493937450453e+39	3.1596635072947116e+41	1.8210813584232506e+41	1.2368593650027402e+41	8.746726241239775e+40
20379.07053866673	1.6135602040816778e+42	6.37594009246749e+41	4.555023234311695e+41	2.941968789204464e+41	2.1209450778324335e+41	1.3032118941544593e+41	4.0124381371756497e+40	2.1163750859208632e+40	8.567656643080927e+39	3.3014869187869286e+41	1.9133718770492335e+41	1.3032118941544593e+41	9.234668279130364e+40
20896.741891355843	1.6085227707649695e+42	6.533588834871804e+41	4.699865842994014e+41	3.0545626748270912e+41	2.2098844487332998e+41	1.3633886758336095e+41	4.224417348565443e+40	2.233100276418967e+40	9.06041702208906e+39	3.422888345258913e+41	1.995524178206964e+41	1.3633886758336095e+41	9.682988269319468e+40
21423.082158006426	1.5909200898119755e+42	6.660057862257775e+41	4.828403443939057e+41	3.1602192688502937e+41	2.295288791617193e+41	1.4224297244901676e+41	4.437821141951996e+40	2.351466828522168e+40	9.563446176251122e+39	3.535568464500902e+41	2.0748481715087883e+41	1.4224297244901676e+41	1.0127328618407614e+41
21958.198522165294	1.5996155749082514e+42	6.878917113444072e+41	5.020782310072106e+41	3.3056275139125218e+41	2.4086862383593336e+41	1.498167308423131e+41	4.700025188679926e+40	2.4950717253952363e+40	1.016654530451043e+40	3.6932626888020746e+41	2.1792550630370766e+41	1.498167308423131e+41	1.0687895029164854e+41
22502.20061464013	1.5781948086246986e+42	6.982054292764228e+41	5.138069579629909e+41	3.4078599500053088e+41	2.493392964082775e+41	1.5581571110189026e+41	4.923792448247095e+40	2.6203926718158263e+40	1.0704093038006141e+40	3.8010382773380264e+41	2.2584106556150224e+41	1.5581571110189026e+41	1.1144808803297317e+41
23055.19963907179	1.577644347584584e+42	7.123769839367919e+41	5.275697626474883e+41	3.5200596848166005e+41	2.5844014137507487e+41	1.6216459487055735e+41	5.158368712156581e+40	2.7517081994827746e+40	1.1267722452386916e+40	3.9207020522013274e+41	2.3430842947562442e+41	1.6216459487055735e+41	1.1625940511906703e+41
23617.30938146384	1.57304199968294e+42	7.291720461319802e+41	5.443384560180318e+41	3.657456317429268e+41	2.6955433313532768e+41	1.6986435213730338e+41	5.438045620981364e+40	2.9071378831934014e+40	1.192961986684304e+40	4.06725017235501e+41	2.4463548968521224e+41	1.6986435213730338e+41	1.2206341572840172e+41
24188.64631178725	1.557901061657668e+42	7.38599311012142e+41	5.5584446454419094e+41	3.7624497143678284e+41	2.7845011284130263e+41	1.763154008620245e+41	5.686864577384784e+40	3.047994956255389e+40	1.2540159496499032e+40	4.176860624849426e+41	2.529965245805473e+41	1.763154008620245e+41	1.2703820011089406e+41
24772.309803770495	1.566363879302588e+42	7.571868395506771e+41	5.736728830136822e+41	3.906485786676199e+41	2.9007173408895795e+41	1.843695038668728e+41	5.981047028528938e+40	3.211974848696967e+40	1.3240870229699814e+40	4.3307998732012145e+41	2.6379291368400835e+41	1.843695038668728e+41	1.3311776109388404e+41
25367.921861502728	1.546729116989763e+42	7.628668057339554e+41	5.82765717837194e+41	3.998430713340214e+41	2.9816589725139984e+41	1.9044989386202448e+41	6.226066381994307e+40	3.3525106659230166e+40	1.3857649334309217e+40	4.425002301734864e+41	2.7146965537373597e+41	1.9044989386202448e+41	1.3788651955286814e+41
25975.799269040617	1.556042819128788e+42	7.807791187959131e+41	6.003095766613144e+41	4.143102669000749e+41	3.099828684971984e+41	1.9876081967217464e+41	6.536933641295336e+40	3.527243598627589e+40	1.461063333694622e+40	4.5788675456542696e+41	2.8248526618767244e+41	1.9876081967217464e+41	1.4421292907998793e+41
26595.575395519732	1.5369909625287604e+42	7.84530704232554e+41	6.083856696714658e+41	4.232166106827892e+41	3.1807007129346245e+41	2.050092624490947e+41	6.797493527843449e+40	3.6782005480952807e+40	1.527942134650547e+40	4.668723145861897e+41	2.9021124707965726e+41	2.050092624490947e+41	1.4917912113267834e+41
27227.554948154597	1.544812625268662e+42	8.016340990297376e+41	6.2586140891349844e+41	4.380347277323513e+41	3.3033657478876764e+41	2.1376017555167692e+41	7.13171101657764e+40	3.867376842085396e+40	1.6100356817192578e+40	4.825396390873359e+41	3.0168558889199176e+41	2.1376017555167692e+41	1.5589119944698647e+41
27871.40858632219	1.5283173316518007e+42	8.045454653500012e+41	6.335306469367002e+41	4.469624773774673e+41	3.3861582600362175e+41	2.202896998607358e+41	7.411479667264874e+40	4.0308291658148727e+40	1.6830352831836118e+40	4.9145713343978446e+41	3.0963591424061853e+41	2.202896998607358e+41	1.6113429700290757e+41
28527.451971522067	1.5311190160199468e+42	8.179114401892525e+41	6.4886565348489975e+41	4.6088469014575056e+41	3.504927975792593e+41	2.2901842771946885e+41	7.75800744050045e+40	4.229292898635341e+40	1.7701264682595917e+40	5.059749099879105e+41	3.2082909713385523e+41	2.2901842771946885e+41	1.6792888812626444e+41
29195.69023460426	1.5199674017541688e+42	8.210682987926599e+41	6.565256900539642e+41	4.698592149933166e+41	3.588966450665474e+41	2.3573754361822323e+41	8.052915237851867e+40	4.403093314340342e+40	1.8484336393678045e+40	5.149114596584332e+41	3.2892369906287167e+41	2.3573754361822323e+41	1.7336941758947355e+41
29875.853340490452	1.5161355682469914e+42	8.288626186658637e+41	6.681246321045508e+41	4.817705740962684e+41	3.695793748038442e+41	2.4397007702017597e+41	8.399610482137213e+40	4.605109145059607e+40	1.9385202497548236e+40	5.270406000163996e+41	3.391137840320994e+41	2.4397007702017597e+41	1.7992601516267647e+41
30568.224342688525	1.5131231669739503e+42	8.356556976386205e+41	6.784855470604817e+41	4.925901550311105e+41	3.793877077514971e+41	2.5163822553063577e+41	8.731313747789854e+40	4.800396505636622e+40	2.026552218524523e+40	5.380136462870467e+41	3.484997664429853e+41	2.5163822553063577e+41	1.860883174649943e+41
31272.55296844623	1.50241997396482e+42	8.371860055159308e+41	6.852983475698669e+41	5.014834733151429e+41	3.880348647217515e+41	2.5879644156337924e+41	9.059496845067895e+40	4.996344470552488e+40	2.115930038517609e+40	5.4670549808018855e+41	3.569030962086952e+41	2.5879644156337924e+41	1.919824114040054e+41
31989.187274758955	1.5060770438695117e+42	8.470400071052499e+41	6.986003417333433e+41	5.1479407433855e+41	3.999234963251801e+41	2.679696596512907e+41	9.450330064548326e+40	5.225504141456725e+40	2.2188600615643136e+40	5.603065823205187e+41	3.682409130347968e+41	2.679696596512907e+41	1.9930975414528633e+41
32718.007094774668	1.493834842879655e+42	8.461311063608345e+41	7.03463568141625e+41	5.22392539651989e+41	4.0767763590117245e+41	2.746609155792628e+41	9.773733642541094e+40	5.421879368816235e+40	2.309930548620561e+40	5.675410491426669e+41	3.75858173757884e+41	2.746609155792628e+41	2.049300323388015e+41
33459.30554870672	1.49601523481182e+42	8.538907353799527e+41	7.153526022567402e+41	5.350668201739062e+41	4.193156358389857e+41	2.8389356270097696e+41	1.0181821858612887e+41	5.663842519023733e+40	2.4197616817433424e+40	5.803288840841118e+41	3.870340662366113e+41	2.8389356270097696e+41	2.12408489048402e+41
34212.864188789084	1.4850058635609154e+42	8.512711239204548e+41	7.188516481173751e+41	5.419313155190296e+41	4.266973428951891e+41	2.9053573252487488e+41	1.0518128433898315e+41	5.870722648056991e+40	2.516859659681858e+40	5.866738706554293e+41	3.943672411805498e+41	2.9053573252487488e+41	2.180918676264774e+41
34979.037091222046	1.4805810408144834e+42	8.534310248486848e+41	7.263083976584214e+41	5.5167393547688065e+41	4.362911661563565e+41	2.9864219361431835e+41	1.0905419522958347e+41	6.10575001267524e+40	2.6259112605554106e+40	5.9616386262921115e+41	4.037311996566591e+41	2.9864219361431835e+41	2.248581017180056e+41
35757.689202067115	1.476371146108154e+42	8.537319458017989e+41	7.316525304947821e+41	5.5965356100684154e+41	4.4450551544817535e+41	3.0587597455388766e+41	1.1270034743266835e+41	6.330702323265319e+40	2.7319486681753812e+40	6.037660028044294e+41	4.118333969090304e+41	3.0587597455388766e+41	2.3101982922292848e+41
36549.13308947475	1.4655020282975442e+42	8.49434992498022e+41	7.336151655930036e+41	5.654895893311533e+41	4.512265677024606e+41	3.1225724970166988e+41	1.1614769705349402e+41	6.547127896704102e+40	2.835575298947644e+40	6.0894188261215575e+41	4.1860640971137315e+41	3.1225724970166988e+41	2.3661656207837527e+41
37353.269371433285	1.4704698217058153e+42	8.557967276091176e+41	7.443843039141809e+41	5.7770306190711065e+41	4.628178979277062e+41	3.218178457661861e+41	1.2065626084759585e+41	6.820862615312302e+40	2.9629001645809e+40	6.210975709765528e+41	4.298390154112299e+41	3.218178457661861e+41	2.445368520364759e+41
38170.4084475831	1.4597333626244178e+42	8.500730426711961e+41	7.450554977267715e+41	5.827285247726342e+41	4.690653198728649e+41	3.28070327280009e+41	1.242204976307542e+41	7.047862359077166e+40	3.073008124945588e+40	6.253310064632836e+41	4.362277367924796e+41	3.28070327280009e+41	2.5014194370796693e+41
39000.481410115906	1.4586655134803845e+42	8.512536633514545e+41	7.517567277108695e+41	5.923287505321207e+41	4.788914352304341e+41	3.367208480882781e+41	1.2861874789067812e+41	7.320637218642377e+40	3.2023982875354853e+40	6.345198224872636e+41	4.45914130342317e+41	3.367208480882781e+41	2.5752478311442884e+41
39843.804311144726	1.449924741086518e+42	8.453060252546938e+41	7.515980210656364e+41	5.964618940020823e+41	4.8440880284383685e+41	3.425325446919825e+41	1.3213752504820463e+41	7.548944084161255e+40	3.315146867770628e+40	6.378320533663256e+41	4.516348627033591e+41	3.425325446919825e+41	2.6285655587565543e+41
40700.334787007916	1.4379371372232172e+42	8.372676672977433e+41	7.493511279148146e+41	5.9880531814603054e+41	4.88453319492906e+41	3.4733433538757277e+41	1.3534543842488949e+41	7.762309791416745e+40	3.4229091419154535e+40	6.392550844342082e+41	4.5598521545753394e+41	3.4733433538757277e+41	2.674500010669461e+41
41570.39301652806	1.44232156873948e+42	8.401171076073434e+41	7.569759976248807e+41	6.089538980894693e+41	4.987396566564185e+41	3.564020517104604e+41	1.4004523565899546e+41	8.056823545747368e+40	3.564297328881836e+40	6.490516912702294e+41	4.6611833292539306e+41	3.564020517104604e+41	2.7522629007373463e+41
42453.95893564564	1.4334363667239265e+42	8.332961722108064e+41	7.559733952030856e+41	6.1249127695891e+41	5.038804439685579e+41	3.621060498810319e+41	1.4370542620102617e+41	8.298752452806054e+40	3.6860115717288383e+40	6.516921238413856e+41	4.715271384039153e+41	3.621060498810319e+41	2.805769119747399e+41
43351.35809600063	1.4335041754054902e+42	8.3298661232839e+41	7.600031204170368e+41	6.193053140387007e+41	5.113264577561464e+41	3.691571191427334e+41	1.4775224836254775e+41	8.561314446697387e+40	3.816526627710769e+40	6.580242419867194e+41	4.789946956261717e+41	3.691571191427334e+41	2.8685171084253766e+41
44262.60740043939	1.4265130164650597e+42	8.259564739265851e+41	7.593604019113213e+41	6.237397051829137e+41	5.175395462209895e+41	3.759304707733375e+41	1.5202576424543222e+41	8.842312336474565e+40	3.9571758966171976e+40	6.614545075092015e+41	4.854969269907967e+41	3.759304707733375e+41	2.931634369999773e+41
45188.0438829017	1.413026835311156e+42	8.14512019944219e+41	7.532085997060627e+41	6.227577494375121e+41	5.189812700928568e+41	3.791442158841998e+41	1.5497042195781321e+41	9.051811302511763e+40	4.069377186332016e+40	6.593297162430319e+41	4.874750678870016e+41	3.791442158841998e+41	2.967232316148369e+41
46127.664199791376	1.415421950088403e+42	8.143387734994334e+41	7.571797257422536e+41	6.294712926144787e+41	5.26360020225345e+41	3.862068965413725e+41	1.5914193009429991e+41	9.326361953255726e+40	4.2081617736466977e+40	6.655593509788805e+41	4.948908291849104e+41	3.862068965413725e+41	3.0306082916875654e+41
47081.808017671116	1.408879767107771e+42	8.067045258228931e+41	7.547600955985353e+41	6.317878154669796e+41	5.306727238119722e+41	3.916322024952618e+41	1.6306481188881657e+41	9.59441470137274e+40	4.3473109418311636e+40	6.668688793838149e+41	4.99599282939075e+41	3.916322024952618e+41	3.0840297953745383e+41
48050.52144205484	1.4097127164316154e+42	8.047777894799792e+41	7.560695873740311e+41	6.357552722185975e+41	5.3565572421726826e+41	3.969904333093552e+41	1.6672000743971179e+41	9.845374323626412e+40	4.479205179406631e+40	6.702919392101344e+41	5.047601528759997e+41	3.969904333093552e+41	3.1348593903011485e+41
49033.98984181726	1.4072058531569865e+42	7.998277480676852e+41	7.565179721314132e+41	6.404575004031652e+41	5.4183836823997944e+41	4.036095407589954e+41	1.7101266076778873e+41	1.0134179023136362e+41	4.628142172021951e+40	6.741549611936834e+41	5.1118041575566566e+41	4.036095407589954e+41	3.196730640610819e+41
50032.59614078058	1.4031263149264657e+42	7.923579354077876e+41	7.528426270570062e+41	6.409486901110045e+41	5.444287168287672e+41	4.0776805508988314e+41	1.746056652035058e+41	1.0390798299167203e+41	4.766792143927907e+40	6.7368798684852096e+41	5.1424616667852615e+41	4.0776805508988314e+41	3.2409387688115307e+41
51046.43664951568	1.4040387760693086e+42	7.904951051130943e+41	7.54357526676986e+41	6.449925666848749e+41	5.493912303201029e+41	4.130608941405188e+41	1.782960204702103e+41	1.064827218327892e+41	4.904798301241105e+40	6.772296477266088e+41	5.193672404976625e+41	4.130608941405188e+41	3.2913112933104806e+41
52075.85309079934	1.3996840323091243e+42	7.823961624382153e+41	7.512836785108578e+41	6.467616785560437e+41	5.532949064425304e+41	4.182725172111293e+41	1.8228829959882356e+41	1.0927562136700622e+41	5.053999171556531e+40	6.779484557504547e+41	5.237104931796525e+41	4.182725172111293e+41	3.3437266469271404e+41
53120.96336630175	1.402344352196855e+42	7.798190548357177e+41	7.509087763017907e+41	6.4878412757081695e+41	5.5659752314765844e+41	4.225678272484764e+41	1.858868972524291e+41	1.1188606055071332e+41	5.198056084899783e+40	6.794066469496358e+41	5.273125366636672e+41	4.225678272484764e+41	3.387988964094433e+41
54182.11445548015	1.4038800581804182e+42	7.764872635813032e+41	7.513175873358337e+41	6.522775067482794e+41	5.6127645839789546e+41	4.277842177389579e+41	1.896489443299797e+41	1.145448390502085e+41	5.3429197081538685e+40	6.822709434537077e+41	5.322091660412572e+41	4.277842177389579e+41	3.4383190981296458e+41
55259.42041664267	1.4098187126283497e+42	7.747872766682507e+41	7.51988215767904e+41	6.554958786030962e+41	5.657371374783039e+41	4.330276751481064e+41	1.9365640255865443e+41	1.173997414936368e+41	5.498820636265232e+40	6.84907720980196e+41	5.369357798953906e+41	4.330276751481064e+41	3.490246602386501e+41
56353.12979550999	1.4152585227569485e+42	7.739920029436805e+41	7.537548857587032e+41	6.59344582459418e+41	5.704392995520812e+41	4.381563122767209e+41	1.9747943161812826e+41	1.201461791036604e+41	5.650830146413171e+40	6.883226438751561e+41	5.4180393616637814e+41	4.381563122767209e+41	3.540061750024338e+41
57463.62677779277	1.423493450825599e+42	7.731804110229812e+41	7.555602574695152e+41	6.636074875473101e+41	5.757049510580714e+41	4.4384332174732164e+41	2.015613939435887e+41	1.2304530764536917e+41	5.810047225400441e+40	6.9206418525836165e+41	5.472531087454653e+41	4.4384332174732164e+41	3.5946223319769126e+41
58591.06346970223	1.432147042863908e+42	7.737921654477784e+41	7.581013485832688e+41	6.678292325090564e+41	5.80673475200465e+41	4.491999345694436e+41	2.055777018386234e+41	1.2594382076807405e+41	5.971423753372574e+40	6.959214516648031e+41	5.52372139819697e+41	4.491999345694436e+41	3.646667486597031e+41
59735.825700368245	1.4428262734497727e+42	7.744663056137417e+41	7.610229159010504e+41	6.7267362171058395e+41	5.862281981404057e+41	4.549417715116389e+41	2.096462917385105e+41	1.2885325517053347e+41	6.133068341402949e+40	7.003740338346783e+41	5.580423481274285e+41	4.549417715116389e+41	3.701149512099294e+41
60898.0583689303	1.454817348882654e+42	7.765755174978416e+41	7.646319620763589e+41	6.776050003986949e+41	5.9172352857874134e+41	4.606425774399206e+41	2.1381667649439933e+41	1.318621626409656e+41	6.301259454752106e+40	7.050203450922931e+41	5.636416354347329e+41	4.606425774399206e+41	3.755815642229671e+41
62078.075668288424	1.4681558357109687e+42	7.790353022915085e+41	7.688815474711019e+41	6.831618382806822e+41	5.976665233763996e+41	4.665137975311203e+41	2.1792531093271915e+41	1.3482500006771106e+41	6.467992593396148e+40	7.103311140684831e+41	5.6962517352787054e+41	4.665137975311203e+41	3.810874953705045e+41
63276.27863555796	1.4832310175693676e+42	7.824861048004504e+41	7.73743403182189e+41	6.891607223629335e+41	6.0402954824310034e+41	4.727802497383509e+41	2.222576435758564e+41	1.3792797392171949e+41	6.641574545158283e+40	7.161051766275818e+41	5.760255664004585e+41	4.727802497383509e+41	3.869487266634863e+41
64492.8658278129	1.4992007935103223e+42	7.864244370689561e+41	7.790392136490329e+41	6.9531296312893305e+41	6.10369051436947e+41	4.7890793802797326e+41	2.265314055597129e+41	1.410202672328375e+41	6.8164785895743885e+40	7.221092842255746e+41	5.8236352555302604e+41	4.7890793802797326e+41	3.926700335862415e+41
65728.14936515618	1.5169679242867036e+42	7.9134958603375e+41	7.851122434137007e+41	7.021303161397955e+41	6.17284952798826e+41	4.854472158560516e+41	2.309327012049791e+41	1.441829370474974e+41	6.995002872785788e+40	7.288047886572955e+41	5.8924499908715676e+41	4.854472158560516e+41	3.986920215156561e+41
66982.54214515522	1.5353568341638752e+42	7.967809799537704e+41	7.915545359655719e+41	7.090169790694951e+41	6.241331072678782e+41	4.9186138179999316e+41	2.352915901836911e+41	1.473366228749918e+41	7.174439778036145e+40	7.356401754022811e+41	5.960343882662267e+41	4.9186138179999316e+41	4.046039290665644e+41
68256.2713745931	1.5550158469675658e+42	8.027373307512587e+41	7.986826604850234e+41	7.166961137470778e+41	6.317054867814796e+41	4.987888171767714e+41	2.397979922425597e+41	1.5056836139928242e+41	7.357677653458027e+40	7.432635519486101e+41	6.035090546778024e+41	4.987888171767714e+41	4.1088267759828635e+41
69549.6793382293	1.575246188556303e+42	8.091012023718717e+41	8.05901073096578e+41	7.24165278290242e+41	6.390185082161656e+41	5.05537138241719e+41	2.4432194483967458e+41	1.5383838787213408e+41	7.5441267095332195e+40	7.507288475670599e+41	6.107314524792367e+41	5.05537138241719e+41	4.170626628478555e+41
70863.20123005693	1.5957754308138062e+42	8.15589119441511e+41	8.135519126210153e+41	7.322547341294291e+41	6.468887443921725e+41	5.1261353532394005e+41	2.4885361698722435e+41	1.5710088653703023e+41	7.730956430219127e+40	7.587988688465898e+41	6.184689328458876e+41	5.1261353532394005e+41	4.234209924189735e+41
72197.09306289033	1.61685704511718e+42	8.222795201653846e+41	8.211169865770737e+41	7.400671046377909e+41	6.5451113065412296e+41	5.195930118667535e+41	2.5346953141765246e+41	1.6043858429365582e+41	7.922451466806947e+40	7.66613071822784e+41	6.259858294669517e+41	5.195930118667535e+41	4.297769781114287e+41
73551.71708574898	1.637221565241076e+42	8.287855111096262e+41	8.28727842617869e+41	7.480223846126872e+41	6.622252119332894e+41	5.2654686130010974e+41	2.5800405651410425e+41	1.637310585678543e+41	8.112892819372274e+40	7.745678468588412e+41	6.335690849385374e+41	5.2654686130010974e+41	4.3605558188543916e+41
74927.53710695909	1.6579932606903832e+42	8.352915817708192e+41	8.362458233281911e+41	7.558476814268903e+41	6.698386793945359e+41	5.334616466808886e+41	2.625554525666006e+41	1.6704260308309426e+41	8.305007408239596e+40	7.823917022687635e+41	6.410650798708518e+41	5.334616466808886e+41	4.423251786639895e+41
76324.8442361736	1.6769354662627707e+42	8.410362790700747e+41	8.432309901837872e+41	7.633165447350433e+41	6.771469226495592e+41	5.401037503222046e+41	2.6696014763270677e+41	1.7027828107577048e+41	8.495251746872929e+40	7.898271117029882e+41	6.482644737677458e+41	5.401037503222046e+41	4.483491724082471e+41
77744.08338487204	1.6963808329140137e+42	8.467273423232393e+41	8.5012969053861e+41	7.707433301693309e+41	6.84465327096755e+41	5.468029314993716e+41	2.7139172625888476e+41	1.7352320765307042e+41	8.686013750537828e+40	7.972030803467583e+41	6.554881572350464e+41	5.468029314993716e+41	4.544336263537671e+41
79185.72445906882	1.712875170093615e+42	8.508888547879253e+41	8.55805146775177e+41	7.77296855618441e+41	6.9111531291453996e+41	5.530721311106763e+41	2.7573582583517945e+41	1.7675186628238796e+41	8.878091474186398e+40	8.036222835371558e+41	6.620995583613874e+41	5.530721311106763e+41	4.602208025395299e+41
80650.0748979034	1.7298769470477094e+42	8.553804400050071e+41	8.615019032366064e+41	7.836208660332979e+41	6.974596650969755e+41	5.59024909347537e+41	2.7989023559416694e+41	1.7986582304458767e+41	9.065799538114997e+40	8.098596278274543e+41	6.683953880541396e+41	5.59024909347537e+41	4.657183851369906e+41
82137.55523096272	1.7451719958581233e+42	8.58931416133013e+41	8.665643437569935e+41	7.895712941993196e+41	7.035259169704642e+41	5.647626283967631e+41	2.8392089010990464e+41	1.8290355604719466e+41	9.250550924543057e+40	8.156716223838236e+41	6.744317223816893e+41	5.647626283967631e+41	4.7102755454036645e+41
83648.59788585537	1.7589930853075073e+42	8.617076020355768e+41	8.70973945117376e+41	7.950698196473603e+41	7.092726616949373e+41	5.703159777093901e+41	2.878944284728972e+41	1.8591385861277676e+41	9.434915731207402e+40	8.209791691430872e+41	6.801834648740091e+41	5.703159777093901e+41	4.76208976517028e+41
85183.71982502026	1.7716749436083216e+42	8.638759918333386e+41	8.747896917005977e+41	8.0001087445644e+41	7.145111703474735e+41	5.754633553553034e+41	2.917075786894705e+41	1.8884478294236866e+41	9.617141222157678e+40	8.257166545883757e+41	6.854462872118622e+41	5.754633553553034e+41	4.810644299436336e+41
86743.29714773875	1.7809434904687546e+42	8.642942009449203e+41	8.771339046971384e+41	8.038454682837022e+41	7.188802858841712e+41	5.800167166120484e+41	2.9529302824449944e+41	1.916475790117999e+41	9.794451399286024e+40	8.292553951141054e+41	6.899057713690858e+41	5.800167166120484e+41	4.854688015156723e+41
88327.79915917828	1.7893006224426883e+42	8.639038774007877e+41	8.788233902508767e+41	8.072497407073753e+41	7.229390900035915e+41	5.8436406311870295e+41	2.98780510499615e+41	1.94390928916158e+41	9.969476895626394e+40	8.323103060843428e+41	6.9408337224194486e+41	5.8436406311870295e+41	4.897091633313667e+41
89937.69865033367	1.79518390282013e+42	8.621260756135465e+41	8.791104165348136e+41	8.09429351698341e+41	7.259671883195634e+41	5.879728862003541e+41	3.0199690276346997e+41	1.9698776918519226e+41	1.0139091107259e+41	8.340805948610282e+41	6.972940299800795e+41	5.879728862003541e+41	4.933873767215211e+41
91573.5498697174	1.798649533691971e+42	8.59321499155755e+41	8.784666858869528e+41	8.107858822931477e+41	7.282690669693616e+41	5.910106156938799e+41	3.0496152834338e+41	1.994449433864004e+41	1.030362006089002e+41	8.349971065999586e+41	6.998109344764975e+41	5.910106156938799e+41	4.966001981820681e+41
93235.78384402287	1.8007163021530472e+42	8.553724687379385e+41	8.76879605700701e+41	8.114730014134342e+41	7.300356703726138e+41	5.936358644923934e+41	3.0770207115394793e+41	2.0175831255354267e+41	1.04617395784427e+41	8.351820545845518e+41	7.018242602736485e+41	5.936358644923934e+41	4.994628271486184e+41
94924.91373968705	1.79917761923253e+42	8.495051424987509e+41	8.73526145598689e+41	8.107133024357399e+41	7.306263832405512e+41	5.954440705167291e+41	3.1013437394325737e+41	2.038980506276586e+41	1.0612906046215218e+41	8.338271888832284e+41	7.027441724368505e+41	5.954440705167291e+41	5.017060406541682e+41
96641.46001570724	1.7965654360348842e+42	8.42865107889009e+41	8.693618284558148e+41	8.091797173521568e+41	7.305002709041388e+41	5.966508347670424e+41	3.122614624685588e+41	2.0584970318222094e+41	1.0755699561200778e+41	8.31683579491598e+41	7.029691609860541e+41	5.966508347670424e+41	5.034394665803681e+41
98385.96105008287	1.7926971844531104e+42	8.350443554326137e+41	8.640496961098021e+41	8.067364595082066e+41	7.296637128955483e+41	5.973927497059939e+41	3.1423870930824993e+41	2.077248642771128e+41	1.0896066479528066e+41	8.285593873216776e+41	7.02541880812416e+41	5.973927497059939e+41	5.048356096468543e+41
100159.00552477906	1.78577177403233e+42	8.252426876907761e+41	8.569191108160775e+41	8.028100150717395e+41	7.276150651715299e+41	5.972754498410683e+41	3.158642267358064e+41	2.09391758115859e+41	1.102748134783893e+41	8.23856832651763e+41	7.0098393718461e+41	5.972754498410683e+41	5.055669569683216e+41
101961.11959889633	1.778023387180284e+42	8.147892839687913e+41	8.491806698855699e+41	7.982846789058405e+41	7.249688951756335e+41	5.9660687260440614e+41	3.1719074698482327e+41	2.1087616375421762e+41	1.1151004972395509e+41	8.185564562453443e+41	6.988330907064165e+41	5.9660687260440614e+41	5.058119957256215e+41
103792.8761611381	1.7689806858970103e+42	8.032457706447129e+41	8.402261223568953e+41	7.9271118011854e+41	7.214801866089814e+41	5.953620596935927e+41	3.1826883593578963e+41	2.1220358655328473e+41	1.1267283854576128e+41	8.121431957877105e+41	6.959028724148701e+41	5.953620596935927e+41	5.056140092596262e+41
105654.87669574951	1.7566791177343322e+42	7.904134061409155e+41	8.300310873499667e+41	7.859321719932639e+41	7.168398213384206e+41	5.9312579640005655e+41	3.1886087123205325e+41	2.1324103746536604e+41	1.1370985450249698e+41	8.045139919740402e+41	6.918472306792107e+41	5.9312579640005655e+41	5.045753574679952e+41
107547.7323349427	1.7397376408393302e+42	7.757754970225406e+41	8.183361802736111e+41	7.781190272559567e+41	7.114522986931933e+41	5.9043396129870864e+41	3.1928336451618768e+41	2.1417269490756785e+41	1.1469843820107797e+41	7.957334755792465e+41	6.871192348835726e+41	5.9043396129870864e+41	5.0320764198881105e+41
109472.12705214339	1.7177602319617542e+42	7.602324246075515e+41	8.053716772056485e+41	7.689777620416538e+41	7.04843426201399e+41	5.867550452670974e+41	3.1923306988181227e+41	2.1481416504821967e+41	1.1555513321041547e+41	7.856101706745783e+41	6.8121549318315675e+41	5.867550452670974e+41	5.0102325497809526e+41
111428.64839906499	1.6904610914857494e+42	7.436945775522822e+41	7.91464077467353e+41	7.589952177555217e+41	6.975029758140328e+41	5.82525840969451e+41	3.1894509579613693e+41	2.1530768642464957e+41	1.16341880370523e+41	7.74613284274233e+41	6.746182653390078e+41	5.82525840969451e+41	4.984043080851005e+41
113417.95653287676	1.6590031559602136e+42	7.251444355726798e+41	7.757691452363517e+41	7.475697526046428e+41	6.889378849263783e+41	5.773412204454014e+41	3.182015311118198e+41	2.1552758962985878e+41	1.1701002116529251e+41	7.62087317091009e+41	6.668579020254192e+41	5.773412204454014e+41	4.949958171202909e+41
115440.73002714767	1.6278315468361796e+42	7.054715055405013e+41	7.587960289889023e+41	7.349969804087331e+41	6.794102586865905e+41	5.714591964375649e+41	3.1714024777571396e+41	2.1553981892357468e+41	1.1757452690717735e+41	7.483592555605004e+41	6.581949350605495e+41	5.714591964375649e+41	4.910373307597278e+41
117497.66096047478	1.5972605870551615e+42	6.85201852554902e+41	7.408958400731108e+41	7.213359756152504e+41	6.688272690462756e+41	5.646950227277241e+41	3.156597740144484e+41	2.1529333908383246e+41	1.1801776651993527e+41	7.335587837496219e+41	6.485046396577179e+41	5.646950227277241e+41	4.863470023630866e+41
119589.46633590477	1.5653392539672122e+42	6.638639932730743e+41	7.216028355514902e+41	7.061983913890354e+41	6.568721310309312e+41	5.568312384002166e+41	3.136901248170957e+41	2.1475512620951967e+41	1.183302815125998e+41	7.172737676903347e+41	6.374926070683453e+41	5.568312384002166e+41	4.807641329427809e+41
121716.9302818491	1.5306640973204783e+42	6.409888178272566e+41	7.011492101510734e+41	6.902626757594992e+41	6.4424843691861944e+41	5.483770796665716e+41	3.1131073355807e+41	2.1393408037420234e+41	1.1850084007478604e+41	7.001180814652335e+41	6.258356972911288e+41	5.483770796665716e+41	4.746300667712445e+41
123880.75848064569	1.4929336963101855e+42	6.164294754435645e+41	6.7872710527820064e+41	6.724840119469587e+41	6.3004077349298e+41	5.387599916517215e+41	3.0843538635475984e+41	2.12801016769965e+41	1.1851743993558292e+41	6.81051722405939e+41	6.126855675466806e+41	5.387599916517215e+41	4.675868812107436e+41
126081.72668142807	1.45337594870575e+42	5.910146010076431e+41	6.552762259197017e+41	6.537529499680303e+41	6.150353576560147e+41	5.285854209692352e+41	3.053564195564971e+41	2.115494200415608e+41	1.18480349427416e+41	6.609915641922818e+41	5.987905526857274e+41	5.285854209692352e+41	4.6012543357953514e+41
128320.63356154694	1.412140905591388e+42	5.654730787119012e+41	6.311202244227064e+41	6.338335938189231e+41	5.9870771997317266e+41	5.171632480179779e+41	3.0163277625773152e+41	2.0990528395007965e+41	1.1826371939946398e+41	6.3983592696484e+41	5.835662243721958e+41	5.171632480179779e+41	4.515780905142897e+41
130598.30128597397	1.3689687121458933e+42	5.39077153950878e+41	6.0568474634178555e+41	6.125297617946834e+41	5.8108353170593524e+41	5.046600062263369e+41	2.9732956430930775e+41	2.078795062912095e+41	1.1785446821266837e+41	6.172903889177536e+41	5.6708640087547064e+41	5.046600062263369e+41	4.421105141188435e+41
132915.57220646163	1.3241970948408392e+42	5.124096227330981e+41	5.80111074258034e+41	5.910210923026268e+41	5.631670800326156e+41	4.917826722700952e+41	2.9270689900925377e+41	2.056196514250883e+41	1.1731850070355081e+41	5.945694526500252e+41	5.50290726828663e+41	4.917826722700952e+41	4.322561947323536e+41
135273.31690828793	1.2777117606551577e+42	4.846928933956678e+41	5.530937368708006e+41	5.680689407269343e+41	5.439391857665812e+41	4.778366602563658e+41	2.8753532506978024e+41	2.030038247618274e+41	1.1660437154788013e+41	5.703760006292842e+41	5.32233012960791e+41	4.778366602563658e+41	4.2150360041842475e+41
137672.43018901275	1.2298323168874183e+42	4.5682370160226865e+41	5.2549747310367145e+41	5.442634969768335e+41	5.238275813980308e+41	4.63100846200778e+41	2.8191934099138436e+41	2.0009209005661333e+41	1.1573945907884568e+41	5.453712240544538e+41	5.133018368387803e+41	4.63100846200778e+41	4.100634295979202e+41
140113.83315006562	1.1815748697938782e+42	4.291857569595503e+41	4.976484217048716e+41	5.198508483298718e+41	5.030082949459001e+41	4.476697014681435e+41	2.7588311905809476e+41	1.968916273178904e+41	1.1471881271456736e+41	5.198250019815133e+41	4.936527040301058e+41	4.476697014681435e+41	3.9799702879374136e+41
142598.47503956745	1.1330781293317011e+42	4.01954704912403e+41	4.697692200163588e+41	4.950249955624011e+41	4.816496848724903e+41	4.316793868815956e+41	2.695021445471949e+41	1.9345905310127765e+41	1.1357778944977089e+41	4.939410789085342e+41	4.7344677173583605e+41	4.316793868815956e+41	3.854194427712809e+41
145127.36834978306	1.0851856926211581e+42	3.756382267262988e+41	4.424389335856771e+41	4.703084074976622e+41	4.601391902906445e+41	4.153052387674888e+41	2.627423770089198e+41	1.8975348667092624e+41	1.1228863960980094e+41	4.6827490313444495e+41	4.5302373723413395e+41	4.153052387674888e+41	3.723997859912236e+41
147701.4886016367	1.0380583086586813e+42	3.50736241336483e+41	4.1569986799915146e+41	4.4541385230093205e+41	4.3814666888023554e+41	3.9828119443981795e+41	2.554673929374972e+41	1.8567432608940965e+41	1.1079370020503316e+41	4.425901991470146e+41	4.3206030514419015e+41	3.9828119443981795e+41	3.58725725302159e+41
150321.8732208177	9.92180168417685e+41	3.2686574776063652e+41	3.899058107451926e+41	4.212263725408331e+41	4.166712709638088e+41	3.81545649138029e+41	2.4820256343749433e+41	1.8155361068363314e+41	1.0924686127745678e+41	4.176810490598762e+41	4.115591635911681e+41	3.81545649138029e+41	3.45224862006108e+41
152989.59297141794	9.48050565086707e+41	3.047455115838766e+41	3.65729730019209e+41	3.981443862293454e+41	3.9588710691518305e+41	3.650178070504124e+41	2.4074049835515424e+41	1.7724722973884488e+41	1.0758095429872274e+41	3.940266777269161e+41	3.916305207099813e+41	3.650178070504124e+41	3.317164262043058e+41
155705.752067368	9.057459244183045e+41	2.8388380319094077e+41	3.4259356472516888e+41	3.758086665427316e+41	3.756457453942728e+41	3.487738358529306e+41	2.3321692973745946e+41	1.728346820263777e+41	1.0582522295108301e+41	3.711943572340518e+41	3.721850392399607e+41	3.487738358529306e+41	3.183485361865057e+41
158471.48994700462	8.656707383642874e+41	2.6469892686669822e+41	3.2096758044942206e+41	3.5460474539972306e+41	3.56264955650591e+41	3.3306601444161863e+41	2.257966724667981e+41	1.6843437306989534e+41	1.04042237414314e+41	3.4959620712312816e+41	3.535232096977835e+41	3.3306601444161863e+41	3.0534434815859886e+41
161287.98132358893	8.279265485241452e+41	2.467042916484687e+41	3.004680034125383e+41	3.3445288032268253e+41	3.3786992481286527e+41	3.1819514459791707e+41	2.1874410239827825e+41	1.6421276973228998e+41	1.0230096851776726e+41	3.2906938518210593e+41	3.3582090690472272e+41	3.1819514459791707e+41	2.9304204898435e+41
164156.4383042358	7.924855010744824e+41	2.308925260173512e+41	2.8199954643316544e+41	3.156103077964387e+41	3.2022062156424347e+41	3.034956867352187e+41	2.115613861667047e+41	1.5989758682368226e+41	1.0051131835009778e+41	3.1006287656207775e+41	3.1871257214402315e+41	3.034956867352187e+41	2.8070924197578486e+41
167078.11186926393	7.593603050353094e+41	2.164540789332916e+41	2.647505790095758e+41	2.9784188385195076e+41	3.0355523924451964e+41	2.895908071344438e+41	2.0462508648869467e+41	1.5566001161669884e+41	9.870979042940592e+40	2.9216211647715216e+41	3.025548067140319e+41	2.895908071344438e+41	2.6900054984558852e+41
170054.29206020213	7.285981425034403e+41	2.035678833801976e+41	2.4943322637513363e+41	2.8186240681328134e+41	2.883409790132275e+41	2.7660824847460874e+41	1.9789609802636405e+41	1.5148831131660621e+41	9.689955886687024e+40	2.761370427828627e+41	2.877311053381303e+41	2.7660824847460874e+41	2.5791865675743857e+41
173086.31223910584	7.000190818329476e+41	1.9156928256517543e+41	2.3513959299628724e+41	2.670100062481226e+41	2.742334432115133e+41	2.6457648093493777e+41	1.9163002328062615e+41	1.4759322520493011e+41	9.520533682293505e+40	2.612252366296645e+41	2.7399120716017306e+41	2.6457648093493777e+41	2.4763718746147265e+41
176175.5465372474	6.734358526029957e+41	1.8057631684600265e+41	2.21912668247724e+41	2.53225907641844e+41	2.611604262759649e+41	2.5344696412353485e+41	1.8573174088270658e+41	1.4386039279001775e+41	9.35402699696769e+40	2.4738582995898712e+41	2.6126658485942014e+41	2.5344696412353485e+41	2.381106441470744e+41
179323.41551179273	6.485865438024578e+41	1.7073036699870014e+41	2.0997538499431225e+41	2.406139130482263e+41	2.4905781144133502e+41	2.4296477271494915e+41	1.7999500780079934e+41	1.4017577345136932e+41	9.185737269204908e+40	2.3477282350514245e+41	2.4944230464345924e+41	2.4296477271494915e+41	2.2904056894105283e+41
182531.38512543018	6.252279002575892e+41	1.6185357146203662e+41	1.988918632415199e+41	2.285766852823415e+41	2.3738236416614325e+41	2.3283389506597714e+41	1.7459154789599115e+41	1.3674149375754358e+41	9.029821376253392e+40	2.2280464238520274e+41	2.380163657549253e+41	2.3283389506597714e+41	2.203239745057973e+41
185800.97012295114	6.032898635414864e+41	1.5326235465742822e+41	1.8848014174985107e+41	2.175755367256895e+41	2.2683422994298277e+41	2.237240418295679e+41	1.6963508688395231e+41	1.335496534236507e+41	8.882892651692067e+40	2.118018691209213e+41	2.277155808559673e+41	2.237240418295679e+41	2.1246110236055754e+41
189133.73611653052	5.825263031223679e+41	1.453754784095249e+41	1.7877338227564283e+41	2.0720818893309455e+41	2.1684019145095436e+41	2.150359555338155e+41	1.6484631388625675e+41	1.3044039380163668e+41	8.737444645163774e+40	2.0145654751066545e+41	2.1794132844190815e+41	2.150359555338155e+41	2.0493200326976943e+41
192531.29993221848	5.627782601340627e+41	1.3802605663612688e+41	1.6957245073817344e+41	1.9725595640721374e+41	2.0722781319672784e+41	2.067262718643033e+41	1.6036420372270292e+41	1.2754212301151764e+41	8.601619655283754e+40	1.9154684477644512e+41	2.0854500896995895e+41	2.067262718643033e+41	1.9778053115250136e+41
195995.3327683509	5.438549073219297e+41	1.3112835304715765e+41	1.6097618103758462e+41	1.879791422674827e+41	1.982467409551377e+41	1.9888296170756972e+41	1.5597207560141254e+41	1.2465329846059914e+41	8.463351670924715e+40	1.8230901149365623e+41	1.9975233351816304e+41	1.9888296170756972e+41	1.909592372278404e+41
199527.56281752547	5.256371837401025e+41	1.2501490360311836e+41	1.53211033803216e+41	1.7928208230519064e+41	1.8960937125636843e+41	1.911384224657995e+41	1.5156450660619042e+41	1.2174857679144409e+41	8.322639440804489e+40	1.7373391075655867e+41	1.9123809631338078e+41	1.911384224657995e+41	1.8415689657462992e+41
203129.77686590966	5.081034193190212e+41	1.1905764533787165e+41	1.4580082992052187e+41	1.712090823928211e+41	1.8168257685550438e+41	1.8401046376649917e+41	1.4725751990395228e+41	1.1881774177867893e+41	8.175455091408542e+40	1.6572360000394962e+41	1.834346556756614e+41	1.8401046376649917e+41	1.778115247842039e+41
206803.82272892867	4.911608942791289e+41	1.1326075483971999e+41	1.3839558432867138e+41	1.6304938143040917e+41	1.737469780322767e+41	1.7711057131216915e+41	1.433973941974232e+41	1.1620786047760328e+41	8.042094981338769e+40	1.5762864433070611e+41	1.7566637472118394e+41	1.7711057131216915e+41	1.718416999691983e+41
210551.61231125417	4.746897139042678e+41	1.0781112384638983e+41	1.3138372879971798e+41	1.5517573255228583e+41	1.6596684964171563e+41	1.7021589938091703e+41	1.3959175427704578e+41	1.1371920363069373e+41	7.920331496109652e+40	1.4986021971045793e+41	1.6801409386655791e+41	1.7021589938091703e+41	1.6584213801962572e+41
214375.1240002512	4.5864762061724776e+41	1.0272592878535006e+41	1.2489921004033871e+41	1.4788733846995996e+41	1.587212948852971e+41	1.6368385718086384e+41	1.3572334357210407e+41	1.1108676803565537e+41	7.785032973244279e+40	1.4267709690726713e+41	1.6086751009467338e+41	1.6368385718086384e+41	1.6005739575558103e+41
218276.40552009895	4.429751197708134e+41	9.772853599391944e+40	1.1852241585281247e+41	1.4075817007403691e+41	1.5167645958626688e+41	1.5738549122666806e+41	1.32025497874092e+41	1.0856205787825431e+41	7.653445012028743e+40	1.3563771163789556e+41	1.5393214628256416e+41	1.5738549122666806e+41	1.545040127289628e+41
222257.5770988861	4.278158521672373e+41	9.30746914655457e+40	1.124537530949693e+41	1.338006619662318e+41	1.447439701525368e+41	1.5120340642201022e+41	1.2848901107471107e+41	1.0615254718133781e+41	7.526364973636673e+40	1.2880349109048982e+41	1.4710229123754527e+41	1.5120340642201022e+41	1.490961661239888e+41
226320.83415953032	4.1295661299150184e+41	8.86427953104054e+40	1.066479442207531e+41	1.2702712890160057e+41	1.3789889148341629e+41	1.4500368040323778e+41	1.249868717398294e+41	1.0382304630014798e+41	7.406137011799524e+40	1.2218352984661404e+41	1.403313196789369e+41	1.4500368040323778e+41	1.4365159348334133e+41
230468.45141827344	3.983964692112123e+41	8.445761287908184e+40	1.0124326693630162e+41	1.2073590840498629e+41	1.31512089512166e+41	1.3911968748318818e+41	1.2139091325415053e+41	1.0133029907380464e+41	7.272077610301846e+40	1.160374017415424e+41	1.339975503679803e+41	1.3911968748318818e+41	1.383837397347964e+41
234702.78596221312	3.841773911972486e+41	8.055746237705708e+40	9.624705797450312e+40	1.14872519627154e+41	1.2547931270240972e+41	1.3341853463239153e+41	1.1770374061763946e+41	9.872445818016646e+40	7.129018055666309e+40	1.1032915196747392e+41	1.2798480143019553e+41	1.3341853463239153e+41	1.3318286028153728e+41
239026.2810451059	3.702303963634252e+41	7.663404596552234e+40	9.111874307987265e+40	1.0879407170562083e+41	1.192830951476636e+41	1.2775977379545247e+41	1.143787306603251e+41	9.641510209012787e+40	7.000113713935295e+40	1.0441217103350402e+41	1.2184327062279333e+41	1.2775977379545247e+41	1.2818038940175316e+41
243441.46997209775	3.566672363795856e+41	7.298480039907122e+40	8.639715192228895e+40	1.0313051261615276e+41	1.1341521634779174e+41	1.2224481878263563e+41	1.1095328334133151e+41	9.402357817653255e+40	6.868050953934773e+40	9.892440513158055e+40	1.159934606201404e+41	1.2224481878263563e+41	1.2320423999631356e+41
247950.97976915512	3.4335051914241382e+41	6.943319490214626e+40	8.184361989676685e+40	9.762122524687732e+40	1.0766000600479066e+41	1.1679919589083701e+41	1.0760845443872754e+41	9.170350372029505e+40	6.739051392526763e+40	9.360230332951576e+40	1.1024393933954684e+41	1.1679919589083701e+41	1.1829177836768588e+41
252557.53679471696	3.303156665964796e+41	6.595838966373819e+40	7.737712034498489e+40	9.222673660144392e+40	1.020552330713991e+41	1.1154064862172738e+41	1.0434935906754027e+41	8.940286492044391e+40	6.608323099012574e+40	8.83847238172585e+40	1.0465579314976848e+41	1.1154064862172738e+41	1.1355978239467161e+41
257263.96952974625	3.1763267677408995e+41	6.276682037525161e+40	7.331850207541182e+40	8.71905916414751e+40	9.667090615307432e+40	1.0629431388833755e+41	1.0100788058704454e+41	8.707248734784081e+40	6.477575087257023e+40	8.355878908047496e+40	9.923971480538047e+40	1.0629431388833755e+41	1.0875322440449266e+41
262073.21450134407	3.0520826717158957e+41	5.96823512250859e+40	6.945305960787226e+40	8.239437551385907e+40	9.151496049532286e+40	1.0121544738866409e+41	9.766168492197302e+40	8.469660138268843e+40	6.341618464849815e+40	7.896820395121424e+40	9.40424557124259e+40	1.0121544738866409e+41	1.0405788953519192e+41
266988.32157106843	2.9304441511365074e+41	5.657928401651043e+40	6.563085888951748e+40	7.771369940398082e+40	8.651977700996233e+40	9.633943130265744e+40	9.445561493811663e+40	8.239332107888848e+40	6.206797502537522e+40	7.447530457404975e+40	8.901792899975428e+40	9.633943130265744e+40	9.956868729856027e+40
272012.45903697086	2.8122868377460567e+41	5.368183088904156e+40	6.207678945637247e+40	7.326596078605574e+40	8.168013106380622e+40	9.15115492964148e+40	9.123901475863991e+40	8.008927409266864e+40	6.071859860814631e+40	7.023548066469307e+40	8.412312857734595e+40	9.15115492964148e+40	9.50847384372312e+40
277148.9190404273	2.6968071772673143e+41	5.089056437719896e+40	5.87157790530283e+40	6.904505470955682e+40	7.7024264585382185e+40	8.675575982435343e+40	8.797936841050751e+40	7.777194285120895e+40	5.938301795958582e+40	6.622475037720915e+40	7.939061755150914e+40	8.675575982435343e+40	9.060461688056964e+40
282401.1242021985	2.584137394674376e+41	4.808946654791343e+40	5.536409764190312e+40	6.484451857736318e+40	7.240325487289598e+40	8.208858488700102e+40	8.490094097838803e+40	7.559789642774458e+40	5.811449111886125e+40	6.223205645339674e+40	7.470127000395842e+40	8.208858488700102e+40	8.625991526737334e+40
287772.6339587198	2.4746370374514006e+41	4.548432243551926e+40	5.236028653489933e+40	6.112190564557746e+40	6.82489507970076e+40	7.772122424360393e+40	8.166268679789825e+40	7.320676855518091e+40	5.667863809480642e+40	5.869751309745725e+40	7.045568989192946e+40	7.772122424360393e+40	8.205059577344154e+40
293267.15047541313	2.36791682347936e+41	4.2914927298052007e+40	4.939103400356418e+40	5.739725163966262e+40	6.406685820645543e+40	7.334450664299599e+40	7.857276457878585e+40	7.096881454631841e+40	5.533892495754428e+40	5.51728488408154e+40	6.617977225876703e+40	7.334450664299599e+40	7.788149635100216e+40
298888.52691201953	2.264347324931212e+41	4.0463885948340897e+40	4.665765361493364e+40	5.401780571454256e+40	6.02271427971274e+40	6.918945537039607e+40	7.540389601147442e+40	6.863598931493664e+40	5.394178777705091e+40	5.19756575769603e+40	6.223006282502191e+40	6.918945537039607e+40	7.381734548825054e+40
304640.772384134	2.1634903447743714e+41	3.7982904962706595e+40	4.386944496349999e+40	5.059098466364906e+40	5.636119282838642e+40	6.507078410549334e+40	7.241877823422266e+40	6.646461036921197e+40	5.262334853768527e+40	4.872685219420419e+40	5.826418851557805e+40	6.507078410549334e+40	6.984811050172014e+40
310528.0664760434	2.06601768602829e+41	3.5632450196951406e+40	4.1309418326089186e+40	4.747106224311308e+40	5.277626099854538e+40	6.108968494815169e+40	6.932660062911784e+40	6.422714015959321e+40	5.131983721875483e+40	4.577552818251553e+40	5.455668457396567e+40	6.108968494815169e+40	6.5900284569969905e+40
316554.7614509555	1.970976595075582e+41	3.3395239256226794e+40	3.8900513050394575e+40	4.454853675192176e+40	4.940061886364456e+40	5.729472866781393e+40	6.624727239592508e+40	6.192501678614625e+40	4.992315436981562e+40	4.3012100399444413e+40	5.105745367871241e+40	5.729472866781393e+40	6.209830665185062e+40
322725.3938942557	1.879105725998741e+41	3.114311722071222e+40	3.6503628081785146e+40	4.173562942751261e+40	4.619470523333881e+40	5.369950427045691e+40	6.330297556182974e+40	5.970826479175231e+40	4.854541891352542e+40	4.0331617475727044e+40	4.774017077165183e+40	5.369950427045691e+40	5.848615505249037e+40
329044.6936500406	1.7901605598706035e+41	2.9006992855711335e+40	3.424462894859423e+40	3.9067734171187196e+40	4.310657372620867e+40	5.015325789050659e+40	6.034366555399022e+40	5.750390293087799e+40	4.720894010499771e+40	3.7798932371405577e+40	4.452747265589175e+40	5.015325789050659e+40	5.488140776687221e+40
335517.5945264181	1.7041691772717556e+41	2.6952492944292207e+40	3.2110822892968505e+40	3.662823259414693e+40	4.030296599168872e+40	4.68818871251682e+40	5.738272362122308e+40	5.521521052432573e+40	4.5786590806403335e+40	3.5467321523212903e+40	4.1607236655453325e+40	4.68818871251682e+40	5.148382798736355e+40
342149.24520946766	1.6210588365322468e+41	2.4942280261577244e+40	3.0014844031829997e+40	3.4247299171304924e+40	3.756879758444887e+40	4.367789662513339e+40	5.451280950843718e+40	5.302836343254958e+40	4.44360178543359e+40	3.3188241684895385e+40	3.8757388005635693e+40	4.367789662513339e+40	4.8152044167431365e+40
348945.0210666606	1.5408423786532416e+41	2.3027083377022335e+40	2.8040873393086753e+40	3.2064198447062484e+40	3.507944511637994e+40	4.0720887268813697e+40	5.167440725561148e+40	5.079093867356328e+40	4.3009855539367927e+40	3.1085913172453923e+40	3.616040556960525e+40	4.0720887268813697e+40	4.501959720722783e+40
355910.53626901115	1.463486797005305e+41	2.117956416091312e+40	2.6127726289389433e+40	2.995782206945282e+40	3.2674321925101827e+40	3.7837284428327146e+40	4.889719634405449e+40	4.862750562129882e+40	4.164741097085285e+40	2.9055526088445605e+40	3.3647333610028623e+40	3.7837284428327146e+40	4.1947949874594027e+40
363051.6573002587	1.3889663313340494e+41	1.9382938888669524e+40	2.425964716116043e+40	2.79375364047956e+40	3.0392424274148878e+40	3.5091364318106697e+40	4.61494318354565e+40	4.647553220919204e+40	4.0317137316374856e+40	2.70972944543129e+40	3.126565638684718e+40	3.5091364318106697e+40	3.8989664977387207e+40
370374.515891501	1.3172233501044557e+41	1.7704042013926012e+40	2.251146475133054e+40	2.608972212865659e+40	2.833710088033191e+40	3.2612320246123627e+40	4.347562145780412e+40	4.427607516034684e+40	3.887769655939788e+40	2.529340168913578e+40	2.912496502766999e+40	3.2612320246123627e+40	3.6275605318288686e+40
377885.5269009971	1.2481611957739754e+41	1.6093851275341401e+40	2.0823185456526298e+40	2.431348638134928e+40	2.636184167867008e+40	3.0205851717924864e+40	4.0859464222373623e+40	4.2152245878191654e+40	3.750554700578232e+40	2.3556909817167466e+40	2.7064857765933446e+40	3.0205851717924864e+40	3.3620902103291027e+40
385591.4018973918	1.1818630013537144e+41	1.4559265087909417e+40	1.919287258257438e+40	2.2612817975204735e+40	2.449236374141078e+40	2.7931012064865236e+40	3.828251958280255e+40	4.003609517567329e+40	3.6154631067927676e+40	2.188739749613319e+40	2.5119319528468495e+40	2.7931012064865236e+40	3.108600729194878e+40
393499.1668959634	1.1181633142813324e+41	1.311563087176606e+40	1.764757159406302e+40	2.103327688528486e+40	2.279443992060549e+40	2.5888899555901054e+40	3.5825588656687667e+40	3.792383032051119e+40	3.4726297114776095e+40	2.0324749501155843e+40	2.3361550946491947e+40	2.5888899555901054e+40	2.8788525007483876e+40
401616.1808576901	1.0571397114514229e+41	1.1754439813371858e+40	1.6165296510238825e+40	1.951675744273153e+40	2.1173067083259277e+40	2.393827163742699e+40	3.343434430429674e+40	3.587178613069138e+40	3.335056814884386e+40	1.8822335294980572e+40	2.1684843186534882e+40	2.393827163742699e+40	2.657998007526012e+40
409950.15554952214	9.98664320578067e+40	1.0471244208804596e+40	1.4742332189940879e+40	1.8065221771233483e+40	1.9640880006962056e+40	2.211122894008339e+40	3.112204271846178e+40	3.3860736775680225e+40	3.1994358072923347e+40	1.7379701540206196e+40	2.0106038674133893e+40	2.211122894008339e+40	2.449934386072467e+40
418509.1758362953	9.42673227717978e+40	9.289726312665432e+39	1.34029212430208e+40	1.6692409061118258e+40	1.820312965375482e+40	2.0406869160672246e+40	2.8873897796190914e+40	3.1863061741813814e+40	3.0632121441936694e+40	1.6013874815284416e+40	1.8628383725755545e+40	2.0406869160672246e+40	2.2544227105082185e+40
427301.72393858084	8.891033002129633e+40	8.18959027407867e+39	1.2129155436916294e+40	1.5391378100013062e+40	1.6869776340453742e+40	1.8874470005153116e+40	2.678244916805737e+40	2.992015858843223e+40	2.9229925965852224e+40	1.4713920114275213e+40	1.7268960983029207e+40	1.8874470005153116e+40	2.079312791931676e+40
436336.7021059897	8.379421825959693e+40	7.175965654444185e+39	1.0925578833636694e+40	1.4149070917116387e+40	1.559929530038589e+40	1.7414943205307308e+40	2.4738551818564065e+40	2.8024438225145507e+40	2.788514341265179e+40	1.3473624407415428e+40	1.5974894637051335e+40	1.7414943205307308e+40	1.9113266286209734e+40
445623.45918177196	7.891134378058684e+40	6.247621238417848e+39	9.791149883924408e+39	1.2963482898041749e+40	1.4395402470465497e+40	1.605564140449556e+40	2.278765050030106e+40	2.617202124619004e+40	2.6549456344435225e+40	1.2290700078547867e+40	1.4753526557142925e+40	1.605564140449556e+40	1.7551761608133083e+40
455171.8183504475	7.425365164611442e+40	5.400525677198103e+39	8.72502094939611e+39	1.1836024485527276e+40	1.3260908170600586e+40	1.4804257917105516e+40	2.0956829411902062e+40	2.4382296616236343e+40	2.5215831035417227e+40	1.1166097001400076e+40	1.3608311635557547e+40	1.4804257917105516e+40	1.612274734801355e+40
464992.1069729083	6.981677836165295e+40	4.64327670270434e+39	7.740180006343463e+39	1.077374095730581e+40	1.219269122604578e+40	1.3640757272692054e+40	1.9211960519366073e+40	2.263590257851032e+40	2.3893810812930264e+40	1.0109509364746498e+40	1.2532489741478714e+40	1.3640757272692054e+40	1.479683410976585e+40
475095.1899150057	6.559044877100172e+40	3.9619935093545325e+39	6.823789108061706e+39	9.767371341564854e+39	1.1185638212695602e+40	1.256957154613681e+40	1.7585155838813478e+40	2.095933283041533e+40	2.258383589439016e+40	9.110526363546081e+39	1.1522581853684812e+40	1.256957154613681e+40	1.3587848554768036e+40
485492.50333099073	6.156888882147918e+40	3.3571186646146676e+39	5.978501162230452e+39	8.812688724725234e+39	1.0226325395493236e+40	1.1569062804561133e+40	1.6084569160909944e+40	1.936540649992467e+40	2.1285024992295787e+40	8.167667980581325e+39	1.0562468358951164e+40	1.1569062804561133e+40	1.2477830171018944e+40
496196.0925292029	5.775356380604593e+40	2.822257509040058e+39	5.201636778348565e+39	7.911490734847565e+39	9.316848822033044e+39	1.0631707827405943e+40	1.4672006811824843e+40	1.7839737064056218e+40	2.0028065990068057e+40	7.28180557970881e+39	9.653320491821842e+39	1.0631707827405943e+40	1.1446139193280795e+40
507218.65232327546	5.413026423252919e+40	2.3586994897312954e+39	4.5002470123699767e+39	7.07152820339267e+39	8.461431526789605e+39	9.757363052791218e+39	1.3349294626897187e+40	1.6369765623141443e+40	1.8784421982455276e+40	6.461297609448059e+39	8.798095992718743e+39	9.757363052791218e+39	1.049326339213746e+40
518573.5713435962	5.069168645644368e+40	1.956242718526103e+39	3.864688731971897e+39	6.284422111898071e+39	7.652253214427669e+39	8.93991230121486e+39	1.2131764265279105e+40	1.4979368563999765e+40	1.7567277228346778e+40	5.697494767860261e+39	7.989160196562171e+39	8.93991230121486e+39	9.616741921919885e+39
530274.978693721	4.743400779683613e+40	1.610637083844643e+39	3.2938998675957177e+39	5.550851572439114e+39	6.888378886503099e+39	8.173917513503944e+39	1.1017723365478939e+40	1.367330867981152e+40	1.6381134148746943e+40	4.9910683479241866e+39	7.224700267257921e+39	8.173917513503944e+39	8.809195149310915e+39
542337.7951676587	4.435004930450384e+40	1.3191804464175332e+39	2.789754257896111e+39	4.8756874237992384e+39	6.172084011976027e+39	7.451733091535168e+39	9.986610101804774e+39	1.24388563131125e+40	1.5226412480220093e+40	4.346759912353406e+39	6.505348346305818e+39	7.451733091535168e+39	8.055294677717529e+39
554777.7892181491	4.143207155991222e+40	1.0737891367720965e+39	2.3446466901336824e+39	4.2543413473839193e+39	5.501612258943092e+39	6.776206429194607e+39	9.051567001176657e+39	1.1289464393801824e+40	1.410633726817595e+40	3.759068297565957e+39	5.830294840498813e+39	6.776206429194607e+39	7.361214734600181e+39
567611.6365516338	3.8675026457791977e+40	8.694858696296203e+38	1.9554408384652318e+39	3.685871722583481e+39	4.8748828190363024e+39	6.139386012020349e+39	8.200201628825978e+39	1.0221841477938865e+40	1.3026053541537074e+40	3.226799885132049e+39	5.196543668830515e+39	6.139386012020349e+39	6.714406768548938e+39
580856.9854096508	3.607190864984868e+40	7.022858273484251e+38	1.620813488343402e+39	3.173517676355151e+39	4.2964242838422293e+39	5.543221745843125e+39	7.425955213034111e+39	9.231961805566773e+39	1.1984108695647415e+40	2.7521880777599836e+39	4.6084951967377266e+39	5.543221745843125e+39	6.113137024363083e+39
594532.5278751167	3.3615804390118745e+40	5.65687729315982e+38	1.3333283890445174e+39	2.7109983543207334e+39	3.760660979516587e+39	4.9816762677117947e+39	6.724938978411407e+39	8.323331608915247e+39	1.0987824044631858e+40	2.3285807585486843e+39	4.060625664205192e+39	4.9816762677117947e+39	5.550547229026407e+39
608658.0765260749	3.1302932941558316e+40	4.560212470645288e+38	1.0908090332650571e+39	2.3002915933398262e+39	3.271319204455516e+39	4.456175066559388e+39	6.07824238264458e+39	7.473558668075395e+39	1.0028501795951997e+40	1.9569072778735983e+39	3.55669796614883e+39	4.456175066559388e+39	5.02301728698648e+39
623254.6488907539	2.912166463446708e+40	3.682957691669748e+38	8.870822319956358e+38	1.9365279104442827e+39	2.825025632049869e+39	3.965314410548506e+39	5.504490944641619e+39	6.717139704003332e+39	9.126901844746682e+39	1.6317881294605373e+39	3.093762081388231e+39	3.965314410548506e+39	4.5315448980372164e+39
638344.5586497672	2.7070980003980537e+40	2.991175255733257e+38	7.188564600095521e+38	1.6194763692317975e+39	2.4236325590506283e+39	3.510157937137657e+39	4.9841289081367665e+39	6.030388776594892e+39	8.276055519337868e+39	1.3520627019629921e+39	2.6739732873272313e+39	3.510157937137657e+39	4.0729743236348587e+39
653951.5160646434	2.5143314442329535e+40	2.4463630909132467e+38	5.805350364812079e+38	1.3439472901572566e+39	2.0630747785311e+39	3.087327817657258e+39	4.511258589723155e+39	5.410935985064223e+39	7.479879348108903e+39	1.1122191388355324e+39	2.2935631284614815e+39	3.087327817657258e+39	3.6432199050239454e+39
670100.7370016593	2.3333203590713164e+40	2.02162749967108e+38	4.6869129909369546e+38	1.1085218587781266e+39	1.7442283991702252e+39	2.6992612780173607e+39	4.080687365678136e+39	4.8523251095441033e+39	6.735408198049774e+39	9.100745062567773e+38	1.9540034903107043e+39	2.6992612780173607e+39	3.2435890119816046e+39
686819.0628853482	2.163559603718493e+40	1.6895420558203781e+38	3.786356258576869e+38	9.08182657414772e+38	1.46299521923427e+39	2.3428776915296922e+39	3.683304995130493e+39	4.3423400319827815e+39	6.035480781528367e+39	7.40458763935532e+38	1.651516329041809e+39	2.3428776915296922e+39	2.870457901919955e+39
704135.091624693	2.0042452719751825e+40	1.4305353748113655e+38	3.0717325230913684e+38	7.405285643715628e+38	1.2188847742623234e+39	2.0201522930922187e+39	3.323285823925924e+39	3.8936475507923996e+39	5.3997605096334596e+39	6.004944322310456e+38	1.3862486376945092e+39	2.0201522930922187e+39	2.5263458877828456e+39
722079.3217234939	1.8551020993263682e+40	1.2270528192547594e+38	2.5085213832838127e+38	6.016059350993402e+38	1.0089249461062075e+39	1.7297883124754394e+39	2.992630119037416e+39	3.491843060195712e+39	4.8177536020339333e+39	4.861211130524229e+38	1.1556406254402003e+39	1.7297883124754394e+39	2.2099260499030056e+39
740684.3105239783	1.7155433144390063e+40	1.0651660490549744e+38	2.0662029049908126e+38	4.874062867679817e+38	8.296847476585839e+38	1.469894995491341e+39	2.6873663804961652e+39	3.131656202545003e+39	4.288369257985784e+39	3.933761840948296e+38	9.565844222202008e+38	1.469894995491341e+39	1.9197530598371066e+39
759984.8482042499	1.5851371076918364e+40	9.34573659060559e+37	1.720888139243628e+38	3.948169614316923e+38	6.788211027859054e+38	1.2401241740049113e+39	2.4042858759006318e+39	2.804362904045016e+39	3.8013188251313396e+39	3.1913927266985968e+38	7.871413429767132e+38	1.2401241740049113e+39	1.6562267225735358e+39
780018.149838698	1.463201798357808e+40	8.271764043106641e+37	1.4512083955824494e+38	3.205068447803623e+38	5.5326358144936224e+38	1.0390566650588173e+39	2.1440165275359673e+39	2.5138190357088746e+39	3.369634902247706e+39	2.602411540187415e+38	6.4451190368434315e+38	1.0390566650588173e+39	1.4190373926039306e+39
800824.0672333227	1.34950991846737e+40	7.36943819645843e+37	1.239484989233362e+38	2.6135965663035137e+38	4.498281184670589e+38	8.646976507570869e+38	1.90278741459106e+39	2.249439691957297e+39	2.977936495993601e+39	2.138112890037754e+38	5.256731760251323e+38	8.646976507570869e+38	1.2070081017771675e+39
822445.3232549456	1.243412887821559e+40	6.595584879380906e+37	1.0717928247276543e+38	2.146820376830205e+38	3.656410426991578e+38	7.153375701515821e+38	1.6809725000597048e+39	2.0125288285551755e+39	2.6342716206334245e+39	1.7742018545198005e+38	4.2787916123699655e+38	7.153375701515821e+38	1.0195710494992933e+39
844927.7712862586	1.1446600305892514e+40	5.919140001618445e+37	9.369815330839851e+37	1.7800692166694617e+38	2.9776324080763124e+38	5.8867006637336226e+38	1.4765083268050104e+39	1.796018947009629e+39	2.3255099156538496e+39	1.4891991863539995e+38	3.482027019864249e+38	5.8867006637336226e+38	8.552854356722368e+38
868320.6831316515	1.052711995223464e+40	5.3186704069260875e+37	8.266278566251547e+37	1.4926378759867122e+38	2.4357434930669835e+38	4.82543820156687e+38	1.2892914950332079e+39	1.5990379194491384e+39	2.0526830539306314e+39	1.2655235614327992e+38	2.839935522548124e+38	4.82543820156687e+38	7.129336624221196e+38
892677.068915314	9.671868380673088e+39	4.779378226590573e+37	7.344032831201738e+37	1.2669621904368036e+38	2.006562916665822e+38	3.946791355828206e+38	1.1190203221552265e+39	1.4201248997684243e+39	1.81513436686078e+39	1.0887109587310913e+38	2.327398441854631e+38	3.946791355828206e+38	5.910137781348137e+38
918054.033290989	8.877885850182999e+39	4.291064839434856e+37	6.556583506842632e+37	1.0884341378902162e+38	1.6680973783547338e+38	3.2266482857742713e+38	9.64769753865241e+38	1.2559165696824406e+39	1.6031390571071058e+39	9.471112233997073e+37	1.920902086789082e+38	3.2266482857742713e+38	4.876500527162147e+38
944513.172774863	8.140716609217817e+39	3.846745279369795e+37	5.871170370137318e+37	9.455634499235244e+37	1.4017612776045916e+38	2.642888243316627e+38	8.263359188260707e+38	1.1059752202891714e+39	1.416604898668817e+39	8.318144989803538e+37	1.6001741990255362e+38	2.642888243316627e+38	4.010791718302412e+38
972121.0197717282	7.457151013827717e+39	3.4414373483833447e+37	5.264824997252429e+37	8.293279361998117e+37	1.1916528776383161e+38	2.174016313513383e+38	7.031740974754142e+38	9.691852264503033e+38	1.251898145911801e+39	7.360396334865077e+37	1.3474063463614537e+38	2.174016313513383e+38	3.2939020541694747e+38
1000949.5398624502	6.823895803986178e+39	3.0714390553294716e+37	4.721768710259489e+37	7.328770116293753e+37	1.0246425701282023e+38	1.800058216665119e+38	5.94614088921288e+38	8.447519100512413e+38	1.1061815822230021e+39	6.547902945288402e+37	1.1475161532928305e+38	1.800058216665119e+38	2.7064548605254075e+38
1031076.68984389	6.237800979151886e+39	2.73383708091793e+37	4.231257903123766e+37	6.511831707874344e+37	8.903101536597001e+37	1.503428493356803e+38	5.000200929157464e+38	7.321831812854303e+38	9.767188948569119e+38	5.84498483083466e+37	9.882500515004412e+37	1.503428493356803e+38	2.230281492952738e+38
1062587.0453598858	5.695862987007897e+39	2.426195518394281e+37	3.7858663230003714e+37	5.805898791333692e+37	7.803828369380034e+37	1.268149347056109e+38	4.183890142610763e+38	6.3086630131587624e+38	8.613398289736054e+38	5.22638952019978e+37	8.596008822004047e+37	1.268149347056109e+38	1.847050339753719e+38
1095572.5082919714	5.195241186060069e+39	2.146376298157643e+37	3.3803646378642116e+37	5.185530313674202e+37	6.886816888599077e+37	1.0809588724059448e+38	3.487551811154144e+38	5.403739744394771e+38	7.580171939407314e+38	4.674862599276226e+37	7.539174668056676e+37	1.0809588724059448e+38	1.5405341056481309e+38
1130133.1060030537	4.7332256948975567e+39	1.8924337345718816e+37	3.010874824855222e+37	4.633131801731789e+37	6.106356762364729e+37	9.307962406611912e+37	2.9001710864571336e+38	4.602474981026638e+38	6.653087503341857e+38	4.178594076300678e+37	6.653953415229539e+37	9.307962406611912e+37	1.2960193022232952e+38
1166377.8965329041	4.307255887275716e+39	1.6625583055961114e+37	2.674347675064009e+37	4.136684344768598e+37	5.42968348345029e+37	8.087774968737087e+37	2.4101271790408266e+38	3.899874972865831e+38	5.820206187427276e+38	3.7294761182302593e+37	5.897772458193682e+37	8.087774968737087e+37	1.100707025271073e+38
1204425.996356157	3.9149689678382686e+39	1.4550457773691842e+37	2.36823318940075e+37	3.6879146272591223e+37	4.83377912437728e+37	7.079330421793313e+37	2.0050102715256547e+38	3.2893710523968773e+38	5.0698759999043045e+38	3.3217901740919365e+37	5.240113515099305e+37	7.079330421793313e+37	9.436693289470133e+37
1244407.7503784993	3.553878673387795e+39	1.2682852139439346e+37	2.090301695016606e+37	3.2810355433945725e+37	4.302928870739546e+37	6.230625685457019e+37	1.6733151139082609e+38	2.7653450158397887e+38	4.3989536820116915e+38	2.951348779851353e+37	4.659867634165258e+37	6.230625685457019e+37	8.161269848014045e+37
1286466.0675487735	3.222058324251615e+39	1.1007434637763758e+37	1.8385166298447208e+37	2.911738465385269e+37	3.8262456579102126e+37	5.502917796863722e+37	1.4032287438041612e+38	2.319733527703013e+38	3.798550684736453e+38	2.6148472065602953e+37	4.1423446412056833e+37	5.502917796863722e+37	7.109626384499902e+37
1330757.949881977	2.917301591942782e+39	9.509655896414511e+36	1.6109962739533133e+37	2.576672656882201e+37	3.396238281262014e+37	4.868808647950655e+37	1.1841269401698262e+38	1.9448658363510898e+38	3.2652978760955653e+38	2.3095540759304297e+37	3.677540254389636e+37	4.868808647950655e+37	6.227709476939014e+37
1377456.2481089914	2.637738412006747e+39	8.175677079178129e+36	1.4059740291148643e+37	2.2730401862215453e+37	3.0075102754072043e+37	4.309078317829253e+37	1.006300867667683e+38	1.6323575339315778e+38	2.7948644067636576e+38	2.0330743842643473e+37	3.258437638979678e+37	4.309078317829253e+37	5.475026573396174e+37
1426751.6838943649	2.3815582963257822e+39	6.992346869706863e+36	1.2217848663098713e+37	1.9983925806911422e+37	2.6559747817643437e+37	3.8104661614352377e+37	8.612932812706477e+37	1.3737442806852736e+38	2.383130629669136e+38	1.783240348425545e+37	2.87993653491212e+37	3.8104661614352377e+37	4.822295849078867e+37
1478855.1867039655	2.1470596869024716e+39	5.947174392899185e+36	1.0568555731360204e+37	1.7505136665826303e+37	2.3383361492135634e+37	3.363784826802625e+37	7.419878961261443e+37	1.1607688200065046e+38	2.0258896175213664e+38	1.5580499275587527e+37	2.5381101481311675e+37	3.363784826802625e+37	4.2488564586627995e+37
1534000.6035154834	1.9326444771856042e+39	5.028306961721157e+36	9.096981377090449e+36	1.5273582529413563e+37	2.0517807870221072e+37	2.962502625586744e+37	6.426089827748012e+37	9.856660920263606e+37	1.718705580559928e+38	1.3556349602396942e+37	2.2297398167319034e+37	2.962502625586744e+37	3.740350428884439e+37
1592447.852186995	1.7368284894231794e+39	4.224509683935282e+36	7.789042101460322e+36	1.3270195251934953e+37	1.7938023981644018e+37	2.601741386193629e+37	5.586270265410767e+37	8.413728144051626e+37	1.4567492568163935e+38	1.1742431964693054e+37	1.9520400427142374e+37	2.601741386193629e+37	3.286780372922217e+37
1654486.6049433418	1.558167033621739e+39	3.525151746864837e+36	6.631413699565089e+36	1.1477143864956998e+37	1.5621168943798808e+37	2.2776445505606433e+37	4.866385887080537e+37	7.217950130346458e+37	1.2352268923904626e+38	1.0122295800135905e+37	1.7025169665899588e+37	2.2776445505606433e+37	2.881065194957638e+37
1720440.608163209	1.3954000682584158e+39	2.9201880575814534e+36	5.611477439512911e+36	9.877678198115807e+36	1.3546045609999513e+37	1.9869435581473305e+37	4.241274774437478e+37	6.217294725406962e+37	1.048840932779415e+38	8.68044954052934e+36	1.478876156501984e+37	1.9869435581473305e+37	2.517889901171573e+37
1790672.7695504862	1.2472667384134973e+39	2.400152018908251e+36	4.717297087676427e+36	8.456091076994649e+36	1.1692958190791963e+37	1.7267662151634189e+37	3.6931164664272074e+37	5.370328263724412e+37	8.925956564502436e+37	7.402326959706835e+36	1.278996200332199e+37	1.7267662151634189e+37	2.193068675370349e+37
1865591.1753229592	1.1126404254305648e+39	1.9561436312927666e+36	3.937580491330389e+36	7.197624931259767e+36	1.0043513540542066e+37	1.4944997937209274e+37	3.2092642789581046e+37	4.644620256889791e+37	7.616070716047157e+37	6.274210825840459e+36	1.1009004381741378e+37	1.4944997937209274e+37	1.903067399516829e+37
1945656.2404794237	9.904374255500629e+38	1.5798229022997883e+36	3.2616563875291166e+36	6.088421869174924e+36	8.58055040585096e+36	1.2877409701792989e+37	2.7807549833662362e+37	4.016043182510913e+37	6.514906188127756e+37	5.2831887455929743e+36	9.427478785712821e+36	1.2877409701792989e+37	1.6447772683932985e+37
2031389.2471783026	8.796858633102383e+38	1.2634018408144916e+36	2.679448137327681e+36	5.115454973471783e+36	7.288031767346094e+36	1.104258106489124e+37	2.4009311218744973e+37	3.4668464215250784e+37	5.583120073021531e+37	4.4170961742913336e+36	8.028204659401108e+36	1.104258106489124e+37	1.415368015794459e+37
2123382.593630216	7.79447839750382e+38	9.996391928404667e+35	2.1814576144412123e+36	4.266484400474074e+36	6.150991232356037e+36	9.419818442284217e+36	2.0646332011720485e+37	2.984407902636747e+37	4.788319913036037e+37	3.664479076236783e+36	6.795176457487297e+36	9.419818442284217e+36	1.2122398162470256e+37
2222312.1638518265	6.888698437657264e+38	7.818339298641858e+35	1.7587487330168488e+36	3.5300040197385123e+36	5.155451033571018e+36	7.989902725445622e+36	1.7675673007988357e+37	2.559581779363634e+37	4.1043909108925134e+37	3.0145510686443884e+36	5.71347262002487e+36	7.989902725445622e+36	1.03298418983261e+37
2328952.344424286	6.071566441620538e+38	6.03818625695326e+35	1.402935678757465e+36	2.8951979993863216e+36	4.288356561517063e+36	6.735003759133465e+36	1.5059750086892392e+37	2.1855310711193555e+37	3.5112043431444774e+37	2.457159129701355e+36	4.769185034481129e+36	6.735003759133465e+36	8.753689823369699e+36
2444194.3680448644	5.33565759777137e+38	4.5995208125730346e+35	1.1061745209785928e+36	2.3519028025402267e+36	3.537514745911732e+36	5.638599056184924e+36	1.2764595365306194e+37	1.856866879106341e+37	2.993836016367361e+37	1.9827547331403076e+36	3.949351636057879e+36	5.638599056184924e+36	7.37328119410193e+36
2569068.8694403875	4.674158960468246e+38	3.451101557829002e+35	8.611565909769301e+35	1.890572463527682e+36	2.8915326497802857e+36	4.685383481488824e+36	1.0758910446813247e+37	1.5690418629026823e+37	2.5412769239465506e+37	1.5823685080094622e+36	3.2418876355912586e+36	4.685383481488824e+36	6.169506319558142e+36
2704773.817407806	4.080714774525393e+38	2.5467476498161145e+35	6.6110419096183086e+35	1.502250743136775e+36	2.339764190102132e+36	3.8611921574391085e+36	9.013738286446032e+36	1.3180366609041145e+37	2.1453948582500475e+37	1.2475909849583042e+36	2.6355253048562738e+36	3.8611921574391085e+36	5.1247266195184315e+36
2852709.3667462496	3.549479798834484e+38	1.8452042300036764e+35	4.997672883453541e+35	1.1785479741617403e+36	1.8722601564149076e+36	3.152918974361307e+36	7.502249197851538e+36	1.1001773783305833e+37	1.79989119225846e+37	9.705576129454348e+35	2.1197559296952526e+36	3.152918974361307e+36	4.2226812378521225e+36
3014521.69847039	3.0750441800766755e+38	1.3099803051402935e+35	3.71420656170543e+35	9.116236692176558e+35	1.4797249029801396e+36	2.548441039105232e+36	6.199645914745954e+36	9.120629060883495e+36	1.4995926352782552e+37	7.439385150714897e+35	1.684778283559474e+36	2.548441039105232e+36	3.4484017412000224e+36
3192158.6496756873	2.652401632332122e+38	9.091560048196837e+34	2.708604077711066e+35	6.941740623573506e+35	1.1534788567911423e+36	2.0365454655474364e+36	5.083080479252369e+36	7.505349339322291e+36	1.2399905766738197e+37	5.609320306956432e+35	1.3214525170215087e+36	2.0365454655474364e+36	2.788125847795661e+36
3387940.971177906	2.276947394451172e+38	6.151584442213308e+34	1.933991539836746e+35	5.194244399178801e+35	8.854276502454018e+35	1.6068597338495368e+36	4.1315630328891393e+36	6.126621543073489e+36	1.0169703716978877e+37	4.15261582614371e+35	1.0212604875550078e+36	1.6068597338495368e+36	2.2292109260359053e+36
3604654.5378287565	1.944425497959386e+38	4.045053978011742e+34	1.348587245399209e+35	3.811254267293767e+35	6.680381390688037e+35	1.2497874649887633e+36	3.325880370456803e+36	4.9573466866720664e+36	8.267031795735045e+36	3.011747749911542e+35	7.762731461868138e+35	1.2497874649887633e+36	1.7600507915971706e+36
3845670.9995186566	1.6509163601598265e+38	2.5751845237766638e+34	9.15596450415277e+34	2.7355235994568865e+35	4.9432132190167065e+35	9.564497924192773e+35	2.6485052053550424e+36	3.9725721605305125e+36	6.656001288805102e+36	2.1344366478342085e+35	5.79125229881969e+35	9.564497924192773e+35	1.3699942057543693e+36
4115107.55891811	1.392807707882188e+38	1.580082236414464e+34	6.030657141943003e+34	1.915065579083873e+35	3.578220729632482e+35	7.186339922346234e+35	2.0835042821552937e+36	3.1494289499076146e+36	5.303022140397591e+36	1.4736487812901694e+35	4.2299760637240855e+35	7.186339922346234e+35	1.0492674310020878e+36
