#t	Le	U	B	V	R	I	J	H	K	g	r	i	z
#----------------------------------------------- 
6.231070087889746	0.0	0.0	0.0	0.0	0.0	0.0	0.0	0.0	0.0	0.0	0.0	0.0	0.0
6.475563181415367	0.0	0.0	0.0	0.0	0.0	0.0	0.0	0.0	0.0	0.0	0.0	0.0	0.0
9.188595921770315	0.0	0.0	0.0	0.0	0.0	0.0	0.0	0.0	0.0	0.0	0.0	0.0	0.0
11.384338463944255	0.0	0.0	0.0	0.0	0.0	0.0	0.0	0.0	0.0	0.0	0.0	0.0	0.0
14.938567519273482	0.0	0.0	0.0	0.0	0.0	0.0	0.0	0.0	0.0	0.0	0.0	0.0	0.0
19.977853930871643	0.0	0.0	0.0	0.0	0.0	0.0	0.0	0.0	0.0	0.0	0.0	0.0	0.0
26.779225121465	0.0	0.0	0.0	0.0	0.0	0.0	0.0	0.0	0.0	0.0	0.0	0.0	0.0
35.5421726106069	0.0	0.0	0.0	0.0	0.0	0.0	0.0	0.0	0.0	0.0	0.0	0.0	0.0
46.24695083815323	0.0	0.0	0.0	0.0	0.0	0.0	0.0	0.0	0.0	0.0	0.0	0.0	0.0
58.70308815570819	0.0	0.0	0.0	0.0	0.0	0.0	0.0	0.0	0.0	0.0	0.0	0.0	0.0
72.69015693439616	0.0	0.0	0.0	0.0	0.0	0.0	0.0	0.0	0.0	0.0	0.0	0.0	0.0
88.04544458893723	0.0	0.0	0.0	0.0	0.0	0.0	0.0	0.0	0.0	0.0	0.0	0.0	0.0
104.67510826588557	0.0	0.0	0.0	0.0	0.0	0.0	0.0	0.0	0.0	0.0	0.0	0.0	0.0
122.5353152047861	0.0	0.0	0.0	0.0	0.0	0.0	0.0	0.0	0.0	0.0	0.0	0.0	0.0
141.6130143959819	0.0	0.0	0.0	0.0	0.0	0.0	0.0	0.0	0.0	0.0	0.0	0.0	0.0
161.91312590636264	0.0	0.0	0.0	0.0	0.0	0.0	0.0	0.0	0.0	0.0	0.0	0.0	0.0
183.45102917612272	0.0	0.0	0.0	0.0	0.0	0.0	0.0	0.0	0.0	0.0	0.0	0.0	0.0
206.24832208420582	0.0	0.0	0.0	0.0	0.0	0.0	0.0	0.0	0.0	0.0	0.0	0.0	0.0
230.33043274284094	0.0	0.0	0.0	0.0	0.0	0.0	0.0	0.0	0.0	0.0	0.0	0.0	0.0
255.72525972763145	0.0	0.0	0.0	0.0	0.0	0.0	0.0	0.0	0.0	0.0	0.0	0.0	0.0
282.46238506609234	0.0	0.0	0.0	0.0	0.0	0.0	0.0	0.0	0.0	0.0	0.0	0.0	0.0
310.57261237350775	0.0	0.0	0.0	0.0	0.0	0.0	0.0	0.0	0.0	0.0	0.0	0.0	0.0
340.0876920979394	0.0	0.0	0.0	0.0	0.0	0.0	0.0	0.0	0.0	0.0	0.0	0.0	0.0
371.04015780848584	0.0	0.0	0.0	0.0	0.0	0.0	0.0	0.0	0.0	0.0	0.0	0.0	0.0
403.4632281028132	0.0	0.0	0.0	0.0	0.0	0.0	0.0	0.0	0.0	0.0	0.0	0.0	0.0
437.3907493799733	0.0	0.0	0.0	0.0	0.0	0.0	0.0	0.0	0.0	0.0	0.0	0.0	0.0
472.85716415841074	0.0	0.0	0.0	0.0	0.0	0.0	0.0	0.0	0.0	0.0	0.0	0.0	0.0
509.8974960013035	0.0	0.0	0.0	0.0	0.0	0.0	0.0	0.0	0.0	0.0	0.0	0.0	0.0
548.5473438336238	0.0	0.0	0.0	0.0	0.0	0.0	0.0	0.0	0.0	0.0	0.0	0.0	0.0
588.8428832820119	0.0	0.0	0.0	0.0	0.0	0.0	0.0	0.0	0.0	0.0	0.0	0.0	0.0
630.8208733059524	0.0	0.0	0.0	0.0	0.0	0.0	0.0	0.0	0.0	0.0	0.0	0.0	0.0
674.518663504646	0.0	0.0	0.0	0.0	0.0	0.0	0.0	0.0	0.0	0.0	0.0	0.0	0.0
719.9742047486752	0.0	0.0	0.0	0.0	0.0	0.0	0.0	0.0	0.0	0.0	0.0	0.0	0.0
767.2260605200547	0.0	0.0	0.0	0.0	0.0	0.0	0.0	0.0	0.0	0.0	0.0	0.0	0.0
816.3134214749304	0.0	0.0	0.0	0.0	0.0	0.0	0.0	0.0	0.0	0.0	0.0	0.0	0.0
867.2761173344167	0.0	0.0	0.0	0.0	0.0	0.0	0.0	0.0	0.0	0.0	0.0	0.0	0.0
920.1546303093387	0.0	0.0	0.0	0.0	0.0	0.0	0.0	0.0	0.0	0.0	0.0	0.0	0.0
974.990108832044	0.0	0.0	0.0	0.0	0.0	0.0	0.0	0.0	0.0	0.0	0.0	0.0	0.0
1031.8243821370381	0.0	0.0	0.0	0.0	0.0	0.0	0.0	0.0	0.0	0.0	0.0	0.0	0.0
1090.6999745791506	0.0	0.0	0.0	0.0	0.0	0.0	0.0	0.0	0.0	0.0	0.0	0.0	0.0
1151.6601175951569	0.0	0.0	0.0	0.0	0.0	0.0	0.0	0.0	0.0	0.0	0.0	0.0	0.0
1214.7487670607609	0.0	0.0	0.0	0.0	0.0	0.0	0.0	0.0	0.0	0.0	0.0	0.0	0.0
1280.0106186769794	0.0	0.0	0.0	0.0	0.0	0.0	0.0	0.0	0.0	0.0	0.0	0.0	0.0
1347.4911209734976	0.0	0.0	0.0	0.0	0.0	0.0	0.0	0.0	0.0	0.0	0.0	0.0	0.0
1417.2364918199758	0.0	0.0	0.0	0.0	0.0	0.0	0.0	0.0	0.0	0.0	0.0	0.0	0.0
1489.2937334335388	0.0	0.0	0.0	0.0	0.0	0.0	0.0	0.0	0.0	0.0	0.0	0.0	0.0
1563.7106498733017	0.0	0.0	0.0	0.0	0.0	0.0	0.0	0.0	0.0	0.0	0.0	0.0	0.0
1640.5358619943374	1.3736374390830058e+29	1.4993997734617704e+27	8.580843731155599e+26	4.5682431739131426e+26	2.9630892476405595e+26	1.6154267263265353e+26	4.141955214141848e+25	2.051306141800265e+25	7.790918097655893e+24	5.357144506750179e+26	2.5979720323225875e+26	1.6154267263265353e+26	1.071842691905488e+26
1719.8188236782303	2.905894716957357e+30	3.558431167960711e+28	2.040507868179081e+28	1.0882282227158725e+28	7.065402332694813e+27	3.856218125313248e+27	9.90448757137323e+26	4.9081891711918425e+26	1.865307316659387e+26	1.2756445779669182e+28	6.196422166313223e+27	3.856218125313248e+27	2.5601973666117096e+27
1801.6098374129638	4.651143065661669e+31	6.308657574279036e+29	3.62431392683341e+29	1.9360583260477496e+29	1.258137174109518e+29	6.873876554683994e+28	1.7683663178534477e+28	8.7681349458057e+27	3.3341736593532814e+27	2.2686397788856468e+29	1.103668442374687e+29	6.873876554683994e+28	4.5662861677345365e+28
1885.9600715531246	5.401150949046668e+32	8.193621409051809e+30	4.7173103725995553e+30	2.5246620566032022e+30	1.6423408692941578e+30	8.983632078330693e+29	2.3153926805300463e+29	1.1487909518781914e+29	4.371297138475597e+28	2.957084585871683e+30	1.441106627929262e+30	8.983632078330693e+29	5.971719204105408e+29
1972.9215773120043	4.883107316908826e+33	8.211432159180354e+31	4.737354006448372e+31	2.539993721774365e+31	1.6539689123145112e+31	9.057587757421504e+30	2.3386121981395574e+30	1.1610354505053329e+30	4.4207130905987395e+29	2.9738086817217984e+31	1.4517037872744068e+31	9.057587757421504e+30	6.024703271242768e+30
2062.5473046708144	3.467820287830193e+34	6.499511309350835e+32	3.758294643919997e+32	2.01910106352321e+32	1.3162323174009868e+32	7.217147419471786e+31	1.8670816691848148e+31	9.275749760434348e+30	3.534284209099611e+30	2.36286849549951e+32	1.1556152575233738e+32	7.217147419471786e+31	4.803886031090666e+31
2154.891118995369	2.0221616172156006e+35	4.1952126456445414e+33	2.431313662949048e+33	1.3087708692006392e+33	8.541011236751872e+32	4.688997492757129e+32	1.2153835533906487e+32	6.042150288168522e+31	2.3037923055216297e+31	1.5309102355932455e+33	7.500974411845284e+32	4.688997492757129e+32	3.1232399697999206e+32
2250.0078192914684	9.757330965349113e+35	2.2480498935170984e+34	1.3060259506029514e+34	7.045320932769382e+33	4.6031630497313156e+33	2.5305131515046548e+33	6.572717333938248e+32	3.2699335891092524e+32	1.2477105625327237e+32	8.237119500519243e+33	4.043922914827251e+33	2.5305131515046548e+33	1.686771860675079e+33
2347.9531560315413	4.027365991852554e+36	1.0247204536805446e+35	5.967657511296217e+34	3.2260637288289192e+34	2.1102534106837817e+34	1.1616189712579333e+34	3.023395753093017e+33	1.5052260565694227e+33	5.747731896906857e+32	3.76996666718074e+34	1.8544629474973087e+34	1.1616189712579333e+34	7.748739770418205e+33
2448.7838479181705	1.430715000697253e+37	4.028261145737577e+35	2.3520341501389062e+35	1.2743752445507347e+35	8.346419584903724e+34	4.600931982481781e+34	1.2001423505614648e+34	5.979614608635011e+33	2.285120483750781e+33	1.4884601631106673e+35	7.337198409308616e+34	4.600931982481781e+34	3.0715290378853964e+34
2552.5576013235877	4.487434120646191e+37	1.3915675502217786e+36	8.146278696284145e+35	4.423825436759832e+35	2.9009609860534684e+35	1.601413186186647e+35	4.186433542310055e+34	2.087456556842422e+34	7.983501763673939e+33	5.164320525173245e+35	2.5510462501931425e+35	1.601413186186647e+35	1.0699244926714411e+35
2659.3331290214473	1.2483062562196507e+38	4.2687846103178394e+36	2.5058758859207535e+36	1.3640949585282976e+36	8.95700424835546e+35	4.951965992696464e+35	1.2975657562838152e+35	6.475227870844601e+34	2.478511821788371e+34	1.591553453601866e+36	7.879425616340746e+35	4.951965992696464e+35	3.3112260579684205e+35
2769.170168686064	3.141103383730996e+38	1.1798423881636216e+37	6.94526014324627e+36	3.789890334684318e+36	2.491852652934413e+36	1.379729339274675e+36	3.623770696192861e+35	1.8098391697304538e+35	6.933250537221412e+34	4.419399220453465e+36	2.1928569461225724e+36	1.379729339274675e+36	9.233538260304061e+35
2882.1295016839	7.169163079269512e+38	2.9605177897467614e+37	1.7478900877481107e+37	9.562415447764338e+36	6.296142568514867e+36	3.491729786147012e+36	9.193482090094762e+35	4.595498387428635e+35	1.7620184257992457e+35	1.1144229880505152e+37	5.54278084800512e+36	3.491729786147012e+36	2.3388301108142417e+36
2998.272976499384	1.5061494439456182e+39	6.8174840619052145e+37	4.0371434234643398e+37	2.214424227488234e+37	1.4601190639772977e+37	8.110711528372289e+36	2.140846172521735e+36	1.0710656064565133e+36	4.110356046600493e+35	2.579200962398576e+37	1.2859055764111671e+37	8.110711528372289e+36	5.437586055374436e+36
3117.6635262542823	2.913255554327424e+39	1.4475292010118223e+38	8.59941178495928e+37	4.7300276740636805e+37	3.1235772467843035e+37	1.7380936480398517e+37	4.5999808429422236e+36	2.3035008601579537e+36	8.848329185207445e+35	5.505704960092909e+37	2.752020214034158e+37	1.7380936480398517e+37	1.166364933490256e+37
3240.3651875296446	5.563072197862135e+39	2.917622199318797e+38	1.7366380587831077e+38	9.568242242484297e+37	6.32439165680396e+37	3.5228253539339177e+37	9.338329512634268e+36	4.6788908590210446e+36	1.7982983399083925e+36	1.1133090358941252e+38	5.573469054260311e+37	3.5228253539339177e+37	2.3653828542080505e+37
3366.443121344696	1.0512861168292166e+40	5.605304734085572e+38	3.3384142857247834e+38	1.840302653711873e+38	1.2167447541049302e+38	6.779724189613812e+37	1.798067192563761e+37	9.010617068833318e+36	3.463774901767238e+36	2.1410230952171985e+38	1.0723577534741253e+38	6.779724189613812e+37	4.553021264433337e+37
3495.9636346027396	1.6930983893188739e+40	9.735208915896157e+38	5.814495111109958e+38	3.2130962764320593e+38	2.1272309454064605e+38	1.187094713807409e+38	3.1556727204383063e+37	1.582675414187071e+37	6.088982835851e+36	3.736061684136919e+38	1.875476312577089e+38	1.187094713807409e+38	7.978769782603771e+37
3628.994201623896	2.5678589558171135e+40	1.5872019043412872e+39	9.506534143349283e+38	5.266155665381855e+38	3.491107847134704e+38	1.9511449444270677e+38	5.198809035940302e+37	2.609474509056369e+37	1.0047581390450318e+37	6.119880487767105e+38	3.0790471634981687e+38	1.9511449444270677e+38	1.3125061980654349e+38
3765.6034854919844	3.5299113345538816e+40	2.396501082547033e+39	1.4408953677226313e+39	8.00838250451764e+38	5.318639529824362e+38	2.9786319772652082e+38	7.961557196263945e+37	4.000557687933014e+37	1.5420931367054663e+37	9.299646379271873e+38	4.6931634074849856e+38	2.9786319772652082e+38	2.0059443358313506e+38
3905.8613615995127	4.563085623105809e+40	3.40022529325685e+39	2.052608894435335e+39	1.144790925839618e+39	7.617347712830532e+38	4.275134419972912e+38	1.1464551261274033e+38	5.767304786067988e+37	2.2256896614118926e+37	1.3283274756996671e+39	6.724971789312878e+38	4.275134419972912e+38	2.882461446593017e+38
4049.838939705704	5.387156782523222e+40	4.4877952727551834e+39	2.723019175876554e+39	1.525411881561603e+39	1.0174390798606602e+39	5.725771876085967e+38	1.5418723541083026e+38	7.767631600039628e+37	3.0020281519136313e+37	1.7681973591195787e+39	8.98827464638818e+38	5.725771876085967e+38	3.866308728710347e+38
4197.6085877171045	6.00900224563201e+40	5.59355267841206e+39	3.412476267533644e+39	1.9206365648330024e+39	1.284327384760092e+39	7.248596107381627e+38	1.9605782606357626e+38	9.892029818713213e+37	3.828976789325119e+37	2.2239540850720357e+39	1.1353830267224581e+39	7.248596107381627e+38	4.9023536040085875e+38
4349.243955183585	6.219322740290664e+40	6.555891830542886e+39	4.025923442153814e+39	2.278753384037174e+39	1.5284894191207386e+39	8.656571686337853e+38	2.3538294908440983e+38	1.1897841015343215e+38	4.613907078156441e+37	2.6352423993049846e+39	1.352347438401208e+39	8.656571686337853e+38	5.865742761431594e+38
4504.819997797812	6.209129835512769e+40	7.370123749461401e+39	4.5567439778643143e+39	2.594300267565083e+39	1.7456624478581062e+39	9.921854611040885e+38	2.712584821601161e+38	1.3736896685642821e+38	5.337186676989768e+37	2.9961865842340976e+39	1.545809342028985e+39	9.921854611040885e+38	6.736269114891323e+38
4664.413000507953	5.914918626965212e+40	7.952077384433282e+39	4.954691839239452e+39	2.839648263803977e+39	1.9176376291152253e+39	1.094351654848248e+39	3.01038374295315e+38	1.527725665379611e+38	5.948380743337052e+37	3.274612427310156e+39	1.699738216586133e+39	1.094351654848248e+39	7.446399553891143e+38
4828.100603657752	5.594361156607248e+40	8.422291163487981e+39	5.2878866409853346e+39	3.050517907548375e+39	2.0673523942832136e+39	1.1844988869609521e+39	3.2781326488604108e+38	1.6670563478463217e+38	6.504503172626358e+37	3.512568926534353e+39	1.8341859984280717e+39	1.1844988869609521e+39	8.077381252453197e+38
4995.961829209514	5.187754010106262e+40	8.756326321506057e+39	5.54395386388491e+39	3.221316250666747e+39	2.191603419415896e+39	1.2611794157171715e+39	3.5135062320514335e+38	1.7907993629768458e+38	7.003309548102e+37	3.703205648210058e+39	1.946452669353646e+39	1.2611794157171715e+39	8.620816779629564e+38
5168.077107548488	4.873676888577196e+40	9.110080934896243e+39	5.815139609731538e+39	3.402531002502607e+39	2.3236222405044345e+39	1.3428075830782005e+39	3.764882143273215e+38	1.9231126159951414e+38	7.537319795145733e+37	3.905363241219427e+39	2.065788959431822e+39	1.3428075830782005e+39	9.199967717874108e+38
5344.528304532866	4.871923248554604e+40	9.685741905993362e+39	6.220990878034257e+39	3.659500681023896e+39	2.506369020208759e+39	1.4531528778074636e+39	4.094525610751156e+38	2.0950521910340162e+38	8.225318289183497e+37	4.195219278711878e+39	2.2299963494859292e+39	1.4531528778074636e+39	9.973789549751132e+38
5525.398748352375	6.258573589151429e+40	1.1748019251558904e+40	7.501846917512028e+39	4.3908892009245567e+39	2.9991140639314736e+39	1.7335159720342535e+39	4.861796517249412e+38	2.483676486369017e+38	9.735373336292907e+37	5.0394085520347134e+39	2.6664540914342896e+39	1.7335159720342535e+39	1.1878120323660845e+39
5710.773257378334	6.018120456650429e+40	1.23957396787006e+40	7.97968609710555e+39	4.702940161594648e+39	3.224241749916899e+39	1.8714349581213754e+39	5.281786662349726e+38	2.7040340951197574e+38	1.0622100776072688e+38	5.3891248745499415e+39	2.8694748322750594e+39	1.8714349581213754e+39	1.2852366888643262e+39
5900.738168708591	6.0792319909762465e+40	1.3394914630121557e+40	8.67776279765101e+39	5.1421550915369707e+39	3.535674811056802e+39	2.058924650436842e+39	5.839701615149949e+38	2.9946911993478862e+38	1.1783812292883354e+38	5.885206949346806e+39	3.149105954264956e+39	2.058924650436842e+39	1.4165225419188123e+39
6095.381367584824	5.872034663386525e+40	1.4168073325017835e+40	9.261715994885107e+39	5.530501980270744e+39	3.81844546897235e+39	2.2338875743566803e+39	6.380160908167745e+38	3.27958632736669e+38	1.2935558635920797e+38	6.318697513513205e+39	3.4047261480098487e+39	2.2338875743566803e+39	1.5407657960793526e+39
6294.793725187535	5.740066254488094e+40	1.5008481106406888e+40	9.900185411620039e+39	5.957637423195034e+39	4.1305328846554155e+39	2.427762779699882e+39	6.982765040297398e+38	3.59792017405167e+38	1.4225270128706672e+38	6.794817883725787e+39	3.687114813468487e+39	2.427762779699882e+39	1.6787450818813594e+39
6499.075304083176	5.56288019577596e+40	1.5812147072928413e+40	1.0533210176220295e+40	6.391786074494214e+39	4.451485505145602e+39	2.6295548570158054e+39	7.620263361560254e+38	3.936409071242663e+38	1.5603423434678378e+38	7.276227937238663e+39	3.978390569877345e+39	2.6295548570158054e+39	1.823239710718408e+39
6708.3294198097765	5.371103334086554e+40	1.65006212302759e+40	1.1109330957461076e+40	6.803085689980871e+39	4.7612644713481e+39	2.8280446763434453e+39	8.263485810575679e+38	4.280657364037569e+38	1.701580310171929e+38	7.728496422982155e+39	4.260851393911075e+39	2.8280446763434453e+39	1.9667390492380047e+39
6922.656988466013	5.213777970357533e+40	1.724251863171095e+40	1.1731487092825032e+40	7.248751594406415e+39	5.0976562864060564e+39	3.044152282837309e+39	8.966744452166152e+38	4.657588674185851e+38	1.8564571902989443e+38	8.218139219228807e+39	4.567765822717455e+39	3.044152282837309e+39	2.1232082858675655e+39
7142.1593839236975	5.021833424719417e+40	1.7788419584541142e+40	1.2243853262515919e+40	7.641067161355608e+39	5.402541979412224e+39	3.245706017638954e+39	9.647347623533652e+38	5.026488000139003e+38	2.0096612220660506e+38	8.643402767542e+39	4.8479456793772155e+39	3.245706017638954e+39	2.271216274958282e+39
7366.940975332564	4.885022155626048e+40	1.8434265331163846e+40	1.2830139026274796e+40	8.083483503468126e+39	5.744688212885944e+39	3.471035210758048e+39	1.040570318893514e+39	5.4372643742363334e+38	2.1801785356710883e+38	9.124213092865426e+39	5.162036460985713e+39	3.471035210758048e+39	2.4364374233885083e+39
7597.108411000402	5.941885390553516e+40	2.1693512326191228e+40	1.5024544949873904e+40	9.427816454181145e+39	6.68589550113072e+39	4.030395646742808e+39	1.2041986732202928e+39	6.285284048635675e+38	2.5174394324564124e+38	1.0651226292855221e+40	6.004423110498182e+39	4.030395646742808e+39	2.8255829409729594e+39
7832.769570073505	6.222119174114883e+40	2.381159649426581e+40	1.6573313065268802e+40	1.0439896233183089e+40	7.418009030977925e+39	4.480930331357091e+39	1.3426575970211318e+39	7.014384096183255e+38	2.811969602259329e+38	1.178469695382803e+40	6.665268248479853e+39	4.480930331357091e+39	3.144798203844036e+39
8074.033641863109	6.0498517645993605e+40	2.448982740628625e+40	1.7239270780971924e+40	1.0965560181607223e+40	7.832530715802178e+39	4.7591681825903897e+39	1.4386201512106046e+39	7.538039172991198e+38	3.0308780473077576e+38	1.235084468613631e+40	7.047629070879601e+39	4.7591681825903897e+39	3.350734016771877e+39
8321.01187796251	5.893177545220686e+40	2.5199913988330624e+40	1.7943693981801465e+40	1.1526169164581243e+40	8.2765051455998e+39	5.0585725999456886e+39	1.5425876366440478e+39	8.106645420667661e+38	3.269102215739894e+38	1.2953528437925818e+40	7.457620918021322e+39	5.0585725999456886e+39	3.572889749432609e+39
8573.8175887351	5.753190186685364e+40	2.5845021991231926e+40	1.8619434783335267e+40	1.2081422345272835e+40	8.722589691277748e+39	5.3637678884065817e+39	1.65062344089222e+39	8.701038330202316e+38	3.519564615470649e+38	1.3546570656611467e+40	7.871044023505682e+39	5.3637678884065817e+39	3.800992810404367e+39
8832.565815446324	5.590170015427163e+40	2.6345580836546363e+40	1.9219438394927973e+40	1.2606326187368822e+40	9.154869273832535e+39	5.666425610337285e+39	1.760837570338156e+39	9.312455821522009e+38	3.779208124430066e+38	1.410055242684267e+40	8.274050248409666e+39	5.666425610337285e+39	4.0297025479453736e+39
9097.37348215702	5.411822623909544e+40	2.670783404343638e+40	1.974210298094192e+40	1.3097825779313974e+40	9.570784759825072e+39	5.96496219787291e+39	1.8728826287128924e+39	9.939518967000749e+38	4.047698046308456e+38	1.461242222082708e+40	8.664293526564921e+39	5.96496219787291e+39	4.257967488535864e+39
9368.36012929572	5.251113020674362e+40	2.6992771305236306e+40	2.0223594140561095e+40	1.3575901012100394e+40	9.983669796537097e+39	6.266973904686412e+39	1.9889118207281815e+39	1.0593385250201863e+39	4.3294966092317e+38	1.5105383254420273e+40	9.053572566501162e+39	6.266973904686412e+39	4.4909864177138895e+39
9645.649398152049	5.056503814783863e+40	2.70758031752348e+40	2.0582029540943269e+40	1.399251963364932e+40	1.0361134957765192e+40	6.554309689408532e+39	2.104287811280184e+39	1.125149924590612e+39	4.616286792840346e+38	1.5524194772211013e+40	9.413252284105462e+39	6.554309689408532e+39	4.716643951178987e+39
9929.365602337204	5.968321968790211e+40	3.157849134862527e+40	2.386739058606666e+40	1.6145708315358045e+40	1.1923681449789256e+40	7.520496202694502e+39	2.4040068144475876e+39	1.2835599212129885e+39	5.2587304864642506e+38	1.7933196100282532e+40	1.0825149440119705e+40	7.520496202694502e+39	5.4033384384383864e+39
10219.629958579411	5.727813488751034e+40	3.196308350833583e+40	2.4541340495028647e+40	1.681712115467072e+40	1.2502914821171735e+40	7.943143733674939e+39	2.5655374927595145e+39	1.3744042620946133e+39	5.6494204318246526e+38	1.86255154605195e+40	1.1370998781462108e+40	7.943143733674939e+39	5.728872582245691e+39
10516.567288251348	5.930737559356002e+40	3.3673509595873204e+40	2.604701840721918e+40	1.796655783609154e+40	1.3405833513509286e+40	8.551627729768669e+39	2.779188327039094e+39	1.4919743760803755e+39	6.1454986767295165e+38	1.986868474108171e+40	1.2204065038404198e+40	8.551627729768669e+39	6.181530132884772e+39
10820.304197633286	5.695190016377682e+40	3.3417607015781277e+40	2.626429598738848e+40	1.8370190469270518e+40	1.3810909504968246e+40	8.884748359327892e+39	2.9240220033431065e+39	1.5763387040173145e+39	6.520148451494588e+38	2.025094318817312e+40	1.2598307766688735e+40	8.884748359327892e+39	6.45180019030624e+39
11131.31430132449	5.604373651244572e+40	3.373225386119511e+40	2.6863903532764066e+40	1.90090878961376e+40	1.438225741405228e+40	9.3185807587681e+39	3.0998140665193293e+39	1.6771220357779304e+39	6.961840399241341e+38	2.0899838989511111e+40	1.3141910245011748e+40	9.3185807587681e+39	6.793182126038428e+39
11449.899763163006	5.368767102698069e+40	3.31168151107173e+40	2.681456849415494e+40	1.9257026447621325e+40	1.468915433148791e+40	9.605515354743391e+39	3.2399261844091616e+39	1.7611259679437365e+39	7.344550164911287e+38	2.1100820558387483e+40	1.3451901263223046e+40	9.605515354743391e+39	7.037675334476304e+39
11776.038996472023	5.218212992708293e+40	3.291955170387883e+40	2.706479607200568e+40	1.9701300341540323e+40	1.5140042199561822e+40	9.983598022781293e+39	3.4101132795683677e+39	1.8614797572240108e+39	7.795700760147338e+38	2.1521035700182682e+40	1.389257715576239e+40	9.983598022781293e+39	7.348163968996295e+39
12109.979722887887	5.025233868032054e+40	3.2256648421748953e+40	2.6957066341424294e+40	1.9916615959563252e+40	1.543300484147978e+40	1.0273488879922112e+40	3.560013924163089e+39	1.9527875250156174e+39	8.217837645767646e+38	2.1681861709272014e+40	1.4193305851970828e+40	1.0273488879922112e+40	7.600952235892437e+39
12451.48629514656	5.671964276621539e+40	3.6438859871596717e+40	3.0337258370264114e+40	2.233888054389087e+40	1.7279774625434304e+40	1.1481975287709765e+40	3.9696154701103394e+39	2.1760814994045505e+39	9.152401749269764e+38	2.433713637613758e+40	1.5884565893690948e+40	1.1481975287709765e+40	8.48739966946735e+39
12800.930946159428	5.588615580155721e+40	3.656167837486432e+40	3.0924667343033063e+40	2.3084577510968656e+40	1.7987599910263017e+40	1.2048776748132227e+40	4.214163926684554e+39	2.318796980933864e+39	9.788170991240944e+38	2.5072066774696205e+40	1.6567380135365168e+40	1.2048776748132227e+40	8.94457584419444e+39
13158.568976366803	5.599530051931731e+40	3.7223699939807854e+40	3.1943573895826117e+40	2.413414237038054e+40	1.8923928791657933e+40	1.276232726537355e+40	4.5068745508566824e+39	2.487479864380346e+39	1.053146782627654e+39	2.614171537319347e+40	1.7458579895710977e+40	1.276232726537355e+40	9.508182231436624e+39
13524.617831549935	5.525868497720027e+40	3.7085511287792338e+40	3.227252681402685e+40	2.4693706056919227e+40	1.9500603090185908e+40	1.325844786219828e+40	4.740556441769808e+39	2.627485683963503e+39	1.1170941072144442e+39	2.666971659370204e+40	1.802533876494128e+40	1.325844786219828e+40	9.922123421224987e+39
13899.493203240876	5.282079513319901e+40	3.5721492072412657e+40	3.168509719681368e+40	2.4667064487866143e+40	1.966787345840338e+40	1.3519155399884047e+40	4.9143443816217655e+39	2.738958209830809e+39	1.1709043408965757e+39	2.653515333644984e+40	1.822737495771309e+40	1.3519155399884047e+40	1.0178001704048561e+40
14284.002488312457	5.176097353836334e+40	3.52074120680712e+40	3.170156364266009e+40	2.5019373485343767e+40	2.0102883953918167e+40	1.3941135910107436e+40	5.137494063005611e+39	2.8767100366686934e+39	1.235530907606071e+39	2.682923873992348e+40	1.8669674939968744e+40	1.3941135910107436e+40	1.0547389567179077e+40
14678.162487311274	4.971392537017194e+40	3.384385636381995e+40	3.103051628162865e+40	2.49044751838029e+40	2.020243122258582e+40	1.4165560461028109e+40	5.309994907431472e+39	2.990637148377334e+39	1.2919287755219886e+39	2.6601989776475457e+40	1.8811161498574325e+40	1.4165560461028109e+40	1.0783062248053805e+40
15081.937398881024	5.370034781132943e+40	3.690837789253156e+40	3.403724924324564e+40	2.741254879299396e+40	2.2265499288644786e+40	1.562718332773681e+40	5.861441646077935e+39	3.3012561364740745e+39	1.4260176118574652e+39	2.926169278742261e+40	2.0737852757308985e+40	1.562718332773681e+40	1.1899577757818144e+40
15495.019151621807	5.448988197056876e+40	3.7290237016247705e+40	3.4712259583385665e+40	2.8221245694056497e+40	2.3053200301613687e+40	1.6291495530310077e+40	6.179250657702254e+39	3.494005253490507e+39	1.5153148451986616e+39	3.0056934322106268e+40	2.1505835748606022e+40	1.6291495530310077e+40	1.245440201494787e+40
15917.664075388191	5.420483869405565e+40	3.70591820852482e+40	3.508183662043812e+40	2.8945204536693156e+40	2.383404754914123e+40	1.6993060694993808e+40	6.528902967742784e+39	3.707129921461335e+39	1.614260984638538e+39	3.072492337485723e+40	2.2281707521451133e+40	1.6993060694993808e+40	1.305246644649755e+40
16350.418780561742	5.30939412593991e+40	3.6101865793694997e+40	3.4735310197572556e+40	2.9092687672411764e+40	2.4161128093700924e+40	1.739811834777384e+40	6.788872803031096e+39	3.875297876075505e+39	1.696485256281131e+39	3.077388956664832e+40	2.264048649799916e+40	1.739811834777384e+40	1.343789739396082e+40
16793.44773192716	5.141506523525292e+40	3.4677094044892405e+40	3.3953779643682007e+40	2.8905791394504877e+40	2.4232431612932715e+40	1.7642864026015525e+40	7.005607810336018e+39	4.023327469230954e+39	1.7720396850422674e+39	3.045989036538892e+40	2.2766208480834317e+40	1.7642864026015525e+40	1.3711868636543784e+40
17246.50168749833	5.016653698939424e+40	3.3475153228334164e+40	3.3363596635779664e+40	2.8872661830385574e+40	2.4431549670177875e+40	1.7981704519040117e+40	7.262122294497955e+39	4.1949960812278626e+39	1.8584309963278307e+39	3.03092908550675e+40	2.3012082546185937e+40	1.7981704519040117e+40	1.4060151547741548e+40
17709.61148908751	4.928688976383756e+40	3.2492836728298006e+40	3.2822886511370104e+40	2.878670694150498e+40	2.4556984182189764e+40	1.8254139797868818e+40	7.495549307922142e+39	4.355902398329956e+39	1.941585474227721e+39	3.0122522447585896e+40	2.318327781661001e+40	1.8254139797868818e+40	1.435598649731552e+40
18182.71617468823	5.339787053793645e+40	3.523577341848497e+40	3.591513647900306e+40	3.1685214796688184e+40	2.7092088867161574e+40	2.0173570599145297e+40	8.290228974818867e+39	4.8166371355172767e+39	2.1459916897347422e+39	3.3117010203583003e+40	2.5589374674401014e+40	2.0173570599145297e+40	1.5874113840126076e+40
18666.19086263574	5.253323704820496e+40	3.404927055792878e+40	3.543006677391489e+40	3.184754722730697e+40	2.751294523436536e+40	2.0724562088002183e+40	8.661703469630223e+39	5.060039202972292e+39	2.266388420964206e+39	3.314416039459795e+40	2.605891588845228e+40	2.0724562088002183e+40	1.6409227176609869e+40
19160.375770076163	5.24503124655349e+40	3.356856836366906e+40	3.5346001138339523e+40	3.2135534716850636e+40	2.7951851310255643e+40	2.1231909839916512e+40	9.000259054506558e+39	5.285171655483592e+39	2.3799003772531406e+39	3.335354019951828e+40	2.652572288485452e+40	2.1231909839916512e+40	1.6893573811229962e+40
19665.359689252367	5.112445664912807e+40	3.204189056174667e+40	3.4381233072802846e+40	3.1810931810314865e+40	2.7948522689057617e+40	2.1480009655800306e+40	9.276076194634319e+39	5.482383233322992e+39	2.4847289729616325e+39	3.288210293267411e+40	2.6595908629697194e+40	2.1480009655800306e+40	1.7204289642539697e+40
20181.19158034646	4.9925465823615445e+40	3.058428617628199e+40	3.3388160361738565e+40	3.141045513403206e+40	2.7868061439316707e+40	2.1669537076261967e+40	9.536453128999609e+39	5.674027835152875e+39	2.5889949952049443e+39	3.234079595335107e+40	2.6591694709509716e+40	2.1669537076261967e+40	1.7472189288061517e+40
20708.06075745313	4.886851344168567e+40	2.9249364167632957e+40	3.248756421579432e+40	3.106012305111575e+40	2.781565386114611e+40	2.187007609765329e+40	9.80123985005419e+39	5.869862319752684e+39	2.6963424414322377e+39	3.185967533003553e+40	2.661052294445357e+40	2.187007609765329e+40	1.7746496617042686e+40
21245.714062207633	5.075302921843537e+40	3.0214208824024437e+40	3.371016823796439e+40	3.2356093411652386e+40	2.904502214414878e+40	2.2907936600760054e+40	1.0332508615037405e+40	6.205897146444667e+39	2.860180255112921e+39	3.3158323287331103e+40	2.780583604573532e+40	2.2907936600760054e+40	1.862630359595783e+40
21794.970935507037	5.1677112541935e+40	3.000969249369173e+40	3.413835424658862e+40	3.3332364813531514e+40	3.019884784904338e+40	2.4059923754386e+40	1.1004505005856612e+40	6.636596405742923e+39	3.0698277808750506e+39	3.402635015719538e+40	2.898139164481234e+40	2.4059923754386e+40	1.9666720605449424e+40
22356.019255979252	5.138622929314379e+40	2.9019826417289704e+40	3.3564759062911416e+40	3.3317711155466095e+40	3.0482802843551853e+40	2.456927128342526e+40	1.144201079134469e+40	6.942158665116614e+39	3.2300553562464657e+39	3.38780979635178e+40	2.9333640915556687e+40	2.456927128342526e+40	2.0214030778536054e+40
22929.350073117923	5.040606320813804e+40	2.7580914072930504e+40	3.2527547522671233e+40	3.2872651755210657e+40	3.0382195536455437e+40	2.4778151303227035e+40	1.1757117161037032e+40	7.180661847469311e+39	3.363557723568913e+39	3.3286930016603845e+40	2.9318103803425056e+40	2.4778151303227035e+40	2.0521317692772076e+40
23515.21043125827	4.952044124067099e+40	2.63710340822304e+40	3.1522520657961835e+40	3.22953884820738e+40	3.0101465216310047e+40	2.4809197207205538e+40	1.199121665589365e+40	7.375139349670084e+39	3.480130078381853e+39	3.2594707184097493e+40	2.911728846547549e+40	2.4809197207205538e+40	2.0676817406293164e+40
24113.99165838927	4.848931501413591e+40	2.4955858156389444e+40	3.03533264792385e+40	3.1632913578044403e+40	2.978373955281347e+40	2.484709725741672e+40	1.225232588619895e+40	7.590482533989276e+39	3.608413941063428e+39	3.179711442806941e+40	2.889146671277998e+40	2.484709725741672e+40	2.0853777476284548e+40
24725.887142065396	5.000510443813477e+40	2.5124705680945213e+40	3.0988911495775467e+40	3.271350772677752e+40	3.102429258387694e+40	2.609350102705741e+40	1.3018147766299682e+40	8.093887692435851e+39	3.860485480069355e+39	3.2785524278324185e+40	3.01536276717598e+40	2.609350102705741e+40	2.199554330239042e+40
25350.853722017386	5.046907842313201e+40	2.4751085721984974e+40	3.0904161612766973e+40	3.299149389819115e+40	3.149335605347528e+40	2.670115121859819e+40	1.350929611057475e+40	8.444114930907845e+39	4.049982835920333e+39	3.2977615332820617e+40	3.0665979793041397e+40	2.670115121859819e+40	2.261540426129209e+40
25988.927038665184	5.034229610372857e+40	2.3854793106235545e+40	3.02572864882508e+40	3.2816986768327575e+40	3.16249404717029e+40	2.7116962654919926e+40	1.3968529665668057e+40	8.785814575460888e+39	4.2402982454241743e+39	3.26792954002545e+40	3.087553252812916e+40	2.7116962654919926e+40	2.3114924034562966e+40
26640.34384122653	4.95540924277773e+40	2.2649955763752683e+40	2.9162426799370016e+40	3.2123423817756427e+40	3.125133467910762e+40	2.7109689580853937e+40	1.4242893167258536e+40	9.02426851789937e+39	4.388734225987703e+39	3.1869383895049267e+40	3.059269349442911e+40	2.7109689580853937e+40	2.326661034503871e+40
27305.21132700135	4.877234223037449e+40	2.157167608395246e+40	2.813637521365107e+40	3.1407288640012453e+40	3.0808133879227055e+40	2.700585495849577e+40	1.4458723457232278e+40	9.229310995784328e+39	4.5243002467594015e+39	3.1058919252284895e+40	3.0230546194099215e+40	2.700585495849577e+40	2.3324905231892415e+40
27984.099977969185	4.794691801744282e+40	2.0442463403880433e+40	2.701693885117437e+40	3.0598384124693284e+40	3.029428143181004e+40	2.686797064197797e+40	1.4681916127569446e+40	9.444441144393157e+39	4.667449177862061e+39	3.0150999754700105e+40	2.9805840128858327e+40	2.686797064197797e+40	2.3368618686376797e+40
28677.351931361813	4.951319306309432e+40	2.0428569797958743e+40	2.744268394017418e+40	3.153763417260452e+40	3.147317901544792e+40	2.8158544989599023e+40	1.557595757195e+40	1.0056314723005353e+40	4.9864547863805674e+39	3.0973173683262898e+40	3.1031304605124833e+40	2.8158544989599023e+40	2.460393090908317e+40
29384.783303732886	4.966758585070937e+40	1.98869119393852e+40	2.696450276590623e+40	3.1320542637427703e+40	3.148378683373976e+40	2.8441336366154537e+40	1.6015905384466919e+40	1.041112326889981e+40	5.1987985606897947e+39	3.0677079092091097e+40	3.1108724976740753e+40	2.8441336366154537e+40	2.5000811046710756e+40
30107.045116915153	4.984388486323774e+40	1.942688716880465e+40	2.658559470759793e+40	3.1177352101067525e+40	3.1528259273599948e+40	2.8700124915140246e+40	1.6393771725977234e+40	1.0719696781260644e+40	5.388041716491005e+39	3.0465955725452713e+40	3.120661437457177e+40	2.8700124915140246e+40	2.5347276796599907e+40
30844.311972635714	4.970244584119906e+40	1.8756361305554298e+40	2.5876827487172287e+40	3.0683369760258824e+40	3.126746298956282e+40	2.874887088228017e+40	1.6718821409782152e+40	1.1008295197963625e+40	5.574227776257374e+39	2.989774576172634e+40	3.101846231637676e+40	2.874887088228017e+40	2.554514736060201e+40
31596.901905875016	4.989191819526146e+40	1.848417428908181e+40	2.5532146976312433e+40	3.040162340958075e+40	3.11054502979951e+40	2.878692382592484e+40	1.6993867466308302e+40	1.12648655443196e+40	5.747435760118189e+39	2.9585376766311757e+40	3.0899387609409056e+40	2.878692382592484e+40	2.569775294592875e+40
32365.179640776714	5.093397172254634e+40	1.8575879300368296e+40	2.564540208422276e+40	3.0650681086336184e+40	3.1476543454694787e+40	2.929199667052235e+40	1.7488181271323264e+40	1.1648887383401806e+40	5.976526568576744e+39	2.979199862564305e+40	3.1305305087671126e+40	2.929199667052235e+40	2.6243957428603867e+40
33149.2809331307	5.480978619331467e+40	2.0003261597900388e+40	2.7482029221336417e+40	3.276377506844231e+40	3.363249138838257e+40	3.131740233472825e+40	1.8760782037699013e+40	1.25169146947723e+40	6.43216382556191e+39	3.185844550641644e+40	3.3450608600692033e+40	3.131740233472825e+40	2.8083638444439985e+40
33949.48282255465	5.881570285494502e+40	2.180221647807056e+40	2.944566876355419e+40	3.475110392222159e+40	3.5552501921796424e+40	3.304241010417351e+40	1.9813838354593063e+40	1.3238991113784702e+40	6.817724195753466e+39	3.3853995109846167e+40	3.5337717819417025e+40	3.304241010417351e+40	2.962499196138494e+40
34766.32065717811	6.4235141444474065e+40	2.4673236109440696e+40	3.246591289498451e+40	3.755132607744782e+40	3.8062016908210145e+40	3.5083369521815177e+40	2.0910668773417634e+40	1.397502260640381e+40	7.207686424994976e+39	3.673903059511522e+40	3.7748324094884627e+40	3.5083369521815177e+40	3.1353574387751585e+40
35600.04730022394	7.207202187029115e+40	2.8845687730408706e+40	3.6844985606044595e+40	4.164829032097244e+40	4.1753056282210474e+40	3.807350578871901e+40	2.242253717230652e+40	1.4949194675501756e+40	7.700431162465083e+39	4.0948895339578578e+40	4.1295655064315787e+40	3.807350578871901e+40	3.385547172527195e+40
36450.496442173586	8.270400905037754e+40	3.476578995201892e+40	4.292199417898693e+40	4.7158856356121615e+40	4.660671302143161e+40	4.18911462712596e+40	2.4261828181375244e+40	1.611519722291787e+40	8.280605849671012e+39	4.665829762555388e+40	4.592914723254625e+40	4.18911462712596e+40	3.6994989228665465e+40
37318.50814622274	9.912560442566701e+40	4.332697049103847e+40	5.2094530076400895e+40	5.5952268388179e+40	5.462060239303573e+40	4.841903821345281e+40	2.7465339570462896e+40	1.81162880749326e+40	9.244462192661157e+39	5.564393165456147e+40	5.364865048976447e+40	4.841903821345281e+40	4.2438306929550116e+40
38204.45354826014	1.2153996427048398e+41	5.594512138182127e+40	6.513269108307006e+40	6.781947365815873e+40	6.50420240529311e+40	5.651078117798855e+40	3.114619553920764e+40	2.0363970543237153e+40	1.030696871143881e+40	6.793733435094837e+40	6.357799155039535e+40	5.651078117798855e+40	4.900077516239402e+40
39108.54466521175	1.4970712178896894e+41	7.166549554568165e+40	8.103088878237505e+40	8.215108688765674e+40	7.76006148605277e+40	6.623419612645715e+40	3.548680616146157e+40	2.297898438658228e+40	1.152303029443452e+40	8.280469129994171e+40	7.553789374851943e+40	6.623419612645715e+40	5.685693015684557e+40
40030.89865300151	1.8361577645820177e+41	9.090301766680594e+40	9.986754429722376e+40	9.85641052398416e+40	9.169799507420152e+40	7.69191506717747e+40	4.016575142076839e+40	2.579609464412614e+40	1.2835533651819052e+40	9.997086114226527e+40	8.889180432408317e+40	7.69191506717747e+40	6.540815947774025e+40
40972.10312868767	2.242724956882478e+41	1.1401736437160944e+41	1.2203313394088694e+41	1.175001437531301e+41	1.0778455463167042e+41	8.895969864417885e+40	4.532807125461217e+40	2.8879032078221277e+40	1.426036857151706e+40	1.1986643061843315e+41	1.0408479230521053e+41	8.895969864417885e+40	7.497545492712553e+40
41932.47415762188	2.721270877659669e+41	1.409320876102857e+41	1.4748976472742908e+41	1.3902710692061082e+41	1.25960236835464e+41	1.0244335173974648e+41	5.100242957406837e+40	3.2245102965738657e+40	1.5806920051654774e+40	1.4253680382207225e+41	1.2121846855281953e+41	1.0244335173974648e+41	8.562417887132446e+40
42912.432685598236	3.413280018278736e+41	1.7998929749408308e+41	1.851274182074088e+41	1.7141706532057732e+41	1.5360176592535846e+41	1.2322008796047189e+41	5.987804447376663e+40	3.7497538262307497e+40	1.819149939870069e+40	1.765049427996243e+41	1.473550002019831e+41	1.2322008796047189e+41	1.0214871467265327e+41
43912.431697048494	4.1661087666867105e+41	2.2175196238561487e+41	2.2427856244644048e+41	2.043277799266183e+41	1.8132278146711297e+41	1.4374483338992296e+41	6.846980315361012e+40	4.256317864275211e+40	2.0491043022658244e+40	2.112049934808467e+41	1.7347304160027238e+41	1.4374483338992296e+41	1.1834109097081053e+41
44932.492505139446	4.984245680514107e+41	2.6672224198752703e+41	2.650737464974109e+41	2.3765105710979236e+41	2.090093683880706e+41	1.6399797002938411e+41	7.687777900957588e+40	4.752369666367597e+40	2.274958590265368e+40	2.4656077158505925e+41	1.9947364943511737e+41	1.6399797002938411e+41	1.34246368503728e+41
45973.36176556259	5.877833653884219e+41	3.156546862123423e+41	3.0884225065588046e+41	2.7270386193173843e+41	2.377126281339123e+41	1.84600308214885e+41	8.519839779259312e+40	5.240389918337666e+40	2.496695393700497e+40	2.8394793698977245e+41	2.2631244891147414e+41	1.84600308214885e+41	1.5025292875188732e+41
47035.34303198728	6.844489636106864e+41	3.671456877812163e+41	3.544854759110406e+41	3.092074483456362e+41	2.676532660643125e+41	2.0614378343122293e+41	9.389977610892924e+40	5.750054825984249e+40	2.727997982838375e+40	3.228727601285377e+41	2.5432511074023474e+41	2.0614378343122293e+41	1.6700423959301215e+41
48118.9057743072	8.160672066160889e+41	4.399386318456418e+41	4.20523615753974e+41	3.6274439193126565e+41	3.1167235697277994e+41	2.376990635918317e+41	1.0631858471875967e+41	6.465114956208319e+40	3.0451940500094026e+40	3.79833699860588e+41	2.9550220852725626e+41	2.376990635918317e+41	1.9139461578642967e+41
49224.14856228509	9.48889070633745e+41	5.093720858067431e+41	4.823523083306135e+41	4.1269150112932746e+41	3.53062962242536e+41	2.6801915141910202e+41	1.1903683138976049e+41	7.217684189480996e+40	3.387635398237609e+40	4.329292746468295e+41	3.3436752539299557e+41	2.6801915141910202e+41	2.1527534581937687e+41
50351.71511181632	1.0815337767767376e+42	5.777047370039431e+41	5.4180139208708514e+41	4.5951677313130705e+41	3.912123445986435e+41	2.9534442515534355e+41	1.3010573221147826e+41	7.868077318084153e+40	3.683515125469684e+40	4.830227335958363e+41	3.700087787479443e+41	2.9534442515534355e+41	2.3651289630479933e+41
51502.196956946456	1.2160074479191437e+42	6.461557791666887e+41	6.0053703846533695e+41	5.050360297829668e+41	4.279365661804466e+41	3.213735719807776e+41	1.4054451438403696e+41	8.481696183026339e+40	3.9638033535091553e+40	5.319124789730167e+41	4.0422885670406105e+41	3.213735719807776e+41	2.5664497346288476e+41
52675.66831078843	1.3521472131165171e+42	7.135644108292141e+41	6.58370846918043e+41	5.499307219108871e+41	4.641721063347656e+41	3.470428278319327e+41	1.5083100594091078e+41	9.087274450521089e+40	4.241466645589843e+40	5.801143994577613e+41	4.379926450305303e+41	3.470428278319327e+41	2.7648706825848483e+41
53872.857064173884	1.535071923857842e+42	8.11354070477886e+41	7.422879609609526e+41	6.1422231317829286e+41	5.153607173225827e+41	3.825073503001729e+41	1.6432022829137497e+41	9.862769958953791e+40	4.587784486490733e+40	6.494359036078729e+41	4.85471117268072e+41	3.825073503001729e+41	3.034671571291416e+41
55094.350204217946	1.712054497917956e+42	8.978956304996216e+41	8.199060931712271e+41	6.779036662930583e+41	5.685858762402455e+41	4.216549506544094e+41	1.804379877096585e+41	1.0804156060200374e+41	5.010872045200321e+40	7.168673614770766e+41	5.35535767529217e+41	4.216549506544094e+41	3.342183409398337e+41
56340.60865884175	1.8722671207601807e+42	9.745203902757118e+41	8.855522419861867e+41	7.292210554927914e+41	6.1049832336633615e+41	4.521044806141067e+41	1.9349786066814128e+41	1.1593809118641057e+41	5.380831238650879e+40	7.718069748065575e+41	5.747734774628541e+41	4.521044806141067e+41	3.5824604603759875e+41
57611.667717167074	2.023679434563852e+42	1.0451418473154745e+42	9.454725455940503e+41	7.756662067331513e+41	6.481708774350918e+41	4.7911633979715965e+41	2.0468996059821803e+41	1.2263144490163778e+41	5.693305879918447e+40	8.216386970225269e+41	6.099541702005225e+41	4.7911633979715965e+41	3.793334860463664e+41
58908.45646967562	2.1943074404982765e+42	1.1276277076904742e+42	1.0131079994787484e+42	8.258963978555504e+41	6.8778900370595125e+41	5.0660276172908455e+41	2.1564290343981494e+41	1.291480561355998e+41	5.997842856437516e+40	8.76117073213762e+41	6.466616060009925e+41	5.0660276172908455e+41	4.004339401343669e+41
60231.47778292016	2.3883972211076342e+42	1.2307080387777351e+42	1.1019700830181948e+42	8.937855192961996e+41	7.415995095800238e+41	5.436451975483685e+41	2.2970290965578633e+41	1.3728850835852748e+41	6.366845798385144e+40	9.494112058832133e+41	6.964979538215561e+41	5.436451975483685e+41	4.285328658404715e+41
61581.25386316684	2.5545009480030163e+42	1.3086066079563332e+42	1.1752813305190345e+42	9.561804396993584e+41	7.944400443752525e+41	5.827852747761422e+41	2.4583849341789445e+41	1.4674878039036544e+41	6.796683842378866e+40	1.0150075091687917e+42	7.46322288928538e+41	5.827852747761422e+41	4.593034376578104e+41
62958.04752985673	2.6919371909793378e+42	1.3668625809560463e+42	1.2258762705267518e+42	9.978035312722696e+41	8.301712587063947e+41	6.106902761947524e+41	2.5924066449460792e+41	1.5510811229837507e+41	7.199129756864808e+40	1.0588610127518446e+42	7.803124465205674e+41	6.106902761947524e+41	4.8228587680210745e+41
64362.60098304886	2.810396392477822e+42	1.4171615745697038e+42	1.2691325480076389e+42	1.0320194568091744e+42	8.584504485395643e+41	6.317442480161669e+41	2.6909602784252057e+41	1.613782306000056e+41	7.512122763923454e+40	1.0953631376304843e+42	8.069047679744144e+41	6.317442480161669e+41	4.9927733884180675e+41
65795.5216348314	2.967819254938682e+42	1.496195059511078e+42	1.3336758200993855e+42	1.079500141317167e+42	8.957439224726251e+41	6.576343315013646e+41	2.7968856521315995e+41	1.6781722294968703e+41	7.822506839698736e+40	1.1469757306148096e+42	8.41439600162412e+41	6.576343315013646e+41	5.192480914576455e+41
67257.41416429468	3.10332094779654e+42	1.570102808726768e+42	1.402263928319353e+42	1.1350603552945743e+42	9.409915309747167e+41	6.895599117681296e+41	2.922107469427725e+41	1.752051678517558e+41	8.167885112429729e+40	1.2062142094421385e+42	8.836178417061013e+41	6.895599117681296e+41	5.437382310154595e+41
68748.5685717057	3.201078462464542e+42	1.6109003713999884e+42	1.4446226243223456e+42	1.1747504356718891e+42	9.765725808448559e+41	7.17786168800599e+41	3.052418234332715e+41	1.8317386880149634e+41	8.547403162932533e+40	1.247001922679836e+42	9.177068088336702e+41	7.17786168800599e+41	5.668242394745963e+41
70269.82030966616	3.2613857131587e+42	1.6318684529121096e+42	1.465842447199521e+42	1.1957663888690375e+42	9.96775366770715e+41	7.357115514654792e+41	3.1555199419838233e+41	1.8999619379830752e+41	8.896782610513465e+40	1.2681585743713712e+42	9.375259614290012e+41	7.357115514654792e+41	5.826134197155714e+41
71821.81353794299	3.333869846324217e+42	1.671484528085704e+42	1.4995794603945794e+42	1.2217267925199518e+42	1.0179631143572588e+42	7.514773401484847e+41	3.233488985279358e+41	1.9515553379556712e+41	9.168109652944756e+40	1.2960363031211464e+42	9.574122998845354e+41	7.514773401484847e+41	5.95470783624893e+41
73405.18760530815	3.3799792184700686e+42	1.7054728923340974e+42	1.5366937440506653e+42	1.254267464161468e+42	1.0453006099994823e+42	7.715485179636616e+41	3.322126080904172e+41	2.0074219470439605e+41	9.450352636863904e+40	1.3302308519088878e+42	9.831103336752759e+41	7.715485179636616e+41	6.113574372148296e+41
75020.35023854328	3.3870958036986206e+42	1.7015371166088027e+42	1.5453161738305222e+42	1.2713360787059742e+42	1.0639618783260914e+42	7.884908299017503e+41	3.4100078935715226e+41	2.0637050329875653e+41	9.736379027903109e+40	1.3458835787641754e+42	1.001707003165295e+42	7.884908299017503e+41	6.258902408008373e+41
76668.18678134408	3.352002083246457e+42	1.6784142844985956e+42	1.5302463825234246e+42	1.2659452232062915e+42	1.0641106093209283e+42	7.936316475148037e+41	3.4737219619335576e+41	2.1115661893813846e+41	1.0008114653458616e+41	1.33814693958546e+42	1.0032305601266768e+42	7.936316475148037e+41	6.3254842331006075e+41
78349.35581350175	3.307375282774534e+42	1.66087894772112e+42	1.5205384643744668e+42	1.2620281133818583e+42	1.0629098783061529e+42	7.950134475027813e+41	3.505256773416702e+41	2.138921294443375e+41	1.0187086351244587e+41	1.333004175905567e+42	1.0027018710232415e+42	7.950134475027813e+41	6.3498134852693796e+41
80064.57444904292	3.2366161422787497e+42	1.6312561981560383e+42	1.506197286678679e+42	1.2583406538375452e+42	1.063071749901636e+42	7.976465878911012e+41	3.5357148911111714e+41	2.163127516836051e+41	1.0339001235480758e+41	1.3272628736132206e+42	1.003631190957865e+42	7.976465878911012e+41	6.381878028650665e+41
81814.36622860734	3.1410272542620683e+42	1.5717607939175913e+42	1.4651659879950435e+42	1.2363529995674995e+42	1.0506180655749929e+42	7.935483377338268e+41	3.552426951868664e+41	2.181117313490966e+41	1.046860312311371e+41	1.3009730653941715e+42	9.934510208004915e+41	7.935483377338268e+41	6.371820341404897e+41
83599.6490120987	3.017824848404336e+42	1.5036627763481165e+42	1.4126027399774447e+42	1.2020549745657276e+42	1.0272018021892214e+42	7.816207404813249e+41	3.5472117974931754e+41	2.189638303595546e+41	1.057119880920991e+41	1.262230056507277e+42	9.729179474973612e+41	7.816207404813249e+41	6.304884543356777e+41
85421.16485896493	2.889238247898708e+42	1.4295824397548564e+42	1.3523829917310806e+42	1.159459312631942e+42	9.9557801563795e+41	7.623588780541015e+41	3.504988763464481e+41	2.176855842535212e+41	1.0587736126387685e+41	1.2152645610798817e+42	9.442940146173726e+41	7.623588780541015e+41	6.174503869140784e+41
87279.66793848928	2.75591494994419e+42	1.36415917448711e+42	1.3034550340606647e+42	1.1268162742487242e+42	9.718843818457769e+41	7.480745793524802e+41	3.4697182403605497e+41	2.163413727806304e+41	1.057806046485246e+41	1.1788519198419417e+42	9.22942483396033e+41	7.480745793524802e+41	6.07679506465434e+41
89175.82259660868	2.621530064040989e+42	1.280482329126782e+42	1.2369878303433857e+42	1.0816055005487975e+42	9.389701283585239e+41	7.280296421073086e+41	3.4158660345492624e+41	2.1399526216713763e+41	1.0526539078747394e+41	1.1285238090494815e+42	8.932458329206928e+41	7.280296421073086e+41	5.937644287324731e+41
91110.57080357317	2.482838109208655e+42	1.1960754680555175e+42	1.1648016863047485e+42	1.0290946619021671e+42	8.999054587182064e+41	7.045014325369792e+41	3.361371633655112e+41	2.1183669672081294e+41	1.0486716989080794e+41	1.0708612234147776e+42	8.579403084021949e+41	7.045014325369792e+41	5.779437671778292e+41
93084.75976952615	2.3518393656232007e+42	1.1213681393416618e+42	1.0948247678647916e+42	9.718313095500072e+41	8.533398615059842e+41	6.72436961933763e+41	3.257957733727139e+41	2.0678178543964285e+41	1.0321962703276925e+41	1.0099086151405811e+42	8.146523483665372e+41	6.72436961933763e+41	5.542257674378491e+41
95099.2463923151	2.2299482127654033e+42	1.0575984362654984e+42	1.0404775944145986e+42	9.303081343782753e+41	8.202638722865898e+41	6.496449402298488e+41	3.1805851256007306e+41	2.0293228476182163e+41	1.0197070206251958e+41	9.651331819911898e+41	7.8397845771057e+41	6.496449402298488e+41	5.3714781339814555e+41
97154.84876969614	2.1227598592993333e+42	9.941685125869961e+41	9.859353103760102e+41	8.89511283176638e+41	7.88632144613051e+41	6.2859365871689405e+41	3.106957114507714e+41	1.9900986210529825e+41	1.0053978939230547e+41	9.207857220978109e+41	7.548955335121199e+41	6.2859365871689405e+41	5.215249113247961e+41
99252.55675736212	2.0199853255747288e+42	9.338755879713102e+41	9.313916314009045e+41	8.468156828907163e+41	7.549218920271946e+41	6.062434142684628e+41	3.0397548834256666e+41	1.9583381025104245e+41	9.957289561939827e+40	8.748265194762581e+41	7.2382556201802e+41	6.062434142684628e+41	5.053704904829213e+41
101393.31913166579	1.9266679348115443e+42	8.853512057698475e+41	8.837195413961883e+41	8.055329071828385e+41	7.199839936753253e+41	5.807659968154051e+41	2.945401175180162e+41	1.9086777525492158e+41	9.778861607574133e+40	8.315164033453672e+41	6.909456103627651e+41	5.807659968154051e+41	4.8575417463633936e+41
103578.10644794928	1.8437642877390858e+42	8.445519920586872e+41	8.447821286727313e+41	7.719619285372889e+41	6.913824804577744e+41	5.595998636823943e+41	2.8637877470967054e+41	1.8647935266386563e+41	9.618570273146611e+40	7.96328838866427e+41	6.63952415270069e+41	5.595998636823943e+41	4.69269761883932e+41
105807.9185297777	1.7689940004625718e+42	8.071038782072948e+41	8.146873710211008e+41	7.506126484779316e+41	6.75038127031043e+41	5.485525950167046e+41	2.8207094096950985e+41	1.840011520941161e+41	9.517973298432703e+40	7.728901069940153e+41	6.489201821492641e+41	5.485525950167046e+41	4.60855914117284e+41
108083.73926248656	1.702898169391166e+42	7.700852713366879e+41	7.81467235233707e+41	7.250209129291176e+41	6.550410704196097e+41	5.3529195419845056e+41	2.7745690560978817e+41	1.813982831803814e+41	9.40595883591162e+40	7.45220432070756e+41	6.30525331656083e+41	5.3529195419845056e+41	4.5109034451718566e+41
110406.66615801533	1.638578099800375e+42	7.279222229455797e+41	7.459266533954595e+41	7.00899246188888e+41	6.386367706588197e+41	5.274413185760984e+41	2.7798701264996015e+41	1.826746609457408e+41	9.513674753263055e+40	7.181051945737228e+41	6.1623801456615486e+41	5.274413185760984e+41	4.47183922202e+41
112777.78449017835	1.578910066526288e+42	6.99861327353611e+41	7.168181342971022e+41	6.74240406147362e+41	6.1548575488880084e+41	5.103652130754055e+41	2.7232254175842447e+41	1.800795134571385e+41	9.443655558079728e+40	6.904842675786012e+41	5.9433881780501214e+41	5.103652130754055e+41	4.341904208117898e+41
115198.20948422354	1.522390862024039e+42	6.758119005218182e+41	6.9508333093473e+41	6.5520326395514146e+41	5.983395334267647e+41	4.962675215599831e+41	2.6582481800556875e+41	1.765116857563184e+41	9.317091097234246e+40	6.707746506318111e+41	5.778069225270759e+41	4.962675215599831e+41	4.2241830164509585e+41
117669.08708560475	1.4712979256203396e+42	6.485976495115408e+41	6.719997515488601e+41	6.3902563895462496e+41	5.866397306185088e+41	4.891850070408572e+41	2.6323221584508103e+41	1.7497425504626925e+41	9.259510589164433e+40	6.528086045448705e+41	5.672896632786429e+41	4.891850070408572e+41	4.173250633474526e+41
120191.57465546484	1.420706625090541e+42	6.194328180692257e+41	6.4693020041362915e+41	6.212076431828606e+41	5.739082709409258e+41	4.823380461434267e+41	2.625672310146863e+41	1.7497490929214576e+41	9.271179238715742e+40	6.330610876168094e+41	5.559867341122148e+41	4.823380461434267e+41	4.133145694727099e+41
122766.90376958491	1.3701193547644265e+42	5.906930823220943e+41	6.211598711218027e+41	6.019236408786913e+41	5.594701316652374e+41	4.737536101167686e+41	2.612487638802917e+41	1.749919825049911e+41	9.3232461548774e+40	6.11988906074786e+41	5.429407625594608e+41	4.737536101167686e+41	4.077491353125552e+41
125396.31916182958	1.3218157219111225e+42	5.654618045232195e+41	5.979024262175486e+41	5.8348047315245604e+41	5.4499028622912056e+41	4.645413820368998e+41	2.5924512652032033e+41	1.7436860915651127e+41	9.328914298984098e+40	5.921644311824448e+41	5.296637872027354e+41	4.645413820368998e+41	4.014659975857555e+41
128081.10024908547	1.275280789511139e+42	5.381969926234647e+41	5.733833808802048e+41	5.655546647195522e+41	5.3206273786445e+41	4.574935983812573e+41	2.587541096534251e+41	1.7486212250490396e+41	9.402666806800025e+40	5.7239523520211675e+41	5.18158644311266e+41	4.574935983812573e+41	3.972917738562558e+41
130822.56330749425	1.2301331112287197e+42	5.126866133192071e+41	5.507778532107821e+41	5.491126838128471e+41	5.20170644094071e+41	4.509225731189899e+41	2.580805720717381e+41	1.7503240139647292e+41	9.443107623483967e+40	5.542582178720312e+41	5.075547343391828e+41	4.509225731189899e+41	3.93321666377013e+41
133622.0615181656	1.1862474598369283e+42	4.894240534817441e+41	5.280700708374694e+41	5.303313943203422e+41	5.054521627838188e+41	4.4207490857245625e+41	2.5721257286250278e+41	1.7541742827996383e+41	9.511717428570886e+40	5.341958451950373e+41	4.9414613845152596e+41	4.4207490857245625e+41	3.877975599719514e+41
136480.97857157313	1.1433717304101627e+42	4.656954044469686e+41	5.0503220629787235e+41	5.1159141765797624e+41	4.907613037214718e+41	4.329122837082533e+41	2.559552611558028e+41	1.7578080577982224e+41	9.605490507076373e+40	5.141105605727681e+41	4.807105605759414e+41	4.329122837082533e+41	3.817535859523705e+41
139400.75549044233	1.101995274719717e+42	4.432511056091524e+41	4.8074620321050565e+41	4.896582959054281e+41	4.725148553472761e+41	4.207453011088322e+41	2.5340877555695617e+41	1.751752705768563e+41	9.632003199783489e+40	4.911733704467064e+41	4.637565830213247e+41	4.207453011088322e+41	3.733483019988941e+41
142382.86629957546	1.061891938694383e+42	4.2487665808793725e+41	4.625681367580681e+41	4.7338507531657184e+41	4.585363843260093e+41	4.105527144479594e+41	2.5020758946690186e+41	1.739549790333283e+41	9.630623892917179e+40	4.742346872028667e+41	4.50572127146925e+41	4.105527144479594e+41	3.656404754207365e+41
145428.82782065682	1.0216678082922762e+42	4.04744180918972e+41	4.435202804801095e+41	4.574972848226519e+41	4.4556173183535825e+41	4.016571933696493e+41	2.4747238154831998e+41	1.7276033637638743e+41	9.609617362906029e+40	4.573845369757111e+41	4.385125341490765e+41	4.016571933696493e+41	3.591039922143878e+41
148540.20202139908	9.822164151249455e+41	3.844889691779641e+41	4.241463190693104e+41	4.411696391008994e+41	4.32238285698707e+41	3.927088022816e+41	2.451173815580259e+41	1.7190305391679087e+41	9.608538616146957e+40	4.400980037761166e+41	4.2615710799614906e+41	3.927088022816e+41	3.527224414401011e+41
151718.59725774478	9.437217344983516e+41	3.647184885267565e+41	4.051263119225129e+41	4.2489715245900096e+41	4.187973076857241e+41	3.835385279996672e+41	2.4264728913199155e+41	1.7099571295562984e+41	9.607244734794615e+40	4.2294392382828015e+41	4.136473651051288e+41	3.835385279996672e+41	3.461256075825507e+41
154965.6700452847	9.061582911495466e+41	3.452884649890379e+41	3.863853071732744e+41	4.087637750975804e+41	4.054131770352156e+41	3.7436102022408666e+41	2.4011041105684303e+41	1.7000525357760898e+41	9.599753495512048e+40	4.0596506132046084e+41	4.01175667842562e+41	3.7436102022408666e+41	3.395007198947602e+41
158283.12679373054	8.695032128005166e+41	3.26168127747105e+41	3.678353941255099e+41	3.9260925602037815e+41	3.919015121523293e+41	3.650254902683805e+41	2.3757174807305635e+41	1.6903951494868409e+41	9.59329504116956e+40	3.890174461817251e+41	3.885579712010413e+41	3.650254902683805e+41	3.3275772226552184e+41
161672.72584508033	8.338261849463542e+41	3.0708627945950914e+41	3.49444653194694e+41	3.7681470015624535e+41	3.789168880593842e+41	3.563706499193143e+41	2.3532684615694835e+41	1.6805884858345943e+41	9.565843076922121e+40	3.723715563910469e+41	3.765136986635927e+41	3.563706499193143e+41	3.266777463066169e+41
165136.27955254106	7.990492138633226e+41	2.8795267401569598e+41	3.306559161941911e+41	3.600899277757349e+41	3.647430763393105e+41	3.4658366685980325e+41	2.3341946342402608e+41	1.6793988328974779e+41	9.627214302710055e+40	3.5492698302333696e+41	3.632454318553247e+41	3.4658366685980325e+41	3.198036347643059e+41
168675.65348977633	7.654503004161365e+41	2.700173128533682e+41	3.1240711515274033e+41	3.431763553112157e+41	3.4998501011639726e+41	3.358542144965132e+41	2.3060847886584207e+41	1.6725551637645083e+41	9.675604081226743e+40	3.3746487572701715e+41	3.492953774902705e+41	3.358542144965132e+41	3.1187887667293503e+41
172292.77702143154	7.323514400743765e+41	2.5258853567074876e+41	2.9506790572096593e+41	3.272619180043777e+41	3.3608015724447608e+41	3.2562745373609947e+41	2.2741021097718934e+41	1.6591285156114552e+41	9.657596370038047e+40	3.2101858871287367e+41	3.3613291965730463e+41	3.2562745373609947e+41	3.041787932788677e+41
175989.63729384687	7.003795875206092e+41	2.3568502687335734e+41	2.7821009782908914e+41	3.116431147108603e+41	3.2231050753425107e+41	3.153769683081366e+41	2.2416204234466075e+41	1.6455714125213005e+41	9.637449922968583e+40	3.0492590694319933e+41	3.230623691367145e+41	3.153769683081366e+41	2.9640927195199516e+41
179768.28433970283	6.693852818770135e+41	2.1916801186544303e+41	2.6161879649751083e+41	2.961254602898598e+41	3.0854095477632835e+41	3.0505856075223608e+41	2.208751474016095e+41	1.6318276209446751e+41	9.616701327941655e+40	2.889776132651292e+41	3.0996929512818785e+41	3.0505856075223608e+41	2.885683422230734e+41
183630.83373951813	6.3934585768785215e+41	2.0312726915348586e+41	2.4535687021929116e+41	2.8062059099386163e+41	2.9453140492683464e+41	2.9429964954852475e+41	2.175084865188258e+41	1.6193573283867183e+41	9.613366401281895e+40	2.7313589634475164e+41	2.9657172529731887e+41	2.9429964954852475e+41	2.803088102585638e+41
187579.4691992726	6.102386461224091e+41	1.876132729641362e+41	2.295506642084257e+41	2.6545556361090353e+41	2.8075430245616934e+41	2.8362094481667505e+41	2.1391444675666784e+41	1.604267095105928e+41	9.593381128913676e+40	2.5766966384210935e+41	2.833732560700615e+41	2.8362094481667505e+41	2.720263433390234e+41
191616.44534282858	5.820606212316232e+41	1.7265977967522998e+41	2.1421544582113354e+41	2.50592952375671e+41	2.6712014549054225e+41	2.7289874640478884e+41	2.1013147962580077e+41	1.5873085824582593e+41	9.560463753322606e+40	2.4255896530041472e+41	2.7027082193212935e+41	2.7289874640478884e+41	2.6362478597084933e+41
195744.09062380512	5.548145236336069e+41	1.5827319378789521e+41	1.9933808421028883e+41	2.3600110568134675e+41	2.5357606120535022e+41	2.6206070252461563e+41	2.0621215886543796e+41	1.5696686397543653e+41	9.524999751974914e+40	2.2777808740628678e+41	2.5720493131602127e+41	2.6206070252461563e+41	2.550461748469889e+41
199964.81038169612	5.284729422737189e+41	1.4447742015285065e+41	1.849403391235052e+41	2.217224576719573e+41	2.401748749733624e+41	2.511493164848139e+41	2.021134964103273e+41	1.550702751291125e+41	9.483181259195833e+40	2.1336350821687603e+41	2.442288201333271e+41	2.511493164848139e+41	2.4631105492635074e+41
204281.0900413132	5.030365619919153e+41	1.3129404812784211e+41	1.710366416060838e+41	2.077759277895575e+41	2.2693315810734253e+41	2.401686672909087e+41	1.9785214377980233e+41	1.530609916877596e+41	9.43569654105435e+40	1.993330209584854e+41	2.313566937681971e+41	2.401686672909087e+41	2.3742027775501228e+41
208695.4984733722	4.784992038882079e+41	1.1874699307389623e+41	1.5764626921197878e+41	1.9419238917558644e+41	2.138852064677435e+41	2.2913351145413894e+41	1.9340406073520676e+41	1.50925831673827e+41	9.38305352268332e+40	1.8571389416587048e+41	2.186209384505821e+41	2.2913351145413894e+41	2.283682963561918e+41
213210.69152806478	4.5484094146704874e+41	1.0685567513383167e+41	1.4478380343608052e+41	1.810021842580454e+41	2.010777892928569e+41	2.180957909505073e+41	1.8878140324985366e+41	1.4866645671544662e+41	9.32441649371789e+40	1.7253033459210427e+41	2.0607171560988232e+41	2.180957909505073e+41	2.191971455631089e+41
217829.41573527426	4.320514732888391e+41	9.563938652727369e+40	1.324644834696245e+41	1.6823095600719349e+41	1.8855015238531513e+41	2.071010680638441e+41	1.8401092470896592e+41	1.4630204555628335e+41	9.260265563085786e+40	1.598033115316558e+41	1.9375132369926107e+41	2.071010680638441e+41	2.099474633181834e+41
222554.5122006921	4.101199456820005e+41	8.511357963726635e+40	1.2069955433073376e+41	1.5588634336257322e+41	1.7630212994229196e+41	1.9610608718687228e+41	1.7897134128199512e+41	1.4375802168454654e+41	9.192091974420558e+40	1.4754095634077521e+41	1.816537041047495e+41	1.9610608718687228e+41	2.005341677951676e+41
227388.9206949753	3.888365971252588e+41	7.480130955887103e+40	1.0855259855263457e+41	1.4240241408831748e+41	1.6257892382107553e+41	1.837807224952439e+41	1.7467375965922346e+41	1.4251340194992537e+41	9.237487446604168e+40	1.3431833687239639e+41	1.6804348552032787e+41	1.837807224952439e+41	1.903127970364054e+41
232335.68326856283	3.68777288629203e+41	6.574658873627303e+40	9.803673330767575e+40	1.3110496610731883e+41	1.5112362512971014e+41	1.7302600232646678e+41	1.6915208219458363e+41	1.3961165761706172e+41	9.163183344113962e+40	1.2316352448076142e+41	1.5663278143952683e+41	1.7302600232646678e+41	1.807740965192652e+41
237397.9586274943	3.493317364036211e+41	5.739854454314996e+40	8.810059636538103e+40	1.2028198404591604e+41	1.4005886783379704e+41	1.6248493181605682e+41	1.635728604071855e+41	1.3658325485139975e+41	9.064603593614664e+40	1.1250759012453343e+41	1.4557921987963835e+41	1.6248493181605682e+41	1.7132835915288319e+41
242579.0079378802	3.3067444390965718e+41	4.975669228791629e+40	7.875666680785646e+40	1.0994640821752435e+41	1.2939959433810112e+41	1.5215535798857888e+41	1.5784792273315658e+41	1.3341952196840966e+41	8.959362928677266e+40	1.0236293535119176e+41	1.3489706320322684e+41	1.5215535798857888e+41	1.619398763943013e+41
247882.20965990738	3.1271066288936563e+41	4.2544669547896696e+40	6.946303849826266e+40	9.903283467654903e+40	1.1774725845903566e+41	1.4059111123021147e+41	1.5232007832033583e+41	1.3122367496838394e+41	8.96814605063973e+40	9.180751282259808e+40	1.231246398171113e+41	1.4059111123021147e+41	1.5151349606043538e+41
253311.06417819124	2.9568379640032084e+41	3.6317678561467597e+40	6.138893584318334e+40	8.97987975425064e+40	1.080420769319464e+41	1.3079960877274001e+41	1.4614933269453171e+41	1.2761165765450809e+41	8.845265202873586e+40	8.280369827416302e+40	1.1332920715078366e+41	1.3079960877274001e+41	1.4228433689161704e+41
258869.19959551655	2.7930405422709815e+41	3.0751925416919876e+40	5.391777085114674e+40	8.106989584719279e+40	9.878540462674785e+40	1.2133100562120992e+41	1.3998117770145946e+41	1.239524279014015e+41	8.710643657492795e+40	7.432647293630707e+40	1.0396136839009213e+41	1.2133100562120992e+41	1.3326055298291717e+41
264560.37838795397	2.6361704891959277e+41	2.565337854895031e+40	4.670058639873509e+40	7.211750402681881e+40	8.892077646380292e+40	1.1086849742447133e+41	1.336498665110793e+41	1.2092204456204584e+41	8.680840794860404e+40	6.576253949409152e+40	9.387713938836497e+40	1.1086849742447133e+41	1.2323517109880345e+41
270388.5025962336	2.4870228781679464e+41	2.1336490893853429e+40	4.045718779795501e+40	6.447947686500757e+40	8.06629979600662e+40	1.0212819075790827e+41	1.271985462589961e+41	1.1683541798724232e+41	8.521596669939953e+40	5.840810205166128e+40	8.546907289553399e+40	1.0212819075790827e+41	1.1462713518963682e+41
276357.6206416741	2.344300320547955e+41	1.7579416462653934e+40	3.478983750544605e+40	5.734398744357838e+40	7.286310444573671e+40	9.376180096129939e+40	1.2078422487053076e+41	1.1271624528325882e+41	8.356538244562078e+40	5.157527467833694e+40	7.750515504717245e+40	9.376180096129939e+40	1.06295871647181e+41
282471.9347967563	2.2082414159278616e+41	1.4250801889554991e+40	2.9484189056766997e+40	5.025113529031836e+40	6.478989810695654e+40	8.470008325261148e+40	1.1399186608236532e+41	1.0892264300515364e+41	8.279357269241055e+40	4.488577100390329e+40	6.916729351609181e+40	8.470008325261148e+40	9.713169354132564e+40
288735.80760071066	2.0786918358907257e+41	1.1504283945590957e+40	2.4950007764807833e+40	4.417519659449375e+40	5.798562804126191e+40	7.717108814831745e+40	1.0750876571664647e+41	1.0446559096391524e+41	8.08524102758937e+40	3.9137027854092645e+40	6.217669560514058e+40	7.717108814831745e+40	8.941506461194802e+40
295153.7698615324	1.9552834749872528e+41	9.187583943521901e+39	2.093178216954887e+40	3.8587178204270623e+40	5.163403357090138e+40	7.004176317777876e+40	1.0113300952638718e+41	1.000158474772234e+41	7.8885667784918105e+40	3.3889287892210363e+40	5.562901251343063e+40	7.004176317777876e+40	8.203204376982307e+40
301730.5292018522	1.8379408015028014e+41	7.255458490297069e+39	1.7402592107713128e+40	3.3479310901230096e+40	4.573093387502534e+40	6.3309810423304915e+40	9.482701521376274e+40	9.549179840914555e+40	7.682958485730145e+40	2.913159651912927e+40	4.952040916080142e+40	6.3309810423304915e+40	7.498058108529144e+40
308470.9784061284	1.7265953163867092e+41	5.622538522849775e+39	1.4234526577486302e+40	2.8603760529168235e+40	3.9857931684112413e+40	5.624531173504202e+40	8.801422101830511e+40	9.095888301373542e+40	7.538921109335277e+40	2.4659204703074735e+40	4.336730476627332e+40	5.624531173504202e+40	6.73860415901627e+40
315380.2039781654	1.6205917351851038e+41	4.333319407398164e+39	1.160388376069648e+40	2.4454977606697243e+40	3.4888219606331775e+40	5.038032121062872e+40	8.190026672440758e+40	8.625994116204907e+40	7.304788761351002e+40	2.0862522665826393e+40	3.8182188593342994e+40	5.038032121062872e+40	6.108478710497203e+40
322463.49611403147	1.5201168101179643e+41	3.2973287438711734e+39	9.360887482586136e+39	2.074144538214723e+40	3.034184084605152e+40	4.491144554979531e+40	7.59608673521532e+40	8.159219891660134e+40	7.068038514312349e+40	1.7499202876023323e+40	3.341501597765424e+40	4.491144554979531e+40	5.514550425684105e+40
329726.3591516495	1.4248900843430925e+41	2.4759010235334178e+39	7.46905461165641e+39	1.7443844693264592e+40	2.6207521288834177e+40	3.98319647396032e+40	7.0198943740651515e+40	7.693950606711884e+40	6.823890279425111e+40	1.4545595933167956e+40	2.9055848468945183e+40	3.98319647396032e+40	4.956552522091617e+40
337174.52218142635	1.334892935463974e+41	1.8185821082006296e+39	5.848541167967357e+39	1.4427725457631053e+40	2.2263245886233863e+40	3.4700309120441523e+40	6.396372970419136e+40	7.206349185466612e+40	6.61442694834812e+40	1.188662709511141e+40	2.4843955566054806e+40	3.4700309120441523e+40	4.373609788218289e+40
344813.94999723206	1.2493382757376824e+41	1.3270944441147676e+39	4.5564347209106214e+39	1.1912183165272033e+40	1.8943878784696957e+40	3.0433705846043986e+40	5.862523179551124e+40	6.746558229060311e+40	6.351409301533571e+40	9.686714124949225e+39	2.1302248627232357e+40	3.0433705846043986e+40	3.89320208433289e+40
352650.8555931839	1.168587705788243e+41	9.542924641222206e+38	3.505303754954876e+39	9.738040531962155e+39	1.5988016189432523e+40	2.6528547260953427e+40	5.349579487329976e+40	6.290641313849955e+40	6.081342865987695e+40	7.810710597414734e+39	1.812555495330125e+40	2.6528547260953427e+40	3.447535987919835e+40
360691.7131924483	1.0922969729496887e+41	6.759808731695091e+38	2.6613544065465495e+39	7.877799912852875e+39	1.337687645069006e+40	2.297520638050315e+40	4.861325062012464e+40	5.844796605357676e+40	5.807493437868838e+40	6.228179077460065e+39	1.529738038542025e+40	2.297520638050315e+40	3.0364397560845287e+40
368943.2717823222	1.0204496760682864e+41	4.671141934137438e+38	1.9765270829773176e+39	6.253667809189123e+39	1.0993568116636646e+40	1.9534160461490854e+40	4.3409691718531637e+40	5.370666111299026e+40	5.545744275011659e+40	4.870215516124704e+39	1.2682110994157082e+40	1.9534160461490854e+40	2.623094302837167e+40
377412.5691907392	9.523047623753808e+40	3.2088741116274194e+38	1.458471483120964e+39	4.9444413829004555e+39	9.024887142615113e+39	1.6678883497040692e+40	3.906646042738973e+40	4.946464199533529e+40	5.259200892229358e+40	3.7899567079190506e+39	1.0513639720049405e+40	1.6678883497040692e+40	2.2829123516120717e+40
386106.94788367086	8.882248544655567e+40	2.173060636081313e+38	1.060380348830201e+39	3.861795518098534e+39	7.332884835334815e+39	1.413069508361309e+40	3.499390825967167e+40	4.537774745381983e+40	4.973832292461666e+40	2.9114019883291155e+39	8.631664456269053e+39	1.413069508361309e+40	1.9741646380433377e+40
395034.07146181894	8.278688207480866e+40	1.4527947223913171e+38	7.592915399229712e+38	2.977679487839802e+39	5.893510306690245e+39	1.18727238823116e+40	3.1189148973607836e+40	4.145004614518062e+40	4.688784458484592e+40	2.2063887671042243e+39	7.01386106291566e+39	1.18727238823116e+40	1.6954755053789642e+40
404201.9420341458	7.7120695196231e+40	9.511661064567506e+37	5.301743766855657e+38	2.2459275257604033e+39	4.642017073130912e+39	9.782883026098201e+39	2.723534581762255e+40	3.727834440032218e+40	4.399956781384779e+40	1.6342477017398146e+39	5.587372012565763e+39	9.782883026098201e+39	1.427005331354481e+40
413618.91842295515	7.176213359310707e+40	6.256247295279011e+37	3.6783696525700534e+38	1.6838797510359837e+39	3.6425644738252e+39	8.070599072184007e+39	2.399885449897109e+40	3.370349661165898e+40	4.113581254792691e+40	1.2026290214080678e+39	4.438348147716129e+39	8.070599072184007e+39	1.2071373458233739e+40
423293.7363396274	6.67396902635957e+40	4.1195118270778768e+37	2.51385835411535e+38	1.2440159510550679e+39	2.8218390742353804e+39	6.591769617518028e+39	2.1026395682605082e+40	3.0324499333812443e+40	3.831671135986944e+40	8.715781540748035e+38	3.4828010048353716e+39	6.591769617518028e+39	1.0127398675669021e+40
433235.5295544141	6.2023463380264735e+40	2.74157281863611e+37	1.6941330047070549e+38	9.050945118992228e+38	2.1566574961059535e+39	5.3268115759048174e+39	1.830942143171189e+40	2.7143059186216165e+40	3.5546906424951755e+40	6.218108357640747e+38	2.697909081388858e+39	5.3268115759048174e+39	8.421468155093987e+39
443453.85238088446	5.759778825567222e+40	1.8663298786812876e+37	1.1282746934569182e+38	6.482150630538207e+38	1.6250258029808673e+39	4.256116795009672e+39	1.5840410776770267e+40	2.416343065886624e+40	3.283750515485485e+40	4.366123813589593e+38	2.0616633274588152e+39	4.256116795009672e+39	6.936973455844169e+39
453958.7037378518	5.345809235619828e+40	1.3063355366227744e+37	7.371034336278081e+37	4.521550302551067e+38	1.1946827660007953e+39	3.3253966491306147e+39	1.3389223444035774e+40	2.1073811704336386e+40	3.0021441537614965e+40	2.985645520412755e+38	1.5381149166500848e+39	3.3253966491306147e+39	5.589241650858788e+39
464760.5525268659	4.955941738864191e+40	9.652446287439599e+36	4.859244298820115e+37	3.1344158544824217e+38	8.728292849031656e+38	2.5912688897305805e+39	1.1415443886540358e+40	1.8522892188543575e+40	2.7445288772123783e+40	2.0314283555020106e+38	1.1409457886404487e+39	2.5912688897305805e+39	4.5083266065568726e+39
475870.36547544517	4.591891570499808e+40	7.489576440140058e+36	3.226228789885864e+37	2.1395951252623895e+38	6.2754811325946464e+38	1.992105251812526e+39	9.65824194790603e+39	1.6179517014404118e+40	2.496802248075301e+40	1.3636075000593195e+38	8.332101083372863e+38	1.992105251812526e+39	3.594994269076469e+39
487299.6365654176	4.2513316756010335e+40	6.078582588245879e+36	2.1828081268585034e+37	1.440168777130508e+38	4.4387187190525085e+38	1.5098236375492472e+39	8.106933986015381e+39	1.4044921365227242e+40	2.2606346179460324e+40	9.056665721030869e+37	5.987294561767545e+38	1.5098236375492472e+39	2.8320969142727925e+39
499060.4185030757	3.93297741476174e+40	5.113260708794833e+36	1.5250938931315394e+37	9.584482144114756e+37	3.0884671419442988e+38	1.127207058114158e+39	6.744916230187386e+39	1.2106108131203964e+40	2.0355570104559492e+40	5.981084532020605e+37	4.231945056647363e+38	1.127207058114158e+39	2.2021866294990003e+39
511165.35647512134	3.6362423401492367e+40	4.405644927873956e+36	1.1058718742258315e+37	6.2614473764960595e+37	2.090381679960098e+38	8.190724889277505e+38	5.466013879519028e+39	1.0171999472369294e+40	1.8018247614076905e+40	3.9132063119564863e+37	2.90845029335828e+38	8.190724889277505e+38	1.6685690377422593e+39
523627.7240555629	3.3580331313022897e+40	3.8614110408221026e+36	8.498498368119047e+36	4.1415942435615005e+37	1.4100234988158123e+38	5.9185758883571374e+38	4.4583534591349835e+39	8.627210586841224e+39	1.6012719946085567e+40	2.623913716404829e+37	1.988907470780224e+38	5.9185758883571374e+38	1.2605434773418348e+39
536461.4623798014	3.099178799304284e+40	3.4125900027168586e+36	6.851368329635894e+36	2.770720648274041e+37	9.399138068307669e+37	4.205340638871016e+38	3.5975539637073373e+39	7.256463214250025e+39	1.4140702227521605e+40	1.8066122586811553e+37	1.3405490038427527e+38	4.205340638871016e+38	9.376752251506103e+38
549681.221861466	2.857959806062362e+40	3.026863173262444e+36	5.745686561054969e+36	1.8997087667356725e+37	6.220707360398553e+37	2.937726167134772e+38	2.8694718198338825e+39	6.049000133150284e+39	1.2402937709874965e+40	1.2943804736566272e+37	8.931116326567826e+37	2.937726167134772e+38	6.862663183113584e+38
563302.4070326933	2.633346797735542e+40	2.686720924670661e+36	4.956965549644787e+36	1.3532186507866375e+37	4.1177411498627945e+37	2.0182169004529833e+38	2.260322717193331e+39	4.9942158016136867e+39	1.0800832798954435e+40	9.73943975131862e+36	5.909948624775266e+37	2.0182169004529833e+38	4.9380828207449366e+38
577341.2248045766	2.4247313542219315e+40	2.382350614820048e+36	4.350883658637865e+36	1.0050827772213485e+37	2.722279371110427e+37	1.3462122935700072e+38	1.7260931833528818e+39	3.997678037403394e+39	9.178704363350476e+39	7.675744478355794e+36	3.864087322072523e+37	1.3462122935700072e+38	3.442746091878695e+38
591814.7361747602	2.230052118832231e+40	2.1087421166770602e+36	3.8622591343410083e+36	7.933346424652889e+36	1.8735191404114882e+37	9.012693549072412e+37	1.3241436180925482e+39	3.231521344704503e+39	7.859744727768664e+39	6.366670342544478e+36	2.599751663474497e+37	9.012693549072412e+37	2.3972959701674332e+38
606740.9125230049	2.049578556649554e+40	1.8620289412170866e+36	3.443929830874935e+36	6.547597706118825e+36	1.33808718559203e+37	5.973232726652643e+37	9.991953082254773e+38	2.5800568699073004e+39	6.672940180527712e+39	5.45665823059556e+36	1.7925133752831277e+37	5.973232726652643e+37	1.6383326534896427e+38
622138.6959859326	1.8820714618382185e+40	1.639692782714691e+36	3.0750549197972673e+36	5.597297982630231e+36	1.0042365129921546e+37	3.959074700599025e+37	7.419242804150694e+38	2.0340088670192766e+39	5.613740753535992e+39	4.781886281592929e+36	1.2875323923073499e+37	3.959074700599025e+37	1.103221918200618e+38
638028.0646638223	1.7267251260401384e+40	1.4396704359480943e+36	2.744200545845891e+36	4.899385808051691e+36	7.939686232495136e+36	2.6540473440320144e+37	5.416102084219232e+38	1.581880710021007e+39	4.676767779783874e+39	4.245536209512739e+36	9.727560934026991e+36	2.6540473440320144e+37	7.346002147898397e+37
654430.1030933827	1.5827767635121364e+40	1.2601442765559039e+36	2.445035138681605e+36	4.349121732364876e+36	6.573992752434713e+36	1.8253917015100775e+37	3.884384993008513e+38	1.212455026533172e+39	3.855700423997544e+39	3.7942970046386926e+36	7.741544279202238e+36	1.8253917015100775e+37	4.866657124631472e+37
671367.0784745078	1.4496818378402747e+40	1.099409663993182e+36	2.1736171308619063e+36	3.8874201426472284e+36	5.627759339765168e+36	1.2951285016266816e+37	2.6843763239819398e+38	8.93913139372242e+38	3.0702633717704247e+39	3.399041744863275e+36	6.427269142799515e+36	1.2951285016266816e+37	3.1930908027143274e+37
688862.5229800609	1.3262051396037948e+40	9.559908094764222e+35	1.9275926972176264e+36	3.486583525045194e+36	4.9443491555908437e+36	9.777777472560879e+36	1.8555715226129762e+38	6.6284946920778994e+38	2.4696244135180046e+39	3.0462560466225755e+36	5.541052674825933e+36	9.777777472560879e+36	2.1646736712129857e+37
706941.3234554444	1.2122576064892437e+40	8.28377915281084e+35	1.704739595579517e+36	3.1281636901354026e+36	4.402607425727545e+36	7.782715807017935e+36	1.2612045098167297e+38	4.829668452089601e+38	1.9611818763399243e+39	2.7268921629172937e+36	4.8815004344026594e+36	7.782715807017935e+36	1.5177167331687695e+37
725629.8184232272	1.107034093294136e+40	7.151940219719675e+35	1.5032803582583825e+36	2.803713809918373e+36	3.946858497638952e+36	6.485729072847994e+36	8.450537124302582e+37	3.454753591144602e+38	1.5358768980026086e+39	2.436442955494435e+36	4.353991114682689e+36	6.485729072847994e+36	1.115480823863729e+37
744955.9034633036	1.0099524563595277e+40	6.151450304838228e+35	1.3215939730238207e+36	2.5084793149437207e+36	3.547682464945489e+36	5.592409386370902e+36	5.609944459120894e+37	2.4250554725995285e+38	1.1849445319169112e+39	2.1720040303492163e+36	3.907197731125934e+36	5.592409386370902e+36	8.651008247885387e+36
764949.1457874381	9.205559025056813e+39	5.270058084446654e+35	1.1581334778921755e+36	2.2393317823247585e+36	3.189411354981525e+36	4.924677428256273e+36	3.6509107554319487e+37	1.6274623447403605e+38	8.731111224734324e+38	1.9313295868679896e+36	3.51351044386813e+36	4.924677428256273e+36	7.02994271427987e+36
785640.908749914	8.380426686383088e+39	4.496646942288248e+35	1.011546776013729e+36	1.9943302365696525e+36	2.864940144926388e+36	4.398022197044042e+36	2.4526620520017113e+37	1.1009389935337511e+38	6.504260566062908e+38	1.7127979828344297e+36	3.160539960974331e+36	4.398022197044042e+36	5.982556651183066e+36
807064.4879501854	7.62215059443461e+39	3.82047158717196e+35	8.804454501573972e+35	1.7714969670916581e+36	2.569140749195831e+36	3.951142580153173e+36	1.6952582664160437e+37	7.344970458552099e+37	4.7581742469782515e+38	1.5146824913830996e+36	2.8398815273224457e+36	3.951142580153173e+36	5.232185608818468e+36
829255.259430613	6.924527175585595e+39	3.231714983564705e+35	7.635740638169788e+35	1.5692653176971094e+36	2.2992866463993412e+36	3.558149853080676e+36	1.2405769654263676e+37	4.999157967145977e+37	3.538160285541391e+38	1.3355252799725968e+36	2.5475807879548513e+36	3.558149853080676e+36	4.654937617444872e+36
852250.8417555876	6.284561289311678e+39	2.7211430759407737e+35	6.597090006294382e+35	1.3860604855594447e+36	2.0530532215460444e+36	3.204154843595371e+36	9.529373757517524e+36	3.4126917210242677e+37	2.5949326547273747e+38	1.1738634464929472e+36	2.2806579404142572e+36	3.204154843595371e+36	4.173694472700317e+36
876091.2730356952	5.697432433558169e+39	2.2802911580115648e+35	5.677198443718205e+35	1.220484925464675e+36	1.828669045460078e+36	2.8824102143745704e+36	7.681478369190727e+36	2.362626759047789e+37	1.878409913388699e+38	1.0283745267151413e+36	2.037072513144015e+36	2.8824102143745704e+36	3.754872606684151e+36
900819.2047929432	5.159315795088082e+39	1.9013580841446658e+35	4.865424718278705e+35	1.0712217047776033e+36	1.6245406881906637e+36	2.588927622217206e+36	6.448531556236312e+36	1.6800015635381182e+37	1.3442410276171879e+38	8.978088145900422e+35	1.8150746357975304e+36	2.588927622217206e+36	3.3809952825942174e+36
926480.1145095573	4.666623173370783e+39	1.5771814435168713e+35	4.151771710484433e+35	9.370276559657278e+35	1.439196226111407e+36	2.3209937047379622e+36	5.575461763438625e+36	1.2409982798554859e+37	9.5353591658825e+37	7.809850522045161e+35	1.613083567977277e+36	2.3209937047379622e+36	3.0428486816278553e+36
953122.5389704215	4.2159895824131726e+39	1.3012115540759758e+35	3.526868978538565e+35	8.167285730405172e+35	1.2712612920141908e+36	2.0764892435190574e+36	4.9120156986416436e+36	9.583498763960845e+36	6.7307093312168e+37	6.767870212170519e+35	1.4296383447837422e+36	2.0764892435190574e+36	2.7352382363513364e+36
980798.3307862604	3.8042622179194744e+39	1.067484383191396e+35	2.981956226846792e+35	7.092153472490782e+35	1.119447070086851e+36	1.85359627821937e+36	4.373595943682191e+36	7.730280934481142e+36	4.752538505152947e+37	5.841606747615105e+35	1.2633762465245472e+36	1.85359627821937e+36	2.4548418083675173e+36
1009562.9408003349	3.4284897656302355e+39	8.705933785447538e+34	2.5088670895867254e+35	6.134406825353204e+35	9.825426012379544e+35	1.6506784322164474e+36	3.9144438916354603e+36	6.467786085540986e+36	3.3785166488390588e+37	5.021116618671378e+35	1.1130213953932528e+36	1.6506784322164474e+36	2.1991993577177912e+36
1039475.7294446351	3.0859120442706287e+39	7.056602581337904e+34	2.1000127015404755e+35	5.284162325041116e+35	8.594087612345017e+35	1.466232175319122e+36	3.5104504828618033e+36	5.558667334401049e+36	2.4351276516231185e+37	4.297031454118381e+35	9.77376962836739e+35	1.466232175319122e+36	1.9662702478216748e+36
1070600.310530173	2.773949981292057e+39	5.683050255106403e+34	1.7483650093957335e+35	4.532101427476276e+35	7.48973176918855e+35	1.2988649138023935e+36	3.1488715320530476e+36	4.861795392051789e+36	1.791373575371178e+37	3.660539025981378e+35	8.553189270453611e+35	1.2988649138023935e+36	1.75425093139881e+36
1103004.9314395047	2.4901958911562542e+39	4.546153120277033e+34	1.4474393592833811e+35	3.869448995056518e+35	6.5022576923998616e+35	1.1472825033102088e+36	2.8225996331840814e+36	4.296399402088296e+36	1.3516380411767565e+37	3.1033661903699495e+35	7.457906567976367e+35	1.1472825033102088e+36	1.561501790660567e+36
1136762.8942495473	2.2324039720400716e+39	3.6111530673520157e+34	1.1912762709273996e+35	3.2879545381075646e+35	5.6221486192937945e+35	1.0102801275626778e+36	2.5272010309632134e+36	3.817537456031948e+36	1.0484117448892009e+37	2.6177634558425558e+35	6.477981568692263e+35	1.0102801275626778e+36	1.3865158994039166e+36
1171953.0229624198	1.9984806721311453e+39	2.8473449721212926e+34	9.744222310302558e+34	2.7798756451561627e+35	4.840437928325642e+35	8.86734593417143e+35	2.259492484424391e+36	3.4004295284121275e+36	8.354963396061712e+36	2.196490664318616e+35	5.604058893510089e+35	8.86734593417143e+35	1.22790265644966e+36
1208660.1827777505	1.7832149357308368e+39	2.2277646225068583e+34	7.919094056339176e+34	2.3379630657930298e+35	4.148679729346085e+35	7.755974695771222e+35	2.0168971982526036e+36	3.030300756599891e+36	6.745888738663671e+36	1.832803314420515e+35	4.827331140191267e+35	7.755974695771222e+35	1.0843765096246499e+36
1246517.3825282266	1.591910609549366e+39	1.6910695949608506e+34	6.282438884462746e+34	1.9301184934482818e+35	3.501453204504515e+35	6.704794239196642e+35	1.7877546109324354e+36	2.6870153319844164e+36	5.599007428141204e+36	1.4992557176302627e+35	4.0982977356033925e+35	6.704794239196642e+35	9.48306994709244e+35
1285559.5792120125	1.4308628469309983e+39	1.274400646557453e+34	4.954457254413681e+34	1.5858094840211324e+35	2.9432992406973772e+35	5.778975289028349e+35	1.583471027145234e+36	2.3833683282627374e+36	4.7126383868733585e+36	1.220209589084647e+35	3.466152390826041e+35	5.778975289028349e+35	8.274771291559134e+35
1325823.9222756622	1.285614957361423e+39	9.531700880228101e+33	3.883097794259817e+34	1.2964478081417096e+35	2.4637048469150604e+35	4.965410668334905e+35	1.4013271049909285e+36	2.114202355361477e+36	4.015898422633486e+36	9.878829989725488e+34	2.9198507549277563e+35	4.965410668334905e+35	7.20321989367661e+35
1367348.7306502943	1.1546821386693874e+39	7.074274101603196e+33	3.024282522187047e+34	1.054507701095963e+35	2.053348777866338e+35	4.2525024936114826e+35	1.238960189851618e+36	1.8753020326811438e+36	3.457871510036385e+36	7.955039976034529e+34	2.449587653039754e+35	4.2525024936114826e+35	6.2546845659917004e+35
1410173.5297054853	1.0367111972393002e+39	5.208798146665729e+33	2.3402008718843224e+34	8.532443174636202e+34	1.7037120054959453e+35	3.629579254428854e+35	1.09424883451915e+36	1.6630681243141705e+36	3.0022198670000336e+36	6.370615755240321e+34	2.0463691448553187e+35	3.629579254428854e+35	5.416623299643919e+35
1454339.0893668856	9.304695152790561e+38	3.803903265517388e+33	1.7988408228837897e+34	6.866943586870112e+34	1.4071123466222662e+35	3.0869378724401127e+35	9.653071029660557e+35	1.4744075449580622e+36	2.6232640869135186e+36	5.072918316009935e+34	1.702053507138194e+35	3.0869378724401127e+35	4.677702887853842e+35
1499887.4634343416	8.348351976959187e+38	2.754511655026999e+33	1.3732829703985335e+34	5.49612404072831e+34	1.1566453013306887e+35	2.6157569661603083e+35	8.504578179104921e+35	1.3066326469208383e+36	2.3029229575918299e+36	4.016109369887107e+34	1.4092901326511493e+35	2.6157569661603083e+35	4.027668814126038e+35
1546862.0301380644	7.487879372711956e+38	1.9772633308039987e+33	1.0410471732978245e+34	4.374091987970854e+34	9.461282824753145e+34	2.2080210665435468e+35	7.482087626925987e+35	1.1573900094188722e+36	2.0284412961106263e+36	3.160505098951318e+34	1.1614630470220155e+35	2.2080210665435468e+35	3.457231887309509e+35
1595307.5339715683	6.71400532070461e+38	1.406582257313905e+33	7.834935066180258e+33	3.460920124779807e+34	7.700475349266993e+34	1.8564540092922663e+35	6.5723145219768766e+35	1.0246084134346999e+36	1.7907410561807234e+36	2.471956802403207e+34	9.526380597315297e+34	1.8564540092922663e+35	2.9579696134139523e+35
1645270.1288413522	6.018310221480387e+38	9.913266230849661e+32	5.852782813515958e+33	2.7220728861680468e+34	6.235073055390854e+34	1.5544600403973444e+35	5.7634221610406995e+35	9.064592812119458e+35	1.5832522703131368e+36	1.9212616213708922e+34	7.7751285515663675e+34	1.5544600403973444e+35	2.5222405855010855e+35
1696797.4225745364	5.393154122877676e+38	6.9196471086632e+32	4.338647892134819e+33	2.127858225112908e+34	5.021809586941523e+34	1.2960712959080453e+35	5.044853803739576e+35	8.013252983250912e+35	1.4011031817530227e+36	1.483606195579499e+34	6.313694803932207e+34	1.2960712959080453e+35	2.1431102154680307e+35
1749938.522827002	4.831609458318476e+38	4.7821741005185745e+32	3.190874114257318e+33	1.6529068249627337e+34	4.022638036663164e+34	1.0759003425341343e+35	4.407183179653529e+35	7.077745015689314e+35	1.2405715329811964e+36	1.1380454962984497e+34	5.100287693382935e+34	1.0759003425341343e+35	1.8142860214964296e+35
1804744.084435921	4.327398966372557e+38	3.271100771358406e+32	2.327670460112404e+33	1.2756812385368677e+34	3.2042760528347943e+34	8.890968232664082e+34	3.841982037591719e+35	6.245382259202586e+35	1.098720312210912e+36	8.670189137543349e+33	4.0980649467001633e+34	8.890968232664082e+34	1.530061068776889e+35
1861266.3582619578	3.87483849933019e+38	2.2137910785796296e+32	1.6837516317311083e+33	9.780173625679518e+33	2.5377689745871256e+34	7.313075891817914e+34	3.341703803332806e+35	5.504920343205794e+35	9.731601437025884e+35	6.559052014765372e+33	3.2747123718443078e+34	7.313075891817914e+34	1.285264569870905e+35
1919559.2415678743	3.468784351747908e+38	1.4818176037778412e+32	1.207430152705244e+33	7.446990367189389e+33	1.9980702466061298e+34	5.986392672434804e+34	2.899580613262742e+35	4.846388488161685e+35	8.61895734409705e+35	4.926163678783373e+33	2.6020374241287392e+34	5.986392672434804e+34	1.0752178769463811e+35
1979678.3299817466	3.1045848666864323e+38	9.806269138559064e+31	8.581252538468919e+32	5.630676032072026e+33	1.563642210623965e+34	4.876231713863308e+34	2.5095336394129252e+35	4.260941027935407e+35	7.632269960422847e+35	3.672310616105723e+33	2.0555803156909481e+34	4.876231713863308e+34	8.956954894133557e+34
2041680.9710945424	2.77803599209951e+38	6.413479889643505e+31	6.0424856037496774e+32	4.22666330959869e+33	1.2160775885562074e+34	3.9518191911611945e+34	2.166094545349932e+35	3.740725316453437e+35	6.756844876306201e+35	2.7166638135027016e+33	1.6142421986291513e+34	3.9518191911611945e+34	7.428897969448949e+34
2105626.3197433925	2.4853405088015815e+38	4.143705341353802e+31	4.214272820142468e+32	3.1491965083451975e+33	9.397432936633121e+33	3.185975352439198e+34	1.864336885844924e+35	3.2787641797791948e+35	5.9798602747808715e+35	1.9938691096533224e+33	1.2599318511650272e+34	3.185975352439198e+34	6.133788723527075e+34
2171575.3950335174	2.2230707063386547e+38	2.6436756306622892e+31	2.9102602912578377e+32	2.3284669797677604e+33	7.214484011664338e+33	2.554810502530774e+34	1.5998169649936818e+35	2.8688524431569125e+35	5.290063580332171e+35	1.4514934136224682e+33	9.772328686771649e+33	2.554810502530774e+34	5.0409699667414185e+34
2239591.139153468	1.988134193548454e+38	1.6648120809805912e+31	1.9892867682278785e+32	1.708075463168686e+33	5.50136269049009e+33	2.0374324807904116e+34	1.3685219939462725e+35	2.5054645439813742e+35	4.677545245728648e+35	1.0478022827892842e+33	7.530912831214051e+33	2.0374324807904116e+34	4.1230698608447856e+34
2309738.4780400675	1.777742677633329e+38	1.034352287267085e+31	1.3454508391064403e+32	1.2428084573565975e+33	4.166023734347765e+33	1.6156681860604532e+34	1.1668256939728873e+35	2.183673873262498e+35	4.133562942181431e+35	7.498464203436916e+32	5.765258112025462e+33	1.6156681860604532e+34	3.3557442310237087e+34
2382084.383951248	1.5893834160836985e+38	6.337547036912183e+30	9.000897789129837e+31	8.967054029100313e+32	3.1323720555622185e+33	1.2737968795430987e+34	9.914493038363027e+34	1.8990809951188743e+35	3.6503959207820305e+35	5.318280994634499e+32	4.3836029069992015e+33	1.2737968795430987e+34	2.717430781132776e+34
2456697.9400068214	1.4207932034856513e+38	3.8275568309439434e+30	5.95372037116951e+31	6.413967447718467e+32	2.3379474373673198e+33	9.982979732089665e+33	8.394281892372891e+34	1.6477514426492386e+35	3.2212226804691154e+35	3.737213266521038e+32	3.3097957588585483e+33	9.982979732089665e+33	2.189117276529482e+34
2533650.4067591387	1.2699346341655454e+38	2.277525260380345e+30	3.892307330287163e+31	4.5468697607471324e+32	1.7318538868124854e+33	7.776122549505936e+33	7.080824323297118e+34	1.4261607587962715e+35	2.8400139084043826e+35	2.601166109695827e+32	2.481081709337256e+33	7.776122549505936e+33	1.7541193644083257e+34
2613015.290857571	1.1349744991543325e+38	1.334548387184027e+30	2.5140151390642917e+31	3.1935878067321743e+32	1.2729271020369251e+33	6.019181853368042e+33	5.949912794677188e+34	1.2311468737839851e+35	2.501439029748329e+35	1.7926359077109393e+32	1.846116044650377e+33	6.019181853368042e+33	1.3978692788043243e+34
2694868.4158727718	1.0142641239294176e+38	7.69694931424115e+29	1.6035825888623335e+31	2.2217330094772265e+32	9.28126965021111e+32	4.629234743208817e+33	4.979705800638503e+34	1.059868562907812e+35	2.200783445229166e+35	1.2228531932410452e+32	1.3631972393583218e+33	4.629234743208817e+33	1.1077144088502974e+34
2779287.9953487846	9.063214955212225e+37	4.3671176511756074e+29	1.0097010258520779e+31	1.5304243313801772e+32	6.711406002040732e+32	3.5367246809923214e+33	4.150527884291472e+34	9.097694290610581e+34	1.933875321785745e+35	8.253980967794393e+31	9.987094515757392e+32	3.5367246809923214e+33	8.727260448715475e+33
2866354.7081532395	8.098150267824837e+37	2.4363353457850826e+29	6.273103790492332e+30	1.0435023240619961e+32	4.81179700860435e+32	2.6836956457319476e+33	3.444690529507883e+34	7.7854667924623705e+34	1.6970207157109515e+35	5.510645935275577e+31	7.25762309958424e+32	2.6836956457319476e+33	6.83518504375701e+33
2956151.776198099	7.235488224365273e+37	1.3357164230701885e+29	3.843842031686188e+30	7.040206907122617e+31	3.419548160348083e+32	2.0221868980252608e+33	2.8463302941332745e+34	6.641241120551804e+34	1.4869462028355319e+35	3.6377165973583585e+31	5.230140198460598e+32	2.0221868980252608e+33	5.320790136958241e+33
3048765.0446057427	6.46449312813668e+37	7.192678812774056e+28	2.3218928322223288e+30	4.698195237758399e+31	2.4080870888099285e+32	1.5127859506508165e+33	2.3412606606901093e+34	5.64628667876937e+34	1.3007480722947816e+35	2.373418861194136e+31	3.736624361352129e+32	1.5127859506508165e+33	4.116086174495387e+33
3144283.064397559	5.775531438631259e+37	3.8021165065629694e+28	1.3819988751986066e+30	3.1000443682012264e+31	1.6799115721828657e+32	1.1233361767960979e+33	1.9168356475787535e+34	4.783701378303289e+34	1.1358475965516173e+35	1.5299087145312673e+31	2.6458837560619035e+32	1.1233361767960979e+33	3.163745683105487e+33
3242797.1777846613	5.15996212710301e+37	1.971844228061898e+28	8.101260378608084e+29	2.0217528456530633e+31	1.1605783677531402e+32	8.277925603019725e+32	1.561823003634171e+34	4.038235385564517e+34	9.89951704064507e+34	9.739202340360451e+30	1.8563494351589133e+32	8.277925603019725e+32	2.4157434065772115e+33
3344401.6061429065	4.610037452544203e+37	1.00272339887865e+28	4.6747960085222646e+29	1.3026815665722035e+31	7.937682467760399e+31	6.052175791154047e+32	1.2662853145949244e+34	3.396137087687462e+34	8.610184264896012e+34	6.120177276782815e+30	1.2900697054756059e+32	6.052175791154047e+32	1.8321130829950283e+33
3449193.5407570004	4.118813170372201e+37	4.996828552811566e+27	2.6541092549271995e+29	8.289338370714033e+30	5.372739216614229e+31	4.3890796399487105e+32	1.0214677512344184e+34	2.8450172050367475e+34	7.472265009933304e+34	3.794880933728536e+30	8.877529673068373e+31	4.3890796399487105e+32	1.3798199437379817e+33
3557273.2364211883	3.6800675303580076e+37	2.4386557755255933e+27	1.4818260522608995e+29	5.20701864867455e+30	3.5977138358496605e+31	3.156427863651673e+32	8.196926500304124e+33	2.373730058498789e+34	6.46949112286869e+34	2.320768192003851e+30	6.047167767807257e+31	3.156427863651673e+32	1.0317484473981901e+33
3668744.10798683	3.2882280237329003e+37	1.1648811947377135e+27	8.131476841796506e+28	3.227433458626575e+30	2.382466262427683e+31	2.2504118313485013e+32	6.542592206821881e+33	1.9722665758618588e+34	5.587307807743293e+34	1.3991551838548277e+30	4.076079148897959e+31	2.2504118313485013e+32	7.657992052490133e+32
3783712.8299500444	2.9383052760719486e+37	5.442696278757744e+26	4.383307247652322e+28	1.9730156763508895e+30	1.5596641464942523e+31	1.590192009561987e+32	5.193487804809609e+33	1.6316581798072375e+34	4.81267286512476e+34	8.31183015469236e+29	2.717740536484203e+31	1.590192009561987e+32	5.640915088832142e+32
3902289.4391755816	2.6258335078074063e+37	2.485811351693671e+26	2.3198311782076714e+28	1.1890777582778409e+30	1.0089489739391185e+31	1.1133475855660368e+32	4.099355541975266e+33	1.3438901417094716e+34	4.133883944834606e+34	4.8631265646383994e+29	1.7917887580405595e+31	1.1133475855660368e+32	4.1226550797431375e+32
4024587.4408561843	2.3468167837653126e+37	1.1090667068620749e+26	1.2047292487396658e+28	7.061435947638104e+29	6.447114565848792e+30	7.720975413172711e+31	3.2170247816479606e+33	1.1018214740990037e+34	3.54042732501511e+34	2.800975704271856e+29	1.167648756820776e+31	7.720975413172711e+31	2.988762968595564e+32
