#t	Le	U	B	V	R	I	J	H	K	g	r	i	z
#----------------------------------------------- 
35.01488599903051	0.0	0.0	0.0	0.0	0.0	0.0	0.0	0.0	0.0	0.0	0.0	0.0	0.0
35.439236197199506	0.0	0.0	0.0	0.0	0.0	0.0	0.0	0.0	0.0	0.0	0.0	0.0	0.0
121.73702169942253	0.0	0.0	0.0	0.0	0.0	0.0	0.0	0.0	0.0	0.0	0.0	0.0	0.0
122.92975591498534	0.0	0.0	0.0	0.0	0.0	0.0	0.0	0.0	0.0	0.0	0.0	0.0	0.0
124.75547522673008	0.0	0.0	0.0	0.0	0.0	0.0	0.0	0.0	0.0	0.0	0.0	0.0	0.0
127.24701170529279	0.0	0.0	0.0	0.0	0.0	0.0	0.0	0.0	0.0	0.0	0.0	0.0	0.0
130.44802516972925	0.0	0.0	0.0	0.0	0.0	0.0	0.0	0.0	0.0	0.0	0.0	0.0	0.0
134.41141121512663	0.0	0.0	0.0	0.0	0.0	0.0	0.0	0.0	0.0	0.0	0.0	0.0	0.0
139.1984002750357	0.0	0.0	0.0	0.0	0.0	0.0	0.0	0.0	0.0	0.0	0.0	0.0	0.0
144.87747972409002	0.0	0.0	0.0	0.0	0.0	0.0	0.0	0.0	0.0	0.0	0.0	0.0	0.0
151.52290078251139	0.0	0.0	0.0	0.0	0.0	0.0	0.0	0.0	0.0	0.0	0.0	0.0	0.0
159.21270266775116	0.0	0.0	0.0	0.0	0.0	0.0	0.0	0.0	0.0	0.0	0.0	0.0	0.0
168.02630254434501	0.0	0.0	0.0	0.0	0.0	0.0	0.0	0.0	0.0	0.0	0.0	0.0	0.0
178.04181182887527	0.0	0.0	0.0	0.0	0.0	0.0	0.0	0.0	0.0	0.0	0.0	0.0	0.0
189.33333459999986	0.0	0.0	0.0	0.0	0.0	0.0	0.0	0.0	0.0	0.0	0.0	0.0	0.0
201.96855277893368	0.0	0.0	0.0	0.0	0.0	0.0	0.0	0.0	0.0	0.0	0.0	0.0	0.0
216.0068816225074	0.0	0.0	0.0	0.0	0.0	0.0	0.0	0.0	0.0	0.0	0.0	0.0	0.0
231.49838675292548	0.0	0.0	0.0	0.0	0.0	0.0	0.0	0.0	0.0	0.0	0.0	0.0	0.0
248.48351714088292	0.0	0.0	0.0	0.0	0.0	0.0	0.0	0.0	0.0	0.0	0.0	0.0	0.0
266.99357067156257	0.0	0.0	0.0	0.0	0.0	0.0	0.0	0.0	0.0	0.0	0.0	0.0	0.0
287.05170999524427	0.0	0.0	0.0	0.0	0.0	0.0	0.0	0.0	0.0	0.0	0.0	0.0	0.0
308.67430556229374	0.0	0.0	0.0	0.0	0.0	0.0	0.0	0.0	0.0	0.0	0.0	0.0	0.0
331.8723957905176	0.0	0.0	0.0	0.0	0.0	0.0	0.0	0.0	0.0	0.0	0.0	0.0	0.0
356.65310132116105	0.0	0.0	0.0	0.0	0.0	0.0	0.0	0.0	0.0	0.0	0.0	0.0	0.0
383.0208889562119	0.0	0.0	0.0	0.0	0.0	0.0	0.0	0.0	0.0	0.0	0.0	0.0	0.0
410.97863427000146	0.0	0.0	0.0	0.0	0.0	0.0	0.0	0.0	0.0	0.0	0.0	0.0	0.0
440.5284719399606	0.0	0.0	0.0	0.0	0.0	0.0	0.0	0.0	0.0	0.0	0.0	0.0	0.0
471.6724493461472	0.0	0.0	0.0	0.0	0.0	0.0	0.0	0.0	0.0	0.0	0.0	0.0	0.0
504.41301254641763	0.0	0.0	0.0	0.0	0.0	0.0	0.0	0.0	0.0	0.0	0.0	0.0	0.0
538.7533331427362	0.0	0.0	0.0	0.0	0.0	0.0	0.0	0.0	0.0	0.0	0.0	0.0	0.0
574.6975404649481	0.0	0.0	0.0	0.0	0.0	0.0	0.0	0.0	0.0	0.0	0.0	0.0	0.0
612.2508728988479	0.0	0.0	0.0	0.0	0.0	0.0	0.0	0.0	0.0	0.0	0.0	0.0	0.0
651.4197705058086	0.0	0.0	0.0	0.0	0.0	0.0	0.0	0.0	0.0	0.0	0.0	0.0	0.0
692.2119281359418	0.0	0.0	0.0	0.0	0.0	0.0	0.0	0.0	0.0	0.0	0.0	0.0	0.0
734.6363197882828	0.0	0.0	0.0	0.0	0.0	0.0	0.0	0.0	0.0	0.0	0.0	0.0	0.0
778.7032044993475	0.0	0.0	0.0	0.0	0.0	0.0	0.0	0.0	0.0	0.0	0.0	0.0	0.0
824.4241106414753	0.0	0.0	0.0	0.0	0.0	0.0	0.0	0.0	0.0	0.0	0.0	0.0	0.0
871.8118174965522	0.0	0.0	0.0	0.0	0.0	0.0	0.0	0.0	0.0	0.0	0.0	0.0	0.0
920.8803299928173	0.0	0.0	0.0	0.0	0.0	0.0	0.0	0.0	0.0	0.0	0.0	0.0	0.0
971.6448589905167	0.0	0.0	0.0	0.0	0.0	0.0	0.0	0.0	0.0	0.0	0.0	0.0	0.0
1024.1217860727158	0.0	0.0	0.0	0.0	0.0	0.0	0.0	0.0	0.0	0.0	0.0	0.0	0.0
1078.3286403431066	0.0	0.0	0.0	0.0	0.0	0.0	0.0	0.0	0.0	0.0	0.0	0.0	0.0
1134.284074305661	0.0	0.0	0.0	0.0	0.0	0.0	0.0	0.0	0.0	0.0	0.0	0.0	0.0
1192.0078445549848	0.0	0.0	0.0	0.0	0.0	0.0	0.0	0.0	0.0	0.0	0.0	0.0	0.0
1251.5207913192248	0.0	0.0	0.0	0.0	0.0	0.0	0.0	0.0	0.0	0.0	0.0	0.0	0.0
1312.844826908509	0.0	0.0	0.0	0.0	0.0	0.0	0.0	0.0	0.0	0.0	0.0	0.0	0.0
1376.0029257278118	0.0	0.0	0.0	0.0	0.0	0.0	0.0	0.0	0.0	0.0	0.0	0.0	0.0
1441.0191177904042	0.0	0.0	0.0	0.0	0.0	0.0	0.0	0.0	0.0	0.0	0.0	0.0	0.0
1507.918484442494	0.0	0.0	0.0	0.0	0.0	0.0	0.0	0.0	0.0	0.0	0.0	0.0	0.0
1576.7271564357775	0.0	0.0	0.0	0.0	0.0	0.0	0.0	0.0	0.0	0.0	0.0	0.0	0.0
1647.4723157670933	0.0	0.0	0.0	0.0	0.0	0.0	0.0	0.0	0.0	0.0	0.0	0.0	0.0
1720.1822000259526	0.0	0.0	0.0	0.0	0.0	0.0	0.0	0.0	0.0	0.0	0.0	0.0	0.0
1794.8861097806089	0.0	0.0	0.0	0.0	0.0	0.0	0.0	0.0	0.0	0.0	0.0	0.0	0.0
1871.614419529356	0.0	0.0	0.0	0.0	0.0	0.0	0.0	0.0	0.0	0.0	0.0	0.0	0.0
1950.3985893342228	0.0	0.0	0.0	0.0	0.0	0.0	0.0	0.0	0.0	0.0	0.0	0.0	0.0
2031.2711787197447	0.0	0.0	0.0	0.0	0.0	0.0	0.0	0.0	0.0	0.0	0.0	0.0	0.0
2114.2658641523244	0.0	0.0	0.0	0.0	0.0	0.0	0.0	0.0	0.0	0.0	0.0	0.0	0.0
2199.4174579636538	0.0	0.0	0.0	0.0	0.0	0.0	0.0	0.0	0.0	0.0	0.0	0.0	0.0
2286.761929793891	0.0	0.0	0.0	0.0	0.0	0.0	0.0	0.0	0.0	0.0	0.0	0.0	0.0
2376.3364305066034	0.0	0.0	0.0	0.0	0.0	0.0	0.0	0.0	0.0	0.0	0.0	0.0	0.0
2468.179317452586	0.0	0.0	0.0	0.0	0.0	0.0	0.0	0.0	0.0	0.0	0.0	0.0	0.0
2562.3301819429703	0.0	0.0	0.0	0.0	0.0	0.0	0.0	0.0	0.0	0.0	0.0	0.0	0.0
2658.829878520185	0.0	0.0	0.0	0.0	0.0	0.0	0.0	0.0	0.0	0.0	0.0	0.0	0.0
2757.7205584823655	0.0	0.0	0.0	0.0	0.0	0.0	0.0	0.0	0.0	0.0	0.0	0.0	0.0
2859.045703393699	0.0	0.0	0.0	0.0	0.0	0.0	0.0	0.0	0.0	0.0	0.0	0.0	0.0
2962.850161186951	5.947964910624516e+29	3.333708397209165e+27	1.8892207403688218e+27	9.971230435122449e+26	6.436739432103318e+26	3.4900091768306014e+26	8.8719634181899e+25	4.380603903474109e+25	1.6586179377001719e+25	1.1716351585905496e+27	5.636260953374476e+26	3.4900091768306014e+26	2.30857642169727e+26
3069.1801852638173	4.7135362197656053e+30	2.888577617830999e+28	1.6388625329840395e+28	8.658710053051691e+27	5.592641149032706e+27	3.034314059655812e+27	7.721415880212746e+26	3.813883309458259e+26	1.4445756268568525e+26	1.0171732835941245e+28	4.897891358202294e+27	3.034314059655812e+27	2.0078714382119305e+27
3178.083475700243	4.373538526805724e+31	2.9335899479204994e+29	1.6664282640285152e+29	8.813817296796448e+28	5.696217251569272e+28	3.0926225076532437e+28	7.878219029003837e+27	3.892801180986227e+27	1.4750382608611942e+27	1.0351394190441115e+29	4.989408486891794e+28	3.0926225076532437e+28	2.0472347518299963e+28
3289.609221808516	3.29883240321511e+32	2.414788831113816e+30	1.3734010923239886e+30	7.271823335111969e+29	4.702463458976259e+29	2.5548386553408824e+29	6.515241272763464e+28	3.2205402485917893e+28	1.2207824663634975e+28	8.538287964259983e+29	4.11963263380807e+29	2.5548386553408824e+29	1.6918817983030174e+29
3403.8081483778674	2.1090760631593635e+33	1.6861056284058446e+31	9.601936416084675e+30	5.089731529834597e+30	3.293430095540596e+30	1.79059623056413e+30	4.571423297123627e+29	2.260585782563423e+29	8.57247958108808e+28	5.974617438582506e+30	2.8857271142594365e+30	1.79059623056413e+30	1.1862534041306519e+30
3520.7325627365785	1.2327799219891446e+34	1.0326722039350959e+32	5.884907992762661e+31	3.121353235520842e+31	2.0204329174027505e+31	1.098912676852841e+31	2.80725614861332e+30	1.388496760012759e+30	5.266548557550192e+29	3.663506460744647e+31	1.7704816556370982e+31	1.098912676852841e+31	7.281776862526146e+30
3640.4364053208956	6.186149425559824e+34	5.4908894950640225e+32	3.131873594643942e+32	1.662440474815029e+32	1.0765521391144527e+32	5.8582590672111075e+31	1.4976941377532902e+31	7.409758377398355e+30	2.8112953742545254e+30	1.9508443120289205e+32	9.434805992928842e+31	5.8582590672111075e+31	3.8829543829393473e+31
3762.9753062294994	2.848055647986996e+35	2.6075731126510847e+33	1.4880166450733315e+33	7.90195305454441e+32	5.118299166088359e+32	2.7859691648820866e+32	7.125476452666172e+31	3.5258123992607694e+31	1.3379124670612618e+31	9.271898121367154e+32	4.4859181235610424e+32	2.7859691648820866e+32	1.8468652299167304e+32
3888.4066403895963	1.140677559505468e+36	1.096038726703919e+34	6.259355691707825e+33	3.326205154934578e+33	2.1552726991994118e+33	1.1736493736604171e+33	3.0037639303110285e+32	1.4866645781116936e+32	5.642688376745752e+31	3.9022602075908666e+33	1.889173677223238e+33	1.1736493736604171e+33	7.782165984925433e+32
4016.789586487843	4.041474410613662e+36	4.1254428042931307e+34	2.3583084092477218e+34	1.2542821984722695e+34	8.131225787224464e+33	4.4302662757498186e+33	1.1348238222818888e+33	5.61831537875971e+32	2.133109037858532e+32	1.4712164185357933e+34	7.128235402243547e+33	4.4302662757498186e+33	2.9384896294221386e+33
4148.185186493021	1.299113318865836e+37	1.4096717249316366e+35	8.066596530503559e+34	4.294120109494851e+34	2.785160024564587e+34	1.5183444456620788e+34	3.8927230716394776e+33	1.9278192780031595e+33	7.321699320997637e+32	5.035776285744491e+34	2.4419377271511234e+34	1.5183444456620788e+34	1.0073993059522616e+34
4282.656410061216	3.790681769649657e+37	4.39709364037631e+35	2.519038286023537e+35	1.34231818067348e+35	8.711098147998168e+34	4.751922932137936e+34	1.2195056492175775e+34	6.041546145611813e+33	2.2953505396107059e+33	1.5737935474269113e+35	7.638760195110274e+34	4.751922932137936e+34	3.1539469181153755e+34
4420.268222015828	1.0203688535348243e+38	1.2644486739955738e+36	7.252317396182e+35	3.868501717692964e+35	2.5119226814944296e+35	1.3711476431643778e+35	3.522392139933522e+34	1.745645869776912e+34	6.634606110382291e+33	4.5345397994064406e+35	2.2030431469640546e+35	1.3711476431643778e+35	9.103862289214025e+34
4561.0876524497835	2.5364492633559274e+38	3.368030712005985e+36	1.9341827685762203e+36	1.0328639468503038e+36	6.710756716769734e+35	3.665661899966294e+35	9.427102607705045e+34	4.673717520563647e+34	1.777016319447821e+34	1.2103858723329341e+36	5.886540035616972e+35	3.665661899966294e+35	2.4347940227843937e+35
4705.183871118998	5.890318621026962e+38	8.3731846881024e+36	4.814680834171249e+36	2.573954221457046e+36	1.6733949611750437e+36	9.147179620204473e+35	2.3550100437929285e+35	1.1680065913660695e+35	4.442697565837438e+34	3.01557421893159e+36	1.4681150964970644e+36	9.147179620204473e+35	6.0781030083672185e+35
4852.628264650362	1.2794638407394821e+39	1.950575753299674e+37	1.1231241161001717e+37	6.011422412977966e+36	3.910747222444042e+36	2.1393116602280054e+36	5.514253267240811e+35	2.736006135548434e+35	1.041119883867773e+35	7.040904250638147e+36	3.431615725553101e+36	2.1393116602280054e+36	1.422118306935314e+36
5003.494517182892	2.6220588130007886e+39	4.28316322114509e+37	2.469611699083645e+37	1.3234383941407606e+37	8.615413850541678e+36	4.716519985967389e+36	1.2171664581314759e+36	6.0417267471192084e+35	2.300011009638579e+35	1.5496541745222657e+37	7.561251065111609e+36	4.716519985967389e+36	3.1366586257004146e+36
5157.858695191805	5.074286465397563e+39	8.89264561923109e+37	5.134816290418214e+37	2.755194113229399e+37	1.7948539308394905e+37	9.83382327027275e+36	2.540924686495156e+36	1.2618056726992231e+36	4.805686906353656e+35	3.225203046242625e+37	1.5755390501703451e+37	9.83382327027275e+36	6.542760167921979e+36
5315.799338080959	9.33136570141729e+39	1.753354123854941e+38	1.0139313163247968e+38	5.447546894630174e+37	3.5513163420624084e+37	1.9473241111624736e+37	5.0380286132104984e+36	2.5029661063381778e+36	9.53709811685703e+35	6.374948972985387e+37	3.1179837075318187e+37	1.9473241111624736e+37	1.2962063851993449e+37
5477.397550657073	1.6306378873631621e+40	3.2894698486042527e+38	1.905215050000619e+38	1.0250173870875677e+38	6.687245561188933e+37	3.6700339182124876e+37	9.507660093461361e+36	4.7257572885384715e+36	1.8015276293423105e+36	1.199143347013111e+38	5.872466387341926e+37	3.6700339182124876e+37	2.444068705414935e+37
5642.737102014012	2.7182279940297173e+40	5.888281547679591e+38	3.4159465281319996e+38	1.8404108430671914e+38	1.2016286412698124e+38	6.600552794846848e+37	1.712321820192238e+37	8.515175309532518e+36	3.247719066253509e+36	2.1523548000384204e+38	1.0554447429797886e+38	6.600552794846848e+37	4.397829265184298e+37
5811.904528577818	4.3015657479535653e+40	1.0050593994457552e+39	5.8410262253021475e+38	3.1518871658773146e+38	2.059677194349721e+38	1.1324904213070308e+38	2.942387887749046e+37	1.4639930239057739e+37	5.586760648600486e+36	3.684809083511945e+38	1.8095284637003134e+38	1.1324904213070308e+38	7.549676841888628e+37
5984.989242463437	7.080409017183617e+40	1.687271665544802e+39	9.810449988031536e+38	5.2960364014524115e+38	3.461615109521001e+38	1.9038265313970742e+38	4.948441667995479e+37	2.462458664361983e+37	9.398376080442744e+36	6.190904146234864e+38	3.041388728394035e+38	1.9038265313970742e+38	1.2693574708094653e+38
6162.083643902328	1.0333980173474353e+41	2.6421516674598534e+39	1.5389171230952482e+39	8.320239593624649e+38	5.442843478541301e+38	2.996313339166561e+38	7.799533267692952e+37	3.88322754553024e+37	1.4828782781497952e+37	9.722739190560666e+38	4.783183790494626e+38	2.996313339166561e+38	1.998814533635625e+38
6343.2832398317805	1.4688816411282893e+41	3.9803214587994225e+39	2.321761987184703e+39	1.2568952527785657e+39	8.228058600133584e+38	4.533253016339613e+38	1.181505685140276e+38	5.885050442617229e+37	2.248315481171561e+37	1.468330840345255e+39	7.232227025687146e+38	4.533253016339613e+38	3.0254483712633437e+38
6528.686768123253	1.9326729775372572e+41	5.667474115621176e+39	3.3127716640797525e+39	1.796637993158651e+39	1.177312238454215e+39	6.493772719367715e+38	1.6954560072467033e+38	8.45020851397552e+37	3.2303299508815545e+37	2.098001104013212e+39	1.0351027472311406e+39	6.493772719367715e+38	4.336603706762755e+38
6718.396329037821	2.439443881245815e+41	7.715116551535906e+39	4.518992903738023e+39	2.4552364401964734e+39	1.610475551260932e+39	8.893008168816533e+38	2.325923475471664e+38	1.1599532431513401e+38	4.437004065519178e+37	2.8658929659212756e+39	1.4163226738604312e+39	8.893008168816533e+38	5.942538965795245e+38
6912.517521843666	2.8678553031234675e+41	9.936755177452023e+39	5.835441307347197e+39	3.177680087335571e+39	2.086946995220962e+39	1.154039753114252e+39	3.024952739360386e+38	1.5097157498693627e+38	5.779404719074586e+37	3.707253454895513e+39	1.8359703523627858e+39	1.154039753114252e+39	7.717634308060009e+38
7111.159589065514	3.222391797619108e+41	1.222053875590696e+40	7.195990660709421e+39	3.9277772435590155e+39	2.582898411041437e+39	1.430383442455896e+39	3.757794349412701e+38	1.8769464416200355e+38	7.190998587968073e+37	4.579905529294093e+39	2.273069815855775e+39	1.430383442455896e+39	9.573426641343741e+38
7314.4355656963735	3.400990161981972e+41	1.4282872750486444e+40	8.437347191682655e+39	4.61818693346402e+39	3.041547706679098e+39	1.6873014076239475e+39	4.444631424500778e+38	2.222077427758424e+38	8.521367387832438e+37	5.381528512316647e+39	2.6778064439633063e+39	1.6873014076239475e+39	1.130377785702117e+39
7522.462437734764	3.4622811139614395e+41	1.6054975251157173e+40	9.515332290513388e+39	5.2230846186387806e+39	3.445305299005357e+39	1.9146746888216704e+39	5.057368970933112e+38	2.5308161915974134e+38	9.714744609992376e+37	6.082461350980837e+39	3.0345570544239164e+39	1.9146746888216704e+39	1.283957717559886e+39
7735.361313259529	3.3724120304224248e+41	1.737535356606396e+40	1.033586674892799e+40	5.691648924084811e+39	3.7609543061624856e+39	2.0942416858162554e+39	5.548604374576672e+38	2.7795899249187607e+38	1.0681232317246205e+38	6.623299536385241e+39	3.314138877619967e+39	2.0942416858162554e+39	1.405911270740311e+39
7953.258066445832	3.0683919157673622e+41	1.802715472209921e+40	1.0776409971822242e+40	5.959577814670647e+39	3.947176346111408e+39	2.203745435002646e+39	5.862489810623597e+38	2.940972298605674e+38	1.1317610849821098e+38	6.928365399280742e+39	3.480423468673769e+39	2.203745435002646e+39	1.4815781169982957e+39
8176.2866834499655	3.604357703649645e+41	2.034499352240411e+40	1.2143181979711549e+40	6.706429155964707e+39	4.4385805042551984e+39	2.4760435768041567e+39	6.578457738737484e+38	3.298682333081669e+38	1.2688444020059909e+38	7.799004549249013e+39	3.912945164444918e+39	2.4760435768041567e+39	1.6638820948607937e+39
8404.587211986998	3.4001778720971773e+41	2.1052355862142502e+40	1.2610571560324769e+40	6.986254262127972e+39	4.6316398290909984e+39	2.5887173132321257e+39	6.89819073880345e+38	3.4625571397023675e+38	1.3332702953547368e+38	8.118671374607608e+39	4.085013281166373e+39	2.5887173132321257e+39	1.7414437503687344e+39
8638.302901684505	3.3837815695889003e+41	2.219481895426853e+40	1.332612407157968e+40	7.397670769280182e+39	4.909830450163087e+39	2.747648077554672e+39	7.335817792102384e+38	3.684683217778041e+38	1.4197647396843377e+38	8.592808055425122e+39	4.3316660145441995e+39	2.747648077554672e+39	1.84963495012019e+39
8879.389359660945	3.1873676370627177e+41	2.2868961927890306e+40	1.3783122447371056e+40	7.676532114171486e+39	5.104043818351724e+39	2.862128884357423e+39	7.665269231967616e+38	3.8543088162065376e+38	1.486750889629686e+38	8.91006664708316e+39	4.505184695150534e+39	2.862128884357423e+39	1.928851026025136e+39
9128.264093729227	3.11426723445711e+41	2.399079503708368e+40	1.4505213081016185e+40	8.100896477383892e+39	5.394259325872547e+39	3.029989385860637e+39	8.135900327840862e+38	4.0946255012216735e+38	1.5808906738277996e+38	9.396760958718462e+39	4.7632687666184136e+39	3.029989385860637e+39	2.0438771519149833e+39
9385.21359039642	2.975166159926474e+41	2.508676562968466e+40	1.5232013623139875e+40	8.537866110669134e+39	5.696526586944782e+39	3.206960859031999e+39	8.640728741788135e+38	4.3538594433382286e+38	1.683006462265169e+38	9.895433477620516e+39	5.032869525653951e+39	3.206960859031999e+39	2.1659233799622306e+39
9650.463331725594	2.9178144316821587e+41	2.6639393926038806e+40	1.623859941216117e+40	9.133090740580791e+39	6.104955418649309e+39	3.444086905664249e+39	9.30937280891117e+38	4.695956545874131e+38	1.8172827417546023e+38	1.0577128509755903e+40	5.3964056874241055e+39	3.444086905664249e+39	2.3287487475690218e+39
9924.37730972773	2.8819193398192194e+41	2.846557499290701e+40	1.742430500210304e+40	9.835296728488149e+39	6.587223632424986e+39	3.7243799672510286e+39	1.010109104879325e+39	5.101269074371687e+38	1.9764716523288643e+38	1.1381057376833862e+40	5.825771810264033e+39	3.7243799672510286e+39	2.5213313817823773e+39
10207.215486612082	3.255546071191887e+41	3.2296500892928256e+40	1.9770062330651812e+40	1.1159668387154955e+40	7.47430902479851e+39	4.2259757748201906e+39	1.1461617509284518e+39	5.788377978102144e+38	2.2426938806620005e+38	1.2913505627118318e+40	6.610331773155298e+39	4.2259757748201906e+39	2.860914573989354e+39
10496.353630267287	3.2118155561188104e+41	3.4775561468281072e+40	2.1390039065735255e+40	1.2124122187516294e+40	8.13851968166831e+39	4.6131895513473405e+39	1.2560277590770912e+39	6.35167681990082e+38	2.4642677412519166e+38	1.4016376941200128e+40	7.202115922212676e+39	4.6131895513473405e+39	3.1273958603641505e+39
10792.013608476216	3.246186076384186e+41	3.7714449210103186e+40	2.32931416541335e+40	1.3249562860609735e+40	8.91107264611965e+39	5.0620352219675833e+39	1.3827883736343575e+39	7.00064071707528e+38	2.7191736279614524e+38	1.5305194191118865e+40	7.889852257231084e+39	5.0620352219675833e+39	3.435753388763805e+39
11094.424187387953	3.1613780155841847e+41	4.010952103145766e+40	2.4907425529316754e+40	1.423421367481134e+40	9.597630778878494e+39	5.467650172416506e+39	1.5001090862237786e+39	7.605978147809027e+38	2.9587813273042752e+38	1.642517977881197e+40	8.50353171740334e+39	5.467650172416506e+39	3.7168768596349236e+39
11403.821628718717	3.1197679587952355e+41	4.2727360542041316e+40	2.6665502956356437e+40	1.5304271870132508e+40	1.0343096468177326e+40	5.907735323779895e+39	1.627302317253216e+39	8.262142111544307e+38	3.2184734016571154e+38	1.764282311951185e+40	9.16973238199686e+39	5.907735323779895e+39	4.0217916114794177e+39
11720.45095246507	3.0193506324507192e+41	4.492117854665951e+40	2.819752969893892e+40	1.6264337833607322e+40	1.1021641475836297e+40	6.314447873080526e+39	1.7473809044681393e+39	8.88586554031708e+38	3.466992004237762e+38	1.8728441202123378e+40	9.778390080142416e+39	6.314447873080526e+39	4.3058212642712106e+39
12046.523939968643	3.247377070635894e+41	4.929996039775003e+40	3.098797082006293e+40	1.7894484565566813e+40	1.2133864761089315e+40	6.956503446539793e+39	1.9270869147754286e+39	9.803247502520393e+38	3.826318411682327e+38	2.0600189451036313e+40	1.0766948977377041e+40	6.956503446539793e+39	4.745444624783997e+39
12381.217509630247	3.204217519897114e+41	5.211360704568077e+40	3.2915629379510566e+40	1.9086520957797096e+40	1.29711208718052e+40	7.455180284646031e+39	2.0730828859510652e+39	1.055962749093983e+39	4.126943483834815e+38	2.1951891271367947e+40	1.1516789617520379e+40	7.455180284646031e+39	5.09258957366461e+39
12727.03295618129	3.238556617929235e+41	5.537204826471181e+40	3.5109546484603507e+40	2.0426455475657678e+40	1.3906702680975197e+40	8.009053200483075e+39	2.233922622656694e+39	1.1390805276776938e+39	4.4564939319961425e+38	2.3475313343160347e+40	1.2353431544164101e+40	8.009053200483075e+39	5.476974704886791e+39
13084.077631593686	3.1759531129563364e+41	5.800759450036007e+40	3.697999106375652e+40	2.1614599835678455e+40	1.4752535677779937e+40	8.520117391223729e+39	2.3866233326159484e+39	1.2187175240876342e+39	4.775083596879394e+38	2.481474740991518e+40	1.3113610097822847e+40	8.520117391223729e+39	5.835430195701054e+39
13451.944673772656	3.1159903505664134e+41	6.083994843001252e+40	3.900714753469743e+40	2.291087387841169e+40	1.5678492158309293e+40	9.08165752154631e+39	2.5553015737376084e+39	1.3068416612319859e+39	5.128239899201024e+38	2.627394356845211e+40	1.394654216126216e+40	9.08165752154631e+39	6.230059654285857e+39
13831.851595995686	3.030757491352463e+41	6.341065664920296e+40	4.0913148725711507e+40	2.4160804015532476e+40	1.6582257137190866e+40	9.636693221967161e+39	2.724940487012648e+39	1.395956095716927e+39	5.487280393824545e+38	2.7673427369342207e+40	1.4762042881449733e+40	9.636693221967161e+39	6.62265369556281e+39
14224.083756171794	3.2473246675077067e+41	6.926481520250345e+40	4.477240522586193e+40	2.648137768350778e+40	1.8190328031553993e+40	1.0581245232642233e+40	2.9963146369651506e+39	1.5357264934845278e+39	6.039661334820551e+38	3.032061216998298e+40	1.6197273711151116e+40	1.0581245232642233e+40	7.275542264762101e+39
14629.234004075457	3.3039182461700775e+41	7.394592478566776e+40	4.800127910141961e+40	2.8493378930128035e+40	1.9610151546498925e+40	1.1431698137897517e+40	3.247600137130777e+39	1.666341856314134e+39	6.560552477186951e+38	3.2597878557967293e+40	1.747053312533267e+40	1.1431698137897517e+40	7.869490308839643e+39
15046.23983833055	3.232086592200699e+41	7.721175380629834e+40	5.045925086327053e+40	3.0125064988635253e+40	2.0797487846405416e+40	1.2165990710883389e+40	3.474331120230431e+39	1.7858526533345568e+39	7.043686478512466e+38	3.4419844268654577e+40	1.854371761931266e+40	1.2165990710883389e+40	8.390821524341669e+39
15473.131765011607	3.1686015205378062e+41	8.078631841661419e+40	5.316745808900855e+40	3.193286169183364e+40	2.2116852741120824e+40	1.2984593388040493e+40	3.728314205509847e+39	1.9199436603697658e+39	7.586632167459773e+38	3.64359476451044e+40	1.9737171373337732e+40	1.2984593388040493e+40	8.973030660311101e+39
15910.330250555802	3.084349310790464e+41	8.396698534666168e+40	5.568738591750419e+40	3.3666969650362635e+40	2.340064021352956e+40	1.379281853728354e+40	3.9840555303997986e+39	2.0557948696059807e+39	8.139980344284324e+38	3.8357542211755777e+40	2.0902650000854894e+40	1.379281853728354e+40	9.55212899833123e+39
16358.270626410747	3.2836371628614114e+41	9.12963117090686e+40	6.071386275280446e+40	3.6792074623434216e+40	2.5605236877509536e+40	1.5113718061716746e+40	4.374963119568975e+39	2.2591502342227672e+39	8.951727295233187e+38	4.189577510312522e+40	2.287968967073041e+40	1.5113718061716746e+40	1.0475021684470488e+40
16817.416480430395	3.3449861410780198e+41	9.726790950628112e+40	6.501384468482464e+40	3.956689818796409e+40	2.759941736363827e+40	1.633225970068178e+40	4.74565239746176e+39	2.4537005163332642e+39	9.735070410474803e+38	4.501210498474984e+40	2.4676656446451337e+40	1.633225970068178e+40	1.1335157647114553e+40
17288.254236262892	3.2347661259747402e+41	1.0033229580912246e+41	6.763598880141829e+40	4.146288167376003e+40	2.903509664751472e+40	1.725686819715856e+40	5.047174628310349e+39	2.615370877625705e+39	1.0399516451387209e+39	4.70916855319297e+40	2.5987431252796074e+40	1.725686819715856e+40	1.200524741069723e+40
17771.29228853554	3.1733419163698577e+41	1.040182817738331e+41	7.068097301486826e+40	4.362507004872556e+40	3.066111268637558e+40	1.8297815686254486e+40	5.384470015812537e+39	2.795929734050251e+39	1.1140556901494853e+39	4.947136891621697e+40	2.746963677013305e+40	1.8297815686254486e+40	1.2757668664877905e+40
18267.056141256726	3.0653050576147806e+41	1.0669610668861045e+41	7.31744941364127e+40	4.552240136276043e+40	3.21308443188055e+40	1.9266017436128074e+40	5.709757537397856e+39	2.9719493408570374e+39	1.1870373870436378e+39	5.153089973251062e+40	2.881912132154423e+40	1.9266017436128074e+40	1.3467328759784508e+40
18776.089974272683	3.2560791599446088e+41	1.1526255875460656e+41	7.929190212018435e+40	4.945898589262896e+40	3.4959605819578434e+40	2.0996023890338677e+40	6.237626992422265e+39	3.24938844203506e+39	1.2989264641925284e+39	5.595341321556247e+40	3.136842793787237e+40	2.0996023890338677e+40	1.4689556776790267e+40
19298.96484545742	3.276030195375858e+41	1.211330672439285e+41	8.388356958368102e+40	5.261604288899363e+40	3.7301994964448045e+40	2.2476834081776826e+40	6.710323601469185e+39	3.501371450002467e+39	1.4019490054452732e+39	5.945031470249314e+40	3.349675207824778e+40	2.2476834081776826e+40	1.5753615133813957e+40
19836.28004332475	3.1937785020646457e+41	1.243189658471075e+41	8.689038410711463e+40	5.493497587489362e+40	3.91119765626282e+40	2.367945142192971e+40	7.119609467029416e+39	3.723803762304418e+39	1.4945719467053265e+39	6.195962074360407e+40	3.516205694734831e+40	2.367945142192971e+40	1.6639227436617098e+40
20388.66317049566	3.0940635377425384e+41	1.2690552734256483e+41	8.959256205264978e+40	5.713075266310114e+40	4.086288077057789e+40	2.486658477662869e+40	7.533902669556882e+39	3.950630344920368e+39	1.589685069279824e+39	6.431164209532531e+40	3.6781337927269695e+40	2.486658477662869e+40	1.7521981615785733e+40
20956.773007860644	3.2431212247035313e+41	1.35548794902877e+41	9.610208666181951e+40	6.15080209019602e+40	4.408181710847524e+40	2.688567529796759e+40	8.173167306332708e+39	4.2907416194962566e+39	1.728516131669975e+39	6.918118263623889e+40	3.9700063598067e+40	2.688567529796759e+40	1.8967876017981449e+40
21544.171579004396	3.237657343185336e+41	1.408502338796805e+41	1.006339418378828e+41	6.482860414002626e+40	4.662257229269694e+40	2.8544218604740336e+40	8.726504218040178e+39	4.5898667899170516e+39	1.8524850062313662e+39	7.280956417515407e+40	4.2026922956127976e+40	2.8544218604740336e+40	2.0179485874426573e+40
22148.682236762423	3.141640862691257e+41	1.4309839582260797e+41	1.0334946116764736e+41	6.719725420716108e+40	4.856750317700058e+40	2.9900661956431013e+40	9.21727352544223e+39	4.86150604115533e+39	1.9675754330116916e+39	7.531197963293392e+40	4.383853975134181e+40	2.9900661956431013e+40	2.1202174086696842e+40
22771.063419154885	3.2324091465755743e+41	1.509394797990556e+41	1.0967491031052897e+41	7.168165266146148e+40	5.195381742583776e+40	3.2085363511407066e+40	9.936834670087574e+39	5.249210165129986e+39	2.127797049137405e+39	8.024354658166153e+40	4.693023731754211e+40	3.2085363511407066e+40	2.2789792696518397e+40
23412.124119876564	3.1566300976956703e+41	1.537699278574978e+41	1.1294118376158915e+41	7.449788640199325e+40	5.42616194344249e+40	3.3694481902416774e+40	1.0520255678583257e+40	5.57250556607849e+39	2.264953316110596e+39	8.322341283900694e+40	4.907937626815476e+40	3.3694481902416774e+40	2.4003580545752327e+40
24072.71444480384	3.1177901387281452e+41	1.5727432761172792e+41	1.1668926702603178e+41	7.764324310898251e+40	5.681865860942653e+40	3.5467462460391477e+40	1.116052819280441e+40	5.927120005606787e+39	2.4153644576487742e+39	8.656642879038831e+40	5.145678138604572e+40	3.5467462460391477e+40	2.533837255057358e+40
24753.722762460002	3.0330756611200576e+41	1.5904725109540714e+41	1.1941314633240379e+41	8.026822527786462e+40	5.90617033386494e+40	3.709255951678865e+40	1.1777771457694323e+40	6.273811839909809e+39	2.564319169443995e+39	8.92875571283763e+40	5.356635021480661e+40	3.709255951678865e+40	2.65866273072742e+40
25456.087901248302	3.146750992768634e+41	1.6780034612117953e+41	1.2673530305118018e+41	8.563196844086699e+40	6.318575066386907e+40	3.980782952208708e+40	1.269975431474254e+40	6.7756788766718e+39	2.773833431342077e+39	9.51420778857049e+40	5.734993367270626e+40	3.980782952208708e+40	2.858176331184934e+40
26180.813524418405	3.120931829761188e+41	1.7202123018734853e+41	1.3130637044975205e+41	8.95183298495607e+40	6.636865401066636e+40	4.203334600584462e+40	1.3513592415944219e+40	7.228306322714038e+39	2.9666099629409316e+39	9.926009339685534e+40	6.031516694496815e+40	4.203334600584462e+40	3.0264912687097886e+40
26928.983513633226	3.044426995650316e+41	1.7305633898175344e+41	1.3377848239894384e+41	9.220810125833789e+40	6.876858942851937e+40	4.3841708398387715e+40	1.4233992359213574e+40	7.638623261730264e+39	3.145224666182829e+39	1.0198910688252778e+41	6.259525599894823e+40	4.3841708398387715e+40	3.16799459006231e+40
27701.732868033374	3.0955790636039202e+41	1.7976728235910865e+41	1.4016537700792137e+41	9.732315428880028e+40	7.2870012517083225e+40	4.665999652629456e+40	1.5247090443828308e+40	8.199842501857222e+39	3.383475513334178e+39	1.074682568123819e+41	6.6398258186634e+40	4.665999652629456e+40	3.379595519668153e+40
28500.273719812743	3.0862300539163015e+41	1.83300642368135e+41	1.4446264968980763e+41	1.0125116937249341e+41	7.619832341471103e+40	4.907052991703349e+40	1.617223357092469e+40	8.72227748658955e+39	3.6092865314075926e+39	1.115678178843947e+41	6.952597806056459e+40	4.907052991703349e+40	3.5652303384118454e+40
29325.911865001606	3.149219695230393e+41	1.9024081250232167e+41	1.5121956462045151e+41	1.0677604423813439e+41	8.067941985623042e+40	5.218967725502731e+40	1.7315246331558996e+40	9.359519004972896e+39	3.8815199249890435e+39	1.1745783269659413e+41	7.369387169730723e+40	5.218967725502731e+40	3.801065924184489e+40
30180.02864402344	3.062557887977198e+41	1.9053675597682377e+41	1.53673982947298e+41	1.0985588004482111e+41	8.355344691802117e+40	5.444169818002286e+40	1.8254914626282398e+40	9.901938791080002e+39	4.120615233655665e+39	1.205108863943592e+41	7.645240973525413e+40	5.444169818002286e+40	3.9805108436854873e+40
31064.11082844037	2.9861097857345934e+41	1.8938556615358635e+41	1.5494393330674344e+41	1.1217423886362226e+41	8.591060481253112e+40	5.641628523352708e+40	1.9139764161752013e+40	1.042268016753436e+40	4.35422935585034e+39	1.2269903045088155e+41	7.875613572193141e+40	5.641628523352708e+40	4.142453548733648e+40
31979.7268466587	3.029534437627587e+41	1.9503089517447426e+41	1.611980222243464e+41	1.1773204644021631e+41	9.059461742178924e+40	5.980561489171549e+40	2.0447513017832617e+40	1.1163402486289475e+40	4.675488275723485e+39	1.2852253773837006e+41	8.315502999762037e+40	5.980561489171549e+40	4.403773027520044e+40
32928.5521202001	2.993000551429245e+41	1.9568349965878874e+41	1.6389750641115711e+41	1.2111451174283829e+41	9.37980147910206e+40	6.236992545629511e+40	2.1557094793656416e+40	1.1812071413454673e+40	4.965054900853556e+39	1.3186177668515659e+41	8.624440270770711e+40	6.236992545629511e+40	4.610735514607061e+40
33912.38369018894	3.0423418312036e+41	2.011295864202564e+41	1.7020258428366212e+41	1.2691129821379366e+41	9.877006096448438e+40	6.603728375670736e+40	2.3011870461989463e+40	1.2643524634323297e+40	5.3288489645996527e+39	1.3789025283873006e+41	9.093550142584894e+40	6.603728375670736e+40	4.896389437973696e+40
34933.15214948986	2.9781237984299616e+41	1.9984032926308007e+41	1.717821100347869e+41	1.298455268101791e+41	1.0180187331750043e+41	6.862685807127049e+40	2.4207652681825185e+40	1.335435778285331e+40	5.650910983977252e+39	1.4064290175776773e+41	9.391213816237177e+40	6.862685807127049e+40	5.111084812546547e+40
35992.92022600766	3.013053207814375e+41	2.037515089244155e+41	1.7713469483953353e+41	1.3524102899019638e+41	1.0661861584987326e+41	7.2322755616304e+40	2.575111413447418e+40	1.4250353580383257e+40	6.048778229382511e+39	1.46151436736589e+41	9.850196393985684e+40	7.2322755616304e+40	5.404662043669841e+40
37093.911489973165	2.9704116085286574e+41	2.0269645691910926e+41	1.7901163789213657e+41	1.385699001734809e+41	1.1006387136806264e+41	7.528663187926215e+40	2.7140205982750586e+40	1.5080568029104517e+40	6.426969092005516e+39	1.4928045962182959e+41	1.0188913906609175e+41	7.528663187926215e+40	5.651632875574441e+40
38238.522707217366	2.953316484213193e+41	2.028499306767776e+41	1.8179755219211575e+41	1.4255484360849335e+41	1.1403035316856411e+41	7.861973665157703e+40	2.8678364819917194e+40	1.5997895555525935e+40	6.84435516356215e+39	1.5312221257021734e+41	1.0576127747863001e+41	7.861973665157703e+40	5.927266905109713e+40
39429.338772438	3.0317263312376497e+41	2.089869471531418e+41	1.892430144371488e+41	1.497457418337827e+41	1.2037891529672004e+41	8.346252962247716e+40	3.0701546110913435e+40	1.7174603537555698e+40	7.368195891102325e+39	1.6051362273869257e+41	1.1179889847435512e+41	8.346252962247716e+40	6.311586650121587e+40
40669.15102904972	2.89433624176736e+41	1.998961219798158e+41	1.848874541129913e+41	1.490967471088919e+41	1.2111757496153213e+41	8.497359176845989e+40	3.181742421337023e+40	1.7904516628991663e+40	7.726354903373697e+39	1.5912555750487666e+41	1.1280298814774742e+41	8.497359176845989e+40	6.467447378829666e+40
41960.97343879882	2.947899071227956e+41	2.03513761801198e+41	1.9049758778832747e+41	1.5527042917266215e+41	1.2688137309513546e+41	8.961772311667714e+40	3.3899755900003165e+40	1.9141658774399068e+40	8.288254254432629e+39	1.6530885295432211e+41	1.1836051711553266e+41	8.961772311667714e+40	6.846103931371577e+40
43308.07019093521	2.976125764119529e+41	2.052584742692892e+41	1.9496387923352435e+41	1.6095264330971759e+41	1.3243890187306052e+41	9.426882636947532e+40	3.6068300819324996e+40	2.0442677033064938e+40	8.884184988362894e+39	1.7086209699269087e+41	1.2377423719375695e+41	9.426882636947532e+40	7.231520231572486e+40
44713.98201592913	2.8528479195533054e+41	1.9505066416962034e+41	1.8903736429874143e+41	1.5902776343329906e+41	1.3227413634544447e+41	9.533984704430423e+40	3.7197342650388735e+40	2.122386933313284e+40	9.285326489997339e+39	1.6807841799374613e+41	1.2398682598856163e+41	9.533984704430423e+40	7.365055792486297e+40
46182.55634346683	2.8858173024529496e+41	1.9644932016980817e+41	1.9336472024806143e+41	1.6484784748175695e+41	1.3810264862672214e+41	1.0033984165419242e+41	3.9613546554488297e+40	2.2690731250466477e+40	9.965087759836948e+39	1.7370566176723083e+41	1.296988762448509e+41	1.0033984165419242e+41	7.784845184973812e+40
47717.991257107526	2.9288454606266156e+41	1.9797985301949654e+41	1.9786554847821668e+41	1.7094159418732783e+41	1.4424549576654471e+41	1.0565273766643537e+41	4.2213441351573606e+40	2.4275631222722246e+40	1.0702487859181857e+40	1.7958359924484875e+41	1.3573047425332687e+41	1.0565273766643537e+41	8.232949997614681e+40
49324.8668518568	2.906067143291644e+41	1.9399689575091394e+41	1.9757291445017e+41	1.7359508040696298e+41	1.4786131896506618e+41	1.0945590008948365e+41	4.443693493293703e+40	2.5690543623975614e+40	1.1385693191979329e+40	1.8166579284651075e+41	1.3948524481004657e+41	1.0945590008948365e+41	8.578911141307271e+40
51008.17645354536	2.8585602945104042e+41	1.875884054719742e+41	1.9490059263117037e+41	1.744098782019374e+41	1.5009488693060807e+41	1.1243232099966885e+41	4.647924976391631e+40	2.703563433241246e+40	1.2054247950821022e+40	1.8174700345812606e+41	1.419905774225224e+41	1.1243232099966885e+41	8.869985643985969e+40
52773.38390307365	2.8342201964766654e+41	1.8268567373678497e+41	1.938004753708408e+41	1.7662528322516645e+41	1.5353222802367287e+41	1.1631518247757618e+41	4.890953113181958e+40	2.8611290947255437e+40	1.2828362244967452e+40	1.8328948479483347e+41	1.456351306927249e+41	1.1631518247757618e+41	9.233148593717042e+40
54626.494979298375	2.8330707103088574e+41	1.790231952989374e+41	1.936488118642788e+41	1.7957606625937244e+41	1.576055378891624e+41	1.2071410364379738e+41	5.160802825562016e+40	3.035811171347232e+40	1.3686364138684452e+40	1.8561123121286358e+41	1.4988876030093787e+41	1.2071410364379738e+41	9.64003713117596e+40
56574.11570732241	2.83103738265356e+41	1.7483954765596773e+41	1.9285930083278605e+41	1.820315579701839e+41	1.6134807437676519e+41	1.2498882448468824e+41	5.437122596103213e+40	3.217162418858901e+40	1.4588325973044813e+40	1.8738450216089455e+41	1.5386133803640116e+41	1.2498882448468824e+41	1.0044082683807225e+41
58623.51713563908	2.8330945254821157e+41	1.7068584132026043e+41	1.9185264323835635e+41	1.842254064299861e+41	1.648946530140311e+41	1.2919193022799764e+41	5.720405293537328e+40	3.405451240585401e+40	1.5536194036944283e+40	1.888872894307298e+41	1.5766455926650884e+41	1.2919193022799764e+41	1.0447827162119764e+41
60782.74174018333	2.8221854199827663e+41	1.6519567223356551e+41	1.8943869155706267e+41	1.8529710900782856e+41	1.6761092494453124e+41	1.3294409739200045e+41	6.001302936410683e+40	3.5964952675466134e+40	1.6516816307447873e+40	1.8917188046349476e+41	1.6072652840562576e+41	1.3294409739200045e+41	1.082565685061679e+41
63060.70271611747	2.792714819476582e+41	1.5775460997902746e+41	1.8515042307112682e+41	1.8500634220170525e+41	1.6937993438557615e+41	1.3623122667641632e+41	6.283150328947076e+40	3.7928668154424167e+40	1.7544201627626126e+40	1.8794326739800714e+41	1.6295933596743537e+41	1.3623122667641632e+41	1.1179385464643674e+41
65467.30141919902	2.7930356724135234e+41	1.521069828354718e+41	1.8256925437987364e+41	1.86219884924806e+41	1.7248253360806516e+41	1.4059188352893791e+41	6.618289254773218e+40	4.0227426018079786e+40	1.8733828676090682e+40	1.8827652370024605e+41	1.6647074906979509e+41	1.4059188352893791e+41	1.1622744605769548e+41
68013.58755338569	2.792678528407128e+41	1.4640899325567235e+41	1.7973321519151935e+41	1.870596302811524e+41	1.7522549849654168e+41	1.4469981190996043e+41	6.95220206211905e+40	4.2557465471491292e+40	1.9960302031602064e+40	1.882501004712725e+41	1.6963945791332695e+41	1.4469981190996043e+41	1.2049758963003887e+41
70711.91728886729	2.7706688205096085e+41	1.3887638760444594e+41	1.745069441407911e+41	1.856635585971098e+41	1.7615370281062224e+41	1.4767225617491126e+41	7.266141538250003e+40	4.484578017085704e+40	2.120573798169171e+40	1.8588248797533778e+41	1.7114168632152024e+41	1.4767225617491126e+41	1.240220432596303e+41
73576.1668850751	2.7662134233336075e+41	1.3221996965641758e+41	1.7028597494747768e+41	1.852820076905146e+41	1.7802505072649445e+41	1.5143211646234628e+41	7.622594455004085e+40	4.741655923094433e+40	2.2598112384789157e+40	1.8454141241030098e+41	1.7355702197291058e+41	1.5143211646234628e+41	1.2821788871189435e+41
76621.96258626446	2.758109061801462e+41	1.2550866708688432e+41	1.6545672417075678e+41	1.8397860421564556e+41	1.7900385973712008e+41	1.5454164466347551e+41	7.967903600056951e+40	4.998627897859539e+40	2.4027246029822696e+40	1.8231550526300115e+41	1.751185349085191e+41	1.5454164466347551e+41	1.3196230634001956e+41
79866.99994258009	2.7426271716819406e+41	1.1768038981248529e+41	1.5942727010565748e+41	1.8179348492022558e+41	1.794191794561785e+41	1.5747941492881298e+41	8.331573799641254e+40	5.27350632609863e+40	2.557507496237318e+40	1.7910100179440724e+41	1.7621118692687502e+41	1.5747941492881298e+41	1.3571633471355032e+41
83331.3630697453	2.7337599482233674e+41	1.1018917489750196e+41	1.5349138534917765e+41	1.7956282384712263e+41	1.798052980660555e+41	1.6049015255187712e+41	8.716979852274257e+40	5.567875901524988e+40	2.725001464281729e+40	1.7585646781428334e+41	1.772921970484413e+41	1.6049015255187712e+41	1.3961466482865154e+41
87037.96974402526	2.723962277014998e+41	1.0313732326873481e+41	1.4735439868291493e+41	1.765734154241461e+41	1.793080417795031e+41	1.6274236721893315e+41	9.083755826923341e+40	5.858983669342019e+40	2.8959835989317053e+40	1.7195525893277264e+41	1.7749252037351397e+41	1.6274236721893315e+41	1.4293637409513855e+41
91013.09902601167	2.712910087765277e+41	9.593939927839731e+40	1.4082095537117465e+41	1.7307447067796306e+41	1.783492828414512e+41	1.6470422182561258e+41	9.456405048486864e+40	6.161410972393955e+40	3.077083720426393e+40	1.6755133390283373e+41	1.7726130734914108e+41	1.6470422182561258e+41	1.4609981148244088e+41
95287.0560507702	2.699470421113085e+41	8.83365765354548e+40	1.3356302897597494e+41	1.6880233602097028e+41	1.767740428270941e+41	1.663777286371816e+41	9.84761312203642e+40	6.485521696851635e+40	3.2742376639567026e+40	1.6235117760178676e+41	1.764798704799477e+41	1.663777286371816e+41	1.491808888209128e+41
99894.97495558737	2.685313138115612e+41	8.091097724804225e+40	1.259987560983823e+41	1.6384538504483396e+41	1.7447915895589078e+41	1.6751995514037639e+41	1.0239301091255941e+41	6.820571644557315e+40	3.4831519762825236e+40	1.5652694636162037e+41	1.7500139723551713e+41	1.6751995514037639e+41	1.5191990271429098e+41
104877.84624281157	2.671514211971815e+41	7.393698580852698e+40	1.185142535680373e+41	1.5849387758864997e+41	1.716042560822689e+41	1.6807691934253824e+41	1.0616569515805405e+41	7.156285079165597e+40	3.699211973844506e+40	1.5041265047863196e+41	1.7291804644815322e+41	1.6807691934253824e+41	1.5418684582091336e+41
110283.83241127688	2.6563092297353553e+41	6.713631324608728e+40	1.1087130159810743e+41	1.5262230141479356e+41	1.6809723286480133e+41	1.680617325133105e+41	1.0983698761770743e+41	7.49633543305162e+40	3.9249112736030388e+40	1.4385257178939175e+41	1.7019587371809502e+41	1.680617325133105e+41	1.5601539689478095e+41
116169.94401349868	2.6459363693478337e+41	6.083272683800602e+40	1.034741666786511e+41	1.4664715760760029e+41	1.643430976253579e+41	1.6778562744491655e+41	1.1355445924539136e+41	7.850144711066965e+40	4.1651781858307235e+40	1.372675274942381e+41	1.6720593712091918e+41	1.6778562744491655e+41	1.5766147093530802e+41
122604.24867812115	2.6482165068845937e+41	5.559598643091014e+40	9.703088041711185e+40	1.4120152089974821e+41	1.6082984006486803e+41	1.6752148803916124e+41	1.1735298298737123e+41	8.218941605572081e+40	4.420868370766362e+40	1.3132974309270819e+41	1.6438738647470225e+41	1.6752148803916124e+41	1.5928681368679191e+41
129668.77778120768	2.6882774870708824e+41	5.234443503918328e+40	9.290160180968264e+40	1.3795324505851286e+41	1.5925283811971203e+41	1.6877456200779227e+41	1.219739400671956e+41	8.647083766608441e+40	4.71218202658488e+40	1.2765755640355859e+41	1.6341434630134274e+41	1.6877456200779227e+41	1.621753196326655e+41
137463.46704243208	2.8104647034899262e+41	5.278928160926776e+40	9.367589967037968e+40	1.3998435214557134e+41	1.6262959793833708e+41	1.7408555578093728e+41	1.2859700881665617e+41	9.204854102479764e+40	5.071071427302049e+40	1.2927574796871676e+41	1.6723068078961376e+41	1.7408555578093728e+41	1.6843482745004067e+41
146111.49370420244	3.0840664109126566e+41	5.896934940954614e+40	1.0249968812646949e+41	1.5142168599003425e+41	1.7537254119522194e+41	1.876576114411154e+41	1.3958974991201228e+41	1.0040415229284566e+41	5.566888639153844e+40	1.4011679290564183e+41	1.802612961241758e+41	1.876576114411154e+41	1.818158974704362e+41
155766.7247048603	3.587158318841009e+41	7.363393734883591e+40	1.2346680610590827e+41	1.7727916438869617e+41	2.025353925880313e+41	2.1391136423732513e+41	1.5711846791810582e+41	1.1285077003292815e+41	6.2603337386425955e+40	1.6505407389136122e+41	2.0748038910416904e+41	2.1391136423732513e+41	2.0606241030993665e+41
166623.90397457234	4.375833132372723e+41	9.790337130459048e+40	1.5822836608640208e+41	2.1990851057189476e+41	2.4690630344356224e+41	2.559604423370382e+41	1.8352846492858788e+41	1.3100744911099994e+41	7.234166110934933e+40	2.062602042606477e+41	2.517815678329671e+41	2.559604423370382e+41	2.442479812562728e+41
178934.08275923587	5.4244931164017844e+41	1.3014980062002593e+41	2.046246545828737e+41	2.7694951647885757e+41	3.0627816607952824e+41	3.1208973907129703e+41	2.1830415589384765e+41	1.5469341596416139e+41	8.488500873667277e+40	2.613767366259437e+41	3.1104315676467618e+41	3.1208973907129703e+41	2.9506188841498275e+41
193027.45071245276	6.592047637768131e+41	1.6353985226976996e+41	2.5394692286188677e+41	3.3899850570067684e+41	3.716828812778232e+41	3.748109570106983e+41	2.5800221236215985e+41	1.819205192448086e+41	9.939831136008086e+40	3.210185164159802e+41	3.765491122814372e+41	3.748109570106983e+41	3.522871890761795e+41
209349.12912644263	7.616014441903703e+41	1.8636235018356464e+41	2.90712869332868e+41	3.889250564240586e+41	4.266386885559159e+41	4.302697939362195e+41	2.961481867608456e+41	2.0888436854618326e+41	1.1422617169987084e+41	3.681684185004152e+41	4.322514135720332e+41	4.302697939362195e+41	4.043820754123682e+41
228517.220651426	8.169816679267347e+41	1.861047249193356e+41	2.9776383874466803e+41	4.067431706381232e+41	4.511435490720827e+41	4.607069274955788e+41	3.235983521145252e+41	2.3003073789588488e+41	1.2687271436847289e+41	3.8324658361144016e+41	4.584370747760988e+41	4.607069274955788e+41	4.360426575115835e+41
251421.9772155237	7.977694901279594e+41	1.5659448461938272e+41	2.6314104416703806e+41	3.756675740988639e+41	4.271759865296764e+41	4.490800826804539e+41	3.306437092620773e+41	2.391704657814423e+41	1.3439082515859036e+41	3.503767736767134e+41	4.370554664379103e+41	4.490800826804539e+41	4.3209573776263554e+41
279406.94088807533	6.958142370121317e+41	1.0640983829287654e+41	1.9334366841740742e+41	2.9628438483941183e+41	3.5074510091098535e+41	3.86615986644923e+41	3.0786033521503717e+41	2.293844126410401e+41	1.3308352515777362e+41	2.718396952678975e+41	3.62859549105284e+41	3.86615986644923e+41	3.8223240477672084e+41
314628.2861655855	5.3382709152273955e+41	5.37864092017074e+40	1.0951106852949893e+41	1.8721484009885306e+41	2.361787056406889e+41	2.8071563436404075e+41	2.531159563522777e+41	1.9758496222137272e+41	1.2054240078112275e+41	1.6741175795337904e+41	2.4868045019656486e+41	2.8071563436404075e+41	2.897877540072769e+41
360854.8616576896	3.403544619503554e+41	2.1793050739434376e+40	4.698832364186291e+40	8.910372190158384e+40	1.209962076647996e+41	1.5845198264025465e+41	1.7083192506732005e+41	1.4328161152433308e+41	9.465016983673488e+40	7.753480451057844e+40	1.3020714946976654e+41	1.5845198264025465e+41	1.7363352952390347e+41
413873.6947723866	1.8118496752622667e+41	6.430006835410411e+39	1.4127648808038803e+40	3.017928681026283e+40	4.487786707766768e+40	6.625871792177232e+40	9.006635637668368e+40	8.37059223990849e+40	6.253928618564774e+40	2.5403400116842314e+40	4.961221228492539e+40	6.625871792177232e+40	7.824962868967641e+40
474682.83718919114	1.0106545937051212e+41	2.4058701948030425e+39	4.517265011548901e+39	1.0110636049468018e+40	1.6390449678501867e+40	2.747306144444538e+40	4.677379488906322e+40	4.752555066831415e+40	3.968355597137462e+40	8.298583077823288e+39	1.8635184580200007e+40	2.747306144444538e+40	3.5057959667052044e+40
544427.0088950208	6.406397013406173e+40	1.2931219609756652e+39	1.8884176748038387e+39	3.783938899996741e+39	6.51021596801299e+39	1.252379406678286e+40	2.7003922612650055e+40	2.966333650035135e+40	2.7051886917377007e+40	3.1087580666089376e+39	7.61292505198916e+39	1.252379406678286e+40	1.7432259060551688e+40
624419.1381898143	4.439955788159879e+40	8.186925954067763e+38	1.03782507744404e+39	1.564733964102136e+39	2.4811594330603664e+39	5.2627745590102183e+39	1.643163025002453e+40	2.0211412514380876e+40	2.010933216760477e+40	1.3719477501736524e+39	2.915093294367508e+39	5.2627745590102183e+39	8.271166996169241e+39
716165.0787263644	3.1791380290391916e+40	5.323886898545115e+38	6.651384106927988e+38	8.427008838905103e+38	1.0751097286730328e+39	1.9547940060808906e+39	8.703789541552749e+39	1.30261924677915e+40	1.5355121069892694e+40	7.895969008039949e+38	1.1919629330440277e+39	1.9547940060808906e+39	3.2489762627148165e+39
821391.9583857985	2.273364103580281e+40	3.4213664158208855e+38	4.362758430826675e+38	5.423838668725182e+38	6.1981369821651794e+38	8.244439460622232e+38	3.655589870517755e+39	6.955670494072057e+39	1.0694952817594516e+40	5.15812679026489e+38	6.4872962940797044e+38	8.244439460622232e+38	1.1826898001644761e+39
942080.6937746931	1.6003301888576026e+40	2.158863418419617e+38	2.8245079286470856e+38	3.597912660646093e+38	4.098361340896779e+38	4.776910448323227e+38	1.2699955259145547e+39	2.904898875127556e+39	6.207208041952682e+39	3.404714707635738e+38	4.242226828458217e+38	4.776910448323227e+38	5.503607548028758e+38
1080503.282475897	1.1054193712105635e+40	1.3337795813594617e+38	1.795862898280325e+38	2.354933076653497e+38	2.7347847764336074e+38	3.2047822519775923e+38	4.844631444425769e+38	9.870942261886934e+38	2.841404878969723e+39	2.212225378191408e+38	2.8447653332374444e+38	3.2047822519775923e+38	3.469744673030482e+38
1239265.5751110397	7.504576159649231e+39	8.0405974721933e+37	1.119516015706255e+38	1.5133406118552462e+38	1.7939331937757657e+38	2.165716313815227e+38	2.7226701490417404e+38	3.612815128879524e+38	1.0234164147959592e+39	1.4110983569760703e+38	1.878152778294048e+38	2.165716313815227e+38	2.3753329270197747e+38
1421356.3324312312	5.024343481760613e+39	4.708224823230476e+37	6.8266775042793295e+37	9.541948956103384e+37	1.1545574826810588e+38	1.436419377806795e+38	1.876119265832094e+38	1.979510573508694e+38	3.3624958112756454e+38	8.828323893130602e+37	1.216387940553047e+38	1.436419377806795e+38	1.6104522981946649e+38
1630203.4909723934	3.33042667172132e+39	2.662804831928279e+37	4.0577801272775907e+37	5.896934889261705e+37	7.290146447061275e+37	9.338559156731737e+37	1.3142841066977919e+38	1.3788224970902773e+38	1.4886927473815388e+38	5.408834596956678e+37	7.728764783047711e+37	9.338559156731737e+37	1.0694697343109996e+38
1869738.69651803	2.1945772838720606e+39	1.445317926660701e+37	2.3397414605421696e+37	3.5642998024499774e+37	4.513517268012827e+37	5.954431805692722e+37	9.018755861415867e+37	9.859007639881591e+37	9.711084052723801e+37	3.2360035083673755e+37	4.816682349875408e+37	5.954431805692722e+37	6.958009469218783e+37
2144471.32025974	1.4428910032231822e+39	7.479875543649017e+36	1.3009501072101508e+37	2.099634938855744e+37	2.7354805261822676e+37	3.724539102241385e+37	6.049284689280183e+37	6.9069464208645225e+37	7.114410378012651e+37	1.8825718707180437e+37	2.9409523358862356e+37	3.724539102241385e+37	4.438896121603864e+37
2459573.351064424	9.496261011285788e+38	3.668877279374092e+36	6.929501355355245e+36	1.1994235756991266e+37	1.617904944466151e+37	2.284098008812765e+37	3.9703422584944907e+37	4.723376762908948e+37	5.182988840360102e+37	1.0590423671998101e+37	1.7548856721953688e+37	2.284098008812765e+37	2.7781226784521727e+37
2820976.76200774	6.270669538901636e+38	1.697409919994633e+36	3.512720849771987e+36	6.603831102149699e+36	9.295570261359771e+36	1.3707417786998924e+37	2.5531456579776416e+37	3.1560446164362005e+37	3.6854487174089873e+37	5.723741615366072e+36	1.0192598735362513e+37	1.3707417786998924e+37	1.7051975309094638e+37
3235485.1841705455	4.1616394296962916e+38	7.382072446094808e+35	1.6848831705569375e+36	3.4808556366451667e+36	5.15748199578839e+36	8.0225810703054e+36	1.6102868593341653e+37	2.0632876752881536e+37	2.5549800844358836e+37	2.952016831621056e+36	5.730940678471769e+36	8.0225810703054e+36	1.0248617810972565e+37
3710901.990039689	2.7783289326961213e+38	3.010270125629189e+35	7.612838713511346e+35	1.7448867197254565e+36	2.744890703430307e+36	4.5565465392431195e+36	9.965851983778707e+36	1.3216380954906995e+37	1.728681461158756e+37	1.4437954946656922e+36	3.0992227837736855e+36	4.5565465392431195e+36	6.012790093835354e+36
4256177.197777324	1.8666984019674488e+38	1.147010562772967e+35	3.230378138039402e+35	8.270720205535037e+35	1.3918263948484776e+36	2.4958785469596426e+36	6.048918930888883e+36	8.304137696814967e+36	1.1431072616731189e+37	6.66230586340132e+35	1.600957051252159e+36	2.4958785469596426e+36	3.427398733510036e+36
