#t	Le	U	B	V	R	I	J	H	K	g	r	i	z
#----------------------------------------------- 
3.15197801850754	0.0	0.0	0.0	0.0	0.0	0.0	0.0	0.0	0.0	0.0	0.0	0.0	0.0
3.2477375556013466	0.0	0.0	0.0	0.0	0.0	0.0	0.0	0.0	0.0	0.0	0.0	0.0	0.0
3.431289837308705	0.0	0.0	0.0	0.0	0.0	0.0	0.0	0.0	0.0	0.0	0.0	0.0	0.0
3.630844278479139	0.0	0.0	0.0	0.0	0.0	0.0	0.0	0.0	0.0	0.0	0.0	0.0	0.0
3.847614018193259	0.0	0.0	0.0	0.0	0.0	0.0	0.0	0.0	0.0	0.0	0.0	0.0	0.0
4.0832750424786175	0.0	0.0	0.0	0.0	0.0	0.0	0.0	0.0	0.0	0.0	0.0	0.0	0.0
4.339705642583089	0.0	0.0	0.0	0.0	0.0	0.0	0.0	0.0	0.0	0.0	0.0	0.0	0.0
4.618982978880038	0.0	0.0	0.0	0.0	0.0	0.0	0.0	0.0	0.0	0.0	0.0	0.0	0.0
4.923396728891376	0.0	0.0	0.0	0.0	0.0	0.0	0.0	0.0	0.0	0.0	0.0	0.0	0.0
5.255466519856538	0.0	0.0	0.0	0.0	0.0	0.0	0.0	0.0	0.0	0.0	0.0	0.0	0.0
5.617961015646404	0.0	0.0	0.0	0.0	0.0	0.0	0.0	0.0	0.0	0.0	0.0	0.0	0.0
6.013918098143864	0.0	0.0	0.0	0.0	0.0	0.0	0.0	0.0	0.0	0.0	0.0	0.0	0.0
6.446665912717683	0.0	0.0	0.0	0.0	0.0	0.0	0.0	0.0	0.0	0.0	0.0	0.0	0.0
6.919844639515502	0.0	0.0	0.0	0.0	0.0	0.0	0.0	0.0	0.0	0.0	0.0	0.0	0.0
7.437428894819376	0.0	0.0	0.0	0.0	0.0	0.0	0.0	0.0	0.0	0.0	0.0	0.0	0.0
8.003750707926635	0.0	0.0	0.0	0.0	0.0	0.0	0.0	0.0	0.0	0.0	0.0	0.0	0.0
8.623523075645734	0.0	0.0	0.0	0.0	0.0	0.0	0.0	0.0	0.0	0.0	0.0	0.0	0.0
9.301864175821626	0.0	0.0	0.0	0.0	0.0	0.0	0.0	0.0	0.0	0.0	0.0	0.0	0.0
10.044322426155864	0.0	0.0	0.0	0.0	0.0	0.0	0.0	0.0	0.0	0.0	0.0	0.0	0.0
10.856902704820744	0.0	0.0	0.0	0.0	0.0	0.0	0.0	0.0	0.0	0.0	0.0	0.0	0.0
11.746094201834753	0.0	0.0	0.0	0.0	0.0	0.0	0.0	0.0	0.0	0.0	0.0	0.0	0.0
12.718900539682354	0.0	0.0	0.0	0.0	0.0	0.0	0.0	0.0	0.0	0.0	0.0	0.0	0.0
13.782872981151481	0.0	0.0	0.0	0.0	0.0	0.0	0.0	0.0	0.0	0.0	0.0	0.0	0.0
14.946147724501646	0.0	0.0	0.0	0.0	0.0	0.0	0.0	0.0	0.0	0.0	0.0	0.0	0.0
16.21748846442265	0.0	0.0	0.0	0.0	0.0	0.0	0.0	0.0	0.0	0.0	0.0	0.0	0.0
17.606335567784217	0.0	0.0	0.0	0.0	0.0	0.0	0.0	0.0	0.0	0.0	0.0	0.0	0.0
19.122863375573676	0.0	0.0	0.0	0.0	0.0	0.0	0.0	0.0	0.0	0.0	0.0	0.0	0.0
20.778047300768293	0.0	0.0	0.0	0.0	0.0	0.0	0.0	0.0	0.0	0.0	0.0	0.0	0.0
22.583742555357812	0.0	0.0	0.0	0.0	0.0	0.0	0.0	0.0	0.0	0.0	0.0	0.0	0.0
24.55277652187045	0.0	0.0	0.0	0.0	0.0	0.0	0.0	0.0	0.0	0.0	0.0	0.0	0.0
26.699057003383132	0.0	0.0	0.0	0.0	0.0	0.0	0.0	0.0	0.0	0.0	0.0	0.0	0.0
29.037698862170515	0.0	0.0	0.0	0.0	0.0	0.0	0.0	0.0	0.0	0.0	0.0	0.0	0.0
31.58517191450115	0.0	0.0	0.0	0.0	0.0	0.0	0.0	0.0	0.0	0.0	0.0	0.0	0.0
34.3594734141955	0.0	0.0	0.0	0.0	0.0	0.0	0.0	0.0	0.0	0.0	0.0	0.0	0.0
37.3803290595974	0.0	0.0	0.0	0.0	0.0	0.0	0.0	0.0	0.0	0.0	0.0	0.0	0.0
40.669427231639105	0.0	0.0	0.0	0.0	0.0	0.0	0.0	0.0	0.0	0.0	0.0	0.0	0.0
44.25069215489782	0.0	0.0	0.0	0.0	0.0	0.0	0.0	0.0	0.0	0.0	0.0	0.0	0.0
48.15060291934391	0.0	0.0	0.0	0.0	0.0	0.0	0.0	0.0	0.0	0.0	0.0	0.0	0.0
52.398566871947665	0.0	0.0	0.0	0.0	0.0	0.0	0.0	0.0	0.0	0.0	0.0	0.0	0.0
57.027357868763794	0.0	0.0	0.0	0.0	0.0	0.0	0.0	0.0	0.0	0.0	0.0	0.0	0.0
62.073632380425785	0.0	0.0	0.0	0.0	0.0	0.0	0.0	0.0	0.0	0.0	0.0	0.0	0.0
67.57853961623661	0.0	0.0	0.0	0.0	0.0	0.0	0.0	0.0	0.0	0.0	0.0	0.0	0.0
73.58844587341048	0.0	0.0	0.0	0.0	0.0	0.0	0.0	0.0	0.0	0.0	0.0	0.0	0.0
80.15579849850273	0.0	0.0	0.0	0.0	0.0	0.0	0.0	0.0	0.0	0.0	0.0	0.0	0.0
87.34016153374245	0.0	0.0	0.0	0.0	0.0	0.0	0.0	0.0	0.0	0.0	0.0	0.0	0.0
95.20946381381762	0.0	0.0	0.0	0.0	0.0	0.0	0.0	0.0	0.0	0.0	0.0	0.0	0.0
103.84151166975762	0.0	0.0	0.0	0.0	0.0	0.0	0.0	0.0	0.0	0.0	0.0	0.0	0.0
113.32583344888769	0.0	0.0	0.0	0.0	0.0	0.0	0.0	0.0	0.0	0.0	0.0	0.0	0.0
123.76594312689501	0.0	0.0	0.0	0.0	0.0	0.0	0.0	0.0	0.0	0.0	0.0	0.0	0.0
135.2821373004739	0.0	0.0	0.0	0.0	0.0	0.0	0.0	0.0	0.0	0.0	0.0	0.0	0.0
148.0149765080104	0.0	0.0	0.0	0.0	0.0	0.0	0.0	0.0	0.0	0.0	0.0	0.0	0.0
162.12965219945508	0.0	0.0	0.0	0.0	0.0	0.0	0.0	0.0	0.0	0.0	0.0	0.0	0.0
177.8215106456928	0.0	0.0	0.0	0.0	0.0	0.0	0.0	0.0	0.0	0.0	0.0	0.0	0.0
195.32310336913181	0.0	0.0	0.0	0.0	0.0	0.0	0.0	0.0	0.0	0.0	0.0	0.0	0.0
214.91327354074699	0.0	0.0	0.0	0.0	0.0	0.0	0.0	0.0	0.0	0.0	0.0	0.0	0.0
236.92899025797414	0.0	0.0	0.0	0.0	0.0	0.0	0.0	0.0	0.0	0.0	0.0	0.0	0.0
261.7809383773301	0.0	0.0	0.0	0.0	0.0	0.0	0.0	0.0	0.0	0.0	0.0	0.0	0.0
289.9743130170577	0.0	0.0	0.0	0.0	0.0	0.0	0.0	0.0	0.0	0.0	0.0	0.0	0.0
322.13693770398464	0.0	0.0	0.0	0.0	0.0	0.0	0.0	0.0	0.0	0.0	0.0	0.0	0.0
359.0578610163902	0.0	0.0	0.0	0.0	0.0	0.0	0.0	0.0	0.0	0.0	0.0	0.0	0.0
401.7412249315649	0.0	0.0	0.0	0.0	0.0	0.0	0.0	0.0	0.0	0.0	0.0	0.0	0.0
451.4828523156395	0.0	0.0	0.0	0.0	0.0	0.0	0.0	0.0	0.0	0.0	0.0	0.0	0.0
509.98141685038416	0.0	0.0	0.0	0.0	0.0	0.0	0.0	0.0	0.0	0.0	0.0	0.0	0.0
579.5036314658465	0.0	0.0	0.0	0.0	0.0	0.0	0.0	0.0	0.0	0.0	0.0	0.0	0.0
663.1363281481814	0.0	0.0	0.0	0.0	0.0	0.0	0.0	0.0	0.0	0.0	0.0	0.0	0.0
765.1830939172935	0.0	0.0	0.0	0.0	0.0	0.0	0.0	0.0	0.0	0.0	0.0	0.0	0.0
891.8109466102637	2.1995672629155682e+30	1.9003352060863324e+27	1.0589613849037504e+27	5.506372451968183e+26	3.525142404717515e+26	1.893165019436345e+26	4.740861228075766e+25	2.3284371204460436e+25	8.768033733814172e+24	6.49227377937481e+26	3.079782273472354e+26	1.893165019436345e+26	1.2456287445391473e+26
1052.1498670797353	3.6793346801484804e+34	4.089145731243485e+31	2.282352262784695e+31	1.1884794855891995e+31	7.614664430607555e+30	4.09320866091555e+30	1.0265162934119095e+30	5.0442620710954844e+29	1.9004953311904102e+29	1.4008111507957342e+31	6.654094987289667e+30	4.09320866091555e+30	2.694564927630677e+30
1260.2583853786725	4.909295244944904e+37	8.158799567254855e+34	4.56713221701762e+34	2.3844037878529724e+34	1.529915305187275e+34	8.237677327723695e+33	2.071325456608831e+33	1.0187898052349703e+33	3.842116432386435e+32	2.808721632963289e+34	1.3374479811175607e+34	8.237677327723695e+33	5.427935539802519e+33
1538.8595900220694	1.0605160014595376e+40	2.5055201742792744e+37	1.4066814554996103e+37	7.363245681997561e+36	4.731406795231387e+36	2.5518605273663154e+36	6.433517289959019e+35	3.1673129825766963e+35	1.1956258340124376e+35	8.668361376247289e+36	4.137826978490493e+36	2.5518605273663154e+36	1.683040036862019e+36
1879.0812923279839	2.7411310582536765e+41	9.268343035808292e+38	5.221558445554561e+38	2.7415989254274607e+38	1.7646755834722155e+38	9.536359549667844e+37	2.4116376763206933e+37	1.1885774452892274e+37	4.4917802552562324e+36	3.2252719147143466e+38	1.5440037367408343e+38	9.536359549667844e+37	6.296445393868397e+37
2294.557335271914	6.515977491876401e+41	3.484679835951222e+39	1.973455387085049e+39	1.0409660288108661e+39	6.717555768971889e+38	3.640897363529844e+38	9.250078707836667e+37	4.56635175245915e+37	1.7285777947130143e+37	1.2233171330263694e+39	5.881630211385688e+38	3.640897363529844e+38	2.40788086328964e+38
2801.944028665259	6.917702073491664e+41	5.680677580741529e+39	3.236176517714504e+39	1.7159624650516356e+39	1.110551537556972e+39	6.039161872429174e+38	1.5423018490599816e+38	7.627599360657207e+37	2.8928346481242132e+37	2.0141464179716485e+39	9.731203475126878e+38	6.039161872429174e+38	4.001344239334279e+38
3421.5855674944887	8.92258457655315e+41	1.122749113863188e+40	6.441639778322233e+39	3.437038696792662e+39	2.2321096672150472e+39	1.218627706048173e+39	3.1314531313652337e+38	1.5520549399337296e+38	5.899428826034488e+37	4.0285326813721994e+39	1.9577203008316822e+39	1.218627706048173e+39	8.091996946031197e+38
4178.330842640448	1.0063411348627498e+42	1.944992674106836e+40	1.1259912758062145e+40	6.055505698906864e+39	3.949784823830116e+39	2.1671625345368807e+39	5.612225483207608e+38	2.789187457471505e+38	1.0631417324432905e+38	7.084826153884546e+39	3.468340258707033e+39	2.1671625345368807e+39	1.4430365685785142e+39
5102.532782985278	1.0831913686194236e+42	3.23944213599824e+40	1.8964407442808708e+40	1.0299121532953688e+40	6.75398511360104e+39	3.728576469457195e+39	9.748182207193762e+38	4.860854151756978e+38	1.8591120702846562e+38	1.2022908222411769e+40	5.939383010954852e+39	3.728576469457195e+39	2.491185673163352e+39
6231.2639765926415	1.7784697763529036e+42	5.804508639634888e+40	3.420679481731595e+40	1.868584430876477e+40	1.2293570572285042e+40	6.811920356066338e+39	1.7912583124543885e+39	8.950077042187027e+38	3.430210600122768e+38	2.178414856956701e+40	1.0820337150228011e+40	6.811920356066338e+39	4.5606499060997145e+39
7609.80524818507	1.3098227535991935e+43	1.69933011097709e+41	9.814768799363735e+40	5.26815126408251e+40	3.43273457007565e+40	1.8813612784530629e+40	4.864028909940641e+39	2.41599999016676e+39	9.20382145043718e+38	6.166291878635305e+40	3.013501516916041e+40	1.8813612784530629e+40	1.251976722147517e+40
9293.461549118229	2.7507843809272045e+43	3.52195669919887e+41	2.028202105951667e+41	1.0857716734613885e+41	7.064362392451944e+40	3.865043386424583e+40	9.965234104832277e+39	4.9449808763249473e+39	1.8819087865012135e+39	1.2716571617137485e+41	6.199077363069223e+40	3.865043386424583e+40	2.56954836168402e+40
11349.78113573898	2.5469333935129817e+43	5.241590094246915e+41	3.0495030359697407e+41	1.6472199632863558e+41	1.077047566839571e+41	5.926127590128527e+40	1.5414313762085548e+40	7.672549274023907e+39	2.929167879376359e+39	1.92527476387751e+41	9.463931734949617e+40	5.926127590128527e+40	3.952174546400074e+40
13861.266134935748	1.5710792829534607e+43	6.255986746820533e+41	3.721741573705145e+41	2.0501903524629073e+41	1.3551555048871091e+41	7.549411408086353e+40	2.0019692660951695e+40	1.0032589814141874e+40	3.8568073777020263e+39	2.3855282336799082e+41	1.1942746148636799e+41	7.549411408086353e+40	5.069568041428856e+40
16928.683371194864	6.392552122689561e+42	6.002973292052804e+41	3.724585353393371e+41	2.1282026393210072e+41	1.435160678825801e+41	8.178612837644498e+40	2.2458129687595333e+40	1.1391352757359896e+40	4.4332857968683347e+39	2.4557573039410563e+41	1.271634668602998e+41	8.178612837644498e+40	5.561215224481869e+40
20675.10826721488	3.394175450285978e+42	4.427609512808989e+41	2.938100883733874e+41	1.782617268702011e+41	1.2428539614538476e+41	7.357940125241158e+40	2.1434055456469906e+40	1.1097267229531768e+40	4.40987553536057e+39	2.0288435563815298e+41	1.1112501336312558e+41	7.357940125241158e+40	5.11003752650491e+40
25250.862865968895	2.1411388355490422e+42	2.8693076923249672e+41	2.068960787745176e+41	1.3571132455106575e+41	9.893065112925122e+40	6.168340211809741e+40	1.9493933859390838e+40	1.0384183365626212e+40	4.247649141699722e+39	1.5167418588180238e+41	8.9543004516905e+40	6.168340211809741e+40	4.410006627757832e+40
30839.5479641331	8.715269326716054e+41	2.1534165692982016e+41	1.6250343740432073e+41	1.1254499906942157e+41	8.505659499710087e+40	5.553667336111466e+40	1.9012566930449688e+40	1.0430971022755407e+40	4.398953854804576e+39	1.2407328025853389e+41	7.779788867910658e+40	5.553667336111466e+40	4.081547643683701e+40
37665.41100282793	5.977860909449227e+41	2.003091904545302e+41	1.589040551732413e+41	1.1471375583565229e+41	8.875727026101642e+40	5.963572871067197e+40	2.1473003160762867e+40	1.201567008544824e+40	5.176323708514215e+39	1.2526783166395516e+41	8.171911290730826e+40	5.963572871067197e+40	4.458249352797205e+40
46002.343511756626	4.078696069814825e+41	1.6635528491004686e+41	1.4633309359889077e+41	1.1452773927682514e+41	9.228446210954882e+40	6.476318405993319e+40	2.4851246198612287e+40	1.4210316794774002e+40	6.258692338520208e+39	1.2288035137454981e+41	8.587003503844683e+40	6.476318405993319e+40	4.954907688671564e+40
56184.87236509017	2.7141035280077897e+41	1.0622133140073022e+41	1.1125295767104385e+41	1.006438725192939e+41	8.727808945561615e+40	6.612621501165776e+40	2.8110968490248633e+40	1.658401081599949e+40	7.524499048577576e+39	1.0458806701355682e+41	8.276315731340407e+40	6.612621501165776e+40	5.259778150201997e+40
68621.58348492195	1.7581151260746875e+41	4.664983821030151e+40	6.126974314551873e+40	6.879253650733599e+40	6.715115817131577e+40	5.788503098174998e+40	2.935285528956223e+40	1.8243466257178086e+40	8.679975734362413e+39	6.802495749656234e+40	6.570817321512969e+40	5.788503098174998e+40	4.923420214831845e+40
83811.51733825155	1.1182227346648378e+41	1.6526812927825348e+40	2.4929717948187915e+40	3.4805797445600394e+40	3.9024569848829543e+40	3.962059109894473e+40	2.573179328929021e+40	1.7319196645084028e+40	8.885930432400857e+39	3.2588169103740213e+40	3.968905060611339e+40	3.962059109894473e+40	3.688947087778791e+40
102364.19413499355	7.071621322401284e+40	6.890633886956731e+39	8.770148685148756e+39	1.373863111754142e+40	1.77214663810184e+40	2.181757126830201e+40	1.951678002808534e+40	1.4637119157279206e+40	8.336705057457204e+39	1.2294354818743333e+40	1.8824244859182954e+40	2.181757126830201e+40	2.2764790495321746e+40
125024.07228448497	4.491577972865077e+40	4.6098008884661425e+39	3.9677686784353816e+39	4.850006551119218e+39	6.523620290042032e+39	9.592089417061651e+39	1.2738244012634862e+40	1.1038269750979158e+40	7.24413944497891e+39	4.442120355257074e+39	7.156129181834117e+39	9.592089417061651e+39	1.1425646815582577e+40
152700.42156285737	2.8815953928345134e+40	3.807163616234482e+39	2.8547297433263516e+39	2.3060284976262006e+39	2.4650940972557103e+39	3.542460233642046e+39	6.97599864649765e+39	7.253524203743033e+39	5.732994390131155e+39	2.369189519336597e+39	2.616868561249726e+39	3.542460233642046e+39	4.6716421690759975e+39
186503.80972167806	1.8703989204374754e+40	3.1566628391337666e+39	2.4045052648933865e+39	1.706390818281532e+39	1.4115972898265858e+39	1.4083205621357703e+39	3.1821797275155393e+39	4.069849605706863e+39	4.053342946073403e+39	1.858897891501428e+39	1.3651758205139526e+39	1.4083205621357703e+39	1.7346379908290342e+39
227790.66664768386	1.2265843343223624e+40	2.53391707609307e+39	2.0141839225121917e+39	1.456192711274759e+39	1.1367764559267817e+39	8.426888535769604e+38	1.2637466430968411e+39	1.936497528153725e+39	2.5122922864655925e+39	1.5893137812364868e+39	1.0552525914941687e+39	8.426888535769604e+38	7.932708141033873e+38
278217.7143133719	8.099093196427393e+39	1.9590410101319004e+39	1.6324893513768698e+39	1.2359969540390155e+39	9.821301205353996e+38	6.876908072710994e+38	5.1735205371463594e+38	8.029817623244014e+38	1.3447493134994429e+39	1.3349974223041719e+39	9.111776854049973e+38	6.876908072710994e+38	5.484875955817721e+38
339808.4466450198	5.360518814725511e+39	1.4542396791525588e+39	1.2727536566221483e+39	1.0149817283827146e+39	8.323453902854318e+38	5.98817964158231e+38	2.8973665600817043e+38	3.2742251618620483e+38	6.184327102728532e+38	1.0825513275150854e+39	7.786999994342482e+38	5.98817964158231e+38	4.674077651748981e+38
415034.32696439157	3.540552194743444e+39	1.0335107515114368e+39	9.50526611973687e+38	8.007460230657371e+38	6.802524248637334e+38	5.112975335078732e+38	2.2698926789016257e+38	1.7095426714646763e+38	2.5261602542021984e+38	8.425492927085132e+38	6.429143019637681e+38	5.112975335078732e+38	4.075922796873574e+38
506913.96123602445	2.3255056442567778e+39	7.017546692212464e+38	6.7777995736127115e+38	6.040569707404457e+38	5.3285466334056936e+38	4.207088022354346e+38	1.9866630602530325e+38	1.2763712466313074e+38	1.077973304846738e+38	6.266490425229498e+38	5.0921927049184615e+38	4.207088022354346e+38	3.4550989242688735e+38
619134.2266720275	1.5158882579624404e+39	4.547794205919263e+38	4.606874988681813e+38	4.3430265690253364e+38	3.983500022777036e+38	3.315825984185441e+38	1.7266933403273286e+38	1.1108254569193412e+38	6.369153114210819e+37	4.441214586593459e+38	3.8516686888701385e+38	3.315825984185441e+38	2.815463140235639e+38
756198.2162552438	9.799698589706725e+38	2.8102436178951308e+38	2.9845442449082697e+38	2.972093195623031e+38	2.834767114533738e+38	2.4931160956967276e+38	1.4503104978656044e+38	9.727597655708385e+37	5.155785572054725e+37	2.9966672606712282e+38	2.774008452116711e+38	2.4931160956967276e+38	2.194407417634392e+38
923605.9357914397	6.283599475082501e+38	1.6511066442252328e+38	1.8432048319555767e+38	1.9366600013842646e+38	1.9189567789241358e+38	1.783722671164217e+38	1.1690729894395155e+38	8.257677007939277e+37	4.551792200751522e+37	1.926147002640337e+38	1.9002230626207998e+38	1.783722671164217e+38	1.6300833114071575e+38
1128075.0043703942	3.998326875104339e+38	9.161643573629462e+37	1.0833108089203888e+38	1.2027443087271118e+38	1.236690953567478e+38	1.2133445661862875e+38	9.004745052308744e+37	6.738964312107967e+37	3.9637488611161055e+37	1.180109671910997e+38	1.2387364830457565e+38	1.2133445661862875e+38	1.1515728435502439e+38
1377810.214342351	2.5264205244404915e+38	4.744967694008052e+37	6.025153459260823e+37	7.115838632169175e+37	7.5961348361608715e+37	7.853050324340456e+37	6.605247422188649e+37	5.262440708764938e+37	3.335924602633889e+37	6.881740398355153e+37	7.694479545476095e+37	7.853050324340456e+37	7.733197362752706e+37
1682832.7675137888	1.5863031575791115e+38	2.2549787718698712e+37	3.1370054608748687e+37	3.994532800960385e+37	4.444403381122951e+37	4.842932538414763e+37	4.605073558863735e+37	3.917233118258043e+37	2.6971721340085377e+37	3.7982112469337087e+37	4.554862279765997e+37	4.842932538414763e+37	4.941607916740807e+37
2055382.398908306	9.903933554153175e+37	9.617224623950637e+36	1.5041630921519382e+37	2.108212021550886e+37	2.465983401690758e+37	2.8464025234359797e+37	3.050837260311332e+37	2.7722639032668824e+37	2.0854381116760954e+37	1.9624074324902272e+37	2.561420494769974e+37	2.8464025234359797e+37	3.0093144305557993e+37
2510408.5242149467	6.152352660191033e+37	3.582157258851452e+36	6.499761503253623e+36	1.0306630488454901e+37	1.2848448806329633e+37	1.589212266020673e+37	1.9231568956147702e+37	1.8636330072873832e+37	1.5361243550704949e+37	9.334607825613887e+36	1.3570169449137828e+37	1.589212266020673e+37	1.7462710072132074e+37
3066170.1193205337	3.804850540470954e+37	1.1283507581902388e+36	2.4644483239565992e+36	4.573135264385946e+36	6.188639255701453e+36	8.356962628940773e+36	1.1554349458199287e+37	1.191093031487137e+37	1.0752573945133668e+37	3.998748279851407e+36	6.677988372343359e+36	8.356962628940773e+36	9.617012222615694e+36
3744968.40343993	2.3438380083073595e+37	2.894843262431981e+35	7.943159664677715e+35	1.7951338248913562e+36	2.697778040117273e+36	4.079400728056222e+36	6.614735306934674e+36	7.251182669333454e+36	7.147661065609387e+36	1.5013833181566023e+36	2.9925962217233585e+36	4.079400728056222e+36	4.978161642049109e+36
4574041.726398241	1.4388767109758248e+37	5.789999807927329e+34	2.0972800884210345e+35	6.04632479142923e+35	1.0366229489287839e+36	1.8114723396950006e+36	3.5920397715411695e+36	4.208771263483615e+36	4.5174277583488557e+36	4.7846551920603235e+35	1.1909334778684085e+36	1.8114723396950006e+36	2.3844777320908495e+36
