#t	Le	U	B	V	R	I	J	H	K	g	r	i	z
#----------------------------------------------- 
3.15197801850754	0.0	0.0	0.0	0.0	0.0	0.0	0.0	0.0	0.0	0.0	0.0	0.0	0.0
3.2477678170924973	0.0	0.0	0.0	0.0	0.0	0.0	0.0	0.0	0.0	0.0	0.0	0.0	0.0
3.431258577384072	0.0	0.0	0.0	0.0	0.0	0.0	0.0	0.0	0.0	0.0	0.0	0.0	0.0
3.6306527556102424	0.0	0.0	0.0	0.0	0.0	0.0	0.0	0.0	0.0	0.0	0.0	0.0	0.0
3.847153334084658	0.0	0.0	0.0	0.0	0.0	0.0	0.0	0.0	0.0	0.0	0.0	0.0	0.0
4.082402062488659	0.0	0.0	0.0	0.0	0.0	0.0	0.0	0.0	0.0	0.0	0.0	0.0	0.0
4.338230999577968	0.0	0.0	0.0	0.0	0.0	0.0	0.0	0.0	0.0	0.0	0.0	0.0	0.0
4.616657443651341	0.0	0.0	0.0	0.0	0.0	0.0	0.0	0.0	0.0	0.0	0.0	0.0	0.0
4.9198943755844855	0.0	0.0	0.0	0.0	0.0	0.0	0.0	0.0	0.0	0.0	0.0	0.0	0.0
5.250363748801409	0.0	0.0	0.0	0.0	0.0	0.0	0.0	0.0	0.0	0.0	0.0	0.0	0.0
5.610710473807908	0.0	0.0	0.0	0.0	0.0	0.0	0.0	0.0	0.0	0.0	0.0	0.0	0.0
6.0038164099759985	0.0	0.0	0.0	0.0	0.0	0.0	0.0	0.0	0.0	0.0	0.0	0.0	0.0
6.432813973462548	0.0	0.0	0.0	0.0	0.0	0.0	0.0	0.0	0.0	0.0	0.0	0.0	0.0
6.9010990438813025	0.0	0.0	0.0	0.0	0.0	0.0	0.0	0.0	0.0	0.0	0.0	0.0	0.0
7.412342880661136	0.0	0.0	0.0	0.0	0.0	0.0	0.0	0.0	0.0	0.0	0.0	0.0	0.0
7.970502788004831	0.0	0.0	0.0	0.0	0.0	0.0	0.0	0.0	0.0	0.0	0.0	0.0	0.0
8.579831309844824	0.0	0.0	0.0	0.0	0.0	0.0	0.0	0.0	0.0	0.0	0.0	0.0	0.0
9.24488379836705	0.0	0.0	0.0	0.0	0.0	0.0	0.0	0.0	0.0	0.0	0.0	0.0	0.0
9.970524282126455	0.0	0.0	0.0	0.0	0.0	0.0	0.0	0.0	0.0	0.0	0.0	0.0	0.0
10.761929659531525	0.0	0.0	0.0	0.0	0.0	0.0	0.0	0.0	0.0	0.0	0.0	0.0	0.0
11.624592354466852	0.0	0.0	0.0	0.0	0.0	0.0	0.0	0.0	0.0	0.0	0.0	0.0	0.0
12.564321684712944	0.0	0.0	0.0	0.0	0.0	0.0	0.0	0.0	0.0	0.0	0.0	0.0	0.0
13.587244300603132	0.0	0.0	0.0	0.0	0.0	0.0	0.0	0.0	0.0	0.0	0.0	0.0	0.0
14.699804141106814	0.0	0.0	0.0	0.0	0.0	0.0	0.0	0.0	0.0	0.0	0.0	0.0	0.0
15.908762418302853	0.0	0.0	0.0	0.0	0.0	0.0	0.0	0.0	0.0	0.0	0.0	0.0	0.0
17.221198173030064	0.0	0.0	0.0	0.0	0.0	0.0	0.0	0.0	0.0	0.0	0.0	0.0	0.0
18.644509941664488	0.0	0.0	0.0	0.0	0.0	0.0	0.0	0.0	0.0	0.0	0.0	0.0	0.0
20.186419037851625	0.0	0.0	0.0	0.0	0.0	0.0	0.0	0.0	0.0	0.0	0.0	0.0	0.0
21.85497488886608	0.0	0.0	0.0	0.0	0.0	0.0	0.0	0.0	0.0	0.0	0.0	0.0	0.0
23.658562781642136	0.0	0.0	0.0	0.0	0.0	0.0	0.0	0.0	0.0	0.0	0.0	0.0	0.0
25.605914278158444	0.0	0.0	0.0	0.0	0.0	0.0	0.0	0.0	0.0	0.0	0.0	0.0	0.0
27.706120463045533	0.0	0.0	0.0	0.0	0.0	0.0	0.0	0.0	0.0	0.0	0.0	0.0	0.0
29.9686480967612	0.0	0.0	0.0	0.0	0.0	0.0	0.0	0.0	0.0	0.0	0.0	0.0	0.0
32.40335867170454	0.0	0.0	0.0	0.0	0.0	0.0	0.0	0.0	0.0	0.0	0.0	0.0	0.0
35.02053031062787	0.0	0.0	0.0	0.0	0.0	0.0	0.0	0.0	0.0	0.0	0.0	0.0	0.0
37.830882407988476	0.0	0.0	0.0	0.0	0.0	0.0	0.0	0.0	0.0	0.0	0.0	0.0	0.0
40.84560289542393	0.0	0.0	0.0	0.0	0.0	0.0	0.0	0.0	0.0	0.0	0.0	0.0	0.0
44.07637800993295	0.0	0.0	0.0	0.0	0.0	0.0	0.0	0.0	0.0	0.0	0.0	0.0	0.0
47.53542445508642	0.0	0.0	0.0	0.0	0.0	0.0	0.0	0.0	0.0	0.0	0.0	0.0	0.0
51.235523867933985	0.0	0.0	0.0	0.0	0.0	0.0	0.0	0.0	0.0	0.0	0.0	0.0	0.0
55.1900595343245	0.0	0.0	0.0	0.0	0.0	0.0	0.0	0.0	0.0	0.0	0.0	0.0	0.0
59.413055329771936	0.0	0.0	0.0	0.0	0.0	0.0	0.0	0.0	0.0	0.0	0.0	0.0	0.0
63.91921689987069	0.0	0.0	0.0	0.0	0.0	0.0	0.0	0.0	0.0	0.0	0.0	0.0	0.0
68.72397513140044	0.0	0.0	0.0	0.0	0.0	0.0	0.0	0.0	0.0	0.0	0.0	0.0	0.0
73.8435320018661	0.0	0.0	0.0	0.0	0.0	0.0	0.0	0.0	0.0	0.0	0.0	0.0	0.0
79.29490893032794	0.0	0.0	0.0	0.0	0.0	0.0	0.0	0.0	0.0	0.0	0.0	0.0	0.0
85.09599778597939	0.0	0.0	0.0	0.0	0.0	0.0	0.0	0.0	0.0	0.0	0.0	0.0	0.0
91.26561474299832	0.0	0.0	0.0	0.0	0.0	0.0	0.0	0.0	0.0	0.0	0.0	0.0	0.0
97.82355720104395	0.0	0.0	0.0	0.0	0.0	0.0	0.0	0.0	0.0	0.0	0.0	0.0	0.0
104.79066402088563	0.0	0.0	0.0	0.0	0.0	0.0	0.0	0.0	0.0	0.0	0.0	0.0	0.0
112.18887935460887	0.0	0.0	0.0	0.0	0.0	0.0	0.0	0.0	0.0	0.0	0.0	0.0	0.0
120.04132038010927	0.0	0.0	0.0	0.0	0.0	0.0	0.0	0.0	0.0	0.0	0.0	0.0	0.0
128.37234928100193	0.0	0.0	0.0	0.0	0.0	0.0	0.0	0.0	0.0	0.0	0.0	0.0	0.0
137.20764984600308	0.0	0.0	0.0	0.0	0.0	0.0	0.0	0.0	0.0	0.0	0.0	0.0	0.0
146.57430909714876	0.0	0.0	0.0	0.0	0.0	0.0	0.0	0.0	0.0	0.0	0.0	0.0	0.0
156.50090439437633	0.0	0.0	0.0	0.0	0.0	0.0	0.0	0.0	0.0	0.0	0.0	0.0	0.0
167.01759650572103	0.0	0.0	0.0	0.0	0.0	0.0	0.0	0.0	0.0	0.0	0.0	0.0	0.0
178.15622917835228	0.0	0.0	0.0	0.0	0.0	0.0	0.0	0.0	0.0	0.0	0.0	0.0	0.0
189.95043579668183	0.0	0.0	0.0	0.0	0.0	0.0	0.0	0.0	0.0	0.0	0.0	0.0	0.0
202.43575376991498	0.0	0.0	0.0	0.0	0.0	0.0	0.0	0.0	0.0	0.0	0.0	0.0	0.0
215.6497473542278	0.0	0.0	0.0	0.0	0.0	0.0	0.0	0.0	0.0	0.0	0.0	0.0	0.0
229.6321396853075	0.0	0.0	0.0	0.0	0.0	0.0	0.0	0.0	0.0	0.0	0.0	0.0	0.0
244.42495487566535	0.0	0.0	0.0	0.0	0.0	0.0	0.0	0.0	0.0	0.0	0.0	0.0	0.0
260.0726711189153	0.0	0.0	0.0	0.0	0.0	0.0	0.0	0.0	0.0	0.0	0.0	0.0	0.0
276.622385841521	0.0	0.0	0.0	0.0	0.0	0.0	0.0	0.0	0.0	0.0	0.0	0.0	0.0
294.1239940542012	0.0	0.0	0.0	0.0	0.0	0.0	0.0	0.0	0.0	0.0	0.0	0.0	0.0
312.63038118216264	0.0	0.0	0.0	0.0	0.0	0.0	0.0	0.0	0.0	0.0	0.0	0.0	0.0
332.1976317891775	0.0	0.0	0.0	0.0	0.0	0.0	0.0	0.0	0.0	0.0	0.0	0.0	0.0
352.88525576985336	0.0	0.0	0.0	0.0	0.0	0.0	0.0	0.0	0.0	0.0	0.0	0.0	0.0
374.75643376378713	0.0	0.0	0.0	0.0	0.0	0.0	0.0	0.0	0.0	0.0	0.0	0.0	0.0
397.8782837473264	0.0	0.0	0.0	0.0	0.0	0.0	0.0	0.0	0.0	0.0	0.0	0.0	0.0
422.32215098470846	0.0	0.0	0.0	0.0	0.0	0.0	0.0	0.0	0.0	0.0	0.0	0.0	0.0
448.16392378134515	0.0	0.0	0.0	0.0	0.0	0.0	0.0	0.0	0.0	0.0	0.0	0.0	0.0
475.4843777730189	0.0	0.0	0.0	0.0	0.0	0.0	0.0	0.0	0.0	0.0	0.0	0.0	0.0
504.36955181917864	0.0	0.0	0.0	0.0	0.0	0.0	0.0	0.0	0.0	0.0	0.0	0.0	0.0
534.9111589484751	0.0	0.0	0.0	0.0	0.0	0.0	0.0	0.0	0.0	0.0	0.0	0.0	0.0
567.2070362358444	0.0	0.0	0.0	0.0	0.0	0.0	0.0	0.0	0.0	0.0	0.0	0.0	0.0
601.3616379878607	0.0	0.0	0.0	0.0	0.0	0.0	0.0	0.0	0.0	0.0	0.0	0.0	0.0
637.4865771758065	0.0	0.0	0.0	0.0	0.0	0.0	0.0	0.0	0.0	0.0	0.0	0.0	0.0
675.7012207073541	0.0	0.0	0.0	0.0	0.0	0.0	0.0	0.0	0.0	0.0	0.0	0.0	0.0
716.1333448738661	0.0	0.0	0.0	0.0	0.0	0.0	0.0	0.0	0.0	0.0	0.0	0.0	0.0
758.9198581662072	0.0	0.0	0.0	0.0	0.0	0.0	0.0	0.0	0.0	0.0	0.0	0.0	0.0
804.2075996390249	0.0	0.0	0.0	0.0	0.0	0.0	0.0	0.0	0.0	0.0	0.0	0.0	0.0
852.1542221597094	0.0	0.0	0.0	0.0	0.0	0.0	0.0	0.0	0.0	0.0	0.0	0.0	0.0
902.9291712052535	0.0	0.0	0.0	0.0	0.0	0.0	0.0	0.0	0.0	0.0	0.0	0.0	0.0
956.714771403297	0.0	0.0	0.0	0.0	0.0	0.0	0.0	0.0	0.0	0.0	0.0	0.0	0.0
1013.7074347934076	0.0	0.0	0.0	0.0	0.0	0.0	0.0	0.0	0.0	0.0	0.0	0.0	0.0
1074.1190069141803	0.0	0.0	0.0	0.0	0.0	0.0	0.0	0.0	0.0	0.0	0.0	0.0	0.0
1138.1782692740715	0.0	0.0	0.0	0.0	0.0	0.0	0.0	0.0	0.0	0.0	0.0	0.0	0.0
1206.132619690531	0.0	0.0	0.0	0.0	0.0	0.0	0.0	0.0	0.0	0.0	0.0	0.0	0.0
1278.2499556488804	0.0	0.0	0.0	0.0	0.0	0.0	0.0	0.0	0.0	0.0	0.0	0.0	0.0
1354.8207875447986	0.0	0.0	0.0	0.0	0.0	0.0	0.0	0.0	0.0	0.0	0.0	0.0	0.0
1436.160616906094	0.0	0.0	0.0	0.0	0.0	0.0	0.0	0.0	0.0	0.0	0.0	0.0	0.0
1522.6126213499163	0.0	0.0	0.0	0.0	0.0	0.0	0.0	0.0	0.0	0.0	0.0	0.0	0.0
1614.5506904115714	9.69115402505949e+29	1.2614250545221507e+28	7.238718183246315e+27	3.8630030170977933e+27	2.5089820540466985e+27	1.3699358100428003e+27	3.520855200124494e+26	1.745158463617467e+26	6.633822566711414e+25	4.527623684510996e+27	2.2006140156262274e+27	1.3699358100428003e+27	9.097267966252172e+26
1712.3828657444674	3.593553418683353e+31	5.1820211777031915e+29	2.9793428124569354e+29	1.592593841157623e+29	1.0353227431501555e+29	5.658922381103069e+28	1.4567712325445188e+28	7.224820674489207e+27	2.7479656288108475e+27	1.8658871951324765e+29	9.083016462580319e+28	5.658922381103069e+28	3.7600835434093033e+28
1816.5552485604521	8.98492936899326e+32	1.4360207723314437e+31	8.272661513781713e+30	4.429833697151068e+30	2.882545828161795e+30	1.577291603479345e+30	4.067370726905513e+29	2.0184147698826124e+29	7.681782627825115e+28	5.187935534472401e+30	2.52955396748883e+30	1.577291603479345e+30	1.0486754595286756e+30
1927.5564486954904	1.5562825262326132e+34	2.75831934083723e+32	1.5923497738550676e+32	8.542364726932459e+31	5.564250815595649e+31	3.0482094809763474e+31	7.87459756474418e+30	3.9102001113347354e+30	1.48912512195188e+30	1.0000069049230477e+32	4.884202494346572e+31	3.0482094809763474e+31	2.0279292007992606e+31
2045.9226643401612	1.7212436805077407e+35	3.672498376937168e+33	2.1286511879365995e+33	1.1459773572336033e+33	7.479087936410788e+32	4.1062942585763555e+32	1.0644644107068454e+32	5.292075244920505e+31	2.0178779608396622e+31	1.340451097293986e+33	6.56847159113593e+32	4.1062942585763555e+32	2.7352212185979088e+32
2172.243498901351	2.872242240638328e+38	3.2069271775093092e+34	1.7713253028323404e+34	9.138049763499682e+33	5.824331006225079e+33	3.1120143565809734e+33	7.730454993304245e+32	3.785879914626629e+32	1.4214091271557517e+32	1.079379448777838e+34	5.082364372844843e+33	3.1120143565809734e+33	2.0417354475486632e+33
2306.3377328387287	3.3213231842446047e+39	4.658502989913727e+35	2.574856706585534e+35	1.3291516847808292e+35	8.474542664974997e+34	4.52985598039702e+34	1.1259557979429142e+34	5.51544362330031e+33	2.0712534922452357e+33	1.5697621049949388e+35	7.395657148798141e+34	4.52985598039702e+34	2.9726181097370244e+34
2448.662044541807	3.0039285530263913e+40	4.889997528190632e+36	2.704097456969785e+36	1.3964618620294413e+36	8.905833533875123e+35	4.761707438619846e+35	1.1841038163174151e+35	5.801182615650568e+34	2.1789095878131046e+34	1.6490951356978665e+36	7.772547985200596e+35	4.761707438619846e+35	3.125250039443118e+35
2599.717923047862	2.443409838575425e+41	3.9719000993134064e+37	2.196386432332216e+37	1.13425988018561e+37	7.233632295412218e+36	3.867609980414921e+36	9.617600818095523e+35	4.711860643150725e+35	1.76975850968745e+35	1.3394603884331687e+37	6.313131283050731e+36	3.867609980414921e+36	2.5384211142147906e+36
2760.037258250634	1.3668602761205448e+42	2.3907019315048064e+38	1.322333282770511e+38	6.830283797595359e+37	4.356475255854341e+37	2.329605446921678e+37	5.794325339569918e+36	2.838983516806278e+36	1.0663993495843691e+36	8.06555778179915e+37	3.8022268125728673e+37	2.329605446921678e+37	1.5291057666121222e+37
2930.184203580361	6.145138480621097e+42	1.1352036708202166e+39	6.280137269717874e+38	3.2444298940522015e+38	2.0695451325857768e+38	1.1067977841955348e+38	2.753353965851464e+37	1.3491123044990391e+37	5.0679464553007606e+36	3.831048081875143e+38	1.8062946454593515e+38	1.1067977841955348e+38	7.265230276028582e+37
3110.757154492206	2.125529198583345e+43	4.252749748710174e+39	2.353342582319522e+39	1.2160788331789246e+39	7.758152794742638e+38	4.149742860721281e+38	1.032583023507004e+38	5.059995995864284e+37	1.9009666689363167e+37	1.4358736553480736e+39	6.7715553047220645e+38	4.149742860721281e+38	2.724214270936374e+38
3302.39085775967	5.831024439747443e+43	1.2593491724278038e+40	6.970750256175195e+39	3.6029784671167507e+39	2.298885654298855e+39	1.2298398422359657e+39	3.060980397943769e+38	1.5001138520668396e+38	5.636224520674039e+37	4.253944887454183e+39	2.0066129434188265e+39	1.2298398422359657e+39	8.074338694030908e+38
3505.7586680990153	1.1613555990377458e+44	2.796929818099127e+40	1.5487788700898698e+40	8.00806480571158e+39	5.110585069628807e+39	2.734656433518513e+39	6.808863078868328e+38	3.3372989647981918e+38	1.2540587013967174e+38	9.454136142381803e+39	4.4610871421194744e+39	2.734656433518513e+39	1.7956339206226518e+39
3721.574959108865	1.624026556735397e+44	4.45994402791401e+40	2.4709107098135758e+40	1.278179078405826e+40	8.159146270802687e+39	4.367208970235999e+39	1.0878699654508376e+39	5.332968630238144e+38	2.00431339992691e+38	1.5088315121178783e+40	7.122702842270689e+39	4.367208970235999e+39	2.8680735223893436e+39
3950.5976667843242	1.6120701744186724e+44	5.254182476063136e+40	2.9129715606847677e+40	1.5077942220330902e+40	9.62823814345792e+39	5.1556261360401355e+39	1.2850850819758847e+39	6.301189592690708e+38	2.3687594230266925e+38	1.7796258219647281e+40	8.405979941083263e+39	5.1556261360401355e+39	3.386616604421037e+39
4193.630946963744	1.5326217536468147e+44	5.650581146420787e+40	3.1343985878970723e+40	1.623175701260852e+40	1.0367766925629446e+40	5.553318930308883e+39	1.3848832296897757e+39	6.79169971000479e+38	2.5536062842209734e+38	1.9156001712230043e+40	9.052283013379498e+39	5.553318930308883e+39	3.64847754201326e+39
4451.52802590491	1.4944667445040878e+44	6.370229193237738e+40	3.535924143735691e+40	1.8321893601759638e+40	1.1706667439489342e+40	6.272867594904453e+39	1.5652666087291892e+39	7.67797345494603e+38	2.8874735396747655e+38	2.161975443976119e+40	1.022222104621996e+40	6.272867594904453e+39	4.1220942399195084e+39
4725.1942582596	1.518174273781032e+44	7.655564635618194e+40	4.2528218387401844e+40	2.205255445275862e+40	1.4096053722982768e+40	7.556719645836647e+39	1.8870192249403062e+39	9.258669038481716e+38	3.482872270993049e+38	2.601758547033969e+40	1.2309983777345558e+40	7.556719645836647e+39	4.967053310822417e+39
5015.590388752192	1.6157312509242458e+44	9.27745094745059e+40	5.157217433717971e+40	2.6757965284323333e+40	1.7109399712906816e+40	9.175625653136978e+39	2.292660290469184e+39	1.125134973788977e+39	4.233399275563186e+38	3.1564745874201396e+40	1.4942860185103329e+40	9.175625653136978e+39	6.03244994025845e+39
5323.736030371389	1.5723006997735094e+44	1.0643597457601917e+41	5.921848396469904e+40	3.0749333539106615e+40	1.967015569044728e+40	1.0554276915015275e+40	2.639245034298533e+39	1.2955908704099361e+39	4.876178806578169e+38	3.6266574482694955e+40	1.7181405869591522e+40	1.0554276915015275e+40	6.940801578557137e+39
5650.713324026413	1.5110624988492514e+44	1.2178922387256389e+41	6.782885917704284e+40	3.525188554822479e+40	2.256170636965609e+40	1.211277386621968e+40	3.0317346482594285e+39	1.4887439178128016e+39	5.605015261725205e+38	4.1568430542773645e+40	1.9709797566090699e+40	1.211277386621968e+40	7.968293182936917e+39
5997.670845920748	1.4778965695242012e+44	1.4078172405552972e+41	7.848633574998828e+40	4.0827785041133833e+40	2.614359663516979e+40	1.4043995671999384e+40	3.5183471772356883e+39	1.7282618374817758e+39	6.508977855455356e+38	4.813339831211588e+40	2.284207351155029e+40	1.4043995671999384e+40	9.241754071953082e+39
6365.827780867717	1.347721532805446e+44	1.5878461252986749e+41	8.864561264420705e+40	4.616939478875513e+40	2.958436967166358e+40	1.5904938829494573e+40	3.9895434607523956e+39	1.960589315100026e+39	7.387345445107706e+38	5.44154058378436e+40	2.585317714279712e+40	1.5904938829494573e+40	1.047100649929419e+40
6756.4783229404575	1.202515079009649e+44	1.7772083925196665e+41	9.93776093765352e+40	5.183337408723009e+40	3.3240351571891926e+40	1.7886952682199986e+40	4.493242336412054e+39	2.2092624929097307e+39	8.32875301583889e+38	6.107082389078841e+40	2.9054409481533273e+40	1.7886952682199986e+40	1.1781949454896015e+40
7170.99637284739	1.0906748528437808e+44	1.9927231114122235e+41	1.1161414535985015e+41	5.830182031470975e+40	3.7419331508530335e+40	2.015482033168742e+40	5.0705111957458325e+39	2.494417681847754e+39	9.408897577339294e+38	6.866871832449403e+40	3.2714474901881866e+40	2.015482033168742e+40	1.3282817627806552e+40
7610.840555138856	9.432016211516394e+43	2.201084808806331e+41	1.2354007846460607e+41	6.465006499243007e+40	4.153626144696099e+40	2.2398662102409098e+40	5.645474383980968e+39	2.7790920560629063e+39	1.04897720611864e+39	7.61136398629223e+40	3.632389485279014e+40	2.2398662102409098e+40	1.4771322821442865e+40
8077.559521763093	7.852234948892367e+43	2.3980925914491533e+41	1.3493668766508223e+41	7.077187054138165e+40	4.552590319467184e+40	2.4585206547281517e+40	6.21052231427111e+39	3.059677603931051e+39	1.1558299659112184e+39	8.327826199760613e+40	3.982634458978458e+40	2.4585206547281517e+40	1.622623769371901e+40
8572.797597526593	6.341124659660779e+43	2.5806013953802254e+41	1.4564278587067938e+41	7.659046172701119e+40	4.934175700036529e+40	2.669118800409412e+40	6.7605384161172e+39	3.333789997437917e+39	1.26060116167374e+39	9.007010413341425e+40	4.3181845334605875e+40	2.669118800409412e+40	1.76329028207166e+40
9098.300789678646	5.135236749743302e+43	2.7650597573638446e+41	1.5657267092042441e+41	8.258067610162342e+40	5.328773163137759e+40	2.8879831396200546e+40	7.336435151678761e+39	3.6215343880846494e+39	1.3708670177963112e+39	9.704913103069217e+40	4.665590556523588e+40	2.8879831396200546e+40	1.9098736838058209e+40
9655.923194274641	4.66904152840841e+43	3.0371204592953126e+41	1.7244558121828991e+41	9.117095492076875e+40	5.890925491703348e+40	3.197530879902102e+40	8.142274596568391e+39	4.02272364967343e+39	1.524052864183485e+39	1.0708554617446171e+41	5.159648889061665e+40	3.197530879902102e+40	2.1163857711563497e+40
10247.633851911462	4.3166000479631425e+43	3.3375458486161068e+41	1.9002073372734216e+41	1.0070503108460487e+41	6.51565671919478e+40	3.542051980964809e+40	9.041249291671157e+39	4.4706458987215704e+39	1.695225786429202e+39	1.1821861107382272e+41	5.708900621550247e+40	3.542051980964809e+40	2.34642086878088e+40
10875.523985406136	3.888619327018948e+43	3.639369822384053e+41	2.078254196647886e+41	1.1043182031731309e+41	7.155429236012057e+40	3.8963650805238785e+40	9.97173283649471e+39	4.9352913294598294e+39	1.8731868184467984e+39	1.295586995268208e+41	6.271946405579021e+40	3.8963650805238785e+40	2.5835421164786364e+40
11541.814674566478	3.282712853127314e+43	3.8768966049395785e+41	2.2224249272434112e+41	1.1849307689213944e+41	7.692148049841092e+40	4.197615031666983e+40	1.0778725162468549e+40	5.340974175097964e+39	2.029611555847999e+39	1.3890849814815106e+41	6.745824740663735e+40	4.197615031666983e+40	2.7866112457689645e+40
12248.864993708168	2.7940796485352347e+43	4.113370575802358e+41	2.367445347416501e+41	1.266700365070063e+41	8.238961415081023e+40	4.506013716494754e+40	1.1610789434105482e+40	5.760269252653973e+39	2.1916763929635757e+39	1.4837483691282718e+41	7.229176763971992e+40	4.506013716494754e+40	2.9950395821586077e+40
12999.180697157455	2.447765233619177e+43	4.345548973520149e+41	2.5112598609540005e+41	1.3484578842481648e+41	8.788066970363618e+40	4.817193753285813e+40	1.2456397848056764e+40	6.187427709244936e+39	2.3571860115593215e+39	1.5782243952603535e+41	7.715114603951895e+40	4.817193753285813e+40	3.2058944420423307e+40
13795.423449821166	2.214078908769105e+43	4.601800505776905e+41	2.669322432016526e+41	1.438058247557681e+41	9.389062316684451e+40	5.157344263338309e+40	1.3379257010657003e+40	6.65339614594705e+39	2.5376576305906652e+39	1.6818250113969668e+41	8.246801022282582e+40	5.157344263338309e+40	3.4362363920618267e+40
14640.420631861625	2.0168479121328498e+43	4.840426166531243e+41	2.8181708133724e+41	1.523210262618491e+41	9.962970293104063e+40	5.4838895345011115e+40	1.427221353312219e+40	7.105468793728307e+39	2.713216972811208e+39	1.7800817254366187e+41	8.75517176111448e+40	5.4838895345011115e+40	3.657998579270781e+40
15537.175741010898	1.8386440846734688e+43	5.041798779063466e+41	2.94632752126265e+41	1.5977020384682482e+41	1.0469172807898775e+41	5.774501082914926e+40	1.507738996496411e+40	7.514888820328457e+39	2.872909235228956e+39	1.865735766637168e+41	9.204540476221784e+40	5.774501082914926e+40	3.8563040958173946e+40
16488.87944037246	1.6805937048642612e+43	5.19717030128979e+41	3.0481977908872313e+41	1.6582941111801113e+41	1.0885770405246675e+41	6.016712490613289e+40	1.5760872968691538e+40	7.864545959508331e+39	3.010118518423166e+39	1.9350565687198206e+41	9.57550084907507e+40	6.016712490613289e+40	4.02269566441622e+40
17498.92129368243	1.5571081385693873e+43	5.307553463893877e+41	3.1235873525071812e+41	1.7045376866185713e+41	1.120869204992644e+41	6.207630407285244e+40	1.6312879838323058e+40	8.149237976404151e+39	3.12274168171134e+39	1.9876079584470083e+41	9.864218109112672e+40	6.207630407285244e+40	4.1550226502679967e+40
18570.902234803296	1.4380101199866683e+43	5.390404171297792e+41	3.181549942877423e+41	1.7407921227143242e+41	1.1464646446854673e+41	6.360940683483347e+40	1.6765897347484202e+40	8.38476907777655e+39	3.2167102779052934e+39	2.0286242763861357e+41	1.0093756895760257e+41	6.360940683483347e+40	4.262087802864049e+40
19708.647799584138	1.2785430778817829e+43	5.485401110767831e+41	3.244614428096876e+41	1.7783075765552863e+41	1.1722267978821338e+41	6.510785277947853e+40	1.7193891049121043e+40	8.60581598097752e+39	3.304608585757973e+39	2.071563472151572e+41	1.0323115127903151e+41	6.510785277947853e+40	4.3652548634762765e+40
20916.222158253444	1.1681977494892774e+43	5.600864764732376e+41	3.3243651065380737e+41	1.8271255512993814e+41	1.2060744054098496e+41	6.707922031394737e+40	1.7739966131009057e+40	8.881267288220557e+39	3.410642255453563e+39	2.1271291307993696e+41	1.0624882893053077e+41	6.707922031394737e+40	4.500235543387376e+40
22197.94306427575	1.0692665257111721e+43	5.7100130709594184e+41	3.402150423529468e+41	1.8761009308843574e+41	1.240654918963703e+41	6.914486243816539e+40	1.8344383372341322e+40	9.193985463962621e+39	3.5346964790473505e+39	2.1824947481224926e+41	1.0934882349987463e+41	6.914486243816539e+40	4.64409327888103e+40
23558.39770250215	9.768771351234887e+42	5.810039408098021e+41	3.4758319403784816e+41	1.923490049697418e+41	1.2744411491816347e+41	7.118279864493407e+40	1.8948462593951208e+40	9.50778855678643e+39	3.6596699148517576e+39	2.23583216131146e+41	1.1238497697272082e+41	7.118279864493407e+40	4.78671758325877e+40
25002.459521805693	8.904254289199841e+42	5.898989016384333e+41	3.54431907718871e+41	1.9687378267903363e+41	1.3070855767100399e+41	7.317502900175533e+40	1.954805891699478e+40	9.820718366211034e+39	3.7848542624588405e+39	2.2864823448097204e+41	1.1532715472787424e+41	7.317502900175533e+40	4.926954186479757e+40
26535.306111541675	8.092512024085851e+42	5.974289873772403e+41	3.606161925071874e+41	2.011097427236786e+41	1.3381168218091503e+41	7.509686732570881e+40	2.013735913515299e+40	1.0130001795601745e+40	3.9092408429936764e+39	2.3335612796931675e+41	1.1813438228074642e+41	7.509686732570881e+40	5.063208710992611e+40
28162.43818593689	7.327159963017402e+42	6.032744187518992e+41	3.65954018748524e+41	2.0496220362200604e+41	1.3669336393998585e+41	7.691658086143045e+40	2.0708781248521725e+40	1.0431999963859812e+40	4.0314968769933266e+39	2.3759508741702395e+41	1.2075430481308549e+41	7.691658086143045e+40	5.193421832892377e+40
29889.699745239588	6.602940723308348e+42	6.070668893518223e+41	3.702334269733044e+41	2.0831988300029047e+41	1.3928257234905786e+41	7.859645645400074e+40	2.1253225838403316e+40	1.0722329670854133e+40	4.1500106069126694e+39	2.4123397849897964e+41	1.2312498390376155e+41	7.859645645400074e+40	5.315137798980015e+40
31723.29948685963	5.916449154348953e+42	6.0841680280726166e+41	3.732269788777573e+41	2.11062090951324e+41	1.4150187002816055e+41	8.009515722572988e+40	2.1760646643130127e+40	1.0996140880807733e+40	4.262994866777872e+39	2.4413090720906185e+41	1.2517880445408217e+41	8.009515722572988e+40	5.425657503117157e+40
33669.83354442679	5.266429344697345e+42	6.069476866378997e+41	3.7471027554430675e+41	2.130680476892865e+41	1.432732708562664e+41	8.137080647011597e+40	2.222080156159749e+40	1.1248482454184422e+40	4.3686237289161967e+39	2.4614428927644845e+41	1.2684756797518146e+41	8.137080647011597e+40	5.522239275986917e+40
35736.30963769008	4.653574301681562e+42	6.0233040355484126e+41	3.744804783801854e+41	2.142262333828321e+41	1.4452412508691774e+41	8.238408853614122e+40	2.262400833379567e+40	1.1474670206374143e+40	4.465170034348498e+39	2.471439510442182e+41	1.2806761068833101e+41	8.238408853614122e+40	5.602300847433194e+40
37930.172721466086	4.0799333965628044e+42	5.943112561093306e+41	3.7237156278052795e+41	2.1444207900650717e+41	1.4519195243050647e+41	8.310078967224592e+40	2.296176164013424e+40	1.1670587196942353e+40	4.551117525104442e+39	2.4702026530347776e+41	1.2878400456837698e+41	8.310078967224592e+40	5.66358461993157e+40
40259.33222742023	3.548131888732851e+42	5.827309475860194e+41	3.682646170716448e+41	2.1364312120837977e+41	1.452276616579444e+41	8.349347743476621e+40	2.3227136379825627e+40	1.1832879378480104e+40	4.62523373695912e+39	2.4569028804383376e+41	1.2895335083559655e+41	8.349347743476621e+40	5.704266435750823e+40
42732.19099834432	3.0606130826646403e+42	5.675341017635861e+41	3.620930258668567e+41	2.1178153503036185e+41	1.4459709972425641e+41	8.354228667923716e+40	2.341496859892592e+40	1.1959042346980687e+40	4.6866020297727244e+39	2.4310079561632654e+41	1.2854511559253734e+41	8.354228667923716e+40	5.72300568180314e+40
45357.67602079955	2.619054255171879e+42	5.487708263314767e+41	3.53843381015721e+41	2.088344826081629e+41	1.4328120897767938e+41	8.323495991475205e+40	2.3521850183691614e+40	1.2047416775334545e+40	4.734619318850043e+39	2.3922873969243403e+41	1.2754175036179597e+41	8.323495991475205e+40	5.718946375707909e+40
48145.27106855893	2.22402475271771e+42	5.265925180584242e+41	3.4355337739642608e+41	2.0480293689346118e+41	1.4127521367093516e+41	8.256636678356867e+40	2.3545992677361353e+40	1.2097119535539462e+40	4.7689696059028277e+39	2.3407989663267063e+41	1.2593796511172571e+41	8.256636678356867e+40	5.69168394445812e+40
51105.05137624091	1.8748823236071253e+42	5.012440367463979e+41	3.313079289503321e+41	1.9970963545979804e+41	1.3858725644772477e+41	8.15377280249353e+40	2.3487015910185596e+40	1.2107937692027967e+40	4.7895834778317426e+39	2.276864813929056e+41	1.23739521279206e+41	8.15377280249353e+40	5.641212468834788e+40
54247.7204699124	1.5698580595957737e+42	4.7305388828347776e+41	3.172344847781026e+41	1.9359669458297e+41	1.352368279523288e+41	8.015572881365372e+40	2.334570729131833e+40	1.2080207748981347e+40	4.7965919455090485e+39	2.2010434681103778e+41	1.209618450701094e+41	8.015572881365372e+40	5.567864536821987e+40
57584.64928929037	1.3062624131196026e+42	4.424234443425874e+41	3.014981943909292e+41	1.8652324973038086e+41	1.3125323030256285e+41	7.8431652676781875e+40	2.3123784503456702e+40	1.2014696136363057e+40	4.790280598906295e+39	2.1141019353490084e+41	1.1762867240698587e+41	7.8431652676781875e+40	5.472252354338857e+40
61127.917744516955	1.0807474378119441e+42	4.098156605068e+41	2.8429725864940326e+41	1.78563333203996e+41	1.2667421840240939e+41	7.638061663046494e+40	2.282368203176788e+40	1.1912490911939139e+40	4.771047805111207e+39	2.016990305139181e+41	1.1377085294961265e+41	7.638061663046494e+40	5.355215474918462e+40
64890.35885935848	8.895743469377008e+41	3.7574331633986585e+41	2.6585854949198992e+41	1.698040734099253e+41	1.215448849539466e+41	7.402094772063862e+40	2.244837219367409e+40	1.1774909895426298e+40	4.739368893118418e+39	1.910819751329913e+41	1.0942537299089544e+41	7.402094772063862e+40	5.217777890775522e+40
68885.60566211419	7.288529181801694e+41	3.4075651571499043e+41	2.4643339678483527e+41	1.6034420679066258e+41	1.1591679779380158e+41	7.137371199583602e+40	2.200122442869612e+40	1.1603427091236829e+40	4.695767012346367e+39	1.7968437031376363e+41	1.0463460767024063e+41	7.137371199583602e+40	5.061115356132524e+40
73128.1409955508	5.947352517514262e+41	3.0542905461705807e+41	2.2629332008616507e+41	1.502928288011961e+41	1.0984735897281538e+41	6.846238752719766e+40	2.1485902184433872e+40	1.1399617117545983e+40	4.6407905534482177e+39	1.6764411880565818e+41	9.94457793276333e+40	6.846238752719766e+40	4.886532588315943e+40
77633.35042783708	4.835586109336127e+41	2.7034328028788374e+41	2.057254190995996e+41	1.3976826814891464e+41	1.0339932936247768e+41	6.531266094305733e+40	2.0906294190449602e+40	1.1165116147663108e+40	4.574996570503495e+39	1.5511008551679697e+41	9.39105769937342e+40	6.531266094305733e+40	4.695449250555628e+40
82417.57845777953	3.919400885960967e+41	2.360732227561786e+41	1.8502712368863458e+41	1.2889694339532328e+41	9.664044637675947e+40	6.195231967701619e+40	2.0266475655504153e+40	1.0901597298296785e+40	4.498939436246424e+39	1.4224039132021903e+41	8.80848782669043e+40	6.195231967701619e+40	4.489393204723738e+40
87498.18821969081	3.1683021278646286e+41	2.031660672679395e+41	1.6450004095839973e+41	1.1781204951564462e+41	8.96430525906817e+40	5.841120782041981e+40	1.9570694467509998e+40	1.0610758232058077e+40	4.4131639087289515e+39	1.2920041306905738e+41	8.202850635071949e+40	5.841120782041981e+40	4.269999303037356e+40
92893.62490600623	2.555342775132173e+41	1.7212243374688637e+41	1.4444272449554435e+41	1.066519230844567e+41	8.248364789593244e+40	5.472121078332496e+40	1.8823377456176474e+40	1.0294318802861385e+40	4.3182018236487836e+39	1.1616031414398556e+41	7.580495010480094e+40	5.472121078332496e+40	4.0390118705681736e+40
98623.48313934	2.0571011525968747e+41	1.4337639791675067e+41	1.2514233120022282e+41	9.555794955067474e+40	7.524227697759085e+40	5.091623213852294e+40	1.802915194743577e+40	9.954026743185128e+39	4.2145717074824696e+39	1.0329195972224488e+41	6.948097300584405e+40	5.091623213852294e+40	3.79828895448464e+40
104708.5785400963	1.6534999534228957e+41	1.172766617035921e+41	1.0686532224509961e+41	8.46719072293181e+40	6.800166807958475e+40	4.703212477103757e+40	1.7192878030950555e+40	9.591669591386447e+39	4.102780703371571e+39	9.07651243439102e+40	6.31260382961669e+40	4.703212477103757e+40	3.54980634717749e+40
111171.02375107034	1.327528941168347e+41	9.407066293043766e+40	8.984759606499404e+40	7.413269340947809e+40	6.084604997047147e+40	4.3106537964887286e+40	1.631968708150963e+40	9.209091237739105e+39	3.983328297345672e+39	7.874297925281977e+40	5.681148355204396e+40	4.3106537964887286e+40	3.295659319489816e+40
118034.30919674793	1.064918922100896e+41	7.389359132035357e+40	7.428468921037862e+40	6.407245065481909e+40	5.3859593986042e+40	3.917864289444949e+40	1.5415022068900718e+40	8.808211599976872e+39	3.856711416464621e+39	6.737695386347014e+40	5.060939025582897e+40	3.917864289444949e+40	3.038059937530514e+40
125323.38887229921	8.538010584514012e+40	5.676413860765143e+40	6.032290620760514e+40	5.461220560899563e+40	4.71244593793796e+40	3.5288702116638477e+40	1.4484675060135945e+40	8.391048015933433e+39	3.7234305406202036e+39	5.68011950897087e+40	4.459111486876947e+40	3.5288702116638477e+40	2.7793278158811933e+40
133064.7714756252	6.843743908410463e+40	4.258828328945525e+40	4.805238872111088e+40	4.585724284107254e+40	4.0718464276166814e+40	3.1477455159680996e+40	1.3534817057060155e+40	7.959736945564167e+39	3.583996519376873e+39	4.712698778845438e+40	3.882547902982707e+40	3.1477455159680996e+40	2.52187222391942e+40
141286.61721532152	5.4859570754879805e+40	3.11715039550567e+40	3.750314896911459e+40	3.78925506407806e+40	3.471246109599861e+40	2.7785303538786992e+40	1.25720150071063e+40	7.516554528422919e+39	3.438937821325398e+39	3.843762839353724e+40	3.3376658729338003e+40	2.7785303538786992e+40	2.268163683178886e+40
150018.84064814626	4.398994390676654e+40	2.2238644293468003e+40	2.8644923121875106e+40	3.0778774294228035e+40	2.9167560613094984e+40	2.425129538924872e+40	1.1603230517316765e+40	7.063934434546572e+39	3.288807959057529e+39	3.078433228853277e+40	2.8301864047250065e+40	2.425129538924872e+40	2.02069363609643e+40
159293.21992159003	3.5295072066538252e+40	1.545943944443871e+40	2.1391328740563454e+40	2.4549169931045015e+40	2.4132415467863846e+40	2.0911932906731025e+40	1.063579463744481e+40	6.604481307153934e+39	3.134192835106436e+39	2.4183770802249574e+40	2.3648958052169225e+40	2.0911932906731025e+40	1.7819215094638912e+40
169143.51282053057	2.8343174954667753e+40	1.0476740111440311e+40	1.5608265568966538e+40	1.920804150748228e+40	1.9640829887033029e+40	1.7799854155155779e+40	9.677353194649492e+39	6.140977940570996e+39	2.975717741849011e+39	1.8617747302122577e+40	1.9454217591738303e+40	1.7799854155155779e+40	1.5542095888226634e+40
179605.58004179384	2.2785969194085594e+40	6.934002576371895e+39	1.1125867121047295e+40	1.473104428101739e+40	1.570999240624776e+40	1.4942472162190278e+40	8.735777733032748e+39	5.676384192946022e+39	2.814053720857819e+39	1.4035320923168807e+40	1.5740478433155657e+40	1.4942472162190278e+40	1.3397475695132875e+40
190717.5161468323	1.834333510161457e+40	4.498804452341357e+39	7.752723238636667e+39	1.1067545455416244e+40	1.233961702059694e+40	1.2360684278734052e+40	7.819038346820281e+39	5.2138255479082344e+39	2.6499229481242638e+39	1.0357384674090336e+40	1.25159191913362e+40	1.2360684278734052e+40	1.1404703934328675e+40
202519.78867076195	1.4790533242810314e+40	2.8799768524949526e+39	5.290696622959328e+39	8.14496517211289e+39	9.512214102635321e+39	1.0067787336190162e+40	6.935036791140942e+39	4.756569267732885e+39	2.4841027638025046e+39	7.483347120988783e+39	9.77371052427856e+39	1.0067787336190162e+40	9.579748516797143e+39
215055.3858957798	1.194763437457888e+40	1.837209802940773e+39	3.548563350203067e+39	5.874722918343313e+39	7.194593855451078e+39	8.06874184996153e+39	6.091401322864343e+39	4.3079862732670944e+39	2.31742790583941e+39	5.29922529327781e+39	7.492681435377426e+39	8.06874184996153e+39	7.934421452246908e+39
228369.97382861594	9.670839720012487e+39	1.183363389546937e+39	2.352959125497252e+39	4.1591491013031286e+39	5.3405444009604346e+39	6.359914771931806e+39	5.295248838460541e+39	3.87149734127675e+39	2.1507904516098893e+39	3.686213085353792e+39	5.63903659554104e+39	6.359914771931806e+39	6.475747753103801e+39
242512.06295528007	7.845394769825189e+39	7.808614442986984e+38	1.5556549460441047e+39	2.898554905959722e+39	3.894450618132179e+39	4.929391032101794e+39	4.552924827435639e+39	3.4505029762108784e+39	1.9851369185054486e+39	2.5287115252354005e+39	4.16901296597768e+39	4.929391032101794e+39	5.205563449126915e+39
257533.18538206074	6.379832412029065e+39	5.342131837869718e+38	1.0368814598179316e+39	1.9976338428889372e+39	2.795465961960762e+39	3.75788067892653e+39	3.869737070424534e+39	3.048297476712927e+39	1.8214619473334563e+39	1.7209237150607083e+39	3.032218000228535e+39	3.75788067892653e+39	4.120417303073674e+39
273488.08300965896	5.2013155022109386e+39	3.808219547123109e+38	7.050948808731994e+38	1.370507411813348e+39	1.981755692807851e+39	2.820168662237183e+39	3.249704118911903e+39	2.6679692868819442e+39	1.660798004270221e+39	1.171404380162955e+39	2.1752782442122225e+39	2.820168662237183e+39	3.211824421509919e+39
290434.9074276215	4.2518823150699764e+39	2.818885922683358e+38	4.940717722015109e+38	9.439937222396893e+38	1.394323100298525e+39	2.0869724584140742e+39	2.6953433771435573e+39	2.3122916587671686e+39	1.5042006131481376e+39	8.053405937212204e+38	1.5453757977834216e+39	2.0869724584140742e+39	2.466879820868442e+39
308435.43225903646	3.4854291296002453e+39	2.1460035570114897e+38	3.584451292296778e+38	6.590051590994154e+38	9.800159602797322e+38	1.527006642659445e+39	2.2075248753474935e+39	1.9836098201957315e+39	1.3527288002344493e+39	5.647295184319942e+38	1.0932769628091145e+39	1.527006642659445e+39	1.869191504917295e+39
327555.27873091516	2.865291650920321e+39	1.6613960329121184e+38	2.687473709055655e+38	4.702884873856868e+38	6.934691884758591e+38	1.1090197141017848e+39	1.7854144198901783e+39	1.683732953737616e+39	1.2074207145769252e+39	4.069197374347804e+38	7.755584613027165e+38	1.1090197141017848e+39	1.4000445507412045e+39
347864.15529397666	2.362310951880365e+39	1.2952093092733858e+38	2.0677960695079915e+38	3.449392127532578e+38	4.97932315897184e+38	8.035770354359451e+38	1.4265230802411587e+39	1.413840982181767e+39	1.0692648083260595e+39	3.021376445644284e+38	5.558877994739719e+38	8.035770354359451e+38	1.0396707065945231e+39
369436.1121668562	1.9532900249123012e+39	1.0095054138726113e+38	1.6179157957219646e+38	2.602145989999978e+38	3.651101525592993e+38	5.844140369282089e+38	1.1268689792525475e+39	1.1744168943574668e+39	9.391674986146018e+38	2.306198273125323e+38	4.053783565823167e+38	5.844140369282089e+38	7.684813328094679e+38
392349.81173425796	1.619764320937129e+39	7.828866428314356e+37	1.2763895200029657e+38	2.011392889112391e+38	2.742723618156444e+38	4.292643179748168e+38	8.81243380757828e+38	9.652147015514076e+38	8.179188779032139e+38	1.798506587108259e+38	3.0217813651351118e+38	4.292643179748168e+38	5.681303412887272e+38
416688.81578646676	1.3470239871780685e+39	6.022316691631805e+37	1.008534551599361e+38	1.5827911114506208e+38	2.1094163675279726e+38	3.2015834806322596e+38	6.835583468480378e+38	7.85270704449306e+38	7.061586994182585e+38	1.422206791449469e+38	2.30535709028812e+38	3.2015834806322596e+38	4.2230675757972385e+38
442541.89064913755	1.1233374075362849e+39	4.585630380826478e+37	7.943903362557592e+37	1.2590312464604638e+38	1.6545261307595194e+38	2.432688606455546e+38	5.272408194394099e+38	6.3296158236930324e+38	6.0434544942918236e+38	1.1323666680902293e+38	1.7960768350611814e+38	2.432688606455546e+38	3.1720607847569186e+38
470003.33131761785	9.393353588821167e+38	3.4509802472580823e+37	6.217750315822842e+37	1.0060840588708791e+38	1.3160487769825434e+38	1.884320663250474e+38	4.056307601895872e+38	5.061072556352464e+38	5.127316683091046e+38	9.027183883887343e+37	1.4223750987237328e+38	1.884320663250474e+38	2.416838209284154e+38
499173.3057794626	7.875230820677818e+38	2.5636065211032586e+37	4.825551176146712e+37	8.037682909890629e+37	1.055426924918652e+38	1.4849215384152023e+38	3.1234099913438407e+38	4.021104228136506e+38	4.3134867837336895e+38	7.176208113398634e+37	1.1386679544355553e+38	1.4849215384152023e+38	1.8714119186988632e+38
530158.22078254	6.618940056343597e+38	1.8777519583328034e+37	3.7075763976351183e+37	6.3977298474060305e+37	8.490857285752673e+37	1.186029798231343e+38	2.415439244985062e+38	3.181192694645006e+38	3.60003371811402e+38	5.672644771820809e+37	9.166265792263795e+37	1.186029798231343e+38	1.4722232965759358e+38
563071.1103844522	5.576241067641984e+38	1.3546808507573708e+37	2.8165432071145616e+37	5.061306483250684e+37	6.825534776442397e+37	9.55859472649128e+37	1.881635139008693e+38	2.5119634731221043e+38	2.9828868605376024e+38	4.449963632083233e+37	7.387837969152575e+37	9.55859472649128e+37	1.1741145856467551e+38
598032.0487022105	4.708301324226734e+38	9.61580847964143e+36	2.1132366273428205e+37	3.9726208081214234e+37	5.466740913445837e+37	7.740039087779805e+37	1.4796731213000213e+38	1.9847592567834978e+38	2.4560791169883373e+38	3.459078405519313e+37	5.942077271147219e+37	7.740039087779805e+37	9.460878829805633e+37
635168.588369512	3.983783299153137e+38	6.708377772470982e+36	1.5643643893291107e+37	3.089444364245684e+37	4.353251046523621e+37	6.274422675209534e+37	1.1756811328621242e+38	1.5729449771624837e+38	2.0121124581040915e+38	2.6611738911192027e+37	4.757745220023326e+37	6.274422675209534e+37	7.674258600616642e+37
674616.2263028747	3.3773306209579084e+38	4.5946648340812494e+36	1.1414274203758124e+37	2.377825828958125e+37	3.4411826164048187e+37	5.07753432282393e+37	9.435614132155732e+37	1.2528406459855109e+38	1.6424131252019986e+38	2.0241109746252122e+37	3.785517955259201e+37	5.07753432282393e+37	6.244951424913037e+37
716518.8984776747	2.8683691428977597e+38	3.0860382862313506e+36	8.200499033303176e+36	1.8093921997174756e+37	2.6969026992418357e+37	4.0930019678026897e+37	7.638775350675689e+37	1.004242128872784e+38	1.3378310819322037e+38	1.5205903296304199e+37	2.988867836381645e+37	4.0930019678026897e+37	5.083287531317688e+37
761029.5055211284	2.440156387085954e+38	2.0302433154625545e+36	5.79517634765484e+36	1.3599304647465776e+37	2.0932435478919647e+37	3.2811247479994254e+37	6.2256075621021125e+37	8.10553321131007e+37	1.0891324717129644e+38	1.1271605715638602e+37	2.3390877689062562e+37	3.2811247479994254e+37	4.129272581715742e+37
808310.4710418923	2.079027022050938e+38	1.3066561509752258e+36	4.0240891628090675e+36	1.0085943668382996e+37	1.6074788255387967e+37	2.612310534955629e+37	5.096401980003354e+37	6.586030147558983e+37	8.874367625188036e+37	8.236319718886616e+36	1.8126072867504418e+37	2.612310534955629e+37	3.341379080493018e+37
858534.3347356137	1.77379297537806e+38	8.216460290582568e+35	2.742631173745127e+36	7.374184103888372e+36	1.22020852122816e+37	2.0633315897655215e+37	4.1813011108374547e+37	5.382473269158257e+37	7.245610686730032e+37	5.926870903855139e+36	1.3895241446364517e+37	2.0633315897655215e+37	2.6895252202577627e+37
911884.3824329097	1.5152657300482543e+38	5.041231516206954e+35	1.8326180088188835e+36	5.309852029847177e+36	9.147098875879156e+36	1.615208302803071e+37	3.431364398633626e+37	4.418626128871504e+37	5.932506568519936e+37	4.195871436116023e+36	1.0527685401852691e+37	1.615208302803071e+37	2.1508429352779567e+37
968555.3153913465	1.2958751912564768e+38	3.013752440393166e+35	1.199130302943938e+36	3.7616911257951005e+36	6.765306129046259e+36	1.251997607920879e+37	2.8118885488446104e+37	3.638185192312719e+37	4.872928326331702e+37	2.9192301022871054e+36	7.875978516292304e+36	1.251997607920879e+37	1.7071822892389429e+37
1028753.9612765518	1.109364992819537e+38	1.7529057080609557e+35	7.67384671246515e+35	2.619162438245133e+36	4.93210666323759e+36	9.600757216597731e+36	2.2976979429120745e+37	2.9999457703228816e+37	4.0152751181560325e+37	1.9938474979475774e+36	5.81267617211198e+36	9.600757216597731e+36	1.3436436193128565e+37
1092700.0294301487	9.505483440567092e+37	9.904189622069215e+34	4.79678134152936e+35	1.7903971556047526e+36	3.5407315123305567e+36	7.27692357881713e+36	1.8699741014988407e+37	2.4737509833310164e+37	3.3177874061691548e+37	1.335370731309774e+36	4.227984676917119e+36	7.27692357881713e+36	1.0476993216275356e+37
1160626.9131843252	8.151119558996364e+37	5.427307773317643e+34	2.924744641143077e+35	1.200200347050997e+36	2.5005149926408783e+36	5.446774324949892e+36	1.5141900492995142e+37	2.037328934842525e+37	2.747360310625835e+37	8.759631610769751e+35	3.0279558845518217e+36	5.446774324949892e+36	8.086507767860393e+36
1232782.5421551846	6.994581796083653e+37	2.87948659565028e+34	1.7370404844677754e+35	7.88068904916968e+35	1.735345368798789e+36	4.022356849132736e+36	1.2187879983580934e+37	1.6739578803280297e+37	2.2781296847599767e+37	5.6209375328743026e+35	2.1329609109208232e+36	4.022356849132736e+36	6.172777273492565e+36
1309430.2876301922	6.005775445682918e+37	1.476498262150991e+34	1.0033865048839668e+35	5.062283207291563e+35	1.1821924850405102e+36	2.9279283085896597e+36	9.743342087117155e+36	1.3708144472833102e+37	1.8900497308005245e+37	3.523795835609173e+35	1.4763012218740773e+36	2.9279283085896597e+36	4.656008724683368e+36
1390849.924359768	5.159455639954832e+37	7.303318093003278e+33	5.628374461041842e+34	3.1771777855706986e+35	7.896635750889657e+35	2.0987184949817512e+36	7.729717766101657e+36	1.1178384594977242e+37	1.567606860751041e+37	2.155288400764238e+35	1.0028793142507976e+36	2.0987184949817512e+36	3.467130116266597e+36
1477338.6522701324	4.434389420259244e+37	3.4778969955620555e+33	3.060835163985106e+34	1.9456467553896642e+35	5.165730961913223e+35	1.4798631426001745e+36	6.080577089473218e+36	9.069642243311358e+36	1.2987422181072928e+37	1.2843340497382336e+35	6.678924518568538e+35	1.4798631426001745e+36	2.5465249713298025e+36
1569212.181834722	3.8126732132497055e+37	1.591173787141611e+33	1.610974504412425e+34	1.1609143724296355e+35	3.305354132534009e+35	1.0254275551014534e+36	4.739149186466194e+36	7.316004357413214e+36	1.0739988139452034e+37	7.445325088029865e+34	4.355411079194852e+35	1.0254275551014534e+36	1.843028686810322e+36
1666805.8870757008	3.27917496246309e+37	6.9786423428593e+32	8.191063364058075e+33	6.739168571345306e+34	2.066029114123036e+35	6.974740912186661e+35	3.6565738872029957e+36	5.862743566810892e+36	8.858735647154582e+36	4.192233197906913e+34	2.777624049217487e+35	6.974740912186661e+35	1.3130837826582073e+36
1770476.030416328	2.8210768552980157e+37	2.92735211449302e+32	4.015737660442667e+33	3.8002015938311114e+34	1.2597837613845463e+35	4.65151087918946e+35	2.790632679177402e+36	4.6638372208535616e+36	7.283380802322396e+36	2.2890343754209673e+34	1.730099536561718e+35	4.65151087918946e+35	9.199880159677063e+35
1880601.0638701734	2.427499215875919e+37	1.1715896089806168e+32	1.8944865346413953e+33	2.0782199113419757e+34	7.483022779032712e+34	3.0379745323803386e+35	2.104801178189933e+36	3.680197057378863e+36	5.964889443213002e+36	1.209921884104261e+34	1.0510578762616638e+35	3.0379745323803386e+35	6.331934600446162e+35
1997583.0113355916	2.0891899676309126e+37	4.462343621271322e+31	8.582253110611789e+32	1.100310772209219e+34	4.32344165089335e+34	1.940689474809656e+35	1.567520845760386e+36	2.8783760841318785e+36	4.862928249108062e+36	6.179813830167902e+33	6.218932950620317e+34	1.940689474809656e+35	4.276325585941244e+35
2121848.9370646854	1.7982676590340918e+37	1.613130534417634e+31	3.725027875628e+32	5.629823068293696e+33	2.4258915978064775e+34	1.2109950650090306e+35	1.151621649393314e+36	2.229604734679516e+36	3.9439934245780833e+36	3.0442561640879795e+33	3.5783599700624247e+34	1.2109950650090306e+35	2.8306083864540514e+35
2253852.5056965975	1.5480078236131883e+37	5.519063053229425e+30	1.5454701415753237e+32	2.77847209598976e+33	1.3197328745087384e+34	7.371380102948803e+34	8.338469055822554e+35	1.7090585202320027e+36	3.180017298127695e+36	1.443467234446544e+33	1.9991427108722886e+34	7.371380102948803e+34	1.83415299066536e+35
2394075.6395868743	1.332665063613253e+37	1.7817869199961883e+30	6.1140085341323795e+31	1.3200285566121922e+33	6.948979198756001e+33	4.370715121810768e+34	5.9444649201725384e+35	1.2952927418370184e+36	2.5473152415103658e+36	6.574155823231236e+32	1.0826136719783458e+34	4.370715121810768e+34	1.1619463481627983e+35
2543030.279529542	1.1473242618852403e+37	5.410995460055217e+29	2.3003892548030035e+31	6.024431413196194e+32	3.534969056314221e+33	2.5205787724616317e+34	4.1681382191497975e+35	9.697981904851978e+35	2.0257773278432638e+36	2.8695946063885205e+32	5.673030278098281e+33	2.5205787724616317e+34	7.187099893505232e+34
2701260.2553583197	9.877758303559755e+36	1.5406118990213344e+29	8.20924221905317e+30	2.6354007905510826e+32	1.7339990049605436e+33	1.4115841662895775e+34	2.8715019056371246e+35	7.166449209489552e+35	1.5982401264884898e+36	1.1976749802955742e+32	2.8712572181881856e+33	1.4115841662895775e+34	4.334443963449322e+34
2869343.2733301753	8.504107649896232e+36	4.098175315502708e+28	2.7706744706127997e+30	1.1024727965606258e+32	8.185346637859742e+32	7.663947475026131e+33	1.9414625109925813e+35	5.221893253501157e+35	1.2499936007111618e+36	4.767965352541554e+31	1.400900757319734e+33	7.663947475026131e+33	2.545019475623e+34
3047893.0276407097	7.321323080678185e+36	1.0147851520081913e+28	8.81733407035968e+29	4.399671531459675e+31	3.7104956779226644e+32	4.0270037294510165e+33	1.286756342965067e+35	3.748260592189244e+35	9.683916712386505e+35	1.8058658067119426e+31	6.575685835424994e+32	4.0270037294510165e+33	1.4526532164876335e+34
3237561.4438992846	6.302811336485847e+36	2.330035253455713e+27	2.63741028398538e+29	1.670664501112917e+31	1.6116389132929099e+32	2.0440982171911228e+33	8.349939726433427e+34	2.6477032870524007e+35	7.425422368087835e+35	6.489636541659122e+30	2.963112672312244e+32	2.0440982171911228e+33	8.04726550977556e+33
3439041.0629057745	5.425720322678995e+36	4.940630459619288e+26	7.390138297935821e+28	6.020079525428271e+30	6.6915857705937455e+31	1.0004098346539775e+33	5.298326403973863e+34	1.838606894204116e+35	5.630594848397908e+35	2.2064826154864027e+30	1.2789576098112711e+32	1.0004098346539775e+33	4.319346733986637e+33
3653067.5736238793	4.67040177766818e+36	9.63303274615484e+25	1.9329930203648275e+28	2.0526999472796008e+30	2.649402935813384e+31	4.711232877283328e+32	3.2831135584614184e+34	1.2537531782182977e+35	4.2186435987845575e+35	7.076586602991252e+29	5.27524301797055e+31	4.711232877283328e+32	2.242345322885864e+33
3880422.504842634	4.019953478468586e+36	1.7192146973950002e+25	4.702156177927149e+27	6.603294563099362e+29	9.977036468397783e+30	2.130349876862927e+32	1.9839082631101432e+34	8.385759007349054e+34	3.1202183608931927e+35	2.1341245890039052e+29	2.074110302218108e+31	2.130349876862927e+32	1.1238137803869915e+33
