#t	Le	U	B	V	R	I	J	H	K	g	r	i	z
#----------------------------------------------- 
4.340657301708096	0.0	0.0	0.0	0.0	0.0	0.0	0.0	0.0	0.0	0.0	0.0	0.0	0.0
4.424367475542588	0.0	0.0	0.0	0.0	0.0	0.0	0.0	0.0	0.0	0.0	0.0	0.0	0.0
4.909521746926454	0.0	0.0	0.0	0.0	0.0	0.0	0.0	0.0	0.0	0.0	0.0	0.0	0.0
5.60296021948584	0.0	0.0	0.0	0.0	0.0	0.0	0.0	0.0	0.0	0.0	0.0	0.0	0.0
6.43906286988816	0.0	0.0	0.0	0.0	0.0	0.0	0.0	0.0	0.0	0.0	0.0	0.0	0.0
7.430500469085317	0.0	0.0	0.0	0.0	0.0	0.0	0.0	0.0	0.0	0.0	0.0	0.0	0.0
8.60163607218494	0.0	0.0	0.0	0.0	0.0	0.0	0.0	0.0	0.0	0.0	0.0	0.0	0.0
9.981907889516398	0.0	0.0	0.0	0.0	0.0	0.0	0.0	0.0	0.0	0.0	0.0	0.0	0.0
11.604659361920676	0.0	0.0	0.0	0.0	0.0	0.0	0.0	0.0	0.0	0.0	0.0	0.0	0.0
13.506437801484028	0.0	0.0	0.0	0.0	0.0	0.0	0.0	0.0	0.0	0.0	0.0	0.0	0.0
15.726056244743257	0.0	0.0	0.0	0.0	0.0	0.0	0.0	0.0	0.0	0.0	0.0	0.0	0.0
18.30327683819666	0.0	0.0	0.0	0.0	0.0	0.0	0.0	0.0	0.0	0.0	0.0	0.0	0.0
21.27716921139506	0.0	0.0	0.0	0.0	0.0	0.0	0.0	0.0	0.0	0.0	0.0	0.0	0.0
24.684336430419506	0.0	0.0	0.0	0.0	0.0	0.0	0.0	0.0	0.0	0.0	0.0	0.0	0.0
28.55729280486791	0.0	0.0	0.0	0.0	0.0	0.0	0.0	0.0	0.0	0.0	0.0	0.0	0.0
32.923285535455705	0.0	0.0	0.0	0.0	0.0	0.0	0.0	0.0	0.0	0.0	0.0	0.0	0.0
37.80375982245994	0.0	0.0	0.0	0.0	0.0	0.0	0.0	0.0	0.0	0.0	0.0	0.0	0.0
43.214506251666926	0.0	0.0	0.0	0.0	0.0	0.0	0.0	0.0	0.0	0.0	0.0	0.0	0.0
49.16636792032917	0.0	0.0	0.0	0.0	0.0	0.0	0.0	0.0	0.0	0.0	0.0	0.0	0.0
55.66628596235475	0.0	0.0	0.0	0.0	0.0	0.0	0.0	0.0	0.0	0.0	0.0	0.0	0.0
62.7184487971689	0.0	0.0	0.0	0.0	0.0	0.0	0.0	0.0	0.0	0.0	0.0	0.0	0.0
70.3253624839032	0.0	0.0	0.0	0.0	0.0	0.0	0.0	0.0	0.0	0.0	0.0	0.0	0.0
78.488736658391	0.0	0.0	0.0	0.0	0.0	0.0	0.0	0.0	0.0	0.0	0.0	0.0	0.0
87.2101526357785	0.0	0.0	0.0	0.0	0.0	0.0	0.0	0.0	0.0	0.0	0.0	0.0	0.0
96.49152521097875	0.0	0.0	0.0	0.0	0.0	0.0	0.0	0.0	0.0	0.0	0.0	0.0	0.0
106.3353940247825	0.0	0.0	0.0	0.0	0.0	0.0	0.0	0.0	0.0	0.0	0.0	0.0	0.0
116.74508626159535	0.0	0.0	0.0	0.0	0.0	0.0	0.0	0.0	0.0	0.0	0.0	0.0	0.0
127.72479005555945	0.0	0.0	0.0	0.0	0.0	0.0	0.0	0.0	0.0	0.0	0.0	0.0	0.0
139.27957030369942	0.0	0.0	0.0	0.0	0.0	0.0	0.0	0.0	0.0	0.0	0.0	0.0	0.0
151.4153489553007	0.0	0.0	0.0	0.0	0.0	0.0	0.0	0.0	0.0	0.0	0.0	0.0	0.0
164.13886287768582	0.0	0.0	0.0	0.0	0.0	0.0	0.0	0.0	0.0	0.0	0.0	0.0	0.0
177.45761573574435	0.0	0.0	0.0	0.0	0.0	0.0	0.0	0.0	0.0	0.0	0.0	0.0	0.0
191.37982331891803	0.0	0.0	0.0	0.0	0.0	0.0	0.0	0.0	0.0	0.0	0.0	0.0	0.0
205.9143657887317	0.0	0.0	0.0	0.0	0.0	0.0	0.0	0.0	0.0	0.0	0.0	0.0	0.0
221.07073760859691	0.0	0.0	0.0	0.0	0.0	0.0	0.0	0.0	0.0	0.0	0.0	0.0	0.0
236.85900793423875	0.0	0.0	0.0	0.0	0.0	0.0	0.0	0.0	0.0	0.0	0.0	0.0	0.0
253.28978059727166	0.0	0.0	0.0	0.0	0.0	0.0	0.0	0.0	0.0	0.0	0.0	0.0	0.0
270.3741605854036	0.0	0.0	0.0	0.0	0.0	0.0	0.0	0.0	0.0	0.0	0.0	0.0	0.0
288.1237301788629	9.119769642820952e+29	1.2894296286035652e+26	7.127681482021486e+25	3.679671952484839e+25	2.346242313648417e+25	1.2541990678911168e+25	3.117768042121448e+24	1.5272751235853612e+24	5.735680124784547e+23	4.3456959537862694e+25	2.0475729352045033e+25	1.2541990678911168e+25	8.230675871619379e+24
306.55052323085846	4.387205217636649e+31	7.299641836967106e+27	4.0372246242328526e+27	2.0852118931341917e+27	1.3299324804913406e+27	7.111429957027589e+26	1.7686671714267487e+26	8.66552672072818e+25	3.254921040097935e+25	2.4623675748474705e+27	1.1607205960224444e+27	7.111429957027589e+26	4.667679140318429e+26
325.6670043270379	1.47170945186902e+33	2.8454863706311796e+29	1.5745733805411897e+29	8.136385059033173e+28	5.190672408042901e+28	2.7763953463081343e+28	6.908391068414992e+27	3.385315847874629e+27	1.2718049647087183e+27	9.607000887166036e+28	4.5305664088770255e+28	2.7763953463081343e+28	1.8226298751464313e+28
345.48605337357185	2.9968507801076515e+34	6.765703219384916e+30	3.745972736587766e+30	1.936656275535515e+30	1.2358548725790728e+30	6.612521913726737e+29	1.6462185986114592e+29	8.068442753174841e+28	3.031751386820531e+28	2.2864324958543906e+30	1.0787725397736357e+30	6.612521913726737e+29	4.341741136456935e+29
366.0209515085285	4.059457895008674e+35	1.0596953919746904e+32	5.870501639580368e+31	3.036546559390276e+31	1.9382786565279578e+31	1.0374235805042817e+31	2.5840356417192393e+30	1.2667171574736835e+30	4.7606363947653724e+29	3.584560158878145e+31	1.692044378439867e+31	1.0374235805042817e+31	6.812893029684275e+30
387.2853720762121	3.8312837172201806e+36	1.15944462504567e+33	6.426942073883947e+32	3.32614873646202e+32	2.1237728391289182e+32	1.1370991654619472e+32	2.833861963525959e+31	1.3894548432632403e+31	5.2229650714781e+30	3.925943698116405e+32	1.854125469565962e+32	1.1370991654619472e+32	7.4689252454755645e+31
409.29337229509844	2.693081112015666e+37	9.373818660455207e+33	5.199126187031564e+33	2.6921510369425714e+33	1.7194734863747e+33	9.209489883751422e+32	2.2964285355745848e+32	1.1261672937721478e+32	4.234113900174905e+31	3.1772287087539295e+33	1.5012808063696332e+33	9.209489883751422e+32	6.0503337774684066e+32
432.0593859256485	1.454376740063743e+38	5.830369419444402e+34	3.235828929475646e+34	1.6764894197207672e+34	1.0711112346658866e+34	5.738966954521709e+33	1.43186688393683e+33	7.023312641817428e+32	2.6411549029423446e+32	1.9783048615419048e+34	9.352734406149217e+33	5.738966954521709e+33	3.7710877389111574e+33
455.598220660424	6.326961830999937e+38	2.9021852896752616e+35	1.6117254783792884e+35	8.355128780678252e+34	5.33979896810608e+34	2.8620909751564472e+34	7.145034783347502e+33	3.505364754212568e+33	1.3184918675690028e+33	9.857998788683436e+34	4.663012626204363e+34	2.8620909751564472e+34	1.8810730636355338e+34
479.9250546315124	2.2635524294423566e+39	1.1888643667944638e+36	6.606785403189408e+35	3.426989980799348e+35	2.1909387652521813e+35	1.1747810624828278e+35	2.9345645288170626e+34	1.440014711746495e+34	5.417620310606459e+33	4.0428581493542664e+35	1.9134259613228117e+35	1.1747810624828278e+35	7.722775231722631e+34
505.0554391890898	7.270485011670946e+39	4.180863927859804e+36	2.3244894114814043e+36	1.2062349190802554e+36	7.713488535943285e+35	4.137087949758206e+35	1.0338718442791296e+35	5.074061630088926e+34	1.9092606368147764e+34	1.4228717965199563e+36	6.736897835682532e+35	4.137087949758206e+35	2.7200499515605683e+35
531.0052968668188	2.1117451488165408e+40	1.2839405091458494e+37	7.140605628938551e+36	3.7064153714811105e+36	2.3704845468015458e+36	1.2716132129022374e+36	3.178658576122262e+35	1.5601789321877839e+35	5.871197595333629e+34	4.3718129940374657e+36	2.0704451845364264e+36	1.2716132129022374e+36	8.361392360409719e+35
557.7909202473762	4.960291893994242e+40	3.37974178589904e+37	1.8808104247795158e+37	9.768008925761805e+36	6.249197819940552e+36	3.3534991059625105e+36	8.387518505172211e+35	4.117669533967733e+35	1.5498654590399436e+35	1.1520143307319492e+37	5.458681498593974e+36	3.3534991059625105e+36	2.205510609155904e+36
585.4289730526903	1.0442883404027905e+41	7.907484318080436e+37	4.403132075210437e+37	2.2880008699874875e+37	1.4642148026918406e+37	7.860119752113847e+36	1.9669894814660426e+36	9.658381120942246e+35	3.636083044033384e+35	2.698076967590611e+37	1.279098046095667e+37	7.860119752113847e+36	5.1704026926699557e+36
613.9364912076218	1.9177787571561013e+41	1.6412367192992706e+38	9.145583668160548e+37	4.755412976702118e+37	3.0443493814603943e+37	1.63493589304614e+37	4.094121334793349e+36	2.0107814150942e+36	7.571803681703616e+35	5.606882680955275e+37	2.659723710241056e+37	1.63493589304614e+37	1.075716327979035e+37
643.3308875380446	3.1483155241695437e+41	3.051859936691395e+38	1.7019335356961175e+38	8.855647225391141e+37	5.671455380690465e+37	3.0471544804682597e+37	7.63589875965875e+36	3.751221721269926e+36	1.4129246441137824e+36	1.0439612088310887e+38	4.9554414370878095e+37	3.0471544804682597e+37	2.0053950692205725e+37
673.6299559533602	4.5391779420875206e+41	5.070205738591027e+38	2.8301381174056636e+38	1.4738222083694256e+38	9.443218720717546e+37	5.076348898597343e+37	1.2731579576375842e+37	6.256397226336174e+36	2.3572412134949728e+36	1.737106549111362e+38	8.2520642855414875e+37	5.076348898597343e+37	3.341846303524981e+37
704.8518745627562	5.824465491185356e+41	7.573954154535728e+38	4.232166956464125e+38	2.20601213060685e+38	1.4141979955883034e+38	7.606830091115532e+37	1.9096237069805055e+37	9.387204556639058e+36	3.5380741952602666e+36	2.599534444524425e+38	1.2359893950774574e+38	7.606830091115532e+37	5.00939594639176e+37
737.0152124896043	6.6305864966370194e+41	1.0217199455523615e+39	5.716310669890229e+38	2.9829405048164644e+38	1.9134475487448267e+38	1.0299609687925187e+38	2.5885378668928565e+37	1.2729650239918596e+37	4.7998300469074984e+36	3.514156865553045e+38	1.672609545502516e+38	1.0299609687925187e+38	6.785411613358062e+37
770.1389338863394	6.8840579465375845e+41	1.2656709921966758e+39	7.09103361733291e+38	3.7048940901035e+38	2.3781939390109397e+38	1.2811395337323758e+38	3.223840347368155e+37	1.5860900979483807e+37	5.983226072465295e+36	4.363438781787402e+38	2.0792507830625983e+38	1.2811395337323758e+38	8.443932265915888e+37
804.2424049094651	6.645216740026791e+41	1.4666610162197562e+39	8.229799749064206e+38	4.30577416763517e+38	2.7660146858055728e+38	1.4913706552446455e+38	3.7580615962175744e+37	1.8498264000820628e+37	6.981642757584185e+36	5.069528105760686e+38	2.418825007001902e+38	1.4913706552446455e+38	9.834388857700187e+37
839.3454011949423	6.3693248194108904e+41	1.6442032394413324e+39	9.239302861168242e+38	4.840109169335752e+38	3.111478116565993e+38	1.6790078505499028e+38	4.236325191701934e+37	2.0861898538725137e+37	7.877415754516966e+36	5.696974304076782e+38	2.72145205752626e+38	1.6790078505499028e+38	1.1076760898904272e+38
875.4681149100803	7.624399802717947e+41	1.9378863297771412e+39	1.0887793112695358e+39	5.702847356865925e+38	3.665790695369884e+38	1.9779375303838815e+38	4.98981563276298e+37	2.4571188794946134e+37	9.277534100630541e+36	6.712674095163739e+38	3.2062094136164794e+38	1.9779375303838815e+38	1.3048172012661503e+38
912.6311609953849	7.01163898913334e+41	2.111079184913211e+39	1.188015361558306e+39	6.2316064088871566e+38	4.008890719174366e+38	2.1650590558253784e+38	5.46980074851758e+37	2.694857613356342e+37	1.0180552894440073e+37	7.332636150130624e+38	3.50706045801494e+38	2.1650590558253784e+38	1.4289946338473559e+38
950.855586784473	7.025770014417965e+41	2.367372885043813e+39	1.333768517411252e+39	7.003227210896094e+38	4.507824001035542e+38	2.4360917622581758e+38	6.1608007777754e+37	3.036390110894835e+37	1.1475026839210646e+37	8.238675956637085e+38	3.944141979783747e+38	2.4360917622581758e+38	1.6084644560902082e+38
990.1628797861221	6.6913212417846315e+41	2.6334279726461217e+39	1.4861297823155526e+39	7.814720545694162e+38	5.034278846813556e+38	2.723153072868807e+38	6.896939021834909e+37	3.400972229456052e+37	1.2859734523657023e+37	9.190223638557225e+38	4.4057461728575644e+38	2.723153072868807e+38	1.7989439734533724e+38
1030.5749761342713	6.579809626469363e+41	2.97025624555974e+39	1.678861975761687e+39	8.840537243612373e+38	5.699537318562258e+38	3.085756839490938e+38	7.826252590290397e+37	3.861136041666769e+37	1.4607121701563118e+37	1.0393266995295076e+39	4.989000162122908e+38	3.085756839490938e+38	2.039498400862917e+38
1072.1145999774576	6.373061822072942e+41	3.3427754192727334e+39	1.892856013244495e+39	9.983416488841139e+38	6.442101130774862e+38	3.491358667553218e+38	8.869194465423512e+37	4.378158392463457e+37	1.657272587620218e+37	1.1732554989227271e+39	5.6403598065695536e+38	3.491358667553218e+38	2.308895059741163e+38
1114.8075876515225	6.193150908678558e+41	3.755155226556165e+39	2.130447838041644e+39	1.125559301164696e+39	7.269842594400364e+38	3.944214847705771e+38	1.0036557021287688e+38	4.957366217983521e+37	1.8776714857171414e+37	1.3222485946547041e+39	6.366713190389042e+38	3.944214847705771e+38	2.6099461133088143e+38
1158.6809642421601	5.996427135796798e+41	4.1986773163356835e+39	2.3868577871701732e+39	1.2632609286041295e+39	8.167253829578521e+38	4.4360935738240456e+38	1.1308129561496052e+38	5.588906538472996e+37	2.1182277062685492e+37	1.4834112930587824e+39	7.154548219662888e+38	4.4360935738240456e+38	2.9372721605044647e+38
1203.7608490232778	6.96903156769121e+41	4.9136292011146147e+39	2.794260497824208e+39	1.479338615599557e+39	9.565892576781985e+38	5.196806343023393e+38	1.325143260581446e+38	6.550088416309469e+37	2.4828053764860787e+37	1.737021749041393e+39	8.380155683205057e+38	5.196806343023393e+38	3.441346188099893e+38
1250.073439287953	7.312568518742258e+41	5.621460314532413e+39	3.199760763471741e+39	1.6954019404093073e+39	1.0967970159314713e+39	5.9615752649956514e+38	1.521374519234991e+38	7.522165914095348e+37	2.852094849506221e+37	1.9903492517637222e+39	9.609613695968091e+38	5.9615752649956514e+38	3.948909571416246e+38
1297.645901064224	7.112419141336723e+41	6.201783351156267e+39	3.537153451495327e+39	1.8774808813868713e+39	1.2157763712858193e+39	6.6156909195756284e+38	1.6912654381438577e+38	8.367323866489859e+37	3.174554980656027e+37	2.203213486540799e+39	1.0654883995803274e+39	6.6156909195756284e+38	4.384927437357207e+38
1346.5059920749145	6.892041252660473e+41	6.818596734899806e+39	3.897021546557724e+39	2.0722772920586203e+39	1.3432759117117425e+39	7.317957359314207e+38	1.8741866028535485e+38	9.27821052987019e+37	3.5224462345471234e+37	2.430788995039797e+39	1.1775504726023935e+39	7.317957359314207e+38	4.853523118205085e+38
1396.6816338057683	6.756128220112376e+41	7.495667122084509e+39	4.29278981471441e+39	2.2868622556809575e+39	1.4838566197316285e+39	8.09308910385617e+38	2.076418615095151e+38	1.0285838887924256e+38	3.907512908417543e+37	2.6813877221080236e+39	1.30114066805931e+39	8.09308910385617e+38	5.37104144583627e+38
1448.2011624057689	6.519869859889811e+41	8.182329557523893e+39	4.6969254717971415e+39	2.507267301551404e+39	1.6287065463725067e+39	8.894600388961385e+38	2.28666806761545e+38	1.1335370921607153e+38	4.309353896473783e+37	2.9384435231715724e+39	1.4285921023723154e+39	8.894600388961385e+38	5.9072145618619e+38
1501.0935632159471	6.369196020561178e+41	8.943690205937725e+39	5.145641304175927e+39	2.7522886991521915e+39	1.789846363080842e+39	9.786967340432194e+38	2.5210479165276926e+38	1.2505884538138566e+38	4.757723487217747e+37	3.224127413842106e+39	1.5704037227841427e+39	9.786967340432194e+38	6.504434839113938e+38
1555.388446685649	6.36309617849126e+41	9.870979810355167e+39	5.689806614816849e+39	3.048359829645457e+39	1.984183814049657e+39	1.0860860611991039e+39	2.802189657960678e+38	1.3908371294421522e+38	5.294347804772871e+37	3.5696135249386006e+39	1.7413427500877097e+39	1.0860860611991039e+39	7.222299000894748e+38
1611.1161724413619	7.233746453442645e+41	1.1345293288983259e+40	6.54015250251734e+39	3.504180410567277e+39	2.2809633314908566e+39	1.24858716631833e+39	3.2216622123046105e+38	1.5990732870382568e+38	6.087154614570473e+37	4.103313156502459e+39	2.0018199495021743e+39	1.24858716631833e+39	8.303096704012107e+38
1668.308165722075	7.112685048165363e+41	1.2372991248448122e+40	7.148666197227552e+39	3.8377996175850324e+39	2.500852241775601e+39	1.3706613398122064e+39	3.543518273071282e+38	1.760024541505496e+38	6.704518868185723e+37	4.4919423812202135e+39	2.1954485371584537e+39	1.3706613398122064e+39	9.121203684304963e+38
1726.9960471565043	6.979666644247681e+41	1.346873972536868e+40	7.799850449915399e+39	4.195930903099464e+39	2.737297023958788e+39	1.5021772982687805e+39	3.891279739338379e+38	1.934105264424721e+38	7.372926407710144e+37	4.9088301883516783e+39	2.4037506042496794e+39	1.5021772982687805e+39	1.0003509891488044e+39
1787.2102560929131	6.720252869255309e+41	1.4494925366229228e+40	8.417939747302615e+39	4.539704640869135e+39	2.965628694124e+39	1.6300327946874978e+39	4.232784265803954e+38	2.1056423137979323e+38	8.033857137268555e+37	5.307994622336882e+39	2.6052279706613365e+39	1.6300327946874978e+39	1.0864385774753838e+39
1848.9823658816838	6.533991769379793e+41	1.5649558325323763e+40	9.113050713090788e+39	4.9262056025211257e+39	3.222312183101063e+39	1.7737526301305814e+39	4.6166464833660594e+38	2.2984568235836993e+38	8.776782718116933e+37	5.756795234760406e+39	2.8317175154051765e+39	1.7737526301305814e+39	1.1832054191960778e+39
1912.3443528228752	6.2949070267469185e+41	1.6760450345416243e+40	9.79018257223284e+39	5.306616022888967e+39	3.4763395762657884e+39	1.9168538659312608e+39	5.002359878088933e+38	2.4928028245630228e+38	9.527953260697594e+37	6.197502227629774e+39	3.056191242096956e+39	1.9168538659312608e+39	1.2798744911715975e+39
1977.3282131111753	6.866989234646863e+41	1.8853052501574728e+40	1.1018894711176674e+40	5.975635523099718e+39	3.915696529530367e+39	2.1597968983952643e+39	5.639117686662527e+38	2.810594845785695e+38	1.074448612116654e+38	6.97803477490835e+39	3.442706028200643e+39	2.1597968983952643e+39	1.442338416064329e+39
2043.9672268621264	6.8708822122769875e+41	2.04256801736303e+40	1.1967232666324995e+40	6.503824693365002e+39	4.266829660905351e+39	2.356636548160721e+39	6.165899616262144e+38	3.0753890650931297e+38	1.1765521449721692e+38	7.591116809292587e+39	3.7526217419177637e+39	2.356636548160721e+39	1.5749626388337376e+39
2112.295235559995	6.777429555110064e+41	2.209952767101663e+40	1.2980759285132557e+40	7.070238289860081e+39	4.644048990284858e+39	2.5685191437853352e+39	6.7346166298128575e+38	3.361548240897699e+38	1.2870048029034056e+38	8.248068491108309e+39	4.0857202219701115e+39	2.5685191437853352e+39	1.7178753377705242e+39
2182.3467429103175	6.700459337596346e+41	2.3778738503123334e+40	1.4005988711600577e+40	7.647232883445163e+39	5.029771839193474e+39	2.786099419295376e+39	7.322398497602752e+38	3.65795395667121e+38	1.4016685443152148e+38	8.916231134923276e+39	4.4266734302819426e+39	2.786099419295376e+39	1.8649718476377985e+39
2254.1573248566347	6.372710272462603e+41	2.517481807595899e+40	1.4883363076816015e+40	8.152655148409201e+39	5.3717636078793443e+39	2.9815810131462e+39	7.860834019907482e+38	3.931241803637063e+38	1.5080764367867106e+38	9.498496019944264e+39	4.72993918015332e+39	2.9815810131462e+39	1.9980679287934485e+39
2327.763526555311	6.2433496801611815e+41	2.689774114904085e+40	1.5952751915223995e+40	8.762848697045624e+39	5.782685063575778e+39	3.2152767252281325e+39	8.499945716155799e+38	4.254880602282258e+38	1.633803537140359e+38	1.0202920160735526e+40	5.0938787052155934e+39	3.2152767252281325e+39	2.1567621400403762e+39
2403.2030934617906	6.176673732750257e+41	2.8796033378639156e+40	1.7131226162419317e+40	9.435521743766156e+39	6.235796170746646e+39	3.473051895157584e+39	9.20533248496645e+38	4.612162554879658e+38	1.772634350650287e+38	1.097940033054525e+40	5.495214240308421e+39	3.473051895157584e+39	2.3318433930611228e+39
2480.516098048846	6.663408145456137e+41	3.2223797704073524e+40	1.9178759801205028e+40	1.0566946089464955e+40	6.984798325294669e+39	3.890974881574339e+39	1.031597658524862e+39	5.169117023335924e+38	1.9868794781998737e+38	1.2295003111716104e+40	6.155555123326203e+39	3.890974881574339e+39	2.6127140485438053e+39
2559.7443493787882	6.7376878940450866e+41	3.457579506608589e+40	2.0635967108969361e+40	1.139766931670046e+40	7.544079844821872e+39	4.209004444377125e+39	1.1185850018638022e+39	5.609671528101095e+38	2.1580572671845146e+38	1.3254164895693232e+40	6.650869034292962e+39	4.209004444377125e+39	2.828677697072302e+39
2640.929996955253	6.3600861432565426e+41	3.631675833242686e+40	2.1767735859781989e+40	1.2067483523563613e+40	8.003679416880064e+39	4.475738742467247e+39	1.1937085158233205e+39	5.993808229028376e+38	2.3087377611236236e+38	1.4021220028376167e+40	7.059927837490753e+39	4.475738742467247e+39	3.011770020022752e+39
2724.116082674316	6.2920482336346226e+41	3.854100574780399e+40	2.3181510453587265e+40	1.2890628051146312e+40	8.564058885326315e+39	4.798331667994578e+39	1.2835694455598733e+39	6.4517254548796145e+38	2.48776391790353e+38	1.4967160851316479e+40	7.557683518677102e+39	4.798331667994578e+39	3.2322898027942533e+39
2809.3462426314204	6.028065348275482e+41	4.043883596567189e+40	2.4428813345285126e+40	1.363582603663707e+40	9.078018619888068e+39	5.098348910091673e+39	1.368817226764452e+39	6.888958370228722e+38	2.6598004594493436e+38	1.5818714529696203e+40	8.01575799003039e+39	5.098348910091673e+39	3.438884365471908e+39
2896.6646198862886	6.32238718653495e+41	4.434973021885182e+40	2.6828314681544204e+40	1.499283723265241e+40	9.987799555787493e+39	5.613309076792512e+39	1.5087154787344222e+39	7.595874097836202e+38	2.9338486866804374e+38	1.7388328772424955e+40	8.82058869057094e+39	5.613309076792512e+39	3.7877130100952927e+39
2986.116358519592	6.434656942185518e+41	4.732917013947074e+40	2.8717596857369803e+40	1.6091586387763998e+40	1.0735579075415487e+40	6.04374039402657e+39	1.628651930040939e+39	8.207185409966366e+38	3.172911757044257e+38	1.8651228500344583e+40	9.484771495654083e+39	6.04374039402657e+39	4.0819638758795564e+39
3077.7471540684433	6.3748493451417094e+41	5.030524861134627e+40	3.062862908788198e+40	1.7213883013641553e+40	1.150315794436585e+40	6.487902589303895e+39	1.7533459801661782e+39	8.84429927928402e+38	3.422665522794161e+38	1.9938444027668688e+40	1.0167416456137129e+40	6.487902589303895e+39	4.3864433848491983e+39
3171.602447775624	6.179544951673083e+41	5.281988370504166e+40	3.2298629682279013e+40	1.8220814766299628e+40	1.22011431277282e+40	6.897678901342221e+39	1.8708071123574595e+39	9.448579533522856e+38	3.661160415085127e+38	2.1086679126741456e+40	1.0790354083348184e+40	6.897678901342221e+39	4.669509307101932e+39
3267.7291316634123	6.041294384066778e+41	5.526025533249838e+40	3.3941066896157347e+40	1.9222401760209297e+40	1.2899661005577747e+40	7.31056737425512e+39	1.9903796554547074e+39	1.0065870598829422e+39	3.905647315952715e+38	2.2225904491232514e+40	1.141478371477392e+40	7.31056737425512e+39	4.9557837536436274e+39
3366.17546404182	5.965344371963795e+41	5.823207372529374e+40	3.590974068615211e+40	2.0408807503095378e+40	1.3722267048310398e+40	7.793839204115018e+39	2.1291511589049264e+39	1.078033568731913e+39	4.18787335670441e+38	2.357879753387592e+40	1.214903678560061e+40	7.793839204115018e+39	5.289799072381746e+39
3466.9905588359256	6.305833420067923e+41	6.369794567067686e+40	3.933347664072013e+40	2.237961208228987e+40	1.505622305365029e+40	8.557019758889676e+39	2.3398728996548066e+39	1.1851052786175898e+39	4.605290285437028e+38	2.5849268510178006e+40	1.3332135705058331e+40	8.557019758889676e+39	5.809801883347516e+39
3570.4496045220158	6.2091442333296195e+41	6.716747530879561e+40	4.16384144983521e+40	2.3771532221060477e+40	1.6022283122408205e+40	9.125151635311462e+39	2.5032400304218385e+39	1.2692517798393856e+39	4.937824867680832e+38	2.743581745066913e+40	1.4194653500179994e+40	9.125151635311462e+39	6.20267453367453e+39
3676.5989884990777	6.104179284656177e+41	6.9809288929534e+40	4.348024460353695e+40	2.492730456049735e+40	1.6840469243284421e+40	9.616768338915098e+39	2.6490880074956475e+39	1.3451546316084229e+39	5.240875895244711e+38	2.874207903727183e+40	1.4928957593917024e+40	9.616768338915098e+39	6.546546299062661e+39
3785.3436332881065	5.964674911412863e+41	7.288870096287816e+40	4.561548742255006e+40	2.626078064890837e+40	1.7781975639320861e+40	1.0180806168179491e+40	2.815667559295449e+39	1.431713147665985e+39	5.58593440688757e+38	3.025083355459128e+40	1.5773340406447808e+40	1.0180806168179491e+40	6.940433061712037e+39
3896.676379995404	5.914629839358694e+41	7.634535391456504e+40	4.799350382996337e+40	2.7738918514325157e+40	1.8823645235442647e+40	1.0803807605024314e+40	2.9993399957724583e+39	1.527114465590291e+39	5.966119386625909e+38	3.192480355058923e+40	1.670714167376032e+40	1.0803807605024314e+40	7.3751780716107e+39
4010.9165865667246	6.1684504851254486e+41	8.251897964684652e+40	5.197462766378174e+40	3.008875124174592e+40	2.0435973301429286e+40	1.1740535466886065e+40	3.264111848563064e+39	1.6627377702900425e+39	6.499172455135188e+38	3.4616572425407047e+40	1.814238599341797e+40	1.1740535466886065e+40	8.018832995899289e+39
4128.132218377558	6.096921180772818e+41	8.633450741799147e+40	5.462204038212082e+40	3.1745529068989334e+40	2.1607635252730432e+40	1.2443972563040178e+40	3.4726678675537666e+39	1.771267477161646e+39	6.932486823049962e+38	3.649003994916054e+40	1.9193691116927583e+40	1.2443972563040178e+40	8.510716200672976e+39
4248.388871583866	5.98230476480393e+41	8.925599671706878e+40	5.676629882988058e+40	3.314602123679181e+40	2.261948864885572e+40	1.3065477791468192e+40	3.66298729247527e+39	1.8713512195729178e+39	7.336222541758029e+38	3.805904086840525e+40	2.0106671805403195e+40	1.3065477791468192e+40	8.950534960163366e+39
4371.836532742396	5.8611296850220486e+41	9.254529150614748e+40	5.916473660655368e+40	3.4704937997459323e+40	2.3743154045718415e+40	1.3753986417292564e+40	3.873137104083794e+39	1.9817518442934557e+39	7.781146771547508e+38	3.980734830184579e+40	2.1119929569291136e+40	1.3753986417292564e+40	9.437168818674433e+39
4498.332382709726	5.954919539962556e+41	9.713728516718936e+40	6.233644660845133e+40	3.669234516412138e+40	2.515201274776429e+40	1.4603183220685273e+40	4.126980109132254e+39	2.1142881825654675e+39	8.312212099009118e+38	4.20531977699532e+40	2.2385115284455405e+40	1.4603183220685273e+40	1.0032564136398543e+40
4627.906918316493	6.023974780831205e+41	1.0321261816940265e+41	6.647575880894525e+40	3.9248757898332437e+40	2.694841167562804e+40	1.5674624760066747e+40	4.441814863403398e+39	2.2776657272454154e+39	8.962748513832301e+38	4.4952131628554025e+40	2.399436377731126e+40	1.5674624760066747e+40	1.0779263632309468e+40
4760.688761695746	5.9752295971513265e+41	1.0746084924306354e+41	6.956315016155239e+40	4.1254273555612236e+40	2.8394447288765052e+40	1.656135654949045e+40	4.7129740136839715e+39	2.4202296366975796e+39	9.537787560917962e+38	4.720127032011302e+40	2.529851200003324e+40	1.656135654949045e+40	1.140637053059885e+40
4896.747515013571	5.858786411703164e+41	1.109601436366687e+41	7.223552329626442e+40	4.305411309065861e+40	2.9715398303869233e+40	1.7386643527971288e+40	4.972027285355143e+39	2.5575789262153546e+39	1.0096375652862953e+39	4.920411575082223e+40	2.6495311769785e+40	1.7386643527971288e+40	1.1995715392213372e+40
5036.04507620669	5.789993260512929e+41	1.1439363555964374e+41	7.487758936094067e+40	4.484998457260149e+40	3.1041075795403974e+40	1.822072433264274e+40	5.2368638820776355e+39	2.6985698863525342e+39	1.0672178214632837e+39	5.119802523536769e+40	2.769835593893312e+40	1.822072433264274e+40	1.2593751993923695e+40
5178.728284023591	5.9499575034937416e+41	1.2200773736964503e+41	8.0124875326567725e+40	4.812501406774467e+40	3.335602497527728e+40	1.9610714596042046e+40	5.649481413307664e+39	2.913433427595005e+39	1.1530705576381039e+39	5.490284141416348e+40	2.9775437797051427e+40	1.9610714596042046e+40	1.356601608669146e+40
5324.8028628211705	5.908740708846832e+41	1.2586655287091545e+41	8.3122861711906455e+40	5.0177874155835895e+40	3.487689587760215e+40	2.057119216534497e+40	5.955986420160957e+39	3.0768589571397133e+39	1.2199110569394436e+39	5.717845301277634e+40	3.115689649585084e+40	2.057119216534497e+40	1.425598924748842e+40
5474.408201775214	5.852769135307775e+41	1.3007712322648105e+41	8.636411851414321e+40	5.238555644883682e+40	3.6509360764106528e+40	2.1600749991434588e+40	6.284343469550586e+39	3.251964706479835e+39	1.2915526050510988e+39	5.962812615858558e+40	3.263913046844546e+40	2.1600749991434588e+40	1.4995286779613656e+40
5627.502785421183	5.762897047060248e+41	1.3346585551435963e+41	8.91710215257914e+40	5.439281309753876e+40	3.802705898086831e+40	2.2579433821280067e+40	6.605623399962458e+39	3.424797207837168e+39	1.362851380500524e+39	6.183299463911897e+40	3.4024851101530053e+40	2.2579433821280067e+40	1.5705852205970252e+40
5784.278602094412	5.824231624178432e+41	1.4005979351645135e+41	9.400245961237274e+40	5.756456336834023e+40	4.032972816519203e+40	2.4003563140748305e+40	7.047399606598069e+39	3.658277732239062e+39	1.457535779121509e+39	6.538063955803497e+40	3.6105661296590813e+40	2.4003563140748305e+40	1.6718050817366715e+40
5944.782025669791	5.867523424517455e+41	1.4527100712998883e+41	9.798192972199854e+40	6.027245714907658e+40	4.2334253596100676e+40	2.5270564911250597e+40	7.453410111757414e+39	3.8752042909024556e+39	1.546465359954901e+39	6.838488642820898e+40	3.792652248177074e+40	2.5270564911250597e+40	1.762926360119206e+40
6109.113316407173	5.862258017782362e+41	1.5001842124897397e+41	1.0174257592382174e+41	6.289613692925932e+40	4.429930508619013e+40	2.6527601444146496e+40	7.862873384866995e+39	4.095112981485798e+39	1.6370738650048713e+39	7.128048983104588e+40	3.971683327778601e+40	2.6527601444146496e+40	1.8538865204978782e+40
6277.231826651605	5.8330905789424076e+41	1.5368894981710688e+41	1.04858453960935e+41	6.518026612203157e+40	4.605162592016319e+40	2.767702391517881e+40	8.250491474873844e+39	4.305591554706565e+39	1.7247277802649898e+39	7.37748124995927e+40	4.1323208412214867e+40	2.767702391517881e+40	1.9381434209970302e+40
6449.308496149586	5.867576554892296e+41	1.5822164477058618e+41	1.0854151104006052e+41	6.781274234076382e+40	4.805019453658093e+40	2.897528891200674e+40	8.683230732539423e+39	4.539791979126071e+39	1.821961314840739e+39	7.666388503344509e+40	4.315074737631557e+40	2.897528891200674e+40	2.0328763704122793e+40
6625.422926150969	6.10397644956104e+41	1.6742526446022589e+41	1.152274695969309e+41	7.219412684107834e+40	5.123424689299266e+40	3.0949774536034225e+40	9.29994370100176e+39	4.8667182424370013e+39	1.9549894106001366e+39	8.156442469918224e+40	4.6029438213035775e+40	3.0949774536034225e+40	2.173507732226964e+40
6805.657556480126	6.285404177233277e+41	1.7392368887280142e+41	1.2018971867540845e+41	7.559831260445431e+40	5.377262134933792e+40	3.2570970775810703e+40	9.829777733192687e+39	5.151969651540518e+39	2.072875894997954e+39	8.533187720714227e+40	4.834049539739501e+40	3.2570970775810703e+40	2.290873416830828e+40
6990.031132536379	6.513373158031321e+41	1.799514063103391e+41	1.2487718467618233e+41	7.887410709326664e+40	5.624129014834451e+40	3.416678854887014e+40	1.0360817786558918e+40	5.4395857898422086e+39	2.1924423915430877e+39	8.894151161367273e+40	5.059456863039336e+40	3.416678854887014e+40	2.4071641035638897e+40
7178.688755869038	6.854758886846743e+41	1.8768067234931604e+41	1.3061451048070358e+41	8.274660967060392e+40	5.911260652551037e+40	3.5993737507829044e+40	1.0957412859047728e+40	5.761082970071176e+39	2.3255073318948536e+39	9.324020988226901e+40	5.320576036076648e+40	3.5993737507829044e+40	2.5393004066594634e+40
7371.751580683732	7.555061432800689e+41	2.0340509501098563e+41	1.4152636833902584e+41	8.965622333413702e+40	6.405123115960636e+40	3.900446054881549e+40	1.1876669566323417e+40	6.245027337192244e+39	2.5211358131478082e+39	1.0102563858329984e+41	5.765189961302057e+40	3.900446054881549e+40	2.751896472310623e+40
7569.228670726637	8.316826034933525e+41	2.17392508391566e+41	1.5132295665870742e+41	9.593977846462952e+40	6.858218983899024e+40	4.1798358634984703e+40	1.2746960515656607e+40	6.706628121509524e+39	2.7091923430192503e+39	1.080822847843919e+41	6.174159291014798e+40	4.1798358634984703e+40	2.950540782618068e+40
7771.262796630847	9.243599383629484e+41	2.3233974917883615e+41	1.6164948810912952e+41	1.025072564909144e+41	7.330363749082286e+40	4.470420118960393e+40	1.365234883524604e+40	7.187290138402036e+39	2.9052763795818854e+39	1.1546965499035733e+41	6.600066715709471e+40	4.470420118960393e+40	3.1570732303401694e+40
7977.983208423938	1.0368474046331382e+42	2.4955767963622387e+41	1.7339904430696442e+41	1.0989548342243745e+41	7.858282890133577e+40	4.793216509994091e+40	1.464945605449599e+40	7.715338654342802e+39	3.1202166872371724e+39	1.2380174978540993e+41	7.075524352944223e+40	4.793216509994091e+40	3.3857385584682786e+40
8189.400049782705	1.2010603881247413e+42	2.7781504006365304e+41	1.923268234775105e+41	1.2151430135146047e+41	8.674832981981813e+40	5.281711693187444e+40	1.6099787369304679e+40	8.47178330844937e+39	3.423185926342991e+39	1.3698612339252342e+41	7.807329868958881e+40	5.281711693187444e+40	3.7271789052953965e+40
8405.678404771048	1.3817012986743128e+42	3.043071233477124e+41	2.101338636214729e+41	1.3251866346412492e+41	9.452140989745786e+40	5.749946914207698e+40	1.7507661053295199e+40	9.209659458023034e+39	3.7202402365207995e+39	1.494504775148449e+41	8.505036762261491e+40	5.749946914207698e+40	4.0558592704312006e+40
8626.959478611623	1.583201027064451e+42	3.3140069309428815e+41	2.2819869296203297e+41	1.4362656585066646e+41	1.0235570999816172e+41	6.221691114142039e+40	1.8929886016446025e+40	9.956477708938735e+39	4.021628709608843e+39	1.6204361035014557e+41	9.208078041889544e+40	6.221691114142039e+40	4.387162953908436e+40
8853.340706387675	1.805135519135807e+42	3.602869673229113e+41	2.474080060812549e+41	1.5541739641054754e+41	1.1066651618815445e+41	6.721964670970715e+40	2.0438695896779231e+40	1.0749068855215529e+40	4.34165597249429e+39	1.754155006757543e+41	9.953793734161427e+40	6.721964670970715e+40	4.738506068759351e+40
9084.880283994835	2.0977994493823836e+42	4.009411880865178e+41	2.7399209630161226e+41	1.7141786861381122e+41	1.2180244833551713e+41	7.381748899519605e+40	2.2376002709441467e+40	1.175692201617874e+40	4.7445618794635614e+39	1.9365027462246316e+41	1.0949371516453982e+41	7.381748899519605e+40	5.197573671987779e+40
9321.724272357676	2.400182817414873e+42	4.43308299771155e+41	3.024242105365699e+41	1.8890487233100452e+41	1.341011921185859e+41	8.117671790569923e+40	2.455723682198085e+40	1.2893092716847828e+40	5.1988225349249056e+39	2.1348546456113326e+41	1.2051741585130053e+41	8.117671790569923e+40	5.711811195095311e+40
9564.031332604365	2.7054028066755914e+42	4.8008934808071076e+41	3.2692831553761136e+41	2.0395652723226753e+41	1.447086009904341e+41	8.75568770296061e+40	2.647660663143481e+40	1.3900109728909836e+40	5.604850994905933e+39	2.305544280110338e+41	1.300340630196355e+41	8.75568770296061e+40	6.159566806588252e+40
9811.881248755915	3.018027205474607e+42	5.163849298909109e+41	3.510244896133152e+41	2.1876060319898446e+41	1.5515945857963319e+41	9.386444090260736e+40	2.838976183862808e+40	1.490744695025364e+40	6.012606373787372e+39	2.4733650258444714e+41	1.3941656406527594e+41	9.386444090260736e+40	6.60335849142252e+40
10065.43808666188	3.4210030486073577e+42	5.653555883449042e+41	3.829558246511145e+41	2.3797904291862074e+41	1.6855100671740012e+41	1.018191144050683e+41	3.0741348291339517e+40	1.61347156098737e+40	6.505023524040397e+39	2.6923356629746457e+41	1.513947739535825e+41	1.018191144050683e+41	7.15795228256428e+40
10324.800092729347	3.8074867932780415e+42	6.186862216013196e+41	4.186425564024982e+41	2.5985215768917424e+41	1.8390664895615754e+41	1.1099365851413194e+41	3.346060520390278e+40	1.7552447930594653e+40	7.072720791688646e+39	2.9406388258649676e+41	1.6515254924971015e+41	1.1099365851413194e+41	7.798781519968146e+40
10590.161195285993	4.1613424739141834e+42	6.6035078810273584e+41	4.469110117099735e+41	2.7755383154635137e+41	1.9652445739223502e+41	1.186826733917326e+41	3.581769419157152e+40	1.8796316397405553e+40	7.576959030250325e+39	3.1404580897245603e+41	1.765081778168454e+41	1.186826733917326e+41	8.342193025796084e+40
10861.654794626427	4.51786603945579e+42	6.989333010619195e+41	4.7288340252371856e+41	2.937467566742924e+41	2.0806176995428416e+41	1.2572743998610037e+41	3.7998721720240497e+40	1.9953718507160143e+40	8.049356830533893e+39	3.3233668419272992e+41	1.8689358560170685e+41	1.2572743998610037e+41	8.841326482578138e+40
11139.386521419494	4.9595137385868215e+42	7.5038556716145e+41	5.065420368354473e+41	3.1416935148747504e+41	2.223927296520408e+41	1.3432937451572128e+41	4.0595926139868986e+40	2.1320888314739701e+40	8.603036205503141e+39	3.555509959234681e+41	1.9974083412517778e+41	1.3432937451572128e+41	9.445189931787561e+40
11423.564390460708	5.343576300674637e+42	8.052854871229182e+41	5.435201903581216e+41	3.3699860797867932e+41	2.3850483711610912e+41	1.440316059289129e+41	4.3521634785242466e+40	2.2858091785659733e+40	9.224032465506429e+39	3.814182038401324e+41	2.1420045002269256e+41	1.440316059289129e+41	1.0126531485972703e+41
11714.339009748812	5.664285314747729e+42	8.47050837382622e+41	5.7297288639682524e+41	3.560620638208672e+41	2.523309062942265e+41	1.5261635930351822e+41	4.6224837716541e+40	2.429713910390299e+40	9.812448253514813e+39	4.027786492875808e+41	2.2670029652477588e+41	1.5261635930351822e+41	1.0739279769284605e+41
12011.826144334433	6.062416076870393e+42	8.888961070210154e+41	6.011468603860248e+41	3.7376435904657194e+41	2.650404389464437e+41	1.6046671435464917e+41	4.871061750440208e+40	2.562782335149405e+40	1.0360550240757044e+40	4.227252510538925e+41	2.3816925181431062e+41	1.6046671435464917e+41	1.1299675527125842e+41
12316.253101373064	6.4148635016735e+42	9.393780883354283e+41	6.3481310737062705e+41	3.945530742311811e+41	2.7978482375442707e+41	1.6943889744478638e+41	5.149005303964543e+40	2.710616822946959e+40	1.0966052414976036e+40	4.4625757608634834e+41	2.5142797784729428e+41	1.6943889744478638e+41	1.1934905709649515e+41
12627.782047345936	6.679022848825485e+42	9.844065118826436e+41	6.665968523719178e+41	4.1503867589243374e+41	2.9460275228509057e+41	1.7862335275648557e+41	5.439196406694432e+40	2.8656627485258385e+40	1.1603307057933432e+40	4.692381103794987e+41	2.6481658292914606e+41	1.7862335275648557e+41	1.2590564636140195e+41
12946.541833330935	6.980642169450058e+42	1.0211394680916263e+42	6.9290963321998705e+41	4.324686977838549e+41	3.074576856254795e+41	1.867876578667738e+41	5.707321134243853e+40	3.0107600844969567e+40	1.2207052438080435e+40	4.886494500559351e+41	2.7649710169470923e+41	1.867876578667738e+41	1.3181577134872488e+41
13272.768839865192	7.233916092683768e+42	1.058974462667678e+42	7.189616270526967e+41	4.492571768977975e+41	3.197138194234126e+41	1.9452329660627796e+41	5.962032340579171e+40	3.1491925869981016e+40	1.2786516682538406e+40	5.074471568489432e+41	2.8761099184847648e+41	1.9452329660627796e+41	1.3741118030685942e+41
13606.642930778968	7.385767552328441e+42	1.0988539881829786e+42	7.473231292472167e+41	4.677461978931598e+41	3.3322324731994377e+41	2.030309199864711e+41	6.240281051210795e+40	3.3000374191477486e+40	1.3416409228917537e+40	5.2812002613552634e+41	2.9985803093896836e+41	2.030309199864711e+41	1.4355169023617818e+41
13948.31725298697	7.541979892717309e+42	1.1272888571219293e+42	7.693040648414976e+41	4.8317638026509816e+41	3.449336541559587e+41	2.1069809542097553e+41	6.503597174128335e+40	3.444751394489966e+40	1.4028173340280787e+40	5.450902877013701e+41	3.10577740039051e+41	2.1069809542097553e+41	1.4919245913650708e+41
14298.037523460078	7.634099468955804e+42	1.1516703160255266e+42	7.873914465590653e+41	4.957103347221898e+41	3.5448144431215294e+41	2.1703486832954316e+41	6.729567513778333e+40	3.5709988826849423e+40	1.4571413981706062e+40	5.58885773682559e+41	3.193383555756409e+41	2.1703486832954316e+41	1.5390804506921073e+41
14655.96654946244	7.632801353038013e+42	1.1768189273545131e+42	8.06554987573555e+41	5.0904508113616696e+41	3.646068618671316e+41	2.237141233711351e+41	6.965614668602898e+40	3.702653784978284e+40	1.5137602683669954e+40	5.735678252711737e+41	3.28616968258023e+41	2.237141233711351e+41	1.588604388429025e+41
15022.35920249909	7.600330029497964e+42	1.1945052885286176e+42	8.221055242422316e+41	5.2096242130972985e+41	3.740403464698916e+41	2.3017446520871485e+41	7.202956450016377e+40	3.8362207296498567e+40	1.5716212255017135e+40	5.864336465077974e+41	3.3734708277766847e+41	2.3017446520871485e+41	1.6372959256007036e+41
15397.438502040714	7.491672525978075e+42	1.2006947617350602e+42	8.291653214703624e+41	5.275328763688144e+41	3.7978494377714855e+41	2.345501263294273e+41	7.388640730347129e+40	3.9452421141570073e+40	1.6206963051532478e+40	5.932304112615926e+41	3.428034289399049e+41	2.345501263294273e+41	1.6721363717264382e+41
15781.39380815065	7.295114928491227e+42	1.2040728593354683e+42	8.34436203434295e+41	5.327742589674812e+41	3.844422498838112e+41	2.3815732104668565e+41	7.5475749776783895e+40	4.0402355285886473e+40	1.6643360110755378e+40	5.9860305168388844e+41	3.4724393521429905e+41	2.3815732104668565e+41	1.7011822021201905e+41
16174.497430320871	7.058711589974322e+42	1.1998895258639707e+42	8.362133658301595e+41	5.367690945282749e+41	3.885512159199316e+41	2.4163682180851307e+41	7.710231060533096e+40	4.1383395831998075e+40	1.7096827360973917e+40	6.0233162385574914e+41	3.512681107830752e+41	2.4163682180851307e+41	1.73002163263507e+41
16576.992806810365	6.769037282085753e+42	1.1847523395078382e+42	8.297035235896585e+41	5.354759313572346e+41	3.8898532902469894e+41	2.43012966200309e+41	7.81873517392152e+40	4.2102327455276604e+40	1.7454657292688615e+40	6.000742200797385e+41	3.5202303492140675e+41	2.43012966200309e+41	1.74473515240605e+41
16989.10181586694	6.444622076110573e+42	1.1629610936088436e+42	8.196896020873971e+41	5.32264289585751e+41	3.8808110551803766e+41	2.4356684609660273e+41	7.902012414524617e+40	4.2692391732772583e+40	1.7763723031073199e+40	5.956076325808507e+41	3.5157389466575266e+41	2.4356684609660273e+41	1.7535886132242467e+41
17411.117043600454	6.110381660247897e+42	1.136458746467289e+42	8.062826914252822e+41	5.271152835885098e+41	3.859506672289461e+41	2.435157823162344e+41	7.974860422515417e+40	4.3243236518718296e+40	1.8063530237370955e+40	5.8887819844858415e+41	3.500667150202082e+41	2.435157823162344e+41	1.7588058210511936e+41
17843.286426279075	5.753125302357416e+42	1.0990401308755197e+42	7.846509853099186e+41	5.1640401572675044e+41	3.797602500417954e+41	2.4099159501214103e+41	7.978092656663466e+40	4.344853316495621e+40	1.823440774512243e+40	5.759610124061699e+41	3.448949228898885e+41	2.4099159501214103e+41	1.746837311840822e+41
18285.915247731096	5.410862725503812e+42	1.0605735749489202e+42	7.626736705474685e+41	5.055742379545288e+41	3.734733619861358e+41	2.383721822167471e+41	7.976078142297117e+40	4.362470003677936e+40	1.8394473686301234e+40	5.628997772439031e+41	3.396272226535809e+41	2.383721822167471e+41	1.733992159157072e+41
18739.296906431813	5.0806321674909596e+42	1.0182567995177613e+42	7.375581685337114e+41	4.9261060014045335e+41	3.656402586935316e+41	2.348209055954246e+41	7.948624354798768e+40	4.367781555017693e+40	1.851071289851643e+40	5.474607634294868e+41	3.329672035813424e+41	2.348209055954246e+41	1.7147187714296868e+41
19203.717939541897	4.771763374715652e+42	9.727279453567525e+41	7.09562038962791e+41	4.774413733006358e+41	3.56079923816489e+41	2.301187546168323e+41	7.883437428740856e+40	4.353493294026963e+40	1.8551469298823092e+40	5.29635785333984e+41	3.247162560785637e+41	2.301187546168323e+41	1.687001577581928e+41
19679.511399236228	4.483409126863991e+42	9.239047028270811e+41	6.7876960036272935e+41	4.6025915468662894e+41	3.450051672625897e+41	2.2445727679180425e+41	7.788926186640097e+40	4.3241896907258704e+40	1.8534923507453782e+40	5.095997151063962e+41	3.1508656367387655e+41	2.2445727679180425e+41	1.6524409340742798e+41
20167.004547843204	4.2278624605649523e+42	8.849104429274035e+41	6.544194815115826e+41	4.468424914173962e+41	3.364627495261068e+41	2.2021133825032386e+41	7.73117769270665e+40	4.313237197587561e+40	1.8589613041205054e+40	4.938985178924392e+41	3.076939778454023e+41	2.2021133825032386e+41	1.6273360023074863e+41
20666.525868672026	4.003310643352066e+42	8.485333149487428e+41	6.312111491880951e+41	4.337476839384566e+41	3.280056836992452e+41	2.1593531990968183e+41	7.670700663800099e+40	4.3010063954421393e+40	1.864137989841971e+40	4.786612737315645e+41	3.0034623007001376e+41	2.1593531990968183e+41	1.601786639994386e+41
21178.439435856857	3.7949426570354105e+42	8.07074666999466e+41	6.050620063265784e+41	4.1927851285664896e+41	3.187835149290352e+41	2.11348003891744e+41	7.607925724492958e+40	4.2888650781217533e+40	1.8699055435049908e+40	4.617395591248678e+41	2.923638804868327e+41	2.11348003891744e+41	1.574642870075093e+41
21703.111273649643	3.605958283775536e+42	7.69841484236758e+41	5.797369712935676e+41	4.0416185418495686e+41	3.0868116060401372e+41	2.05983588755447e+41	7.515418692551867e+40	4.2610571545022096e+40	1.8696128730753916e+40	4.44380284919492e+41	2.8349619564869214e+41	2.05983588755447e+41	1.5413091207925555e+41
22240.914214557237	3.4366220675133754e+42	7.445150292439716e+41	5.62644867834345e+41	3.937368241188247e+41	3.0157273922238517e+41	2.021292832131671e+41	7.453400886103522e+40	4.247108204510027e+40	1.8743294809444856e+40	4.3249259320405466e+41	2.7722112454881074e+41	2.021292832131671e+41	1.5172975800077302e+41
22792.249700028173	3.2764884152253124e+42	7.172889880603487e+41	5.4558045268165015e+41	3.841718881945227e+41	2.953629031290082e+41	1.9895619054894364e+41	7.413587012155494e+40	4.2447168266844196e+40	1.8837307243037703e+40	4.213640581847655e+41	2.7181248134399686e+41	1.9895619054894364e+41	1.4983567481780373e+41
23357.526994707947	3.124976093046225e+42	6.893956003619722e+41	5.2765559374991786e+41	3.742391168605821e+41	2.8909886553981734e+41	1.959579948413721e+41	7.390362738227801e+40	4.2528864146633777e+40	1.8980585907996333e+40	4.097307116688807e+41	2.664202903711789e+41	1.959579948413721e+41	1.4815851871223792e+41
23937.165906584003	2.984057974301779e+42	6.64463477848608e+41	5.110966477641575e+41	3.6461269071264755e+41	2.828181305472845e+41	1.928052001529562e+41	7.359141673264503e+40	4.2571193110634513e+40	1.9111521761687008e+40	3.9859637925169775e+41	2.60958105489723e+41	1.928052001529562e+41	1.4633000224117957e+41
24531.61310796714	2.8447616245199665e+42	6.406610220089936e+41	4.9458395971476516e+41	3.544316834202035e+41	2.7583943856169844e+41	1.8897252280235787e+41	7.294193932770755e+40	4.2421798531549813e+40	1.9165204479422295e+40	3.870084903088982e+41	2.5478466025310016e+41	1.8897252280235787e+41	1.4391035362766361e+41
25141.32713810999	2.7121270885560882e+42	6.221774709867905e+41	4.828998473228389e+41	3.4781714002587065e+41	2.7155479351164022e+41	1.868474394067557e+41	7.280970177195305e+40	4.2534087890403138e+40	1.9317489297432024e+40	3.793246674058664e+41	2.5106487708428555e+41	1.868474394067557e+41	1.427078186836975e+41
25766.780815878064	2.5853720748929072e+42	6.0078552065046815e+41	4.6929889013581686e+41	3.4032980087275265e+41	2.668476224667218e+41	1.846225849584411e+41	7.272103788499516e+40	4.2682400847334665e+40	1.9490001901707239e+40	3.705449556397091e+41	2.470185168312978e+41	1.846225849584411e+41	1.4149750788013626e+41
26408.47298032609	2.4591628797061722e+42	5.80250526223075e+41	4.553419807338156e+41	3.3198340320233187e+41	2.6129180649032547e+41	1.8175362210298413e+41	7.241768747891026e+40	4.27227622826968e+40	1.9623180555518267e+40	3.609611837943505e+41	2.421570695314089e+41	1.8175362210298413e+41	1.3980148534021778e+41
27066.918489974134	2.337810478009649e+42	5.58546135145617e+41	4.400254866019169e+41	3.2233796832327242e+41	2.545772364480198e+41	1.779872537355878e+41	7.174959278804763e+40	4.2561189589621683e+40	1.9674191656040313e+40	3.500438043756368e+41	2.361893584875536e+41	1.779872537355878e+41	1.3739164996177582e+41
27742.65300185526	2.2203451121139856e+42	5.433390171043933e+41	4.300488607511574e+41	3.1637256578503656e+41	2.505118707863345e+41	1.757726811453435e+41	7.147827425990597e+40	4.25925075135883e+40	1.9798253753709375e+40	3.4322234440859035e+41	2.3259620933175387e+41	1.757726811453435e+41	1.3602615861252453e+41
28436.231514654457	2.1079956408622553e+42	5.263010049171214e+41	4.195270471046714e+41	3.106786373339157e+41	2.469286646860384e+41	1.7405409372286843e+41	7.1432411546955e+40	4.2751263938410665e+40	1.997714487608506e+40	3.3653019188144e+41	2.2950925497572705e+41	1.7405409372286843e+41	1.3508227499610845e+41
29148.236280894882	1.9969452614525356e+42	5.044776846492373e+41	4.042096185771115e+41	3.014363792480046e+41	2.4078999904535192e+41	1.7089140944043194e+41	7.107264832683568e+40	4.2774442116926597e+40	2.011419309484349e+40	3.2592142436007542e+41	2.241428330191518e+41	1.7089140944043194e+41	1.332040787258763e+41
29879.271369673294	1.889723580110471e+42	4.880511622337389e+41	3.925744150469951e+41	2.9392614954810166e+41	2.35419846107655e+41	1.6773988510668031e+41	7.045771892391716e+40	4.2623711919406404e+40	2.0170325816126884e+40	3.1748900431938838e+41	2.193256149326556e+41	1.6773988510668031e+41	1.3112227879911768e+41
30629.964599428367	1.785958157023584e+42	4.714693243990015e+41	3.816984355430065e+41	2.8757000303271182e+41	2.3117198074452615e+41	1.6546335165363656e+41	7.015535694263241e+40	4.2636941555498164e+40	2.0291950011214281e+40	3.1016864568120135e+41	2.1559023175168446e+41	1.6546335165363656e+41	1.2971525305321237e+41
31400.97326663858	1.68688604020176e+42	4.545315858489388e+41	3.7011753174850245e+41	2.8058801997549107e+41	2.2646700417318954e+41	1.6295303257713983e+41	6.983829123855453e+40	4.265712666026234e+40	2.0423551220724094e+40	3.0217408092486674e+41	2.1145099527237618e+41	1.6295303257713983e+41	1.2817948769658683e+41
32192.98360192424	1.590046808366999e+42	4.376632616244816e+41	3.584900509388035e+41	2.7340053502686085e+41	2.214864865296208e+41	1.6014637239229289e+41	6.934815892702351e+40	4.2571287758010585e+40	2.0508489020697847e+40	2.9401037373796385e+41	2.070243762561145e+41	1.6014637239229289e+41	1.2637164024081038e+41
33006.70873157518	1.4988825356221788e+42	4.23516131927521e+41	3.489397206491754e+41	2.675978108184486e+41	2.1748936488268175e+41	1.5789064161757334e+41	6.894971186096013e+40	4.251292444594055e+40	2.059806724389709e+40	2.873962419211014e+41	2.034740948022698e+41	1.5789064161757334e+41	1.2490979057813954e+41
33842.89182227806	1.4097544633733276e+42	4.062932011817787e+41	3.3734283486494863e+41	2.606816178746174e+41	2.1280941722029062e+41	1.5532163921390686e+41	6.851843708081335e+40	4.2448431955049148e+40	2.0689945227816722e+40	2.7946748620535522e+41	1.993415526483805e+41	1.5532163921390686e+41	1.232754713291543e+41
34702.31066071807	1.3263425785400166e+42	3.89682744095997e+41	3.2540870286542054e+41	2.5325335366065364e+41	2.077651467090101e+41	1.5264013075265356e+41	6.818564630733615e+40	4.246685054211278e+40	2.0825996230812324e+40	2.7100960180580584e+41	1.949020733559756e+41	1.5264013075265356e+41	1.2164698662266257e+41
35585.77661382429	1.2443343913067689e+42	3.741940392416761e+41	3.1468575689244475e+41	2.4652506733604537e+41	2.030040151863408e+41	1.4983669518113862e+41	6.75977563940282e+40	4.2311565100296753e+40	2.0880319348303518e+40	2.6340868039779207e+41	1.906358257644324e+41	1.4983669518113862e+41	1.1976984160544917e+41
36494.13764674218	1.1673459455578415e+42	3.589930326474238e+41	3.036043527683358e+41	2.3916204951942904e+41	1.975938963485522e+41	1.464719097327566e+41	6.672927039871242e+40	4.198567132077717e+40	2.0858246437415746e+40	2.552074627788401e+41	1.8573229563003845e+41	1.464719097327566e+41	1.1741702272038765e+41
37428.28020191542	1.0931588031210784e+42	3.445495482572519e+41	2.9385532173674603e+41	2.3339481843782863e+41	1.9371879908042543e+41	1.443475131198062e+41	6.635390844115338e+40	4.192726431414777e+40	2.0944815244559419e+40	2.485778142864951e+41	1.8231541038958503e+41	1.443475131198062e+41	1.1605417355008911e+41
38389.13109459752	1.0234869660399289e+42	3.2851554448437563e+41	2.826581577154377e+41	2.267426652813837e+41	1.893482129956237e+41	1.4210868090795045e+41	6.609137639437625e+40	4.1960065095915003e+40	2.1081294829785704e+40	2.4090882541852257e+41	1.785041883286191e+41	1.4210868090795045e+41	1.1471617337869123e+41
39377.66107577583	9.56115985986557e+41	3.131137387370458e+41	2.7168367670649787e+41	2.198444595137046e+41	1.8453899004109745e+41	1.3936988486114698e+41	6.557054620127397e+40	4.184590442088764e+40	2.115753913581896e+40	2.330964598396944e+41	1.7422212772111084e+41	1.3936988486114698e+41	1.129287635773482e+41
40394.8861469072	8.929135276155363e+41	2.9808156776940856e+41	2.603185058276046e+41	2.1225926115516296e+41	1.79053949630082e+41	1.3607175469290713e+41	6.476687097912774e+40	4.155444821480131e+40	2.1151804701395396e+40	2.246270297010248e+41	1.6928412117093309e+41	1.3607175469290713e+41	1.1067256810328768e+41
41441.87054037891	8.325584415592988e+41	2.8334250505684385e+41	2.4975269608485043e+41	2.0559544107286418e+41	1.7435225803631373e+41	1.3326720716431162e+41	6.404277326092514e+40	4.1279532615253004e+40	2.1142001997025602e+40	2.170924627611663e+41	1.6506976551936588e+41	1.3326720716431162e+41	1.0873505692204443e+41
42519.72974200686	7.758363708497298e+41	2.6949189068915093e+41	2.392373813460148e+41	1.9849515647904076e+41	1.6915810510131207e+41	1.3008096207082048e+41	6.320644408594449e+40	4.0948839077894537e+40	2.1110923797254207e+40	2.0919291007774714e+41	1.6037504983889882e+41	1.3008096207082048e+41	1.0651903676542375e+41
43629.63322376343	7.219655612608137e+41	2.542930879024543e+41	2.280448604080426e+41	1.91516826963494e+41	1.6443562384269514e+41	1.2754329910486539e+41	6.27679648498025e+40	4.0858385596727286e+40	2.1186451047243893e+40	2.0123833132721636e+41	1.562189349856537e+41	1.2754329910486539e+41	1.0492529753301485e+41
44772.80852320802	6.711825049218186e+41	2.4034086049587716e+41	2.169642984437426e+41	1.8371843041967557e+41	1.5860907908543256e+41	1.2390086294303469e+41	6.179383724644602e+40	4.04612953498547e+40	2.1132865676666716e+40	1.9264263684455373e+41	1.5092547471857649e+41	1.2390086294303469e+41	1.0237473032132267e+41
45950.54402473819	6.231944775893589e+41	2.265956800028052e+41	2.0622680324142347e+41	1.7635922168302622e+41	1.5317456941136704e+41	1.2048460820489672e+41	6.076814321113902e+40	3.9991495363332854e+40	2.1029298549166568e+40	1.8447945489986995e+41	1.4599436503159503e+41	1.2048460820489672e+41	9.993225988264809e+40
47164.19306072138	5.781867773733225e+41	2.133325332829417e+41	1.9549227003770686e+41	1.6869048907034482e+41	1.4741198064110747e+41	1.1687236570046503e+41	5.980607867135033e+40	3.95981395056594e+40	2.0975251124806157e+40	1.760520987223922e+41	1.407533577254976e+41	1.1687236570046503e+41	9.740495561745614e+40
48415.177925939744	5.357405830135021e+41	1.998774675309441e+41	1.848473603379793e+41	1.6150015600795563e+41	1.4225925577303426e+41	1.1382785123607643e+41	5.902707214745007e+40	3.9276740611906783e+40	2.093530476357202e+40	1.6801979475871753e+41	1.3613301829619732e+41	1.1382785123607643e+41	9.533024667205173e+40
49704.99434045947	4.959981871401528e+41	1.8742128596841056e+41	1.7459186118042894e+41	1.5411892870825662e+41	1.3671553006094792e+41	1.1034492649833412e+41	5.803748399236602e+40	3.8836762012807563e+40	2.0845610368528387e+40	1.599133441172789e+41	1.31092012564308e+41	1.1034492649833412e+41	9.287120222813722e+40
51035.21601270719	4.586351360599783e+41	1.7461400239331682e+41	1.6389077204193328e+41	1.4649124916485302e+41	1.3111246998387432e+41	1.0697805615000564e+41	5.716551401942148e+40	3.8462143065148856e+40	2.0779231104031237e+40	1.51492818526574e+41	1.2604113087948887e+41	1.0697805615000564e+41	9.056964249379201e+40
52407.50007652685	4.2372553683541434e+41	1.6232952070643621e+41	1.534796734828028e+41	1.3895741785518977e+41	1.2557229689450076e+41	1.0372587126563134e+41	5.649962722065497e+40	3.8257236405797197e+40	2.0810285756019487e+40	1.4319919519826376e+41	1.2105781766092353e+41	1.0372587126563134e+41	8.843223600366374e+40
53823.59222081954	3.9101400268299786e+41	1.5136018956836364e+41	1.4382491962986603e+41	1.3136367404200585e+41	1.1953054309752796e+41	9.964737657568717e+40	5.516854217523386e+40	3.760699729956549e+40	2.0624191913005627e+40	1.3504313993302007e+41	1.1547269454850364e+41	9.964737657568717e+40	8.542550192198045e+40
55285.3327501057	3.604615402061507e+41	1.4026210687247099e+41	1.3400751077123262e+41	1.2381817874912368e+41	1.137507593238176e+41	9.604608550224792e+40	5.423052000786582e+40	3.720537077844873e+40	2.0548605790262e+40	1.2686274036091643e+41	1.102092008603903e+41	9.604608550224792e+40	8.293908128914633e+40
56794.6629961171	3.31967514999012e+41	1.3028964213258613e+41	1.250140849471065e+41	1.1646192622291998e+41	1.0776077838918311e+41	9.190556252135093e+40	5.28224373921616e+40	3.6496399196122674e+40	2.0329124950272932e+40	1.190380464344204e+41	1.0463887785663974e+41	9.190556252135093e+40	7.984898244121931e+40
58353.6321884232	3.054106644034592e+41	1.2029876845510515e+41	1.1590801152459566e+41	1.0908771992330134e+41	1.0192144599669476e+41	8.813699551766157e+40	5.177465604326189e+40	3.601339252189702e+40	2.0204519058520832e+40	1.1114959559998188e+41	9.92741788588492e+40	8.813699551766157e+40	7.720061579134986e+40
59964.4049657555	2.8068773193909903e+41	1.113017961698075e+41	1.0770854932620673e+41	1.0213125884285444e+41	9.610843890317085e+40	8.400759503788126e+40	5.031761741569354e+40	3.5260888561287175e+40	1.995639556566311e+40	1.0382437882090036e+41	9.38308769489221e+40	8.400759503788126e+40	7.407976028718792e+40
61629.26940823956	2.5771663886023717e+41	1.023097951321114e+41	9.929610973259694e+40	9.490380261499824e+40	9.013609697642266e+40	7.997211296969899e+40	4.920275311005933e+40	3.477839245639312e+40	1.9852405230969367e+40	9.621678961719649e+40	8.827912894054537e+40	7.997211296969899e+40	7.119888590628325e+40
63350.64594384472	2.3635924174747537e+41	9.424230706553522e+40	9.18672018554228e+40	8.830636024501703e+40	8.441328444002451e+40	7.571727232510667e+40	4.759932323993179e+40	3.3923743581264943e+40	1.9550573272607765e+40	8.936230685767107e+40	8.286196125269091e+40	7.571727232510667e+40	6.79053850958582e+40
65131.09675058677	2.165741043179578e+41	8.633443672027946e+40	8.452232791766407e+40	8.174267864565131e+40	7.87566378668593e+40	7.164304684517282e+40	4.626614682622541e+40	3.326114270229019e+40	1.9337349534079835e+40	8.254509373110102e+40	7.753160074150563e+40	7.164304684517282e+40	6.486365080590143e+40
66973.33616029035	1.982296721867022e+41	7.903902445728065e+40	7.785979397528079e+40	7.566191556374474e+40	7.3317163132914585e+40	6.743703506488606e+40	4.461554428687915e+40	3.236798743611792e+40	1.9007778066743067e+40	7.628958066632737e+40	7.233410298879023e+40	6.743703506488606e+40	6.154729785112416e+40
68880.24189553113	1.812721781681774e+41	7.189881756833839e+40	7.127007495275729e+40	6.957775098974546e+40	6.787156346990996e+40	6.331246243346687e+40	4.3233231669085927e+40	3.1704800145510596e+40	1.8807910838855687e+40	7.004476540068799e+40	6.714142556114311e+40	6.331246243346687e+40	5.839731606097715e+40
70854.86734201438	1.6558272675019248e+41	6.531892073079827e+40	6.536734400846501e+40	6.411485759532454e+40	6.283320987276713e+40	5.921705065609014e+40	4.1491468683699203e+40	3.0733456516658473e+40	1.8428367804827184e+40	6.446836500068111e+40	6.227504846558018e+40	5.921705065609014e+40	5.506963357678413e+40
72900.4548919806	1.5111573998005533e+41	5.8890740171750765e+40	5.954762932433717e+40	5.86800666410309e+40	5.780630111084002e+40	5.517955253101783e+40	3.9997819604241564e+40	3.000129070934959e+40	1.8201195142118057e+40	5.893266024416909e+40	5.742277671091442e+40	5.517955253101783e+40	5.186758448326357e+40
75020.45052549556	1.3776925920412271e+41	5.286216749464316e+40	5.410590366943087e+40	5.354393756753668e+40	5.295111425496803e+40	5.112320497156614e+40	3.838737473257717e+40	2.920340070593718e+40	1.7956623604746769e+40	5.372872110243508e+40	5.269820367226728e+40	5.112320497156614e+40	4.85648026965273e+40
77218.51974873854	1.2546473490105769e+41	4.724108290304133e+40	4.917139382648846e+40	4.900921263325798e+40	4.8625654525736e+40	4.732957216504022e+40	3.6529171271108135e+40	2.8126401815656435e+40	1.75140722108088e+40	4.912058450728581e+40	4.845794523371148e+40	4.732957216504022e+40	4.531657111386943e+40
79498.56500892661	1.1416263818922735e+41	4.185666133875155e+40	4.436870544718999e+40	4.454767701727881e+40	4.433771441875141e+40	4.355623655790616e+40	3.48235877376864e+40	2.723094411626468e+40	1.720737528325936e+40	4.4599474558203635e+40	4.424677404690032e+40	4.355623655790616e+40	4.211405297296298e+40
81864.74479628181	1.0376329764631384e+41	3.6859096846461797e+40	3.995868123899972e+40	4.055867369097098e+40	4.0499627146709823e+40	4.00473934617093e+40	3.2928026952943566e+40	2.6109664153148983e+40	1.6743045093628121e+40	4.0537273950144805e+40	4.045881351265136e+40	4.00473934617093e+40	3.9003100423249192e+40
84321.49457533401	9.423109047410735e+40	3.21450191007335e+40	3.570901387557141e+40	3.6678684399103054e+40	3.6745577097115437e+40	3.659321732795586e+40	3.1141149872670166e+40	2.512216706391643e+40	1.6384432435639963e+40	3.659340574054995e+40	3.674713970565849e+40	3.659321732795586e+40	3.5946230800781984e+40
86873.5497896745	8.54802710649334e+40	2.7801879439022073e+40	3.1781625875240143e+40	3.31963671654645e+40	3.342077223106608e+40	3.347854388157184e+40	2.9249845664505896e+40	2.3940256498161057e+40	1.585929674358462e+40	3.3024543340970426e+40	3.3459637692076127e+40	3.347854388157184e+40	3.309324110448037e+40
89525.97114736777	7.74774093785423e+40	2.3803525271555044e+40	2.804965400162866e+40	2.9819393865361455e+40	3.015959422364303e+40	3.037696214553693e+40	2.7411726308098973e+40	2.2868818873331076e+40	1.545319608792347e+40	2.957844915623793e+40	3.0223609729090473e+40	3.037696214553693e+40	3.023858852233262e+40
92284.1724990493	7.014706243706907e+40	2.0180134922927631e+40	2.4605453083661075e+40	2.676234907085736e+40	2.726422171334796e+40	2.7617979820838834e+40	2.5541137009461596e+40	2.164875162568236e+40	1.489269377074941e+40	2.6434670718444217e+40	2.7359849855156013e+40	2.7617979820838834e+40	2.763451400452987e+40
95153.95155587781	6.345866999204216e+40	1.6903250736890848e+40	2.1368568975944214e+40	2.382359280997342e+40	2.445917152501617e+40	2.4917754725104737e+40	2.37221845603461e+40	2.051569750632504e+40	1.443045292799019e+40	2.3424419150413854e+40	2.45795207671251e+40	2.4917754725104737e+40	2.507162514498226e+40
98141.52385058002	5.734717015601863e+40	1.40082577450003e+40	1.8414725935398134e+40	2.1147538126902701e+40	2.1951109116739793e+40	2.253070178040668e+40	2.1934680753761374e+40	1.928304350690321e+40	1.3829050923098524e+40	2.0671082121968255e+40	2.2106261777346514e+40	2.253070178040668e+40	2.2772525647204573e+40
101253.56030470777	5.178267334457392e+40	1.1456774371123274e+40	1.5687768422103346e+40	1.859766760524156e+40	1.9535179073572338e+40	2.020576823660022e+40	2.01812739117982e+40	1.811508818133501e+40	1.3318425106376435e+40	1.8063003132373902e+40	1.9717982384795578e+40	2.020576823660022e+40	2.0516682843522233e+40
104497.22886882511	4.67100065499774e+40	9.272288696792972e+39	1.3248370800914292e+40	1.627962363971062e+40	1.7361304175852106e+40	1.8145868386060563e+40	1.8489385538728374e+40	1.68817365346413e+40	1.2692127461030605e+40	1.5692415804561374e+40	1.7578862066877054e+40	1.8145868386060563e+40	1.85030431508287e+40
107880.24075180056	4.21013355283301e+40	7.406434982837847e+39	1.105035288433591e+40	1.4105292882146818e+40	1.529316157120657e+40	1.6167730995844522e+40	1.6843736549650116e+40	1.5700902337630755e+40	1.2130389737385117e+40	1.3486277538052368e+40	1.5538431823583732e+40	1.6167730995844522e+40	1.655852327327354e+40
111410.90182587293	3.7910004302924854e+40	5.854417307880254e+39	9.121924328872918e+39	1.2135932374197735e+40	1.3422737098288006e+40	1.4414339377540722e+40	1.5313938662637436e+40	1.4511584952745713e+40	1.1477085540347994e+40	1.149687033933524e+40	1.3699822247840138e+40	1.4414339377540722e+40	1.4843311203915773e+40
115098.16989951565	3.411024018433249e+40	4.575945009886508e+39	7.434823092735174e+39	1.0324507026423355e+40	1.166565562950898e+40	1.2742867105077422e+40	1.382686095754111e+40	1.3362320383569857e+40	1.0876062793908455e+40	9.686252635401793e+39	1.1965123559127152e+40	1.2742867105077422e+40	1.3197601794363107e+40
118951.71864198556	3.066244280357703e+40	3.5528273075457203e+39	6.000259402579632e+39	8.711173906770902e+39	1.0083004775781435e+40	1.12531849036534e+40	1.2466536422350356e+40	1.2235388445536204e+40	1.0208395857772432e+40	8.087681273005581e+39	1.040301664517674e+40	1.12531849036534e+40	1.1743518033862522e+40
122982.00906975042	2.7543294899765615e+40	2.741501045277372e+39	4.785962004071186e+39	7.262750492356044e+39	8.621881014690129e+39	9.848414540956282e+39	1.1154842000106837e+40	1.114590552569064e+40	9.58155139764507e+39	6.671069937454385e+39	8.951832448467559e+39	9.848414540956282e+39	1.03622989508338e+40
127200.36964323402	2.4719592315340613e+40	2.1151426659505165e+39	3.785369832653873e+39	5.998153254901566e+39	7.317224673118682e+39	8.592569689912677e+39	9.983202280437198e+39	1.0116900485144153e+40	8.916941837523403e+39	5.449335565490154e+39	7.65189389274901e+39	8.592569689912677e+39	9.140947107108942e+39
131619.08620085873	2.217025346030809e+40	1.6373915871254383e+39	2.969538372258359e+39	4.896186636335156e+39	6.13988263535516e+39	7.424029917969321e+39	8.861982103643615e+39	9.123340334128692e+39	8.284690486200876e+39	4.400879021860633e+39	6.468804617593623e+39	7.424029917969321e+39	7.992396219294097e+39
136251.50315047495	1.9868173835185134e+40	1.2810607984708532e+39	2.3210419284233258e+39	3.959298169036469e+39	5.1035812985425846e+39	6.369185444112477e+39	7.833334464306655e+39	8.180019204722643e+39	7.650189223046712e+39	3.52321485708792e+39	5.4191530895175386e+39	6.369185444112477e+39	6.952090876336471e+39
141112.13757419735	1.7791814534253692e+40	1.0188009674091746e+39	1.815324070720861e+39	3.17687028048242e+39	4.2056120605110533e+39	5.430858603339814e+39	6.92751505214017e+39	7.320353020413624e+39	7.015761087538871e+39	2.802014366748584e+39	4.5018148633865397e+39	5.430858603339814e+39	6.027672218168978e+39
146216.80820529917	1.5922682272391065e+40	8.264142818966702e+38	1.425835469371911e+39	2.5300163665736343e+39	3.430120948068633e+39	4.5826746126856575e+39	6.075257344755667e+39	6.49956921427526e+39	6.406254218427878e+39	2.2161745078710406e+39	3.700322868945372e+39	4.5826746126856575e+39	5.17641820398026e+39
151582.78154269684	1.4239581066453003e+40	6.859915512229035e+38	1.1327048688981032e+39	2.009838610489232e+39	2.7791960792738583e+39	3.840787693572324e+39	5.328353019944611e+39	5.764078983103384e+39	5.812884098684879e+39	1.7530612671265098e+39	3.0199821331742804e+39	3.840787693572324e+39	4.4244857303603544e+39
157228.93779851633	1.2727177822148487e+40	5.8174860190222404e+38	9.131985601335542e+38	1.5955705709335615e+39	2.2362411682903555e+39	3.1873120147322605e+39	4.6342456885185824e+39	5.0700567069025553e+39	5.244046305124767e+39	1.3905399328557503e+39	2.4449647667719412e+39	3.1873120147322605e+39	3.745069711300582e+39
163175.9598516278	1.1368195854506872e+40	5.027201192650747e+38	7.503094415304369e+38	1.272735561588669e+39	1.793790561434395e+39	2.6251160942073234e+39	4.0132194649477297e+39	4.439887217907446e+39	4.70064206761502e+39	1.112411992619889e+39	1.9702056075883407e+39	2.6251160942073234e+39	3.1464788577353214e+39
169446.54896971973	1.0148226731475963e+40	4.408069056373708e+38	6.2929029660560296e+38	1.025726235510682e+39	1.4409791677409122e+39	2.1512763456343282e+39	3.470990827685218e+39	3.887918580141455e+39	4.195360881086749e+39	9.023074830130507e+38	1.5866941660076814e+39	2.1512763456343282e+39	2.6288228811659133e+39
176065.6717917921	9.05459679449869e+39	3.902526068408509e+38	5.376246758868624e+38	8.374911406965848e+38	1.1620052349789375e+39	1.7535042876321784e+39	2.977224489740124e+39	3.377234870021637e+39	3.716331012330835e+39	7.436215345421162e+38	1.2794823780045061e+39	1.7535042876321784e+39	2.1787638557616977e+39
183060.84390328565	8.074279425647331e+39	3.474923837404469e+38	4.666033798653764e+38	6.952715037373901e+38	9.456395540264313e+38	1.427519076051154e+39	2.541418271630587e+39	2.9226685083962086e+39	3.272463318407599e+39	6.2403181955074304e+38	1.0385238552731907e+39	1.427519076051154e+39	1.7970528259953276e+39
190462.45641664555	7.196207157522028e+39	3.1024403432444773e+38	4.0969983952336604e+38	5.873745964897805e+38	7.796147810665189e+38	1.1651350121978866e+39	2.163190571477462e+39	2.5289605109864046e+39	2.875713490109309e+39	5.328387956007683e+38	8.520429172631121e+38	1.1651350121978866e+39	1.4790633217330136e+39
198304.15327866477	6.410526121545018e+39	2.7711172663178586e+38	3.623630800637985e+38	5.039985031168032e+38	6.520565332111259e+38	9.557063735762853e+38	1.8284085871588594e+39	2.1724656970894104e+39	2.5067485253093978e+39	4.61495781612899e+38	7.080513575112992e+38	9.557063735762853e+38	1.2158775671642417e+39
206623.26861040518	5.707537553914097e+39	2.47296874269294e+38	3.2174391920108543e+38	4.380512448879092e+38	5.536955746453216e+38	7.909848215427387e+38	1.53917064744383e+39	1.8598392103985794e+39	2.1753301545278336e+39	4.0402847250858824e+38	5.9705122048349924e+38	7.909848215427387e+38	1.0022980457853447e+39
215461.335385743	5.078912458381132e+39	2.2030657896850837e+38	2.8603851152173535e+38	3.842349741431429e+38	4.7666024670877645e+38	6.622775019873899e+38	1.2919915793581392e+39	1.587221933956972e+39	1.8804495632323166e+39	3.5617123526519496e+38	5.1063660698712996e+38	6.622775019873899e+38	8.312831121335431e+38
224864.67923456695	4.516931747513126e+39	1.9582070580454692e+38	2.5416404917487038e+38	3.3889476503652487e+38	4.1484147248993866e+38	5.616565510531254e+38	1.0840570309590975e+39	1.353429744310423e+39	1.6262431990791027e+39	3.1510219860516593e+38	4.42047131957381e+38	5.616565510531254e+38	6.95759016185255e+38
234885.11424332237	4.014791676569781e+39	1.7360005400019476e+38	2.2545651050647683e+38	2.995894229418802e+38	3.6363790432703845e+38	4.818857901598495e+38	9.091383744948766e+38	1.1488974180810836e+39	1.397499488724457e+39	2.790060418496625e+38	3.85986591858764e+38	4.818857901598495e+38	5.881587900958736e+38
245580.76151319285	3.566063245276358e+39	1.534556809110072e+38	1.9951585424467117e+38	2.6485812429152916e+38	3.2002198481477327e+38	4.175423919797842e+38	7.645400797231073e+38	9.739847791331075e+38	1.1985398091197614e+39	2.468228228578352e+38	3.3886173678305676e+38	4.175423919797842e+38	5.025267856127815e+38
257017.0161629224	3.165136498456433e+39	1.3521959512955513e+38	1.760602841444659e+38	2.3379855458916857e+38	2.8197230845419874e+38	3.643327689510346e+38	6.460727263013255e+38	8.25659609430453e+38	1.0265599762755488e+39	2.1789980213478884e+38	2.9819086304524497e+38	3.643327689510346e+38	4.3348554162118564e+38
269267.6947302302	2.806918069367342e+39	1.1873910303028782e+38	1.5487090989031636e+38	2.0585975611496034e+38	2.482251699357537e+38	3.1914636335349294e+38	5.494467599044312e+38	7.008837768450143e+38	8.786845754724048e+38	1.918256620748455e+38	2.623811595718001e+38	3.1914636335349294e+38	3.7666869268249904e+38
282416.4029308525	2.486835592268766e+39	1.0387352348794678e+38	1.3576091742093926e+38	1.806847823142585e+38	2.1801209287149952e+38	2.7987367694073465e+38	4.705327213152386e+38	5.966353254935908e+38	7.521137594399943e+38	1.6831551651865002e+38	2.304529084035943e+38	2.7987367694073465e+38	3.2877101059910647e+38
296558.1740632677	2.2007838950972694e+39	9.049294110708522e+37	1.1856256179409183e+38	1.5801696581537495e+38	1.90860344920561e+38	2.4517079977711137e+38	4.056591251794072e+38	5.1016130750042485e+38	6.451700104887681e+38	1.4714810013323139e+38	2.0181189488704017e+38	2.4517079977711137e+38	2.8746769082762994e+38
311801.4417440355	1.945118651384344e+39	7.847692581731545e+37	1.031204639281219e+38	1.3764517504959656e+38	1.6644839808743317e+38	2.1419070720301124e+38	3.514891746675214e+38	4.3826938152459e+38	5.5443428502272216e+38	1.281313690681501e+38	1.760713607936126e+38	2.1419070720301124e+38	2.511719987147939e+38
328270.42816041136	1.7165789922015626e+39	6.771422881627354e+37	8.929049571123283e+37	1.1938347356498425e+38	1.4453411865496563e+38	1.8640964707416178e+38	3.053491895589024e+38	3.779920030027095e+38	4.768255178262399e+38	1.1109142182595995e+38	1.529571271617199e+38	1.8640964707416178e+38	2.188793924426646e+38
346108.0520690852	1.512250763849273e+39	5.810233612251063e+37	7.693926172218563e+37	1.0306289840111383e+38	1.2491718218126241e+38	1.61492694901066e+38	2.6533717899598243e+38	3.2696800709929276e+38	4.106597409242138e+38	9.586839113552186e+37	1.3225381376930686e+38	1.61492694901066e+38	1.8998618860219517e+38
365479.49136528897	1.3295570260874924e+39	4.954663110407924e+37	6.594276245701612e+37	8.852574202693544e+37	1.0741659081372594e+38	1.3919278286220463e+38	2.3012060901517913e+38	2.8319246471386217e+38	3.542564864152851e+38	8.23128907048287e+37	1.13771870686212e+38	1.3919278286220463e+38	1.6410648778292508e+38
386576.5760050792	1.1662145677722206e+39	4.195978755621664e+37	5.618580867795028e+37	7.562413961430172e+37	9.186368774081214e+37	1.1930440143083018e+38	1.988223104343723e+38	2.4508739271073695e+38	3.059910872751655e+38	7.028510399413728e+37	9.733634400845723e+37	1.1930440143083018e+38	1.4096937806096013e+38
409623.242391948	1.0202038079218787e+39	3.5261157437499993e+37	4.75614534715033e+37	6.421931747379174e+37	7.809957424211585e+37	1.01642107142214e+38	1.7088586933745297e+38	2.1150322220378043e+38	2.643713804262315e+38	5.965416063254942e+37	8.278265828750911e+37	1.01642107142214e+38	1.2035891089268117e+38
434882.35581326677	8.89740621178119e+38	2.937615684024092e+37	3.9970436491457323e+37	5.418102844076085e+37	6.597404326491646e+37	8.603189774222433e+37	1.459528265100009e+38	1.816602463123581e+38	2.2811444814669295e+38	5.029759688202971e+37	6.995503175667227e+37	8.603189774222433e+37	1.020841638929473e+38
462664.31152365514	7.732500196396644e+38	2.4235654783719605e+37	3.3320643801737834e+37	4.538705966500565e+37	5.534497341452319e+37	7.230810957673383e+37	1.2377086012805571e+38	1.5505507989247579e+38	1.9619883429131004e+38	4.210086128303503e+37	5.870573319261155e+37	7.230810957673383e+37	8.596653957997597e+37
493337.969986074	6.69341674789665e+38	1.9775370930433792e+37	2.752658787038348e+37	3.772279800424719e+37	4.6077885443159455e+37	6.031228882748002e+37	1.0413672094892063e+38	1.313619074322073e+38	1.6787569441549684e+38	3.4956865675528706e+37	4.889460709880658e+37	6.031228882748002e+37	7.183513912327969e+37
527344.6860530486	5.767872524751026e+38	1.5935287232031928e+37	2.2508908050372304e+37	3.108085305364971e+37	3.804559921483044e+37	4.989269136016806e+37	8.686685133308448e+37	1.1035147468480031e+38	1.4263725231910189e+38	2.8765582832365805e+37	4.0388727584681327e+37	4.989269136016806e+37	5.952523815734167e+37
565216.4834312994	4.944996033371114e+38	1.265908219594622e+37	1.8193893061332415e+37	2.536074104062049e+37	3.11279886743899e+37	4.0904028762878514e+37	7.178505424896693e+37	9.183753702209746e+37	1.2015610338132837e+38	2.3433692834553426e+37	3.3062163786737364e+37	4.0904028762878514e+37	4.887779198112493e+37
607599.8475369501	4.215137900663312e+38	9.893594342652508e+36	1.451301996545256e+37	2.0468621014314142e+37	2.521182818073592e+37	3.3207374486639436e+37	5.87184432297882e+37	7.564833343176998e+37	1.0021682678098999e+38	1.8874269394293262e+37	2.679584927236713e+37	3.3207374486639436e+37	3.9739302666333655e+37
655287.2288127531	3.569699852393909e+38	7.588326322606199e+36	1.140250592869364e+37	1.6317073135802507e+37	2.0190722077319742e+37	2.667021735350197e+37	4.749660919264456e+37	6.161471183256958e+37	8.265877230323571e+37	1.5006496373499579e+37	2.147754856840429e+37	2.667021735350197e+37	3.1961894561096655e+37
709259.271153085	3.0009821335082226e+38	5.695002086482656e+36	8.802865599213139e+36	1.2824898923791438e+37	1.596509582902388e+37	2.1166645078988493e+37	3.7951836107015383e+37	4.956671979634523e+37	6.733888874964589e+37	1.1755396326962255e+37	1.7001899646887104e+37	2.1166645078988493e+37	2.5403561758762937e+37
770742.178444184	2.5020488662617293e+38	4.167194165102725e+36	6.658468858651644e+36	9.916919047006378e+36	1.2442219439062183e+37	1.657763082182419e+37	2.991967620305584e+37	3.9333535800258297e+37	5.411322439873855e+37	9.051550111518541e+36	1.327050273404098e+37	1.657763082182419e+37	1.9928564457993558e+37
841286.7906018075	2.066610530668777e+38	2.960043824303323e+36	4.917098444427302e+36	7.523742158878383e+36	9.536227782918992e+36	1.2791385645314456e+37	2.323971548745861e+37	3.0744455976028864e+37	4.283059743646774e+37	6.830786249379008e+36	1.019201873290016e+37	1.2791385645314456e+37	1.5407942156290167e+37
922879.3383258354	1.6889222758077174e+38	2.0301027802576937e+36	3.529514843086384e+36	5.581478777290312e+36	7.168098073589298e+36	9.703730481906409e+36	1.775648170769504e+37	2.3630183719963583e+37	3.333217330501256e+37	5.033821330742086e+36	7.682234914464405e+36	9.703730481906409e+36	1.1720099942040723e+37
1018099.3111075928	1.3636966628124765e+38	1.3353312780621815e+36	2.4490494914741166e+36	4.031381348546972e+36	5.265546207202137e+36	7.218437881405444e+36	1.3320465766852983e+37	1.7824231851071269e+37	2.5453232659565813e+37	3.6058421214513597e+36	5.664055728688992e+36	7.218437881405444e+36	8.751418764454818e+36
1130348.8728012866	1.0860292670077762e+38	8.352890368802856e+35	1.6312639766940072e+36	2.819403334222306e+36	3.76280805284344e+36	5.247491204492661e+36	9.789224354412809e+36	1.3164390668561792e+37	1.9025570222749877e+37	2.4960342754639288e+36	4.0673789794917696e+36	5.247491204492661e+36	6.396835261487535e+36
1264193.4657749739	8.513358339125308e+37	4.915493184672416e+35	1.0337326206632328e+36	1.895690418445329e+36	2.6002833458262844e+36	3.711211027950873e+36	7.028530235254636e+36	9.494250159519169e+36	1.3880028194842915e+37	1.6570850064448113e+36	2.8288266242127456e+36	3.711211027950873e+36	4.56033566811484e+36
1425879.6775499966	6.552998756543438e+37	2.683446340132473e+35	6.160220915055648e+35	1.2140439593695448e+36	1.7240371490353958e+36	2.5382009648991285e+36	4.9135289453600515e+36	6.664770247580196e+36	9.849028905169184e+36	1.0447151471599775e+36	1.8913131135130033e+36	2.5382009648991285e+36	3.1553049364264875e+36
1624143.8499665635	4.932935911927026e+37	1.3340962942233467e+35	3.399471823478594e+35	7.314323032472287e+35	1.085182016954513e+36	1.6650723525242838e+36	3.329848347024864e+36	4.535888872666211e+36	6.769078107291137e+36	6.17329213164935e+35	1.2034579119961353e+36	1.6650723525242838e+36	2.1046694191366482e+36
1849995.184649452	3.62487265384251e+37	5.124104793178578e+34	1.5306516858164509e+35	3.7759882118105694e+35	6.011956177217865e+35	9.895813255054058e+35	2.1082640790384338e+36	2.892049390995155e+36	4.3620888175088877e+36	3.0908693525068526e+35	6.788030539292466e+35	9.895813255054058e+35	1.2897731564837595e+36
2107273.240899148	2.6585369585793663e+37	1.7849750786572896e+34	6.366079824280582e+34	1.8346253387085357e+35	3.172693097333354e+35	5.692115987578678e+35	1.3254812082145633e+36	1.8381276008545232e+36	2.796249454929741e+36	1.449819494859427e+35	3.660160159414885e+35	5.692115987578678e+35	7.724370669274164e+35
2400352.9011143316	1.9462756246419468e+37	5.517685356261714e+33	2.4017590980226295e+34	8.263862679622859e+34	1.5735419450998375e+35	3.1320424329314765e+35	8.223016385236889e+35	1.161120824823085e+36	1.7819130121520508e+36	6.271654249840784e+34	1.8621698597050306e+35	3.1320424329314765e+35	4.474219197647709e+35
2734218.106318996	1.4224139738437082e+37	1.4924404150351814e+33	8.119399779986743e+33	3.4137280610876515e+34	7.26050631705016e+34	1.6333418044156537e+35	5.005392261138339e+35	7.272847262727736e+35	1.1298581136050607e+36	2.474238928509814e+34	8.850814720578876e+34	1.6333418044156537e+35	2.4850316441836153e+35
3114546.6437867377	1.0379020781960542e+37	3.478303349573583e+32	2.427177061023136e+33	1.278394910623795e+34	3.083497704571914e+34	7.994015216185669e+34	2.968585385960953e+35	4.4992739597759324e+35	7.129551843184522e+35	8.796528195809274e+33	3.888989430519314e+34	7.994015216185669e+34	1.3112826309606045e+35
3547806.7383520217	7.562126581092387e+36	6.866892084931942e+31	6.32419158460097e+32	4.286575394754656e+33	1.1917069223102862e+34	3.634228436717789e+34	1.7016111939917023e+35	2.733883985566125e+35	4.472707430998186e+35	2.782391673908631e+33	1.5622646207151212e+34	3.634228436717789e+34	6.509939180880149e+34
4041367.090642663	5.502203097560246e+36	1.1265470735342733e+31	1.413740234002513e+32	1.2698769224052766e+33	4.1406340347621066e+33	1.5180687822938503e+34	9.343791828499006e+34	1.6203057835259212e+35	2.7826808064206576e+35	7.722002718605468e+32	5.670159389445152e+33	1.5180687822938503e+34	3.0097086327373744e+34
