#t	Le	U	B	V	R	I	J	H	K	g	r	i	z
#----------------------------------------------- 
29.631500299372075	0.0	0.0	0.0	0.0	0.0	0.0	0.0	0.0	0.0	0.0	0.0	0.0	0.0
31.521274719985957	0.0	0.0	0.0	0.0	0.0	0.0	0.0	0.0	0.0	0.0	0.0	0.0	0.0
41.70421939438508	0.0	0.0	0.0	0.0	0.0	0.0	0.0	0.0	0.0	0.0	0.0	0.0	0.0
46.62312511790928	0.0	0.0	0.0	0.0	0.0	0.0	0.0	0.0	0.0	0.0	0.0	0.0	0.0
53.36954108481809	0.0	0.0	0.0	0.0	0.0	0.0	0.0	0.0	0.0	0.0	0.0	0.0	0.0
61.694132282850354	0.0	0.0	0.0	0.0	0.0	0.0	0.0	0.0	0.0	0.0	0.0	0.0	0.0
71.61167921252671	0.0	0.0	0.0	0.0	0.0	0.0	0.0	0.0	0.0	0.0	0.0	0.0	0.0
83.26944769145817	0.0	0.0	0.0	0.0	0.0	0.0	0.0	0.0	0.0	0.0	0.0	0.0	0.0
96.88985692116238	0.0	0.0	0.0	0.0	0.0	0.0	0.0	0.0	0.0	0.0	0.0	0.0	0.0
112.75191394336511	0.0	0.0	0.0	0.0	0.0	0.0	0.0	0.0	0.0	0.0	0.0	0.0	0.0
131.18408116671947	0.0	0.0	0.0	0.0	0.0	0.0	0.0	0.0	0.0	0.0	0.0	0.0	0.0
152.5584878339588	0.0	0.0	0.0	0.0	0.0	0.0	0.0	0.0	0.0	0.0	0.0	0.0	0.0
177.28219792641522	0.0	0.0	0.0	0.0	0.0	0.0	0.0	0.0	0.0	0.0	0.0	0.0	0.0
205.7832180784639	0.0	0.0	0.0	0.0	0.0	0.0	0.0	0.0	0.0	0.0	0.0	0.0	0.0
238.49022135116297	0.0	0.0	0.0	0.0	0.0	0.0	0.0	0.0	0.0	0.0	0.0	0.0	0.0
275.8066325649386	0.0	0.0	0.0	0.0	0.0	0.0	0.0	0.0	0.0	0.0	0.0	0.0	0.0
318.0818965423997	0.0	0.0	0.0	0.0	0.0	0.0	0.0	0.0	0.0	0.0	0.0	0.0	0.0
365.5848374435915	0.0	0.0	0.0	0.0	0.0	0.0	0.0	0.0	0.0	0.0	0.0	0.0	0.0
418.48491714298507	0.0	0.0	0.0	0.0	0.0	0.0	0.0	0.0	0.0	0.0	0.0	0.0	0.0
476.8459739846876	0.0	0.0	0.0	0.0	0.0	0.0	0.0	0.0	0.0	0.0	0.0	0.0	0.0
540.6337672980796	0.0	0.0	0.0	0.0	0.0	0.0	0.0	0.0	0.0	0.0	0.0	0.0	0.0
609.734775031875	0.0	0.0	0.0	0.0	0.0	0.0	0.0	0.0	0.0	0.0	0.0	0.0	0.0
683.9809755602172	0.0	0.0	0.0	0.0	0.0	0.0	0.0	0.0	0.0	0.0	0.0	0.0	0.0
763.1750236084176	0.0	0.0	0.0	0.0	0.0	0.0	0.0	0.0	0.0	0.0	0.0	0.0	0.0
847.1116140439606	0.0	0.0	0.0	0.0	0.0	0.0	0.0	0.0	0.0	0.0	0.0	0.0	0.0
935.5930845658205	0.0	0.0	0.0	0.0	0.0	0.0	0.0	0.0	0.0	0.0	0.0	0.0	0.0
1028.4391575419313	0.0	0.0	0.0	0.0	0.0	0.0	0.0	0.0	0.0	0.0	0.0	0.0	0.0
1125.4919344582502	0.0	0.0	0.0	0.0	0.0	0.0	0.0	0.0	0.0	0.0	0.0	0.0	0.0
1226.6174532987702	0.0	0.0	0.0	0.0	0.0	0.0	0.0	0.0	0.0	0.0	0.0	0.0	0.0
1331.7050885214367	0.0	0.0	0.0	0.0	0.0	0.0	0.0	0.0	0.0	0.0	0.0	0.0	0.0
1440.6656663492042	0.0	0.0	0.0	0.0	0.0	0.0	0.0	0.0	0.0	0.0	0.0	0.0	0.0
1553.4291715627187	0.0	0.0	0.0	0.0	0.0	0.0	0.0	0.0	0.0	0.0	0.0	0.0	0.0
1669.9422767835113	0.0	0.0	0.0	0.0	0.0	0.0	0.0	0.0	0.0	0.0	0.0	0.0	0.0
1790.165916555881	0.0	0.0	0.0	0.0	0.0	0.0	0.0	0.0	0.0	0.0	0.0	0.0	0.0
1914.0732197566779	0.0	0.0	0.0	0.0	0.0	0.0	0.0	0.0	0.0	0.0	0.0	0.0	0.0
2041.6476843324554	0.0	0.0	0.0	0.0	0.0	0.0	0.0	0.0	0.0	0.0	0.0	0.0	0.0
2172.8816056807277	0.0	0.0	0.0	0.0	0.0	0.0	0.0	0.0	0.0	0.0	0.0	0.0	0.0
2307.774677353214	0.0	0.0	0.0	0.0	0.0	0.0	0.0	0.0	0.0	0.0	0.0	0.0	0.0
2446.3329540391464	0.0	0.0	0.0	0.0	0.0	0.0	0.0	0.0	0.0	0.0	0.0	0.0	0.0
2588.567918272279	0.0	0.0	0.0	0.0	0.0	0.0	0.0	0.0	0.0	0.0	0.0	0.0	0.0
2734.4956634759424	0.0	0.0	0.0	0.0	0.0	0.0	0.0	0.0	0.0	0.0	0.0	0.0	0.0
2884.1363424306946	0.0	0.0	0.0	0.0	0.0	0.0	0.0	0.0	0.0	0.0	0.0	0.0	0.0
3037.5136784342876	0.0	0.0	0.0	0.0	0.0	0.0	0.0	0.0	0.0	0.0	0.0	0.0	0.0
3194.654498006867	0.0	0.0	0.0	0.0	0.0	0.0	0.0	0.0	0.0	0.0	0.0	0.0	0.0
3355.5884387831006	0.0	0.0	0.0	0.0	0.0	0.0	0.0	0.0	0.0	0.0	0.0	0.0	0.0
3520.347642654905	0.0	0.0	0.0	0.0	0.0	0.0	0.0	0.0	0.0	0.0	0.0	0.0	0.0
3688.966530476507	0.0	0.0	0.0	0.0	0.0	0.0	0.0	0.0	0.0	0.0	0.0	0.0	0.0
3861.4816456409653	0.0	0.0	0.0	0.0	0.0	0.0	0.0	0.0	0.0	0.0	0.0	0.0	0.0
4037.931488174085	0.0	0.0	0.0	0.0	0.0	0.0	0.0	0.0	0.0	0.0	0.0	0.0	0.0
4218.356373786944	0.0	0.0	0.0	0.0	0.0	0.0	0.0	0.0	0.0	0.0	0.0	0.0	0.0
4402.798374193626	0.0	0.0	0.0	0.0	0.0	0.0	0.0	0.0	0.0	0.0	0.0	0.0	0.0
4591.301244120614	0.0	0.0	0.0	0.0	0.0	0.0	0.0	0.0	0.0	0.0	0.0	0.0	0.0
4783.910321977478	0.0	0.0	0.0	0.0	0.0	0.0	0.0	0.0	0.0	0.0	0.0	0.0	0.0
4980.67250712566	0.0	0.0	0.0	0.0	0.0	0.0	0.0	0.0	0.0	0.0	0.0	0.0	0.0
5181.636212895881	0.0	0.0	0.0	0.0	0.0	0.0	0.0	0.0	0.0	0.0	0.0	0.0	0.0
5386.851373844555	0.0	0.0	0.0	0.0	0.0	0.0	0.0	0.0	0.0	0.0	0.0	0.0	0.0
5596.369420001635	0.0	0.0	0.0	0.0	0.0	0.0	0.0	0.0	0.0	0.0	0.0	0.0	0.0
5810.243283733609	0.0	0.0	0.0	0.0	0.0	0.0	0.0	0.0	0.0	0.0	0.0	0.0	0.0
6028.527388368376	0.0	0.0	0.0	0.0	0.0	0.0	0.0	0.0	0.0	0.0	0.0	0.0	0.0
6251.277646252908	0.0	0.0	0.0	0.0	0.0	0.0	0.0	0.0	0.0	0.0	0.0	0.0	0.0
6478.551456249734	0.0	0.0	0.0	0.0	0.0	0.0	0.0	0.0	0.0	0.0	0.0	0.0	0.0
6710.407728244429	1.080241521108651e+30	1.9671414272264617e+28	1.1368017702420298e+28	6.104123898356941e+27	3.978064668467599e+27	2.1805248427546903e+27	5.638130696096723e+26	2.8005448999587833e+26	1.0668781298164962e+26	7.144257003082973e+27	3.492355207448218e+27	2.1805248427546903e+27	1.4511368056426547e+27
6946.906903236027	9.123605208103752e+30	1.798601609560417e+29	1.0411981323201528e+29	5.599229380513255e+28	3.652063781407864e+28	2.003734939767871e+28	5.188669182466942e+27	2.578623903276634e+27	9.828567578271451e+26	6.551067341234455e+28	3.20688152758113e+28	2.003734939767871e+28	1.334186536077893e+28
7188.110950726782	7.6239012161088935e+31	1.6230109796520327e+30	9.411802023817431e+29	5.069051799495905e+29	3.3090228396416834e+29	1.8172545212135277e+29	4.712754169061644e+28	2.343321637437115e+28	8.936438920578503e+27	5.928707307821561e+29	2.9063148368946145e+29	1.8172545212135277e+29	1.2106585460208223e+29
7434.083394036367	5.300679983744236e+32	1.220288768663455e+31	7.089398582842679e+30	3.8243635721606664e+30	2.498706188674746e+30	1.373624211686739e+30	3.567837588759286e+29	1.775003964291216e+29	6.772897864934246e+28	4.4712975809767015e+30	2.195137971901145e+30	1.373624211686739e+30	9.156214649292396e+29
7684.889350128822	3.143044383395214e+33	7.807497912385577e+31	4.54423573060195e+31	2.455341393330483e+31	1.6056602813264628e+31	8.835805141127568e+30	2.2986113260323264e+30	1.1441902551420716e+30	4.368348953294287e+29	2.8696320354721546e+31	1.4109276830787643e+31	8.835805141127568e+30	5.893018746653877e+30
7940.595548239017	1.610463798336396e+34	4.319507865836591e+32	2.518970234793123e+32	1.3633510184219512e+32	8.923861210410887e+31	4.915920219850036e+31	1.2809636604755302e+31	6.379966606604108e+30	2.4372044375150804e+30	1.5927756031119048e+32	7.843557592615063e+31	4.915920219850036e+31	3.2805833264097164e+31
8201.270363528556	7.251321080117095e+34	2.0958434310523542e+33	1.2246064263569284e+33	6.63929974346741e+32	4.349853394839429e+32	2.3987799090520006e+32	6.260960970867319e+31	3.120135430727104e+31	1.192623580910224e+31	7.753541317229522e+32	3.824239794784469e+32	2.3987799090520006e+32	1.6017452043720006e+32
8466.983838033644	2.893151166485548e+35	9.013041924438192e+33	5.277069267339322e+33	2.8660875123552746e+33	1.8795988123341633e+33	1.0376786323463298e+33	2.713061951625928e+32	1.3528588864809051e+32	5.174262330886608e+31	3.345734249069693e+33	1.65291382282402e+33	1.0376786323463298e+33	6.93318254231079e+32
8737.807721151414	1.0313752421958258e+36	3.468861867438524e+34	2.035384033145228e+34	1.1075431676085884e+34	7.270849490471741e+33	4.018772941093916e+33	1.0526412439238482e+33	5.252289135599792e+32	2.010138179486152e+32	1.292338300337331e+34	6.395751738799826e+33	4.018772941093916e+33	2.686864164856036e+33
9013.815507706986	3.6151626266879934e+36	1.2428255681015082e+35	7.2970012129841505e+34	3.9728139669244213e+34	2.6088801631018376e+34	1.4424870084182735e+34	3.780332387332244e+33	1.8865954840653875e+33	7.221681644043477e+32	4.635100746245596e+34	2.2950709336277292e+34	1.4424870084182735e+34	9.645990224316528e+33
9295.082495354582	1.0816715570040221e+37	3.969397761001812e+35	2.3350519528645042e+35	1.2734442765393131e+35	8.370203182205432e+34	4.632855809861077e+34	1.2161027462416324e+34	6.072452340896043e+33	2.3258078374689055e+33	1.4851646065205191e+35	7.365227819600814e+34	4.632855809861077e+34	3.0998114448474125e+34
9581.685810557346	3.0432738332665377e+37	1.174508902456258e+36	6.919814971963505e+35	3.778834018469413e+35	2.4856031925874133e+35	1.3769112490682157e+35	3.618976497816029e+34	1.80789835652522e+34	6.927589310401591e+33	4.405754552656881e+35	2.1876000842586053e+35	1.3769112490682157e+35	9.21705512807909e+34
9873.704458632075	7.753401739964212e+37	3.191656003266819e+36	1.88422466176577e+36	1.0307663291507369e+36	6.786610959158242e+35	3.7635949847029906e+35	9.908715588626161e+34	4.9529195684174765e+34	1.8990231418823805e+34	1.2012920110260033e+36	5.974509647255517e+35	3.7635949847029906e+35	2.5208790533612552e+35
10171.219373976208	1.8626695670756062e+38	8.112157219773793e+36	4.797835108685627e+36	2.6288254574644876e+36	1.7323345817051438e+36	9.616348571446272e+35	2.535630222848941e+35	1.2681184320413862e+35	4.864781923381617e+34	3.0626205832741186e+36	1.5253975248984416e+36	9.616348571446272e+35	6.444600535970053e+35
10474.313470104102	4.140434081473764e+38	1.922448870595286e+37	1.1394444203918822e+37	6.254853161962151e+36	4.125999673678906e+36	2.2930284036204528e+36	6.057020701027808e+35	3.0311118701879887e+35	1.1635360046222358e+35	7.283911542223443e+36	3.634125065803336e+36	2.2930284036204528e+36	1.5377024799967834e+36
10783.07167525392	8.736804440396474e+38	4.300699084290888e+37	2.554193633518451e+37	1.4045552134371566e+37	9.274003464438995e+36	5.1596466401424514e+36	1.36520452166544e+36	6.835866568639908e+35	2.6256042999996387e+35	1.634982451028267e+37	8.170532934486225e+36	5.1596466401424514e+36	3.4621318258006116e+36
11097.580992695943	1.729148880415251e+39	9.068229124318912e+37	5.397826967081124e+37	2.974102083012706e+37	1.9658489952253727e+37	1.0950431412465734e+37	2.9028375493151666e+36	1.4544577526021315e+36	5.59016574979318e+35	3.4604791924366883e+37	1.7324434508017543e+37	1.0950431412465734e+37	7.352691918299777e+36
11417.93055704663	3.268043511758602e+39	1.8184077628617187e+38	1.0847681132756273e+38	5.988209030719354e+37	3.962242905605693e+37	2.2096941907144857e+37	5.86824976342967e+36	2.9421127159502076e+36	1.1315149183599e+36	6.964501163479706e+37	3.4927816943889976e+37	2.2096941907144857e+37	1.4846653242186622e+37
11744.211680716784	5.845493456363979e+39	3.4632742390187095e+38	2.0709686382636655e+38	1.145607237207078e+38	7.588792692139254e+37	4.237621694372683e+37	1.1276060924308974e+37	5.657257140366779e+36	2.177259089363918e+36	1.3317526467176736e+38	6.691693203762425e+37	4.237621694372683e+37	2.8492227016605885e+37
12076.517927259321	1.0022589135377965e+40	6.30444578945993e+38	3.778863761680132e+38	2.0946598182872676e+38	1.3891090202569934e+38	7.766693239281006e+37	2.0706997848854006e+37	1.039581902742007e+37	4.0036969715409476e+36	2.43387850661632e+38	1.2252670377725054e+38	7.766693239281006e+37	5.225689439619683e+37
12414.945166862488	1.6178569915128116e+40	1.0907116614519864e+39	6.556298656685192e+38	3.643169280286937e+38	2.4192740328784093e+38	1.3547049821695112e+38	3.6202534932798116e+37	1.8189946185680211e+37	7.011176157427751e+36	4.230793549533554e+38	2.134699212707541e+38	1.3547049821695112e+38	9.122535853332562e+37
12759.591640374332	2.6600463757880857e+40	1.8490895962218793e+39	1.1129303229108285e+39	6.191188970085858e+38	4.1138126630279275e+38	2.3051741778144406e+38	6.166769879394141e+37	3.099625889299783e+37	1.1951724390748017e+37	7.187968872627964e+38	3.630509030703442e+38	2.3051741778144406e+38	1.5528858227072639e+38
13110.559223669008	4.01576380578432e+40	2.953802852323317e+39	1.7821905520952615e+39	9.935252176668677e+38	6.609218626031655e+38	3.708308119500437e+38	9.940280875008934e+37	4.999778048155456e+37	1.9292015378668018e+37	1.1529281226506587e+39	5.8345602724209845e+38	3.708308119500437e+38	2.4999041169126863e+38
13467.963297681477	5.82478800151389e+40	4.522299618049626e+39	2.7351526118442823e+39	1.5279641907910295e+39	1.0176032023804726e+39	5.716928655143175e+38	1.5354717221425482e+38	7.728404753997553e+37	2.984128793421092e+37	1.7722723536452908e+39	8.986066651444745e+38	5.716928655143175e+38	3.8567157079698546e+38
13831.927210717115	7.980174693294141e+40	6.588196672860498e+39	3.9959854672225834e+39	2.2378034875676096e+39	1.492340449822059e+39	8.396696078881227e+38	2.2604376217070703e+38	1.1386434098896068e+38	4.400157060933678e+37	2.5941613715498877e+39	1.3183039017940281e+39	8.396696078881227e+38	5.669230784536078e+38
14202.571725205316	1.0402602159305076e+41	9.151340883045646e+39	5.567611615906279e+39	3.126164278173117e+39	2.0877607459221572e+39	1.1765892571835369e+39	3.175307034571362e+38	1.6008572000441728e+38	6.191708218877464e+37	3.6218200190701965e+39	1.8449990771499012e+39	1.1765892571835369e+39	7.95110174156869e+38
14580.017533508908	1.2801326729510814e+41	1.2073744077516959e+40	7.371262528692677e+39	4.1513704791157016e+39	2.776968978741384e+39	1.567896236646135e+39	4.243307889008769e+38	2.1413830404290294e+38	8.290516193967933e+37	4.80628932401655e+39	2.4551486542019657e+39	1.567896236646135e+39	1.0606214001063422e+39
14964.389979867528	1.4941950018682488e+41	1.5152876017732628e+40	9.286369667176134e+39	5.247080926213662e+39	3.516171958998551e+39	1.9892446085336233e+39	5.4001641002249244e+38	2.728070300231915e+38	1.0573243314165312e+38	6.070345869983087e+39	3.1101753994339104e+39	1.9892446085336233e+39	1.3471311418223003e+39
15355.819522999464	1.649376975057089e+41	1.8075689091402638e+40	1.1124965635039751e+40	6.309067564100949e+39	4.236267710786327e+39	2.4020253417388832e+39	6.543130625575062e+38	3.3093811768752422e+38	1.2841602130665955e+38	7.29288039418186e+39	3.749135540922286e+39	2.4020253417388832e+39	1.6286764425270455e+39
15754.44092970734	1.7364574611791054e+41	2.0596546764274097e+40	1.27346763392696e+40	7.25045434379259e+39	4.878783907396958e+39	2.773009076040433e+39	7.581455357200448e+38	3.8393844386503386e+38	1.4917262110731193e+38	8.373580256984276e+39	4.3202506235473437e+39	2.773009076040433e+39	1.8827027570382437e+39
16160.392902391597	1.6672210603061871e+41	2.205402579802474e+40	1.3727962845189627e+40	7.861318272598748e+39	5.3064385851430064e+39	3.0267394048481426e+39	8.31970374607988e+38	4.221020281270152e+38	1.6430679426675034e+38	9.067174911142661e+39	4.702907603834255e+39	3.0267394048481426e+39	2.0589455103715897e+39
16573.81945054334	1.8755891125695413e+41	2.4807429287198464e+40	1.5441725549700022e+40	8.842631192420052e+39	5.968803873802382e+39	3.404528500088489e+39	9.358072407348555e+38	4.7478261052017245e+38	1.848126507517047e+38	1.0199031787561981e+40	5.289931922757097e+39	3.404528500088489e+39	2.3159307750853168e+39
16994.86820925091	1.7842731419499983e+41	2.5625257558423025e+40	1.6037693724743575e+40	9.226815527186965e+39	6.243865373381542e+39	3.5715388398396953e+39	9.859546925391923e+38	5.0096484850211295e+38	1.9529607246933246e+38	1.0630916247820041e+40	5.537461494835861e+39	3.5715388398396953e+39	2.433315284582534e+39
17423.68926530455	1.7797311336330643e+41	2.679507735701741e+40	1.6824693017740352e+40	9.706733277474996e+39	6.578588122191629e+39	3.769413811698015e+39	1.0432719179562345e+39	5.305571556642673e+38	2.070174946310468e+38	1.1176776283690742e+40	5.83668925762349e+39	3.769413811698015e+39	2.5705213518335048e+39
17860.436937751554	1.6834386337400154e+41	2.7262434867039677e+40	1.7208603965521005e+40	9.973147467271234e+39	6.7756636778896e+39	3.8929898210665035e+39	1.0819614259511057e+39	5.51015761470565e+38	2.1530937671452e+38	1.1471806650815451e+40	6.01547991355781e+39	3.8929898210665035e+39	2.65877370660123e+39
18305.270708268126	1.642822946231718e+41	2.8102692712362046e+40	1.7813074101617572e+40	1.0360365136670671e+40	7.052319030759752e+39	4.060720255753898e+39	1.1322831558764988e+39	5.772898562038142e+38	2.2583138515195635e+38	1.1907590985858153e+40	6.264336754269449e+39	4.060720255753898e+39	2.776608223599076e+39
18758.35637141086	1.5692776842446648e+41	2.87282429746667e+40	1.8308210387628027e+40	1.0697660090687391e+40	7.300104999072679e+39	4.215171774676901e+39	1.1803360666065729e+39	6.0265997910550215e+38	2.3610017744785442e+38	1.2282410649878543e+40	6.488777658612599e+39	4.215171774676901e+39	2.886624104570656e+39
19219.864568869154	1.53529792912955e+41	2.976395635370717e+40	1.9059940546584655e+40	1.1182918385520927e+40	7.648246021453006e+39	4.4272219055001736e+39	1.2443979971973197e+39	6.361868604178797e+38	2.4955841334979007e+38	1.282758476154875e+40	6.802284786697514e+39	4.4272219055001736e+39	3.035969665287775e+39
19689.971252021274	1.4874052038615217e+41	3.079441013757814e+40	1.9834547421907217e+40	1.1695221880501634e+40	8.020026639909908e+39	4.656346171165178e+39	1.3147283134076702e+39	6.731784877167205e+38	2.644794170567043e+38	1.3400205670989718e+40	7.138055274454197e+39	4.656346171165178e+39	3.1983083479394195e+39
20168.860558422595	1.4064293110211624e+41	3.158697845343663e+40	2.050062240950911e+40	1.2166794955739359e+40	8.372667825763091e+39	4.8801633198104136e+39	1.3860820732154506e+39	7.11140462190623e+38	2.799595940746485e+38	1.3920063236716302e+40	7.45890816463087e+39	4.8801633198104136e+39	3.3592021154222976e+39
20656.72836600503	1.5927879757168142e+41	3.5492592001163473e+40	2.3016570009195544e+40	1.365036475345126e+40	9.390026418327882e+39	5.470816085403672e+39	1.5528402016173276e+39	7.965219984218288e+38	3.135028919240174e+38	1.561990697285339e+40	8.364383017664576e+39	5.470816085403672e+39	3.764894539790423e+39
21153.77347918906	1.600235822264458e+41	3.770806974319503e+40	2.4588466917488537e+40	1.4651314196336516e+40	1.01041042162746e+40	5.90352699721725e+39	1.682811885159656e+39	8.644403283273621e+38	3.407306343232901e+38	1.6747483165562024e+40	9.006564049551631e+39	5.90352699721725e+39	4.068937738068578e+39
21660.18339475748	1.6318120258977123e+41	4.03769905504035e+40	2.646468044642715e+40	1.583872067445325e+40	1.0948860232500787e+40	6.41404264701466e+39	1.8356333616642612e+39	9.442199117072314e+38	3.726838931907598e+38	1.8086802540728087e+40	9.765746964668607e+39	6.41404264701466e+39	4.427178383052821e+39
22176.15946989861	1.6249004005892714e+41	4.272242006869925e+40	2.8188591470490337e+40	1.696620852846331e+40	1.1764003915445308e+40	6.915031505119128e+39	1.9891437295818292e+39	1.0249567644836187e+39	4.052555435446706e+38	1.934957415836472e+40	1.0501356982696068e+40	6.915031505119128e+39	4.781807408966629e+39
22701.90952221307	1.6186880008523379e+41	4.510098872262423e+40	2.9961827464084867e+40	1.8138779590816496e+40	1.261648177777637e+40	7.442111166687771e+39	2.1520366461768747e+39	1.1108677222030549e+39	4.400100702150169e+38	2.0659679159285638e+40	1.1271779898779724e+40	7.442111166687771e+39	5.156084056289467e+39
23237.643262418584	1.594681216388654e+41	4.72132287120856e+40	3.1601538350058256e+40	1.9254213154948256e+40	1.343841164957381e+40	7.95738331245919e+39	2.3142974988942293e+39	1.1969503892165768e+39	4.750328870636003e+38	2.1898493673487283e+40	1.2017143167777918e+40	7.95738331245919e+39	5.524566136731442e+39
23783.579578683653	1.5652123640148833e+41	4.911736959997112e+40	3.3132503614206384e+40	2.0321134068503814e+40	1.4233621105740014e+40	8.461778820541959e+39	2.475677489377485e+39	1.2829936766776364e+39	5.1020903939607195e+38	2.307740764964868e+40	1.2740369766736183e+40	8.461778820541959e+39	5.887430177743564e+39
24339.936821860203	1.6485804752120894e+41	5.304289230546732e+40	3.5892325343446496e+40	2.2071639726147446e+40	1.5481330496153016e+40	9.217773636197225e+39	2.703058050684374e+39	1.4019108254669828e+39	5.579282460917492e+38	2.5050574787263e+40	1.3862334483646284e+40	9.217773636197225e+39	6.418783007217734e+39
24906.94053342946	1.6797578151434276e+41	5.602602632377769e+40	3.810332685343237e+40	2.3532204923977134e+40	1.6543837457616606e+40	9.87567611319603e+39	2.907086337447957e+39	1.509673442293022e+39	6.015915647951201e+38	2.668239804721631e+40	1.4822840374860847e+40	9.87567611319603e+39	6.886468122063091e+39
25484.82318304916	1.656476945069619e+41	5.788717183316538e+40	3.965318442809087e+40	2.464002251299521e+40	1.7379828291626913e+40	1.0412889620740361e+40	3.0821174800291544e+39	1.603539637445749e+39	6.401845515435416e+38	2.7899857348026903e+40	1.558559004839134e+40	1.0412889620740361e+40	7.275562191911622e+39
26073.82998759326	1.6347315226325784e+41	5.978087988094095e+40	4.1245030212223636e+40	2.5785733822699562e+40	1.8247374382946419e+40	1.0972401917013505e+40	3.2653449274384164e+39	1.701962776479164e+39	6.807162009733978e+38	2.9157084136694284e+40	1.6377831403564882e+40	1.0972401917013505e+40	7.681573175518424e+39
26674.21156048586	1.6029234289166992e+41	6.136051988159558e+40	4.266848829272131e+40	2.6854622160010727e+40	1.9072067195222764e+40	1.1514192002054832e+40	3.447062407571319e+39	1.8002847431721577e+39	7.21486611925113e+38	3.0319941476418794e+40	1.7134444098376032e+40	1.1514192002054832e+40	8.078331222684312e+39
27286.227623487564	1.5744690154484304e+41	6.302373719845727e+40	4.417585987759056e+40	2.7992246211913837e+40	1.9952186355997595e+40	1.209414714414027e+40	3.642451933403216e+39	1.906161269202334e+39	7.654542214435733e+38	3.1556162068641794e+40	1.7942495104116664e+40	1.209414714414027e+40	8.503731253783488e+39
27910.15549044341	1.652834327390121e+41	6.740157372405448e+40	4.739622389411525e+40	3.011375630511245e+40	2.1495003803607174e+40	1.3049881077517417e+40	3.9394419453848775e+39	2.063179849039976e+39	8.29147133128533e+38	3.3927289475980636e+40	1.9337247382341325e+40	1.3049881077517417e+40	9.18351610643716e+39
28546.276933206555	1.6982958896510018e+41	7.1119121323253265e+40	5.025854342188407e+40	3.2066278640720825e+40	2.293984503594816e+40	1.3961550098970855e+40	4.2301325457079706e+39	2.2181401880088847e+39	8.925126376077978e+38	3.609307195099401e+40	2.0649326352563088e+40	1.3961550098970855e+40	9.83820133533882e+39
29194.889693878165	1.6779345964026865e+41	7.314223371977598e+40	5.211501165412309e+40	3.34839226491039e+40	2.404374849027659e+40	1.469429327063889e+40	4.4796943945240946e+39	2.3538620551006316e+39	9.49077056152195e+38	3.7629424140588134e+40	2.1664609406759867e+40	1.469429327063889e+40	1.0377802631533296e+40
29856.34142619457	1.649764936443176e+41	7.489405873492599e+40	5.383895465206746e+40	3.485342950896362e+40	2.5128314792145136e+40	1.5426040379415262e+40	4.7341293075796643e+39	2.493092265023525e+39	1.0074440199695802e+39	3.9101966014952e+40	2.266623415017438e+40	1.5426040379415262e+40	1.092097696445552e+40
30531.002916036283	1.6225333398939834e+41	7.657545933476931e+40	5.555101873220268e+40	3.62410011255667e+40	2.6237010696575353e+40	1.61807357746226e+40	4.9996353136984167e+39	2.638905504389419e+39	1.0687823574341975e+39	4.0587870802193115e+40	2.3692417794382677e+40	1.61807357746226e+40	1.14836793477552e+40
31219.256890215718	1.5882372210721317e+41	7.791633863299897e+40	5.707736442093541e+40	3.754644275657204e+40	2.730269551385006e+40	1.692080915647751e+40	5.266447432355873e+39	2.786484719613486e+39	1.1312793350310116e+39	4.197149966759309e+40	2.4683861148125365e+40	1.692080915647751e+40	1.204076039823259e+40
31921.501384269333	1.660391933383861e+41	8.269411248693812e+40	6.082311837292128e+40	4.0148404511874126e+40	2.9248515676587223e+40	1.8163718467007705e+40	5.670366035494022e+39	3.003216082486844e+39	1.220488455690989e+39	4.484532896189151e+40	2.645600786242422e+40	1.8163718467007705e+40	1.2939423131309911e+40
32638.128111331505	1.6938605403015997e+41	8.6405087260196775e+40	6.394782402063245e+40	4.2431833798226254e+40	3.0997781724944154e+40	1.9308957931746398e+40	6.055036843252188e+39	3.211735165665117e+39	1.307160156481507e+39	4.734038631255089e+40	2.805891631487124e+40	1.9308957931746398e+40	1.377786581583764e+40
33369.52947747215	1.6628892775116882e+41	8.771723635722405e+40	6.556596573941296e+40	4.387395597058034e+40	3.219606993927292e+40	2.0155784258872404e+40	6.367409433513848e+39	3.385733126135426e+39	1.3813422310987945e+39	4.885641563235693e+40	2.917862020016299e+40	2.0155784258872404e+40	1.4420874020332011e+40
34116.110246715325	1.6366645187550374e+41	8.907738175901349e+40	6.724719389642443e+40	4.538034528942882e+40	3.3451941233452583e+40	2.1046764552460546e+40	6.698024804362911e+39	3.570259335394771e+39	1.4601680223936395e+39	5.043789952121774e+40	3.0353212306857305e+40	2.1046764552460546e+40	1.5098863841212524e+40
34878.29918632772	1.5943059586420498e+41	8.96199831353857e+40	6.842262643560887e+40	4.661802780867478e+40	3.454069263377902e+40	2.1855336277032395e+40	7.013779054491966e+39	3.748968854777863e+39	1.5374859855855673e+39	5.170178214801813e+40	3.138389454809656e+40	2.1855336277032395e+40	1.572687407333362e+40
35656.5676308158	1.6598238091774422e+41	9.442534165506645e+40	7.243089605547415e+40	4.954824170881745e+40	3.6791326142493913e+40	2.3335453119204884e+40	7.515485468454299e+39	4.021901698391352e+39	1.6513584540230212e+39	5.490152747453828e+40	3.3448157519427077e+40	2.3335453119204884e+40	1.681375870755786e+40
36451.39661757137	1.6828736669130188e+41	9.774680005727684e+40	7.554288404667279e+40	5.200403118448165e+40	3.874412789583147e+40	2.4664603710651786e+40	7.986413327783199e+39	4.281508761135475e+39	1.7610344314499506e+39	5.754114864852453e+40	3.525477732653893e+40	2.4664603710651786e+40	1.7806493856783578e+40
37263.28608542171	1.6502050058426192e+41	9.843543621053753e+40	7.693466267931898e+40	5.347135801310124e+40	4.0041517980585827e+40	2.563513991667019e+40	8.370096069984003e+39	4.499596215212048e+39	1.8557944335206724e+39	5.903726738278438e+40	3.6484970480898096e+40	2.563513991667019e+40	1.8563569548632052e+40
38092.77131020598	1.6102317205103013e+41	9.8577013862953e+40	7.798389427822695e+40	5.476283174285969e+40	4.123541104337237e+40	2.656104832152879e+40	8.750600815223529e+39	4.718136680028973e+39	1.951648343282896e+39	6.032270470026193e+40	3.76280454218682e+40	2.656104832152879e+40	1.9297263102485985e+40
38940.351608248675	1.5734146967208709e+41	9.862685421827413e+40	7.898989688151415e+40	5.605504632467681e+40	4.2446148431631293e+40	2.751133380118978e+40	9.146852605093288e+39	4.946699341515132e+39	2.0523036694969747e+39	6.16000539056572e+40	3.8790845827268104e+40	2.751133380118978e+40	2.0054541638283224e+40
39806.55452151427	1.6284858923259167e+41	1.0301044782303344e+41	8.297817116926988e+40	5.918082347160445e+40	4.493446230661027e+40	2.921207052761923e+40	9.755820326825777e+39	5.283879615792767e+39	2.195421161397169e+39	6.496127008874991e+40	4.1094609218941993e+40	2.921207052761923e+40	2.1329033440821626e+40
40691.92602796818	1.6449605001333016e+41	1.0575240882329343e+41	8.594584570116827e+40	6.175649482802281e+40	4.707565487770262e+40	3.0737067107679573e+40	1.0330104576335879e+40	5.606503065197005e+39	2.334211991789095e+39	6.767515316645677e+40	4.309793206441574e+40	3.0737067107679573e+40	2.249455045698917e+40
41597.03733106378	1.6106380050146647e+41	1.0550889986137602e+41	8.68537158291196e+40	6.309683663828192e+40	4.83804851785038e+40	3.179485224401538e+40	1.0788016110213072e+40	5.873474245315827e+39	2.4529586741448012e+39	6.897312528220092e+40	4.436181560350455e+40	3.179485224401538e+40	2.335002481237342e+40
42522.511870754905	1.575723266908981e+41	1.0501094648712875e+41	8.760023059015323e+40	6.4366709361233825e+40	4.965530243924256e+40	3.285290399125911e+40	1.1257548558981513e+40	6.149053942654702e+39	2.576280125307695e+39	7.0181062366529e+40	4.560455934655145e+40	3.285290399125911e+40	2.4214368311507417e+40
43468.959858916845	1.6250823598012215e+41	1.0900265529886581e+41	9.153149955708067e+40	6.764375598404785e+40	5.234669297722737e+40	3.475464218260751e+40	1.1971007972022569e+40	6.549996284403995e+39	2.748924102006339e+39	7.36576824600716e+40	4.81166589437973e+40	3.475464218260751e+40	2.5664444653045673e+40
44437.02876272501	1.6346365049181714e+41	1.10980648935917e+41	9.41549107061223e+40	7.018799354795356e+40	5.456537807939683e+40	3.6410586845751566e+40	1.2633393996612343e+40	6.928935802814359e+39	2.914768482700897e+39	7.6279654587239025e+40	5.021710402771939e+40	3.6410586845751566e+40	2.6959608936325193e+40
45427.38877176087	1.5969440538960015e+41	1.0977971034803838e+41	9.4477428899889e+40	7.129938745030472e+40	5.579612191603796e+40	3.7504692748461347e+40	1.3153146168097284e+40	7.239449904006128e+39	3.0559553408830883e+39	7.727264008250811e+40	5.144010764973895e+40	3.7504692748461347e+40	2.78788590692232e+40
46440.74309846804	1.5606116155668498e+41	1.0840356786274866e+41	9.467197814783407e+40	7.235347407729371e+40	5.700572805981287e+40	3.860611450503951e+40	1.3689031263685647e+40	7.561637282243479e+39	3.2032939507596465e+39	7.819177062665842e+40	5.265022412636045e+40	3.860611450503951e+40	2.88133647584198e+40
47477.86320361121	1.5980083875894151e+41	1.1139607289160582e+41	9.807207637184067e+40	7.548543713938114e+40	5.970371119823921e+40	4.060860718869353e+40	1.4491861437354254e+40	8.022159014821221e+39	3.405517344728749e+39	8.144478021894968e+40	5.5199299311827e+40	4.060860718869353e+40	3.03789923652709e+40
48539.56737098771	1.604697120478361e+41	1.126492497775904e+41	1.003290280256998e+41	7.7980606510822735e+40	6.19972109674218e+40	4.240854685551774e+40	1.5258998063714752e+40	8.469387325304627e+39	3.6047574190037525e+39	8.395263469203108e+40	5.73984267297455e+40	4.240854685551774e+40	3.1821578660065783e+40
49626.71681742808	1.563598299123975e+41	1.1029904843539294e+41	9.981446191010256e+40	7.866136995362815e+40	6.300705723209146e+40	4.345819682529789e+40	1.582836829758373e+40	8.820640119393288e+39	3.769031495035233e+39	8.442044623987835e+40	5.844979890879173e+40	4.345819682529789e+40	3.2755005914889963e+40
50740.21391819278	1.6045233690056336e+41	1.1333826060487567e+41	1.0341545156217399e+41	8.209073773780486e+40	6.601268896247781e+40	4.573122461651048e+40	1.676438439560982e+40	9.362191190125056e+39	4.008822681939314e+39	8.795615668402673e+40	6.130248074764176e+40	4.573122461651048e+40	3.4549841016452602e+40
51880.99373704098	1.6068983420859367e+41	1.1380452608820069e+41	1.0516760566188258e+41	8.438870219320566e+40	6.825218977562268e+40	4.758285274087349e+40	1.760400123569305e+40	9.860442567754676e+39	4.2344761681973447e+39	9.019861937219515e+40	6.347909988987777e+40	4.758285274087349e+40	3.6070369294291825e+40
53050.06139377448	1.5597589121148176e+41	1.1042500044140226e+41	1.0386062888820754e+41	8.462699878958196e+40	6.901359796400154e+40	4.855783382712442e+40	1.8208515776950003e+40	1.0244166094781715e+40	4.418314640831463e+39	9.013960510559854e+40	6.432927537485056e+40	4.855783382712442e+40	3.699176946231752e+40
54248.43003581954	1.5922612711075731e+41	1.125070473148351e+41	1.0682402738592415e+41	8.777382980085175e+40	7.190883622931455e+40	5.085575199719583e+40	1.9216264201543919e+40	1.0838385068291029e+40	4.6861747026752873e+39	9.331279384022654e+40	6.711063194781331e+40	5.085575199719583e+40	3.885039767784416e+40
55477.17198357143	1.5863214489271766e+41	1.1184846178295258e+41	1.077495672124566e+41	8.963755752731705e+40	7.392253570790536e+40	5.26615742062194e+40	2.0109601585958446e+40	1.138110863156867e+40	4.9372518139512004e+39	9.50285544568735e+40	6.911119515455425e+40	5.26615742062194e+40	4.038644808619281e+40
56737.44032858282	1.5301721404370016e+41	1.0705449677344397e+41	1.051703290860113e+41	8.901532278049202e+40	7.410358466625046e+40	5.334877698786447e+40	2.069074673628182e+40	1.1769833847181418e+40	5.131414200249947e+39	9.399842853409876e+40	6.945554123512725e+40	5.334877698786447e+40	4.114650400796605e+40
58030.40735639055	1.568262040231177e+41	1.0920045628162106e+41	1.0829976717952495e+41	9.243598441700558e+40	7.730502044892558e+40	5.594030733065344e+40	2.186148064148334e+40	1.2466931456322095e+40	5.448655328453853e+39	9.742394322919939e+40	7.254548714679538e+40	5.594030733065344e+40	4.3265394038402984e+40
59357.277689503404	1.5616516637798804e+41	1.0791443319384314e+41	1.0869880492129884e+41	9.402572692591711e+40	7.920088806099598e+40	5.776839944365654e+40	2.2837610551560666e+40	1.3072352331109198e+40	5.734058508051716e+39	9.880035349206176e+40	7.446680738098381e+40	5.776839944365654e+40	4.486916631909288e+40
60719.32852506222	1.5124908299489722e+41	1.0308644383214064e+41	1.0597335178513705e+41	9.332708810855258e+40	7.938417810942841e+40	5.853718717413869e+40	2.3516246179165487e+40	1.3531716692100806e+40	5.966068439157852e+39	9.766647681229646e+40	7.483484839352183e+40	5.853718717413869e+40	4.573458278728475e+40
62117.98543671852	1.5397641376606122e+41	1.0398386244888384e+41	1.0807247900582563e+41	9.612023004260643e+40	8.220897153236272e+40	6.099681553188099e+40	2.473242309377549e+40	1.4275194148714306e+40	6.31279312099708e+39	1.0036148313409852e+41	7.76124858575173e+40	6.099681553188099e+40	4.781735132246517e+40
63554.72199151521	1.5252057677947266e+41	1.0154547608623927e+41	1.0742331557506087e+41	9.701910090475398e+40	8.36656675740316e+40	6.264756100878416e+40	2.5741764598645225e+40	1.4921870915317936e+40	6.626395071697695e+39	1.0094891355395082e+41	7.916181704565315e+40	6.264756100878416e+40	4.935232407603826e+40
65031.023163106576	1.5497847173109125e+41	1.0197047712758109e+41	1.0914097583489731e+41	9.961835595485077e+40	8.64137420597654e+40	6.513783804131525e+40	2.703352945712022e+40	1.572250086425062e+40	7.00455064367185e+39	1.034015391453366e+41	8.189207276510437e+40	6.513783804131525e+40	5.150094267526462e+40
66548.52597684767	1.5359397868266321e+41	9.927360871960325e+40	1.0823427415252275e+41	1.0038240785495914e+41	8.78291476077796e+40	6.683839586743021e+40	2.81260864124957e+40	1.643129651494309e+40	7.352140166997422e+39	1.0381819641965523e+41	8.342463764079563e+40	6.683839586743021e+40	5.31156042841642e+40
68108.9499169909	1.5364100077938872e+41	9.754266346407508e+40	1.079461697440541e+41	1.0148922315831772e+41	8.947756480569683e+40	6.868687206982351e+40	2.9284425849026817e+40	1.7182339867554254e+40	7.720919830780477e+39	1.046331066938049e+41	8.51664308423203e+40	6.868687206982351e+40	5.484467291511178e+40
69714.15110935776	1.4999830873388395e+41	9.280709833483796e+40	1.0493436791478025e+41	1.0054965388159657e+41	8.95762827838326e+40	6.956956290305597e+40	3.017673972209204e+40	1.780606759294526e+40	8.045259972672951e+39	1.0321576294875872e+41	8.549909786721023e+40	6.956956290305597e+40	5.590116980102096e+40
71366.0987356644	1.4870494879402869e+41	8.974147291344412e+40	1.0343899511550805e+41	1.0081690369032757e+41	9.065246903150784e+40	7.113969327702032e+40	3.133101816003244e+40	1.8578642573780731e+40	8.434559670714422e+39	1.0308940619901996e+41	8.674210429762704e+40	7.113969327702032e+40	5.748317498080429e+40
73066.90454366663	1.4922203636396716e+41	8.798433423391714e+40	1.0316854119806587e+41	1.0207662010014968e+41	9.2538952247044e+40	7.32856751673499e+40	3.271090118445861e+40	1.9481310243331216e+40	8.881661975117582e+39	1.0402099735589196e+41	8.87414432827601e+40	7.32856751673499e+40	5.950881073925606e+40
74818.78322156148	1.4998712575395352e+41	8.635914229981518e+40	1.0287605238919124e+41	1.0325049086046208e+41	9.434984873288793e+40	7.539693688000331e+40	3.411181089017171e+40	2.0406586811865925e+40	9.344146954701775e+39	1.0487213341149307e+41	9.067288325124246e+40	7.539693688000331e+40	6.152559888146767e+40
76624.09515927515	1.4778754147631101e+41	8.230302566922949e+40	1.0020344753428288e+41	1.0252612170436706e+41	9.468337079998418e+40	7.656592629934181e+40	3.525235954607496e+40	2.1209494057949727e+40	9.765642584976661e+39	1.0367873573034906e+41	9.12523109798277e+40	7.656592629934181e+40	6.288142836615278e+40
78485.33553182903	1.5046424015339318e+41	8.199722120495401e+40	1.0103973457629944e+41	1.0457372411637164e+41	9.721611820026615e+40	7.922355087158646e+40	3.691495584011136e+40	2.229960237457983e+40	1.030843601478892e+40	1.05465452981222e+41	9.386418569222318e+40	7.922355087158646e+40	6.534481397682723e+40
80405.19009055267	1.453958326199326e+41	7.561339916432774e+40	9.579581770735587e+40	1.0162391449108647e+41	9.576239875588518e+40	7.923337576488343e+40	3.775413623841004e+40	2.297241788937286e+40	1.069406083278441e+40	1.0191372757088367e+41	9.279790664675323e+40	7.923337576488343e+40	6.589121859230107e+40
82386.52839205695	1.4816783250059373e+41	7.522242564580731e+40	9.648456919276163e+40	1.03561384633127e+41	9.825235858200197e+40	8.194133070934168e+40	3.953031795089396e+40	2.415418483561282e+40	1.1290727230785382e+40	1.0357156477128772e+41	9.53889781168007e+40	8.194133070934168e+40	6.844645144081772e+40
84432.43355267431	1.4541490255740808e+41	7.055932793859194e+40	9.274524635759092e+40	1.0175317946734387e+41	9.771402321793894e+40	8.261571603958942e+40	4.0675633366985677e+40	2.5019999266743766e+40	1.1771122589295482e+40	1.012528457220847e+41	9.517722343099023e+40	8.261571603958942e+40	6.952527737045483e+40
86546.1616330389	1.448287549810951e+41	6.76251502705062e+40	9.057571338937574e+40	1.0113266530888933e+41	9.809794198221675e+40	8.391128570361594e+40	4.206002853882198e+40	2.6027276790163694e+40	1.2317182739646152e+40	1.002243068761177e+41	9.581450914038105e+40	8.391128570361594e+40	7.107341912506103e+40
88731.20735247481	1.4720124833867881e+41	6.648815296793388e+40	9.057732848699303e+40	1.0266099754373341e+41	1.0040401898822306e+41	8.668564196172424e+40	4.4056884444617205e+40	2.738717893496386e+40	1.301806209355448e+40	1.013911054820836e+41	9.82849381562055e+40	8.668564196172424e+40	7.379546979641692e+40
90991.33962871307	1.4399450433536418e+41	6.148275536511036e+40	8.608301369229041e+40	9.998590597160649e+40	9.912255215695693e+40	8.690189153151774e+40	4.518782105150117e+40	2.830080933644591e+40	1.3549892974029128e+40	9.819569163051313e+40	9.738657430434736e+40	8.690189153151774e+40	7.459973231097463e+40
93330.59924177463	1.4200573025644848e+41	5.760169410574855e+40	8.2513276416867385e+40	9.789034012847125e+40	9.822397402435184e+40	8.732839698985216e+40	4.640120508940719e+40	2.9272370821257436e+40	1.411500593241766e+40	9.566505969652878e+40	9.6823676617625e+40	8.732839698985216e+40	7.555180755486597e+40
95753.30604051844	1.4421989678072177e+41	5.623034884654669e+40	8.201022665694561e+40	9.886439579461488e+40	1.0008699723742426e+41	8.988983966835586e+40	4.849923334117336e+40	3.075192465448306e+40	1.4902182022907656e+40	9.626242500591848e+40	9.889808814441158e+40	8.988983966835586e+40	7.820100255228087e+40
98264.15966981305	1.448919214171766e+41	5.381016009020377e+40	8.016483780722135e+40	9.851466542760217e+40	1.0081101880566106e+41	9.165844761403816e+40	5.037850442350844e+40	3.213937207857606e+40	1.5667155136235978e+40	9.54977561619726e+40	9.990485317906208e+40	9.165844761403816e+40	8.027860755821699e+40
100868.22963537426	1.417997622796203e+41	4.898581610932125e+40	7.528902341718853e+40	9.5147515610845e+40	9.888331040332547e+40	9.148839315879357e+40	5.160068311057993e+40	3.3195686464530915e+40	1.6312731702134433e+40	9.164355856785069e+40	9.840430001631398e+40	9.148839315879357e+40	8.089165439501241e+40
103571.00444565607	1.3945018948580441e+41	4.527008909921887e+40	7.1257763136364735e+40	9.210977357328043e+40	9.699444169843683e+40	9.114838491757097e+40	5.269388084557029e+40	3.4187093162574704e+40	1.694080318588605e+40	8.824799490283804e+40	9.687738721863922e+40	9.114838491757097e+40	8.130363670829306e+40
106378.42626714036	1.3887498595305998e+41	4.2570241569365325e+40	6.845866405709688e+40	9.030740232780702e+40	9.622910114415549e+40	9.17044125141753e+40	5.420726419042897e+40	3.5438384793688806e+40	1.7693646694766018e+40	8.610900661479734e+40	9.64289696655241e+40	9.17044125141753e+40	8.245038902261697e+40
109296.95445549597	1.394462207245372e+41	4.023529203429239e+40	6.62781675999305e+40	8.931362922787578e+40	9.630322334322252e+40	9.302636470882364e+40	5.614106994535561e+40	3.6959194982175513e+40	1.857926300390514e+40	8.474614368308887e+40	9.68140250363051e+40	9.302636470882364e+40	8.426714952085662e+40
112333.64920962637	1.3918044290358123e+41	3.75571116814726e+40	6.34520372029146e+40	8.749253586619802e+40	9.557096286977104e+40	9.371261118776173e+40	5.787894074020388e+40	3.840133541177895e+40	1.9452005701394532e+40	8.257804200831513e+40	9.641904458656644e+40	9.371261118776173e+40	8.559872736355895e+40
115496.21382779254	1.390130483240305e+41	3.5088543254588284e+40	6.070799568915155e+40	8.558908446187881e+40	9.46968405526158e+40	9.426194971431512e+40	5.961181560798648e+40	3.9871170021466204e+40	2.0357118177961098e+40	8.036303965364231e+40	9.587541249062984e+40	9.426194971431512e+40	8.683192343987847e+40
118792.98030792075	1.3809286351905827e+41	3.2142058968528953e+40	5.726081998144374e+40	8.291840836099197e+40	9.313975395906996e+40	9.434090125073973e+40	6.1269765670282e+40	4.1343262221621084e+40	2.1289925881216065e+40	7.737425690627747e+40	9.468903918483603e+40	9.434090125073973e+40	8.77454611914131e+40
122233.13785105816	1.3888009199471242e+41	3.0131357903527837e+40	5.502489021836789e+40	8.149588615027304e+40	9.271589197740631e+40	9.530974228444447e+40	6.334147082559665e+40	4.3077613901895093e+40	2.235482874834469e+40	7.565120909711338e+40	9.458763373697886e+40	9.530974228444447e+40	8.938142647879281e+40
125826.79861600716	1.3787763708234764e+41	2.764189974443529e+40	5.186144423856388e+40	7.870921389747889e+40	9.079958292756744e+40	9.488054349106687e+40	6.47438882473969e+40	4.444340220204664e+40	2.328002099444834e+40	7.265191028892225e+40	9.2988744621839e+40	9.488054349106687e+40	8.981190066256317e+40
129585.00548136212	1.3586014331071995e+41	2.4583131780656213e+40	4.776136269881543e+40	7.48322387632135e+40	8.789052090582637e+40	9.375730445715201e+40	6.603316726532781e+40	4.5809561182599155e+40	2.4243355635348027e+40	6.856621459387701e+40	9.045131484181167e+40	9.375730445715201e+40	8.976860384970383e+40
133519.97212536246	1.3613164496614476e+41	2.248653811655006e+40	4.504377815969588e+40	7.255804370829623e+40	8.655747947384006e+40	9.400418992751024e+40	6.80504198073601e+40	4.764466225957154e+40	2.5441020941219245e+40	6.605813454567235e+40	8.945853350172111e+40	9.400418992751024e+40	9.090175319505754e+40
137645.21750197728	1.3540502310686515e+41	2.0369191910189826e+40	4.2044549272173266e+40	6.960579107586464e+40	8.434196009628538e+40	9.329129490885532e+40	6.953984289984695e+40	4.918718906447527e+40	2.653329060124623e+40	6.296885134576064e+40	8.754447563741057e+40	9.329129490885532e+40	9.115286669342813e+40
141975.79932662888	1.3476298347996865e+41	1.82580403480561e+40	3.894623193128177e+40	6.647169795275599e+40	8.19585925549674e+40	9.251057662170817e+40	7.116935006519351e+40	5.088065182972209e+40	2.773525536367641e+40	5.970841492886096e+40	8.547819013212493e+40	9.251057662170817e+40	9.141968154960199e+40
146528.61096956526	1.3393167020590178e+41	1.6418554523150058e+40	3.6102805141043975e+40	6.336825782679057e+40	7.940015921625066e+40	9.13461553240095e+40	7.248220825438493e+40	5.239243816412078e+40	2.887750148255672e+40	5.6550442627316125e+40	8.31796788652882e+40	9.13461553240095e+40	9.12566644514341e+40
151322.61168050545	1.3402739738774452e+41	1.4769269848908542e+40	3.3557784976708453e+40	6.068480553899048e+40	7.733455767573722e+40	9.073895979606137e+40	7.427167351593793e+40	5.426489955742411e+40	3.0229336165807726e+40	5.378266109659181e+40	8.139250869257933e+40	9.073895979606137e+40	9.165859166668407e+40
156379.11957625972	1.3320124954940888e+41	1.311495347409995e+40	3.07828801610788e+40	5.739141247927281e+40	7.4447090549477785e+40	8.92129126118461e+40	7.555917674513441e+40	5.587249677616275e+40	3.1500296210162484e+40	5.05010896473132e+40	7.87406429089055e+40	8.92129126118461e+40	9.12093838846558e+40
161722.32499086668	1.327297108395225e+41	1.1596521651470294e+40	2.8190210078037295e+40	5.427661386689216e+40	7.171090362492261e+40	8.780282753618416e+40	7.69686019994581e+40	5.7605961538635e+40	3.2872100104852272e+40	4.740444123270426e+40	7.623093724577457e+40	8.780282753618416e+40	9.086773875502015e+40
167379.68701942408	1.320296183973875e+41	1.0273655872584424e+40	2.5796742436589115e+40	5.1183044762307915e+40	6.881073891879378e+40	8.602163209954371e+40	7.805588038674577e+40	5.91589672077078e+40	3.4194454021010314e+40	4.438967785062121e+40	7.350288234595393e+40	8.602163209954371e+40	9.010037006832627e+40
173382.61066578826	1.3129710170460123e+41	8.875033148010546e+39	2.317906997950334e+40	4.771658480207087e+40	6.552930752666525e+40	8.399347975625727e+40	7.929803052571043e+40	6.09267551674646e+40	3.5693797645938155e+40	4.1028021816490153e+40	7.040992805984518e+40	8.399347975625727e+40	8.922686649814018e+40
179767.2681736697	1.308203131104221e+41	7.658699078295692e+39	2.0821194730458558e+40	4.449074405019218e+40	6.241376880521261e+40	8.201028289734498e+40	8.051868843309416e+40	6.27123454978575e+40	3.7242885098538564e+40	3.7923797054731847e+40	6.745562060294286e+40	8.201028289734498e+40	8.834325874106636e+40
186575.52239765128	1.3055002470698148e+41	6.604031371555407e+39	1.8690297763244855e+40	4.1453554058338037e+40	5.940057164445282e+40	8.000564882874227e+40	8.169524196897854e+40	6.451323222709619e+40	3.8849951851359966e+40	3.503011118903866e+40	6.457418570778108e+40	8.000564882874227e+40	8.739190339822652e+40
193856.22276973596	1.2979318832436163e+41	5.600366426777501e+39	1.6530512983299958e+40	3.814568292324496e+40	5.592681604814724e+40	7.738755367134122e+40	8.251744577488232e+40	6.616196512968252e+40	4.045619283999448e+40	3.1937125336918088e+40	6.118391911371955e+40	7.738755367134122e+40	8.583627747155002e+40
201666.81628899917	1.294136876620652e+41	4.806759929048247e+39	1.473358186793269e+40	3.5247203365663393e+40	5.278252832979505e+40	7.491213404840236e+40	8.329644767060408e+40	6.780939515111309e+40	4.2112744055062005e+40	2.9260703974239513e+40	5.8085900255979435e+40	7.491213404840236e+40	8.431474668219957e+40
210075.56726956318	1.289296254803172e+41	4.0762189582169246e+39	1.3008484430337543e+40	3.2336859310222863e+40	4.952169320935654e+40	7.218960939286168e+40	8.388320721144747e+40	6.9385554536190135e+40	4.3801492217189465e+40	2.6603629771375256e+40	5.483836033065793e+40	7.218960939286168e+40	8.251047122513892e+40
219164.40144882168	1.2840364309706216e+41	3.3880293041132086e+39	1.1299208081272719e+40	2.9311090583744035e+40	4.602966427692319e+40	6.914534986454691e+40	8.438171106181436e+40	7.102277357536586e+40	4.562641249028354e+40	2.3872601140433754e+40	5.132965786288231e+40	6.914534986454691e+40	8.040480408140144e+40
229032.8154887579	1.2810510817335088e+41	2.8497713578708287e+39	9.902336234812362e+39	2.670829085429265e+40	4.291051025857231e+40	6.625335101089263e+40	8.467999999605106e+40	7.251331343745248e+40	4.742616779391605e+40	2.1554228222506186e+40	4.815725349145792e+40	6.625335101089263e+40	7.828211179996732e+40
239803.39263702778	1.2757899573627874e+41	2.3162566048417298e+39	8.449399311164243e+39	2.3892976211578613e+40	3.9463729071369755e+40	6.295472744816208e+40	8.478866281714969e+40	7.396563599090883e+40	4.929855586501515e+40	1.9068326876005967e+40	4.462957742496844e+40	6.295472744816208e+40	7.577455888821907e+40
251629.53190261044	1.270583928527e+41	1.8991467965495585e+39	7.241190739127766e+39	2.1377212947657499e+40	3.6223835263086152e+40	5.960374540350876e+40	8.455904365803964e+40	7.519501568470904e+40	5.11266399430063e+40	1.6887250149509886e+40	4.1260747930822456e+40	5.960374540350876e+40	7.304558478595268e+40
264706.9821140177	1.2660735782309422e+41	1.5159052414425777e+39	6.07759387966286e+39	1.884955323248231e+40	3.2889348402105145e+40	5.604959383842369e+40	8.422047651909045e+40	7.64556178821109e+40	5.309180284956448e+40	1.4717167446664044e+40	3.777009467682437e+40	5.604959383842369e+40	7.008863113274015e+40
279291.3082159547	1.2616576102295776e+41	1.2054761874316145e+39	5.0787279209854757e+39	1.6540439654366182e+40	2.9713620407108707e+40	5.24500292873112e+40	8.356481283545665e+40	7.750715047006622e+40	5.503295175454266e+40	1.276509183747092e+40	3.440289718759552e+40	5.24500292873112e+40	6.693734515035871e+40
295725.3195616568	1.2569485606490723e+41	9.39882536519271e+38	4.174688118815488e+39	1.4328035860098232e+40	2.6559935224856925e+40	4.869565462020722e+40	8.261977685849111e+40	7.840245082589761e+40	5.699592403147363e+40	1.0920366374562245e+40	3.102353761256484e+40	4.869565462020722e+40	6.352503167027982e+40
314483.7528106581	1.2521367553287928e+41	7.276253203281911e+38	3.414170908857779e+39	1.2359086047475904e+40	2.3643408588798366e+40	4.502071291223741e+40	8.134006089810876e+40	7.899440306282356e+40	5.8832962378411625e+40	9.30163526441318e+39	2.7861088515361725e+40	4.502071291223741e+40	6.002969246236772e+40
336250.0288518687	1.2471243683898461e+41	5.498074216184557e+38	2.731653896836008e+39	1.0464619522998256e+40	2.0712841708752455e+40	4.1110695309072e+40	7.966136248847858e+40	7.939656111759669e+40	6.075075705924934e+40	7.770103938633995e+39	2.4643043828652796e+40	4.1110695309072e+40	5.616017683173654e+40
362063.17773701815	1.242127516588434e+41	4.086115413814081e+38	2.1576518724635474e+39	8.774030996176414e+39	1.799492053499651e+40	3.728374960951402e+40	7.763561947206941e+40	7.946574702830642e+40	6.252259952248629e+40	6.423126174652508e+39	2.1623821765069155e+40	3.728374960951402e+40	5.221918247181623e+40
393626.484401518	1.2397644009664683e+41	3.0630594411008412e+38	1.7026221559181522e+39	7.320134003041878e+39	1.55450975008147e+40	3.3628608120851185e+40	7.5386832722010795e+40	7.93180883991312e+40	6.423643076517669e+40	5.286462215138557e+39	1.8866288976757838e+40	3.3628608120851185e+40	4.831346503002554e+40
434056.70967266714	1.265101376380573e+41	2.873640135031015e+38	1.5508669111943728e+39	6.68009502860714e+39	1.4346423253013052e+40	3.1693229722785063e+40	7.4573764628622e+40	8.014659125751758e+40	6.64767660157556e+40	4.811728735216265e+39	1.748511079128777e+40	3.1693229722785063e+40	4.622781939154931e+40
490158.0497482689	1.4773416259462732e+41	6.7293343546935914e+38	2.812602129210579e+39	1.0000785217892127e+40	1.966081755129131e+40	3.993324675229723e+40	8.569789873983746e+40	9.028321222423636e+40	7.393348165365623e+40	7.501051136227344e+39	2.344967851639711e+40	3.993324675229723e+40	5.604985667917958e+40
553510.8038660726	2.122396189667336e+41	2.183880272504854e+39	7.454610983006462e+39	2.1606565588615686e+40	3.777333476378878e+40	6.729287807712197e+40	1.2088208171374922e+41	1.2144813175294297e+41	9.605979431480646e+40	1.7005602161430625e+40	4.364858073384272e+40	6.729287807712197e+40	8.81906150810317e+40
625052.3005785389	3.399743491854664e+41	5.024586716420106e+39	1.6293115934057637e+40	4.402295266509371e+40	7.317703885160394e+40	1.2179037440372695e+41	1.9335704966505377e+41	1.8571785205748666e+41	1.406622796533763e+41	3.529165879492405e+40	8.3286561759155035e+40	1.2179037440372695e+41	1.5302799897395516e+41
705841.0398299287	4.657005822506927e+41	6.537466290908614e+39	2.1783353870187357e+40	5.980372263194007e+40	9.988529410592266e+40	1.6648202035075287e+41	2.6265872409444865e+41	2.512465001532413e+41	1.8945915248186596e+41	4.780507301772878e+40	1.137689986238308e+41	1.6648202035075287e+41	2.0895098639933496e+41
797072.3490805534	5.198026648460212e+41	5.115234310549229e+39	1.8693077154599053e+40	5.541337208592212e+40	9.643700800074043e+40	1.6843983895446562e+41	2.866235676055056e+41	2.8205902273879124e+41	2.1939600315588302e+41	4.3538634018210304e+40	1.1106624036313857e+41	1.6843983895446562e+41	2.1705689198201507e+41
900096.0704416307	4.849729951541565e+41	2.4729534132919164e+39	1.0463451654784479e+40	3.5545581445606104e+40	6.691664496770983e+40	1.2830478247411555e+41	2.546659372812458e+41	2.6528031435710113e+41	2.1933275882058985e+41	2.7053989243964513e+40	7.876437875707192e+40	1.2830478247411555e+41	1.7444515530757017e+41
1016436.5340322221	3.919664433447809e+41	8.654881734789537e+38	4.142518210102196e+39	1.6630684625822643e+40	3.467882837026385e+40	7.530988913394129e+40	1.8513139309521592e+41	2.0952338231435727e+41	1.898036346279721e+41	1.2155127997356338e+40	4.2010851163293693e+40	7.530988913394129e+40	1.1015938177399908e+41
1147815.113179486	2.7832748097182643e+41	3.381154044255329e+38	1.3232954851503213e+39	5.924011378863793e+39	1.378219192450341e+40	3.46384602714093e+40	1.107109667593879e+41	1.3915973654998188e+41	1.417517741855442e+41	4.1690045049292864e+39	1.7255955534881779e+40	3.46384602714093e+40	5.535621328071638e+40
1296175.6953403908	1.7917720433402518e+41	1.5335771989686767e+38	3.916540391310067e+38	1.6665814730223704e+39	4.2749323099017583e+39	1.2645352677241787e+40	5.494911395965108e+40	7.800334912259195e+40	9.102196240593817e+40	1.1500677567105992e+39	5.543414292216718e+39	1.2645352677241787e+40	2.2410000229492373e+40
1463713.445039091	1.0861611865800931e+41	8.062068531464439e+37	1.3312901220525296e+38	3.908458408264424e+38	1.0315695116962934e+39	3.675602245068544e+39	2.3677036990034475e+40	3.868153458457801e+40	5.224853743870204e+40	2.814512193638676e+38	1.3833608921740388e+39	3.675602245068544e+39	7.45628380151117e+39
1652907.2851939565	6.700967455590408e+40	4.960827183483079e+37	7.002610618580835e+37	1.2512302544085233e+38	2.5797613819759187e+38	9.67181896264105e+38	9.600013746198297e+39	1.8447910966833612e+40	2.9272943429697673e+40	1.0366666415515198e+38	3.389042637897006e+38	9.67181896264105e+38	2.2476058062328337e+39
1866556.5768495088	4.408747338997012e+40	3.148785909733119e+37	4.325474902807802e+37	6.375070395554946e+37	9.303885236738685e+37	2.4974694081654922e+38	3.767625202080175e+39	8.966269260364642e+39	1.7112804077061772e+40	5.732617058402029e+37	1.0930336877183589e+38	2.4974694081654922e+38	6.137792942131941e+38
2107822.5406328	3.0817399409193335e+40	2.0018388367396263e+37	2.745677621054533e+37	3.909445131496325e+37	5.0645086720593655e+37	8.52269914295002e+37	1.2227913637933231e+39	3.9222769018195065e+39	1.0094733954478004e+40	3.571326958615265e+37	5.52972819373551e+37	8.52269914295002e+37	1.6264853069573989e+38
2380275.0324713322	2.2321019313859724e+40	1.261647133296653e+37	1.7484342065746212e+37	2.472611543623092e+37	3.143087931301486e+37	4.4841870754981635e+37	3.152275409565638e+38	1.3323144651408872e+39	5.13044675473758e+39	2.265607954990816e+37	3.384157189786924e+37	4.4841870754981635e+37	6.183836006644191e+37
2687945.365700686	1.62826558862779e+40	7.821714024732018e+36	1.1087299039128772e+37	1.5714534426165971e+37	1.9877463898006832e+37	2.7712533238804093e+37	8.4870254849749415e+37	3.458519526191879e+38	2.027609800527003e+39	1.4412484557435847e+37	2.1356801858838062e+37	2.7712533238804093e+37	3.4847382735896103e+37
3035385.9612060026	1.1759506779278602e+40	4.7341323902229355e+36	6.957458935360393e+36	9.985468908146439e+36	1.2610447215930633e+37	1.7494597519380528e+37	3.724305236704456e+37	8.53701752932037e+37	5.992806415515455e+38	9.149045104655519e+36	1.353420899691319e+37	1.7494597519380528e+37	2.182408682351864e+37
3427737.7082285616	8.349035229833055e+39	2.7758640827129176e+36	4.291029256363603e+36	6.316750946862245e+36	8.00296158410551e+36	1.1066141782070315e+37	2.255191368765499e+37	3.3475030406169365e+37	1.3966640938493925e+38	5.766386459557865e+36	8.586060650740901e+36	1.1066141782070315e+37	1.3790325278581752e+37
3870806.0325554507	5.819198737498009e+39	1.5643969208610215e+36	2.5819898847969654e+36	3.956645091558485e+36	5.064797647781505e+36	7.005993673073635e+36	1.43466189524597e+37	1.9969224080073281e+37	3.851064878357137e+37	3.586561656272974e+36	5.439659236860508e+36	7.005993673073635e+36	8.713364102124212e+36
4371146.797650309	3.985967026022213e+39	8.40587711586039e+35	1.5040619391312414e+36	2.4380107662358582e+36	3.1817088002508607e+36	4.4343918236973256e+36	9.098341279901616e+36	1.2850982575503468e+37	1.9189062642608714e+37	2.186066546915587e+36	3.4283077473640475e+36	4.4343918236973256e+36	5.507074395235821e+36
