#t	Le	U	B	V	R	I	J	H	K	g	r	i	z
#----------------------------------------------- 
6.231070087889746	0.0	0.0	0.0	0.0	0.0	0.0	0.0	0.0	0.0	0.0	0.0	0.0	0.0
6.475563181342443	0.0	0.0	0.0	0.0	0.0	0.0	0.0	0.0	0.0	0.0	0.0	0.0	0.0
9.18865657790283	0.0	0.0	0.0	0.0	0.0	0.0	0.0	0.0	0.0	0.0	0.0	0.0	0.0
11.385090687050745	0.0	0.0	0.0	0.0	0.0	0.0	0.0	0.0	0.0	0.0	0.0	0.0	0.0
14.947231775899802	0.0	0.0	0.0	0.0	0.0	0.0	0.0	0.0	0.0	0.0	0.0	0.0	0.0
20.012241396242185	0.0	0.0	0.0	0.0	0.0	0.0	0.0	0.0	0.0	0.0	0.0	0.0	0.0
26.876837867682994	0.0	0.0	0.0	0.0	0.0	0.0	0.0	0.0	0.0	0.0	0.0	0.0	0.0
35.764626125181195	0.0	0.0	0.0	0.0	0.0	0.0	0.0	0.0	0.0	0.0	0.0	0.0	0.0
46.66911249954924	0.0	0.0	0.0	0.0	0.0	0.0	0.0	0.0	0.0	0.0	0.0	0.0	0.0
59.39389606457258	0.0	0.0	0.0	0.0	0.0	0.0	0.0	0.0	0.0	0.0	0.0	0.0	0.0
73.70269532749911	0.0	0.0	0.0	0.0	0.0	0.0	0.0	0.0	0.0	0.0	0.0	0.0	0.0
89.41904812492149	0.0	0.0	0.0	0.0	0.0	0.0	0.0	0.0	0.0	0.0	0.0	0.0	0.0
106.44119682126174	0.0	0.0	0.0	0.0	0.0	0.0	0.0	0.0	0.0	0.0	0.0	0.0	0.0
124.72196423352639	0.0	0.0	0.0	0.0	0.0	0.0	0.0	0.0	0.0	0.0	0.0	0.0	0.0
144.24763371221306	0.0	0.0	0.0	0.0	0.0	0.0	0.0	0.0	0.0	0.0	0.0	0.0	0.0
165.02388592795486	0.0	0.0	0.0	0.0	0.0	0.0	0.0	0.0	0.0	0.0	0.0	0.0	0.0
187.06761361359665	0.0	0.0	0.0	0.0	0.0	0.0	0.0	0.0	0.0	0.0	0.0	0.0	0.0
210.40234544385112	0.0	0.0	0.0	0.0	0.0	0.0	0.0	0.0	0.0	0.0	0.0	0.0	0.0
235.0556967874283	0.0	0.0	0.0	0.0	0.0	0.0	0.0	0.0	0.0	0.0	0.0	0.0	0.0
261.0579361896395	0.0	0.0	0.0	0.0	0.0	0.0	0.0	0.0	0.0	0.0	0.0	0.0	0.0
288.4411698938807	0.0	0.0	0.0	0.0	0.0	0.0	0.0	0.0	0.0	0.0	0.0	0.0	0.0
317.2388696268994	0.0	0.0	0.0	0.0	0.0	0.0	0.0	0.0	0.0	0.0	0.0	0.0	0.0
347.48559887819766	0.0	0.0	0.0	0.0	0.0	0.0	0.0	0.0	0.0	0.0	0.0	0.0	0.0
379.21685461919344	0.0	0.0	0.0	0.0	0.0	0.0	0.0	0.0	0.0	0.0	0.0	0.0	0.0
412.46897873613517	0.0	0.0	0.0	0.0	0.0	0.0	0.0	0.0	0.0	0.0	0.0	0.0	0.0
447.2791109462491	0.0	0.0	0.0	0.0	0.0	0.0	0.0	0.0	0.0	0.0	0.0	0.0	0.0
483.6851685400669	0.0	0.0	0.0	0.0	0.0	0.0	0.0	0.0	0.0	0.0	0.0	0.0	0.0
521.7258423146542	0.0	0.0	0.0	0.0	0.0	0.0	0.0	0.0	0.0	0.0	0.0	0.0	0.0
561.4406051940587	0.0	0.0	0.0	0.0	0.0	0.0	0.0	0.0	0.0	0.0	0.0	0.0	0.0
602.8697245199836	0.0	0.0	0.0	0.0	0.0	0.0	0.0	0.0	0.0	0.0	0.0	0.0	0.0
646.0542800082469	0.0	0.0	0.0	0.0	0.0	0.0	0.0	0.0	0.0	0.0	0.0	0.0	0.0
691.0361890382766	0.0	0.0	0.0	0.0	0.0	0.0	0.0	0.0	0.0	0.0	0.0	0.0	0.0
737.8582269729325	0.0	0.0	0.0	0.0	0.0	0.0	0.0	0.0	0.0	0.0	0.0	0.0	0.0
786.5640537422112	0.0	0.0	0.0	0.0	0.0	0.0	0.0	0.0	0.0	0.0	0.0	0.0	0.0
837.1982407660004	0.0	0.0	0.0	0.0	0.0	0.0	0.0	0.0	0.0	0.0	0.0	0.0	0.0
889.8062980623654	0.0	0.0	0.0	0.0	0.0	0.0	0.0	0.0	0.0	0.0	0.0	0.0	0.0
944.4347049243513	0.0	0.0	0.0	0.0	0.0	0.0	0.0	0.0	0.0	0.0	0.0	0.0	0.0
1001.1309406600458	0.0	0.0	0.0	0.0	0.0	0.0	0.0	0.0	0.0	0.0	0.0	0.0	0.0
1059.943515988304	0.0	0.0	0.0	0.0	0.0	0.0	0.0	0.0	0.0	0.0	0.0	0.0	0.0
1120.9220088361733	0.0	0.0	0.0	0.0	0.0	0.0	0.0	0.0	0.0	0.0	0.0	0.0	0.0
1184.117095867129	0.0	0.0	0.0	0.0	0.0	0.0	0.0	0.0	0.0	0.0	0.0	0.0	0.0
1249.5805875461485	0.0	0.0	0.0	0.0	0.0	0.0	0.0	0.0	0.0	0.0	0.0	0.0	0.0
1317.3654598746639	0.0	0.0	0.0	0.0	0.0	0.0	0.0	0.0	0.0	0.0	0.0	0.0	0.0
1387.5258940327208	0.0	0.0	0.0	0.0	0.0	0.0	0.0	0.0	0.0	0.0	0.0	0.0	0.0
1460.117311739479	0.0	0.0	0.0	0.0	0.0	0.0	0.0	0.0	0.0	0.0	0.0	0.0	0.0
1535.196415991306	0.0	0.0	0.0	0.0	0.0	0.0	0.0	0.0	0.0	0.0	0.0	0.0	0.0
1612.8212317132118	7.347796515770677e+30	2.8393752724293747e+27	1.57557525937238e+27	8.161859568900026e+26	5.214184080439932e+26	2.7934656180177e+26	6.968600222201768e+25	3.417914621670832e+25	1.285253000903393e+25	9.631558017392226e+26	4.552819379508889e+26	2.7934656180177e+26	1.8354924535276575e+26
1693.051144534521	1.1135585324800956e+32	4.880115478763434e+28	2.7095727413655085e+28	1.4043581905162626e+28	8.974331924850269e+27	4.8095647514091103e+27	1.2004385335014587e+27	5.8889515230901115e+26	2.2148811171081034e+26	1.657040260563906e+28	7.836657123632995e+27	4.8095647514091103e+27	3.160801719446859e+27
1775.946943707017	2.063730571318109e+33	1.0119534777713427e+30	5.6217099077258735e+29	2.9151251459120226e+29	1.863372954717282e+29	9.989415969932205e+28	2.49453895024125e+28	1.223953929088758e+28	4.6042265406227653e+27	3.439249379227607e+29	1.6272744170439336e+29	9.989415969932205e+28	6.566110005752608e+28
1861.5708684789786	2.7708636234487025e+34	1.5369065418197142e+31	8.543326770983853e+30	4.4325965805694343e+30	2.834237761114914e+30	1.5199630021150056e+30	3.797785436898151e+29	1.8637728821601872e+29	7.012537016157123e+28	5.228882761114391e+30	2.4753365452979602e+30	1.5199630021150056e+30	9.992834929808934e+29
1949.9866522202708	2.839237514603882e+35	1.76478223885677e+32	9.81596275296639e+31	5.095631233644361e+31	3.2591680857229775e+31	1.7484545912117827e+31	4.3710937408083e+30	2.1455433772855752e+30	8.074334995018267e+29	6.010282531318253e+31	2.846691374989705e+31	1.7484545912117827e+31	1.1497265556974e+31
2041.2595713749054	2.2439993490700878e+36	1.5729836516661757e+33	8.754977944538352e+32	4.547554441822997e+32	2.9095824296940568e+32	1.5615088089278294e+32	3.906093831531181e+31	1.9177103140911356e+31	7.218526411035967e+30	5.363095400990387e+32	2.5415787268665726e+32	1.5615088089278294e+32	1.0270171894287311e+32
2135.456493094585	1.4340751715650012e+37	1.1256080560636783e+34	6.269053568191171e+33	3.25820141671038e+33	2.085316755777801e+33	1.1195639192349513e+33	2.8022355900704272e+32	1.3760567634064328e+32	5.180791636766595e+31	3.8419998432604414e+33	1.8217277877573037e+33	1.1195639192349513e+33	7.36501256000404e+32
2232.6459221147447	7.482418937062894e+37	6.602608175618667e+34	3.679910290123051e+34	1.9137563993312539e+34	1.2252746436728165e+34	6.580917398760258e+33	1.6482391285192834e+33	8.095628094552733e+32	3.0486812590676532e+32	2.256332981880196e+34	1.070499655950397e+34	6.580917398760258e+33	4.3302168744315946e+33
2332.898056199256	3.301668767900999e+38	3.256727077415274e+35	1.816384347284641e+35	9.452105378569711e+34	6.053782534772056e+34	3.252778583257487e+34	8.151995840291427e+33	4.0049033367111476e+33	1.5085312105090608e+33	1.1142501540637779e+35	5.28958013861871e+34	3.252778583257487e+34	2.1407970383842e+34
2436.284840623054	1.2414659085208194e+39	1.3724906382492863e+36	7.660572452813989e+35	3.989071256629712e+35	2.555828691975071e+35	1.3738706843846912e+35	3.4454773321821855e+34	1.6930966527577507e+34	6.378983703427209e+33	4.701747877387672e+35	2.233418990959784e+35	1.3738706843846912e+35	9.044221390036738e+34
2542.880022902362	4.086403515859229e+39	5.0395416234041913e+36	2.8149343967331235e+36	1.4667917616518246e+36	9.401344386872988e+35	5.055804931277865e+35	1.2687835265060404e+35	6.236256577050053e+34	2.3501793115672383e+34	1.7285798439887254e+36	8.216227597773802e+35	5.055804931277865e+35	3.329046336349071e+35
2652.759211629032	1.1841102104489604e+40	1.6319552531298363e+37	9.122848441814252e+36	4.7570481347146034e+36	3.050213149073804e+36	1.641072528110422e+36	4.121316139799428e+35	2.0262010916652345e+35	7.6378847618015785e+34	5.605159891131296e+36	2.6659950055576463e+36	1.641072528110422e+36	1.0808555206659409e+36
2765.999936478887	3.083694868660182e+40	4.731125082843251e+37	2.6468766265576614e+37	1.3811772333757836e+37	8.859599795546014e+36	4.768808971944296e+36	1.1984791187344147e+36	5.8936961466418545e+35	2.222246907831424e+35	1.6271551411171076e+37	7.744441983158432e+36	4.768808971944296e+36	3.141670745380427e+36
2882.6817086416027	7.242938430790014e+40	1.2389100763204126e+38	6.9370667869763965e+37	3.622577225944459e+37	2.3246847078319194e+37	1.2518987172884395e+37	3.1486143509285995e+36	1.5487934426664962e+36	5.84141891909404e+35	4.266996645571758e+37	2.0323083154334575e+37	1.2518987172884395e+37	8.249677662677656e+36
3002.8860937171858	1.5578696141326635e+41	2.9627532832924078e+38	1.6603675941674853e+38	8.677150753318557e+37	5.570677491392063e+37	3.0014117784567343e+37	7.554580834058079e+36	3.7170878020754384e+36	1.4023281081714927e+36	1.0218937446022684e+38	4.870615015783072e+37	3.0014117784567343e+37	1.9783909968362103e+37
3126.6967745468955	3.2627559278174303e+41	6.619752467870106e+38	3.7118080270283175e+38	1.9407389407671206e+38	1.2462760242976045e+38	6.716849946497038e+37	1.6914576501482077e+37	8.323924657027214e+36	3.140882933400364e+36	2.285324027330827e+38	1.089736984994864e+38	6.716849946497038e+37	4.428197679171627e+37
3254.199621984558	6.706478201062302e+41	1.391045897505477e+39	7.801295453452798e+38	4.0796294801388855e+38	2.6200413727538483e+38	1.412231707568578e+38	3.556923104060246e+37	1.750521030081812e+37	6.605680363152175e+36	4.8037983182040935e+38	2.2910078550605352e+38	1.412231707568578e+38	9.310933949715689e+37
3385.4827659486436	1.1373015374178434e+42	2.6253961568345028e+39	1.4737561220190994e+39	7.713289211718736e+38	4.955956362513054e+38	2.672735491023839e+38	6.737325347311524e+37	3.3167199752207577e+37	1.2519623446836834e+37	9.080734983224338e+38	4.3341155637300925e+38	2.672735491023839e+38	1.7626747559867874e+38
3520.636672679895	1.886567283165494e+42	4.6793635297596433e+39	2.6284481206898487e+39	1.3764597497479878e+39	8.846889107066008e+38	4.772866460356996e+38	1.2038234859369807e+38	5.927522635451702e+37	2.2379348125017253e+37	1.6202703402603423e+39	7.737514985587712e+38	4.772866460356996e+38	3.1483643536813886e+38
3659.7542234073894	2.7778243728134047e+42	7.671025559443824e+39	4.3132298439077003e+39	2.2607573166455353e+39	1.4537725828516086e+39	7.847531206688717e+38	1.98109982762463e+38	9.757860023079186e+37	3.6852813469804415e+37	2.6606578202020027e+39	1.2716454881061336e+39	7.847531206688717e+38	5.178180830745467e+38
3802.930795746244	3.8425036209227965e+42	1.1764644969371407e+40	6.621636724763874e+39	3.473797126731308e+39	2.234923436323184e+39	1.2071111665817453e+39	3.0500744757395038e+38	1.5027836520358102e+38	5.677463253086922e+37	4.087432015848051e+39	1.9551988686796822e+39	1.2071111665817453e+39	7.967644378194124e+38
3950.264348059281	4.806408226653112e+42	1.671290165963842e+40	9.418964192803596e+39	4.947008780947343e+39	3.1847775162392635e+39	1.7214070806614883e+39	4.35461014992018e+38	2.1464107432103445e+38	8.112474849860561e+37	5.819342897647232e+39	2.7866543577674255e+39	1.7214070806614883e+39	1.1366973065052237e+39
4101.855508538416	5.616348967320581e+42	2.2241113001819202e+40	1.2552072475477247e+40	6.600746317666983e+39	4.2523445957476827e+39	2.3002580027372872e+39	5.826151288583124e+38	2.8730012921170456e+38	1.0863563548219962e+38	7.762486906609756e+39	3.721463889757104e+39	2.3002580027372872e+39	1.5196009530888202e+39
4257.8076623238285	6.024661188772826e+42	2.767689595366173e+40	1.5646259325758657e+40	8.240201111879887e+39	5.3129291995492045e+39	2.876713388684535e+39	7.297130966207123e+38	3.6002753907217884e+38	1.3620975699160601e+38	9.68716415535551e+39	4.650691508594529e+39	2.876713388684535e+39	1.9014320695521372e+39
4418.227049175214	6.136177687034763e+42	3.269112614380039e+40	1.8514051677771288e+40	9.766006484526679e+39	6.302243946832657e+39	3.4158307637942777e+39	8.678397739284875e+38	4.284159866816544e+38	1.621763328026822e+38	1.1476727502162713e+40	5.518011347451247e+39	3.4158307637942777e+39	2.2590462254997714e+39
4583.222864042259	5.914329570959662e+42	3.686736757662433e+40	2.0921500289456547e+40	1.1055666230451526e+40	7.141572058001398e+39	3.875156017909381e+39	9.862947626344861e+38	4.871983028140168e+38	1.8454743546113104e+38	1.2986975119578573e+40	6.254581959702108e+39	3.875156017909381e+39	2.5644452209964743e+39
4752.907360647797	5.589186128233316e+42	4.044444773060877e+40	2.299851107675886e+40	1.217523539530501e+40	7.872662752460028e+39	4.276774261885297e+39	1.0904744533574524e+39	5.390013268091384e+38	2.0430305178810235e+38	1.4296195740519312e+40	6.896749144741702e+39	4.276774261885297e+39	2.8320356437990684e+39
4927.395961249406	5.174893056208399e+42	4.3511129421695673e+40	2.479683838961229e+40	1.315273601055575e+40	8.513865532681807e+39	4.630800192137577e+39	1.1830179613661934e+39	5.851402230080012e+38	2.219458941128982e+38	1.5437122669985655e+40	7.460643239694999e+39	4.630800192137577e+39	3.068570298839605e+39
5106.807369415725	5.002216422779091e+42	4.703991992855048e+40	2.6857739264333506e+40	1.4269235251581344e+40	9.244967209345826e+39	5.033686604226575e+39	1.2880347931734598e+39	6.374478817248701e+38	2.4192844188620574e+38	1.674125524113566e+40	8.103299478060003e+39	5.033686604226575e+39	3.3374717390627227e+39
5291.263690347382	6.397263064755777e+42	5.570652926204366e+40	3.1764052964153613e+40	1.6856282097070335e+40	1.0914065753277198e+40	5.938086897442465e+39	1.51770099318484e+39	7.508042683945217e+38	2.848312926030045e+38	1.9781756586525501e+40	9.564605039224119e+39	5.938086897442465e+39	3.935494869430565e+39
5480.890553323982	5.839937682941409e+42	5.953873434236005e+40	3.403466808371968e+40	1.8101273620320277e+40	1.1734539052027195e+40	6.393452664260728e+39	1.637673334323419e+39	8.107791641155084e+38	3.078272769841704e+38	2.1232055593063158e+40	1.0287053618289664e+40	6.393452664260728e+39	4.2406004870755724e+39
5675.817240958618	6.060595848499542e+42	6.647694103007959e+40	3.8047786377593145e+40	2.0257651479780527e+40	1.3140353890965122e+40	7.16432607964233e+39	1.837104228032366e+39	9.098568677849158e+38	3.45577786790249e+38	2.375548850941043e+40	1.152133758755655e+40	7.16432607964233e+39	4.753718700525582e+39
5876.1768234161555	5.75872294372301e+42	7.24824539849813e+40	4.158513578469255e+40	2.218800316783674e+40	1.4409363392251826e+40	7.866743366525062e+39	2.0214417487416844e+39	1.0018882717985677e+39	3.808192830834775e+38	2.600653720929496e+40	1.263800897692912e+40	7.866743366525062e+39	5.2236806108235115e+39
6082.106299665376	5.715608640173568e+42	8.0157085899485895e+40	4.608331439151779e+40	2.4632685598647783e+40	1.6013033990575218e+40	8.752289800724773e+39	2.25301607515553e+39	1.1173644780413546e+39	4.249852692964294e+38	2.885996747554371e+40	1.404835906127756e+40	8.752289800724773e+39	5.815405886742505e+39
6293.748862453366	5.48675991604871e+42	8.77462147073781e+40	5.057722095171657e+40	2.70963149684168e+40	1.7636682065972795e+40	9.653561375350455e+39	2.4905764743401865e+39	1.2361480585973613e+39	4.705414945231791e+38	3.1729892979413336e+40	1.5478062926841089e+40	9.653561375350455e+39	6.419359481616934e+39
6511.263789034082	5.3445093284410863e+42	9.6132046999554e+40	5.555308922411031e+40	2.9829133937541567e+40	1.9439561119166193e+40	1.0655484291807375e+40	2.755146604455976e+39	1.3685213007117427e+39	5.2134288707063e+38	3.4912072807848545e+40	1.7066025243462377e+40	1.0655484291807375e+40	7.091194843241528e+39
6734.813323348779	5.1403499386391197e+42	1.0465234090144328e+41	6.064648800761095e+40	3.2644069704931544e+40	2.130285165015078e+40	1.1694868245059035e+40	3.0311681146456333e+39	1.506892050375434e+39	5.745502281227356e+38	3.8185253451797657e+40	1.8708671057267524e+40	1.1694868245059035e+40	7.789575448938973e+39
6964.55865116336	4.9729698021468546e+42	1.1351663103252564e+41	6.597328567552044e+40	3.560115023863065e+40	2.326495654053976e+40	1.2792346420571932e+40	3.3238256765230257e+39	1.65381186110175e+39	6.311267608046416e+38	4.162025117995551e+40	2.0439550942557656e+40	1.2792346420571932e+40	8.528088409558682e+39
7200.666502932337	5.962687950472235e+42	1.3175148557411804e+41	7.653106703913861e+40	4.1279884655902425e+40	2.69693417271672e+40	1.482511162829294e+40	3.850357794267795e+39	1.9155118042197083e+39	7.308866195658337e+38	4.826401931899602e+40	2.36924939497465e+40	1.482511162829294e+40	9.8817341629281e+39
7443.311548591896	6.167439033627361e+42	1.4726265797464966e+41	8.564630658412967e+40	4.624559144882249e+40	3.023107774628153e+40	1.662899532883754e+40	4.323218492248603e+39	2.1515080491167103e+39	8.212267922649713e+38	5.405682953435869e+40	2.6562068023779456e+40	1.662899532883754e+40	1.108812649734192e+40
7692.67410372552	5.957627644059388e+42	1.5840756754541388e+41	9.24009182369382e+40	5.002216357738584e+40	3.274650640324317e+40	1.804195854856064e+40	4.7024235526547105e+39	2.3422925451396187e+39	8.948571681793374e+38	5.843672706444071e+40	2.878332599468579e+40	1.804195854856064e+40	1.204113582205324e+40
7948.938377319434	5.82667622514947e+42	1.7115358159779581e+41	1.0011048822114273e+41	5.432612161422754e+40	3.5611048908203337e+40	1.9649751258556239e+40	5.1334414545357137e+39	2.5590689930077913e+39	9.784902101656616e+38	6.342990605533414e+40	3.1312378436868136e+40	1.9649751258556239e+40	1.3125107948443286e+40
8212.294551292529	5.73623425657077e+42	1.8487507542058043e+41	1.084356613587347e+41	5.898614592135951e+40	3.871708877771173e+40	2.139596397186878e+40	5.602753515460653e+39	2.7953122554268396e+39	1.0697150184801427e+39	6.883289586173726e+40	3.405572063291678e+40	2.139596397186878e+40	1.4303471629985288e+40
8482.940131851237	5.5330147514957653e+42	1.9784531958515122e+41	1.1642524225959337e+41	6.351437786817766e+40	4.175515054639795e+40	2.311637080267968e+40	6.070132497656864e+39	3.031438449558639e+39	1.1612278560475204e+39	7.406849678796173e+40	3.6743702390068436e+40	2.311637080267968e+40	1.546896655313779e+40
8761.079209696834	5.391467612598358e+42	2.1211156018433247e+41	1.2522300849689674e+41	6.850620923751807e+40	4.510644494255831e+40	2.501563757996793e+40	6.586757360477696e+39	3.292563894429178e+39	1.262477455849297e+39	7.983859767818216e+40	3.9709363237173053e+40	2.501563757996793e+40	1.6756204396750384e+40
9046.923078224825	5.186540019124743e+42	2.2590798621023936e+41	1.3385406919963183e+41	7.346089568424267e+40	4.845313541807127e+40	2.6925023580324473e+40	7.111285616217879e+39	3.5585633186919e+39	1.3659594495870385e+39	8.555092576940498e+40	4.2675731683843987e+40	2.6925023580324473e+40	1.8054959252275262e+40
9340.694170713708	5.986468806443626e+42	2.578037568419683e+41	1.5267557393812317e+41	8.37536934624202e+40	5.522882101520318e+40	3.068190469118892e+40	8.10015661593936e+39	4.052819409881243e+39	1.5554514879430972e+39	9.754740689003822e+40	4.864036652767836e+40	3.068190469118892e+40	2.0571117524709543e+40
9642.620675593695	5.785689692702192e+42	2.7546075713783042e+41	1.6369393495134084e+41	9.006653727899778e+40	5.94887326915853e+40	3.310978541948523e+40	8.766138993509336e+39	4.3903917975922976e+39	1.6867157788514315e+39	1.048286579809142e+41	5.241521859995266e+40	3.310978541948523e+40	2.2221650507867334e+40
9952.929721489296	5.865091197958875e+42	2.9964204513445105e+41	1.784811612580488e+41	9.840202476169326e+40	6.50663256013365e+40	3.625959363352801e+40	9.618627603912453e+39	4.8205734644561767e+39	1.853247114227053e+39	1.144775292578242e+41	5.734674349872644e+40	3.625959363352801e+40	2.4352485920220603e+40
10271.859025046548	5.77694485670194e+42	3.2023440589158285e+41	1.9139461176284705e+41	1.058335707371769e+41	7.009360596908228e+40	3.9133015869389336e+40	1.0410346126678612e+40	5.2225057627458074e+39	2.0097872163313356e+39	1.2304033021546999e+41	6.180459982536919e+40	3.9133015869389336e+40	2.630901597291541e+40
10599.654173645085	5.5668964045884055e+42	3.3927330966723758e+41	2.0358477820955076e+41	1.1296592066386643e+41	7.495979199669497e+40	4.1940233052703995e+40	1.1194315087195172e+40	5.622286883467297e+39	2.1661840303166073e+39	1.3122841738789022e+41	6.612929575661662e+40	4.1940233052703995e+40	2.8229917399215975e+40
10936.566280316303	5.401011823746442e+42	3.586748366686026e+41	2.161215216564156e+41	1.2035683999337494e+41	8.002263699207734e+40	4.487387701963654e+40	1.2019021354336413e+40	6.043781610927902e+39	2.3314455212689053e+39	1.3969897206768783e+41	7.063356610488959e+40	4.487387701963654e+40	3.0242146645934936e+40
11282.856066052615	5.173794477933835e+42	3.7763010026240084e+41	2.2857280747553438e+41	1.2779186017965063e+41	8.514889686519401e+40	4.786511060588625e+40	1.286841887007279e+40	6.479333878468438e+39	2.5027795676283578e+39	1.4819621135654386e+41	7.52020140228008e+40	4.786511060588625e+40	3.230147914489031e+40
11638.796223991065	5.851392878179192e+42	4.237368017493829e+41	2.564388983767708e+41	1.4335693107445554e+41	9.551626837629288e+40	5.369127074168575e+40	1.4434458930014524e+40	7.267845946909085e+39	2.807370039124205e+39	1.6624981533859717e+41	8.435755330022148e+40	5.369127074168575e+40	3.623281429468351e+40
12004.668136318734	5.634193769426733e+42	4.491326970184433e+41	2.729566672770526e+41	1.531441814695294e+41	1.0223773829148754e+41	5.759662433164497e+40	1.5536597458217874e+40	7.831843635199072e+39	3.0287801695756014e+39	1.7745436396355546e+41	9.034142923606814e+40	5.759662433164497e+40	3.891539123794805e+40
12381.93648490359	5.669450767465048e+42	4.8216579929623605e+41	2.9392501696879745e+41	1.6534128966234395e+41	1.1053770396738594e+41	6.237260373305082e+40	1.6866247677024227e+40	8.509300073425034e+39	3.293595400154946e+39	1.914737558045571e+41	9.771306015675575e+40	6.237260373305082e+40	4.2179485938729697e+40
12771.435281777958	5.526578001295162e+42	5.0766019909429185e+41	3.1081416020969435e+41	1.755044400498692e+41	1.1757528393703372e+41	6.64995229354207e+40	1.8047193177467023e+40	9.116486303672643e+39	3.53309713866369e+39	2.0306822367114427e+41	1.0399222549588956e+41	6.64995229354207e+40	4.502851798132164e+40
13173.1635743034	5.279140975425053e+42	5.292821739025255e+41	3.257625025899575e+41	1.8478874351589383e+41	1.2410510644654743e+41	7.039187163513281e+40	1.9186784149860136e+40	9.706732081582121e+39	3.7675996604667435e+39	2.1358809999515994e+41	1.098417856339133e+41	7.039187163513281e+40	4.77385511776991e+40
13587.959286615487	5.1176482280236373e+42	5.534458409195045e+41	3.4233844762069763e+41	1.95039992066736e+41	1.3130358232469729e+41	7.467735109667725e+40	2.0440152215266003e+40	1.0355808298177488e+40	4.0254594488670045e+39	2.2521296583681397e+41	1.162880842201259e+41	7.467735109667725e+40	5.07208321600284e+40
14017.56235618982	5.686870857767368e+42	6.16907997624077e+41	3.81526603982661e+41	2.173332533059525e+41	1.4629944828172527e+41	8.31982019168069e+40	2.276913964827834e+40	1.153519803802136e+40	4.483682256474599e+39	2.5096379609782045e+41	1.2956614156324419e+41	8.31982019168069e+40	5.6505260922416e+40
14463.486942978247	5.630792230008027e+42	6.5506240701681345e+41	4.066860925625913e+41	2.3242899562097374e+41	1.56739659487226e+41	8.93134142116983e+40	2.451675225502411e+40	1.2433429924004565e+40	4.8378806695371864e+39	2.6819564907165104e+41	1.3887847360978349e+41	8.93134142116983e+40	6.07246799495607e+40
14924.32612063299	5.37785821620588e+42	6.762532971597959e+41	4.224266631694195e+41	2.427285497711139e+41	1.641705468551663e+41	9.386309975785918e+40	2.5899649311358455e+40	1.315838845307172e+40	5.1293340373187196e+39	2.7973598229974393e+41	1.4557910058984879e+41	9.386309975785918e+40	6.393676069666996e+40
15400.663378879459	5.213009824482451e+42	7.075295743219989e+41	4.443512650017996e+41	2.565212491479329e+41	1.739412421746341e+41	9.973556812964327e+40	2.764109334731628e+40	1.4064362903572796e+40	5.490894583879451e+39	2.953180385176189e+41	1.5434905996026345e+41	9.973556812964327e+40	6.804420225335671e+40
15894.100640877152	5.223769668123101e+42	7.510972333575435e+41	4.736623147383428e+41	2.7441704385216735e+41	1.8643606082052446e+41	1.0713306679719388e+41	2.978992143592981e+40	1.5175000214901675e+40	5.931330473024128e+39	3.1566538978953374e+41	1.655225687727605e+41	1.0713306679719388e+41	7.31784506077865e+40
16404.783774048952	5.4518516740397893e+42	8.153998269209949e+41	5.154108573348228e+41	2.9919511796564615e+41	2.0348621807764873e+41	1.1706979323384882e+41	3.2611359780010317e+40	1.6622382628454525e+40	6.501054361866953e+39	3.4401432366309974e+41	1.807115559826216e+41	1.1706979323384882e+41	8.001764115890153e+40
16931.278565066175	5.500810144310128e+42	8.636620202859308e+41	5.483280810387121e+41	3.1954233362147055e+41	2.177904887114305e+41	1.2560520192545308e+41	3.512084206857929e+40	1.7924840553801093e+40	7.019742164937297e+39	3.670833516693115e+41	1.9352701496437247e+41	1.2560520192545308e+41	8.596736982925401e+40
17471.77701088004	5.224583825386831e+42	8.914324761390118e+41	5.700951730152241e+41	3.343375543412875e+41	2.286635535417921e+41	1.3239224325391546e+41	3.7240191609940644e+40	1.904555410892561e+40	7.474151071306778e+39	3.8352680866021055e+41	2.033781469441478e+41	1.3239224325391546e+41	9.080727978158384e+40
18029.27706130574	5.1153042641765084e+42	9.244815678528451e+41	5.948999267760991e+41	3.508073001930251e+41	2.4065935789117674e+41	1.398229993220887e+41	3.9542576297599104e+40	2.026086455352742e+40	7.966201160095028e+39	4.019129551433368e+41	2.1422431389268257e+41	1.398229993220887e+41	9.60888738315811e+40
18605.107340063867	5.4705676129188195e+42	1.0136113123052862e+42	6.532318268000962e+41	3.8568425358052064e+41	2.6475939850581766e+41	1.5393672247111813e+41	4.358080097377899e+40	2.2338028212120025e+40	8.786072528461185e+39	4.417478481990257e+41	2.3571825604242606e+41	1.5393672247111813e+41	1.0582943839710168e+41
19199.6440446217	5.297881621205452e+42	1.0552096133657359e+42	6.845760186371609e+41	4.064972038366674e+41	2.7990452200128454e+41	1.6330250240856376e+41	4.647232147477635e+40	2.3862084762031404e+40	9.402157577874202e+39	4.649873210717066e+41	2.4940718983757594e+41	1.6330250240856376e+41	1.1247862830932378e+41
19813.493753727063	5.2339893399793484e+42	1.095668896991167e+42	7.151511804126227e+41	4.269642645774165e+41	2.948872925358044e+41	1.726402624128062e+41	4.939427527286378e+40	2.540983561826244e+40	1.0031046418183511e+40	4.877904489185491e+41	2.629733142079151e+41	1.726402624128062e+41	1.1913884113542454e+41
20443.484564621223	5.084493722601108e+42	1.1312423007641688e+42	7.438041435453055e+41	4.4695880552676786e+41	3.098030052519359e+41	1.8211264965797167e+41	5.243200697724461e+40	2.7030975027186346e+40	1.0694462611240936e+40	5.098766061031688e+41	2.7654246733760706e+41	1.8211264965797167e+41	1.2595856660301985e+41
21094.027245922836	5.3204858277560404e+42	1.2229957588913327e+42	8.064900517990614e+41	4.8581954790440864e+41	3.3717899153778212e+41	1.9849214989310543e+41	5.727073565194432e+40	2.9546857688881327e+40	1.1698274089736253e+40	5.5390198321076124e+41	3.0108408930539122e+41	1.9849214989310543e+41	1.373947695234779e+41
21766.248454597127	5.223620761934021e+42	1.2638967490259325e+42	8.393499245740568e+41	5.087562226349159e+41	3.543014054426539e+41	2.093774618670155e+41	6.076835835250124e+40	3.141475651726126e+40	1.2463230423785526e+40	5.792330717035368e+41	3.1666432403327255e+41	2.093774618670155e+41	1.4523695717887644e+41
22462.59927729683	5.1504201705297415e+42	1.3092477783820777e+42	8.751148388269457e+41	5.334893853680066e+41	3.7270835021446916e+41	2.2105506417456494e+41	6.451731914723468e+40	3.3417347164499656e+40	1.3283725835606294e+40	6.065937502445559e+41	3.334029937978836e+41	2.2105506417456494e+41	1.5364487709373643e+41
23183.58931520321	5.0732260676121467e+42	1.3506176926342058e+42	9.09119382706637e+41	5.576973572546282e+41	3.909748131709378e+41	2.3280896650420648e+41	6.8363724316376e+40	3.548428165601106e+40	1.413546204099337e+40	6.332093783454207e+41	3.5007231854162315e+41	2.3280896650420648e+41	1.621689869383944e+41
23929.363002246442	5.24344892038875e+42	1.4419886379261554e+42	9.746130044700904e+41	5.999894257538092e+41	4.21427913377046e+41	2.5148014843922723e+41	7.40848248127694e+40	3.849585847053477e+40	1.535197303716916e+40	6.806829528607181e+41	3.775328713160849e+41	2.5148014843922723e+41	1.753792370049067e+41
24701.415974446325	5.1662100249709037e+42	1.4929815112775274e+42	1.016159369473682e+42	6.294275362803668e+41	4.436052758828413e+41	2.657350959277563e+41	7.87480008321968e+40	4.100217112060954e+40	1.6385106373937346e+40	7.130767599876503e+41	3.977645444550598e+41	2.657350959277563e+41	1.8571405913537973e+41
25496.34924085657	5.016697511547394e+42	1.5153732185579573e+42	1.0404697379894624e+42	6.49660029136994e+41	4.599332207077731e+41	2.7695352292336064e+41	8.274246426535856e+40	4.3204182496305795e+40	1.731483262177548e+40	7.346378184071814e+41	4.1291316720667515e+41	2.7695352292336064e+41	1.9411670037676714e+41
26318.29983335894	5.179836640628068e+42	1.621982737097851e+42	1.1184610611319259e+42	7.008535064692377e+41	4.971114633453754e+41	2.9996211182885546e+41	8.989050114682597e+40	4.69843004688605e+40	1.884884020701275e+40	7.918950520960359e+41	4.4651369553255055e+41	2.9996211182885546e+41	2.10477743896861e+41
27167.343163906484	5.097170853303387e+42	1.6599674044698805e+42	1.1541362312009085e+42	7.286073264795085e+41	5.189457735042396e+41	3.1462776947863e+41	9.49790584226775e+40	4.976962441046892e+40	2.0017301707041545e+40	8.218459311128219e+41	4.66651419050355e+41	3.1462776947863e+41	2.213494598940679e+41
28046.980520872105	5.0264728268565163e+42	1.701278898610538e+42	1.1919288470590366e+42	7.576901612955577e+41	5.417636953253979e+41	3.2994034092471737e+41	1.0030367224269677e+41	5.268863877981283e+40	2.1244143962193665e+40	8.532858037391026e+41	4.876877383683713e+41	3.2994034092471737e+41	2.3270462006362136e+41
28954.692437198093	5.0933642099983525e+42	1.7855168491667092e+42	1.2589972579285636e+42	8.047999230841184e+41	5.77196728117499e+41	3.5272067290297315e+41	1.0778248795734125e+41	5.67160482171098e+40	2.290801287503849e+40	9.051912826878878e+41	5.200079666352333e+41	3.5272067290297315e+41	2.492350661580572e+41
29894.983710136094	5.090777798260789e+42	1.8308939595448385e+42	1.3004378133713846e+42	8.36979318850505e+41	6.0262419104886365e+41	3.6993948197508886e+41	1.1385877661151658e+41	6.006414431405521e+40	2.43223775581131e+40	9.398885524251617e+41	5.434988879943347e+41	3.6993948197508886e+41	2.6207078517079288e+41
30867.693975445593	5.100097384019912e+42	1.8843154804088752e+42	1.3483058392351137e+42	8.736609509012239e+41	6.314383574809716e+41	3.893446269136634e+41	1.206660934411063e+41	6.380990314867262e+40	2.5903040231296947e+40	9.79549006432319e+41	5.700806116478222e+41	3.893446269136634e+41	2.765005354686364e+41
31873.110798222093	5.31960790185273e+42	1.9957878771658907e+42	1.435091782251631e+42	9.339763049352595e+41	6.766706755094624e+41	4.183889099937962e+41	1.302174899858384e+41	6.89606750172147e+40	2.803480057086752e+40	1.0461233946838555e+42	6.1131919314252204e+41	4.183889099937962e+41	2.975795650270968e+41
32914.881920700456	5.604778311694449e+42	2.08334791530161e+42	1.5043721019237488e+42	9.834482039782683e+41	7.144754519510937e+41	4.43249192145977e+41	1.3872550853337696e+41	7.361449277881237e+40	2.998893107862727e+40	1.1003442411831005e+42	6.4597478042970555e+41	4.43249192145977e+41	3.1587585790404897e+41
33992.80266173717	6.169622850162801e+42	2.227314166266451e+42	1.6100401045363063e+42	1.0542655607538329e+42	7.668567870073986e+41	4.76535782320329e+41	1.4960927428090839e+41	7.948737886348555e+40	3.242394133352439e+40	1.179060674011604e+42	6.9358922297611196e+41	4.76535782320329e+41	3.399509901716826e+41
35107.84264952621	7.438304325386333e+42	2.532903096584487e+42	1.820757415097252e+42	1.1870094740024425e+42	8.615094180901076e+41	5.341167011704555e+41	1.6716037109746303e+41	8.872624556506068e+40	3.6159225345730714e+40	1.328795137995268e+42	7.787547561793032e+41	5.341167011704555e+41	3.8057628635138716e+41
36263.13614407308	9.26620668276058e+42	2.876397967476829e+42	2.0538523512047526e+42	1.3323257572492276e+42	9.646834588535775e+41	5.966522181239831e+41	1.8615896730504814e+41	9.872160685178186e+40	4.01992256066699e+40	1.493052758249633e+42	8.714961231945964e+41	5.966522181239831e+41	4.2463141378067356e+41
37458.53537903478	1.2219296336843105e+43	3.4144099865332827e+42	2.4110520176064394e+42	1.5497319698677842e+42	1.11672396679297e+42	6.870898563068574e+41	2.1276892160000454e+41	1.1255693927706312e+41	4.572286713304902e+40	1.7402461692404932e+42	1.0075734109989611e+42	6.870898563068574e+41	4.87641443976861e+41
38696.91570190296	1.6882490288914363e+43	4.175920640227917e+42	2.907048459803396e+42	1.845827769732418e+42	1.3213931220106641e+42	8.071315472259608e+41	2.472859163390904e+41	1.3035621741272957e+41	5.276929332605325e+40	2.0784746661310047e+42	1.1901550806884105e+42	8.071315472259608e+41	5.706036790889945e+41
39981.44598135057	2.307592543845283e+43	5.0688580335951934e+42	3.4844885564373366e+42	2.1885731199842093e+42	1.5576041500568128e+42	9.452152680777951e+41	2.867847704018737e+41	1.506858078745538e+41	6.080126201893809e+40	2.4704869599263343e+42	1.4007080945430115e+42	9.452152680777951e+41	6.6586028133843884e+41
41312.358449398525	3.2084692227480593e+43	6.322462439309546e+42	4.2915045268717264e+42	2.6645180924987702e+42	1.8840070229362524e+42	1.1346824477293157e+42	3.402050710645229e+41	1.7801327836839983e+41	7.152478404979754e+40	3.0157858397893953e+42	1.6912121143980955e+42	1.1346824477293157e+42	7.959575136304869e+41
42692.66867356719	4.3132178973099096e+43	7.618546504918692e+42	5.118774331494021e+42	3.149793617135695e+42	2.2161929887692342e+42	1.3273182385755311e+42	3.945813068988012e+41	2.05863277143764e+41	8.247149666504088e+40	3.572339345048003e+42	1.986760754956398e+42	1.3273182385755311e+42	9.282338808418124e+41
44123.12140965789	5.754675185369236e+43	9.274857712488375e+42	6.17263503385253e+42	3.7655016181519546e+42	2.6364229074117363e+42	1.56999996423392e+42	4.625115524032854e+41	2.4053260964286867e+41	9.60451188475957e+40	4.279230051104029e+42	2.3603041840898358e+42	1.56999996423392e+42	1.0944234603291795e+42
45607.031177230165	7.44257964946777e+43	1.094806391462637e+43	7.233593709522644e+42	4.38431797268359e+42	3.058689594023833e+42	1.81399442401387e+42	5.3100490505625405e+41	2.755465853665285e+41	1.0978151715341876e+41	4.9898649169846954e+42	2.7356774904306645e+42	1.81399442401387e+42	1.2616331470557609e+42
47144.41872734096	9.432103439955562e+43	1.2946261685672473e+43	8.496172473004592e+42	5.1178337981124685e+42	3.557984358656464e+42	2.1016122515592418e+42	6.113234495229994e+41	3.1652607843327345e+41	1.2582556492259621e+41	5.833032710457993e+42	3.179211023317262e+42	2.1016122515592418e+42	1.4583823859586928e+42
48739.67813394962	1.1682867149013399e+44	1.4930620818076223e+43	9.750121063001941e+42	5.848006097399904e+42	4.0560500654682765e+42	2.389403749011839e+42	6.921732189967998e+41	3.57875291710388e+41	1.4205611121149564e+41	6.67176890171448e+42	3.621947821032355e+42	2.389403749011839e+42	1.6556406893318823e+42
50394.12527053799	1.4110852088102547e+44	1.71457711542145e+43	1.1148074241420741e+43	6.660300932896173e+42	4.6093603342738e+42	2.708596812997347e+42	7.816438971026919e+41	4.036051994811801e+41	1.5999690868516032e+41	7.605346217108172e+42	4.1136011920421405e+42	2.708596812997347e+42	1.8742337658919914e+42
52113.249596025336	1.6723339679798822e+44	1.9411496440124786e+43	1.2583427440205504e+43	7.498025092769077e+42	5.181556611732039e+42	3.03976119081268e+42	8.749381577284532e+41	4.513693652810697e+41	1.7876657389002782e+41	8.567108184217971e+42	4.622425068669403e+42	3.03976119081268e+42	2.1014379741544258e+42
53898.38261862804	1.942818686531766e+44	2.1956401601293918e+43	1.4197449729494804e+43	8.439732523018258e+42	5.824388445194271e+42	3.411446731534555e+42	9.794549876966809e+41	5.048428380002692e+41	1.997653251115776e+41	9.648431034620044e+42	5.193943375217453e+42	3.411446731534555e+42	2.3562830686418254e+42
55752.381639117695	2.1973979022207867e+44	2.4149392214332915e+43	1.5607554732171707e+43	9.275050768104206e+42	6.400014021259923e+42	3.7481459297918835e+42	1.0759664869747506e+42	5.545638741792923e+41	2.194306450262723e+41	1.0604043542086265e+43	5.707083363599392e+42	3.7481459297918835e+42	2.5886931925938517e+42
57680.378123582865	2.4669264250334143e+44	2.6741455134594304e+43	1.7262202301835004e+43	1.0247764600691112e+43	7.067298021450833e+42	4.136415500473921e+42	1.1863753248289402e+42	6.112935403345458e+41	2.4180927780959664e+41	1.1718869609458428e+43	6.301193085905796e+42	4.136415500473921e+42	2.855925443924509e+42
59684.347238218645	2.679159242781262e+44	2.886204700073854e+43	1.8650235188842e+43	1.1083600743876471e+43	7.648710776705262e+42	4.4802637690536066e+42	1.2866907415698559e+42	6.633002877424326e+41	2.625120924588132e+41	1.267143147291291e+43	6.820833860698267e+42	4.4802637690536066e+42	3.0947538759412434e+42
61768.740375909474	2.9076085430874643e+44	3.130059166984991e+43	2.0242222342547023e+43	1.203919827852616e+43	8.312021604094603e+42	4.8714863135499096e+42	1.4002930073376518e+42	7.220928300815156e+41	2.8587369347063046e+41	1.3761356978784184e+43	7.413306079803828e+42	4.8714863135499096e+42	3.366048598523376e+42
63939.059644697394	3.0668360890700717e+44	3.321352165626597e+43	2.151078679712958e+43	1.28145420966471e+43	8.856706426359795e+42	5.1977796549591124e+42	1.4977285906652927e+42	7.730633195331242e+41	3.0635952126549344e+41	1.4641689765997608e+43	7.901533189953017e+42	5.1977796549591124e+42	3.594472266344151e+42
66198.26430934599	3.212846617487966e+44	3.543039000443908e+43	2.3000627686380107e+43	1.3731960731110635e+43	9.502538651883545e+42	5.584832251354523e+42	1.612908646918896e+42	8.331762859355966e+41	3.3044959091731425e+41	1.5681977832926513e+43	8.480592760129983e+42	5.584832251354523e+42	3.865250106115577e+42
68551.47262102818	3.328498485219455e+44	3.7509320311248524e+43	2.4401645083653467e+43	1.4599266918407422e+43	1.0115769683046419e+43	5.954703756587619e+42	1.724406941613856e+42	8.91677536987559e+41	3.540300007219647e+41	1.666397282141628e+43	9.031181243709974e+42	5.954703756587619e+42	4.125098147624038e+42
71004.82204099787	3.361729717832199e+44	3.8988839542602395e+43	2.5470942272999993e+43	1.5300163445123715e+43	1.0626115326842366e+43	6.272332046059465e+42	1.8244360934592252e+42	9.448888818537193e+41	3.7576444279829904e+41	1.744757687483243e+43	9.492920837706502e+42	6.272332046059465e+42	4.3519185767034346e+42
73562.38962501516	3.352099350262221e+44	4.0360120579951022e+43	2.647610382334452e+43	1.5967137539327988e+43	1.1115325779370491e+43	6.579610019166986e+42	1.9227939157446665e+42	9.975394601118186e+41	3.97413146152693e+41	1.819111017527273e+43	9.93646416717133e+42	6.579610019166986e+42	4.572562855087872e+42
76229.60282321961	3.3112228248475903e+44	4.1532814787858824e+43	2.7372246540410715e+43	1.6582943208563927e+43	1.1575357566831322e+43	6.874321231611579e+42	2.019760386447525e+42	1.0498925195764922e+42	4.191164352127835e+41	1.8872252205651693e+43	1.0355564175580328e+43	6.874321231611579e+42	4.786374398907535e+42
79012.78947845499	3.2183715381841793e+44	4.238252026640488e+43	2.8081654856440055e+43	1.7101012604056738e+43	1.1973692335211299e+43	7.137220071759535e+42	2.1098838755510135e+42	1.099191455930674e+42	4.398156610952507e+41	1.9437980568495442e+43	1.0721132392892276e+43	7.137220071759535e+42	4.980049536344089e+42
81918.6692682075	3.0589582764149436e+44	4.274884978415914e+43	2.8509042179788343e+43	1.74680301608998e+43	1.227465772107715e+43	7.348187614001519e+42	2.1878227998286713e+42	1.1427841625527762e+42	4.585084548843803e+41	1.9826544027520782e+43	1.1001628696435375e+43	7.348187614001519e+42	5.1400240572647765e+42
84954.60567838297	2.82847250066531e+44	4.225503232215614e+43	2.8408861341762187e+43	1.754337347699024e+43	1.2384901940207593e+43	7.455721534984094e+42	2.240503620928227e+42	1.1742649326595176e+42	4.727964490711371e+41	1.987519469096539e+43	1.1114859080726284e+43	7.455721534984094e+42	5.2321194061631784e+42
88129.6191252162	2.5786717400229686e+44	4.1305141095206773e+43	2.8039832818403903e+43	1.7475883836799116e+43	1.2404063936822825e+43	7.5155194091746e+42	2.282427068931762e+42	1.2008087499565658e+42	4.853942840148186e+41	1.975578280196125e+43	1.1148800853120072e+43	7.5155194091746e+42	5.2936132002852387e+42
91451.31750262837	2.325469657794233e+44	3.970986521992424e+43	2.723318601371219e+43	1.7144769335723254e+43	1.2242922530738119e+43	7.472760225590377e+42	2.297717135663972e+42	1.2143725911187397e+42	4.932116380299178e+41	1.933499949421256e+43	1.1022748063159288e+43	7.472760225590377e+42	5.2861626383196833e+42
94929.03818732407	2.073645654374403e+44	3.770751709067779e+43	2.6151103203203397e+43	1.664701538312706e+43	1.1967338385472683e+43	7.364640226472454e+42	2.2961114831330648e+42	1.2197746739705242e+42	4.980707226344374e+41	1.8723994274429347e+43	1.0795028224224909e+43	7.364640226472454e+42	5.2347427522290116e+42
98573.21320860925	1.8359902208424906e+44	3.534450226948801e+43	2.4802287491123766e+43	1.5972578838868998e+43	1.1563569129885286e+43	7.178345625532802e+42	2.2720766264154703e+42	1.213939401431085e+42	4.987005070529113e+41	1.791565028786356e+43	1.0451671599831694e+43	7.178345625532802e+42	5.128743623613916e+42
102395.18930115047	1.6207531422399936e+44	3.253874606382815e+43	2.311968417683317e+43	1.5082935989045586e+43	1.1007661210692435e+43	6.902236568107048e+42	2.2233516054957714e+42	1.1958593466312196e+42	4.947555119926104e+41	1.6864778025719134e+43	9.972117133398727e+42	6.902236568107048e+42	4.9611023756940186e+42
106407.39135041466	1.436495936382509e+44	2.970235243380181e+43	2.1363746344630067e+43	1.4122247498061724e+43	1.0393299087991759e+43	6.586632265331733e+42	2.162112494050459e+42	1.1714009984223409e+42	4.8840093901665894e+41	1.573961367190056e+43	9.438350564920317e+42	6.586632265331733e+42	4.764672352703765e+42
110623.47648113729	1.2839899182431717e+44	2.7108454749747097e+43	1.967441488277837e+43	1.3148404741466506e+43	9.750158257596536e+42	6.242473620328017e+42	2.0893272137193453e+42	1.1408080410507663e+42	4.796601466817678e+41	1.4613328422148074e+43	8.874404107477127e+42	6.242473620328017e+42	4.544857183218654e+42
115058.18775108163	1.1599808570680076e+44	2.4796048583448015e+43	1.8137029702698874e+43	1.2239052630886946e+43	9.139453521224257e+42	5.909302804574903e+42	2.017463359650139e+42	1.1106574797616536e+42	4.71175094421287e+41	1.356845073891582e+43	8.336391898594051e+42	5.909302804574903e+42	4.330045022728985e+42
119728.34733257083	1.0463591574451243e+44	2.2752532240722235e+43	1.6717716212882817e+43	1.1356521106898018e+43	8.524442413964737e+42	5.554590508365109e+42	1.9298251768976845e+42	1.0709382129645115e+42	4.585138163388231e+41	1.2567480574291683e+43	7.788204635480093e+42	5.554590508365109e+42	4.0921210411108394e+42
124652.18893799315	9.610885530426441e+43	2.1385388775706278e+43	1.5735132108192282e+43	1.072983926363951e+43	8.08239174062903e+42	5.296456392842144e+42	1.8658285546591203e+42	1.0424887782502746e+42	4.499821344879057e+41	1.186050978090337e+43	7.392957833309036e+42	5.296456392842144e+42	3.918058914112832e+42
129852.31810013812	8.910680397117688e+43	2.0722925877889797e+43	1.5257474643030698e+43	1.0426472385316006e+43	7.87135511605807e+42	5.1775414152744976e+42	1.8414264115575953e+42	1.0339453861548785e+42	4.490680046507625e+41	1.1517335215292715e+43	7.205411708657193e+42	5.1775414152744976e+42	3.840763338069969e+42
135350.85180984382	8.237821294049819e+43	2.0344856344726374e+43	1.5009409670195618e+43	1.0291250240042485e+43	7.793058998210996e+42	5.151308249529443e+42	1.8522615199751308e+42	1.0450568874257657e+42	4.56418416334681e+41	1.135686701718809e+43	7.141031909059014e+42	5.151308249529443e+42	3.834475917666181e+42
141172.20433202002	7.720392250803028e+43	2.028113236251472e+43	1.5024905110556722e+43	1.0336822350982647e+43	7.845410293844451e+42	5.204709806229641e+42	1.888607726677933e+42	1.070153515195599e+42	4.6968045156579965e+41	1.1397899376685638e+43	7.194302961143511e+42	5.204709806229641e+42	3.8847385499555166e+42
147343.5376398958	7.1904404738505e+43	2.0105275656563185e+43	1.4980642124005738e+43	1.0353340677542632e+43	7.87752980175521e+42	5.243769238650453e+42	1.9197895621999275e+42	1.093006625592663e+42	4.8245305428052685e+41	1.140459278140702e+43	7.228984838558384e+42	5.243769238650453e+42	3.9236515516444797e+42
153895.10863752684	6.649925651118714e+43	1.993218714631533e+43	1.492014808560997e+43	1.0351828230299527e+43	7.893764363064402e+42	5.2694711006055986e+42	1.9427999029080162e+42	1.1105650632144846e+42	4.9276431128553805e+41	1.1392748572730282e+43	7.248415668304666e+42	5.2694711006055986e+42	3.950608724777896e+42
160860.8125711538	6.157684350659135e+43	2.0004302414040305e+43	1.509928388978605e+43	1.0535579400888185e+43	8.051962189473796e+42	5.3838307501567954e+42	1.9876896139288507e+42	1.1374954847010077e+42	5.058765149808648e+41	1.1581870518594687e+43	7.397227230630376e+42	5.3838307501567954e+42	4.0384029252589223e+42
168278.38889947342	5.688250176769319e+43	1.9571512287393145e+43	1.488137750281389e+43	1.0467365347737571e+43	8.045254575210251e+42	5.4205613546000366e+42	2.0276682368202174e+42	1.1657293991739743e+42	5.209512406298708e+41	1.148317475131338e+43	7.403694172013451e+42	5.4205613546000366e+42	4.0847733111551693e+42
176190.30933398724	5.208430401579589e+43	1.93193800493602e+43	1.4811328996246149e+43	1.0476096386244243e+43	8.076498531095267e+42	5.464756830275231e+42	2.063587724043435e+42	1.1913268252359626e+42	5.349382309809735e+41	1.1478896944219743e+43	7.439194208364832e+42	5.464756830275231e+42	4.13020330505072e+42
184644.4685977748	4.750947892495296e+43	1.8962265716868677e+43	1.4739929615541669e+43	1.0538830198405479e+43	8.171197841065144e+42	5.5663863226143226e+42	2.1275006971006224e+42	1.2338184451240481e+42	5.565948705669664e+41	1.1520160524392474e+43	7.538173914436525e+42	5.5663863226143226e+42	4.224192361132947e+42
193695.02817101308	4.307581579802916e+43	1.840395818544752e+43	1.4475143495894188e+43	1.0434759997829459e+43	8.123538258900161e+42	5.5631539454947484e+42	2.1544884890989273e+42	1.2577809803352824e+42	5.716758690876421e+41	1.138666354770755e+43	7.502780715221052e+42	5.5631539454947484e+42	4.2377049489604806e+42
203403.42992787375	3.877398695046546e+43	1.7875618610036835e+43	1.4340483408921506e+43	1.0487002155185378e+43	8.214937412520538e+42	5.65770040273462e+42	2.211446126403686e+42	1.2973621325401993e+42	5.933298182095834e+41	1.1409985630646505e+43	7.598277414507302e+42	5.65770040273462e+42	4.322178819628401e+42
213839.73718093583	3.4679639774119626e+43	1.6983366247348236e+43	1.3924924062786863e+43	1.0362008137269626e+43	8.18478644282883e+42	5.681573713495335e+42	2.2431393152781545e+42	1.3215152709092368e+42	6.077451983968462e+41	1.1231666608846859e+43	7.585817699630948e+42	5.681573713495335e+42	4.3563858517989415e+42
225084.11648288774	3.075158818072213e+43	1.5985820136615873e+43	1.3456372758920783e+43	1.0228186683553344e+43	8.163269088794809e+42	5.722361043041308e+42	2.2808482536381437e+42	1.347094094308193e+42	6.216001205472774e+41	1.1035368686450219e+43	7.585229043482382e+42	5.722361043041308e+42	4.405998931405487e+42
237228.80124375466	2.7046110858574388e+43	1.464956827262745e+43	1.2666667980182732e+43	9.858462450336255e+42	7.974495591183145e+42	5.677049292117702e+42	2.313406765243015e+42	1.3755729267077557e+42	6.389959562894402e+41	1.0578378641589374e+43	7.437106603162085e+42	5.677049292117702e+42	4.407670727658826e+42
250380.35746376045	2.3573723611250306e+43	1.327751685396442e+43	1.186148123689401e+43	9.474051606449815e+42	7.76611920592651e+42	5.608026453916531e+42	2.3278085585218273e+42	1.3911243180066551e+42	6.495230067078606e+41	1.0108029413063378e+43	7.268052647492098e+42	5.608026453916531e+42	4.385787276071378e+42
264662.63781822374	2.0359468276486005e+43	1.1746540628524374e+43	1.0943569151486658e+43	9.039154118478762e+42	7.541044445030724e+42	5.554749873914728e+42	2.3758096139593487e+42	1.432744307270156e+42	6.74261894438615e+41	9.57259901446628e+42	7.090799043494731e+42	5.554749873914728e+42	4.3921340023363456e+42
280220.34845955553	1.740062364608675e+43	1.0041559066252067e+43	9.792053256861749e+42	8.39034412994641e+42	7.136066859866193e+42	5.3748693343543444e+42	2.3864157280605558e+42	1.458095509391893e+42	6.9456912338030316e+41	8.813534076992128e+42	6.745104083791414e+42	5.3748693343543444e+42	4.3052549109504235e+42
297223.6218271707	1.4717564084143706e+43	8.324908406725036e+42	8.56442582894353e+42	7.649481089909311e+42	6.638418726266954e+42	5.1082635776407985e+42	2.3506716877062172e+42	1.457304382743457e+42	7.048688361706152e+41	7.963923955159698e+42	6.307305683399053e+42	5.1082635776407985e+42	4.140954405876718e+42
315873.881593028	1.2314989541662263e+43	6.598349527175819e+42	7.269883522607735e+42	6.860590863923618e+42	6.115739153853183e+42	4.8352491568001173e+42	2.3133423835603447e+42	1.4559718295458198e+42	7.159783223004457e+41	7.057829154805125e+42	5.850113628319999e+42	4.8352491568001173e+42	3.9741361993409217e+42
336411.3508645174	1.0181380757146185e+43	4.971447593513615e+42	5.933163449920266e+42	5.979839434056256e+42	5.506372203302235e+42	4.494642012309308e+42	2.2367286126076136e+42	1.4268997556987682e+42	7.127025727881159e+41	6.063806353438172e+42	5.310141053482653e+42	4.494642012309308e+42	3.750463983138546e+42
359124.80715440784	8.313236670012647e+42	3.517990881924149e+42	4.6081496573088344e+42	5.026591901556916e+42	4.8194960786149865e+42	4.0981364666171883e+42	2.14067319431668e+42	1.3847770609548171e+42	7.019594352456114e+41	5.008285537351919e+42	4.695872423819414e+42	4.0981364666171883e+42	3.486694446610566e+42
384364.5158888427	6.700873206861962e+42	2.2859474148641832e+42	3.3537066560667703e+42	4.0382414722664375e+42	4.079317769543937e+42	3.663694117854694e+42	2.044194398971055e+42	1.3448613929327814e+42	6.925943211235934e+41	3.934830745568475e+42	4.0290127097161015e+42	3.663694117854694e+42	3.201398917041895e+42
412559.4866379373	5.323753803739494e+42	1.352293313573662e+42	2.259847709118263e+42	3.055069557038352e+42	3.285791430324663e+42	3.158021421236828e+42	1.9209379931416998e+42	1.2920185261521379e+42	6.783605848313447e+41	2.899336340196308e+42	3.299546201544549e+42	3.158021421236828e+42	2.8558368424430564e+42
444240.9175967572	4.165986099738117e+42	7.163425489150989e+41	1.3892874805026358e+42	2.1489902536217907e+42	2.4896938318653623e+42	2.598821415950183e+42	1.7676337437169916e+42	1.2251173050561524e+42	6.597067761555811e+41	1.9773198369272137e+42	2.5504690433139918e+42	2.598821415950183e+42	2.4539221122714334e+42
480074.5875991187	3.207035105989342e+42	3.334752038191538e+41	7.655331950739955e+41	1.3842366201616599e+42	1.7505063651807898e+42	2.01778155662337e+42	1.580463934613777e+42	1.140227209241591e+42	6.349927965892687e+41	1.2284791427118614e+42	1.8362965267885314e+42	2.01778155662337e+42	2.0095463429378778e+42
520906.45835389505	2.425663513668126e+42	1.3095208522689646e+41	3.6409921630324415e+41	7.932518027538803e+41	1.1159764839800394e+42	1.4542557021798493e+42	1.3664340859151637e+42	1.0415348140417324e+42	6.07921963889095e+41	6.739889167778452e+41	1.2052639955991494e+42	1.4542557021798493e+42	1.5490433214843205e+42
567828.2685817407	1.7984616690335403e+42	4.413904466593862e+40	1.4763539709472574e+41	3.966154361466247e+41	6.3179467780978785e+41	9.522537297828778e+41	1.1184776879575016e+42	9.154523002535975e+41	5.693115260838366e+41	3.205279505893161e+41	7.061574087533361e+41	9.522537297828778e+41	1.0999636173184135e+42
622274.2484869264	1.3048336616547699e+42	1.3563288275725974e+40	4.944539799726023e+40	1.6571323509161338e+41	3.055557375177907e+41	5.495766154392645e+41	8.541026967005612e+41	7.674405092498265e+41	5.2044926800262836e+41	1.2651797173360104e+41	3.559038407335837e+41	5.495766154392645e+41	7.01787747564333e+41
686167.8307028023	9.234970712276388e+41	5.1245537518142585e+39	1.4834735761829365e+40	5.721823847683896e+40	1.2307698900601437e+41	2.7140007198988625e+41	5.919134881953592e+41	5.979353360059734e+41	4.538951553190338e+41	4.14598251827794e+40	1.5016998477706483e+41	2.7140007198988625e+41	3.905910263921331e+41
762151.6692378413	6.349752081537269e+41	2.9597603813189925e+39	5.755192639081866e+39	1.9864888696805155e+40	4.691453162497833e+40	1.2302882123399965e+41	3.6985009586344454e+41	4.191600132855054e+41	3.564658779336341e+41	1.4232486355618148e+40	5.937792667867647e+40	1.2302882123399965e+41	1.9779839325291735e+41
853962.7101275056	4.232132010425703e+41	1.9925669129629846e+39	2.930153822745813e+39	6.820238726223524e+39	1.5617873317093401e+40	4.71705810367914e+40	2.0537327971456516e+41	2.680858277157839e+41	2.627356360504057e+41	5.216874894868365e+39	2.0172851143195666e+40	4.71705810367914e+40	8.560959329890151e+40
967073.3219047774	2.714511542771414e+41	1.373022597761757e+39	1.8557144323787558e+39	2.941546263031247e+39	5.195293034766121e+39	1.522707446103791e+40	9.734419234290637e+40	1.5122934201467603e+41	1.7732496865316616e+41	2.539302462800415e+39	6.462242906128022e+39	1.522707446103791e+40	3.0610261694802467e+40
1109852.506776436	1.6551080761914052e+41	9.199325834926086e+38	1.23390958532613e+39	1.6995692656509633e+39	2.262929255075307e+39	4.634726856961888e+39	3.717441006917011e+40	7.135442328932205e+40	1.0530344815575194e+41	1.5625609451755762e+39	2.546465223363048e+39	4.634726856961888e+39	9.070347964646076e+39
1273720.4191487476	9.926940709650357e+40	5.609014824321343e+38	7.594558780783641e+38	1.037340852855616e+39	1.2675639417628188e+39	1.780346462423785e+39	1.0471517031109614e+40	2.5889180020527143e+40	5.3042207360766245e+40	9.617287080299514e+38	1.3495739513805206e+39	1.780346462423785e+39	2.616535294820377e+39
1461792.5593096921	5.951217345798377e+40	3.403114143587505e+38	4.6464208159072286e+38	6.4306438871770845e+38	7.875189925558009e+38	1.0214223610525438e+39	2.884573951208747e+39	7.717555258378134e+39	2.21255350478569e+40	5.942480380246239e+38	8.34684951205285e+38	1.0214223610525438e+39	1.2327030135147773e+39
1677645.1858923095	3.5717289760408947e+40	2.0518100028180663e+38	2.818282176653046e+38	3.949285040310516e+38	4.889838925821354e+38	6.399982230924325e+38	1.1503475016325815e+39	2.2356268325583004e+39	7.572256225336691e+39	3.636139079942043e+38	5.199763654680228e+38	6.399982230924325e+38	7.528227891693029e+38
1925382.997768972	2.1485777208681886e+40	1.2302604264677224e+38	1.6970350251058783e+38	2.4009298566473816e+38	3.0029913245901132e+38	3.9990896425826984e+38	6.679030852818061e+38	9.053351735076606e+38	2.3063803080887994e+39	2.2038692386333106e+38	3.2046445965745334e+38	3.9990896425826984e+38	4.753287539974809e+38
2209717.214823531	1.296964880952449e+40	7.331879117228344e+37	1.0159031633872113e+38	1.4468171123869874e+38	1.824394557034251e+38	2.4688224291408687e+38	4.266545835109887e+38	5.279740463808118e+38	8.30442377307164e+38	1.3251414455717609e+38	1.952872670502146e+38	2.4688224291408687e+38	2.972672042736991e+38
2536055.1959339394	7.865075098364469e+39	4.331453523401105e+37	6.0497380559663835e+37	8.65745565451772e+37	1.0980531241537007e+38	1.5058832667973022e+38	2.7211852412898583e+38	3.410238217230102e+38	4.40108087678747e+38	7.917897076489467e+37	1.1781902083960074e+38	1.5058832667973022e+38	1.835040048479321e+38
2910603.298917671	4.7967988347382923e+39	2.5234303005538405e+37	3.5800113778018227e+37	5.152109246053555e+37	6.559774800771299e+37	9.087264174472014e+37	1.7119442068694224e+38	2.2026062318342526e+38	2.8347551882254658e+38	4.706880614015287e+37	7.050206117220182e+37	9.087264174472014e+37	1.1187336803358707e+38
3340484.9390752153	2.945266036203735e+39	1.4387037629600041e+37	2.0980056463837446e+37	3.050985584485467e+37	3.8966356197321744e+37	5.435298251922215e+37	1.0616760429453324e+38	1.4025592639529931e+38	1.8719190915624393e+38	2.7831397520034406e+37	4.192467165528965e+37	5.435298251922215e+37	6.745300150791178e+37
3833876.092073241	1.8223537066558578e+39	7.95149319147982e+36	1.2102413999152234e+37	1.7955465314338e+37	2.303804288910281e+37	3.2289018176201243e+37	6.495168829720067e+37	8.796316762634507e+37	1.221211901764789e+38	1.6329444277151907e+37	2.4809809574666522e+37	3.2289018176201243e+37	4.029918845423367e+37
4400160.818734633	1.1371842902737342e+39	4.215264690525894e+36	6.814488169668036e+36	1.046192692441724e+37	1.3547414381505566e+37	1.9084612265426288e+37	3.9253281738229114e+37	5.436118329796626e+37	7.840753580808466e+37	9.459166847265915e+36	1.4611194646490336e+37	1.9084612265426288e+37	2.3907402445675043e+37
