#t	Le	U	B	V	R	I	J	H	K	g	r	i	z
#----------------------------------------------- 
2.7213486828111466	0.0	0.0	0.0	0.0	0.0	0.0	0.0	0.0	0.0	0.0	0.0	0.0	0.0
2.742298565024193	0.0	0.0	0.0	0.0	0.0	0.0	0.0	0.0	0.0	0.0	0.0	0.0	0.0
2.760969786019757	0.0	0.0	0.0	0.0	0.0	0.0	0.0	0.0	0.0	0.0	0.0	0.0	0.0
2.778422713038851	0.0	0.0	0.0	0.0	0.0	0.0	0.0	0.0	0.0	0.0	0.0	0.0	0.0
2.7951394756855	0.0	0.0	0.0	0.0	0.0	0.0	0.0	0.0	0.0	0.0	0.0	0.0	0.0
2.811385749813344	0.0	0.0	0.0	0.0	0.0	0.0	0.0	0.0	0.0	0.0	0.0	0.0	0.0
2.8273253079146117	0.0	0.0	0.0	0.0	0.0	0.0	0.0	0.0	0.0	0.0	0.0	0.0	0.0
2.843066989164481	0.0	0.0	0.0	0.0	0.0	0.0	0.0	0.0	0.0	0.0	0.0	0.0	0.0
2.858687201072757	0.0	0.0	0.0	0.0	0.0	0.0	0.0	0.0	0.0	0.0	0.0	0.0	0.0
2.8736387018860667	0.0	0.0	0.0	0.0	0.0	0.0	0.0	0.0	0.0	0.0	0.0	0.0	0.0
2.8881407204977343	0.0	0.0	0.0	0.0	0.0	0.0	0.0	0.0	0.0	0.0	0.0	0.0	0.0
2.9023325542315024	0.0	0.0	0.0	0.0	0.0	0.0	0.0	0.0	0.0	0.0	0.0	0.0	0.0
2.9163089352042517	0.0	0.0	0.0	0.0	0.0	0.0	0.0	0.0	0.0	0.0	0.0	0.0	0.0
2.9301375803670417	0.0	0.0	0.0	0.0	0.0	0.0	0.0	0.0	0.0	0.0	0.0	0.0	0.0
2.9438687951003133	0.0	0.0	0.0	0.0	0.0	0.0	0.0	0.0	0.0	0.0	0.0	0.0	0.0
2.9575411241629785	0.0	0.0	0.0	0.0	0.0	0.0	0.0	0.0	0.0	0.0	0.0	0.0	0.0
2.971184868765629	0.0	0.0	0.0	0.0	0.0	0.0	0.0	0.0	0.0	0.0	0.0	0.0	0.0
2.984824375810311	0.0	0.0	0.0	0.0	0.0	0.0	0.0	0.0	0.0	0.0	0.0	0.0	0.0
2.998479583532342	0.0	0.0	0.0	0.0	0.0	0.0	0.0	0.0	0.0	0.0	0.0	0.0	0.0
3.012167097457696	0.0	0.0	0.0	0.0	0.0	0.0	0.0	0.0	0.0	0.0	0.0	0.0	0.0
3.025900959053396	0.0	0.0	0.0	0.0	0.0	0.0	0.0	0.0	0.0	0.0	0.0	0.0	0.0
3.0396932071988902	0.0	0.0	0.0	0.0	0.0	0.0	0.0	0.0	0.0	0.0	0.0	0.0	0.0
3.0535542963332993	0.0	0.0	0.0	0.0	0.0	0.0	0.0	0.0	0.0	0.0	0.0	0.0	0.0
3.067493413201867	0.0	0.0	0.0	0.0	0.0	0.0	0.0	0.0	0.0	0.0	0.0	0.0	0.0
3.081518720433421	0.0	0.0	0.0	0.0	0.0	0.0	0.0	0.0	0.0	0.0	0.0	0.0	0.0
3.09563754639045	0.0	0.0	0.0	0.0	0.0	0.0	0.0	0.0	0.0	0.0	0.0	0.0	0.0
3.1098565349485554	0.0	0.0	0.0	0.0	0.0	0.0	0.0	0.0	0.0	0.0	0.0	0.0	0.0
3.124181764970263	0.0	0.0	0.0	0.0	0.0	0.0	0.0	0.0	0.0	0.0	0.0	0.0	0.0
3.138618846567882	0.0	0.0	0.0	0.0	0.0	0.0	0.0	0.0	0.0	0.0	0.0	0.0	0.0
3.1531729993849984	0.0	0.0	0.0	0.0	0.0	0.0	0.0	0.0	0.0	0.0	0.0	0.0	0.0
3.1678491168023273	0.0	0.0	0.0	0.0	0.0	0.0	0.0	0.0	0.0	0.0	0.0	0.0	0.0
3.1826518190201956	0.0	0.0	0.0	0.0	0.0	0.0	0.0	0.0	0.0	0.0	0.0	0.0	0.0
3.19758549727382	0.0	0.0	0.0	0.0	0.0	0.0	0.0	0.0	0.0	0.0	0.0	0.0	0.0
3.2126543509231826	0.0	0.0	0.0	0.0	0.0	0.0	0.0	0.0	0.0	0.0	0.0	0.0	0.0
3.2278624187748126	0.0	0.0	0.0	0.0	0.0	0.0	0.0	0.0	0.0	0.0	0.0	0.0	0.0
3.243213605702386	0.0	0.0	0.0	0.0	0.0	0.0	0.0	0.0	0.0	0.0	0.0	0.0	0.0
3.2587117054115944	0.0	0.0	0.0	0.0	0.0	0.0	0.0	0.0	0.0	0.0	0.0	0.0	0.0
3.274360420024273	0.0	0.0	0.0	0.0	0.0	0.0	0.0	0.0	0.0	0.0	0.0	0.0	0.0
3.2901633770245113	0.0	0.0	0.0	0.0	0.0	0.0	0.0	0.0	0.0	0.0	0.0	0.0	0.0
3.3061241440060147	0.0	0.0	0.0	0.0	0.0	0.0	0.0	0.0	0.0	0.0	0.0	0.0	0.0
3.322246241578447	0.0	0.0	0.0	0.0	0.0	0.0	0.0	0.0	0.0	0.0	0.0	0.0	0.0
3.338533154725822	0.0	0.0	0.0	0.0	0.0	0.0	0.0	0.0	0.0	0.0	0.0	0.0	0.0
3.354988342858346	0.0	0.0	0.0	0.0	0.0	0.0	0.0	0.0	0.0	0.0	0.0	0.0	0.0
3.3716152487576245	0.0	0.0	0.0	0.0	0.0	0.0	0.0	0.0	0.0	0.0	0.0	0.0	0.0
3.3884173065816214	0.0	0.0	0.0	0.0	0.0	0.0	0.0	0.0	0.0	0.0	0.0	0.0	0.0
3.405397949068502	0.0	0.0	0.0	0.0	0.0	0.0	0.0	0.0	0.0	0.0	0.0	0.0	0.0
3.4225606140562546	0.0	0.0	0.0	0.0	0.0	0.0	0.0	0.0	0.0	0.0	0.0	0.0	0.0
3.439908750416734	0.0	0.0	0.0	0.0	0.0	0.0	0.0	0.0	0.0	0.0	0.0	0.0	0.0
3.457445823487703	0.0	0.0	0.0	0.0	0.0	0.0	0.0	0.0	0.0	0.0	0.0	0.0	0.0
3.475175320074027	0.0	0.0	0.0	0.0	0.0	0.0	0.0	0.0	0.0	0.0	0.0	0.0	0.0
3.4931007530787763	0.0	0.0	0.0	0.0	0.0	0.0	0.0	0.0	0.0	0.0	0.0	0.0	0.0
3.5112256658163865	0.0	0.0	0.0	0.0	0.0	0.0	0.0	0.0	0.0	0.0	0.0	0.0	0.0
3.5295536360527504	0.0	0.0	0.0	0.0	0.0	0.0	0.0	0.0	0.0	0.0	0.0	0.0	0.0
3.548088279811069	0.0	0.0	0.0	0.0	0.0	0.0	0.0	0.0	0.0	0.0	0.0	0.0	0.0
3.5668332549771335	0.0	0.0	0.0	0.0	0.0	0.0	0.0	0.0	0.0	0.0	0.0	0.0	0.0
3.585792264733372	0.0	0.0	0.0	0.0	0.0	0.0	0.0	0.0	0.0	0.0	0.0	0.0	0.0
3.604969060847314	0.0	0.0	0.0	0.0	0.0	0.0	0.0	0.0	0.0	0.0	0.0	0.0	0.0
3.624367446837005	0.0	0.0	0.0	0.0	0.0	0.0	0.0	0.0	0.0	0.0	0.0	0.0	0.0
3.643991281033231	0.0	0.0	0.0	0.0	0.0	0.0	0.0	0.0	0.0	0.0	0.0	0.0	0.0
3.6638444795561034	0.0	0.0	0.0	0.0	0.0	0.0	0.0	0.0	0.0	0.0	0.0	0.0	0.0
3.68393101922165	0.0	0.0	0.0	0.0	0.0	0.0	0.0	0.0	0.0	0.0	0.0	0.0	0.0
3.704254940392343	0.0	0.0	0.0	0.0	0.0	0.0	0.0	0.0	0.0	0.0	0.0	0.0	0.0
3.7248203497840513	0.0	0.0	0.0	0.0	0.0	0.0	0.0	0.0	0.0	0.0	0.0	0.0	0.0
3.7456314232407215	0.0	0.0	0.0	0.0	0.0	0.0	0.0	0.0	0.0	0.0	0.0	0.0	0.0
3.7666924084869455	0.0	0.0	0.0	0.0	0.0	0.0	0.0	0.0	0.0	0.0	0.0	0.0	0.0
3.788007627867704	0.0	0.0	0.0	0.0	0.0	0.0	0.0	0.0	0.0	0.0	0.0	0.0	0.0
3.8095814810837902	0.0	0.0	0.0	0.0	0.0	0.0	0.0	0.0	0.0	0.0	0.0	0.0	0.0
3.831418447930693	0.0	0.0	0.0	0.0	0.0	0.0	0.0	0.0	0.0	0.0	0.0	0.0	0.0
3.853523091048164	0.0	0.0	0.0	0.0	0.0	0.0	0.0	0.0	0.0	0.0	0.0	0.0	0.0
3.8759000586871797	0.0	0.0	0.0	0.0	0.0	0.0	0.0	0.0	0.0	0.0	0.0	0.0	0.0
3.898554087500583	0.0	0.0	0.0	0.0	0.0	0.0	0.0	0.0	0.0	0.0	0.0	0.0	0.0
3.921490005363291	0.0	0.0	0.0	0.0	0.0	0.0	0.0	0.0	0.0	0.0	0.0	0.0	0.0
3.9447127342276773	0.0	0.0	0.0	0.0	0.0	0.0	0.0	0.0	0.0	0.0	0.0	0.0	0.0
3.968227293019446	0.0	0.0	0.0	0.0	0.0	0.0	0.0	0.0	0.0	0.0	0.0	0.0	0.0
3.992038800579102	0.0	0.0	0.0	0.0	0.0	0.0	0.0	0.0	0.0	0.0	0.0	0.0	0.0
4.016152478653917	0.0	0.0	0.0	0.0	0.0	0.0	0.0	0.0	0.0	0.0	0.0	0.0	0.0
4.040573654945182	0.0	0.0	0.0	0.0	0.0	0.0	0.0	0.0	0.0	0.0	0.0	0.0	0.0
4.065307766215356	0.0	0.0	0.0	0.0	0.0	0.0	0.0	0.0	0.0	0.0	0.0	0.0	0.0
4.090360361459676	0.0	0.0	0.0	0.0	0.0	0.0	0.0	0.0	0.0	0.0	0.0	0.0	0.0
4.115737105146699	0.0	0.0	0.0	0.0	0.0	0.0	0.0	0.0	0.0	0.0	0.0	0.0	0.0
4.141443780532211	0.0	0.0	0.0	0.0	0.0	0.0	0.0	0.0	0.0	0.0	0.0	0.0	0.0
4.167486293050911	0.0	0.0	0.0	0.0	0.0	0.0	0.0	0.0	0.0	0.0	0.0	0.0	0.0
4.193870673790243	0.0	0.0	0.0	0.0	0.0	0.0	0.0	0.0	0.0	0.0	0.0	0.0	0.0
4.220603083050825	0.0	0.0	0.0	0.0	0.0	0.0	0.0	0.0	0.0	0.0	0.0	0.0	0.0
4.24768981399787	0.0	0.0	0.0	0.0	0.0	0.0	0.0	0.0	0.0	0.0	0.0	0.0	0.0
4.275137296408088	0.0	0.0	0.0	0.0	0.0	0.0	0.0	0.0	0.0	0.0	0.0	0.0	0.0
4.302952100516622	0.0	0.0	0.0	0.0	0.0	0.0	0.0	0.0	0.0	0.0	0.0	0.0	0.0
4.331140940968589	0.0	0.0	0.0	0.0	0.0	0.0	0.0	0.0	0.0	0.0	0.0	0.0	0.0
4.359710680879934	0.0	0.0	0.0	0.0	0.0	0.0	0.0	0.0	0.0	0.0	0.0	0.0	0.0
4.3886683360123735	0.0	0.0	0.0	0.0	0.0	0.0	0.0	0.0	0.0	0.0	0.0	0.0	0.0
4.418021079067325	0.0	0.0	0.0	0.0	0.0	0.0	0.0	0.0	0.0	0.0	0.0	0.0	0.0
4.44777624410384	0.0	0.0	0.0	0.0	0.0	0.0	0.0	0.0	0.0	0.0	0.0	0.0	0.0
4.4779413310856695	0.0	0.0	0.0	0.0	0.0	0.0	0.0	0.0	0.0	0.0	0.0	0.0	0.0
4.50852401056279	0.0	0.0	0.0	0.0	0.0	0.0	0.0	0.0	0.0	0.0	0.0	0.0	0.0
4.539532128492798	0.0	0.0	0.0	0.0	0.0	0.0	0.0	0.0	0.0	0.0	0.0	0.0	0.0
4.570973711207842	0.0	0.0	0.0	0.0	0.0	0.0	0.0	0.0	0.0	0.0	0.0	0.0	0.0
4.602856970532857	0.0	0.0	0.0	0.0	0.0	0.0	0.0	0.0	0.0	0.0	0.0	0.0	0.0
4.6351903090611035	0.0	0.0	0.0	0.0	0.0	0.0	0.0	0.0	0.0	0.0	0.0	0.0	0.0
4.667982325593237	0.0	0.0	0.0	0.0	0.0	0.0	0.0	0.0	0.0	0.0	0.0	0.0	0.0
4.70124182074631	0.0	0.0	0.0	0.0	0.0	0.0	0.0	0.0	0.0	0.0	0.0	0.0	0.0
4.73497780273936	0.0	0.0	0.0	0.0	0.0	0.0	0.0	0.0	0.0	0.0	0.0	0.0	0.0
4.769201071413978	0.0	0.0	0.0	0.0	0.0	0.0	0.0	0.0	0.0	0.0	0.0	0.0	0.0
4.803921072539452	0.0	0.0	0.0	0.0	0.0	0.0	0.0	0.0	0.0	0.0	0.0	0.0	0.0
4.839147479393905	0.0	0.0	0.0	0.0	0.0	0.0	0.0	0.0	0.0	0.0	0.0	0.0	0.0
4.874890199310134	0.0	0.0	0.0	0.0	0.0	0.0	0.0	0.0	0.0	0.0	0.0	0.0	0.0
4.911159380441763	0.0	0.0	0.0	0.0	0.0	0.0	0.0	0.0	0.0	0.0	0.0	0.0	0.0
4.94796541875418	0.0	0.0	0.0	0.0	0.0	0.0	0.0	0.0	0.0	0.0	0.0	0.0	0.0
4.9853189652489185	0.0	0.0	0.0	0.0	0.0	0.0	0.0	0.0	0.0	0.0	0.0	0.0	0.0
5.023230933430415	0.0	0.0	0.0	0.0	0.0	0.0	0.0	0.0	0.0	0.0	0.0	0.0	0.0
5.0617125070245095	0.0	0.0	0.0	0.0	0.0	0.0	0.0	0.0	0.0	0.0	0.0	0.0	0.0
5.100775147958463	0.0	0.0	0.0	0.0	0.0	0.0	0.0	0.0	0.0	0.0	0.0	0.0	0.0
5.1404306046127	0.0	0.0	0.0	0.0	0.0	0.0	0.0	0.0	0.0	0.0	0.0	0.0	0.0
5.180690920354853	0.0	0.0	0.0	0.0	0.0	0.0	0.0	0.0	0.0	0.0	0.0	0.0	0.0
5.221568442367282	0.0	0.0	0.0	0.0	0.0	0.0	0.0	0.0	0.0	0.0	0.0	0.0	0.0
5.2630758307796	0.0	0.0	0.0	0.0	0.0	0.0	0.0	0.0	0.0	0.0	0.0	0.0	0.0
5.305226068118343	0.0	0.0	0.0	0.0	0.0	0.0	0.0	0.0	0.0	0.0	0.0	0.0	0.0
5.348032469086409	0.0	0.0	0.0	0.0	0.0	0.0	0.0	0.0	0.0	0.0	0.0	0.0	0.0
5.39150869068551	0.0	0.0	0.0	0.0	0.0	0.0	0.0	0.0	0.0	0.0	0.0	0.0	0.0
5.435668742695429	0.0	0.0	0.0	0.0	0.0	0.0	0.0	0.0	0.0	0.0	0.0	0.0	0.0
5.480526998524544	0.0	0.0	0.0	0.0	0.0	0.0	0.0	0.0	0.0	0.0	0.0	0.0	0.0
5.526098206446699	0.0	0.0	0.0	0.0	0.0	0.0	0.0	0.0	0.0	0.0	0.0	0.0	0.0
5.572397501240256	0.0	0.0	0.0	0.0	0.0	0.0	0.0	0.0	0.0	0.0	0.0	0.0	0.0
5.619440416245818	0.0	0.0	0.0	0.0	0.0	0.0	0.0	0.0	0.0	0.0	0.0	0.0	0.0
5.667242895860002	0.0	0.0	0.0	0.0	0.0	0.0	0.0	0.0	0.0	0.0	0.0	0.0	0.0
5.715821308483285	0.0	0.0	0.0	0.0	0.0	0.0	0.0	0.0	0.0	0.0	0.0	0.0	0.0
5.765192459940984	0.0	0.0	0.0	0.0	0.0	0.0	0.0	0.0	0.0	0.0	0.0	0.0	0.0
5.8153736073971904	0.0	0.0	0.0	0.0	0.0	0.0	0.0	0.0	0.0	0.0	0.0	0.0	0.0
5.866382473782505	0.0	0.0	0.0	0.0	0.0	0.0	0.0	0.0	0.0	0.0	0.0	0.0	0.0
5.9182372627573905	0.0	0.0	0.0	0.0	0.0	0.0	0.0	0.0	0.0	0.0	0.0	0.0	0.0
5.970956674234057	0.0	0.0	0.0	0.0	0.0	0.0	0.0	0.0	0.0	0.0	0.0	0.0	0.0
6.024559920480819	0.0	0.0	0.0	0.0	0.0	0.0	0.0	0.0	0.0	0.0	0.0	0.0	0.0
6.079066742834163	0.0	0.0	0.0	0.0	0.0	0.0	0.0	0.0	0.0	0.0	0.0	0.0	0.0
6.134497429044895	0.0	0.0	0.0	0.0	0.0	0.0	0.0	0.0	0.0	0.0	0.0	0.0	0.0
6.1908728312861045	0.0	0.0	0.0	0.0	0.0	0.0	0.0	0.0	0.0	0.0	0.0	0.0	0.0
6.248214384852093	0.0	0.0	0.0	0.0	0.0	0.0	0.0	0.0	0.0	0.0	0.0	0.0	0.0
6.306544127578795	0.0	0.0	0.0	0.0	0.0	0.0	0.0	0.0	0.0	0.0	0.0	0.0	0.0
6.36588472001784	0.0	0.0	0.0	0.0	0.0	0.0	0.0	0.0	0.0	0.0	0.0	0.0	0.0
6.4262594663980135	0.0	0.0	0.0	0.0	0.0	0.0	0.0	0.0	0.0	0.0	0.0	0.0	0.0
6.4876923364095935	0.0	0.0	0.0	0.0	0.0	0.0	0.0	0.0	0.0	0.0	0.0	0.0	0.0
6.550207987848922	0.0	0.0	0.0	0.0	0.0	0.0	0.0	0.0	0.0	0.0	0.0	0.0	0.0
6.613831790162424	0.0	0.0	0.0	0.0	0.0	0.0	0.0	0.0	0.0	0.0	0.0	0.0	0.0
6.678589848931423	0.0	0.0	0.0	0.0	0.0	0.0	0.0	0.0	0.0	0.0	0.0	0.0	0.0
6.744509031341254	0.0	0.0	0.0	0.0	0.0	0.0	0.0	0.0	0.0	0.0	0.0	0.0	0.0
6.811616992680422	0.0	0.0	0.0	0.0	0.0	0.0	0.0	0.0	0.0	0.0	0.0	0.0	0.0
6.879942203918105	0.0	0.0	0.0	0.0	0.0	0.0	0.0	0.0	0.0	0.0	0.0	0.0	0.0
6.949513980410799	0.0	0.0	0.0	0.0	0.0	0.0	0.0	0.0	0.0	0.0	0.0	0.0	0.0
7.020362511791738	0.0	0.0	0.0	0.0	0.0	0.0	0.0	0.0	0.0	0.0	0.0	0.0	0.0
7.0925188930994985	0.0	0.0	0.0	0.0	0.0	0.0	0.0	0.0	0.0	0.0	0.0	0.0	0.0
7.166015157205541	0.0	0.0	0.0	0.0	0.0	0.0	0.0	0.0	0.0	0.0	0.0	0.0	0.0
7.240884308603482	0.0	0.0	0.0	0.0	0.0	0.0	0.0	0.0	0.0	0.0	0.0	0.0	0.0
7.317160358626544	0.0	0.0	0.0	0.0	0.0	0.0	0.0	0.0	0.0	0.0	0.0	0.0	0.0
7.394878362163321	0.0	0.0	0.0	0.0	0.0	0.0	0.0	0.0	0.0	0.0	0.0	0.0	0.0
7.474074455945953	0.0	0.0	0.0	0.0	0.0	0.0	0.0	0.0	0.0	0.0	0.0	0.0	0.0
7.554785898488983	0.0	0.0	0.0	0.0	0.0	0.0	0.0	0.0	0.0	0.0	0.0	0.0	0.0
7.637051111761773	0.0	0.0	0.0	0.0	0.0	0.0	0.0	0.0	0.0	0.0	0.0	0.0	0.0
7.720909724681965	0.0	0.0	0.0	0.0	0.0	0.0	0.0	0.0	0.0	0.0	0.0	0.0	0.0
7.8064026185227275	0.0	0.0	0.0	0.0	0.0	0.0	0.0	0.0	0.0	0.0	0.0	0.0	0.0
7.893571974331848	0.0	0.0	0.0	0.0	0.0	0.0	0.0	0.0	0.0	0.0	0.0	0.0	0.0
7.982461322466608	0.0	0.0	0.0	0.0	0.0	0.0	0.0	0.0	0.0	0.0	0.0	0.0	0.0
8.073115594354473	0.0	0.0	0.0	0.0	0.0	0.0	0.0	0.0	0.0	0.0	0.0	0.0	0.0
8.1655811765963	0.0	0.0	0.0	0.0	0.0	0.0	0.0	0.0	0.0	0.0	0.0	0.0	0.0
8.259905967535795	0.0	0.0	0.0	0.0	0.0	0.0	0.0	0.0	0.0	0.0	0.0	0.0	0.0
8.356139436426458	0.0	0.0	0.0	0.0	0.0	0.0	0.0	0.0	0.0	0.0	0.0	0.0	0.0
8.454332685335288	0.0	0.0	0.0	0.0	0.0	0.0	0.0	0.0	0.0	0.0	0.0	0.0	0.0
8.554538513931272	0.0	0.0	0.0	0.0	0.0	0.0	0.0	0.0	0.0	0.0	0.0	0.0	0.0
8.656811487315684	0.0	0.0	0.0	0.0	0.0	0.0	0.0	0.0	0.0	0.0	0.0	0.0	0.0
8.761208007061272	0.0	0.0	0.0	0.0	0.0	0.0	0.0	0.0	0.0	0.0	0.0	0.0	0.0
8.867786385637874	0.0	0.0	0.0	0.0	0.0	0.0	0.0	0.0	0.0	0.0	0.0	0.0	0.0
8.97660692441342	0.0	0.0	0.0	0.0	0.0	0.0	0.0	0.0	0.0	0.0	0.0	0.0	0.0
9.087731995431367	0.0	0.0	0.0	0.0	0.0	0.0	0.0	0.0	0.0	0.0	0.0	0.0	0.0
9.201226127178673	0.0	0.0	0.0	0.0	0.0	0.0	0.0	0.0	0.0	0.0	0.0	0.0	0.0
9.317156094572434	0.0	0.0	0.0	0.0	0.0	0.0	0.0	0.0	0.0	0.0	0.0	0.0	0.0
9.435591013408356	0.0	0.0	0.0	0.0	0.0	0.0	0.0	0.0	0.0	0.0	0.0	0.0	0.0
9.556602439530359	0.0	0.0	0.0	0.0	0.0	0.0	0.0	0.0	0.0	0.0	0.0	0.0	0.0
9.680264472998017	0.0	0.0	0.0	0.0	0.0	0.0	0.0	0.0	0.0	0.0	0.0	0.0	0.0
9.806653867547293	0.0	0.0	0.0	0.0	0.0	0.0	0.0	0.0	0.0	0.0	0.0	0.0	0.0
9.935850145660057	0.0	0.0	0.0	0.0	0.0	0.0	0.0	0.0	0.0	0.0	0.0	0.0	0.0
10.067935719579685	0.0	0.0	0.0	0.0	0.0	0.0	0.0	0.0	0.0	0.0	0.0	0.0	0.0
10.20299601863339	0.0	0.0	0.0	0.0	0.0	0.0	0.0	0.0	0.0	0.0	0.0	0.0	0.0
10.341119623247128	0.0	0.0	0.0	0.0	0.0	0.0	0.0	0.0	0.0	0.0	0.0	0.0	0.0
10.482398406066162	0.0	0.0	0.0	0.0	0.0	0.0	0.0	0.0	0.0	0.0	0.0	0.0	0.0
10.626927680623874	0.0	0.0	0.0	0.0	0.0	0.0	0.0	0.0	0.0	0.0	0.0	0.0	0.0
10.774806358033024	0.0	0.0	0.0	0.0	0.0	0.0	0.0	0.0	0.0	0.0	0.0	0.0	0.0
10.926137112208195	0.0	0.0	0.0	0.0	0.0	0.0	0.0	0.0	0.0	0.0	0.0	0.0	0.0
11.081026554165213	0.0	0.0	0.0	0.0	0.0	0.0	0.0	0.0	0.0	0.0	0.0	0.0	0.0
11.2395854159837	0.0	0.0	0.0	0.0	0.0	0.0	0.0	0.0	0.0	0.0	0.0	0.0	0.0
11.401928745062518	0.0	0.0	0.0	0.0	0.0	0.0	0.0	0.0	0.0	0.0	0.0	0.0	0.0
11.568176109345133	0.0	0.0	0.0	0.0	0.0	0.0	0.0	0.0	0.0	0.0	0.0	0.0	0.0
11.738451814243478	0.0	0.0	0.0	0.0	0.0	0.0	0.0	0.0	0.0	0.0	0.0	0.0	0.0
11.91288513204425	0.0	0.0	0.0	0.0	0.0	0.0	0.0	0.0	0.0	0.0	0.0	0.0	0.0
12.091610544642766	0.0	0.0	0.0	0.0	0.0	0.0	0.0	0.0	0.0	0.0	0.0	0.0	0.0
12.274768000514769	0.0	0.0	0.0	0.0	0.0	0.0	0.0	0.0	0.0	0.0	0.0	0.0	0.0
12.462503186908856	0.0	0.0	0.0	0.0	0.0	0.0	0.0	0.0	0.0	0.0	0.0	0.0	0.0
12.654967818319964	0.0	0.0	0.0	0.0	0.0	0.0	0.0	0.0	0.0	0.0	0.0	0.0	0.0
12.85231994238967	0.0	0.0	0.0	0.0	0.0	0.0	0.0	0.0	0.0	0.0	0.0	0.0	0.0
13.054724264472103	0.0	0.0	0.0	0.0	0.0	0.0	0.0	0.0	0.0	0.0	0.0	0.0	0.0
13.262352492205464	0.0	0.0	0.0	0.0	0.0	0.0	0.0	0.0	0.0	0.0	0.0	0.0	0.0
13.475383701540343	0.0	0.0	0.0	0.0	0.0	0.0	0.0	0.0	0.0	0.0	0.0	0.0	0.0
13.694004725797102	0.0	0.0	0.0	0.0	0.0	0.0	0.0	0.0	0.0	0.0	0.0	0.0	0.0
13.918410569457556	0.0	0.0	0.0	0.0	0.0	0.0	0.0	0.0	0.0	0.0	0.0	0.0	0.0
14.14880484854142	0.0	0.0	0.0	0.0	0.0	0.0	0.0	0.0	0.0	0.0	0.0	0.0	0.0
14.385400259578171	0.0	0.0	0.0	0.0	0.0	0.0	0.0	0.0	0.0	0.0	0.0	0.0	0.0
14.628419079359162	0.0	0.0	0.0	0.0	0.0	0.0	0.0	0.0	0.0	0.0	0.0	0.0	0.0
14.878093697848696	0.0	0.0	0.0	0.0	0.0	0.0	0.0	0.0	0.0	0.0	0.0	0.0	0.0
15.134667186843066	0.0	0.0	0.0	0.0	0.0	0.0	0.0	0.0	0.0	0.0	0.0	0.0	0.0
15.39839390720094	0.0	0.0	0.0	0.0	0.0	0.0	0.0	0.0	0.0	0.0	0.0	0.0	0.0
15.669540157724576	0.0	0.0	0.0	0.0	0.0	0.0	0.0	0.0	0.0	0.0	0.0	0.0	0.0
15.948384869055444	0.0	0.0	0.0	0.0	0.0	0.0	0.0	0.0	0.0	0.0	0.0	0.0	0.0
16.2352203462606	0.0	0.0	0.0	0.0	0.0	0.0	0.0	0.0	0.0	0.0	0.0	0.0	0.0
16.530353064132417	0.0	0.0	0.0	0.0	0.0	0.0	0.0	0.0	0.0	0.0	0.0	0.0	0.0
16.834104519607813	0.0	0.0	0.0	0.0	0.0	0.0	0.0	0.0	0.0	0.0	0.0	0.0	0.0
17.14681214613759	0.0	0.0	0.0	0.0	0.0	0.0	0.0	0.0	0.0	0.0	0.0	0.0	0.0
17.46883029530769	0.0	0.0	0.0	0.0	0.0	0.0	0.0	0.0	0.0	0.0	0.0	0.0	0.0
17.800531291537816	0.0	0.0	0.0	0.0	0.0	0.0	0.0	0.0	0.0	0.0	0.0	0.0	0.0
18.142306566265045	0.0	0.0	0.0	0.0	0.0	0.0	0.0	0.0	0.0	0.0	0.0	0.0	0.0
18.494567878668345	0.0	0.0	0.0	0.0	0.0	0.0	0.0	0.0	0.0	0.0	0.0	0.0	0.0
18.857748630712887	0.0	0.0	0.0	0.0	0.0	0.0	0.0	0.0	0.0	0.0	0.0	0.0	0.0
19.23230528510022	0.0	0.0	0.0	0.0	0.0	0.0	0.0	0.0	0.0	0.0	0.0	0.0	0.0
19.61871889561275	0.0	0.0	0.0	0.0	0.0	0.0	0.0	0.0	0.0	0.0	0.0	0.0	0.0
20.01749676035171	0.0	0.0	0.0	0.0	0.0	0.0	0.0	0.0	0.0	0.0	0.0	0.0	0.0
20.42917420950014	0.0	0.0	0.0	0.0	0.0	0.0	0.0	0.0	0.0	0.0	0.0	0.0	0.0
20.85431654051496	0.0	0.0	0.0	0.0	0.0	0.0	0.0	0.0	0.0	0.0	0.0	0.0	0.0
21.293521115082267	0.0	0.0	0.0	0.0	0.0	0.0	0.0	0.0	0.0	0.0	0.0	0.0	0.0
21.747419633781217	0.0	0.0	0.0	0.0	0.0	0.0	0.0	0.0	0.0	0.0	0.0	0.0	0.0
22.216680606219242	0.0	0.0	0.0	0.0	0.0	0.0	0.0	0.0	0.0	0.0	0.0	0.0	0.0
22.702012036454555	0.0	0.0	0.0	0.0	0.0	0.0	0.0	0.0	0.0	0.0	0.0	0.0	0.0
23.20416434584669	0.0	0.0	0.0	0.0	0.0	0.0	0.0	0.0	0.0	0.0	0.0	0.0	0.0
23.72393355810974	0.0	0.0	0.0	0.0	0.0	0.0	0.0	0.0	0.0	0.0	0.0	0.0	0.0
24.262164774336753	0.0	0.0	0.0	0.0	0.0	0.0	0.0	0.0	0.0	0.0	0.0	0.0	0.0
24.81975596916761	0.0	0.0	0.0	0.0	0.0	0.0	0.0	0.0	0.0	0.0	0.0	0.0	0.0
25.397662143156314	0.0	0.0	0.0	0.0	0.0	0.0	0.0	0.0	0.0	0.0	0.0	0.0	0.0
25.996899870853163	0.0	0.0	0.0	0.0	0.0	0.0	0.0	0.0	0.0	0.0	0.0	0.0	0.0
26.61855228908447	0.0	0.0	0.0	0.0	0.0	0.0	0.0	0.0	0.0	0.0	0.0	0.0	0.0
27.26377457595956	0.0	0.0	0.0	0.0	0.0	0.0	0.0	0.0	0.0	0.0	0.0	0.0	0.0
27.933799977624385	0.0	0.0	0.0	0.0	0.0	0.0	0.0	0.0	0.0	0.0	0.0	0.0	0.0
28.629946447480567	0.0	0.0	0.0	0.0	0.0	0.0	0.0	0.0	0.0	0.0	0.0	0.0	0.0
29.353623971572002	0.0	0.0	0.0	0.0	0.0	0.0	0.0	0.0	0.0	0.0	0.0	0.0	0.0
30.106342664082202	0.0	0.0	0.0	0.0	0.0	0.0	0.0	0.0	0.0	0.0	0.0	0.0	0.0
30.889721728855918	0.0	0.0	0.0	0.0	0.0	0.0	0.0	0.0	0.0	0.0	0.0	0.0	0.0
31.705499396712625	0.0	0.0	0.0	0.0	0.0	0.0	0.0	0.0	0.0	0.0	0.0	0.0	0.0
32.55554396452354	0.0	0.0	0.0	0.0	0.0	0.0	0.0	0.0	0.0	0.0	0.0	0.0	0.0
33.441866080924186	0.0	0.0	0.0	0.0	0.0	0.0	0.0	0.0	0.0	0.0	0.0	0.0	0.0
34.36663244572241	0.0	0.0	0.0	0.0	0.0	0.0	0.0	0.0	0.0	0.0	0.0	0.0	0.0
35.33218111612447	0.0	0.0	0.0	0.0	0.0	0.0	0.0	0.0	0.0	0.0	0.0	0.0	0.0
36.34103864365122	0.0	0.0	0.0	0.0	0.0	0.0	0.0	0.0	0.0	0.0	0.0	0.0	0.0
37.395939301455634	0.0	0.0	0.0	0.0	0.0	0.0	0.0	0.0	0.0	0.0	0.0	0.0	0.0
38.49984670552919	0.0	0.0	0.0	0.0	0.0	0.0	0.0	0.0	0.0	0.0	0.0	0.0	0.0
39.65597818561136	0.0	0.0	0.0	0.0	0.0	0.0	0.0	0.0	0.0	0.0	0.0	0.0	0.0
40.86783232150973	0.0	0.0	0.0	0.0	0.0	0.0	0.0	0.0	0.0	0.0	0.0	0.0	0.0
42.13922013432336	0.0	0.0	0.0	0.0	0.0	0.0	0.0	0.0	0.0	0.0	0.0	0.0	0.0
43.47430051101698	0.0	0.0	0.0	0.0	0.0	0.0	0.0	0.0	0.0	0.0	0.0	0.0	0.0
44.87762054781434	0.0	0.0	0.0	0.0	0.0	0.0	0.0	0.0	0.0	0.0	0.0	0.0	0.0
46.35416162754384	0.0	0.0	0.0	0.0	0.0	0.0	0.0	0.0	0.0	0.0	0.0	0.0	0.0
47.90939220422123	0.0	0.0	0.0	0.0	0.0	0.0	0.0	0.0	0.0	0.0	0.0	0.0	0.0
49.549328464697886	0.0	0.0	0.0	0.0	0.0	0.0	0.0	0.0	0.0	0.0	0.0	0.0	0.0
51.2806042736625	0.0	0.0	0.0	0.0	0.0	0.0	0.0	0.0	0.0	0.0	0.0	0.0	0.0
53.110552103401226	0.0	0.0	0.0	0.0	0.0	0.0	0.0	0.0	0.0	0.0	0.0	0.0	0.0
55.04729701583808	0.0	0.0	0.0	0.0	0.0	0.0	0.0	0.0	0.0	0.0	0.0	0.0	0.0
57.09986622543628	0.0	0.0	0.0	0.0	0.0	0.0	0.0	0.0	0.0	0.0	0.0	0.0	0.0
59.278317347960765	0.0	0.0	0.0	0.0	0.0	0.0	0.0	0.0	0.0	0.0	0.0	0.0	0.0
61.59388916771762	0.0	0.0	0.0	0.0	0.0	0.0	0.0	0.0	0.0	0.0	0.0	0.0	0.0
64.05917968475502	0.0	0.0	0.0	0.0	0.0	0.0	0.0	0.0	0.0	0.0	0.0	0.0	0.0
66.68835739777995	0.0	0.0	0.0	0.0	0.0	0.0	0.0	0.0	0.0	0.0	0.0	0.0	0.0
69.49741331357188	0.0	0.0	0.0	0.0	0.0	0.0	0.0	0.0	0.0	0.0	0.0	0.0	0.0
72.5044631786387	0.0	0.0	0.0	0.0	0.0	0.0	0.0	0.0	0.0	0.0	0.0	0.0	0.0
75.73011205650235	0.0	0.0	0.0	0.0	0.0	0.0	0.0	0.0	0.0	0.0	0.0	0.0	0.0
79.19789685573578	0.0	0.0	0.0	0.0	0.0	0.0	0.0	0.0	0.0	0.0	0.0	0.0	0.0
82.93482706632706	0.0	0.0	0.0	0.0	0.0	0.0	0.0	0.0	0.0	0.0	0.0	0.0	0.0
86.97205024414268	0.0	0.0	0.0	0.0	0.0	0.0	0.0	0.0	0.0	0.0	0.0	0.0	0.0
91.34567737418772	0.0	0.0	0.0	0.0	0.0	0.0	0.0	0.0	0.0	0.0	0.0	0.0	0.0
96.0978150963815	0.0	0.0	0.0	0.0	0.0	0.0	0.0	0.0	0.0	0.0	0.0	0.0	0.0
101.2778683617116	0.0	0.0	0.0	0.0	0.0	0.0	0.0	0.0	0.0	0.0	0.0	0.0	0.0
106.94420062245868	0.0	0.0	0.0	0.0	0.0	0.0	0.0	0.0	0.0	0.0	0.0	0.0	0.0
113.1662725656342	0.0	0.0	0.0	0.0	0.0	0.0	0.0	0.0	0.0	0.0	0.0	0.0	0.0
120.02743003529243	0.0	0.0	0.0	0.0	0.0	0.0	0.0	0.0	0.0	0.0	0.0	0.0	0.0
127.62858579838453	0.0	0.0	0.0	0.0	0.0	0.0	0.0	0.0	0.0	0.0	0.0	0.0	0.0
136.09315247933625	0.0	0.0	0.0	0.0	0.0	0.0	0.0	0.0	0.0	0.0	0.0	0.0	0.0
145.5737591164403	0.0	0.0	0.0	0.0	0.0	0.0	0.0	0.0	0.0	0.0	0.0	0.0	0.0
156.26156091765029	0.0	0.0	0.0	0.0	0.0	0.0	0.0	0.0	0.0	0.0	0.0	0.0	0.0
168.39942842124708	4.672881644433537e+31	1.9997594929807639e+27	1.1019732254507157e+27	5.6730411083673786e+26	3.6115871729647656e+26	1.927094358178745e+26	4.776719670228431e+25	2.337534180970989e+25	8.769312825739041e+24	6.704189570823862e+26	3.150492227939889e+26	1.927094358178745e+26	1.2633661777404457e+26
182.301029620368	4.8876840133081756e+33	2.4834258666957816e+29	1.3690005961058491e+29	7.050034122031657e+28	4.489039490109905e+28	2.395802231459427e+28	5.940523990691731e+27	2.907403731534082e+27	1.0908550997066117e+27	8.330838042206557e+28	3.9161165449403076e+28	2.395802231459427e+28	1.5708302927479743e+28
198.37924287050544	3.1284343898696887e+35	1.9330519944684507e+31	1.0660789543192279e+31	5.49224999602061e+30	3.4979187267121167e+30	1.8673244468443122e+30	4.632037572090799e+29	2.2673378793900814e+29	8.50831721333174e+28	6.489449046935866e+30	3.0516762612122767e+30	1.8673244468443122e+30	1.2245070012096194e+30
217.18979519078962	1.3508772436826784e+37	9.771779493958926e+32	5.3911965421256216e+32	2.7783985948484523e+32	1.769853042499436e+32	9.450256958086265e+31	2.34503161191822e+31	1.1480142701353894e+31	4.308548095189678e+30	3.282599318367187e+32	1.5441471869518126e+32	9.450256958086265e+31	6.197823408847691e+31
239.50083782142008	3.889230401124075e+38	3.2523629168255258e+34	1.7950280740093052e+34	9.253896465939775e+33	5.89587165181687e+33	3.148820149253371e+33	7.816297471580884e+32	3.826946698605561e+32	1.4364502052776107e+32	1.0932381637778545e+34	5.1442440504890855e+33	3.148820149253371e+33	2.0653605788849258e+33
266.4089323330865	6.705806674935667e+39	7.037232013058069e+35	3.886358842365662e+35	2.004642909099167e+35	1.277601257870525e+35	6.8257642222746905e+34	1.695321209579657e+34	8.302166467560019e+33	3.116883915317984e+33	2.3679455665965144e+35	1.1148225177595408e+35	6.8257642222746905e+34	4.478029388289315e+34
299.5441405467294	7.658887082013277e+40	1.0167883365124848e+37	5.619187887273675e+36	2.900267318063807e+36	1.8490464358357032e+36	9.882777192117338e+35	2.4561643587803756e+35	1.2030833226039727e+35	4.517799972929274e+34	3.4253933653268623e+36	1.613613783874744e+36	9.882777192117338e+35	6.485045122147561e+35
341.44409992254367	5.014633438406758e+41	8.395970762912388e+37	4.643416307870603e+37	2.3982352836284433e+37	1.5295505810419074e+37	8.178670177106515e+36	2.034034995308724e+36	9.965577845051745e+35	3.74320002843203e+35	2.832027709219318e+37	1.3349344341467085e+37	8.178670177106515e+36	5.36811718539539e+36
396.37576918848	8.501288263375853e+41	1.9902764293332446e+38	1.102042151679927e+38	5.697912446522418e+37	3.6361960015987186e+37	1.9456562269674187e+37	4.8441417372451394e+36	2.374268626519966e+36	8.921643423470956e+35	6.726897132853253e+37	3.174053349878352e+37	1.9456562269674187e+37	1.2775375197164872e+37
472.2182488104359	1.8794578450483914e+42	3.1669750395041047e+38	1.7515536160792043e+38	9.046663268431708e+37	5.769876863238473e+37	3.0852645624512287e+37	7.6732483116214e+36	3.75947562747259e+36	1.4121209928822806e+36	1.0682960993329464e+38	5.03575153168627e+37	3.0852645624512287e+37	2.0250494858271923e+37
586.6822555099513	1.8697451884413532e+43	9.590651135326585e+38	5.287050979767191e+38	2.722780988420077e+38	1.733729907744903e+38	9.25308465532846e+37	2.294416803622836e+37	1.12294161453716e+37	4.213309042096515e+36	3.217418108080455e+38	1.5124652541896877e+38	9.25308465532846e+37	6.066931365081952e+37
728.9206658366062	2.2887535495049053e+44	3.201694002517935e+39	1.7615314551383487e+39	9.055720610864334e+38	5.760519831617229e+38	3.0709219114923596e+38	7.600886588311298e+37	3.717641546266435e+37	1.393935174255333e+37	1.0705192576071802e+39	5.023982334147394e+38	3.0709219114923596e+38	2.012202173131276e+38
905.6785916105607	7.260278841019706e+44	8.38084909840634e+39	4.608258337444982e+39	2.3677415802299902e+39	1.5057084954363078e+39	8.02407431605265e+38	1.9849392898786e+38	9.706524249992523e+37	3.6387238351334724e+37	2.7993679784513567e+39	1.3130800927268755e+39	8.02407431605265e+38	5.2566825782868215e+38
1125.3418790067751	7.38276201128162e+44	1.5168508209563965e+40	8.347825285367717e+39	4.2925308969877127e+39	2.730941245265278e+39	1.4560933442076884e+39	3.604917749733617e+38	1.7633480384817054e+38	6.612319655349853e+37	5.0741130181081276e+39	2.3818546287222844e+39	1.4560933442076884e+39	9.5418202368538e+38
1398.3338126648873	5.427333616465552e+44	2.3466673417123403e+40	1.293535939685595e+40	6.661060029416522e+39	4.2412399497663667e+39	2.2634750029619223e+39	5.612111354457474e+38	2.7466202839771892e+38	1.0305091117643068e+38	7.87129249250298e+39	3.699913383506473e+39	2.2634750029619223e+39	1.4840405858945277e+39
1737.609576593864	1.2559190908056987e+44	2.180562722873988e+40	1.2076721136509025e+40	6.245295293596668e+39	3.9859623147091454e+39	2.1330872084893202e+39	5.311896681946507e+38	2.6037238978112756e+38	9.784607127765485e+37	7.372792937402905e+39	3.479472945702137e+39	2.1330872084893202e+39	1.400709435329515e+39
2159.2711541592803	4.4217731947753806e+43	2.0661983330644405e+40	1.1518432386609214e+40	5.991507770067659e+39	3.8365145506050966e+39	2.0608845656019725e+39	5.162875590829918e+38	2.536062572615998e+38	9.551270459779117e+37	7.063676990633614e+39	3.352006621035567e+39	2.0608845656019725e+39	1.3561675669407633e+39
2683.3296330385547	2.66521910754945e+43	2.3196987388347705e+40	1.3008089821830106e+40	6.802046190794618e+39	4.368332299567014e+39	2.3545294031600224e+39	5.930151672105817e+38	2.9184920926722368e+38	1.1013106408957167e+38	8.00956946290195e+39	3.8197199885171464e+39	2.3545294031600224e+39	1.552343689545398e+39
3334.656029651335	1.789787654657842e+43	2.9984373289009167e+40	1.6877900436204665e+40	8.855521184940399e+39	5.697880782062013e+39	3.077892781284373e+39	7.778961524081275e+38	3.833097252709504e+38	1.4482844793467652e+38	1.0419461288821517e+40	4.984871692162655e+39	3.077892781284373e+39	2.0317533805624042e+39
4144.162114058222	1.1238883106587702e+43	3.661202932734063e+40	2.0731345647708394e+40	1.0935167239287028e+40	7.05684841907419e+39	3.8250298864104036e+39	9.71952553391193e+38	4.7984805712106136e+38	1.816618732594265e+38	1.2850707662923745e+40	6.178772172190651e+39	3.8250298864104036e+39	2.5297821443493416e+39
5150.267280651452	2.0777946950628253e+43	4.755639801037313e+40	2.707579577914913e+40	1.4349860791096402e+40	9.284761626276719e+39	5.0476819177774614e+39	1.2885957206626097e+39	6.372065318107865e+38	2.416360635774267e+38	1.6845239805180258e+40	8.135238002504701e+39	5.0476819177774614e+39	3.3439470675848895e+39
6400.722475750196	6.789817145496094e+42	5.281694429924045e+40	3.038726005276557e+40	1.6258731375526362e+40	1.0576697366754311e+40	5.786340313709453e+39	1.4921584002141292e+39	7.405516827492927e+38	2.818862909814337e+38	1.9044074552239696e+40	9.280948083409416e+39	5.786340313709453e+39	3.846953466321762e+39
7954.877851048282	3.208210399655983e+42	6.068299978580094e+40	3.5284820549836637e+40	1.9049052132798904e+40	1.2451376598398525e+40	6.84836938521354e+39	1.7801918826997152e+39	8.858952176660225e+38	3.3812901249758735e+38	2.226744833129642e+40	1.0939949013055666e+40	6.84836938521354e+39	4.566219033598537e+39
9886.497632980443	2.1169622410058482e+42	6.852546190596665e+40	4.0503448745409033e+40	2.218149114989087e+40	1.4613276484442623e+40	8.109657612318847e+39	2.1374585770323465e+39	1.0688372138018464e+39	4.0997304959742576e+38	2.584464051836473e+40	1.286675411245778e+40	8.109657612318847e+39	5.434033732836474e+39
12287.261877154602	1.3526663471225439e+42	7.408658230203355e+40	4.479932250353186e+40	2.5024049534132824e+40	1.6665183364343107e+40	9.362452872072986e+39	2.5146664230642858e+39	1.2657198496023965e+39	4.887402051452592e+38	2.902569747433983e+40	1.4716319691603703e+40	9.362452872072986e+39	6.316058051535815e+39
15271.118246300648	8.345912494467858e+41	7.50395516405741e+40	4.689240304640254e+40	2.69475290529624e+40	1.8225518687718152e+40	1.0419139775641292e+40	2.8740482229342505e+39	1.4599641850785955e+39	5.690531566971149e+38	3.1055886452148546e+40	1.616126750121669e+40	1.0419139775641292e+40	7.096546168448428e+39
18979.690441468698	5.052217809662894e+41	6.952850021258939e+40	4.560026799170418e+40	2.7317214633394377e+40	1.889607553079074e+40	1.1079046238963992e+40	3.175473497573086e+39	1.6344463224994186e+39	6.456862416913553e+38	3.118678099796313e+40	1.6857447345248441e+40	1.1079046238963992e+40	7.650999099774908e+39
23589.000248488894	3.0700778210110104e+41	5.716569619278693e+40	4.025355563539686e+40	2.5635898402841607e+40	1.8328865119562034e+40	1.1151146746967736e+40	3.37876480500878e+39	1.7722807613674218e+39	7.136930754769448e+38	2.886457250601671e+40	1.649685685864442e+40	1.1151146746967736e+40	7.857201299407248e+39
29317.822253430346	1.905597943013427e+41	4.004401285657602e+40	3.1222691646665494e+40	2.174026222251372e+40	1.6314775191671944e+40	1.0477826936266188e+40	3.4417237035320885e+39	1.8548979428444575e+39	7.675040369714663e+38	2.398704070505143e+40	1.4875868817299321e+40	1.0477826936266188e+40	7.602636662477011e+39
36438.067772750095	1.2158293186976655e+41	2.2895061810584604e+40	2.0409224591242941e+40	1.6100117560009638e+40	1.2952065364113995e+40	8.997368308922234e+39	3.322755058933911e+39	1.8617559613371535e+39	8.004852690811744e+38	1.7259686373220437e+40	1.203343582294398e+40	8.997368308922234e+39	6.813043186295412e+39
45287.690857340494	7.947675900743481e+40	1.0760958837514615e+40	1.0890251146160464e+40	1.0006815308566774e+40	8.837966442340044e+39	6.851524959048138e+39	2.9931151584975066e+39	1.7732820937119706e+39	8.051648422154478e+38	1.0335778438054324e+40	8.42652119885651e+39	6.851524959048138e+39	5.513788461176885e+39
56286.72893607466	5.280166017773475e+40	5.1104454571242256e+39	5.032678929362924e+39	5.1422638318609434e+39	5.0230432290866914e+39	4.468062492960965e+39	2.4603916223799064e+39	1.577999069411331e+39	7.741863038007176e+38	5.133502209492072e+39	4.939705393919975e+39	4.468062492960965e+39	3.902570968436496e+39
69957.23944527419	3.5355510259824935e+40	3.4333015237412083e+39	2.6784899561489498e+39	2.4347073236498684e+39	2.4497863068499575e+39	2.450040225333492e+39	1.7958137016039483e+39	1.2845931151873889e+39	7.024554514249766e+38	2.453740099838046e+39	2.4592008958924316e+39	2.450040225333492e+39	2.3482412928589105e+39
86948.07870741059	2.370758548590059e+40	2.964717385829842e+39	2.0411596153716306e+39	1.4392217117613998e+39	1.2587729678638233e+39	1.2058260968287504e+39	1.1358810516520429e+39	9.337137562272767e+38	5.911273192069012e+38	1.54977880331297e+39	1.232426644790521e+39	1.2058260968287504e+39	1.21698383985092e+39
108065.69915210537	1.5859803560255532e+40	2.6364175466597598e+39	1.822391523522922e+39	1.1737279529108095e+39	8.862421717488994e+38	6.725297141022334e+38	6.249174770403226e+38	5.943168287032416e+38	4.520549628647687e+38	1.3111677930962639e+39	8.225048080504717e+38	6.725297141022334e+38	6.2318604936413625e+38
134312.42662359416	1.0569902977881528e+40	2.2813418609173232e+39	1.6302685421272928e+39	1.0655120995036914e+39	7.81028203310525e+38	5.109669433701672e+38	3.264597363199013e+38	3.3360026981341316e+38	3.0816207829357273e+38	1.1909508048393682e+39	7.102398612294699e+38	5.109669433701672e+38	4.039937613759359e+38
166934.03454910993	7.018727731224881e+39	1.907001586861553e+39	1.417475896657339e+39	9.610686899305208e+38	7.158721306657427e+38	4.609915800383405e+38	1.9820895888113795e+38	1.787668871205647e+38	1.8591342303187886e+38	1.065370268057414e+39	6.521624152081788e+38	4.609915800383405e+38	3.411033452341942e+38
207478.87300277996	4.645836418655885e+39	1.535519446768812e+39	1.1920852356805147e+39	8.434641921077928e+38	6.442404753972084e+38	4.256096620227473e+38	1.5679965234499157e+38	1.0935794423668067e+38	1.0251830832599189e+38	9.255788924209703e+38	5.908957623478011e+38	4.256096620227473e+38	3.1530758266996568e+38
257871.3591328974	3.0641655791504506e+39	1.1867775628103194e+39	9.662677359321589e+38	7.167760984468746e+38	5.633851673986719e+38	3.8535963107735324e+38	1.433972536580972e+38	8.579413085774614e+37	5.816098919765283e+37	7.777052188604228e+38	5.209319862043612e+38	3.8535963107735324e+38	2.9089510604638462e+38
320503.31705688994	2.0099210312908543e+39	8.756961860567153e+38	7.512132254983145e+38	5.869932436009677e+38	4.763252954969077e+38	3.389726336365307e+38	1.341707588389085e+38	7.828183388421691e+37	4.0324364303121253e+37	6.289758117501412e+38	4.4445278230761674e+38	3.389726336365307e+38	2.619373856816789e+38
398347.50252053177	1.3073571253483014e+39	6.120532458819803e+38	5.564494891355266e+38	4.6044974678326545e+38	3.8706528315317814e+38	2.879515351144935e+38	1.2323087370226843e+38	7.351586649326974e+37	3.4710562202590413e+37	4.866273959668053e+38	3.648388167545976e+38	2.879515351144935e+38	2.285313792089989e+38
495098.7005766572	8.409849003560763e+38	4.0101512960285975e+38	3.8952368333992516e+38	3.43566334932515e+38	3.0032176772146147e+38	2.3474385115262545e+38	1.0988232641856703e+38	6.785611916376574e+37	3.247970139070889e+37	3.575943826163174e+38	2.8627223762655904e+38	2.3474385115262545e+38	1.9199664122113093e+38
615349.0932409402	5.342592150689033e+38	2.4315117823396778e+38	2.5522785244552643e+38	2.4204945476205513e+38	2.210105471141321e+38	1.825080028789654e+38	9.455046046990252e+37	6.082631087041829e+37	3.0361527280371083e+37	2.476426236101213e+38	2.133148401803576e+38	1.825080028789654e+38	1.5438390705952613e+38
764806.220643111	3.3519965065630182e+38	1.3429697510969052e+38	1.5473923748931586e+38	1.5970657514166764e+38	1.5321930195115264e+38	1.345306727027107e+38	7.808545593446992e+37	5.265665461526831e+37	2.7690586095395265e+37	1.6019896907119505e+38	1.4996783894500675e+38	1.345306727027107e+38	1.1814206372468604e+38
950563.8808118557	2.0789694265091715e+38	6.624511128706027e+37	8.554018164269372e+37	9.769808646650307e+37	9.928422467179536e+37	9.345303101653676e+37	6.15735106236054e+37	4.380111019550891e+37	2.447584377084418e+37	9.57343610765414e+37	9.874785806313505e+37	9.345303101653676e+37	8.556909683713326e+37
1181438.8258616002	1.2762076826442518e+38	2.847061944158701e+37	4.230008679504698e+37	5.466728551869015e+37	5.951359736956085e+37	6.07372958841479e+37	4.612295801301217e+37	3.4833266697387076e+37	2.0865920393174276e+37	5.207276784743623e+37	6.032058996935276e+37	6.07372958841479e+37	5.830751286442322e+37
1468389.2352456858	7.763495020623451e+37	1.033960835303044e+37	1.8260370474819452e+37	2.74774728182393e+37	3.2533530580106523e+37	3.6572154304861415e+37	3.264533012515889e+37	2.6349636041432304e+37	1.7071108879391025e+37	2.527873203201211e+37	3.373563683981706e+37	3.6572154304861415e+37	3.709401472166401e+37
1825034.8281247395	4.685407633024006e+37	3.0567616242287066e+36	6.675236797037191e+36	1.211766696117647e+37	1.591100738562574e+37	2.012467705078699e+37	2.1696888812747665e+37	1.8860471618325942e+37	1.33347302924552e+37	1.0679719562992999e+37	1.6967430162611166e+37	2.012467705078699e+37	2.179932786197805e+37
2268303.300992651	2.8082309782053693e+37	7.031621611644852e+35	1.9910191017334007e+36	4.552378611033399e+36	6.791339465737162e+36	9.933372738644141e+36	1.3429578904631233e+37	1.2698993467432154e+37	9.893773485876746e+36	3.8055090172744754e+36	7.496962474900208e+36	9.933372738644141e+36	1.1659660197753194e+37
2819233.772469962	1.6730378838656418e+37	1.191833194091325e+35	4.63254808447572e+35	1.405179435647089e+36	2.4528512523277552e+36	4.29256856382001e+36	7.651642497692816e+36	7.982558934502586e+36	6.93526786272485e+36	1.1008152267865372e+36	2.82562664012004e+36	4.29256856382001e+36	5.563124767896112e+36
3503975.369190602	9.915490856580504e+36	1.3936569628757572e+34	7.964702925084339e+34	3.4111603554438776e+35	7.218490323885305e+35	1.5753767868745664e+36	3.9481487593613185e+36	4.6351439811425586e+36	4.5645028809445117e+36	2.4684139966079072e+35	8.76263666995865e+35	1.5753767868745664e+36	2.307314011003881e+36
4355028.348665041	5.850168474481834e+36	1.0382869638827774e+33	9.478450285482071e+33	6.178289561384982e+34	1.6538142147062152e+35	4.731041115875709e+35	1.8051465576567296e+36	2.4491299811198252e+36	2.7976192638033636e+36	4.0585982909948483e+34	2.140428415873026e+35	4.731041115875709e+35	8.055197548906537e+35
