#t	Le	U	B	V	R	I	J	H	K	g	r	i	z
#----------------------------------------------- 
4.340657301708096	0.0	0.0	0.0	0.0	0.0	0.0	0.0	0.0	0.0	0.0	0.0	0.0	0.0
4.424367475542588	0.0	0.0	0.0	0.0	0.0	0.0	0.0	0.0	0.0	0.0	0.0	0.0	0.0
4.909522633604747	0.0	0.0	0.0	0.0	0.0	0.0	0.0	0.0	0.0	0.0	0.0	0.0	0.0
5.603018723576229	0.0	0.0	0.0	0.0	0.0	0.0	0.0	0.0	0.0	0.0	0.0	0.0	0.0
6.439569496316618	0.0	0.0	0.0	0.0	0.0	0.0	0.0	0.0	0.0	0.0	0.0	0.0	0.0
7.432328754036456	0.0	0.0	0.0	0.0	0.0	0.0	0.0	0.0	0.0	0.0	0.0	0.0	0.0
8.606421318429554	0.0	0.0	0.0	0.0	0.0	0.0	0.0	0.0	0.0	0.0	0.0	0.0	0.0
9.99247389698972	0.0	0.0	0.0	0.0	0.0	0.0	0.0	0.0	0.0	0.0	0.0	0.0	0.0
11.625600893573399	0.0	0.0	0.0	0.0	0.0	0.0	0.0	0.0	0.0	0.0	0.0	0.0	0.0
13.544856035947582	0.0	0.0	0.0	0.0	0.0	0.0	0.0	0.0	0.0	0.0	0.0	0.0	0.0
15.792409387746854	0.0	0.0	0.0	0.0	0.0	0.0	0.0	0.0	0.0	0.0	0.0	0.0	0.0
18.412258488611126	0.0	0.0	0.0	0.0	0.0	0.0	0.0	0.0	0.0	0.0	0.0	0.0	0.0
21.4484773146205	0.0	0.0	0.0	0.0	0.0	0.0	0.0	0.0	0.0	0.0	0.0	0.0	0.0
24.94316938960115	0.0	0.0	0.0	0.0	0.0	0.0	0.0	0.0	0.0	0.0	0.0	0.0	0.0
28.93443106185913	0.0	0.0	0.0	0.0	0.0	0.0	0.0	0.0	0.0	0.0	0.0	0.0	0.0
33.454694733658904	0.0	0.0	0.0	0.0	0.0	0.0	0.0	0.0	0.0	0.0	0.0	0.0	0.0
38.52976377626407	0.0	0.0	0.0	0.0	0.0	0.0	0.0	0.0	0.0	0.0	0.0	0.0	0.0
44.17867930625693	0.0	0.0	0.0	0.0	0.0	0.0	0.0	0.0	0.0	0.0	0.0	0.0	0.0
50.414344977471465	0.0	0.0	0.0	0.0	0.0	0.0	0.0	0.0	0.0	0.0	0.0	0.0	0.0
57.24467163980684	0.0	0.0	0.0	0.0	0.0	0.0	0.0	0.0	0.0	0.0	0.0	0.0	0.0
64.67394469107504	0.0	0.0	0.0	0.0	0.0	0.0	0.0	0.0	0.0	0.0	0.0	0.0	0.0
72.7041573088831	0.0	0.0	0.0	0.0	0.0	0.0	0.0	0.0	0.0	0.0	0.0	0.0	0.0
81.33614582470143	0.0	0.0	0.0	0.0	0.0	0.0	0.0	0.0	0.0	0.0	0.0	0.0	0.0
90.57045963564146	0.0	0.0	0.0	0.0	0.0	0.0	0.0	0.0	0.0	0.0	0.0	0.0	0.0
100.40796825080162	0.0	0.0	0.0	0.0	0.0	0.0	0.0	0.0	0.0	0.0	0.0	0.0	0.0
110.8502460106943	0.0	0.0	0.0	0.0	0.0	0.0	0.0	0.0	0.0	0.0	0.0	0.0	0.0
121.89978752650599	0.0	0.0	0.0	0.0	0.0	0.0	0.0	0.0	0.0	0.0	0.0	0.0	0.0
133.56010428664834	0.0	0.0	0.0	0.0	0.0	0.0	0.0	0.0	0.0	0.0	0.0	0.0	0.0
145.83574367518136	0.0	0.0	0.0	0.0	0.0	0.0	0.0	0.0	0.0	0.0	0.0	0.0	0.0
158.73226108325727	0.0	0.0	0.0	0.0	0.0	0.0	0.0	0.0	0.0	0.0	0.0	0.0	0.0
172.25616644017148	0.0	0.0	0.0	0.0	0.0	0.0	0.0	0.0	0.0	0.0	0.0	0.0	0.0
186.41485918345197	0.0	0.0	0.0	0.0	0.0	0.0	0.0	0.0	0.0	0.0	0.0	0.0	0.0
201.21656049143218	0.0	0.0	0.0	0.0	0.0	0.0	0.0	0.0	0.0	0.0	0.0	0.0	0.0
216.67024753797227	0.0	0.0	0.0	0.0	0.0	0.0	0.0	0.0	0.0	0.0	0.0	0.0	0.0
232.78559291502938	0.0	0.0	0.0	0.0	0.0	0.0	0.0	0.0	0.0	0.0	0.0	0.0	0.0
249.5729103347281	0.0	0.0	0.0	0.0	0.0	0.0	0.0	0.0	0.0	0.0	0.0	0.0	0.0
267.0431068497853	0.0	0.0	0.0	0.0	0.0	0.0	0.0	0.0	0.0	0.0	0.0	0.0	0.0
285.20764142113353	0.0	0.0	0.0	0.0	0.0	0.0	0.0	0.0	0.0	0.0	0.0	0.0	0.0
304.0784894055924	0.0	0.0	0.0	0.0	0.0	0.0	0.0	0.0	0.0	0.0	0.0	0.0	0.0
323.66811233565454	0.0	0.0	0.0	0.0	0.0	0.0	0.0	0.0	0.0	0.0	0.0	0.0	0.0
343.9894322696902	0.0	0.0	0.0	0.0	0.0	0.0	0.0	0.0	0.0	0.0	0.0	0.0	0.0
365.0558106364524	0.0	0.0	0.0	0.0	0.0	0.0	0.0	0.0	0.0	0.0	0.0	0.0	0.0
386.88103065620265	0.0	0.0	0.0	0.0	0.0	0.0	0.0	0.0	0.0	0.0	0.0	0.0	0.0
409.4792828590613	0.0	0.0	0.0	0.0	0.0	0.0	0.0	0.0	0.0	0.0	0.0	0.0	0.0
432.8651532832877	0.0	0.0	0.0	0.0	0.0	0.0	0.0	0.0	0.0	0.0	0.0	0.0	0.0
457.05361404555555	0.0	0.0	0.0	0.0	0.0	0.0	0.0	0.0	0.0	0.0	0.0	0.0	0.0
482.0600159337966	0.0	0.0	0.0	0.0	0.0	0.0	0.0	0.0	0.0	0.0	0.0	0.0	0.0
507.90008273228653	0.0	0.0	0.0	0.0	0.0	0.0	0.0	0.0	0.0	0.0	0.0	0.0	0.0
534.5899070428152	0.0	0.0	0.0	0.0	0.0	0.0	0.0	0.0	0.0	0.0	0.0	0.0	0.0
562.1459474169499	0.0	0.0	0.0	0.0	0.0	0.0	0.0	0.0	0.0	0.0	0.0	0.0	0.0
590.5850266717514	0.0	0.0	0.0	0.0	0.0	0.0	0.0	0.0	0.0	0.0	0.0	0.0	0.0
619.9243311792617	0.0	0.0	0.0	0.0	0.0	0.0	0.0	0.0	0.0	0.0	0.0	0.0	0.0
650.181410987951	0.0	0.0	0.0	0.0	0.0	0.0	0.0	0.0	0.0	0.0	0.0	0.0	0.0
681.3741807536419	0.0	0.0	0.0	0.0	0.0	0.0	0.0	0.0	0.0	0.0	0.0	0.0	0.0
713.5209213512255	0.0	0.0	0.0	0.0	0.0	0.0	0.0	0.0	0.0	0.0	0.0	0.0	0.0
746.6402822184958	0.0	0.0	0.0	0.0	0.0	0.0	0.0	0.0	0.0	0.0	0.0	0.0	0.0
780.7512843133304	0.0	0.0	0.0	0.0	0.0	0.0	0.0	0.0	0.0	0.0	0.0	0.0	0.0
815.8733233067658	0.0	0.0	0.0	0.0	0.0	0.0	0.0	0.0	0.0	0.0	0.0	0.0	0.0
852.0261733151691	0.0	0.0	0.0	0.0	0.0	0.0	0.0	0.0	0.0	0.0	0.0	0.0	0.0
889.2299910660502	0.0	0.0	0.0	0.0	0.0	0.0	0.0	0.0	0.0	0.0	0.0	0.0	0.0
927.5053203373125	0.0	0.0	0.0	0.0	0.0	0.0	0.0	0.0	0.0	0.0	0.0	0.0	0.0
966.8730970351652	0.0	0.0	0.0	0.0	0.0	0.0	0.0	0.0	0.0	0.0	0.0	0.0	0.0
1007.3546543014626	0.0	0.0	0.0	0.0	0.0	0.0	0.0	0.0	0.0	0.0	0.0	0.0	0.0
1048.9717277570578	0.0	0.0	0.0	0.0	0.0	0.0	0.0	0.0	0.0	0.0	0.0	0.0	0.0
1091.7464614397916	0.0	0.0	0.0	0.0	0.0	0.0	0.0	0.0	0.0	0.0	0.0	0.0	0.0
1135.7014139992002	0.0	0.0	0.0	0.0	0.0	0.0	0.0	0.0	0.0	0.0	0.0	0.0	0.0
1180.8595653186226	0.0	0.0	0.0	0.0	0.0	0.0	0.0	0.0	0.0	0.0	0.0	0.0	0.0
1227.2443231818618	0.0	0.0	0.0	0.0	0.0	0.0	0.0	0.0	0.0	0.0	0.0	0.0	0.0
1274.8795303977545	0.0	0.0	0.0	0.0	0.0	0.0	0.0	0.0	0.0	0.0	0.0	0.0	0.0
1323.789471768162	0.0	0.0	0.0	0.0	0.0	0.0	0.0	0.0	0.0	0.0	0.0	0.0	0.0
1373.9988816331338	0.0	0.0	0.0	0.0	0.0	0.0	0.0	0.0	0.0	0.0	0.0	0.0	0.0
1425.5329514629639	0.0	0.0	0.0	0.0	0.0	0.0	0.0	0.0	0.0	0.0	0.0	0.0	0.0
1478.417337816354	0.0	0.0	0.0	0.0	0.0	0.0	0.0	0.0	0.0	0.0	0.0	0.0	0.0
1532.6781697716112	0.0	0.0	0.0	0.0	0.0	0.0	0.0	0.0	0.0	0.0	0.0	0.0	0.0
1588.3420578365508	0.0	0.0	0.0	0.0	0.0	0.0	0.0	0.0	0.0	0.0	0.0	0.0	0.0
1645.4361025845167	1.5807976104812052e+29	2.0709763080409832e+27	1.1889927718546132e+27	6.347777674655201e+26	4.123757708188889e+26	2.25221027686857e+26	5.790729263623577e+25	2.870660719796146e+25	1.091375775234063e+25	7.439196281487076e+26	3.6171481702489713e+26	2.25221027686857e+26	1.4958311551544931e+26
1703.98790333051	1.2282739242104112e+30	1.8239232654581327e+28	1.0496338729707516e+28	5.61542049286842e+27	3.6521754875782316e+27	1.9972694205708614e+27	5.145741220290434e+26	2.5527465351921088e+26	9.712231545956387e+25	6.577795250759391e+27	3.204496911804068e+27	1.9972694205708614e+27	1.3274755027705048e+27
1764.025567532946	1.1953901620747274e+31	1.7417164134073407e+29	1.0019568671497041e+29	5.358624254776317e+28	3.4845388138774345e+28	1.905205886476909e+28	4.906993680531191e+27	2.4340357983708753e+27	9.259527162709888e+26	6.277452271998721e+28	3.0572612201732426e+28	1.905205886476909e+28	1.2661427562332875e+28
1825.5777196062145	8.530203328830431e+31	1.331887578259693e+30	7.672316398758566e+29	4.1081492721818695e+29	2.673145667947044e+29	1.462662887227276e+29	3.7715856289202307e+28	1.8715994292590542e+28	7.122895752671064e+27	4.811256348628113e+29	2.3457784649481433e+29	1.462662887227276e+29	9.724460044875888e+28
1888.673510812925	5.287661828490209e+32	8.764088543291654e+30	5.054612490399784e+30	2.7093529035019305e+30	1.7639838487710437e+30	9.658391486182464e+29	2.493065802943456e+29	1.2375994627295298e+29	4.7117807243834975e+28	3.172292148598106e+30	1.548201442358644e+30	9.658391486182464e+29	6.423715219745733e+29
1953.3426289731447	2.788232482841293e+33	4.973344414961993e+31	2.8727079657768954e+31	1.5418757351193847e+31	1.0046118011491494e+31	5.505208431056802e+30	1.4228890015558273e+30	7.066697324994519e+29	2.6916919012387337e+29	1.804780503431456e+31	8.818969711261855e+30	5.505208431056802e+30	3.663177701348361e+30
2019.6153077725862	1.2975559088103903e+34	2.4820999486377297e+32	1.435866724003776e+32	7.7169055980638895e+31	5.031608504625612e+31	2.7595714220776108e+31	7.141634034430881e+30	3.5484499995630896e+30	1.352221514035693e+30	9.029999232777827e+31	4.417857699535387e+31	2.7595714220776108e+31	1.8370679373679515e+31
2087.522337126551	5.319553288945138e+34	1.0966997218208942e+33	6.3548404952216955e+32	3.4203136558550626e+32	2.2319158953489215e+32	1.2252084743420988e+32	3.175290566926238e+31	1.5784858501611398e+31	6.018261509445376e+30	4.0009769771062416e+32	1.960094740798047e+32	1.2252084743420988e+32	8.160447461986143e+31
2157.095074093285	1.9604351051473924e+35	4.346550107748355e+33	2.5228280561492408e+33	1.3598288320646872e+33	8.880673400643242e+32	4.879519008785929e+32	1.2663976691091213e+32	6.298600397293107e+31	2.402681421118147e+31	1.5901543609105036e+33	7.800813328717664e+32	4.879519008785929e+32	3.251638024991713e+32
2228.3654533840513	6.510261835112453e+35	1.5555857901671896e+34	9.045049917973017e+33	4.882974327509932e+33	3.191674180771584e+33	1.7553928327621798e+33	4.5627485100689556e+32	2.2705491951212903e+32	8.666001610250616e+31	5.708012927079393e+33	2.804228564057154e+33	1.7553928327621798e+33	1.1704014861687215e+33
2301.365999153263	1.9748347439007247e+36	5.077139298103046e+34	2.9574721187925956e+34	1.5991153047142926e+34	1.046142803787357e+34	5.759389980958939e+33	1.4993233168437274e+33	7.46504777574032e+32	2.8507466370487873e+32	1.8686320456540677e+34	9.193649213794384e+33	5.759389980958939e+33	3.8421571592138543e+33
2376.1298356737043	5.491158926598245e+36	1.5203185814075436e+35	8.872772561163898e+34	4.805486491138566e+34	3.1466157145839938e+34	1.7341208622354165e+34	4.5216397009576234e+33	2.2525628545189983e+33	8.607004821234065e+32	5.613288111020279e+34	2.7659710402818763e+34	1.7341208622354165e+34	1.1575167943052582e+34
2452.690699300879	1.4137179327891025e+37	4.209433338029149e+35	2.4614220753116786e+35	1.3353502785679512e+35	8.751917080708816e+34	4.828321506919062e+34	1.2610178291289625e+34	6.285639098497362e+33	2.4031298982005856e+33	1.5592235754474523e+35	7.695127305013299e+34	4.828321506919062e+34	3.2247592701295415e+34
2531.082950352766	3.382072689107961e+37	1.083309959300198e+36	6.3472712273811594e+35	3.449503233483396e+35	2.2629869912443103e+35	1.2498279098031254e+35	3.2697222520146974e+34	1.630781010843835e+34	6.238577330405746e+33	4.02620913805838e+35	1.990249977677654e+35	1.2498279098031254e+35	8.35245781428717e+34
2611.341584833267	7.576793971962916e+37	2.607646082978519e+36	1.5309902816414432e+36	8.335221355497105e+35	5.4735368113880244e+35	3.026356883389701e+35	7.931027037195482e+34	3.9579943679350927e+34	1.5150661464231688e+34	9.724788458372884e+35	4.815137289938223e+35	3.026356883389701e+35	2.023726904632316e+35
2693.5022476388044	1.5947620583687904e+38	5.89700860167343e+36	3.469584425497152e+36	1.8924529320856442e+36	1.2439884805815197e+36	6.886034233840203e+35	1.8078089561370515e+35	9.027508917926247e+34	3.4577981230322924e+34	2.207014026442887e+36	1.0946519746906039e+36	6.886034233840203e+35	4.607632187419256e+35
2777.601244249184	3.172744682104133e+38	1.259222293757924e+37	7.42490465046432e+36	4.057504668578057e+36	2.66993113491217e+36	1.479667160165283e+36	3.891679132874115e+35	1.9445867256523564e+35	7.4531449460316e+34	4.729901061751833e+36	2.3500729674176885e+36	1.479667160165283e+36	9.907296783421779e+35
2863.6755539998226	5.982646579813121e+38	2.5482015305567054e+37	1.5059082235046435e+37	8.245475522097013e+36	5.431526076527777e+36	3.0137985053950015e+36	7.941505375050272e+35	3.97078972377365e+35	1.5229253771844864e+35	9.607608734642922e+36	4.782212348901606e+36	3.0137985053950015e+36	2.0192832834765223e+36
2951.762842555141	1.0741288213797882e+39	4.906303209050898e+37	2.906175014825716e+37	1.594447966480193e+37	1.0514620337146211e+37	5.841543544565749e+36	1.54223940670329e+36	7.716428816485132e+35	2.9615177258945137e+35	1.8569982514952636e+37	9.260394259402547e+36	5.841543544565749e+36	3.916605016688408e+36
3041.9014769272003	1.8397778014058993e+39	9.012856787857717e+37	5.351457220588119e+37	2.9421563909223236e+37	1.9424249609335846e+37	1.080538628927262e+37	2.858451054932314e+36	1.4311867301122632e+36	5.49668816308757e+35	3.4250019117364568e+37	1.7112517089474239e+37	1.080538628927262e+37	7.249910945074286e+36
3134.130539723368	3.015543680612175e+39	1.584210927187755e+38	9.429816285828524e+37	5.195588245951143e+37	3.4342036640270297e+37	1.9129506352623733e+37	5.0709589513506786e+36	2.5407777588349968e+36	9.765363749826144e+35	6.045278732052998e+37	3.0264545781779697e+37	1.9129506352623733e+37	1.2844495479100678e+37
3228.489842157222	4.733821409223087e+39	2.6691836164380727e+38	1.592962104718871e+38	8.79675923949426e+37	5.821739231224933e+37	3.247440345848333e+37	8.627150460078724e+36	4.3258358670952666e+36	1.6638873397142457e+36	1.0230102808002626e+38	5.132231969023406e+37	3.247440345848333e+37	2.1821834093599436e+37
3325.0199384527987	7.127736713237084e+39	4.3183261493573386e+38	2.5843039479078278e+38	1.4305454336079112e+38	9.479820836892153e+37	5.295812601637825e+37	1.410097437531583e+37	7.076118863409912e+36	2.7239463840901935e+36	1.662731733735282e+38	8.36001478587158e+37	5.295812601637825e+37	3.5615386448386914e+37
3423.7621409583826	1.028838527167182e+40	6.713289070676401e+38	4.029549199459671e+38	2.236320190349326e+38	1.4840325824484967e+38	8.303625787915095e+37	2.2163951496549425e+37	1.113169733357944e+37	4.2888369248607065e+36	2.597765483127307e+38	1.3092276387251003e+38	8.303625787915095e+37	5.589255467245207e+37
3524.7585350352006	1.423505283333345e+40	1.0034912443808804e+39	6.042844418435307e+38	3.3630695700943224e+38	2.2351619648227345e+38	1.2528077286543787e+38	3.352869799219848e+37	1.6855044582565474e+37	6.500008456569627e+36	3.904138056978273e+38	1.9726938836118425e+38	1.2528077286543787e+38	8.440810718480036e+37
3628.051994947046	1.8846327037848573e+40	1.4419741539993486e+39	8.714597335703815e+38	4.865100632594773e+38	3.2389237713495124e+38	1.818897570585878e+38	4.88220924431357e+37	2.4568056527745444e+37	9.484257984586924e+36	5.6438354616255005e+38	2.859892785752172e+38	1.818897570585878e+38	1.226777641622753e+38
3733.710083257664	2.6041361155041297e+40	2.061325999386291e+39	1.247689750670862e+39	6.974769970199406e+38	4.646800568217868e+38	2.611667608541343e+38	7.018948512213267e+37	3.5335818151475193e+37	1.3647071083631533e+37	8.088740699762067e+38	4.103817241004119e+38	2.611667608541343e+38	1.7622662182396655e+38
3841.7757158564295	3.713728809419596e+40	2.9213986143938656e+39	1.7677693045478944e+39	9.879631992039477e+38	6.5812143239044156e+38	3.6983103288510665e+38	9.937005736595965e+37	5.002227085547394e+37	1.9317543722500027e+37	1.1458198758687311e+39	5.8119804667562126e+38	3.6983103288510665e+38	2.495286171218235e+38
3952.29275462361	4.377202669161857e+40	3.7652302725042254e+39	2.2879706247345e+39	1.2833354686478475e+39	8.56569520983322e+38	4.824234280533551e+38	1.3006587304318292e+38	6.55515958209131e+37	2.534497871536684e+37	1.4871615584144808e+39	7.56853198712175e+38	4.824234280533551e+38	3.2589511121966117e+38
4065.30601564686	5.329883788044113e+40	4.8170830801132694e+39	2.934234352969098e+39	1.6492696564119965e+39	1.1020658548345486e+39	6.2148480181433945e+38	1.6788727271476322e+38	8.467042609737223e+37	3.275962948224233e+37	1.910309166049672e+39	9.74068443578286e+38	6.2148480181433945e+38	4.201323603702377e+38
4180.861278971474	5.889498179215854e+40	5.815296263223479e+39	3.5583569863627886e+39	2.007897574885385e+39	1.3445561438648768e+39	7.60049369775782e+38	2.060716278983884e+38	1.040590806328322e+38	4.031281758122479e+37	2.323639661461865e+39	1.189074191889614e+39	7.60049369775782e+38	5.144800155789859e+38
4299.005298319523	6.445535287243403e+40	6.866068309184862e+39	4.2185422426300127e+39	2.3888232126697058e+39	1.6026997303221496e+39	9.079288372866065e+38	2.469778912077181e+38	1.2485680779823782e+38	4.842557037873092e+37	2.762257746264952e+39	1.418096330114529e+39	9.079288372866065e+38	6.153080799369877e+38
4419.785812724305	6.622616938120917e+40	7.766674841645539e+39	4.7981292939315485e+39	2.729874804140738e+39	1.8362121941866915e+39	1.0432187882511202e+39	2.850306834341287e+38	1.4431207332132573e+38	5.605714135233425e+37	3.1532484407930826e+39	1.6258314921170117e+39	1.0432187882511202e+39	7.081141577989137e+38
4543.251560038055	6.7396616956705525e+40	8.618318807623153e+39	5.352269903637347e+39	3.058907905419274e+39	2.0625656170543866e+39	1.1750462190985198e+39	3.223960870245612e+38	1.6346526216900788e+38	6.358963879272318e+37	3.5297025217911633e+39	1.8274509838305746e+39	1.1750462190985198e+39	7.987988266901708e+38
4669.452291804938	6.571702528920252e+40	9.267901450495958e+39	5.79224021840235e+39	3.3283938630062216e+39	2.2508888157001363e+39	1.2865851387157643e+39	3.547792387097846e+38	1.8019525465383347e+38	7.022028565681954e+37	3.835939522283838e+39	1.9958844340126122e+39	1.2865851387157643e+39	8.762093760383083e+38
4798.438787289443	6.40345577444105e+40	9.855286327891016e+39	6.196635088090066e+39	3.579243568912232e+39	2.4273159161172967e+39	1.391799903281837e+39	3.85629075457874e+38	1.961846699287524e+38	7.657769617658229e+37	4.1202102843665975e+39	2.153942644601544e+39	1.391799903281837e+39	9.494964914141194e+38
4930.262869373032	6.07748260479406e+40	1.0269620081228198e+40	6.501900104953936e+39	3.7778427447576653e+39	2.570200157540232e+39	1.4790253088957748e+39	4.12031046027623e+38	2.1000656626236294e+38	8.212699940615213e+37	4.343008244105861e+39	2.2826920901507374e+39	1.4790253088957748e+39	1.0109826940958473e+39
5064.97742125192	5.813615321305729e+40	1.0671474455759991e+40	6.80071696266795e+39	3.97366631386646e+39	2.7116156568425706e+39	1.5657056306476804e+39	4.384234959706287e+38	2.2385052452392374e+38	8.769596889047064e+37	4.562340190515482e+39	2.410243577246663e+39	1.5657056306476804e+39	1.0722170344413957e+39
5202.636403331666	5.483314637798826e+40	1.096915522205149e+40	7.041559907701903e+39	4.1400994541701655e+39	2.834697387853409e+39	1.6429476983268283e+39	4.626769147717774e+38	2.366925340048992e+38	9.290852866255678e+37	4.746737765020627e+39	2.5219168138461745e+39	1.6429476983268283e+39	1.1274267600957035e+39
5343.294870111579	5.234154992738111e+40	1.1307896530084772e+40	7.309941182741794e+39	4.3236311268816427e+39	2.969900991863919e+39	1.7275217258782492e+39	4.8914545762327715e+38	2.5069665225856344e+38	9.85892107442215e+37	4.9504756221324334e+39	2.644481507474918e+39	1.7275217258782492e+39	1.1877934998110816e+39
5487.008988174136	4.964262454385753e+40	1.1603088213776044e+40	7.558521714878204e+39	4.500015746566484e+39	3.1019726886879485e+39	1.811472287345754e+39	5.1597140663534454e+38	2.649800797238311e+38	1.0441838773823372e+38	5.1448175395981724e+39	2.76469064207345e+39	1.811472287345754e+39	1.248192768029344e+39
5633.836056055931	4.76150616594077e+40	1.1960498573473346e+40	7.850472372419838e+39	4.704065617199678e+39	3.25390149706039e+39	1.9075805395564768e+39	5.465271975558069e+38	2.812290604274452e+38	1.110426396173812e+38	5.370276094874207e+39	2.9027961581905735e+39	1.9075805395564768e+39	1.3171942170814166e+39
5783.834524643279	4.556711817193238e+40	1.230733892045539e+40	8.144550288594187e+39	4.9144679032551125e+39	3.4122276637426884e+39	2.0088048777605462e+39	5.791661898367875e+38	2.9866172104181922e+38	1.1817936312587318e+38	5.601637152000047e+39	3.0470989190251354e+39	2.0088048777605462e+39	1.3902572686614616e+39
5937.064017759878	4.392869595446538e+40	1.2700024423611896e+40	8.47468134780429e+39	5.150103542456556e+39	3.5895104122774494e+39	2.1221982855677985e+39	6.157861182220998e+38	3.1823456294106795e+38	1.2619856487173801e+38	5.860815973002446e+39	3.208687321692915e+39	2.1221982855677985e+39	1.4721413266254282e+39
6093.585237943123	5.08546009539242e+40	1.4233453545687469e+40	9.48622065530945e+39	5.760017771788493e+39	4.01312846831213e+39	2.371824548295001e+39	6.879408921714097e+38	3.5548599457996866e+38	1.4095799307786032e+38	6.556020200211366e+39	3.5870414705612265e+39	2.371824548295001e+39	1.6450368169598747e+39
6253.460189218102	6.216008547363703e+40	1.692515984431896e+40	1.1211626146270482e+40	6.77094713722416e+39	4.703395792693249e+39	2.770358850081982e+39	7.993562210818861e+38	4.123176463555432e+38	1.6319614525237661e+38	7.71620607819642e+39	4.200624604701114e+39	2.770358850081982e+39	1.917855799607018e+39
6416.754033269395	6.185239920869019e+40	1.780629585246047e+40	1.1873856227223908e+40	7.211505000290471e+39	5.0246467333150566e+39	2.9696133692169584e+39	8.612086636382503e+38	4.449855742098977e+38	1.764301069427799e+38	8.207796046242404e+39	4.491178116277347e+39	2.9696133692169584e+39	2.0595781960907822e+39
6584.178416600769	6.051174356916367e+40	1.8475369585330843e+40	1.2417665317925357e+40	7.592828776285641e+39	5.309578290802342e+39	3.150763825677249e+39	9.193246668391223e+38	4.759945545431803e+38	1.891157561325161e+38	8.628637382270753e+39	4.750473246843991e+39	3.150763825677249e+39	2.190039137163157e+39
6755.481815974154	5.991721335330657e+40	1.933263311767443e+40	1.308924845073354e+40	8.053314591088697e+39	5.650350431621454e+39	3.3654162062885834e+39	9.874009083182108e+38	5.121964113902392e+38	2.0387949420766646e+38	9.139141786427505e+39	5.0598544818733765e+39	3.3654162062885834e+39	2.343938264775421e+39
6930.734301677885	5.792308794216561e+40	1.9815166464746116e+40	1.3543083235645402e+40	8.400290171260858e+39	5.919604994069934e+39	3.543061951649548e+39	1.0471826952995214e+39	5.445590811552222e+38	2.1730267215139593e+38	9.515446241107284e+39	5.3071799353816553e+39	3.543061951649548e+39	2.474234409786511e+39
7110.004496947328	5.673215578693069e+40	2.0509377950446977e+40	1.4137990003671767e+40	8.833284452581008e+39	6.249029372166218e+39	3.7564793524738415e+39	1.1174622938445272e+39	5.8237209751087724e+38	2.3289812008009445e+38	9.989528896738628e+39	5.608355269083024e+39	3.7564793524738415e+39	2.6294365832869597e+39
7293.478484167291	5.48789460563441e+40	2.0893858151672199e+40	1.4547755310379601e+40	9.168032832745316e+39	6.51617089462339e+39	3.937578629539058e+39	1.1805640655609396e+39	6.168933380797195e+38	2.4736086910715425e+38	1.0347850542097253e+40	5.855427375439465e+39	3.937578629539058e+39	2.764046321603119e+39
7481.174240870945	5.343367735426292e+40	2.1426638443128162e+40	1.506190468969063e+40	9.569702512581291e+39	6.831461080049587e+39	4.148242217714702e+39	1.2527841035963036e+39	6.562300653672242e+38	2.637760836297335e+38	1.0781365405097751e+40	6.145922394005304e+39	4.148242217714702e+39	2.919611092689882e+39
7673.2094597578525	5.185903622557734e+40	2.174806472322042e+40	1.5447010059586515e+40	9.902980600410564e+39	7.103929530136875e+39	4.337340144010689e+39	1.3207036570517707e+39	6.937321740267134e+38	2.796271523089311e+38	1.1134103947506858e+40	6.399417147459708e+39	4.337340144010689e+39	3.061802966880525e+39
7869.681327864672	5.032323808045387e+40	2.2124109610489927e+40	1.58791036152033e+40	1.0271612179521956e+40	7.40398945953601e+39	4.5449120144023744e+39	1.3950539398004605e+39	7.347634985401371e+38	2.969634531415435e+38	1.1525192683239824e+40	6.678327627514876e+39	4.5449120144023744e+39	3.2176930785045524e+39
8070.700168383145	4.8933362956790375e+40	2.237091515177792e+40	1.6229957894183753e+40	1.0597733041912662e+40	7.678272016344989e+39	4.7404616317371925e+39	1.4677240287181997e+39	7.753012830523664e+38	3.1426496112373366e+38	1.1865712600394498e+40	6.935261509180185e+39	4.7404616317371925e+39	3.366672153785089e+39
8276.350831454338	4.736670418621176e+40	2.25873674283776e+40	1.6573897566450235e+40	1.0928948872651059e+40	7.96033032606978e+39	4.9437978095306034e+39	1.5442893489814795e+39	8.181744003057127e+38	3.3262820664954075e+38	1.2209395659258334e+40	7.200242082231832e+39	4.9437978095306034e+39	3.522385076785816e+39
8486.732705039562	5.923336970232071e+40	2.711338560235106e+40	1.9667212482673962e+40	1.2842358578490401e+40	9.305274257615421e+39	5.745802245888075e+39	1.7796049483720778e+39	9.401862707602606e+38	3.8116257418453785e+38	1.437864419256643e+40	8.405070816129273e+39	5.745802245888075e+39	4.081104247080898e+39
8701.972033880704	6.181014640980253e+40	2.9331465109607704e+40	2.1372301265451485e+40	1.4000443759094783e+40	1.015930965225609e+40	6.282161017022804e+39	1.949156848174662e+39	1.0302718391050572e+39	4.178713646863378e+38	1.566477981300953e+40	9.17982288884055e+39	6.282161017022804e+39	4.4651518798062586e+39
8922.199471873093	5.880228296492684e+40	2.9120747137640514e+40	2.1497255687585087e+40	1.4242985524247363e+40	1.039916445259635e+40	6.475012217226044e+39	2.0298858259090428e+39	1.0766861244523651e+39	4.382176355009186e+38	1.589514027073941e+40	9.412094644376994e+39	6.475012217226044e+39	4.619527474976392e+39
9147.448289346996	5.944272757985381e+40	3.0251950749596996e+40	2.250566670729721e+40	1.500995117485315e+40	1.099804015632185e+40	6.874896700775948e+39	2.1678524250321955e+39	1.1521048886565007e+39	4.6982092213189375e+38	1.6726111125876519e+40	9.963542156245794e+39	6.874896700775948e+39	4.9152509871526307e+39
9378.159830411936	5.6933283731613785e+40	3.002461873662167e+40	2.262862627421025e+40	1.526480375562111e+40	1.1254432584173754e+40	7.084395555527669e+39	2.257427487243783e+39	1.2039456632822837e+39	4.926907850790529e+38	1.696606170400096e+40	1.0212842583470848e+40	7.084395555527669e+39	5.084300140350707e+39
9613.670489161555	5.629274309574521e+40	3.0586082791903263e+40	2.329314929046393e+40	1.5855146820880174e+40	1.1746632779690394e+40	7.4344146923576e+39	2.3881473212565005e+39	1.2771000260239883e+39	5.240299484658052e+38	1.7586302596551463e+40	1.0673362636324764e+40	7.4344146923576e+39	5.351183148559259e+39
9853.852215699499	5.403944544562042e+40	3.0269793194571923e+40	2.3370028057897024e+40	1.6101387853395276e+40	1.2008587991103665e+40	7.657322588662628e+39	2.4876375072986302e+39	1.3353644617413357e+39	5.500157641769222e+38	1.7810083747694153e+40	1.0930924313975524e+40	7.657322588662628e+39	5.534188635532668e+39
10099.396987250882	5.295495779367663e+40	3.0489202434528356e+40	2.3816496748972794e+40	1.6577119385352632e+40	1.2431973889483404e+40	7.976497897484748e+39	2.61535058062408e+39	1.4082575109908332e+39	5.818187663922355e+38	1.8293893446466084e+40	1.1333110066625733e+40	7.976497897484748e+39	5.784244659809503e+39
10350.267605387651	5.090964092950767e+40	3.003382596073253e+40	2.3789305343169266e+40	1.676606400382924e+40	1.266074576723978e+40	8.187049809734265e+39	2.7163471483180228e+39	1.4684957218727154e+39	6.091283140723999e+38	1.8449528424955425e+40	1.1563204905323496e+40	8.187049809734265e+39	5.962403680333273e+39
10606.557096361383	4.961064820184649e+40	2.9985999881896163e+40	2.405896470690208e+40	1.7149105581861546e+40	1.3030295065908702e+40	8.484719622886811e+39	2.8445167127765436e+39	1.5431430580974535e+39	6.423056344910022e+38	1.882241793115688e+40	1.192050828676436e+40	8.484719622886811e+39	6.20256053115479e+39
10868.417054544536	4.955460050459805e+40	3.0328034966028277e+40	2.4565530936159047e+40	1.7666154135146896e+40	1.349112766095408e+40	8.836279598248123e+39	2.98936639850785e+39	1.6267821339020673e+39	6.792398004804672e+38	1.934993213534679e+40	1.2359163611953908e+40	8.836279598248123e+39	6.480598495443698e+39
11135.78981146961	5.705813623993544e+40	3.531718609507355e+40	2.8494905079668914e+40	2.0388532766501797e+40	1.5517822669701103e+40	1.0120550591465287e+40	3.399164076950095e+39	1.8449289221604876e+39	7.682420039620494e+38	2.236040681843227e+40	1.420197650770969e+40	1.0120550591465287e+40	7.403861442360838e+39
11408.973232012082	5.995038100308253e+40	3.73393428048031e+40	3.0254044990884477e+40	2.173106505451729e+40	1.657564764438958e+40	1.0837497374363145e+40	3.654000720313159e+39	1.9858555531961548e+39	8.280166085505916e+38	2.3811483345182557e+40	1.5179094967947736e+40	1.0837497374363145e+40	7.939332030338642e+39
11688.261988715967	5.62581506520209e+40	3.6026119905017995e+40	2.973765989536176e+40	2.1705145255131572e+40	1.6699064891297782e+40	1.102295349472607e+40	3.7690997229163696e+39	2.0579197377725512e+39	8.619899792400332e+38	2.3697072274193795e+40	1.5327285478893624e+40	1.102295349472607e+40	8.11678673233484e+39
11973.682683041587	5.680992089965341e+40	3.6635961588176914e+40	3.050072379046625e+40	2.244235162204319e+40	1.7346170059999854e+40	1.1511648313415453e+40	3.969164843039596e+39	2.1733731723058026e+39	9.129708773752824e+38	2.4455844383753537e+40	1.5941410460033777e+40	1.1511648313415453e+40	8.502007099930537e+39
12264.733864740347	5.399927244819767e+40	3.5413438925129377e+40	2.999637865030453e+40	2.241373190020763e+40	1.7471575853142679e+40	1.1706345355604206e+40	4.094704677310498e+39	2.2529152294927698e+39	9.509016997053739e+38	2.4338716706808534e+40	1.6093410238098376e+40	1.1706345355604206e+40	8.691020391806697e+39
12562.198266278687	5.335909048199586e+40	3.5352654085767005e+40	3.030159537082222e+40	2.2886395522424196e+40	1.7947597366730764e+40	1.210822532200385e+40	4.279987773236385e+39	2.3632536585670293e+39	1.001016885592377e+39	2.47904595861641e+40	1.6558908931681002e+40	1.210822532200385e+40	9.023500970750152e+39
12866.318206000016	5.111328300004146e+40	3.416153870594003e+40	2.9749664763534163e+40	2.280051093714277e+40	1.8028259301819395e+40	1.2278296535020338e+40	4.403538777972313e+39	2.443472292416194e+39	1.0400839546185772e+39	2.461392985044962e+40	1.6670727812655479e+40	1.2278296535020338e+40	9.198217690276515e+39
13177.364183121535	4.997956561556427e+40	3.3681646220658815e+40	2.973731981573582e+40	2.3075063450923793e+40	1.8371919310929955e+40	1.2611553999907156e+40	4.577926527232077e+39	2.5506244225536192e+39	1.0901114340172303e+39	2.483936689978997e+40	1.7020432373367997e+40	1.2611553999907156e+40	9.489072273922702e+39
13495.719664761917	4.824096323763902e+40	3.2625579139530306e+40	2.923013696797971e+40	2.299591495612722e+40	1.8454247935527014e+40	1.2785374880498947e+40	4.7084119139675204e+39	2.636367934002844e+39	1.1323694928363013e+39	2.4674671453577807e+40	1.713390768380011e+40	1.2785374880498947e+40	9.669595721906313e+39
13820.100809274822	5.6232822616468265e+40	3.8263796984680687e+40	3.403171571599754e+40	2.656294059405423e+40	2.12139300629576e+40	1.4612007917918709e+40	5.3311170330260693e+39	2.9753799078103393e+39	1.2738333139752436e+39	2.855665501660449e+40	1.9669417039707686e+40	1.4612007917918709e+40	1.1014497475623213e+40
14150.696479675702	5.563721480823015e+40	3.826910981120764e+40	3.462827749006843e+40	2.7410559827543886e+40	2.204783354935044e+40	1.530126611312389e+40	5.639960634230276e+39	3.1575947846959815e+39	1.3558353035761364e+39	2.9376844067365515e+40	2.0480503848980736e+40	1.530126611312389e+40	1.1578732530616248e+40
14487.69235272312	5.52689729666934e+40	3.7917266809569804e+40	3.4666839022795247e+40	2.772610758508631e+40	2.243996031460101e+40	1.568930828738126e+40	5.852752415866234e+39	3.290587674605536e+39	1.4189860310689514e+39	2.9641875158452764e+40	2.0880831082220146e+40	1.568930828738126e+40	1.1922794188358865e+40
14833.921349930028	5.40399181447259e+40	3.708696993411683e+40	3.4409777785500336e+40	2.788741500582732e+40	2.2737409674401923e+40	1.6031069332682438e+40	6.056659845861703e+39	3.4197713316504054e+39	1.480925003218758e+39	2.972364919387174e+40	2.1199886331016156e+40	1.6031069332682438e+40	1.2238646950106366e+40
15189.382788233972	5.236816520805757e+40	3.585891763173517e+40	3.378910651270049e+40	2.777691703730896e+40	2.283070810855299e+40	1.624754728970245e+40	6.227600809399743e+39	3.533624294815015e+39	1.53774754692771e+39	2.9508272839729745e+40	2.1333866432597515e+40	1.624754728970245e+40	1.2468321932308552e+40
15554.630513450073	5.098159003363169e+40	3.474804559319721e+40	3.3207346925214246e+40	2.766281220712425e+40	2.2911672764017113e+40	1.645252677420325e+40	6.396733319365482e+39	3.64761988050742e+39	1.5952802677609734e+39	2.929602570444925e+40	2.145482971356385e+40	1.645252677420325e+40	1.2689851146635955e+40
15926.75656373103	4.956121390205042e+40	3.356312106427543e+40	3.259223206115566e+40	2.75558324259268e+40	2.3017295305033487e+40	1.66925111068569e+40	6.591511559840957e+39	3.778860687184151e+39	1.661560871611222e+39	2.9082160424407844e+40	2.1603991710289625e+40	1.66925111068569e+40	1.2946479869063489e+40
16305.979375051353	4.841290904318629e+40	3.2518227031138583e+40	3.205182987514654e+40	2.7479190419635884e+40	2.3138695587521325e+40	1.6940352237013513e+40	6.791345076167305e+39	3.914086991810991e+39	1.7302283503561636e+39	2.890690339920706e+40	2.17662866681318e+40	1.6940352237013513e+40	1.3209391822555789e+40
16695.201556387834	5.461046810984921e+40	3.6936603831423945e+40	3.630393034909978e+40	3.0998426981674914e+40	2.602630683524067e+40	1.8980885110496743e+40	7.556756476536123e+39	4.343952165386853e+39	1.9151273647930944e+39	3.264376182133378e+40	2.4461404275077263e+40	1.8980885110496743e+40	1.476549677851362e+40
17094.681819764726	5.382949047979672e+40	3.6098898828061587e+40	3.617944594810079e+40	3.1413235311858397e+40	2.6608453513995767e+40	1.959116846220971e+40	7.903159194133293e+39	4.561462644821979e+39	2.018667228523615e+39	3.2956496463678123e+40	2.5066681446488196e+40	1.959116846220971e+40	1.5315986813741229e+40
17504.23230846764	5.322097857727031e+40	3.5319521640636605e+40	3.571669997085636e+40	3.130939541633171e+40	2.6683101352105064e+40	1.9799536697092166e+40	8.097133250077081e+39	4.697383400253176e+39	2.0898838280940716e+39	3.2770452864179076e+40	2.518150587829928e+40	1.9799536697092166e+40	1.5551453515986915e+40
17921.48705717589	5.211938054551256e+40	3.410613712480361e+40	3.510196362278146e+40	3.127197003998027e+40	2.6895223296802504e+40	2.0166695969367557e+40	8.379689266391042e+39	4.8872828895986313e+39	2.1858012190509615e+39	3.260896972667037e+40	2.544478259187035e+40	2.0166695969367557e+40	1.5931385054378834e+40
18349.011721466275	5.101041835713339e+40	3.290302554374373e+40	3.4351935765330424e+40	3.1020490188116457e+40	2.689035497789966e+40	2.035371223054825e+40	8.588310599522778e+39	5.036498598665959e+39	2.265141702083617e+39	3.224410813376628e+40	2.5496103750629045e+40	2.035371223054825e+40	1.6166130241668532e+40
18787.66757460639	4.962166423423413e+40	3.1461150735108386e+40	3.335469857566029e+40	3.056566866983194e+40	2.67259941403108e+40	2.0439331102155647e+40	8.77057881872608e+39	5.174092601468171e+39	2.3410771429452012e+39	3.166140116612185e+40	2.5401376225772787e+40	2.0439331102155647e+40	1.6330497906188694e+40
19234.57496500552	4.85659199347321e+40	3.021708803173297e+40	3.2545099501004213e+40	3.0269638552498037e+40	2.6695635039484343e+40	2.0625195347365112e+40	8.998183981750187e+39	5.339896438227394e+39	2.4307292534469506e+39	3.124598229453e+40	2.5433043913395324e+40	2.0625195347365112e+40	1.6575231909315636e+40
19692.85492086937	5.333640476275765e+40	3.329738160431981e+40	3.5964775405611567e+40	3.347294920433916e+40	2.9507890466313347e+40	2.276971844911387e+40	9.899670622731534e+39	5.865677940536831e+39	2.6654384809660203e+39	3.455285498716384e+40	2.8106049025123753e+40	2.276971844911387e+40	1.8279868392810765e+40
20163.569855668993	5.265394796202285e+40	3.217349847881437e+40	3.5267286915882146e+40	3.331708557059588e+40	2.963312020122058e+40	2.3108531512102373e+40	1.021267688335978e+40	6.084207833855369e+39	2.7794314893108846e+39	3.4269701819638556e+40	2.8295269582539356e+40	2.3108531512102373e+40	1.8661693361688276e+40
20646.872469200713	5.196589931351377e+40	3.120016103493331e+40	3.4686832215033268e+40	3.3179142150914413e+40	2.9717786284883207e+40	2.336741383686305e+40	1.047158427842719e+40	6.270851166507558e+39	2.8802386025574326e+39	3.4030288229033575e+40	2.843101097450541e+40	2.336741383686305e+40	1.8961543793624582e+40
21139.4781170774	5.104358675462222e+40	2.9876456110597313e+40	3.3745225232849283e+40	3.279503704047131e+40	2.9654081055310988e+40	2.3583659314453153e+40	1.076228216704469e+40	6.485563559152339e+39	2.997552683197932e+39	3.3509124638936425e+40	2.8445432064684036e+40	2.3583659314453153e+40	1.9261040854907305e+40
21641.362740992903	5.015025687236635e+40	2.8632091553192068e+40	3.2869555706182173e+40	3.2430273643280997e+40	2.957962248057318e+40	2.3766709552783237e+40	1.1029380243954772e+40	6.687122758577342e+39	3.1101479067118387e+39	3.3019963741273586e+40	2.8442095514185376e+40	2.3766709552783237e+40	1.9524763632511906e+40
22152.84736722952	4.92036217351016e+40	2.738607642609958e+40	3.1860729204378053e+40	3.1870405043221627e+40	2.93176937644368e+40	2.3806797426963313e+40	1.124986189903288e+40	6.866462552442986e+39	3.215570026739257e+39	3.234198966242204e+40	2.8258807487611145e+40	2.3806797426963313e+40	1.9680354041379154e+40
22674.25713446563	4.969578777337596e+40	2.697612436776537e+40	3.1826487294213104e+40	3.228328272927612e+40	2.9942963369099237e+40	2.454993600791738e+40	1.1771683662526388e+40	7.218930015529756e+39	3.3958267577989525e+39	3.265264024346622e+40	2.8927225203419473e+40	2.454993600791738e+40	2.0403155419592076e+40
23205.921260605162	5.254190831500225e+40	2.8230008885944546e+40	3.3571464857694134e+40	3.426425941308133e+40	3.1873938331935587e+40	2.6209495128513288e+40	1.2614691067189854e+40	7.744879006059269e+39	3.6473709317504397e+39	3.4610487953850884e+40	3.0815327730393844e+40	2.6209495128513288e+40	2.181362733623736e+40
23748.18116907153	5.384347935476972e+40	2.8435895183645938e+40	3.402695922169731e+40	3.4983235353504435e+40	3.269566342510205e+40	2.7044488534986564e+40	1.3151826933694488e+40	8.106300462348797e+39	3.833254522604897e+39	3.5272935915864e+40	3.1652438134596764e+40	2.7044488534986564e+40	2.258820271381457e+40
24305.360391506434	5.557258328527088e+40	2.9074007967976006e+40	3.461728307297777e+40	3.5584933322082804e+40	3.33178274417633e+40	2.7663179923700596e+40	1.3579184411353185e+40	8.40420826168789e+39	3.99204474146552e+39	3.586729726706604e+40	3.2278240688789586e+40	2.7663179923700596e+40	2.3171494016779463e+40
24877.237710160134	6.019630485686841e+40	3.155384248402374e+40	3.7010036720243585e+40	3.7709748106838033e+40	3.519521495146133e+40	2.9159763273785817e+40	1.4315465120268718e+40	8.869606253339172e+39	4.2201476189220554e+39	3.807250417356841e+40	3.407480090452576e+40	2.9159763273785817e+40	2.4413882553010644e+40
25464.923999964733	6.899503976280235e+40	3.676371770249645e+40	4.1729827624685317e+40	4.1547338802133394e+40	3.8382422421991774e+40	3.1506038139841214e+40	1.5328636268638298e+40	9.483074940526708e+39	4.50897542357868e+39	4.214792504140129e+40	3.7069865561761264e+40	3.1506038139841214e+40	2.6272934020496226e+40
26064.22036430955	8.735771934154715e+40	4.7737322449605755e+40	5.199017620486609e+40	5.007306711373015e+40	4.549675532694883e+40	3.67077266505714e+40	1.7453262374147196e+40	1.0721750893582034e+40	5.063840078946076e+39	5.116716135222858e+40	4.375395520819405e+40	3.67077266505714e+40	3.034458125183057e+40
26675.51190819043	1.2321553339434988e+41	6.970563171452776e+40	7.227083709024484e+40	6.652932404448206e+40	5.892639848712239e+40	4.617201082505042e+40	2.1003149450115546e+40	1.271635754905842e+40	5.922269054020158e+39	6.869878020728982e+40	5.627664023110456e+40	4.617201082505042e+40	3.7559079185483426e+40
27299.189485365136	1.783797852154836e+41	1.0206398716477365e+41	1.0050684385265975e+41	8.835445412799336e+40	7.629797855594079e+40	5.81039948187308e+40	2.53370243277402e+40	1.512881449277025e+40	6.951038018600479e+39	9.220341965181536e+40	7.237154707141721e+40	5.81039948187308e+40	4.654096185586609e+40
27939.999097926775	2.630056830248818e+41	1.4915536007931582e+41	1.4019838920174961e+41	1.1809318507364083e+41	9.954965215736293e+40	7.373266801408439e+40	3.07994948839117e+40	1.812386739458691e+40	8.207724896725957e+39	1.2446260253437778e+41	9.38072119513312e+40	7.373266801408439e+40	5.8154371795646505e+40
28593.873288197014	3.888151605559214e+41	2.1506120537734083e+41	1.9411456342700063e+41	1.5740213839154552e+41	1.2981784257766926e+41	9.373089076729975e+40	3.7619915042154883e+40	2.183540848963425e+40	9.7540904082747e+39	1.6737306309081693e+41	1.2159649238434007e+41	9.373089076729975e+40	7.287908909811519e+40
29261.242606870237	5.660240379662756e+41	3.0101211267834302e+41	2.6197658248554704e+41	2.0538434866317607e+41	1.661821160821981e+41	1.1736107401896212e+41	4.550642486497153e+40	2.6099943096923303e+40	1.1520345173263416e+40	2.2011166418966344e+41	1.5484568264927686e+41	1.1736107401896212e+41	9.013351111949257e+40
29942.538823118968	8.209912971074766e+41	4.1924069153983965e+41	3.546451899524528e+41	2.706890279833838e+41	2.1563137088996986e+41	1.4945751192408397e+41	5.614952799657288e+40	3.182553595449017e+40	1.3873959272145763e+40	2.9192686220916775e+41	2.000495082232508e+41	1.4945751192408397e+41	1.1353939489196812e+41
30638.20593167894	1.2098094959300678e+42	5.91561233664483e+41	4.8581102092287914e+41	3.599401999452543e+41	2.816280651735068e+41	1.910065247470525e+41	6.925205477960733e+40	3.8760333248581226e+40	1.6682876975689088e+40	3.909539248417329e+41	2.5996208178742547e+41	1.910065247470525e+41	1.432989219916109e+41
31348.706178489192	1.7084719716166057e+42	7.874892864525983e+41	6.305051983049079e+41	4.563020394275175e+41	3.522835173880183e+41	2.3522370780972465e+41	8.316859966431224e+40	4.613135462569048e+40	1.9671484672440807e+40	4.983302747333145e+41	3.2398971056634805e+41	2.3522370780972465e+41	1.7491853978845308e+41
32074.512528134386	2.3276118819384016e+42	1.004613501213941e+42	7.880630486900232e+41	5.5971058392099244e+41	4.274936997556063e+41	2.8185277364437736e+41	9.764932380401443e+40	5.377421798655432e+40	2.2762656311015806e+40	6.139428936239576e+41	3.919937314832964e+41	2.8185277364437736e+41	2.080935082470797e+41
32816.10557834927	3.0922212957615445e+42	1.2540674194007384e+42	9.651687871904793e+41	6.734201610029257e+41	5.091752090185755e+41	3.318180400097122e+41	1.1291059614198072e+41	6.179800267543711e+40	2.5999320989164074e+40	7.417294832593137e+41	4.6560580661258044e+41	3.318180400097122e+41	2.434045026468043e+41
33573.97251845913	3.999848317313733e+42	1.5204881082549918e+42	1.1535225126751281e+42	7.945790621323517e+41	5.964562371180875e+41	3.85428270595948e+41	1.2938459858248707e+41	7.047210570852629e+40	2.950165227663699e+40	8.777720000403943e+41	5.443367311090154e+41	3.85428270595948e+41	2.8138053138617686e+41
34348.61163735839	5.2419864165104497e+42	1.905284935880802e+42	1.4259957442304434e+42	9.688798944027129e+41	7.212292598389228e+41	4.612864823868737e+41	1.5217945380599622e+41	8.235918556257877e+40	3.424976444590355e+40	1.0738599205301254e+42	6.566468307470679e+41	4.612864823868737e+41	3.347368424116335e+41
35140.538039620325	6.726409822504774e+42	2.2859176282151307e+42	1.6874606359523407e+42	1.1327419031741946e+42	8.37592836626516e+41	5.3162633491311134e+41	1.732985295612714e+41	9.339661839817833e+40	3.867443489658774e+40	1.2589539705683843e+42	7.612085974402213e+41	5.3162633491311134e+41	3.841387132243163e+41
35950.27806891029	8.42522826377848e+42	2.706527697505725e+42	1.9752830926215988e+42	1.3118082169625272e+42	9.640728459293129e+41	6.0757046695454296e+41	1.958809539711392e+41	1.0516835804513338e+41	4.3384103039752027e+40	1.4616232380301357e+42	8.74683481361266e+41	6.0757046695454296e+41	4.372798555473801e+41
36778.37130527107	1.0286197532355452e+43	3.127368249308722e+42	2.2619322622315877e+42	1.490295946024272e+42	1.0904455849957796e+42	6.837605362697891e+41	2.1872090828014787e+41	1.1711042996222969e+41	4.817661001632969e+40	1.6635153091002475e+42	9.881587988533045e+41	6.837605362697891e+41	4.907385677860612e+41
37625.35547949928	1.2292313353533608e+43	3.5532059382341615e+42	2.552277027943765e+42	1.671170866316821e+42	1.2185272497785683e+42	7.610050016530286e+41	2.419159782043776e+41	1.2925255829288805e+41	5.305730964084098e+40	1.868092788755309e+42	1.1031742505280066e+42	7.610050016530286e+41	5.4495717985293e+41
38496.88918156376	1.4987148488810403e+43	4.185094067014757e+42	2.979551892325769e+42	1.9341268545903613e+42	1.4030606536596098e+42	8.708867862242339e+41	2.7405909368923877e+41	1.4588984038388594e+41	5.965995232901426e+40	2.166469388161777e+42	1.2684239803638475e+42	8.708867862242339e+41	6.214414242862577e+41
39388.34476994359	1.7788042009073172e+43	4.746557414525511e+42	3.3620730339623765e+42	2.1721776750703144e+42	1.5714221325365733e+42	9.72169482197389e+41	3.0424639422201652e+41	1.6163049578923928e+41	6.595694524245714e+40	2.4358053307735026e+42	1.419538980143388e+42	9.72169482197389e+41	6.923844419975559e+41
40300.321219163845	2.0704993824440383e+43	5.287919969915257e+42	3.724563911799104e+42	2.394893326926524e+42	1.7281425458723255e+42	1.0661467671320954e+42	3.3231296476655474e+41	1.7630939619444267e+41	7.185477376530681e+40	2.6884424765011592e+42	1.5600597106438316e+42	1.0661467671320954e+42	7.581877533741095e+41
41233.431491985124	2.3687342778340746e+43	5.830954409891872e+42	4.0896186313118364e+42	2.620001484698754e+42	1.8868846342500665e+42	1.1615880089898055e+42	3.609540052638423e+41	1.91317870863247e+41	7.789794734142475e+40	2.9435763229190115e+42	1.7024790324686746e+42	1.1615880089898055e+42	8.251231485840515e+41
42188.32348637834	2.6661283711181387e+43	6.345256472230881e+42	4.43694519004897e+42	2.835674267275516e+42	2.0397480770981204e+42	1.2541233213145168e+42	3.890665958882586e+41	2.061176986819885e+41	8.388585177701121e+40	3.187564835535676e+42	1.839833460825261e+42	1.2541233213145168e+42	8.902928952873529e+41
43165.67071560672	3.085341074117626e+43	7.171946149032837e+42	4.991736633415527e+42	3.1758993053548546e+42	2.2783777456911355e+42	1.3963383762549967e+42	4.308827621124807e+41	2.278288682586535e+41	9.253602409523006e+40	3.5738248495593793e+42	2.053537417665883e+42	1.3963383762549967e+42	9.894072649318635e+41
44166.16344085516	3.4610974177541877e+43	7.873672959890298e+42	5.466373126797151e+42	3.4697119140078336e+42	2.4858006954530767e+42	1.5210570467508725e+42	4.681948383138791e+41	2.473401646528502e+41	1.0037106963485923e+41	3.906593911869416e+42	2.2396586554290502e+42	1.5210570467508725e+42	1.0768215902942506e+42
45190.504142843994	3.800320914335631e+43	8.466003236323232e+42	5.871163956552359e+42	3.723807512636437e+42	2.666934725252972e+42	1.6313647772926134e+42	5.019547627584866e+41	2.6514640728888257e+41	1.0758624411847833e+41	4.1933438585499674e+42	2.4026579303319465e+42	1.6313647772926134e+42	1.1547369782325912e+42
46246.318150878964	4.1109992464632823e+43	8.960185110270952e+42	6.207848828058016e+42	3.93544422777748e+42	2.818250043411307e+42	1.724045325440041e+42	5.3073906462798236e+41	2.8043233277548706e+41	1.1382885237335487e+41	4.432003575724544e+42	2.5389771069733893e+42	1.724045325440041e+42	1.2204906784130632e+42
47327.36258301382	4.561551793649924e+43	9.800317229008193e+42	6.762284470609161e+42	4.271459851682136e+42	3.05305704876584e+42	1.8639320412203173e+42	5.72303385660777e+41	3.0217192639991047e+41	1.2257360325193867e+41	4.814337624043349e+42	2.7491517835510217e+42	1.8639320412203173e+42	1.3181813690532259e+42
48434.43999017455	4.930851005155782e+43	1.0566591122260992e+43	7.301544324888929e+42	4.6173179386058025e+42	3.301792305543784e+42	2.0163985939674603e+42	6.1901411796446146e+41	3.2674808566701836e+41	1.3249191812301299e+41	5.202939798865211e+42	2.97341424697709e+42	2.0163985939674603e+42	1.4260601579305292e+42
49568.375498222114	5.229289326384014e+43	1.1121020120483339e+43	7.688272841003416e+42	4.865397498539946e+42	3.481108755080778e+42	2.1275601531673413e+42	6.541430492705983e+41	3.455073378665779e+41	1.4019415643758718e+41	5.481413789335747e+42	3.1354294006201186e+42	2.1275601531673413e+42	1.5054334004788696e+42
50736.99159718052	5.475532167223414e+43	1.1551055908216543e+43	7.991653291180378e+42	5.0632772343498893e+42	3.625868616409722e+42	2.218752856092504e+42	6.838121246414005e+41	3.615262714808928e+41	1.4684725728453703e+41	5.702564803730329e+42	3.266693288292285e+42	2.218752856092504e+42	1.571194855103732e+42
51934.10146398628	5.860717368872942e+43	1.2331952828230888e+43	8.515074148018595e+42	5.3865121148912294e+42	3.8546688811663756e+42	2.357417279861752e+42	7.263537568249479e+41	3.840599824001581e+41	1.560351093639758e+41	6.068601195485376e+42	3.472276351494531e+42	2.357417279861752e+42	1.6690721666302897e+42
53160.6385690199	6.12672255053928e+43	1.3082203357525903e+43	9.059656357485818e+42	5.744899261057709e+42	4.1160190382762135e+42	2.5201704304972338e+42	7.774793497522211e+41	4.112015678734586e+41	1.6709136505963446e+41	6.468950523350276e+42	3.708798033315258e+42	2.5201704304972338e+42	1.7852518899162387e+42
54423.65979331292	6.275009184989623e+43	1.3478819586711824e+43	9.352074274037608e+42	5.943088049784826e+42	4.264051511958838e+42	2.6156078757187318e+42	8.095995094290616e+41	4.287361277919507e+41	1.7445252176729e+41	6.688525220031413e+42	3.843778211630383e+42	2.6156078757187318e+42	1.854935880971926e+42
55726.086109647185	6.463805878314161e+43	1.390192642533312e+43	9.653416991977489e+42	6.142598428767003e+42	4.411695314891895e+42	2.7101486729595247e+42	8.413585688054556e+41	4.461046853164655e+41	1.8176577532430873e+41	6.910596107697956e+42	3.978135233791314e+42	2.7101486729595247e+42	1.9238342958646534e+42
57068.27170559767	6.566188830297835e+43	1.4539490341489403e+43	1.0113097579025038e+43	6.442715718227012e+42	4.63003218763858e+42	2.846318708730167e+42	8.848383677674117e+41	4.6943547657053274e+41	1.9140104926753795e+41	7.246390017888762e+42	4.175703656954197e+42	2.846318708730167e+42	2.0213872853431123e+42
58448.740343156576	6.522282971626741e+43	1.47887831389353e+43	1.0349844621508499e+43	6.631496724185298e+42	4.781102179601832e+42	2.949963045749492e+42	9.220595904706885e+41	4.9005468816896824e+41	2.001555301263435e+41	7.448802226498563e+42	4.3157194380465755e+42	2.949963045749492e+42	2.0991630944466172e+42
59869.74772132061	6.473215870609637e+43	1.4871307591048828e+43	1.0436429504221401e+43	6.709800346181845e+42	4.8490029305252167e+42	3.001350636828454e+42	9.437020640538397e+41	5.027311539914303e+41	2.0584797450414775e+41	7.530175441029562e+42	4.3801011065019845e+42	3.001350636828454e+42	2.1399615022704483e+42
61332.39695270082	6.354404501687028e+43	1.5130621702483824e+43	1.0651727844111334e+43	6.867051283726445e+42	4.970807766815864e+42	3.083264441898237e+42	9.734276080459807e+41	5.194556220615961e+41	2.131024901185009e+41	7.701686861529392e+42	4.4922608750035845e+42	3.083264441898237e+42	2.2012938457176437e+42
62834.52743077334	6.124561430043699e+43	1.5077832839256044e+43	1.0701134885858255e+43	6.950797589117289e+42	5.052732249362486e+42	3.14935489174782e+42	1.0018205891821744e+42	5.3600217602177764e+41	2.2047014933504147e+41	7.782095041489932e+42	4.5715617123305215e+42	3.14935489174782e+42	2.2545590371677614e+42
64378.3999547123	5.872132094151625e+43	1.4845314656209284e+43	1.0601138143760695e+43	6.931424500758894e+42	5.059779910920225e+42	3.1703717274828266e+42	1.0176638950397807e+42	5.462969579913402e+41	2.2548123535412304e+41	7.747857719780451e+42	4.5834480426982955e+42	3.1703717274828266e+42	2.276697605401072e+42
65964.99352086456	5.603435975370336e+43	1.4659854328743861e+43	1.0526117009604799e+43	6.91817042809118e+42	5.0661273340147936e+42	3.187188425193654e+42	1.0307660111968793e+42	5.5501230393307215e+41	2.298404010928729e+41	7.723478967246816e+42	4.593387594965659e+42	3.187188425193654e+42	2.2944738984391467e+42
67593.69912278643	5.291752840858026e+43	1.4314982380374282e+43	1.0374212575872288e+43	6.87800764087862e+42	5.0618779732253703e+42	3.2031569405639127e+42	1.0457818729268499e+42	5.650437559012792e+41	2.3483940256319004e+41	7.663064890596143e+42	4.5958310655693816e+42	3.2031569405639127e+42	2.3136294075566217e+42
69268.6110934263	4.976563678486784e+43	1.377728484465394e+43	1.0053287322613902e+43	6.718007436672783e+42	4.9699752978668716e+42	3.166245185582673e+42	1.0461610330114696e+42	5.6780268964065156e+41	2.371006414615581e+41	7.470027541251225e+42	4.519271117036102e+42	3.166245185582673e+42	2.2963106567226967e+42
70990.389947594	4.688066897308605e+43	1.3368180065712715e+43	9.800010323076621e+42	6.580018787888021e+42	4.8832767445715625e+42	3.1244707217748483e+42	1.0415414128974738e+42	5.67479166561145e+41	2.380047529330006e+41	7.307971350879123e+42	4.4446413620732947e+42	3.1244707217748483e+42	2.2724164324201234e+42
72758.86246999739	4.409574598717512e+43	1.2935465022889726e+43	9.571371923569039e+42	6.483823083980026e+42	4.8370303509013866e+42	3.1143879295286236e+42	1.0493367444382093e+42	5.7405099926286666e+41	2.4180229340735447e+41	7.186089809826774e+42	4.408967940816085e+42	3.1143879295286236e+42	2.2734129926602646e+42
74576.31192084425	4.146953848050529e+43	1.2383481870512145e+43	9.221345432899256e+42	6.293268836767184e+42	4.7188700686974e+42	3.0592236194197113e+42	1.0441849471707588e+42	5.7415318842792624e+41	2.4315961169896026e+41	6.961741153357096e+42	4.3078263993851686e+42	3.0592236194197113e+42	2.242793179416312e+42
76443.41060075116	3.9223399528307124e+43	1.1961111490112272e+43	8.953142665563944e+42	6.141918425010323e+42	4.620159353452199e+42	3.007635714903227e+42	1.0348356111350419e+42	5.709634767988592e+41	2.427586754428623e+41	6.78586413975391e+42	4.221629973484538e+42	3.007635714903227e+42	2.210707426877537e+42
78360.79986680056	3.714894901787329e+43	1.1552916151637602e+43	8.71042095647615e+42	6.021144615262118e+42	4.551246155289996e+42	2.9813384205171083e+42	1.0381643245510573e+42	5.757113621007096e+41	2.4616583670020764e+41	6.640056567082066e+42	4.164504524267957e+42	2.9813384205171083e+42	2.199951359204523e+42
80330.29604701328	3.535833632653654e+43	1.111265105574798e+43	8.419277603922837e+42	5.85570932355387e+42	4.4453294347678553e+42	2.929060607171525e+42	1.0316420103065086e+42	5.748106123993929e+41	2.470795990789888e+41	6.44739897235319e+42	4.0728650091427385e+42	2.929060607171525e+42	2.169435780130651e+42
82353.4683034618	3.37248001746772e+43	1.0780751305948397e+43	8.182464469387123e+42	5.70612084353052e+42	4.341301591341919e+42	2.870428064132146e+42	1.0194370959155077e+42	5.703221717480568e+41	2.4635739714498737e+41	6.278076196712346e+42	3.980410388906366e+42	2.870428064132146e+42	2.1313070287765484e+42
84431.78308335983	3.2371173646442955e+43	1.0545875532008938e+43	8.029540691505734e+42	5.622960875219422e+42	4.29157021544194e+42	2.8505713454445866e+42	1.0221939573782442e+42	5.742678381131818e+41	2.4923959898572356e+41	6.179698874720084e+42	3.938695313711242e+42	2.8505713454445866e+42	2.1230545235486028e+42
86566.68564065042	3.1159984545417765e+43	1.0301091951364709e+43	7.856389674612504e+42	5.512785617032241e+42	4.214186127783622e+42	2.8066231480295875e+42	1.0139683882899601e+42	5.719411423193684e+41	2.494709409972724e+41	6.055378377756673e+42	3.869731197231361e+42	2.8066231480295875e+42	2.0946803326997074e+42
88760.12753543597	2.9968674291288917e+43	1.0149051706195625e+43	7.749119923875784e+42	5.4491073101167014e+42	4.173386938794275e+42	2.787809160004996e+42	1.0145041727182524e+42	5.743020916109781e+41	2.5159772920937048e+41	5.981736034439808e+42	3.8346540818559864e+42	2.787809160004996e+42	2.0851391537059324e+42
91013.89652711204	2.9113403140862063e+43	1.0137724751306244e+43	7.758710259598242e+42	5.4631156729470246e+42	4.185764117842042e+42	2.7968643251511145e+42	1.0192015500154275e+42	5.778031335429036e+41	2.537600715950691e+41	5.995718062649312e+42	3.8463099687220045e+42	2.7968643251511145e+42	2.092388111756616e+42
93329.82970466072	2.8156299695413807e+43	1.0114143827258321e+43	7.758995449902556e+42	5.47845943604422e+42	4.206045597797096e+42	2.8185226704778014e+42	1.0330634894686959e+42	5.871315813914168e+41	2.586250277298863e+41	6.00821284091859e+42	3.867370463765516e+42	2.8185226704778014e+42	2.1125489333295262e+42
95710.17163434943	2.7520296295813573e+43	1.0134016527165124e+43	7.775212934262119e+42	5.4912965928118746e+42	4.2184143120143534e+42	2.830982057973512e+42	1.0427407141959685e+42	5.9425927636222974e+41	2.6268300743988935e+41	6.02155783345643e+42	3.879751041293366e+42	2.830982057973512e+42	2.1247038435555456e+42
98157.10012375456	2.6887453542853896e+43	1.01818862641431e+43	7.80775091735264e+42	5.5082179140964726e+42	4.228905965538194e+42	2.8370960248850254e+42	1.0464878249087974e+42	5.9731449300923065e+41	2.646921006335823e+41	6.041746634851457e+42	3.888913805771049e+42	2.8370960248850254e+42	2.1295988773517758e+42
100672.93398742391	2.6125067532580343e+43	1.0377711550650116e+43	7.987520819368521e+42	5.640997002864816e+42	4.329756649643904e+42	2.9028014819848754e+42	1.0704613150454924e+42	6.114199343602546e+41	2.7132574214670547e+41	6.187042740458746e+42	3.981097640046156e+42	2.9028014819848754e+42	2.178210546257752e+42
103260.01608995082	2.5662296620884326e+43	1.0523630032076105e+43	8.139257545024979e+42	5.774961822350855e+42	4.444875861637606e+42	2.9897598939304613e+42	1.1082858896297471e+42	6.341685017674924e+41	2.819105736318917e+41	6.326963123957785e+42	4.0900934552026164e+42	2.9897598939304613e+42	2.24760869297822e+42
105921.00624736288	2.498005384480227e+43	1.0742762455664051e+43	8.348692015307232e+42	5.938556091691458e+42	4.5748129976025234e+42	3.079801536882698e+42	1.1445800480640921e+42	6.56121591061325e+41	2.923753411776186e+41	6.503229794687008e+42	4.210514807148089e+42	3.079801536882698e+42	2.316703551718078e+42
108658.60116893829	2.456667496103767e+43	1.0977768015334723e+43	8.570523463481353e+42	6.105332813972574e+42	4.701136005590302e+42	3.159427775964252e+42	1.1693289109780321e+42	6.696825475658094e+41	2.98437652469193e+41	6.68527219104568e+42	4.325508043695327e+42	3.159427775964252e+42	2.3732390247067302e+42
111475.63937609197	2.4055891642473373e+43	1.1120091100850557e+43	8.732035126775661e+42	6.249180978685284e+42	4.823525552963563e+42	3.249734071299692e+42	1.2057118887821328e+42	6.908431311820118e+41	3.0806765311541384e+41	6.83573378484401e+42	4.440896294079475e+42	3.249734071299692e+42	2.4438101736875277e+42
114375.05247470818	2.340007147295822e+43	1.1397627648129173e+43	9.036457290779635e+42	6.500137372294439e+42	5.0232268672956075e+42	3.383957720065279e+42	1.2522623322498347e+42	7.167282959375862e+41	3.1938173512184144e+41	7.104238646177386e+42	4.625290682368154e+42	3.383957720065279e+42	2.5430643989900354e+42
117360.03113099706	2.297170444645551e+43	1.1596007632057826e+43	9.310750296261105e+42	6.76763371852959e+42	5.2569362374383496e+42	3.5585680064894294e+42	1.3213653705590288e+42	7.559914866057061e+41	3.3654475530927675e+41	7.379683416997815e+42	4.846645410675734e+42	3.5585680064894294e+42	2.6794360275006784e+42
120433.87577978818	2.2445703686700076e+43	1.158471416109076e+43	9.374961603561397e+42	6.865039232354109e+42	5.358291203724765e+42	3.6509522884920355e+42	1.3713862551342102e+42	7.870996034383017e+41	3.5101499359975945e+41	7.472405382640299e+42	4.9472157178535787e+42	3.6509522884920355e+42	2.760295736781511e+42
123600.06099192594	2.1988703772084411e+43	1.156564371765035e+43	9.445725588596437e+42	6.972989076804417e+42	5.467336736395043e+42	3.745708689202178e+42	1.4207936931742535e+42	8.184559806915894e+41	3.662879387951337e+41	7.575837881235147e+42	5.0542703885140435e+42	3.745708689202178e+42	2.8412593958114795e+42
126862.20692239275	2.1414949813482605e+43	1.1464210455898144e+43	9.42063486543095e+42	6.988580636603374e+42	5.49515554770666e+42	3.77959140885595e+42	1.4464210205602006e+42	8.363805697052935e+41	3.757316604350514e+41	7.58432721738897e+42	5.084277270037103e+42	3.77959140885595e+42	2.874806345927132e+42
130224.20214455214	2.0817723191171686e+43	1.13500861209459e+43	9.381491339777038e+42	6.987082282588768e+42	5.503648295881607e+42	3.792896152095379e+42	1.4588187640003948e+42	8.461258136030515e+41	3.8161803959101e+41	7.576602119538289e+42	5.0944391352544857e+42	3.792896152095379e+42	2.888795848437974e+42
133690.10149857	2.0205852255514807e+43	1.1223433644569796e+43	9.33951635115878e+42	6.986701949103794e+42	5.512519010822159e+42	3.8037966864673e+42	1.466175917928786e+42	8.518605804929963e+41	3.852700852853825e+41	7.569671407777075e+42	5.104449481338229e+42	3.8037966864673e+42	2.898744382886748e+42
137264.1763148784	1.958085195124571e+43	1.1041354835730756e+43	9.279378426999837e+42	7.004459238867949e+42	5.5547465193195826e+42	3.8556645440310626e+42	1.5009571031626422e+42	8.755790503562792e+41	3.977588671095963e+41	7.573098649930783e+42	5.1507228044367336e+42	3.8556645440310626e+42	2.948178727789001e+42
140950.90167312388	1.8942142527263333e+43	1.0852679626890904e+43	9.200112816673356e+42	6.991282238284612e+42	5.562358313128098e+42	3.8741137233478626e+42	1.517098047183051e+42	8.876246633614901e+41	4.047676238830029e+41	7.547959411131127e+42	5.1620655251423e+42	3.8741137233478626e+42	2.967875295431004e+42
144755.05199895735	1.8290766959272113e+43	1.0648071455929563e+43	9.103791485433483e+42	6.961968485589784e+42	5.5551462784076293e+42	3.8796817545090545e+42	1.525080292454246e+42	8.941341880942113e+41	4.0903575090341245e+41	7.506291839195377e+42	5.159009298193498e+42	3.8796817545090545e+42	2.9760016760457686e+42
148681.63666095305	1.7629703535233134e+43	1.0425474718282633e+43	9.000246229125242e+42	6.931767256099932e+42	5.547833398249537e+42	3.88378113800255e+42	1.5286439041111435e+42	8.965371694507883e+41	4.10569122346122e+41	7.462797172760424e+42	5.1557153633258563e+42	3.88378113800255e+42	2.9813510099596653e+42
152735.9439980217	1.6959158262419262e+43	1.0148283629666223e+43	8.861257386023359e+42	6.893665576451451e+42	5.5484507407388273e+42	3.908946166307572e+42	1.5521716593372214e+42	9.128464820124003e+41	4.193038424730142e+41	7.404612058797133e+42	5.164153329264097e+42	3.908946166307572e+42	3.010742853953472e+42
156923.5412264933	1.6280435118568518e+43	9.868778637267081e+42	8.705664728234638e+42	6.824898249791731e+42	5.5139235147047996e+42	3.900423524038898e+42	1.5585506239567644e+42	9.189080756512576e+41	4.234018459622859e+41	7.318623993122258e+42	5.1370657784892917e+42	3.900423524038898e+42	3.01079222957713e+42
161250.35038250056	1.559656902379428e+43	9.559923970082383e+42	8.534892328570942e+42	6.753868295168275e+42	5.481574728188648e+42	3.895634771677448e+42	1.5657612115061517e+42	9.24827011319309e+41	4.270676416726518e+41	7.227816143596487e+42	5.112871117541106e+42	3.895634771677448e+42	3.01397744554397e+42
165722.61505943284	1.4909567290049125e+43	9.226814338049522e+42	8.343039286395347e+42	6.668335611205009e+42	5.4387388628847657e+42	3.8844512243870996e+42	1.5709136544516475e+42	9.29550479477608e+41	4.3016254167572554e+41	7.120843571788995e+42	5.0792287852263447e+42	3.8844512243870996e+42	3.0126372024886974e+42
170346.9427198432	1.4222025141549868e+43	8.872223535721826e+42	8.133604790154491e+42	6.572990401780538e+42	5.3901098993217635e+42	3.8698589111670577e+42	1.571714132345788e+42	9.300521960830478e+41	4.30287155915797e+41	7.00216935712828e+42	5.040622692013749e+42	3.8698589111670577e+42	3.0079261864339955e+42
175130.3307558914	1.351603029573586e+43	8.491813302892905e+42	7.96680446106082e+42	6.56370280733044e+42	5.4377972327448694e+42	3.947705898570412e+42	1.6253754349301998e+42	9.639887888293436e+41	4.460940825056319e+41	6.962069080463472e+42	5.098997215518236e+42	3.947705898570412e+42	3.085817779729319e+42
180080.12813642446	1.2854872618597137e+43	8.073603589930638e+42	7.692977741055773e+42	6.422459610927874e+42	5.3611762401169474e+42	3.929413043725329e+42	1.6472321801093148e+42	9.83519195408227e+41	4.5791747452598824e+41	6.791608169324594e+42	5.0379805191643083e+42	3.929413043725329e+42	3.0899234115571926e+42
185204.77359930266	1.2168215345488124e+43	7.640701892442455e+42	7.468262682534935e+42	6.361843047361506e+42	5.363419242140526e+42	3.971054100469857e+42	1.6865713449501913e+42	1.0105001876982125e+42	4.717527778415384e+41	6.698141201703095e+42	5.0527956652004235e+42	3.971054100469857e+42	3.138538817418524e+42
190512.46832970777	1.1514084742535759e+43	7.188971339644135e+42	7.154291812832307e+42	6.183113554483227e+42	5.2523299295205394e+42	3.923559025131422e+42	1.6950367406047472e+42	1.0229536221890902e+42	4.811439608655816e+41	6.489199997979368e+42	4.9583211002597673e+42	3.923559025131422e+42	3.117962418358487e+42
196011.8891790996	1.0852756069204267e+43	6.696740633692898e+42	6.859953980439867e+42	6.068907969154287e+42	5.21586859654321e+42	3.943846585131383e+42	1.7324425686570336e+42	1.0509849943069554e+42	4.9659398093121155e+41	6.336849393975139e+42	4.938667587367436e+42	3.943846585131383e+42	3.153619715102427e+42
201712.2493182853	1.0217378589217141e+43	6.215887980587333e+42	6.505867431111052e+42	5.856364045945765e+42	5.077585325156964e+42	3.8766154373346834e+42	1.7326290253581483e+42	1.0591169496414763e+42	5.045644292876987e+41	6.091720209792845e+42	4.8188286674462964e+42	3.8766154373346834e+42	3.117251270027527e+42
207623.31990701525	9.588016257346137e+42	5.691255337980322e+42	6.157126063623716e+42	5.694603344830977e+42	5.004241916420045e+42	3.8726702302291027e+42	1.7605114617172758e+42	1.0816597596245428e+42	5.177693843340837e+41	5.888403926964705e+42	4.765415909659371e+42	3.8726702302291027e+42	3.1346239832460375e+42
213755.50469984024	8.980654267491881e+42	5.1559752553627664e+42	5.777749328498938e+42	5.5011991212750137e+42	4.9051534095186844e+42	3.8525310350812764e+42	1.7863730400078393e+42	1.1053659488684408e+42	5.332916244867979e+41	5.652190592622866e+42	4.688365706677771e+42	3.8525310350812764e+42	3.141299140532389e+42
220119.82511731813	8.391189999728086e+42	4.6750331079943616e+42	5.3822028613078584e+42	5.239964253201557e+42	4.724219773614848e+42	3.7516916031249986e+42	1.7651591172936723e+42	1.0984681186499268e+42	5.337697020036309e+41	5.3575420172005484e+42	4.5280439173394774e+42	3.7516916031249986e+42	3.075594618114124e+42
226728.0497584956	7.821320426589919e+42	4.1500505507382153e+42	4.970591875766066e+42	5.003148989740767e+42	4.587797776768522e+42	3.706064666197292e+42	1.7778885012988356e+42	1.111711660585879e+42	5.4256900745190375e+41	5.07774177705997e+42	4.416283866908575e+42	3.706064666197292e+42	3.0626428992657113e+42
233592.7357202556	7.271996297085517e+42	3.691745657690015e+42	4.561643939006899e+42	4.714244297807597e+42	4.381683349857801e+42	3.5887459377137494e+42	1.7511842576611713e+42	1.1007620863525628e+42	5.403118047753102e+41	4.756534881640346e+42	4.2324876148801956e+42	3.5887459377137494e+42	2.985566468139491e+42
240727.2983458945	6.746687049866505e+42	3.197981998570996e+42	4.1313068728021286e+42	4.4360269426856327e+42	4.206313907610976e+42	3.51712804150953e+42	1.757756058966293e+42	1.110828387682363e+42	5.475966090721063e+41	4.437557664855598e+42	4.084133579462686e+42	3.51712804150953e+42	2.9551785946103233e+42
248146.09416997273	6.243958999818381e+42	2.7298712135527506e+42	3.697117850390369e+42	4.1356049961416615e+42	4.0071264067283414e+42	3.427630448823907e+42	1.760341840975564e+42	1.1195130870887171e+42	5.54635490034867e+41	4.099054840538767e+42	3.912713244006022e+42	3.427630448823907e+42	2.912235261524648e+42
255864.46467991165	5.763003045266104e+42	2.3445628599866642e+42	3.299207726761518e+42	3.8155885576995344e+42	3.7631827454309844e+42	3.2801952832782595e+42	1.7248042473880675e+42	1.103820421264946e+42	5.501508480870303e+41	3.7534820879796906e+42	3.691623919987619e+42	3.2801952832782595e+42	2.813249983685864e+42
263898.8844533506	5.309250056064929e+42	1.9430328976745362e+42	2.882503739578798e+42	3.491770485911638e+42	3.5308008813340757e+42	3.161700492026557e+42	1.7202730878398162e+42	1.1100405216745955e+42	5.56731301463009e+41	3.3989831064956874e+42	3.486570648532419e+42	3.161700492026557e+42	2.748864538503664e+42
272267.0445449503	4.878195899038083e+42	1.58191128406279e+42	2.4820146076684982e+42	3.1588127389256356e+42	3.280796242248858e+42	3.0249754034004123e+42	1.7097264060063427e+42	1.113740003328885e+42	5.626294712886233e+41	3.040496547651735e+42	3.262826865038041e+42	3.0249754034004123e+42	2.669760845923866e+42
280987.95069197123	4.4696422691183673e+42	1.3013640383073239e+42	2.139123264388505e+42	2.836818191792019e+42	3.01322176823946e+42	2.847728159206355e+42	1.6637163719891762e+42	1.0934924443926724e+42	5.566890980457225e+41	2.7050394567602314e+42	3.0147075866195463e+42	2.847728159206355e+42	2.5457957311994653e+42
290082.0935978069	4.088173758259921e+42	1.0222917189006232e+42	1.7889783769595523e+42	2.5080259314651424e+42	2.7464167342217057e+42	2.6850283083812755e+42	1.6432677061889195e+42	1.0935319041696054e+42	5.6207004281874854e+41	2.3613273688480216e+42	2.770311641989959e+42	2.6850283083812755e+42	2.4435919011023114e+42
299571.5751399557	3.728858237804942e+42	7.859206842817876e+41	1.4698657560257238e+42	2.1862088639705254e+42	2.473277424511474e+42	2.507764471506997e+42	1.6150980222217944e+42	1.0900092656375856e+42	5.664883671582465e+41	2.0306396555810204e+42	2.516747632859156e+42	2.507764471506997e+42	2.3269653483077046e+42
309480.2599542762	3.391478647978326e+42	6.1323089482025294e+41	1.2135066907394037e+42	1.8980988063182392e+42	2.207900438342308e+42	2.309836648297599e+42	1.5555726996448326e+42	1.0635454117445835e+42	5.588912317686431e+41	1.742796921973974e+42	2.2636175458101362e+42	2.309836648297599e+42	2.1795831188543608e+42
319833.9926304163	3.0791596547343615e+42	4.513539118108588e+41	9.621679171085921e+41	1.6084066412419017e+42	1.94113425285572e+42	2.1171193594471086e+42	1.514566449761434e+42	1.0541160812781183e+42	5.621417592188177e+41	1.4544426975390597e+42	2.01003247493299e+42	2.1171193594471086e+42	2.0432215633154942e+42
330660.78766531404	2.7875567453259763e+42	3.2355517254296104e+41	7.465242389729598e+41	1.3394864986991316e+42	1.6814505650967568e+42	1.917633058128424e+42	1.464856602064417e+42	1.0399416872433431e+42	5.6395587421792285e+41	1.1917164212527418e+42	1.7597790575817795e+42	1.917633058128424e+42	1.8961705069931438e+42
341991.05637513724	2.5171074871074307e+42	2.2558441791895423e+41	5.661375104302305e+41	1.0953264820547815e+42	1.433892073973985e+42	1.715364259030601e+42	1.406850600232008e+42	1.0210313184982816e+42	5.644087716052148e+41	9.57747058275374e+41	1.5178696296722844e+42	1.715364259030601e+42	1.7410478715529283e+42
353857.878635161	2.2662666770414712e+42	1.6055116099228563e+41	4.3363582992264535e+41	8.961251227147766e+41	1.2170586409467096e+42	1.5184098508291453e+42	1.3263499525308019e+42	9.821226436037085e+41	5.528753810371988e+41	7.71770506057109e+41	1.3012691409905815e+42	1.5184098508291453e+42	1.57705863238754e+42
366297.3273258672	2.0364050790266744e+42	1.0566429027228897e+41	3.1368267849590242e+41	7.05678393332265e+41	1.004979270698412e+42	1.3238069510281499e+42	1.2552997321666239e+42	9.543904052642023e+41	5.50299080011772e+41	5.959835514430742e+41	1.0884706049017075e+42	1.3238069510281499e+42	1.416659904822308e+42
379348.79856429354	1.8237781509055417e+42	7.116273158415835e+40	2.296694898698077e+41	5.569880961747824e+41	8.272878152589032e+41	1.143595603105782e+42	1.1669746695815037e+42	9.087697078430995e+41	5.35868985198063e+41	4.623333527043959e+41	9.063320365340253e+41	1.143595603105782e+42	1.2568252077015362e+42
393055.42065815016	1.6289537258231457e+42	4.967102107712234e+40	1.7196963313197555e+41	4.4425757217762966e+41	6.836277168663206e+41	9.842399469302602e+41	1.0687795738915726e+42	8.495722130312145e+41	5.108999095198881e+41	3.6342811724378146e+41	7.56204190758305e+41	9.842399469302602e+41	1.1063026377868729e+42
407464.5340865128	1.4513162303901215e+42	3.401280619177863e+40	1.2673764975038922e+41	3.4980359768968434e+41	5.586282367816175e+41	8.393522967314845e+41	9.731059060131263e+41	7.904981842533888e+41	4.853689673017489e+41	2.81826353493827e+41	6.242168221545347e+41	8.393522967314845e+41	9.660269580451694e+41
422628.2197538436	1.2893150752094312e+42	2.2805602305292995e+40	9.178496372357525e+40	2.7154842889421757e+41	4.508900139722658e+41	7.085809656644089e+41	8.802341234099676e+41	7.316829216034375e+41	4.592792464721472e+41	2.1530211139112357e+41	5.092139701180207e+41	7.085809656644089e+41	8.360935680630532e+41
438603.90645081736	1.1419880845046987e+42	1.4955915535127686e+40	6.525772355832421e+40	2.0766168656087853e+41	3.592155317676129e+41	5.918006201314211e+41	7.907171818394175e+41	6.7346795339081935e+41	4.327480793090381e+41	1.6190295148607326e+41	4.102388246960966e+41	5.918006201314211e+41	7.168638864598057e+41
455455.07729399105	1.0083891157501958e+42	9.582011818848506e+39	4.550430933721777e+40	1.5631059980647988e+41	2.8226306576156683e+41	4.88683261290015e+41	7.050759764616662e+41	6.1620103783074795e+41	4.0590280569268395e+41	1.1973504029944165e+41	3.2616225531339356e+41	4.88683261290015e+41	6.085378903891424e+41
473252.092535285	8.875902361380466e+41	5.990503575130555e+39	3.108721570190288e+40	1.1570807577611349e+41	2.1858955584672653e+41	3.9870923803882514e+41	6.237865477373996e+41	5.602299891953564e+41	3.7887952463326335e+41	8.700636023488527e+40	2.5571990211755067e+41	3.9870923803882514e+41	5.111476315196292e+41
492073.1519649599	7.786872694588183e+41	3.650278954094193e+39	2.0785221327359164e+40	8.415647074119677e+40	1.6669733716642892e+41	3.2118748041157185e+41	5.472697261478134e+41	5.0589745084267975e+41	3.518224548000775e+41	6.206294042569458e+40	1.9755512733511562e+41	3.2118748041157185e+41	4.245587182314329e+41
512005.425656923	6.808044035231834e+41	2.1655101326531726e+39	1.3586207399245334e+40	6.008330745441402e+40	1.2507981795568929e+41	2.552810547874542e+41	4.758812499049916e+41	4.535350945769225e+41	3.248830145097572e+41	4.341527365720572e+40	1.5026295381187832e+41	2.552810547874542e+41	3.484768265304122e+41
533146.3888523481	5.930979066228788e+41	1.2495010287122932e+39	8.672449128260295e+39	4.206783846418734e+40	9.226402552399487e+40	2.000370835620046e+41	4.099027611385569e+41	4.034573283081284e+41	2.982185695970807e+41	2.975456418790887e+40	1.1243297014162238e+41	2.000370835620046e+41	2.824592886012659e+41
555605.4058510036	5.147590338850482e+41	7.007093210018158e+38	5.40046515107512e+39	2.8857983156073103e+40	6.684814417310545e+40	1.5441979117160147e+41	3.4953414109309925e+41	3.559546496582865e+41	2.7199080976244535e+41	1.9959118772816275e+40	8.268923228721367e+40	1.5441979117160147e+41	2.259315690673377e+41
579505.6195546844	4.450162045165418e+41	3.8181678605852655e+38	3.277570784484468e+39	1.9377803011974346e+40	4.753249520424411e+40	1.1734518919597592e+41	2.9488766432708618e+41	3.1128683097658457e+41	2.4636372370405493e+41	1.3091797636780626e+40	5.972536571742731e+40	1.1734518919597592e+41	1.782081494501119e+41
604986.2187183049	3.831365291450411e+41	2.0227993311829756e+38	1.937158194656941e+39	1.272628078548062e+40	3.3142858386094356e+40	8.771574805280992e+40	2.4598444464749816e+41	2.696761714726795e+41	2.2150115663532317e+41	8.389940141137705e+39	4.23333862562374e+40	8.771574805280992e+40	1.385170431326989e+41
632205.1753173991	3.2842676349040896e+41	1.0441223653524823e+38	1.1144495272335635e+39	8.168678919459423e+39	2.2645572061436304e+40	6.445334842183476e+40	2.0275360356563773e+41	2.313011028951419e+41	1.9756395067587497e+41	5.249527231525937e+39	2.942519376741736e+40	6.445334842183476e+40	1.0602688233360596e+41
661342.5715842363	2.8023376064393795e+41	5.275796556993958e+37	6.2408365164732665e+38	5.1221230039000367e+39	1.5154428067712789e+40	4.652888087069079e+40	1.650345081657355e+41	1.962904825485308e+41	1.7470668915030754e+41	3.2055118904921755e+39	2.004621647255954e+40	4.652888087069079e+40	7.987528497906118e+40
692604.672844282	2.379444895328216e+41	2.632732370228522e+37	3.404581811450657e+38	3.137255303095556e+39	9.929942123503686e+39	3.2987074310788656e+40	1.3258229507856577e+41	1.6471894564432137e+41	1.530740902482379e+41	1.910233292437553e+39	1.3381247901319024e+40	3.2987074310788656e+40	5.919705387352479e+40
726228.952143286	2.009856813499839e+41	1.3169515115432238e+37	1.8131139493842923e+38	1.8778198806195782e+39	6.372072802758079e+39	2.2965474789425617e+40	1.0507672089825297e+41	1.3660370985277368e+41	1.3279712340283114e+41	1.1116461599945666e+39	8.753067319145586e+39	2.2965474789425617e+40	4.3150711086747235e+40
762490.3414538568	1.6881468196724678e+41	6.744867303484427e+36	9.458487111376886e+37	1.0993548781017613e+39	4.006193145880764e+39	1.5701850515439888e+40	8.211806648572116e+40	1.1188608443148628e+41	1.1397632276822889e+41	6.3245562958818815e+38	5.612728495255057e+39	1.5701850515439888e+40	3.093335437124389e+40
800564.670210941	1.4136408796652694e+41	3.2857407207427576e+36	4.342939126054021e+37	5.780568131400869e+38	2.3043045972202148e+39	1.0044465632252107e+40	6.2259016889226945e+40	9.005898172440147e+40	9.739908920141962e+40	3.2095672755791613e+38	3.309935390195361e+39	1.0044465632252107e+40	2.1014262152601966e+40
840542.1297842306	1.1826501803210646e+41	1.7614542475673424e+36	1.942631899368575e+37	2.919498647523179e+38	1.2788009743003795e+39	6.242432487667962e+39	4.640166288730893e+40	7.157199681364404e+40	8.255909212610388e+40	1.5634013456729967e+38	1.8862177821384148e+39	6.242432487667962e+39	1.3926199982904075e+40
882518.0905674791	9.885030328107091e+40	1.055176604273477e+36	8.64994350741722e+36	1.4149670994460064e+38	6.832401313096055e+38	3.7612651731823905e+39	3.394957972981155e+40	5.609747090757033e+40	6.935781036404942e+40	7.315128225638715e+37	1.036396428329251e+39	3.7612651731823905e+39	8.98632548806272e+39
926592.7152069315	8.255189084176031e+40	6.909574781933672e+35	3.984533520477745e+36	6.5869469791879455e+37	3.507395399733487e+38	2.1924023946591613e+39	2.4347639488177343e+40	4.3311329469068934e+40	5.769751850291571e+40	3.302487252652049e+37	5.478711960349624e+38	2.1924023946591613e+39	5.635157876964384e+39
972871.1994589075	6.888502962231027e+40	4.759612081917874e+35	1.9977057687793356e+36	2.9597855546807115e+37	1.7274823997487433e+38	1.2334950603883739e+39	1.7088853625021993e+40	3.28971767103583e+40	4.748256368684346e+40	1.456038816191395e+37	2.781153690438146e+38	1.2334950603883739e+39	3.4269014381557624e+39
1021464.0251165874	5.743700936187692e+40	3.341583293865533e+35	1.1307378674374419e+36	1.3006705903174395e+37	8.1625201364257605e+37	6.683737710418663e+38	1.1718643507679416e+40	2.454841460761229e+40	3.8617422406532503e+40	6.43404343430073e+36	1.354144054124317e+38	6.683737710418663e+38	2.0166568184684734e+39
1072487.2256178444	4.785719051267836e+40	2.346892152744181e+35	7.180044822219598e+35	5.747609729053663e+36	3.710825614177796e+37	3.48074125363685e+38	7.83767951547989e+39	1.7971019266817311e+40	3.100518322055645e+40	2.980418853988623e+36	6.327523977325571e+37	3.48074125363685e+38	1.1458817957073656e+39
1126062.6649710035	3.9848250682256434e+40	1.633762598970551e+35	4.915099601692031e+35	2.677571344694453e+36	1.6380202870050188e+37	1.739405272027833e+38	5.1032141255165085e+39	1.2886970032682573e+40	2.4546528502921263e+40	1.528414035950998e+36	2.8494955460528337e+37	1.739405272027833e+38	6.272980233814134e+38
1182318.3306675227	3.31585359010232e+40	1.1225418061700033e+35	3.481694113023265e+35	1.3894091653339543e+36	7.171231260167802e+36	8.336555385355328e+37	3.228574381259335e+39	9.03794248209509e+39	1.9139324580966506e+40	8.945197314016928e+35	1.2514728110351342e+37	8.336555385355328e+37	3.301754757255144e+38
1241388.6412843096	2.7575407308061805e+40	7.597326486994748e+34	2.4861634058595694e+35	8.248599618450318e+35	3.242004043672824e+36	3.8393895464765782e+37	1.9807075948921983e+39	6.188820253532173e+39	1.4678881898809086e+40	5.864260011436411e+35	5.502253313362967e+36	3.8393895464765782e+37	1.6681687882260245e+38
1303414.7695137877	2.2919477101769275e+40	5.059032043773721e+34	1.766182620059667e+35	5.4728856593639506e+35	1.602252722016409e+36	1.7112507069362006e+37	1.1759218844744832e+39	4.13058549383216e+39	1.105888244784072e+40	4.1114709394493855e+35	2.536906267241823e+36	1.7112507069362006e+37	8.084761601727315e+37
1368544.9813969878	1.903963314280509e+40	3.311731202280813e+34	1.240952271838215e+35	3.868913353525773e+35	9.053308023649102e+35	7.511949547035488e+36	6.7418590300039905e+38	2.6822189956527985e+39	8.172899158578479e+39	2.962130385357472e+35	1.3000799133510436e+36	7.511949547035488e+36	3.7641870264663105e+37
1436934.9925739535	1.5808758552239453e+40	2.129570523517711e+34	8.601173000640816e+34	2.8030562510831183e+35	5.824527091957001e+35	3.364706352429417e+36	3.7250918199303014e+38	1.691369489877739e+39	5.916361210030905e+39	2.1430729788592264e+35	7.659628294014824e+35	3.364706352429417e+36	1.6939954233911026e+37
1508748.342406724	1.3120060373438631e+40	1.3441583376612938e+34	5.873129160541525e+34	2.0367626880660924e+35	4.080239963230411e+35	1.6252067003919933e+36	1.9799015723822228e+38	1.0337156302863999e+39	4.188761762014003e+39	1.5402869285580832e+35	5.089959381359814e+35	1.6252067003919933e+36	7.484313499935847e+36
1584156.7868731522	1.0883929356281225e+40	8.321395687245279e+33	3.9473782047241756e+34	1.4695636773063212e+35	2.971963977710652e+35	8.930121294569712e+35	1.0108834934213756e+38	6.1111466798786395e+38	2.8958711885766867e+39	1.094667049340244e+35	3.6318924377112184e+35	8.930121294569712e+35	3.3529517033470845e+36
1663340.7111749898	9.025260868662003e+39	5.0487688322995933e+33	2.609452715919705e+34	1.0484188916167148e+35	2.1872403795208072e+35	5.640462936701935e+35	4.956657414588445e+37	3.487780585483835e+38	1.951717020801681e+39	7.676889190319684e+34	2.66824070334493e+35	5.640462936701935e+35	1.6059539264049145e+36
1746489.563051082	7.481174581333272e+39	2.999600209855609e+33	1.6954166172167726e+34	7.381741877218351e+34	1.6041604324228094e+35	3.939384286567264e+35	2.33900646237586e+37	1.9181147844723323e+38	1.2801236319889023e+39	5.306786013259144e+34	1.970929769606773e+35	3.939384286567264e+35	8.701156971140094e+35
1833802.3078363182	6.199077773689144e+39	1.74366199222457e+33	1.0818600258178757e+34	5.12398352925023e+34	1.1655565982823444e+35	2.8945579984421286e+35	1.0699494262847137e+37	1.0149168356748872e+38	8.156659633105016e+38	3.613058262329494e+34	1.4478737331273929e+35	2.8945579984421286e+35	5.4343602543043365e+35
1925487.906359263	5.135023785492701e+39	9.908340312437333e+32	6.774962895919771e+33	3.503850065781081e+34	8.368806669777486e+34	2.1632680891990452e+35	4.8273683988171986e+36	5.162611474314162e+37	5.039720792474516e+38	2.4210581314657084e+34	1.0529584708238286e+35	2.1632680891990452e+35	3.784268684974385e+35
2021765.8168263226	4.252323221667985e+39	5.498985240328115e+32	4.160524433449667e+33	2.3586661688194917e+34	5.930614880767719e+34	1.6167621453166965e+35	2.223614046868207e+36	2.526670122110846e+37	3.013949114209227e+38	1.5955732277376897e+34	7.565657637773194e+34	1.6167621453166965e+35	2.793184998995575e+35
2122866.521897951	3.520371030263058e+39	2.9777872964249277e+32	2.5035029515912025e+33	1.5619533627662143e+34	4.1446307803797384e+34	1.199504996915672e+35	1.1033102403046384e+36	1.1948650493858504e+37	1.7414926906621733e+38	1.0334736226628776e+34	5.365084926021067e+34	1.199504996915672e+35	2.1065529410475953e+35
2229032.0822229907	2.9136574910237334e+39	1.5718167993065714e+32	1.4748535160852153e+33	1.0168172110666159e+34	2.854418906295026e+34	8.807436102318449e+34	6.2137814115600115e+35	5.521676337217034e+36	9.706370190141137e+37	6.574088714108394e+33	3.7520601097908105e+34	8.807436102318449e+34	1.592671318460833e+35
2340516.7177608414	2.4109355345879972e+39	8.07893648809958e+31	8.499227282683384e+32	6.502438664768489e+33	1.9359818596626587e+34	6.391047592222067e+34	4.019088769518066e+35	2.5544893068413563e+36	5.212105850497089e+37	4.103919932639342e+33	2.5860064004699835e+34	6.391047592222067e+34	1.1970882420921302e+35
2457587.418287983	1.9945206616847677e+39	4.0390054061201787e+31	4.786902931587647e+32	4.081736854803887e+33	1.292231672388431e+34	4.579262986132029e+34	2.8792150401610053e+35	1.2347934062233433e+36	2.6956104718040246e+37	2.5121947792941724e+33	1.755353144267523e+34	4.579262986132029e+34	8.913780383866501e+34
2580524.5845555416	1.6497031190787058e+39	1.9618297193875652e+31	2.6325313703077754e+32	2.5131389104284817e+33	8.482677825866379e+33	3.237564571621476e+34	2.1765611505413836e+35	6.588793757628698e+35	1.3448960353728574e+37	1.5067879313839368e+33	1.1726800158498584e+34	3.237564571621476e+34	6.565288151125709e+34
2709622.701638344	1.3642549361567148e+39	9.246679541799327e+30	1.412270882750126e+32	1.516518788080641e+33	5.472298758400336e+33	2.2571278406215616e+34	1.678759715588077e+35	4.023503394832618e+35	6.509042929994414e+36	8.847833159778224e+32	7.705016742521313e+33	2.2571278406215616e+34	4.778708534867185e+34
2845191.0460933256	1.1280169873297302e+39	4.2236577539187514e+30	7.383298653029305e+31	8.961579630943199e+32	3.466837189558651e+33	1.5506898332969916e+34	1.2984679463535231e+35	2.7783298188960685e+35	3.0965727445372653e+36	5.082019342991542e+32	4.975518301678359e+33	1.5506898332969916e+34	3.435024766822085e+34
2987554.4286265387	9.325534612798935e+38	1.8671458445197784e+30	3.7576126048079407e+31	5.1815533304893425e+32	2.1552494771220338e+33	1.0491481487227607e+34	9.995526175685298e+34	2.075193183214068e+35	1.4868556139336613e+36	2.852756328823123e+32	3.155420883675021e+33	1.0491481487227607e+34	2.436870087382617e+34
3137053.9740534797	7.70863023155893e+38	7.976778384831336e+29	1.8596031951112997e+31	2.92882430441757e+32	1.3137897767467338e+33	6.985507208984749e+33	7.63361007216432e+34	1.6082803360029328e+35	7.524517748682884e+35	1.5635816720309237e+32	1.963835457769004e+33	6.985507208984749e+33	1.705067186309251e+34
3294047.9404272833	6.37137596267037e+38	3.288308465492325e+29	8.938548491365314e+30	1.6169205419665587e+32	7.846418227118481e+32	4.574121724709602e+33	5.775252415157161e+34	1.2613445314659628e+35	4.218593511363625e+35	8.359592214808433e+31	1.1985236277805213e+33	4.574121724709602e+33	1.1759197642344358e+34
3458912.579303691	5.2656108892733e+38	1.305900348950749e+29	4.167883243406136e+30	8.710301396763687e+31	4.5874931278009506e+32	2.94345901827254e+33	4.324713103186507e+34	9.891547357520925e+34	2.6895790210988644e+35	4.355318772798297e+31	7.166975990252845e+32	2.94345901827254e+33	7.988338169362514e+33
3632043.0392108997	4.351415913957413e+38	4.987648970926684e+28	1.882775935485384e+30	4.5739908405210445e+31	2.6234086733432587e+32	1.860083290661607e+33	3.2033164632750354e+34	7.716227952592834e+34	1.9159443717690934e+35	2.208846182200768e+31	4.195807681992651e+32	1.860083290661607e+33	5.341796318814666e+33
3813854.3144966015	3.59571584743043e+38	1.8287035144412933e+28	8.228405156640848e+29	2.3389590860160876e+31	1.4660767532125146e+32	1.1534677326183701e+33	2.345480576942082e+34	5.974262599232294e+34	1.4625848576135138e+35	1.0892768036076544e+31	2.40278495087602e+32	1.1534677326183701e+33	3.513769046841895e+33
4004782.241834109	2.971115706439968e+38	6.424245694726412e+27	3.474006819677251e+29	1.163429308524128e+31	7.99918103785723e+31	7.013614251801933e+32	1.696643283996464e+34	4.58579456564526e+34	1.153589817553381e+35	5.217097978417267e+30	1.3447735421643872e+32	7.013614251801933e+32	2.2720069836705717e+33
