#t	Le	U	B	V	R	I	J	H	K	g	r	i	z
#----------------------------------------------- 
3.7652155130543496	0.0	0.0	0.0	0.0	0.0	0.0	0.0	0.0	0.0	0.0	0.0	0.0	0.0
3.899421307733404	0.0	0.0	0.0	0.0	0.0	0.0	0.0	0.0	0.0	0.0	0.0	0.0	0.0
4.291601194023892	0.0	0.0	0.0	0.0	0.0	0.0	0.0	0.0	0.0	0.0	0.0	0.0	0.0
4.737428703044176	0.0	0.0	0.0	0.0	0.0	0.0	0.0	0.0	0.0	0.0	0.0	0.0	0.0
5.236516414849444	0.0	0.0	0.0	0.0	0.0	0.0	0.0	0.0	0.0	0.0	0.0	0.0	0.0
5.793889317008105	0.0	0.0	0.0	0.0	0.0	0.0	0.0	0.0	0.0	0.0	0.0	0.0	0.0
6.4151534172832365	0.0	0.0	0.0	0.0	0.0	0.0	0.0	0.0	0.0	0.0	0.0	0.0	0.0
7.1062677625689545	0.0	0.0	0.0	0.0	0.0	0.0	0.0	0.0	0.0	0.0	0.0	0.0	0.0
7.873486766621126	0.0	0.0	0.0	0.0	0.0	0.0	0.0	0.0	0.0	0.0	0.0	0.0	0.0
8.723320366163344	0.0	0.0	0.0	0.0	0.0	0.0	0.0	0.0	0.0	0.0	0.0	0.0	0.0
9.66249115363265	0.0	0.0	0.0	0.0	0.0	0.0	0.0	0.0	0.0	0.0	0.0	0.0	0.0
10.697884312364769	0.0	0.0	0.0	0.0	0.0	0.0	0.0	0.0	0.0	0.0	0.0	0.0	0.0
11.83649040650612	0.0	0.0	0.0	0.0	0.0	0.0	0.0	0.0	0.0	0.0	0.0	0.0	0.0
13.08534298579603	0.0	0.0	0.0	0.0	0.0	0.0	0.0	0.0	0.0	0.0	0.0	0.0	0.0
14.451454077331897	0.0	0.0	0.0	0.0	0.0	0.0	0.0	0.0	0.0	0.0	0.0	0.0	0.0
15.941751192725436	0.0	0.0	0.0	0.0	0.0	0.0	0.0	0.0	0.0	0.0	0.0	0.0	0.0
17.56301952007966	0.0	0.0	0.0	0.0	0.0	0.0	0.0	0.0	0.0	0.0	0.0	0.0	0.0
19.321852545560773	0.0	0.0	0.0	0.0	0.0	0.0	0.0	0.0	0.0	0.0	0.0	0.0	0.0
21.22461356209174	0.0	0.0	0.0	0.0	0.0	0.0	0.0	0.0	0.0	0.0	0.0	0.0	0.0
23.277409516755455	0.0	0.0	0.0	0.0	0.0	0.0	0.0	0.0	0.0	0.0	0.0	0.0	0.0
25.486077581166214	0.0	0.0	0.0	0.0	0.0	0.0	0.0	0.0	0.0	0.0	0.0	0.0	0.0
27.856183850015057	0.0	0.0	0.0	0.0	0.0	0.0	0.0	0.0	0.0	0.0	0.0	0.0	0.0
30.393032792446014	0.0	0.0	0.0	0.0	0.0	0.0	0.0	0.0	0.0	0.0	0.0	0.0	0.0
33.101685557695	0.0	0.0	0.0	0.0	0.0	0.0	0.0	0.0	0.0	0.0	0.0	0.0	0.0
35.986984985818374	0.0	0.0	0.0	0.0	0.0	0.0	0.0	0.0	0.0	0.0	0.0	0.0	0.0
39.05358516111547	0.0	0.0	0.0	0.0	0.0	0.0	0.0	0.0	0.0	0.0	0.0	0.0	0.0
42.305983518733015	0.0	0.0	0.0	0.0	0.0	0.0	0.0	0.0	0.0	0.0	0.0	0.0	0.0
45.74855380689607	0.0	0.0	0.0	0.0	0.0	0.0	0.0	0.0	0.0	0.0	0.0	0.0	0.0
49.38557855590934	0.0	0.0	0.0	0.0	0.0	0.0	0.0	0.0	0.0	0.0	0.0	0.0	0.0
53.22128006311337	0.0	0.0	0.0	0.0	0.0	0.0	0.0	0.0	0.0	0.0	0.0	0.0	0.0
57.259849231825775	0.0	0.0	0.0	0.0	0.0	0.0	0.0	0.0	0.0	0.0	0.0	0.0	0.0
61.50547188352274	0.0	0.0	0.0	0.0	0.0	0.0	0.0	0.0	0.0	0.0	0.0	0.0	0.0
65.96235238730922	0.0	0.0	0.0	0.0	0.0	0.0	0.0	0.0	0.0	0.0	0.0	0.0	0.0
70.63473461824546	0.0	0.0	0.0	0.0	0.0	0.0	0.0	0.0	0.0	0.0	0.0	0.0	0.0
75.52692037327552	0.0	0.0	0.0	0.0	0.0	0.0	0.0	0.0	0.0	0.0	0.0	0.0	0.0
80.64328544811049	0.0	0.0	0.0	0.0	0.0	0.0	0.0	0.0	0.0	0.0	0.0	0.0	0.0
85.98829361885275	0.0	0.0	0.0	0.0	0.0	0.0	0.0	0.0	0.0	0.0	0.0	0.0	0.0
91.56650878900525	0.0	0.0	0.0	0.0	0.0	0.0	0.0	0.0	0.0	0.0	0.0	0.0	0.0
97.38260556021561	0.0	0.0	0.0	0.0	0.0	0.0	0.0	0.0	0.0	0.0	0.0	0.0	0.0
103.44137847353004	0.0	0.0	0.0	0.0	0.0	0.0	0.0	0.0	0.0	0.0	0.0	0.0	0.0
109.74775014791092	0.0	0.0	0.0	0.0	0.0	0.0	0.0	0.0	0.0	0.0	0.0	0.0	0.0
116.30677852065614	0.0	0.0	0.0	0.0	0.0	0.0	0.0	0.0	0.0	0.0	0.0	0.0	0.0
123.12366337083883	0.0	0.0	0.0	0.0	0.0	0.0	0.0	0.0	0.0	0.0	0.0	0.0	0.0
130.20375228569665	0.0	0.0	0.0	0.0	0.0	0.0	0.0	0.0	0.0	0.0	0.0	0.0	0.0
137.55254622953697	0.0	0.0	0.0	0.0	0.0	0.0	0.0	0.0	0.0	0.0	0.0	0.0	0.0
145.17570475568564	0.0	0.0	0.0	0.0	0.0	0.0	0.0	0.0	0.0	0.0	0.0	0.0	0.0
153.07905106108296	0.0	0.0	0.0	0.0	0.0	0.0	0.0	0.0	0.0	0.0	0.0	0.0	0.0
161.26857690208436	0.0	0.0	0.0	0.0	0.0	0.0	0.0	0.0	0.0	0.0	0.0	0.0	0.0
169.75044745955648	0.0	0.0	0.0	0.0	0.0	0.0	0.0	0.0	0.0	0.0	0.0	0.0	0.0
178.53100620428543	0.0	0.0	0.0	0.0	0.0	0.0	0.0	0.0	0.0	0.0	0.0	0.0	0.0
187.61677982020677	0.0	0.0	0.0	0.0	0.0	0.0	0.0	0.0	0.0	0.0	0.0	0.0	0.0
197.01448322667744	0.0	0.0	0.0	0.0	0.0	0.0	0.0	0.0	0.0	0.0	0.0	0.0	0.0
206.73102473625852	0.0	0.0	0.0	0.0	0.0	0.0	0.0	0.0	0.0	0.0	0.0	0.0	0.0
216.77351136281098	0.0	0.0	0.0	0.0	0.0	0.0	0.0	0.0	0.0	0.0	0.0	0.0	0.0
227.14925428637386	0.0	0.0	0.0	0.0	0.0	0.0	0.0	0.0	0.0	0.0	0.0	0.0	0.0
237.86577462846063	0.0	0.0	0.0	0.0	0.0	0.0	0.0	0.0	0.0	0.0	0.0	0.0	0.0
248.93080945022547	0.0	0.0	0.0	0.0	0.0	0.0	0.0	0.0	0.0	0.0	0.0	0.0	0.0
260.35231797155336	0.0	0.0	0.0	0.0	0.0	0.0	0.0	0.0	0.0	0.0	0.0	0.0	0.0
272.13848815722497	0.0	0.0	0.0	0.0	0.0	0.0	0.0	0.0	0.0	0.0	0.0	0.0	0.0
284.29774356911	0.0	0.0	0.0	0.0	0.0	0.0	0.0	0.0	0.0	0.0	0.0	0.0	0.0
296.8387505343857	0.0	0.0	0.0	0.0	0.0	0.0	0.0	0.0	0.0	0.0	0.0	0.0	0.0
309.7704256216786	0.0	0.0	0.0	0.0	0.0	0.0	0.0	0.0	0.0	0.0	0.0	0.0	0.0
323.10194350623686	0.0	0.0	0.0	0.0	0.0	0.0	0.0	0.0	0.0	0.0	0.0	0.0	0.0
336.8427452125182	0.0	0.0	0.0	0.0	0.0	0.0	0.0	0.0	0.0	0.0	0.0	0.0	0.0
351.0025467310166	0.0	0.0	0.0	0.0	0.0	0.0	0.0	0.0	0.0	0.0	0.0	0.0	0.0
365.59134804074745	0.0	0.0	0.0	0.0	0.0	0.0	0.0	0.0	0.0	0.0	0.0	0.0	0.0
380.61944254397713	0.0	0.0	0.0	0.0	0.0	0.0	0.0	0.0	0.0	0.0	0.0	0.0	0.0
396.097426974585	0.0	0.0	0.0	0.0	0.0	0.0	0.0	0.0	0.0	0.0	0.0	0.0	0.0
412.03621173075237	0.0	0.0	0.0	0.0	0.0	0.0	0.0	0.0	0.0	0.0	0.0	0.0	0.0
428.44703173054853	0.0	0.0	0.0	0.0	0.0	0.0	0.0	0.0	0.0	0.0	0.0	0.0	0.0
445.34145777471076	0.0	0.0	0.0	0.0	0.0	0.0	0.0	0.0	0.0	0.0	0.0	0.0	0.0
462.73140846441055	0.0	0.0	0.0	0.0	0.0	0.0	0.0	0.0	0.0	0.0	0.0	0.0	0.0
480.6291626700144	0.0	0.0	0.0	0.0	0.0	0.0	0.0	0.0	0.0	0.0	0.0	0.0	0.0
499.04737258892794	0.0	0.0	0.0	0.0	0.0	0.0	0.0	0.0	0.0	0.0	0.0	0.0	0.0
517.9990774276856	0.0	0.0	0.0	0.0	0.0	0.0	0.0	0.0	0.0	0.0	0.0	0.0	0.0
537.4977176751237	0.0	0.0	0.0	0.0	0.0	0.0	0.0	0.0	0.0	0.0	0.0	0.0	0.0
557.5571501361769	0.0	0.0	0.0	0.0	0.0	0.0	0.0	0.0	0.0	0.0	0.0	0.0	0.0
578.1916636476515	0.0	0.0	0.0	0.0	0.0	0.0	0.0	0.0	0.0	0.0	0.0	0.0	0.0
599.4159955789708	0.0	0.0	0.0	0.0	0.0	0.0	0.0	0.0	0.0	0.0	0.0	0.0	0.0
621.2453490952405	0.0	0.0	0.0	0.0	0.0	0.0	0.0	0.0	0.0	0.0	0.0	0.0	0.0
643.6954113323733	0.0	0.0	0.0	0.0	0.0	0.0	0.0	0.0	0.0	0.0	0.0	0.0	0.0
666.7823724362312	0.0	0.0	0.0	0.0	0.0	0.0	0.0	0.0	0.0	0.0	0.0	0.0	0.0
690.5229454904019	0.0	0.0	0.0	0.0	0.0	0.0	0.0	0.0	0.0	0.0	0.0	0.0	0.0
714.9343874606886	0.0	0.0	0.0	0.0	0.0	0.0	0.0	0.0	0.0	0.0	0.0	0.0	0.0
740.034521220024	0.0	0.0	0.0	0.0	0.0	0.0	0.0	0.0	0.0	0.0	0.0	0.0	0.0
765.8417586063802	0.0	0.0	0.0	0.0	0.0	0.0	0.0	0.0	0.0	0.0	0.0	0.0	0.0
792.3751246648407	0.0	0.0	0.0	0.0	0.0	0.0	0.0	0.0	0.0	0.0	0.0	0.0	0.0
819.6542830228049	0.0	0.0	0.0	0.0	0.0	0.0	0.0	0.0	0.0	0.0	0.0	0.0	0.0
847.6995626549407	0.0	0.0	0.0	0.0	0.0	0.0	0.0	0.0	0.0	0.0	0.0	0.0	0.0
876.5319861211447	0.0	0.0	0.0	0.0	0.0	0.0	0.0	0.0	0.0	0.0	0.0	0.0	0.0
906.1732991026342	1.1517549755594842e+30	7.429779397686833e+26	4.133355928762838e+26	2.1460695558579776e+26	1.3727611029468387e+26	7.3653180212379985e+25	1.841639301478118e+25	9.040224036896266e+24	3.402334130299115e+24	2.5311811863218965e+26	1.1990579086945753e+26	7.3653180212379985e+25	4.8434979459889496e+25
936.6460015964402	6.292869143987414e+30	4.3460045474760676e+27	2.4186979014154084e+27	1.2562305618644777e+27	8.037157792683205e+26	4.313140735622526e+26	1.0788376870109072e+26	5.296436306770304e+25	1.993591687150217e+25	1.481545684214231e+27	7.020532357990467e+26	4.313140735622526e+26	2.83670533121289e+26
967.9733807826369	5.841608954190803e+31	4.155419214900288e+28	2.3130172821122273e+28	1.2015208585213793e+28	7.687773826863389e+27	4.1260400538906473e+27	1.0321950834404517e+27	5.0677222539123994e+26	1.9076090376368986e+26	1.4169747983136752e+28	6.715494632273781e+27	4.1260400538906473e+27	2.7137972136398517e+27
1000.1795456433663	4.6296934913100516e+32	3.300408289108625e+29	1.837117471719504e+29	9.543199917051028e+28	6.106128034491811e+28	3.27719097117217e+28	8.198508217447099e+27	4.02520067437072e+27	1.515185614237119e+27	1.1254436685992563e+29	5.333889621359178e+28	3.27719097117217e+28	2.155496803854114e+28
1033.289463313851	2.863757715021566e+33	2.2095940039015795e+30	1.2304960726279625e+30	6.394612853529992e+29	4.0924647842827445e+29	2.1970240117826465e+29	5.498546635424547e+28	2.7000045070621643e+28	1.0165030007966152e+28	7.540554978952003e+29	3.575115005281416e+29	2.1970240117826465e+29	1.4452543283793957e+29
1067.3289975481518	1.6019605453863364e+34	1.309553568943945e+31	7.295241917782987e+30	3.792330893762146e+30	2.4274534174951186e+30	1.3034251980829562e+30	3.263126990490723e+29	1.6025011789358997e+29	6.033812789247936e+28	4.471619192420183e+30	2.1206849135346318e+30	1.3034251980829562e+30	8.575182649057666e+29
1102.3249490577111	7.704664768075495e+34	6.821414045042147e+31	3.8019071202260357e+31	1.9772233263053518e+31	1.2659168891261786e+31	6.799254180028428e+30	1.7029422987127887e+30	8.364346031360528e+29	3.1498889754653196e+29	2.331155038216393e+31	1.1060098894130149e+31	6.799254180028428e+30	4.4738994040356087e+30
1138.3050982520263	3.357117549236412e+35	3.188511001001522e+32	1.7778933988151976e+32	9.249746134428306e+31	5.923441473669962e+31	3.182288467212304e+31	7.973532752259758e+30	3.9169140898699956e+30	1.4752662432947123e+30	1.0904510945555013e+32	5.175517383096885e+31	3.182288467212304e+31	2.094236380423006e+31
1175.2982502985503	1.3021895055581137e+36	1.3388183728795938e+33	7.468972340234572e+32	3.887604735639226e+32	2.490212551019568e+32	1.3382237731645852e+32	3.3545955369930165e+31	1.648179131749711e+31	6.20874676393521e+30	4.58261276747875e+32	2.175935836113763e+32	1.3382237731645852e+32	8.808174512990947e+31
1213.3342826377377	4.6175980097636813e+36	5.1144132253016135e+33	2.854624733362814e+33	1.4864859858866264e+33	9.52404524190968e+32	5.119603804896178e+32	1.2839293785331816e+32	6.309194717621856e+31	2.3770817987895406e+31	1.75205639303576e+33	8.322620646080527e+32	5.119603804896178e+32	3.370250037354315e+32
1252.4441950396692	1.48759899691762e+37	1.783301803536528e+34	9.95891901781432e+33	5.1883873839295796e+33	3.3251349754618416e+33	1.7879616518795662e+33	4.486155610706531e+32	2.204865187402176e+32	8.308630537188025e+31	6.114652206502168e+33	2.9058929929959183e+33	1.7879616518795662e+33	1.1772235949084861e+33
1292.6755763588212	4.429735212953637e+37	5.730675223015134e+34	3.2020297747870674e+34	1.6689840532226416e+34	1.0699027711621647e+34	5.754744679376397e+33	1.444613326978043e+33	7.101229313594107e+32	2.6764394779353904e+32	1.9667269480396073e+34	9.350741705538675e+33	5.754744679376397e+33	3.7896677032284224e+33
1334.0611280530711	1.216615104804533e+38	1.7032114185852803e+35	9.522170794477331e+34	4.965731684709008e+34	3.184185087096582e+34	1.7132538470264824e+34	4.302992345005406e+33	2.1155905011519445e+33	7.975116268419872e+32	5.850924220220807e+34	2.783130393476352e+34	1.7132538470264824e+34	1.1284336562006248e+34
1376.634899980891	3.1186154864981054e+38	4.715185937866924e+35	2.637637462133248e+35	1.3762068044035128e+35	8.827183059195657e+34	4.751029204161457e+34	1.193879722199506e+34	5.870849705419377e+33	2.2135438864465128e+33	1.6213399217994866e+35	7.7159784074527525e+34	4.751029204161457e+34	3.1298355728298596e+34
1420.4323498656745	7.45880484238033e+38	1.2200804758833212e+36	6.829155468372793e+35	3.565075510857482e+35	2.2873735855781894e+35	1.2315508629350261e+35	3.0964284576361287e+34	1.5229475655579552e+34	5.743255843929648e+33	4.199577022326037e+35	1.9995919326001793e+35	1.2315508629350261e+35	8.11465163866893e+34
1465.4904067720274	1.679487249684511e+39	2.9678269828780675e+36	1.6621961307546606e+36	8.681997555603228e+35	5.572105616074481e+35	3.0011370691929736e+35	7.5497528912787545e+34	3.713992122500847e+34	1.4008804305545058e+34	1.0225918943597318e+36	4.8714627781605994e+35	3.0011370691929736e+35	1.9778252644265153e+35
1511.8475390057768	3.561816729769978e+39	6.807680958127089e+36	3.815227154868116e+36	1.9939044849711465e+36	1.280092584148744e+36	6.897092308647595e+35	1.7360490509838153e+35	8.541976849733827e+34	3.2226213396633834e+34	2.3481747250233412e+36	1.1192287208910488e+36	6.897092308647595e+35	4.546283837270734e+35
1559.5438260784686	7.164538806315803e+39	1.47948367407752e+37	8.29685397880421e+36	4.338582993247212e+36	2.786278093627109e+36	1.5017918662519435e+36	3.782322520019905e+35	1.861420280094672e+35	7.024048195986338e+34	5.1087710384024334e+36	2.436351396019605e+36	1.5017918662519435e+36	9.901250257721973e+35
1608.6210353222382	1.3676349310924945e+40	3.054327755693237e+37	1.7140100504461884e+37	8.968282042778479e+36	5.761444350933622e+36	3.106591951281173e+36	7.828827117098155e+35	3.853682017287264e+35	1.4545041960156477e+35	1.0558877675465277e+37	5.0383285116879767e+36	3.106591951281173e+36	2.0486045720665278e+36
1659.12270873719	2.490747693794287e+40	6.012161086398791e+37	3.376210479688656e+37	1.7676355016962304e+37	1.135961532006967e+37	6.12756187640179e+36	1.5451462573183972e+36	7.607536738551887e+35	2.8719790386869668e+35	2.0808455481391664e+37	9.934802849715762e+36	6.12756187640179e+36	4.04163703085166e+36
1711.094266844976	4.328518108760422e+40	1.1306168517723734e+38	6.353744234322687e+37	3.328685255265394e+37	2.1399289268766805e+37	1.1547888597987504e+37	2.913843618658624e+36	1.43496180952175e+36	5.4185129764227906e+35	3.9179206155047556e+37	1.8717048835711178e+37	1.1547888597987504e+37	7.61854909101056e+36
1764.5830604324617	7.203949238839366e+40	2.03670853277464e+38	1.1454325560271e+38	6.004847432862898e+37	3.8617986576470335e+37	2.0848657929452092e+37	5.2642075193732296e+36	2.5930450715277446e+36	9.793903335403296e+35	7.066729067610872e+37	3.3780921384424118e+37	2.0848657929452092e+37	1.3757871541214428e+37
1819.6384893644597	1.1472922653321331e+41	3.5183963434550155e+38	1.9803020145243644e+38	1.0388926100510725e+38	6.683884333655162e+37	3.610053387626733e+37	9.12172402057291e+36	4.4943096523667816e+36	1.6979344022244128e+36	1.2224095062443901e+38	5.847324992464996e+37	3.610053387626733e+37	2.382848023779723e+37
1876.312109816467	1.7513251482972995e+41	5.8371431146690264e+38	3.288161794461286e+38	1.7263025170955357e+38	1.1111062580601383e+38	6.004097511052536e+37	1.5182279098613057e+37	7.482352963627245e+36	2.8275780043386984e+36	2.0308998477482837e+38	9.721493824008253e+37	6.004097511052536e+37	3.964115248595115e+37
1934.6577451539313	2.556514230519267e+41	9.300277968235781e+38	5.243811576325339e+38	2.755266634057278e+38	1.7741830786519184e+38	9.592150846654967e+37	2.42750023197131e+37	1.1967007181546007e+37	4.5236667067417385e+36	3.24081536870256e+38	1.5524914234589267e+38	9.592150846654967e+37	6.334908705050178e+37
1994.731604856696	3.56723518796651e+41	1.4234173155401387e+39	8.033774760858808e+38	4.224958724054914e+38	2.7218982534492845e+38	1.4724348254554935e+38	3.729636877885538e+37	1.8392024297574852e+37	6.954648607983454e+36	4.968491207745388e+38	2.38210585174402e+38	1.4724348254554935e+38	9.727428960115847e+37
2056.592412457033	5.1395649291911266e+41	2.140710227612036e+39	1.2087966843590348e+39	6.3597515585338674e+38	4.098187394089548e+38	2.21755028949529e+38	5.619378843647424e+37	2.7715095049909894e+37	1.0481633213371595e+37	7.478250157255022e+38	3.586813514526059e+38	2.21755028949529e+38	1.4652138167124744e+38
2120.301542288146	7.55543810669201e+41	3.152968597215267e+39	1.7804267010080596e+39	9.36739905693011e+38	6.036360184386004e+38	3.2663441062472008e+38	8.277225978747843e+37	4.082401462502308e+37	1.5439428323003946e+37	1.1014810198414913e+39	5.283154894647392e+38	3.2663441062472008e+38	2.1582031510899545e+38
2185.923164910565	9.520802611501835e+41	4.3217975175946875e+39	2.4427991653105585e+39	1.2863327071174408e+39	8.293068493532909e+38	4.4899184392859366e+38	1.138760115474211e+38	5.618159202413318e+37	2.1254169412797613e+37	1.5122594833688424e+39	7.259211227691798e+38	4.4899184392859366e+38	2.967568244472022e+38
2253.5244032562405	1.1655948471167788e+42	5.718709080854016e+39	3.2353511540073793e+39	1.7050644129210163e+39	1.099763098678474e+39	5.95727832613282e+38	1.512151915033689e+38	7.462459844948683e+37	2.8239720447874693e+37	2.0041612963674593e+39	9.627792947960619e+38	5.95727832613282e+38	3.938546173408443e+38
2323.175499205193	1.315959689341072e+42	7.19619896065751e+39	4.07668191092116e+39	2.150993392197711e+39	1.388295864782005e+39	7.525883439655336e+38	1.9125692782354187e+38	9.442442777849837e+37	3.5747722287757737e+37	2.5276293267360188e+39	1.2155897092858018e+39	7.525883439655336e+38	4.97768823230906e+38
2394.9499914535454	1.4447407501691306e+42	8.755018187967696e+39	4.9663190394566696e+39	2.623456263302504e+39	1.6943298541139812e+39	9.191705097052462e+38	2.3386288389408004e+38	1.1550656539146129e+38	4.374755415065406e+37	3.081995147360642e+39	1.48381373645406e+39	9.191705097052462e+38	6.081995914132764e+38
2468.92490716659	1.4852244826975147e+42	1.0198680938934709e+40	5.795009969589408e+39	3.065773933760702e+39	1.9816309272810782e+39	1.076049159513663e+39	2.741834396851038e+38	1.3549192706188453e+38	5.134445404114796e+37	3.6003943325146066e+39	1.7358077874604476e+39	1.076049159513663e+39	7.123792615745153e+38
2545.1809665088217	1.4989487574226568e+42	1.156475469031016e+40	6.582108367728743e+39	3.48726284582242e+39	2.2558925896206078e+39	1.2261123917029961e+39	3.12873824770753e+38	1.5469033582152415e+38	5.865040652631327e+37	4.094015356113458e+39	1.976481130747148e+39	1.2261123917029961e+39	8.121450715391767e+38
2623.8028023394354	1.442744037877622e+42	1.26939301879883e+40	7.239008229243554e+39	3.841950353920115e+39	2.4877252520307422e+39	1.3536053054873424e+39	3.460015463855457e+38	1.7117283421103972e+38	6.494003571792008e+37	4.5086248373535013e+39	2.180167793473296e+39	1.3536053054873424e+39	8.971423274695396e+38
2704.879195450881	1.3853212709345937e+42	1.3725985966457763e+40	7.842267760103726e+39	4.1690029780589224e+39	2.7019672070592654e+39	1.4717180930265377e+39	3.76809112200185e+38	1.8652116683314798e+38	7.080473147113069e+37	4.8905784091354214e+39	2.368511169371611e+39	1.4717180930265377e+39	9.759938072788234e+38
2788.5033258464982	1.2933527920551478e+42	1.4567026635773994e+40	8.340611960749544e+39	4.4422784816710296e+39	2.8820770414015514e+39	1.5716921081591308e+39	4.0315485572210674e+38	1.9969280620927955e+38	7.585560964676319e+37	5.2089089133507257e+39	2.5271070039127638e+39	1.5716921081591308e+39	1.0429839655557271e+39
2874.7730434386085	1.2220198897032007e+42	1.542736835267724e+40	8.850990152958305e+39	4.722448323439824e+39	3.066839968693581e+39	1.6743189612068005e+39	4.3022881757324564e+38	2.13233675889301e+38	8.1050109764036125e+37	5.535191110215357e+39	2.6898263736077993e+39	1.6743189612068005e+39	1.1117780077414975e+39
2963.79115768857	1.1389158782475267e+42	1.6233296182387399e+40	9.334417179852639e+39	4.9902673206409316e+39	3.244317079309307e+39	1.773430507664454e+39	4.56586539373242e+38	2.2645234951663954e+38	8.613497294196608e+37	5.846450217815938e+39	2.8463312697141396e+39	1.773430507664454e+39	1.1784094573873098e+39
3055.6657496937505	1.0812608426828323e+42	1.7193366543210738e+40	9.907753128223429e+39	5.30678251059978e+39	3.453687199223943e+39	1.8901257499138944e+39	4.875335916231264e+38	2.4195829542305923e+38	9.209422664392584e+37	6.214588546980848e+39	3.0308733970372545e+39	1.8901257499138944e+39	1.2567814775518074e+39
3150.5104146400986	1.1304337851287467e+42	1.8708023016879776e+40	1.0793682148493731e+40	5.78750095781425e+39	3.7687774805997735e+39	2.0639704631832754e+39	5.329405691010192e+38	2.6459217483193934e+38	1.007477483093443e+38	6.775878192262238e+39	3.3079222294644884e+39	2.0639704631832754e+39	1.3728936285801925e+39
3248.445505056256	1.42578923247875e+42	2.1993662206872233e+40	1.2666386586949857e+40	6.78081090453036e+39	4.41172081382588e+39	2.4136403186475288e+39	6.22248045542441e+38	3.0876026403581944e+38	1.1749875864658715e+38	7.941721588599236e+39	3.8713179054321997e+39	2.4136403186475288e+39	1.6045828215207643e+39
3349.8969073343496	1.3832656608844053e+42	2.3647218563236313e+40	1.3647307784647546e+40	7.319402837093371e+39	4.766978508865418e+39	2.611029111799008e+39	6.743529317028397e+38	3.3482670719673716e+38	1.2750101752351224e+38	8.568915679395452e+39	4.184211473013228e+39	2.611029111799008e+39	1.7369252247843386e+39
3454.9779239280347	1.3707833071696248e+42	2.5650740898553505e+40	1.4832714472724306e+40	7.968891731050764e+39	5.194912771231075e+39	2.848513010341169e+39	7.369316869165071e+38	3.661145912243104e+38	1.3949985526187055e+38	9.32560595503307e+39	4.561005499943797e+39	2.848513010341169e+39	1.8960477967328224e+39
3563.781868384105	1.333142099029055e+42	2.7719096596609023e+40	1.606604574886248e+40	8.649078738333448e+39	5.644647509632608e+39	3.099074757811839e+39	8.033484154927575e+38	3.993886475040812e+38	1.5228653513904839e+38	1.0116893431311465e+40	4.9573664067985024e+39	3.099074757811839e+39	2.0642918596740442e+39
3676.4681811067253	1.2799028165895985e+42	2.973153948618586e+40	1.7280048902206053e+40	9.32513126084598e+39	6.0939648403132e+39	3.350848688590038e+39	8.706666024922064e+38	4.332139589708147e+38	1.6532382460094195e+38	1.0901659417081541e+40	5.353906316256155e+39	3.350848688590038e+39	2.233879586777237e+39
3793.268940690415	1.2463958191831133e+42	3.206831411422699e+40	1.8685307577672746e+40	1.0105752667305343e+40	6.612121293768737e+39	3.640797341383585e+39	9.480377364605954e+38	4.720650715295222e+38	1.802884621179071e+38	1.1808304813273574e+40	5.811046812647007e+39	3.640797341383585e+39	2.429038202126363e+39
3914.3806728184695	1.1867363821086033e+42	3.412374309235294e+40	1.994632985427949e+40	1.0817852037038253e+40	7.088902788511939e+39	3.9101549931608214e+39	1.0209431691428228e+39	5.0884996346978e+38	1.9452576727171933e+38	1.263233725326807e+40	6.232652712466927e+39	3.9101549931608214e+39	2.6112752063077426e+39
4040.0052581491777	1.1547070771120299e+42	3.661897730223443e+40	2.146413540273381e+40	1.1669164835412568e+40	7.656913728858498e+39	4.229846185601756e+39	1.1070012911604254e+39	5.521929190791582e+38	2.1127129569335835e+38	1.3618939198877995e+40	6.734471830124438e+39	4.229846185601756e+39	2.8271336148308586e+39
4170.3508070454545	1.3760595489627742e+42	4.1888722754990705e+40	2.4534302799541795e+40	1.3329595736651764e+40	8.7433431469275e+39	4.828090747915869e+39	1.2628006303041045e+39	6.297763231975295e+38	2.409036422756583e+38	1.5559105774950579e+40	7.689286468725074e+39	4.828090747915869e+39	3.22628152968034e+39
4305.687902883671	1.428141719433049e+42	4.635383805215518e+40	2.7178688033543694e+40	1.4779850955382138e+40	9.699427419002896e+39	5.359034568624466e+39	1.402865006246204e+39	6.998337991429122e+38	2.6778200627452484e+38	1.724834924707752e+40	8.53124735240583e+39	5.359034568624466e+39	3.5821717795870684e+39
4446.291810596672	1.350903527833425e+42	4.893911154269629e+40	2.879581879295709e+40	1.5707528694408875e+40	1.032567852220381e+40	5.71604583602926e+39	1.5007935745796755e+39	7.494663810705527e+38	2.870784683170562e+38	1.8318095076582552e+40	9.086233126763584e+39	5.71604583602926e+39	3.8248879494714186e+39
4592.388536488515	1.3398585677214985e+42	5.267162601730629e+40	3.1071825330700687e+40	1.698705429107613e+40	1.1180531643926902e+40	6.197925427203787e+39	1.6308332281494943e+39	8.150184313903382e+38	3.1242757706930934e+38	1.9800162132071657e+40	9.841743230398261e+39	6.197925427203787e+39	4.150542420838448e+39
4744.555648115072	1.2828376225476895e+42	5.568588470953e+40	3.296786025875696e+40	1.8080056485830046e+40	1.192037004399125e+40	6.620976164105297e+39	1.7474217177107512e+39	8.742044165643936e+38	3.3547635366312763e+38	2.1059146712486014e+40	1.0497865659434733e+40	6.620976164105297e+39	4.438639449557525e+39
4902.496826248231	1.248605504781893e+42	5.943153931942227e+40	3.530293840032773e+40	1.9416950973632603e+40	1.2822194132698173e+40	7.13477474135813e+39	1.888291398464686e+39	9.455974864817022e+38	3.6323335401054864e+38	2.260136160265935e+40	1.1296931700735082e+40	7.13477474135813e+39	4.7878685264419546e+39
5066.313778704189	1.1979588240984633e+42	6.288190200257111e+40	3.750180884296873e+40	2.0698244485217313e+40	1.3694429418372738e+40	7.636678881716122e+39	2.02791403954369e+39	1.0167018484105692e+39	3.910119223877792e+38	2.4073682957096605e+40	1.2071640413630315e+40	7.636678881716122e+39	5.130828991543214e+39
5236.9497333551935	1.385031858739295e+42	7.147754876766559e+40	4.2599271268737305e+40	2.349797767680613e+40	1.5541876680334215e+40	8.663809654090073e+39	2.299410857849953e+39	1.1526002382284181e+39	4.4319192164023995e+38	2.7333604862124114e+40	1.369899793531966e+40	8.663809654090073e+39	5.819781376029109e+39
5414.371648844716	1.407219666337456e+42	7.808751059216881e+40	4.663625380694622e+40	2.577099753560146e+40	1.7061861062058237e+40	9.52154424461835e+39	2.5312826008801327e+39	1.269558612858486e+39	4.884494449620084e+38	2.9965470445798603e+40	1.5042681776264767e+40	9.52154424461835e+39	6.399794319733386e+39
5598.974587453851	1.3441821909318612e+42	8.2432556406152995e+40	4.944063043289625e+40	2.742170569677591e+40	1.8191443859583646e+40	1.0175227098973379e+40	2.714638531363599e+39	1.3631919291650977e+39	5.251299734246287e+38	3.1858055081026766e+40	1.6047340824790667e+40	1.0175227098973379e+40	6.847821156962689e+39
5791.784478184902	1.2969301458319305e+42	8.707938366982168e+40	5.244568787141449e+40	2.9194029437637967e+40	1.9405656494940526e+40	1.0878850314532686e+40	2.912439215346856e+39	1.4642813459616923e+39	5.64763587161789e+38	3.3889126625428807e+40	1.7127617808489575e+40	1.0878850314532686e+40	7.330452781095263e+39
5992.452820253973	1.236923171584187e+42	9.16417129949281e+40	5.545813337594672e+40	3.099960960071919e+40	2.0652813729392268e+40	1.1607945354656962e+40	3.120004419073458e+39	1.570801823899015e+39	6.066984351103635e+38	3.595101194410104e+40	1.8239580144168502e+40	1.1607945354656962e+40	7.832883930119511e+39
6202.219729251986	1.389034132731716e+42	1.0296250304190208e+41	6.230961470479269e+40	3.483002615477732e+40	2.3205062886554984e+40	1.3042686485429426e+40	3.505761799234644e+39	1.7650408633663337e+39	6.81730830174966e+38	4.0393043222942243e+40	2.0493690274225845e+40	1.3042686485429426e+40	8.801132194314823e+39
6422.125337993649	1.3595982946674329e+42	1.1038365224460092e+41	6.703609466675462e+40	3.758497570883701e+40	2.5081296117400577e+40	1.4123063768960212e+40	3.806738786105388e+39	1.918406835572454e+39	7.416852307386672e+38	4.355832833013393e+40	2.2160382025105805e+40	1.4123063768960212e+40	9.539718440035913e+39
6652.578387883671	1.3077580941671922e+42	1.155742019929145e+41	7.055242767356031e+40	3.9735554799457484e+40	2.6582203795378857e+40	1.5010393816777987e+40	4.063494803359605e+39	2.0508831622721624e+39	7.94118461534511e+38	4.600329311790518e+40	2.350222934805535e+40	1.5010393816777987e+40	1.0154847639242036e+40
6894.367695320915	1.2503820937692164e+42	1.2145863793021634e+41	7.453216309297415e+40	4.2167052973872304e+40	2.827844475568069e+40	1.6012817733752854e+40	4.353432058803718e+39	2.2004641510032647e+39	8.533164601836568e+38	4.876819442332557e+40	2.5018556675241404e+40	1.6012817733752854e+40	1.0849643822399811e+40
7146.368517366626	1.3726090172254567e+42	1.3560660253797082e+41	8.3296594799473165e+40	4.716675081281537e+40	3.1646617137332504e+40	1.7929899848131882e+40	4.878775153919492e+39	2.466730802210491e+39	9.568602797157662e+38	5.453969465179634e+40	2.8002103232046524e+40	1.7929899848131882e+40	1.2152273235623033e+40
7409.311799579135	1.307789571955592e+42	1.4298423309578876e+41	8.832999827108171e+40	5.02625684478833e+40	3.3813525145597427e+40	1.921504522912167e+40	5.252374401887316e+39	2.6597921487993454e+39	1.0333905465538887e+39	5.8054901602968345e+40	2.9940860772151874e+40	1.921504522912167e+40	1.3044696764303716e+40
7683.992940265343	1.29600320624772e+42	1.5229881989844283e+41	9.453531031936834e+40	5.401778597431482e+40	3.6422506056959137e+40	2.0750986426012156e+40	5.694658205351508e+39	2.8876996644295517e+39	1.1234929133785417e+39	6.23332591170659e+40	3.2270821220732285e+40	2.0750986426012156e+40	1.410739297611086e+40
7971.2788034995465	1.246548188940297e+42	1.5977084410912099e+41	9.978418149220063e+40	5.73223215658541e+40	3.876363057454076e+40	2.21578912249673e+40	6.111627330802474e+39	3.104562797506797e+39	1.2100110992944356e+39	6.6066129663767025e+40	3.4372141929424026e+40	2.21578912249673e+40	1.5091283316174873e+40
8272.105234564116	1.3497714970078897e+42	1.7722672656389084e+41	1.108545240222077e+41	6.376647431851759e+40	4.3152865315841096e+40	2.4687271605114845e+40	6.817965201759553e+39	3.464893951626724e+39	1.351056785075297e+39	7.347099494741238e+40	3.8271663538917175e+40	2.4687271605114845e+40	1.6821672352122353e+40
8588.302180113353	1.3122135674411353e+42	1.8724594062124016e+41	1.1780004729530091e+41	6.809961570924366e+40	4.620977506159322e+40	2.6516523226658984e+40	7.357067581837784e+39	3.744795354943654e+39	1.4625404593420248e+39	7.837512447318761e+40	4.1012538012819956e+40	2.6516523226658984e+40	1.8098194454021284e+40
8920.212681870997	1.2466049235499729e+42	1.939047477237426e+41	1.229094735591183e+41	7.152279195208124e+40	4.870839759493296e+40	2.8065266548202006e+40	7.836051305484529e+39	3.997309446943864e+39	1.5646212840106296e+39	8.219122792519251e+40	4.3272397642419117e+40	2.8065266548202006e+40	1.9198650819525698e+40
9269.073726037657	1.3338095907973754e+42	2.1462768355374085e+41	1.3632569051616204e+41	7.9468511511959105e+40	5.417030271804483e+40	3.1245018958379044e+40	8.737602270443915e+39	4.459591869539576e+39	1.7465078920133513e+39	9.12861906312674e+40	4.813679990347793e+40	3.1245018958379044e+40	2.13859950068827e+40
9636.292419591402	1.2932463620606549e+42	2.254689536470857e+41	1.441966187025291e+41	8.455613082351871e+40	5.782421261886011e+40	3.347378563839289e+40	9.41267564233855e+39	4.8132393024237776e+39	1.8886144698150837e+39	9.69998331834454e+40	5.14282665811556e+40	3.347378563839289e+40	2.2957085139994457e+40
10023.467630192437	1.2562080639718024e+42	2.3543318190859155e+41	1.5167994955034967e+41	8.951795015560228e+40	6.143339036907045e+40	3.570529693995343e+40	1.0101712747439922e+40	5.176467458188168e+39	2.0354730808110597e+39	1.0254146788827692e+41	5.469020533761129e+40	3.570529693995343e+40	2.454133277024939e+40
10432.372959723583	1.2887246570160782e+42	2.5521037409125387e+41	1.6514308725908152e+41	9.782743451713205e+40	6.727056500067407e+40	3.9185507378360626e+40	1.1123732820968413e+40	5.706710453101185e+39	2.2465574559857165e+39	1.1196561050181204e+41	5.99187936058751e+40	3.9185507378360626e+40	2.69662188849133e+40
10865.00268541618	1.2655534329730084e+42	2.6758092123913526e+41	1.7439278001212924e+41	1.0396051070415926e+41	7.173663827717386e+40	4.1952296752295537e+40	1.198163772626653e+40	6.15972521672772e+39	2.430051970839841e+39	1.1881364612433261e+41	6.395682982226783e+40	4.1952296752295537e+40	2.893316307352255e+40
11323.603736753019	1.3048454431873446e+42	2.8903304524917996e+41	1.8927193135086708e+41	1.1329627218097538e+41	7.835420554095864e+40	4.593831901163663e+40	1.3170596780129135e+40	6.779883859075704e+39	2.678265324503742e+39	1.293620592454793e+41	6.989890487062026e+40	4.593831901163663e+40	3.1726117121085047e+40
11810.735503643244	1.2693740634463574e+42	3.005710640623996e+41	1.98495478038261e+41	1.1970280515500136e+41	8.312342323236659e+40	4.896067463468025e+40	1.4137078660264583e+40	7.295196910154975e+39	2.888959636511352e+39	1.3644550910786189e+41	7.423529031910459e+40	4.896067463468025e+40	3.3899756775339885e+40
12329.337621464505	1.2944643263388795e+42	3.2223493983229337e+41	2.1405885544961423e+41	1.2974941500474775e+41	9.0350868868573e+40	5.338476241795281e+40	1.5488034117628098e+40	8.005338432563821e+39	3.175381795810807e+39	1.4772572019169127e+41	8.075033512930521e+40	5.338476241795281e+40	3.702641603167905e+40
12882.71943930387	1.3315052912300876e+42	3.4807429349075844e+41	2.3253557598617463e+41	1.4162748849842269e+41	9.887634730608993e+40	5.858985118984834e+40	1.7071158132282896e+40	8.836385540614043e+39	3.510107818149388e+39	1.6107490972549326e+41	8.843071287478918e+40	5.858985118984834e+40	4.0699768480997693e+40
13474.69577818712	1.435023038492969e+42	3.720364852554356e+41	2.4971472111587337e+41	1.527948402543284e+41	1.069635709584033e+41	6.35874906446185e+40	1.8624661404789406e+40	9.658600613059718e+39	3.844131496989887e+39	1.735857451193434e+41	9.573601162604475e+40	6.35874906446185e+40	4.425301170294671e+40
14109.736712657903	1.978332614745242e+42	4.512746144607947e+41	3.0031174538345985e+41	1.8247679211621836e+41	1.272815885162825e+41	7.53702847219099e+40	2.1951632606211993e+40	1.136295958290197e+40	4.5142503069158035e+39	2.0762744219894402e+41	1.13813123560835e+41	7.53702847219099e+40	5.234432486039158e+40
14793.044238457549	3.2897348782061696e+42	5.998316669975653e+41	3.9236621063921954e+41	2.3495041024194044e+41	1.6260214679123877e+41	9.544692085588799e+40	2.7437293716070286e+40	1.4139852074560583e+40	5.592595690808418e+39	2.682169654483906e+41	1.450914811447361e+41	9.544692085588799e+40	6.59735057372222e+40
15530.714017282713	6.173161537652644e+42	8.146795481414809e+41	5.226314648200094e+41	3.0787417830896515e+41	2.1122371949427257e+41	1.2279825557675302e+41	3.4798527068344744e+40	1.784766901225042e+40	7.025370592169017e+39	3.527605211435154e+41	1.880405854225625e+41	1.2279825557675302e+41	8.443850445148651e+40
16330.009868593024	1.274015314048032e+43	1.2169805655732791e+42	7.628276879697947e+41	4.4024028562579375e+41	2.9862507319711963e+41	1.713733499862812e+41	4.759863301822826e+40	2.424306979470811e+40	9.475365895929584e+39	5.068022993364638e+41	2.6503149144979128e+41	1.713733499862812e+41	1.169963369466763e+41
17199.61090245918	2.427489938573574e+43	1.73191811263796e+42	1.0658532058587202e+42	6.053137741788752e+41	4.069990818042231e+41	2.312501025126844e+41	6.325796731021638e+40	3.2050345859428465e+40	1.2460563587417795e+40	6.993920394464324e+41	3.6035699123217044e+41	2.312501025126844e+41	1.57011499533866e+41
18149.89754789128	4.260345158698266e+43	2.374662712046478e+42	1.444004410898273e+42	8.11276488982649e+41	5.4218936764503045e+41	3.059103039056995e+41	8.275817413968833e+40	4.1765932013504983e+40	1.617231115897202e+40	9.397000731768809e+41	4.792603388441476e+41	3.059103039056995e+41	2.0688812623067387e+41
19193.445478438513	6.943625336101153e+43	3.1540193207234084e+42	1.8993214638201427e+42	1.057903185301945e+42	7.036337271760265e+41	3.9482650534507864e+41	1.0590373042878233e+41	5.32873510485152e+40	2.0570597333009566e+40	1.2277975259227197e+42	6.21157670599056e+41	3.9482650534507864e+41	2.6620939956145694e+41
20345.693729183466	1.0393583552415037e+44	4.0566325616013725e+42	2.4262538270380786e+42	1.3431992676316429e+42	8.903663196304746e+41	4.976640657094594e+41	1.3267610710424962e+41	6.66154642974518e+40	2.565927531317076e+40	1.5610924475957393e+42	7.852775732147606e+41	4.976640657094594e+41	3.348191613212401e+41
21625.97033560148	1.4371398756377427e+44	5.010952225232628e+42	2.98449606708857e+42	1.6461749343148076e+42	1.0889863457403162e+42	6.072730974439475e+41	1.6131712802541763e+41	8.089441854850954e+40	3.111946309249875e+40	1.9148278388899632e+42	9.599264778395541e+41	6.072730974439475e+41	4.0803803355804324e+41
23058.970261487084	1.8359771581074904e+44	6.035787246173785e+42	3.586768132059478e+42	1.9743987576066e+42	1.3046537886718098e+42	7.266053166505993e+41	1.9262873572971792e+41	9.65276956215565e+40	3.710654661919492e+40	2.2976780951471963e+42	1.1496842386058867e+42	7.266053166505993e+41	4.878699078589019e+41
24676.6853625497	2.1706082414582774e+44	7.098550940463216e+42	4.215909248701093e+42	2.319475786295309e+42	1.5322009948580313e+42	8.530223002861735e+41	2.2600918248630063e+41	1.1323073609140075e+41	4.351778394647961e+40	2.699595308216107e+42	1.350087310720183e+42	8.530223002861735e+41	5.726319496559187e+41
26521.48446359948	2.394446237741693e+44	8.075326317108927e+42	4.8027581792792265e+42	2.6456395681990787e+42	1.7488703310943843e+42	9.74423844227135e+41	2.5849634919651442e+41	1.2956351680958654e+41	4.981727934091271e+40	3.078330399389241e+42	1.5412944223984303e+42	9.74423844227135e+41	6.544186423032647e+41
28651.014776437158	2.454070195936784e+44	8.978267989153216e+42	5.355842297246468e+42	2.9581675596747777e+42	1.9583486645367656e+42	1.0929837492078957e+42	2.907125038047047e+41	1.4584539595159146e+41	5.613065507537977e+40	3.4398744113031714e+42	1.726600750449391e+42	1.0929837492078957e+42	7.347324146832156e+41
31146.423239657714	2.30274344186094e+44	9.643058704289919e+42	5.784158034460158e+42	3.210277702631959e+42	2.1309566338010492e+42	1.1929692248753943e+42	3.1882149703096015e+41	1.6021360057752726e+41	6.176542140608329e+40	3.728894589194112e+42	1.8801497277496044e+42	1.1929692248753943e+42	8.03310066484162e+41
34127.172268160284	1.9303869197403476e+44	9.891842578484333e+42	5.986884117745812e+42	3.349185546174339e+42	2.2329017797069272e+42	1.2562984599182533e+42	3.3836008250711014e+41	1.7049314518751284e+41	6.591043081149894e+40	3.8832064739203824e+42	1.972432984187934e+42	1.2562984599182533e+42	8.483003120186283e+41
37780.020246082844	1.433123622215746e+44	9.369559516971076e+42	5.75695259038278e+42	3.263802957420355e+42	2.1921090796179954e+42	1.2438145512773785e+42	3.394330290849562e+41	1.7182233597803052e+41	6.673731428381342e+40	3.772663996634059e+42	1.9402850527664354e+42	1.2438145512773785e+42	8.438220195037522e+41
42462.7834118007	9.180133817919163e+43	7.955996603426942e+42	5.007665353993077e+42	2.900237063681147e+42	1.9710412078031053e+42	1.133535675184297e+42	3.1584425298142795e+41	1.6104106285401805e+41	6.301125673032216e+40	3.336072987768838e+42	1.7502010766247113e+42	1.133535675184297e+42	7.747577598252443e+41
48767.16807780784	5.252310086635468e+43	5.557799580696366e+42	3.627388801534348e+42	2.1734160802183694e+42	1.506069443436958e+42	8.859910877633915e+41	2.5590068490477592e+41	1.3214199905105504e+41	5.237935116921808e+40	2.4803106056079236e+42	1.3444861215969912e+42	8.859910877633915e+41	6.13333816013242e+41
58115.03898276616	3.470480115369748e+43	4.2226163487550175e+42	2.8124722134776576e+42	1.7212424531523513e+42	1.2082970409723904e+42	7.221410208302228e+41	2.141476419966394e+41	1.116511300994423e+41	4.470178255525289e+40	1.9542688656443655e+42	1.0826155219247496e+42	7.221410208302228e+41	5.045194455619342e+41
69255.94361452915	2.329402634336789e+43	3.534903003606566e+42	2.3610120993769552e+42	1.4667615410336156e+42	1.0447650929820749e+42	6.386578546897662e+41	1.98534112330974e+41	1.0554869631408273e+41	4.316448620899414e+40	1.6575853725182295e+42	9.405802201353005e+41	6.386578546897662e+41	4.530390709939472e+41
82533.97127876291	1.6436479388232408e+43	3.913507794536786e+42	2.6336734314351765e+42	1.6359212134907632e+42	1.1644802192041871e+42	7.126438753071025e+41	2.2406069974960762e+41	1.2005378046232727e+41	4.960017260607049e+40	1.849358907687182e+42	1.048357998395436e+42	7.126438753071025e+41	5.067295445358436e+41
98359.30420891276	1.1225373816224342e+43	4.195616340341637e+42	2.978030125959324e+42	1.9186859334010227e+42	1.3867215829109319e+42	8.600870718909711e+41	2.748499001872928e+41	1.4815923201431788e+41	6.165087069947926e+40	2.1531049379430777e+42	1.2528549916817778e+42	8.600870718909711e+41	6.152960487097238e+41
117220.86777297297	7.293456238485364e+42	3.905617575897544e+42	3.042846092126753e+42	2.112902983268995e+42	1.5845100593551876e+42	1.0197332309422457e+42	3.4074519929641304e+41	1.8594648499788327e+41	7.825209560204612e+40	2.3326480518144132e+42	1.4449428502532745e+42	1.0197332309422457e+42	7.425573262141443e+41
139701.446187742	4.49726206078347e+42	2.9220016432638544e+42	2.6131618136063867e+42	2.037821463866328e+42	1.6234158569788583e+42	1.1139543455716071e+42	4.048790702667064e+41	2.2622516028724622e+41	9.719917805707903e+40	2.1922065149164164e+42	1.503943139198378e+42	1.1139543455716071e+42	8.379978478735912e+41
166495.69957719397	2.644849543297734e+42	1.6293825247963495e+42	1.7540282699385867e+42	1.6047310716612868e+42	1.3922933446368416e+42	1.0488327987207225e+42	4.343144249448582e+41	2.523755268779167e+41	1.1235379093390282e+41	1.665165239862146e+42	1.3193445176317695e+42	1.0488327987207225e+42	8.286948753843149e+41
198431.63947438626	1.4951883681376666e+42	6.719352144931225e+41	8.95451119526935e+41	9.88451501222232e+41	9.497644319677927e+41	8.015455772460606e+41	3.917315561887343e+41	2.401358024746941e+41	1.1257710304373059e+41	9.827673716062962e+41	9.24924974638476e+41	8.015455772460606e+41	6.731360164819338e+41
236496.22671270018	8.220293605797911e+41	1.9448077936453278e+41	3.4103144282546326e+41	4.832673353782283e+41	5.33335638070184e+41	5.261858604090928e+41	3.2383555122582227e+41	2.1386459256451325e+41	1.076956707720339e+41	4.5366864067382595e+41	5.391620173292216e+41	5.261858604090928e+41	4.808973731596528e+41
281865.88307193323	4.42700162990091e+41	3.798155771693531e+40	9.009306058814016e+40	1.7467595521372952e+41	2.3122682956534887e+41	2.8145283151038372e+41	2.380373407080785e+41	1.7440977284426875e+41	9.701759646827969e+40	1.5228321632694563e+41	2.456912401559645e+41	2.8145283151038372e+41	2.8878074297554477e+41
335942.85992649343	2.3523137558491396e+41	6.817210171113889e+39	1.6818819102260003e+40	4.389645392621141e+40	7.219317940780308e+40	1.149740869070298e+41	1.4926436737092052e+41	1.2630205232519245e+41	8.07072510200626e+40	3.527067517975707e+40	8.164446092382101e+40	1.149740869070298e+41	1.3753432367798953e+41
400398.58826681	1.2409004049893066e+41	2.614447345007566e+39	3.758852173665981e+39	8.39738469281806e+39	1.5900687594140666e+40	3.3678086714828285e+40	7.562852523705657e+40	7.78499914307764e+40	6.027861145954391e+40	6.655214500538133e+39	1.9069201085041435e+40	3.3678086714828285e+40	4.862592027652783e+40
477225.3502422835	6.5338387184418e+40	1.576127749760677e+39	1.8397012519044955e+39	2.366942654168713e+39	3.403064144916768e+39	7.298802387601321e+39	2.908235690673127e+40	3.867713402871198e+40	3.8878739956495877e+40	2.1723953040291263e+39	3.9474177088432185e+39	7.298802387601321e+39	1.2315402696238064e+40
568797.8696271069	3.450146202033303e+40	9.7234191241745e+38	1.1446561565740014e+39	1.3171151946499513e+39	1.4452129821276487e+39	1.891910638250843e+39	8.1537827622942e+39	1.4586899962613073e+40	2.0590478781375368e+40	1.2755911810324042e+39	1.5001680170638653e+39	1.891910638250843e+39	2.7393702178675646e+39
677946.7252458688	1.834650460050011e+40	5.871003172151516e+38	7.064229353588138e+38	8.323742111335558e+38	9.0291573551764e+38	9.776828267071782e+38	1.9315406296152524e+39	4.0748700715844626e+39	8.457747846760252e+39	8.025162141597075e+38	9.208774297502047e+38	9.776828267071782e+38	1.0498558044392437e+39
808045.8568933842	9.86047986160975e+39	3.466525265625907e+38	4.2557674040812e+38	5.155826033656725e+38	5.7179726181324235e+38	6.3159457132393276e+38	7.083516486600278e+38	1.0369411812067758e+39	2.6058741412731682e+39	4.9331483116136075e+38	5.870325643328244e+38	6.3159457132393276e+38	6.542927094663212e+38
963116.8689416825	5.3727941025776716e+39	2.002309970740896e+38	2.505435515883682e+38	3.11097218812793e+38	3.52180203541572e+38	4.026274383525282e+38	4.413057584254444e+38	4.377001541508085e+38	6.910270760678575e+38	2.956587000079255e+38	3.640757073844035e+38	4.026274383525282e+38	4.27438464325407e+38
1147953.356114503	2.974958573831513e+39	1.1304305197632316e+38	1.4432808526978078e+38	1.832431370934373e+38	2.1118319156397374e+38	2.489197546489205e+38	2.977538231880393e+38	2.882488602789657e+38	2.7038540763150204e+38	1.7312074815377053e+38	2.1963822502422563e+38	2.489197546489205e+38	2.708692118645142e+38
1368269.0948793606	1.6764704397008186e+39	6.216939668881682e+37	8.136083263324667e+37	1.0558962743778718e+38	1.2362070006240335e+38	1.4960362847915255e+38	1.947294922880238e+38	1.985875990886075e+38	1.7601130584747154e+38	9.921405778754641e+37	1.2924248638390097e+38	1.4960362847915255e+38	1.6635044955415716e+38
1630874.681694132	9.620540398324501e+38	3.308386051375921e+37	4.478120510020796e+37	5.958989943954137e+37	7.081121526340001e+37	8.768218074471651e+37	1.2289809868750093e+38	1.3206722609447109e+38	1.2583722472309398e+38	5.567578130154285e+37	7.437555975581772e+37	8.768218074471651e+37	9.932310006040891e+37
1943888.078757186	5.62019059777464e+38	1.6857845512086011e+37	2.393275746601068e+37	3.290857915382078e+37	3.9742097147628784e+37	5.026038957500417e+37	7.508755391721809e+37	8.456942433126196e+37	8.716307633296953e+37	3.0536017491471175e+37	4.193219091472601e+37	5.026038957500417e+37	5.7848783843990355e+37
2316985.576133446	3.3386398072202445e+38	8.108544916677871e+36	1.230394665966919e+37	1.7715786297790928e+37	2.183709239672024e+37	2.8232842441035577e+37	4.457644309937606e+37	5.230601781863125e+37	5.796433122968875e+37	1.6284403735385758e+37	2.316023124196858e+37	2.8232842441035577e+37	3.2965260931845154e+37
2761700.9285682505	2.0133769187771975e+38	3.617218169746036e+36	6.004694465172219e+36	9.226456940133015e+36	1.1702140523571275e+37	1.5545232950942332e+37	2.5808704511424444e+37	3.1365430381345103e+37	3.707930891214558e+37	8.367996595780241e+36	1.2496573042089265e+37	1.5545232950942332e+37	1.841628847196103e+37
3291781.914581612	1.2301156590959822e+38	1.4660606113021992e+36	2.735356246165718e+36	4.595059027967494e+36	6.06937847311332e+36	8.368623743641885e+36	1.4621296438736137e+37	1.8307264513337317e+37	2.2892436512278026e+37	4.089825377276543e+36	6.544695443066607e+36	8.368623743641885e+36	1.008742186293509e+37
3923615.340597083	7.598349347996056e+37	5.274411366101812e+35	1.1401124590570388e+36	2.1548547535964586e+36	3.011200184176494e+36	4.3777299321182394e+36	8.124097576339409e+36	1.0439707968987428e+37	1.3695055771775346e+37	1.8696913862837287e+36	3.29206964496514e+36	4.3777299321182394e+36	5.402484504639835e+36
4676733.6287792325	4.735539480813674e+37	1.6413366334355036e+35	4.250583674506049e+35	9.337831556083544e+35	1.4069397867631384e+36	2.2025368771940076e+36	4.4295186230972376e+36	5.834173016797592e+36	7.971603674564591e+36	7.837774619986494e+35	1.5675629743500514e+36	2.2025368771940076e+36	2.8107920770161726e+36
