#t	Le	U	B	V	R	I	J	H	K	g	r	i	z
#----------------------------------------------- 
6.231070087889746	0.0	0.0	0.0	0.0	0.0	0.0	0.0	0.0	0.0	0.0	0.0	0.0	0.0
6.475563181342443	0.0	0.0	0.0	0.0	0.0	0.0	0.0	0.0	0.0	0.0	0.0	0.0	0.0
9.19363140660537	0.0	0.0	0.0	0.0	0.0	0.0	0.0	0.0	0.0	0.0	0.0	0.0	0.0
11.402560060993169	0.0	0.0	0.0	0.0	0.0	0.0	0.0	0.0	0.0	0.0	0.0	0.0	0.0
14.999397182012476	0.0	0.0	0.0	0.0	0.0	0.0	0.0	0.0	0.0	0.0	0.0	0.0	0.0
20.142621214226462	0.0	0.0	0.0	0.0	0.0	0.0	0.0	0.0	0.0	0.0	0.0	0.0	0.0
27.177210916317687	0.0	0.0	0.0	0.0	0.0	0.0	0.0	0.0	0.0	0.0	0.0	0.0	0.0
36.41362685131567	0.0	0.0	0.0	0.0	0.0	0.0	0.0	0.0	0.0	0.0	0.0	0.0	0.0
47.96629664642695	0.0	0.0	0.0	0.0	0.0	0.0	0.0	0.0	0.0	0.0	0.0	0.0	0.0
61.770379778950115	0.0	0.0	0.0	0.0	0.0	0.0	0.0	0.0	0.0	0.0	0.0	0.0	0.0
77.71454168328071	0.0	0.0	0.0	0.0	0.0	0.0	0.0	0.0	0.0	0.0	0.0	0.0	0.0
95.74501159696977	0.0	0.0	0.0	0.0	0.0	0.0	0.0	0.0	0.0	0.0	0.0	0.0	0.0
115.89339547459619	0.0	0.0	0.0	0.0	0.0	0.0	0.0	0.0	0.0	0.0	0.0	0.0	0.0
138.26669233469903	0.0	0.0	0.0	0.0	0.0	0.0	0.0	0.0	0.0	0.0	0.0	0.0	0.0
163.03296374810353	0.0	0.0	0.0	0.0	0.0	0.0	0.0	0.0	0.0	0.0	0.0	0.0	0.0
190.41299723883762	0.0	0.0	0.0	0.0	0.0	0.0	0.0	0.0	0.0	0.0	0.0	0.0	0.0
220.67833324575153	0.0	0.0	0.0	0.0	0.0	0.0	0.0	0.0	0.0	0.0	0.0	0.0	0.0
254.1542140470406	0.0	0.0	0.0	0.0	0.0	0.0	0.0	0.0	0.0	0.0	0.0	0.0	0.0
291.2264499675193	0.0	0.0	0.0	0.0	0.0	0.0	0.0	0.0	0.0	0.0	0.0	0.0	0.0
332.351887130581	0.0	0.0	0.0	0.0	0.0	0.0	0.0	0.0	0.0	0.0	0.0	0.0	0.0
378.07273774142095	0.0	0.0	0.0	0.0	0.0	0.0	0.0	0.0	0.0	0.0	0.0	0.0	0.0
429.03553589069764	0.0	0.0	0.0	0.0	0.0	0.0	0.0	0.0	0.0	0.0	0.0	0.0	0.0
486.0160088150436	0.0	0.0	0.0	0.0	0.0	0.0	0.0	0.0	0.0	0.0	0.0	0.0	0.0
549.9518117901699	0.0	0.0	0.0	0.0	0.0	0.0	0.0	0.0	0.0	0.0	0.0	0.0	0.0
621.9859903952264	0.0	0.0	0.0	0.0	0.0	0.0	0.0	0.0	0.0	0.0	0.0	0.0	0.0
703.5253857196157	0.0	0.0	0.0	0.0	0.0	0.0	0.0	0.0	0.0	0.0	0.0	0.0	0.0
796.3202661861899	0.0	0.0	0.0	0.0	0.0	0.0	0.0	0.0	0.0	0.0	0.0	0.0	0.0
902.5747347318692	0.0	0.0	0.0	0.0	0.0	0.0	0.0	0.0	0.0	0.0	0.0	0.0	0.0
1025.102756568151	0.0	0.0	0.0	0.0	0.0	0.0	0.0	0.0	0.0	0.0	0.0	0.0	0.0
1167.5535161145672	0.0	0.0	0.0	0.0	0.0	0.0	0.0	0.0	0.0	0.0	0.0	0.0	0.0
1334.7451451060679	0.0	0.0	0.0	0.0	0.0	0.0	0.0	0.0	0.0	0.0	0.0	0.0	0.0
1533.1734448403975	0.0	0.0	0.0	0.0	0.0	0.0	0.0	0.0	0.0	0.0	0.0	0.0	0.0
1771.8140627224354	0.0	0.0	0.0	0.0	0.0	0.0	0.0	0.0	0.0	0.0	0.0	0.0	0.0
2063.439474707341	0.0	0.0	0.0	0.0	0.0	0.0	0.0	0.0	0.0	0.0	0.0	0.0	0.0
2426.889283661378	0.0	0.0	0.0	0.0	0.0	0.0	0.0	0.0	0.0	0.0	0.0	0.0	0.0
2891.2277488886166	0.0	0.0	0.0	0.0	0.0	0.0	0.0	0.0	0.0	0.0	0.0	0.0	0.0
3444.4119322168585	0.0	0.0	0.0	0.0	0.0	0.0	0.0	0.0	0.0	0.0	0.0	0.0	0.0
4103.441557066095	0.0	0.0	0.0	0.0	0.0	0.0	0.0	0.0	0.0	0.0	0.0	0.0	0.0
4888.570301251637	0.0	0.0	0.0	0.0	0.0	0.0	0.0	0.0	0.0	0.0	0.0	0.0	0.0
5823.927632394661	5.760263926351918e+33	3.3085314563656243e+31	1.8755380579201903e+31	9.901742984282106e+30	6.392860534139486e+30	3.466826237926683e+30	8.815453309565976e+29	4.3531234182536094e+29	1.648377207702622e+29	1.1633967694702415e+31	5.598071568247537e+30	3.466826237926683e+30	2.2934656309284186e+30
6938.260494646883	1.4860450022453243e+37	1.2987494734410445e+35	7.40597990295153e+34	3.9303611098206583e+34	2.5448988396008e+34	1.3846682202744768e+34	3.539233001097639e+33	1.750886602693959e+33	6.642438683184694e+32	4.612432402657285e+34	2.23025544150256e+34	1.3846682202744768e+34	9.177132261673295e+33
8265.816924434006	3.241871899821943e+39	4.2019755775271214e+37	2.4120250894762765e+37	1.2875311144362759e+37	8.363583454191003e+36	4.567369422644377e+36	1.1741535900053763e+36	5.820368882048308e+35	2.2126838649294746e+35	1.5089584123810045e+37	7.335936740105757e+36	4.567369422644377e+36	3.033307308222109e+36
9847.398830403632	1.2092235389138466e+41	2.205675414469295e+39	1.2746857895983046e+39	6.844671273894286e+38	4.460741687880453e+38	2.44513646764032e+38	6.322485193384921e+37	3.140501030498996e+37	1.196396186260005e+37	8.010946750093515e+38	3.916113464255179e+38	2.44513646764032e+38	1.6272497369646933e+38
11731.616153782108	6.118087354949448e+41	1.584157195356099e+40	9.229841794671666e+39	4.9915548538244886e+39	3.265821045377357e+39	1.798165088024639e+39	4.681968420085339e+38	2.3312763551894218e+38	8.903246513705362e+37	5.832584507218174e+39	2.870130315571443e+39	1.798165088024639e+39	1.199656241352058e+39
13976.38097847895	5.464647574269175e+41	2.178873957437659e+40	1.2850359362933854e+40	7.023700166133163e+39	4.622237856117829e+39	2.5619330896422867e+39	6.739387597812564e+38	3.3677394019935607e+38	1.2908597543472352e+38	8.187289962098071e+39	4.068607798079394e+39	2.5619330896422867e+39	1.7154869207393506e+39
16650.687591751994	6.9445214692934e+41	3.9619345541652504e+40	2.365899817063576e+40	1.3071983265047362e+40	8.653589412117335e+39	4.8286567511333754e+39	1.2834259435549208e+39	6.436493062137195e+38	2.476170039600123e+38	1.5200115043281365e+40	7.629279344780249e+39	4.8286567511333754e+39	3.2452979441028575e+39
19836.733152026096	8.124833649947398e+41	6.514730778660398e+40	3.946701967052926e+40	2.207931900183966e+40	1.4715977251956192e+40	8.274773847568133e+39	2.225473971188577e+39	1.120659722642668e+39	4.329204473156424e+38	2.5601301221840596e+40	1.2997848506049963e+40	8.274773847568133e+39	5.584981017285189e+39
23632.44467167054	8.86034875149827e+41	1.0243996423641538e+41	6.326680015638169e+40	3.5986493146145613e+40	2.4202677319213074e+40	1.3748461412813692e+40	3.755597680624101e+39	1.901338945859747e+39	7.385114835078928e+38	4.1569890860869263e+40	2.142896348076289e+40	1.3748461412813692e+40	9.331441483639214e+39
28154.489664260116	9.754108141027273e+41	1.5611551451452798e+41	9.853175872936418e+40	5.709930401159026e+40	3.879157234534251e+40	2.228730927988644e+40	6.194067351930462e+39	3.1544703310356416e+39	1.232606666331845e+39	6.568054264016104e+40	3.4439181688449356e+40	2.228730927988644e+40	1.5221279004695293e+40
33541.86027429058	1.0363153048393618e+42	2.272430346814736e+41	1.4734928983512333e+41	8.738561569943084e+40	6.011268946605733e+40	3.502382332840069e+40	9.941954291353745e+39	5.0998593568762715e+39	2.0073332292727412e+39	9.999416627524976e+40	5.354703046082712e+40	3.502382332840069e+40	2.4103177673702284e+40
39960.14649016786	1.0829784624099784e+42	3.1697556883184022e+41	2.1238682088885445e+41	1.2953550485629036e+41	9.046264263053072e+40	5.360380658776671e+40	1.5607389464857297e+40	8.075311264438929e+39	3.2061448381515417e+39	1.4728986175831776e+41	8.09084629115723e+40	5.360380658776671e+40	3.7230207872389476e+40
47606.62562183449	1.1263163243995951e+42	4.25407744521088e+41	2.963436287367425e+41	1.8683533169732725e+41	1.3282365598981759e+41	8.028339403065613e+40	2.4080208159306053e+40	1.2584639295567455e+40	5.046873487246005e+39	2.108586001315385e+41	1.1936268921382684e+41	8.028339403065613e+40	5.636432976168174e+40
56716.32622815798	1.1515336807428671e+42	5.3988657434190474e+41	3.942456130416711e+41	2.587888792704958e+41	1.8800783617032962e+41	1.1641570066243951e+41	3.619736915786536e+40	1.914720421082165e+40	7.771847409618715e+39	2.8941496861930934e+41	1.699360191810206e+41	1.1641570066243951e+41	8.280745826780094e+40
67569.25223250118	1.1579737137133389e+42	6.446757469961132e+41	4.981601332928407e+41	3.432880469977924e+41	2.5600839393274014e+41	1.6320946221099354e+41	5.29932305783522e+40	2.844020610955792e+40	1.1711133589149712e+40	3.797164864162843e+41	2.330246351399741e+41	1.6320946221099354e+41	1.1793671840206257e+41
80498.9895449144	1.155619324868912e+42	7.220358065026592e+41	5.958538787336805e+41	4.3475612469584235e+41	3.3441854477933596e+41	2.2070351271343736e+41	7.544858768765486e+40	4.1192726190132307e+40	1.7253583969090144e+40	4.746937626452542e+41	3.0693155876813687e+41	2.2070351271343736e+41	1.6250044770488521e+41
95902.95950832067	1.1343511321478974e+42	7.49792626807948e+41	6.6740674225523094e+41	5.205387484766409e+41	4.152888680666578e+41	2.855653061844344e+41	1.0381673278895889e+41	5.785775911560769e+40	2.4731859084330184e+40	5.597762522156497e+41	3.849172172837558e+41	2.855653061844344e+41	2.1501031184477315e+41
114254.63436455253	1.0959509913633568e+42	7.1598925813865e+41	6.922732672741186e+41	5.818671969699964e+41	4.8406256560563054e+41	3.492023405485167e+41	1.3662613261850904e+41	7.806165374168811e+40	3.4204541802461494e+40	6.1502831644374195e+41	4.537979294924858e+41	3.492023405485167e+41	2.699771523531598e+41
136118.09060802238	1.042700811593916e+42	6.310502322736549e+41	6.700022657526764e+41	6.128506877421005e+41	5.346308876134253e+41	4.073527870316268e+41	1.7344749634800403e+41	1.0200634694103524e+41	4.600338522211928e+40	6.352556665653883e+41	5.07736365640628e+41	4.073527870316268e+41	3.2464375197794023e+41
162165.34711788487	1.00556687830735e+42	5.337124664059318e+41	6.1692675751574185e+41	6.113454276723896e+41	5.587897686072567e+41	4.501087675619819e+41	2.0992185938658604e+41	1.2756060977469492e+41	5.948129738013304e+40	6.218944793815914e+41	5.3761008821990185e+41	4.501087675619819e+41	3.703538913080992e+41
193197.0211354595	9.918536591862042e+41	4.5087334318490365e+41	5.616711051937368e+41	5.977145547628722e+41	5.698761309525769e+41	4.8323229419228866e+41	2.46182481133434e+41	1.5470450432197501e+41	7.474813948725577e+40	5.978754270355551e+41	5.548181482528351e+41	4.8323229419228866e+41	4.0981453040252255e+41
230166.93699150448	8.98526211866566e+41	3.216162894958458e+41	4.451637435450045e+41	5.216601977855355e+41	5.255085073283155e+41	4.7553141027810305e+41	2.6980830576222234e+41	1.7654223195181504e+41	8.904916870812977e+40	5.102471032498287e+41	5.194588794636463e+41	4.7553141027810305e+41	4.186210510644451e+41
274211.4439864472	6.859044256754958e+41	1.6036817814268002e+41	2.598813036766692e+41	3.5219361307775764e+41	3.855521700373256e+41	3.8467219746594486e+41	2.55774468312215e+41	1.7740857199495018e+41	9.519774756260776e+40	3.3302809546133214e+41	3.899474442648894e+41	3.8467219746594486e+41	3.579725090417095e+41
326684.34457386466	4.667571889578507e+41	4.933267072717673e+40	9.913946345812712e+40	1.659124095857947e+41	2.0523848477011045e+41	2.3646261840856063e+41	1.9860295109248012e+41	1.5007144678744613e+41	8.819466511935858e+40	1.4930252134620396e+41	2.1470366387918594e+41	2.3646261840856063e+41	2.388193890947045e+41
389198.5065211006	2.3029398473863425e+41	8.080836215577956e+39	1.94974099695953e+40	4.395059105016436e+40	6.56646848668021e+40	9.503084292160829e+40	1.1593825917745129e+41	1.003286422452562e+41	6.797140878453691e+40	3.6722158127910723e+40	7.243853104372599e+40	9.503084292160829e+40	1.0939917696927443e+41
463675.4391595692	1.0537939027481159e+41	2.038527893210192e+39	2.6585279318977313e+39	6.36353149539633e+39	1.1705715831446401e+40	2.2898344184450704e+40	4.78227592863234e+40	5.072287217638023e+40	4.2614866484068594e+40	5.011111634606528e+39	1.3808716304060586e+40	2.2898344184450704e+40	3.1682614372836206e+40
552404.3526958341	5.812980252396085e+40	1.5358267258557174e+39	1.1932478773038042e+39	1.3921218462729876e+39	2.3295383717146447e+39	5.472586436338229e+39	1.9249467994650935e+40	2.5106218515642263e+40	2.632013622227432e+40	1.2434694816854886e+39	2.809519746980974e+39	5.472586436338229e+39	8.963532792400636e+39
658112.523067931	3.66746801781875e+40	1.2837337804463429e+39	9.573888634137075e+38	7.34343471759288e+38	8.081452504682622e+38	1.584592547078293e+39	7.916188811176465e+39	1.2497521235832032e+40	1.6278261905112165e+40	7.650735591373824e+38	8.951200380678207e+38	1.584592547078293e+39	2.793306664801344e+39
784049.1207817283	2.431110411297288e+40	1.0425253932906756e+39	8.054686964265384e+38	5.715951389605442e+38	4.740526168907515e+38	5.546734664430873e+38	3.089706575754739e+39	5.907698484064861e+39	9.599234571861314e+39	6.237132838325622e+38	4.6358905635378975e+38	5.546734664430873e+38	8.873876045547557e+38
934085.0812061089	1.6327388415530458e+40	8.130305683475943e+38	6.603179957119385e+38	4.830099934958313e+38	3.785321428180067e+38	2.9397386857121678e+38	1.0520030865493418e+39	2.4669301962579357e+39	5.159174805485826e+39	5.261353474664284e+38	3.522028149631118e+38	2.9397386857121678e+38	3.255746324926961e+38
1112832.0861506881	1.0951548460531554e+40	6.061127125715887e+38	5.205930556171213e+38	4.014151601269623e+38	3.2096861007676494e+38	2.2689929893505018e+38	3.239649334246845e+38	8.681689191058906e+38	2.417085899465326e+39	4.320949647084022e+38	2.9817897772126714e+38	2.2689929893505018e+38	1.885674460751393e+38
1325784.3138805877	7.313317083174166e+39	4.3049658727788465e+38	3.927744798787985e+38	3.2169512991185103e+38	2.6640770025343262e+38	1.929827877882614e+38	1.2095902115894306e+38	2.62813028138207e+38	9.566800597139365e+38	3.413529455975962e+38	2.4973709004141435e+38	1.929827877882614e+38	1.5154189725875846e+38
1579487.314559348	4.861256044707735e+39	2.907155287342507e+38	2.825373178923791e+38	2.4717294769046013e+38	2.1310527048594525e+38	1.6188563188606856e+38	7.5414689792919e+37	8.455054718224985e+37	3.1423593454717317e+38	2.581378942319849e+38	2.0204304550230615e+38	1.6188563188606856e+38	1.294504546094447e+38
1881739.2018691127	3.217539160866191e+39	1.8664367338174006e+38	1.932729365143116e+38	1.8132974703805385e+38	1.6341642018488144e+38	1.3116463858296187e+38	6.257934446140451e+37	4.401745130524276e+37	8.954708764554044e+37	1.861480172264107e+38	1.5690847503211478e+38	1.3116463858296187e+38	1.0825866603026428e+38
2241830.344864033	2.121364535749713e+39	1.1419610186862815e+38	1.2562443281369304e+38	1.2660146660629045e+38	1.1963314179301894e+38	1.020441415708002e+38	5.378785264995727e+37	3.482338004654862e+37	2.9414055965568753e+37	1.2764957980224918e+38	1.164665215799709e+38	1.020441415708002e+38	8.73552619207252e+37
2670828.927499869	1.393764984815601e+39	6.690874400178496e+37	7.771002092481648e+37	8.397279262097729e+37	8.333696657473054e+37	7.589470926850757e+37	4.507954066030172e+37	3.013086271276616e+37	1.6978143366651017e+37	8.315346442974622e+37	8.232712186886777e+37	7.589470926850757e+37	6.765508709868972e+37
3181921.1531238654	9.128461272283964e+38	3.7769130655355994e+37	4.594185180808954e+37	5.293515229246701e+37	5.51413992593036e+37	5.376184714489818e+37	3.6460037540045096e+37	2.565992452765736e+37	1.4057198951580718e+37	5.152617977457217e+37	5.529230779558133e+37	5.376184714489818e+37	5.00725068846327e+37
3790816.550838692	5.961752315349745e+38	2.0638091664958327e+37	2.611495881680689e+37	3.1812001251042875e+37	3.467018361261211e+37	3.6182945504008926e+37	2.831712189463493e+37	2.1152099564018798e+37	1.2262561455977956e+37	3.049397040068818e+37	3.5272125672887374e+37	3.6182945504008926e+37	3.528519047480654e+37
4516230.841699481	3.883652084220863e+38	1.0920043203891326e+37	1.4354398772193847e+37	1.8325983132714898e+37	2.0779473026744353e+37	2.312527139606923e+37	2.1025132632410958e+37	1.6786698073452124e+37	1.0471427364060121e+37	1.7340573673882993e+37	2.142139504059065e+37	2.312527139606923e+37	2.3618691306919435e+37
