#t	Le	U	B	V	R	I	J	H	K	g	r	i	z
#----------------------------------------------- 
3.222521072820162	0.0	0.0	0.0	0.0	0.0	0.0	0.0	0.0	0.0	0.0	0.0	0.0	0.0
3.3005567433795195	0.0	0.0	0.0	0.0	0.0	0.0	0.0	0.0	0.0	0.0	0.0	0.0	0.0
3.4564695509537438	0.0	0.0	0.0	0.0	0.0	0.0	0.0	0.0	0.0	0.0	0.0	0.0	0.0
3.6405205843027195	0.0	0.0	0.0	0.0	0.0	0.0	0.0	0.0	0.0	0.0	0.0	0.0	0.0
3.842096103942433	0.0	0.0	0.0	0.0	0.0	0.0	0.0	0.0	0.0	0.0	0.0	0.0	0.0
4.0597220595090375	0.0	0.0	0.0	0.0	0.0	0.0	0.0	0.0	0.0	0.0	0.0	0.0	0.0
4.29367391708548	0.0	0.0	0.0	0.0	0.0	0.0	0.0	0.0	0.0	0.0	0.0	0.0	0.0
4.544743099677069	0.0	0.0	0.0	0.0	0.0	0.0	0.0	0.0	0.0	0.0	0.0	0.0	0.0
4.813941543588211	0.0	0.0	0.0	0.0	0.0	0.0	0.0	0.0	0.0	0.0	0.0	0.0	0.0
5.1024084978392565	0.0	0.0	0.0	0.0	0.0	0.0	0.0	0.0	0.0	0.0	0.0	0.0	0.0
5.411374816569512	0.0	0.0	0.0	0.0	0.0	0.0	0.0	0.0	0.0	0.0	0.0	0.0	0.0
5.742146943748233	0.0	0.0	0.0	0.0	0.0	0.0	0.0	0.0	0.0	0.0	0.0	0.0	0.0
6.0960985162000725	0.0	0.0	0.0	0.0	0.0	0.0	0.0	0.0	0.0	0.0	0.0	0.0	0.0
6.474665112043734	0.0	0.0	0.0	0.0	0.0	0.0	0.0	0.0	0.0	0.0	0.0	0.0	0.0
6.879340289517106	0.0	0.0	0.0	0.0	0.0	0.0	0.0	0.0	0.0	0.0	0.0	0.0	0.0
7.311672078994836	0.0	0.0	0.0	0.0	0.0	0.0	0.0	0.0	0.0	0.0	0.0	0.0	0.0
7.773259529292052	0.0	0.0	0.0	0.0	0.0	0.0	0.0	0.0	0.0	0.0	0.0	0.0	0.0
8.26574911713885	0.0	0.0	0.0	0.0	0.0	0.0	0.0	0.0	0.0	0.0	0.0	0.0	0.0
8.790830937522285	0.0	0.0	0.0	0.0	0.0	0.0	0.0	0.0	0.0	0.0	0.0	0.0	0.0
9.350234655643044	0.0	0.0	0.0	0.0	0.0	0.0	0.0	0.0	0.0	0.0	0.0	0.0	0.0
9.945725241647047	0.0	0.0	0.0	0.0	0.0	0.0	0.0	0.0	0.0	0.0	0.0	0.0	0.0
10.57909853722018	0.0	0.0	0.0	0.0	0.0	0.0	0.0	0.0	0.0	0.0	0.0	0.0	0.0
11.252176722914772	0.0	0.0	0.0	0.0	0.0	0.0	0.0	0.0	0.0	0.0	0.0	0.0	0.0
11.966803768709878	0.0	0.0	0.0	0.0	0.0	0.0	0.0	0.0	0.0	0.0	0.0	0.0	0.0
12.724840958328647	0.0	0.0	0.0	0.0	0.0	0.0	0.0	0.0	0.0	0.0	0.0	0.0	0.0
13.528162580984688	0.0	0.0	0.0	0.0	0.0	0.0	0.0	0.0	0.0	0.0	0.0	0.0	0.0
14.378651882169596	0.0	0.0	0.0	0.0	0.0	0.0	0.0	0.0	0.0	0.0	0.0	0.0	0.0
15.278197359090976	0.0	0.0	0.0	0.0	0.0	0.0	0.0	0.0	0.0	0.0	0.0	0.0	0.0
16.22868947584744	0.0	0.0	0.0	0.0	0.0	0.0	0.0	0.0	0.0	0.0	0.0	0.0	0.0
17.232017860530554	0.0	0.0	0.0	0.0	0.0	0.0	0.0	0.0	0.0	0.0	0.0	0.0	0.0
18.290069030873152	0.0	0.0	0.0	0.0	0.0	0.0	0.0	0.0	0.0	0.0	0.0	0.0	0.0
19.404724678680047	0.0	0.0	0.0	0.0	0.0	0.0	0.0	0.0	0.0	0.0	0.0	0.0	0.0
20.577860526468438	0.0	0.0	0.0	0.0	0.0	0.0	0.0	0.0	0.0	0.0	0.0	0.0	0.0
21.811345753943222	0.0	0.0	0.0	0.0	0.0	0.0	0.0	0.0	0.0	0.0	0.0	0.0	0.0
23.10704297733075	0.0	0.0	0.0	0.0	0.0	0.0	0.0	0.0	0.0	0.0	0.0	0.0	0.0
24.46680875236259	0.0	0.0	0.0	0.0	0.0	0.0	0.0	0.0	0.0	0.0	0.0	0.0	0.0
25.892494561558376	0.0	0.0	0.0	0.0	0.0	0.0	0.0	0.0	0.0	0.0	0.0	0.0	0.0
27.38594823933005	0.0	0.0	0.0	0.0	0.0	0.0	0.0	0.0	0.0	0.0	0.0	0.0	0.0
28.949015783513072	0.0	0.0	0.0	0.0	0.0	0.0	0.0	0.0	0.0	0.0	0.0	0.0	0.0
30.5835434997652	0.0	0.0	0.0	0.0	0.0	0.0	0.0	0.0	0.0	0.0	0.0	0.0	0.0
32.29138042503145	0.0	0.0	0.0	0.0	0.0	0.0	0.0	0.0	0.0	0.0	0.0	0.0	0.0
34.07438097817097	0.0	0.0	0.0	0.0	0.0	0.0	0.0	0.0	0.0	0.0	0.0	0.0	0.0
35.934407788809125	0.0	0.0	0.0	0.0	0.0	0.0	0.0	0.0	0.0	0.0	0.0	0.0	0.0
37.87333465987941	0.0	0.0	0.0	0.0	0.0	0.0	0.0	0.0	0.0	0.0	0.0	0.0	0.0
39.89304962412414	0.0	0.0	0.0	0.0	0.0	0.0	0.0	0.0	0.0	0.0	0.0	0.0	0.0
41.99545806032811	0.0	0.0	0.0	0.0	0.0	0.0	0.0	0.0	0.0	0.0	0.0	0.0	0.0
44.18248584038873	0.0	0.0	0.0	0.0	0.0	0.0	0.0	0.0	0.0	0.0	0.0	0.0	0.0
46.456082483634226	0.0	0.0	0.0	0.0	0.0	0.0	0.0	0.0	0.0	0.0	0.0	0.0	0.0
48.81822430001446	0.0	0.0	0.0	0.0	0.0	0.0	0.0	0.0	0.0	0.0	0.0	0.0	0.0
51.27091750839291	0.0	0.0	0.0	0.0	0.0	0.0	0.0	0.0	0.0	0.0	0.0	0.0	0.0
53.81620132035364	0.0	0.0	0.0	0.0	0.0	0.0	0.0	0.0	0.0	0.0	0.0	0.0	0.0
56.45615098368659	0.0	0.0	0.0	0.0	0.0	0.0	0.0	0.0	0.0	0.0	0.0	0.0	0.0
59.192880783042156	0.0	0.0	0.0	0.0	0.0	0.0	0.0	0.0	0.0	0.0	0.0	0.0	0.0
62.02854699781341	0.0	0.0	0.0	0.0	0.0	0.0	0.0	0.0	0.0	0.0	0.0	0.0	0.0
64.96535081963998	0.0	0.0	0.0	0.0	0.0	0.0	0.0	0.0	0.0	0.0	0.0	0.0	0.0
68.00554123380982	0.0	0.0	0.0	0.0	0.0	0.0	0.0	0.0	0.0	0.0	0.0	0.0	0.0
71.1514178703153	0.0	0.0	0.0	0.0	0.0	0.0	0.0	0.0	0.0	0.0	0.0	0.0	0.0
74.40533383140635	0.0	0.0	0.0	0.0	0.0	0.0	0.0	0.0	0.0	0.0	0.0	0.0	0.0
77.7696985034817	0.0	0.0	0.0	0.0	0.0	0.0	0.0	0.0	0.0	0.0	0.0	0.0	0.0
81.24698036161571	0.0	0.0	0.0	0.0	0.0	0.0	0.0	0.0	0.0	0.0	0.0	0.0	0.0
84.83970977575834	0.0	0.0	0.0	0.0	0.0	0.0	0.0	0.0	0.0	0.0	0.0	0.0	0.0
88.55048182771597	0.0	0.0	0.0	0.0	0.0	0.0	0.0	0.0	0.0	0.0	0.0	0.0	0.0
92.3819591482742	0.0	0.0	0.0	0.0	0.0	0.0	0.0	0.0	0.0	0.0	0.0	0.0	0.0
96.33687478404353	0.0	0.0	0.0	0.0	0.0	0.0	0.0	0.0	0.0	0.0	0.0	0.0	0.0
100.41803510354504	0.0	0.0	0.0	0.0	0.0	0.0	0.0	0.0	0.0	0.0	0.0	0.0	0.0
104.62832275205757	0.0	0.0	0.0	0.0	0.0	0.0	0.0	0.0	0.0	0.0	0.0	0.0	0.0
108.97069966484487	0.0	0.0	0.0	0.0	0.0	0.0	0.0	0.0	0.0	0.0	0.0	0.0	0.0
113.44821014819955	0.0	0.0	0.0	0.0	0.0	0.0	0.0	0.0	0.0	0.0	0.0	0.0	0.0
118.06398403790867	0.0	0.0	0.0	0.0	0.0	0.0	0.0	0.0	0.0	0.0	0.0	0.0	0.0
122.8212399445117	0.0	0.0	0.0	0.0	0.0	0.0	0.0	0.0	0.0	0.0	0.0	0.0	0.0
127.72328859501832	0.0	0.0	0.0	0.0	0.0	0.0	0.0	0.0	0.0	0.0	0.0	0.0	0.0
132.77353628053882	0.0	0.0	0.0	0.0	0.0	0.0	0.0	0.0	0.0	0.0	0.0	0.0	0.0
137.97548841955188	0.0	0.0	0.0	0.0	0.0	0.0	0.0	0.0	0.0	0.0	0.0	0.0	0.0
143.33275324650293	0.0	0.0	0.0	0.0	0.0	0.0	0.0	0.0	0.0	0.0	0.0	0.0	0.0
148.8490456357206	0.0	0.0	0.0	0.0	0.0	0.0	0.0	0.0	0.0	0.0	0.0	0.0	0.0
154.5281910707331	0.0	0.0	0.0	0.0	0.0	0.0	0.0	0.0	0.0	0.0	0.0	0.0	0.0
160.37412976932825	0.0	0.0	0.0	0.0	0.0	0.0	0.0	0.0	0.0	0.0	0.0	0.0	0.0
166.39092097506094	0.0	0.0	0.0	0.0	0.0	0.0	0.0	0.0	0.0	0.0	0.0	0.0	0.0
172.58274742619733	0.0	0.0	0.0	0.0	0.0	0.0	0.0	0.0	0.0	0.0	0.0	0.0	0.0
178.95392001348657	0.0	0.0	0.0	0.0	0.0	0.0	0.0	0.0	0.0	0.0	0.0	0.0	0.0
185.50888263913313	0.0	0.0	0.0	0.0	0.0	0.0	0.0	0.0	0.0	0.0	0.0	0.0	0.0
192.25221728766493	0.0	0.0	0.0	0.0	0.0	0.0	0.0	0.0	0.0	0.0	0.0	0.0	0.0
199.18864932305397	0.0	0.0	0.0	0.0	0.0	0.0	0.0	0.0	0.0	0.0	0.0	0.0	0.0
206.3230530251337	0.0	0.0	0.0	0.0	0.0	0.0	0.0	0.0	0.0	0.0	0.0	0.0	0.0
213.66045737932728	0.0	0.0	0.0	0.0	0.0	0.0	0.0	0.0	0.0	0.0	0.0	0.0	0.0
221.2060521345669	0.0	0.0	0.0	0.0	0.0	0.0	0.0	0.0	0.0	0.0	0.0	0.0	0.0
228.96519414501128	0.0	0.0	0.0	0.0	0.0	0.0	0.0	0.0	0.0	0.0	0.0	0.0	0.0
236.94341401215016	0.0	0.0	0.0	0.0	0.0	0.0	0.0	0.0	0.0	0.0	0.0	0.0	0.0
245.1464230447592	0.0	0.0	0.0	0.0	0.0	0.0	0.0	0.0	0.0	0.0	0.0	0.0	0.0
253.5801205552358	0.0	0.0	0.0	0.0	0.0	0.0	0.0	0.0	0.0	0.0	0.0	0.0	0.0
262.25060151184005	0.0	0.0	0.0	0.0	0.0	0.0	0.0	0.0	0.0	0.0	0.0	0.0	0.0
271.1641645677512	0.0	0.0	0.0	0.0	0.0	0.0	0.0	0.0	0.0	0.0	0.0	0.0	0.0
280.3273204887718	0.0	0.0	0.0	0.0	0.0	0.0	0.0	0.0	0.0	0.0	0.0	0.0	0.0
289.7468010025357	0.0	0.0	0.0	0.0	0.0	0.0	0.0	0.0	0.0	0.0	0.0	0.0	0.0
299.4295680951536	0.0	0.0	0.0	0.0	0.0	0.0	0.0	0.0	0.0	0.0	0.0	0.0	0.0
309.38282378302586	0.0	0.0	0.0	0.0	0.0	0.0	0.0	0.0	0.0	0.0	0.0	0.0	0.0
319.6140203859946	0.0	0.0	0.0	0.0	0.0	0.0	0.0	0.0	0.0	0.0	0.0	0.0	0.0
330.13087133396493	0.0	0.0	0.0	0.0	0.0	0.0	0.0	0.0	0.0	0.0	0.0	0.0	0.0
340.9413625387132	0.0	0.0	0.0	0.0	0.0	0.0	0.0	0.0	0.0	0.0	0.0	0.0	0.0
352.0537643648433	0.0	0.0	0.0	0.0	0.0	0.0	0.0	0.0	0.0	0.0	0.0	0.0	0.0
363.47664423732493	0.0	0.0	0.0	0.0	0.0	0.0	0.0	0.0	0.0	0.0	0.0	0.0	0.0
375.2255453958094	0.0	0.0	0.0	0.0	0.0	0.0	0.0	0.0	0.0	0.0	0.0	0.0	0.0
387.30935491656334	0.0	0.0	0.0	0.0	0.0	0.0	0.0	0.0	0.0	0.0	0.0	0.0	0.0
399.73732285441304	0.0	0.0	0.0	0.0	0.0	0.0	0.0	0.0	0.0	0.0	0.0	0.0	0.0
412.51907666476075	0.0	0.0	0.0	0.0	0.0	0.0	0.0	0.0	0.0	0.0	0.0	0.0	0.0
425.66463653591353	0.0	0.0	0.0	0.0	0.0	0.0	0.0	0.0	0.0	0.0	0.0	0.0	0.0
439.1844316987882	0.0	0.0	0.0	0.0	0.0	0.0	0.0	0.0	0.0	0.0	0.0	0.0	0.0
453.0893177766489	0.0	0.0	0.0	0.0	0.0	0.0	0.0	0.0	0.0	0.0	0.0	0.0	0.0
467.39059524079005	0.0	0.0	0.0	0.0	0.0	0.0	0.0	0.0	0.0	0.0	0.0	0.0	0.0
482.100029042805	0.0	0.0	0.0	0.0	0.0	0.0	0.0	0.0	0.0	0.0	0.0	0.0	0.0
497.2298694977545	0.0	0.0	0.0	0.0	0.0	0.0	0.0	0.0	0.0	0.0	0.0	0.0	0.0
512.7928744985618	0.0	0.0	0.0	0.0	0.0	0.0	0.0	0.0	0.0	0.0	0.0	0.0	0.0
528.8023331471057	0.0	0.0	0.0	0.0	0.0	0.0	0.0	0.0	0.0	0.0	0.0	0.0	0.0
545.2720908950182	0.0	0.0	0.0	0.0	0.0	0.0	0.0	0.0	0.0	0.0	0.0	0.0	0.0
562.2165762933297	0.0	0.0	0.0	0.0	0.0	0.0	0.0	0.0	0.0	0.0	0.0	0.0	0.0
579.6508294589668	0.0	0.0	0.0	0.0	0.0	0.0	0.0	0.0	0.0	0.0	0.0	0.0	0.0
597.590532374105	0.0	0.0	0.0	0.0	0.0	0.0	0.0	0.0	0.0	0.0	0.0	0.0	0.0
616.0520411455205	0.0	0.0	0.0	0.0	0.0	0.0	0.0	0.0	0.0	0.0	0.0	0.0	0.0
635.0524203597106	0.0	0.0	0.0	0.0	0.0	0.0	0.0	0.0	0.0	0.0	0.0	0.0	0.0
654.6094796817904	0.0	0.0	0.0	0.0	0.0	0.0	0.0	0.0	0.0	0.0	0.0	0.0	0.0
674.741812859736	0.0	0.0	0.0	0.0	0.0	0.0	0.0	0.0	0.0	0.0	0.0	0.0	0.0
695.4688393083645	0.0	0.0	0.0	0.0	0.0	0.0	0.0	0.0	0.0	0.0	0.0	0.0	0.0
716.8108484635002	0.0	0.0	0.0	0.0	0.0	0.0	0.0	0.0	0.0	0.0	0.0	0.0	0.0
738.789047112708	0.0	0.0	0.0	0.0	0.0	0.0	0.0	0.0	0.0	0.0	0.0	0.0	0.0
761.425609928813	0.0	0.0	0.0	0.0	0.0	0.0	0.0	0.0	0.0	0.0	0.0	0.0	0.0
784.7437334493236	0.0	0.0	0.0	0.0	0.0	0.0	0.0	0.0	0.0	0.0	0.0	0.0	0.0
808.7676937720037	0.0	0.0	0.0	0.0	0.0	0.0	0.0	0.0	0.0	0.0	0.0	0.0	0.0
833.5229082578076	0.0	0.0	0.0	0.0	0.0	0.0	0.0	0.0	0.0	0.0	0.0	0.0	0.0
859.036001559541	0.0	0.0	0.0	0.0	0.0	0.0	0.0	0.0	0.0	0.0	0.0	0.0	0.0
885.3348763253557	0.0	0.0	0.0	0.0	0.0	0.0	0.0	0.0	0.0	0.0	0.0	0.0	0.0
912.4487889585586	0.0	0.0	0.0	0.0	0.0	0.0	0.0	0.0	0.0	0.0	0.0	0.0	0.0
940.4084308531203	0.0	0.0	0.0	0.0	0.0	0.0	0.0	0.0	0.0	0.0	0.0	0.0	0.0
969.2460155648845	0.0	0.0	0.0	0.0	0.0	0.0	0.0	0.0	0.0	0.0	0.0	0.0	0.0
998.9953724125472	0.0	0.0	0.0	0.0	0.0	0.0	0.0	0.0	0.0	0.0	0.0	0.0	0.0
1029.692047069598	0.0	0.0	0.0	0.0	0.0	0.0	0.0	0.0	0.0	0.0	0.0	0.0	0.0
1061.3734097525044	0.0	0.0	0.0	0.0	0.0	0.0	0.0	0.0	0.0	0.0	0.0	0.0	0.0
1094.0787716723767	0.0	0.0	0.0	0.0	0.0	0.0	0.0	0.0	0.0	0.0	0.0	0.0	0.0
1127.8495104875424	0.0	0.0	0.0	0.0	0.0	0.0	0.0	0.0	0.0	0.0	0.0	0.0	0.0
1162.7292055722528	0.0	0.0	0.0	0.0	0.0	0.0	0.0	0.0	0.0	0.0	0.0	0.0	0.0
1198.7637839991037	0.0	0.0	0.0	0.0	0.0	0.0	0.0	0.0	0.0	0.0	0.0	0.0	0.0
1236.0016782247656	0.0	0.0	0.0	0.0	0.0	0.0	0.0	0.0	0.0	0.0	0.0	0.0	0.0
1274.4939965812518	0.0	0.0	0.0	0.0	0.0	0.0	0.0	0.0	0.0	0.0	0.0	0.0	0.0
1314.294707787866	0.0	0.0	0.0	0.0	0.0	0.0	0.0	0.0	0.0	0.0	0.0	0.0	0.0
1355.460840817029	0.0	0.0	0.0	0.0	0.0	0.0	0.0	0.0	0.0	0.0	0.0	0.0	0.0
1398.0527016195933	0.0	0.0	0.0	0.0	0.0	0.0	0.0	0.0	0.0	0.0	0.0	0.0	0.0
1442.1341084503827	0.0	0.0	0.0	0.0	0.0	0.0	0.0	0.0	0.0	0.0	0.0	0.0	0.0
1487.772647622197	0.0	0.0	0.0	0.0	0.0	0.0	0.0	0.0	0.0	0.0	0.0	0.0	0.0
1535.039951771757	0.0	0.0	0.0	0.0	0.0	0.0	0.0	0.0	0.0	0.0	0.0	0.0	0.0
1584.0120029621755	0.0	0.0	0.0	0.0	0.0	0.0	0.0	0.0	0.0	0.0	0.0	0.0	0.0
1634.7694632294235	2.8859139840101725e+30	3.6464655096550077e+27	2.0371008395617398e+27	1.0616195946728781e+27	6.804900467664913e+26	3.6598076488100486e+26	9.18570420338589e+25	4.515117842359959e+25	1.7016370019016419e+25	1.251056691767223e+27	5.947203805853468e+26	3.6598076488100486e+26	2.4099498662385422e+26
1687.3980354903265	2.385637674314006e+31	3.205014358727218e+28	1.7912671160307755e+28	9.338685442142219e+27	5.98732509993379e+27	3.220905149932256e+27	8.087296271268263e+26	3.975764540638736e+26	1.4985837102948326e+26	1.1004111387733681e+28	5.232985955104539e+27	3.220905149932256e+27	2.1212333362335462e+27
1741.9888581023017	1.863487105752392e+32	2.559957052630994e+29	1.4309784619145043e+29	7.461408137799684e+28	4.784126231819971e+28	2.5738768315127465e+28	6.463626940821261e+27	3.1777223037158995e+27	1.1978414346369885e+27	8.791757705680248e+28	4.181468476266562e+28	2.5738768315127465e+28	1.6951989043521223e+28
1798.6389367728443	1.3504537532571747e+33	1.8465923116301117e+30	1.032182815953784e+30	5.381844496645724e+29	3.450687500040502e+29	1.8564458813350863e+29	4.661841120337274e+28	2.2918827692487716e+28	8.639148049367488e+27	6.341457519317178e+29	3.0159894976469544e+29	1.8564458813350863e+29	1.2226733862213442e+29
1857.451617972324	7.806443821795711e+33	1.1510101089735518e+31	6.437333212792792e+30	3.358111179624284e+30	2.153719682865047e+30	1.1590540129125023e+30	2.912031571970769e+29	1.4318844186121323e+29	5.398408828883459e+28	3.956432083595656e+30	1.88254761355359e+30	1.1590540129125023e+30	7.634998143760263e+29
1918.5371085593383	4.173825247407947e+34	6.500548949479044e+31	3.637111239672179e+31	1.8980403583044195e+31	1.2175550632665217e+31	6.553989123263461e+30	1.647251060570054e+30	8.100819253373485e+29	3.054539506815387e+29	2.236028730427996e+31	1.0643137460257161e+31	6.553989123263461e+30	4.317858052064477e+30
1982.0130469558712	1.9406323783691117e+35	3.2838524326323045e+32	1.8385255842793667e+32	9.599905938610673e+31	6.160111896803841e+31	3.3171506269975014e+31	8.342006248156966e+30	4.103256098206684e+30	1.5475228790095576e+30	1.1307896976394206e+32	5.3852687883139595e+31	3.3171506269975014e+31	2.1858332017900735e+31
2048.005131917521	8.418715661638654e+35	1.5194512954394917e+33	8.511307472604644e+32	4.446232261952303e+32	2.8538057146932812e+32	1.5371930481849057e+32	3.8675362964460417e+31	1.902670367471257e+31	7.177037037776112e+30	5.236744699777401e+32	2.4950159536832568e+32	1.5371930481849057e+32	1.013098040034799e+32
2116.647815624395	3.2482156573201056e+36	6.377677334918396e+33	3.574970799464569e+33	1.8686814727424474e+33	1.1998203365392314e+33	6.46534092364305e+32	1.6276723008445446e+32	8.009244275975605e+31	3.021839805862877e+31	2.200610772664707e+33	1.0490728395582479e+33	6.46534092364305e+32	4.261968122127175e+32
2188.085068870659	1.1726472630843827e+37	2.472049594233407e+34	1.386527404302023e+34	7.251424167884693e+33	4.657292217384938e+33	2.5104841666084744e+33	6.3236412513064495e+32	3.1122513551697005e+32	1.1744645312851487e+32	8.538429015917423e+33	4.0724720600712436e+33	2.5104841666084744e+33	1.655234047617812e+33
2262.471227463266	3.8315906696913597e+37	8.795341076127303e+34	4.936813683174443e+34	2.583617002244757e+34	1.6599608545912477e+34	8.951698998444396e+33	2.256337987351553e+33	1.1107436007890393e+33	4.192608545097024e+32	3.0417043812608817e+34	1.451663370888485e+34	8.951698998444396e+33	5.903505966062595e+33
2339.9719299025014	1.1763111627404149e+38	2.9121955765689594e+35	1.635724621045604e+35	8.565523603713618e+34	5.505156134594707e+34	2.9699236815647187e+34	7.490456570904716e+33	3.688174325138666e+33	1.3924454111760265e+33	1.0082832690602367e+35	4.814791353024132e+34	2.9699236815647187e+34	1.9590417944371793e+34
2420.7651579141657	3.3127435967648564e+38	8.939076680283689e+35	5.024930826593832e+35	2.633190777653958e+35	1.6930497458574887e+35	9.137825763861987e+34	2.306303543172686e+34	1.1358721159128503e+34	4.2895251784303036e+33	3.0991325553637627e+35	1.4808950772522452e+35	9.137825763861987e+34	6.029087833350682e+34
2505.0423756032337	8.80748914256505e+38	2.5718144183567324e+36	1.446792736521612e+36	7.586658603896978e+35	4.8797813041343434e+35	2.6348769446396305e+35	6.654686918854591e+34	3.2782677315786534e+34	1.2383147623794828e+34	8.927736305053378e+35	4.268734513409142e+35	2.6348769446396305e+35	1.738895221603577e+35
2593.009885310721	2.1711731119575774e+39	6.917620674364838e+36	3.894927910463643e+36	2.043981329808618e+36	1.3152614166996674e+36	7.105345303112083e+35	1.7959217605829482e+35	8.84957803586419e+34	3.3437283610738713e+34	2.4048680744302945e+36	1.1506978821013519e+36	7.105345303112083e+35	4.690479799524266e+35
2684.890202760077	5.0766236026276945e+39	1.7552209920165964e+37	9.890970347707849e+36	5.194446616357464e+36	3.3439051096025894e+36	1.8073131912795234e+36	4.571511619271666e+35	2.253250646853322e+35	8.516002084677286e+34	6.110539218144766e+36	2.9258498115875673e+36	1.8073131912795234e+36	1.193385351167909e+36
2780.923673852783	1.110059106078135e+40	4.193279139403681e+37	2.365208161146275e+37	1.2431729355939992e+37	8.006584051048037e+36	4.3297002674017723e+36	1.096092317025163e+36	5.404119805590482e+35	2.043069095812106e+35	1.462139462008279e+37	7.006482824377934e+36	4.3297002674017723e+36	2.8597896725807214e+36
2881.370276136715	2.3112367602526193e+40	9.500554134809951e+37	5.3637462783447425e+37	2.821550171449839e+37	1.8180341489737984e+37	9.836503028342778e+36	2.492230045562008e+36	1.2291146194991954e+36	4.6481538214503986e+35	3.3178982196611964e+37	1.591141656444611e+37	9.836503028342778e+36	6.498966281778836e+36
2986.511640747856	4.527299421800796e+40	2.0375587329850505e+38	1.1515377199520969e+38	6.063100759410455e+37	3.908674957857628e+37	2.1160286907149813e+37	5.366194349367987e+36	2.6473473034170372e+36	1.0014822536188095e+36	7.128185781438281e+37	3.421340891186687e+37	2.1160286907149813e+37	1.3985126858772564e+37
3096.6533290664406	8.457723044431399e+40	4.158170879978812e+38	2.352470081644552e+38	1.2397725604643347e+38	7.996493076272709e+37	4.331590431247454e+37	1.0994955186520657e+37	5.42599680514508e+36	2.053323567757003e+36	1.4572505715386184e+38	7.000465900437662e+37	4.331590431247454e+37	2.8637487896141944e+37
3212.1274008532837	1.4889221180185072e+41	8.05160719219157e+38	4.5604972579161784e+38	2.4059080031185715e+38	1.5526932654683263e+38	8.416266155927887e+37	2.138522617262769e+37	1.0557425153932511e+37	3.996670676713486e+36	2.827276765076977e+38	1.359504922119241e+38	8.416266155927887e+37	5.566297807092446e+37
3333.2953171796175	2.6512213665815917e+41	1.5107004143874217e+39	8.562398929682527e+38	4.519769568386328e+38	2.9178560285745043e+38	1.5821926952376553e+38	4.0226032068023647e+37	1.9862810615828832e+37	7.52095289404465e+36	5.310646324992641e+38	2.5550375367032385e+38	1.5821926952376553e+38	1.046638006560805e+38
3460.5512296360953	4.740125483367663e+41	2.738712924069493e+39	1.5525324256065395e+39	8.196521610337454e+38	5.291939992535625e+38	2.8698140311802915e+38	7.297421996306566e+37	3.603519662377911e+37	1.3645317680116123e+37	9.630416557100232e+38	4.634027437002854e+38	2.8698140311802915e+38	1.8985193607531836e+38
3594.325717284859	7.2630348874541e+41	4.568114636891509e+39	2.592471618964452e+39	1.3700276776349175e+39	8.850160076023492e+38	4.802432526569775e+38	1.222367921251954e+38	6.038222823646242e+37	2.287282236316539e+37	1.609337408804313e+39	7.751024191317557e+38	4.802432526569775e+38	3.1781452283312488e+38
3735.090045482808	1.0505673908197482e+42	7.195937935627646e+39	4.0885306082187694e+39	2.162850094581655e+39	1.3979583283225246e+39	7.590782533856434e+38	1.934055886425346e+38	9.557225574556194e+37	3.621615337341902e+37	2.5400513452781042e+39	1.2245289416999378e+39	7.590782533856434e+38	5.02523325868432e+38
3883.361031949847	1.3731313540980708e+42	1.0532777944251027e+40	5.994028907006928e+39	3.175353029739944e+39	2.0539979757809272e+39	1.1163037152379873e+39	2.8482307103392776e+38	1.4081628078817668e+38	5.338804681207868e+37	3.727927385319829e+39	1.7995639030213167e+39	1.1163037152379873e+39	7.393826784755905e+38
4039.7066232523707	1.659609260097389e+42	1.4384341492150047e+40	8.200788074730156e+39	4.351358461799167e+39	2.8172039557776806e+39	1.5326477314079327e+39	3.916749848113621e+38	1.9375217233635647e+38	7.349998537250278e+37	5.1067063795060776e+39	2.468824673993079e+39	1.5326477314079327e+39	1.0157226743492726e+39
4204.752305856232	1.8152538915446187e+42	1.8184937143945652e+40	1.0391280639909109e+40	5.524737903559401e+39	3.580868278495485e+39	1.9505894593076745e+39	4.994754338483634e+38	2.4725151342442354e+38	9.386240636151747e+37	6.480787536815071e+39	3.13900153122574e+39	1.9505894593076745e+39	1.2936197805695452e+39
4379.188499105433	1.8454365639669572e+42	2.1496204439792813e+40	1.23146053147791e+40	6.561937870363001e+39	4.25838112838335e+39	2.3229254265903357e+39	5.961296731578167e+38	2.9532613129855726e+38	1.1220173552146063e+38	7.693544686355729e+39	3.734161833542867e+39	2.3229254265903357e+39	1.541761040965147e+39
4563.778991478875	1.743455190928642e+42	2.391074004931007e+40	1.373822821783733e+40	7.339496584197062e+39	4.769792982986505e+39	2.606155736207674e+39	6.7052212388610484e+38	3.3247800933233153e+38	1.2643261206348043e+38	8.600101238613668e+39	4.184240030112096e+39	2.606155736207674e+39	1.73131789963771e+39
4759.372745726404	1.64728544803972e+42	2.5882755522005682e+40	1.4911136684162666e+40	7.984855384428851e+39	5.195935965434872e+39	2.843208751569358e+39	7.332043973961189e+38	3.6385377555317385e+38	1.384789668068721e+38	9.351277464864198e+39	4.55967289292709e+39	2.843208751569358e+39	1.8903534535079788e+39
4967.532597360536	1.9555871317379423e+42	2.9805722668698026e+40	1.7159934959734585e+40	9.183795242977609e+39	5.97421716863484e+39	3.267896227945268e+39	8.42245651102455e+38	4.178826752665276e+38	1.5900944083380793e+38	1.0756802609216894e+40	5.242198801981766e+39	3.267896227945268e+39	2.1722754803294372e+39
5189.355954058992	1.7700216020974836e+42	3.1525182509187807e+40	1.8207613412128255e+40	9.771682211717148e+39	6.36642080978445e+39	3.4885480897790764e+39	9.01574030479034e+38	4.477469775117433e+38	1.7054028645398402e+38	1.1438098909038751e+40	5.588673194468031e+39	3.4885480897790764e+39	2.3212100969791798e+39
5425.995324346292	1.738126706399934e+42	3.4631890582651144e+40	2.0050767489766536e+40	1.0783889393797527e+40	7.034170206849834e+39	3.859633414152707e+39	9.99563687367242e+38	4.9677481314819176e+38	1.8935609430154868e+38	1.261676166771513e+40	6.176818704042167e+39	3.859633414152707e+39	2.5700389597985163e+39
5678.9743634700935	1.6356042349220616e+42	3.8018269947622845e+40	2.2089892216198953e+40	1.19176663511611e+40	7.787062391278445e+39	4.28111193785882e+39	1.1120920047162438e+39	5.532882397587421e+38	2.111268691847259e+38	1.3933322312122162e+40	6.84112376384461e+39	4.28111193785882e+39	2.853785802866049e+39
5950.0181004230335	1.7450793837556368e+42	4.373407707327598e+40	2.546527063678989e+40	1.3764453689207353e+40	9.003050458705108e+39	4.955465336888565e+39	1.2896280474801855e+39	6.4202779936934874e+38	2.45149570543207e+38	1.608557656404611e+40	7.911612109291398e+39	4.955465336888565e+39	3.3054701251143566e+39
6240.901357523928	1.771360571156546e+42	5.000681564808976e+40	2.919995997022689e+40	1.5821966657987954e+40	1.0362801062102643e+40	5.712665241711127e+39	1.4902225441306172e+39	7.425070719916288e+38	2.8375650139868013e+38	1.8479690430482495e+40	9.109845029526408e+39	5.712665241711127e+39	3.81378832469951e+39
6554.174049568234	1.7994679074131578e+42	5.676617899134237e+40	3.32472869781326e+40	1.8062613433809054e+40	1.1847504078277343e+40	6.541920375305935e+39	1.7109121891638657e+39	8.532268844218818e+38	3.2636648639458424e+38	2.1084017237168178e+40	1.0419120463720811e+40	6.541920375305935e+39	4.371392690415978e+39
6892.23648617946	1.7061389239944123e+42	6.245613491820106e+40	3.6745510367111597e+40	2.0041998356482534e+40	1.3174303444329563e+40	7.29249828396947e+39	1.914500830151449e+39	9.560269632761178e+38	3.6618567215776405e+38	2.3373472055479916e+40	1.1592744800013825e+40	7.29249828396947e+39	4.8795881809140924e+39
7257.106190087576	1.8784989507881547e+42	7.230024842369276e+40	4.261154415091652e+40	2.3277001755309286e+40	1.531363491383014e+40	8.484814117917937e+39	2.2308235829076387e+39	1.1145625558198169e+39	4.27135034622854e+38	2.713675488587443e+40	1.3478315109552199e+40	8.484814117917937e+39	5.680403430559713e+39
7652.508396006228	1.881814806333097e+42	8.144336315031023e+40	4.8169683925882e+40	2.639382247732075e+40	1.7393240078566088e+40	9.655383103778479e+39	2.5460341928311234e+39	1.2733431727981316e+39	4.884913580327824e+38	3.0748976169137776e+40	1.5315604751238056e+40	9.655383103778479e+39	6.470856267153968e+39
8081.455843105117	1.7737588838715595e+42	8.953368888531282e+40	5.324538012151526e+40	2.9314202443604303e+40	1.9368178983428447e+40	1.0783604378468954e+40	2.8565573291924264e+39	1.4309158678306497e+39	5.4983081140559705e+38	3.411421932880112e+40	1.7066657110263322e+40	1.0783604378468954e+40	7.238798785863687e+39
8549.168584860336	1.9127250232070972e+42	1.0329070386156123e+41	6.159532932150281e+40	3.399241450547309e+40	2.2488579866688864e+40	1.2539616537778486e+40	3.329372932242377e+39	1.66909556045028e+39	6.41875374917928e+38	3.953691088994147e+40	1.982328457125688e+40	1.2539616537778486e+40	8.424504923762028e+39
9061.33081088118	1.8694730785344396e+42	1.1550471340840795e+41	6.923054604021705e+40	3.8374880344164417e+40	2.5449100515382204e+40	1.4229139910973738e+40	3.7938173017159063e+39	1.90469611278488e+39	7.335622965631256e+38	4.458946108690972e+40	2.244750344132956e+40	1.4229139910973738e+40	9.573950030759341e+39
9622.449901719	1.9565501771856847e+42	1.322223748985133e+41	7.956893279241805e+40	4.4259431190311155e+40	2.940757567336423e+40	1.6478011469470752e+40	4.4080763090199584e+39	2.2156459148321074e+39	8.543246209015237e+38	5.138619659697076e+40	2.59524546794804e+40	1.6478011469470752e+40	1.1100321538193812e+40
10241.379027662137	1.890762237884688e+42	1.4737449758922943e+41	8.924346817169184e+40	4.99097929196104e+40	3.3259686689833834e+40	1.869864155802191e+40	5.0277265719665037e+39	2.5315673183063183e+39	9.778928685846687e+38	5.787527506485829e+40	2.9375286660373546e+40	1.869864155802191e+40	1.2619338677320757e+40
10923.854459444747	1.9289814243966265e+42	1.6729320449591944e+41	1.0187862747476902e+41	5.725592126351651e+40	3.825743642956604e+40	2.1573748660713958e+40	5.827900827870766e+39	2.93921357681553e+39	1.137224340035914e+39	6.631982807352884e+40	3.381377841899016e+40	2.1573748660713958e+40	1.458405558688414e+40
11680.154153101417	1.9911926239520762e+42	1.9244461743557713e+41	1.1781644670000006e+41	6.651503631943391e+40	4.455425178491785e+40	2.5194757022304814e+40	6.835126213747904e+39	3.4522548806695974e+39	1.3377175585139011e+39	7.696518275522615e+40	3.9405424916543186e+40	2.5194757022304814e+40	1.7057988224342795e+40
12523.003860654071	1.87360292274479e+42	2.116772246183828e+41	1.308024438549767e+41	7.444324232408249e+40	5.0083974365638425e+40	2.846238650252742e+40	7.780355866303133e+39	3.939954200555098e+39	1.530752903670833e+39	8.598158745639098e+40	4.434847459809902e+40	2.846238650252742e+40	1.9322862954954643e+40
13468.213386964104	1.8927569765314225e+42	2.401047128130206e+41	1.4950147360669582e+41	8.564713102937086e+40	5.782865241733683e+40	3.299696489599333e+40	9.07591122107691e+39	4.6058329187359633e+39	1.7933352850291482e+39	9.877421136559444e+40	5.125572066752476e+40	3.299696489599333e+40	2.245123325766237e+40
14535.823106879481	1.9219398389251022e+42	2.742728507873295e+41	1.7213559149047065e+41	9.928908690432751e+40	6.728831086398467e+40	3.8555025174194513e+40	1.0672167567675857e+40	5.4277069234606346e+39	2.118005029842247e+39	1.1432998973521595e+41	5.969957476749856e+40	3.8555025174194513e+40	2.629294177313755e+40
15751.698515330543	1.9718698498550548e+42	3.1531841684302312e+41	1.995439040114181e+41	1.1592090591450261e+41	7.886320055336579e+40	4.538350955284295e+40	1.2645240013611688e+40	6.445688396468031e+39	2.5209770981617457e+39	1.332661099422252e+41	7.00415636945521e+40	4.538350955284295e+40	3.10231612250776e+40
17149.62567136942	2.0190948623323094e+42	3.6106927748468315e+41	2.3068420924660643e+41	1.3511754546056021e+41	9.23343906177235e+40	5.3403647723001e+40	1.4994126527494425e+40	7.663055005849684e+39	3.0050567063115503e+39	1.5504559080990028e+41	8.210439802174802e+40	5.3403647723001e+40	3.6606239565373605e+40
18774.720559803645	2.511495529387072e+42	4.4384536757353625e+41	2.8447790234329236e+41	1.671192425892423e+41	1.1439486514747253e+41	6.629164079230468e+40	1.8669830683431904e+40	9.551894834470597e+39	3.7498991799870135e+39	1.9163556961735884e+41	1.017674504029806e+41	6.629164079230468e+40	4.549003230707226e+40
20688.895368687823	6.637249370651297e+42	7.277618091225558e+41	4.5543494495682455e+41	2.6224028605117255e+41	1.7760150195251303e+41	1.017088777148281e+41	2.8143268491377733e+40	1.4313182067783941e+40	5.585606156316047e+39	3.0206784562688805e+41	1.5754845720041504e+41	1.017088777148281e+41	6.934810730487747e+40
22979.360472547964	2.2945100191703115e+43	1.428900439869228e+42	8.663043422765415e+41	4.852036240974703e+41	3.2365606577188964e+41	1.8218900676320407e+41	4.909620484619953e+40	2.4741920464440046e+40	9.565911111523974e+39	5.624305674455672e+41	2.859380392768948e+41	1.8218900676320407e+41	1.230488168464482e+41
25773.428815282303	5.943875951242972e+43	2.4701234274806816e+42	1.4715361868063887e+42	8.116011955881694e+41	5.368132033372979e+41	2.9927431118664252e+41	7.945208127062161e+40	3.9831796262338376e+40	1.5318489773330267e+40	9.440911629587897e+41	4.731677750143363e+41	2.9927431118664252e+41	2.01050027731561e+41
29265.60848320108	1.0716921495092049e+44	3.7562318221870176e+42	2.2215268950809527e+42	1.217426535215642e+42	8.023905115675701e+41	4.4552696119621635e+41	1.1753675168782101e+41	5.879502066135938e+40	2.2560396018247953e+40	1.418242441730082e+42	7.06578790292045e+41	4.4552696119621635e+41	2.9862933012292556e+41
33771.05449921972	1.3782847481948109e+44	5.051221435840765e+42	2.9901353269000664e+42	1.6398974465078268e+42	1.0812832539935362e+42	6.006601949187325e+41	1.5857430577859494e+41	7.934211664261169e+40	3.0451958613116745e+40	1.9100683384738077e+42	9.522751256613908e+41	6.006601949187325e+41	4.027143304746944e+41
39841.287168838215	1.2654421811884277e+44	6.049489011516747e+42	3.6131085260927075e+42	1.9969781813696164e+42	1.3223322456247783e+42	7.38116367744685e+41	1.9631812145250026e+41	9.848149062725464e+40	3.7897556933286814e+40	2.3218732317101972e+42	1.1659018331817876e+42	7.38116367744685e+41	4.961922735198203e+41
47003.13667633194	7.898578666131807e+43	6.565529972657292e+42	4.027232044013458e+42	2.2782645718984766e+42	1.5279743354320162e+42	8.653683274436896e+41	2.3537191371585006e+41	1.189936766619622e+41	4.615497543061736e+40	2.634905134536789e+42	1.3518744979777812e+42	8.653683274436896e+41	5.864163646518003e+41
55452.96221941191	3.8948099805399547e+43	5.750519666529733e+42	3.6994653968666865e+42	2.1823474122014516e+42	1.4977709993210585e+42	8.707965986765021e+41	2.4661629804226384e+41	1.2643659781183733e+41	4.974505929683121e+40	2.4999417988323682e+42	1.3334411959445446e+42	8.707965986765021e+41	5.987020108654616e+41
65422.46693342303	1.7840864241826694e+43	3.838793252597594e+42	2.6608171751260812e+42	1.6801896888099254e+42	1.1981770119077767e+42	7.280843489091883e+41	2.209191749293587e+41	1.1601422474381536e+41	4.677197704672934e+40	1.894654853812209e+42	1.0779303775060447e+42	7.280843489091883e+41	5.1305889597281844e+41
77185.03586233193	9.2483077297007e+42	2.5002470829931715e+42	1.852389779303346e+42	1.2515538822917673e+42	9.295872941433651e+41	5.933113075980179e+41	1.951899483063898e+41	1.055389473369469e+41	4.384850418901871e+40	1.3886516564158562e+42	8.45899807727157e+41	5.933113075980179e+41	4.3009701642768325e+41
91063.23379595495	5.801691949518315e+42	1.884722605846696e+42	1.4198899459270056e+42	9.931549165094361e+41	7.594109984897277e+41	5.054793178608183e+41	1.802961846044856e+41	1.005847643567565e+41	4.3181603903063717e+40	1.0910909587276292e+42	6.973880497201171e+41	5.054793178608183e+41	3.764470078133904e+41
107437.65376119775	4.0588714150852585e+42	1.757058500985357e+42	1.3408413858942649e+42	9.378209090185641e+41	7.17420705131834e+41	4.807447269554836e+41	1.7771429750600462e+41	1.0129123322849646e+41	4.464390662985735e+40	1.030646514566409e+42	6.593500876942907e+41	4.807447269554836e+41	3.611209699355418e+41
126757.35700172857	2.8786924238451765e+42	1.5946105468092694e+42	1.3253204115226609e+42	9.80544771051579e+41	7.661228163657954e+41	5.217371549062425e+41	1.968008867386528e+41	1.1339412236337712e+41	5.075043586554601e+40	1.0659246290861295e+42	7.072956435667476e+41	5.217371549062425e+41	3.945658323788079e+41
149552.19047650887	2.007159532143753e+42	1.2083195913198458e+42	1.1575791175063725e+42	9.612603206379721e+41	7.944553112791694e+41	5.71066763914416e+41	2.2838892799681947e+41	1.3359474561634964e+41	6.070628182045832e+40	1.0190285453053256e+42	7.437300094170683e+41	5.71066763914416e+41	4.4252402185716216e+41
176447.3200067618	1.3547415481495312e+42	7.00290800643638e+41	8.116552774951485e+41	7.958247203583583e+41	7.18178495485994e+41	5.667203437338104e+41	2.5509749101950667e+41	1.5395927857041002e+41	7.189086153498994e+40	8.126239759456465e+41	6.8795888098540846e+41	5.667203437338104e+41	4.601603281389577e+41
208180.37790498955	8.808595954989178e+41	2.8745490978156782e+41	4.247242038867974e+41	5.225931614681766e+41	5.349999113785577e+41	4.858498223724094e+41	2.659547401551164e+41	1.6977415759016338e+41	8.31840948784793e+40	5.063886468481924e+41	5.3013854267186585e+41	4.858498223724094e+41	4.249057878067933e+41
245621.69542964603	5.530652485832467e+41	8.427616007233723e+40	1.5639068521859857e+41	2.5259113420457115e+41	3.0464847702876533e+41	3.349110681719437e+41	2.441563253889412e+41	1.7054358094572535e+41	9.064220781892258e+40	2.2917482786831857e+41	3.1584700356769077e+41	3.349110681719437e+41	3.2537564542956682e+41
289798.1750174853	3.373449425593396e+41	2.791333684220889e+40	5.002802368922324e+40	9.665505655022451e+40	1.355070097955708e+41	1.8083522923327576e+41	1.8044631326089165e+41	1.4005431713298e+41	8.238831331363771e+40	8.309889857372191e+40	1.4687695069178851e+41	1.8083522923327576e+41	1.9654960059419432e+41
341921.4570850274	2.022314622471435e+41	1.384077502750426e+40	1.7427116737787612e+40	3.062905784506522e+40	4.74292669041817e+40	7.755130275315588e+40	1.1494976614617051e+41	1.0272618477249344e+41	6.93339170179689e+40	2.605097049071508e+40	5.3586122803448395e+40	7.755130275315588e+40	9.653506995980179e+40
403421.15398283274	1.2007388730258163e+41	9.296256451407831e+39	9.494427364865121e+39	1.1180470959940372e+40	1.5098719135470816e+40	2.6475325993829106e+40	6.059607118943896e+40	6.504523691937945e+40	5.277815791232623e+40	1.0431185567819499e+40	1.695894147680009e+40	2.6475325993829106e+40	3.740668763938262e+40
475984.0626694307	7.116150222457871e+40	6.499655967649978e+39	6.594552526230279e+39	6.464930790587806e+39	6.667803474782915e+39	8.739205175372036e+39	2.5539777738304326e+40	3.420464631846092e+40	3.5275548597708513e+40	6.491373011754114e+39	6.88315481886316e+39	8.739205175372036e+39	1.2164114341244028e+40
561600.4316659394	4.236006586119511e+40	4.447052202754568e+39	4.649273387703108e+39	4.595069495601443e+39	4.413841971840227e+39	4.2567173458332544e+39	8.797080752160031e+39	1.4473457620481012e+40	1.9974581559270879e+40	4.637023607018853e+39	4.353126645888626e+39	4.2567173458332544e+39	4.61281990892353e+39
662618.5513406931	2.5443325858275896e+40	2.964979434919137e+39	3.1945995739700316e+39	3.2769771511913754e+39	3.206668887249809e+39	2.9575913029685247e+39	3.120059844615368e+39	5.066898941896748e+39	9.263368859029638e+39	3.2763645030713694e+39	3.165328469502318e+39	2.9575913029685247e+39	2.7653107135510293e+39
781809.1648725566	1.5465063356504562e+40	1.928305761376881e+39	2.135924978914115e+39	2.272112014034935e+39	2.2853622483852048e+39	2.181430976071778e+39	1.6762069075646987e+39	1.8547519089324048e+39	3.5174753170140505e+39	2.2498049886509753e+39	2.2749744327777507e+39	2.181430976071778e+39	2.038237772748144e+39
922441.4666114132	9.524891695729543e+39	1.2251239102346423e+39	1.3916958924512663e+39	1.5306871656993496e+39	1.5803535963815288e+39	1.5703253451077905e+39	1.2261354641172207e+39	1.0236099591416514e+39	1.254028670830211e+39	1.5021352613203048e+39	1.5864582870303664e+39	1.5703253451077905e+39	1.5076406848901585e+39
1088372.7723830498	5.944230527466624e+39	7.613748358412452e+38	8.852952663794158e+38	1.0036673592461294e+39	1.0613860756353026e+39	1.0954446711288417e+39	9.360973987901809e+38	7.61707993097514e+38	5.982035361631729e+38	9.769446887944571e+38	1.0738403806359618e+39	1.0954446711288417e+39	1.0816705289155037e+39
1284154.3212910334	3.75523664651741e+39	4.630666728458369e+38	5.5075456713153805e+38	6.418441012699587e+38	6.936643022307687e+38	7.413658614927687e+38	6.959648816074393e+38	5.919611068749352e+38	4.200161452253574e+38	6.201690955177824e+38	7.068209114962481e+38	7.413658614927687e+38	7.51677301131033e+38
1515156.1110361745	2.3977945764416877e+39	2.7534507857525836e+38	3.3544075725378093e+38	4.011382719351633e+38	4.4210822086502726e+38	4.877095006548111e+38	5.005206447580495e+38	4.483586481040049e+38	3.3297256630579575e+38	3.849963847174255e+38	4.533963245224999e+38	4.877095006548111e+38	5.067054028470852e+38
1787714.190841177	1.5446853511300296e+39	1.5955974425343084e+38	1.9997153685349564e+38	2.4541290966488128e+38	2.7539004309867044e+38	3.1257578919329474e+38	3.483780444435755e+38	3.283928863106656e+38	2.6166371289627684e+38	2.3403499345949437e+38	2.840619245363515e+38	3.1257578919329474e+38	3.320167292017697e+38
2109304.4520537523	1.0021729161248351e+39	8.958619394642145e+37	1.1643131447742674e+38	1.4707507327447501e+38	1.6794693128034786e+38	1.9562608615400216e+38	2.3504676421565654e+38	2.3257967044934703e+38	1.9925401076419185e+38	1.393263379319203e+38	1.741668306805653e+38	1.9562608615400216e+38	2.1196316032171457e+38
2488747.68330158	6.537454347793889e+38	4.830730884653751e+37	6.589653474987232e+37	8.626053971449368e+37	1.0035888603368484e+38	1.198084809748032e+38	1.5404616916482065e+38	1.5946654572748267e+38	1.4664489308742268e+38	8.108576029879167e+37	1.0463054938247141e+38	1.198084809748032e+38	1.3215911411979883e+38
2936451.5146222715	4.281811724608034e+38	2.47258920700561e+37	3.5976034933447714e+37	4.935256843228634e+37	5.871581424007567e+37	7.190362884402605e+37	9.831015400358554e+37	1.0604742150147539e+38	1.0431562641767372e+38	4.593580353361188e+37	6.157572655778028e+37	7.190362884402605e+37	8.064975189716168e+37
3464695.8868125193	2.8125421620797484e+38	1.1841218187154656e+37	1.874475180465956e+37	2.737780853621308e+37	3.3529496540445827e+37	4.2292090499946146e+37	6.124883695510569e+37	6.856133885867202e+37	7.179700595793029e+37	2.5148534103362163e+37	3.541812373613265e+37	4.2292090499946146e+37	4.823954834939826e+37
4087969.8760858956	1.851092834500539e+38	5.2170330542180306e+36	9.195715271636158e+36	1.4592013155958478e+37	1.857791742421945e+37	2.4331969775439014e+37	3.734004619257398e+37	4.32044070808937e+37	4.78982955894261e+37	1.316917993604692e+37	1.9812564281605828e+37	2.4331969775439014e+37	2.828401155615206e+37
