#t	Le	U	B	V	R	I	J	H	K	g	r	i	z
#----------------------------------------------- 
4.340657301708096	0.0	0.0	0.0	0.0	0.0	0.0	0.0	0.0	0.0	0.0	0.0	0.0	0.0
4.424367475676153	0.0	0.0	0.0	0.0	0.0	0.0	0.0	0.0	0.0	0.0	0.0	0.0	0.0
4.909524514833189	0.0	0.0	0.0	0.0	0.0	0.0	0.0	0.0	0.0	0.0	0.0	0.0	0.0
5.602997856802933	0.0	0.0	0.0	0.0	0.0	0.0	0.0	0.0	0.0	0.0	0.0	0.0	0.0
6.439272592731862	0.0	0.0	0.0	0.0	0.0	0.0	0.0	0.0	0.0	0.0	0.0	0.0	0.0
7.431176790320366	0.0	0.0	0.0	0.0	0.0	0.0	0.0	0.0	0.0	0.0	0.0	0.0	0.0
8.60332230669395	0.0	0.0	0.0	0.0	0.0	0.0	0.0	0.0	0.0	0.0	0.0	0.0	0.0
9.9855342581785	0.0	0.0	0.0	0.0	0.0	0.0	0.0	0.0	0.0	0.0	0.0	0.0	0.0
11.611730808934396	0.0	0.0	0.0	0.0	0.0	0.0	0.0	0.0	0.0	0.0	0.0	0.0	0.0
13.519270757916594	0.0	0.0	0.0	0.0	0.0	0.0	0.0	0.0	0.0	0.0	0.0	0.0	0.0
15.74805266256419	0.0	0.0	0.0	0.0	0.0	0.0	0.0	0.0	0.0	0.0	0.0	0.0	0.0
18.33920886789042	0.0	0.0	0.0	0.0	0.0	0.0	0.0	0.0	0.0	0.0	0.0	0.0	0.0
21.333433421559164	0.0	0.0	0.0	0.0	0.0	0.0	0.0	0.0	0.0	0.0	0.0	0.0	0.0
24.769129570966957	0.0	0.0	0.0	0.0	0.0	0.0	0.0	0.0	0.0	0.0	0.0	0.0	0.0
28.680668604194057	0.0	0.0	0.0	0.0	0.0	0.0	0.0	0.0	0.0	0.0	0.0	0.0	0.0
33.097075430999546	0.0	0.0	0.0	0.0	0.0	0.0	0.0	0.0	0.0	0.0	0.0	0.0	0.0
38.04137278353143	0.0	0.0	0.0	0.0	0.0	0.0	0.0	0.0	0.0	0.0	0.0	0.0	0.0
43.5306509348207	0.0	0.0	0.0	0.0	0.0	0.0	0.0	0.0	0.0	0.0	0.0	0.0	0.0
49.57675305307988	0.0	0.0	0.0	0.0	0.0	0.0	0.0	0.0	0.0	0.0	0.0	0.0	0.0
56.18734935919905	0.0	0.0	0.0	0.0	0.0	0.0	0.0	0.0	0.0	0.0	0.0	0.0	0.0
63.36714780667694	0.0	0.0	0.0	0.0	0.0	0.0	0.0	0.0	0.0	0.0	0.0	0.0	0.0
71.11903824576274	0.0	0.0	0.0	0.0	0.0	0.0	0.0	0.0	0.0	0.0	0.0	0.0	0.0
79.44504914683502	0.0	0.0	0.0	0.0	0.0	0.0	0.0	0.0	0.0	0.0	0.0	0.0	0.0
88.34707328055825	0.0	0.0	0.0	0.0	0.0	0.0	0.0	0.0	0.0	0.0	0.0	0.0	0.0
97.82737214580374	0.0	0.0	0.0	0.0	0.0	0.0	0.0	0.0	0.0	0.0	0.0	0.0	0.0
107.88889623159105	0.0	0.0	0.0	0.0	0.0	0.0	0.0	0.0	0.0	0.0	0.0	0.0	0.0
118.53546605602911	0.0	0.0	0.0	0.0	0.0	0.0	0.0	0.0	0.0	0.0	0.0	0.0	0.0
129.77185564186505	0.0	0.0	0.0	0.0	0.0	0.0	0.0	0.0	0.0	0.0	0.0	0.0	0.0
141.60381222207408	0.0	0.0	0.0	0.0	0.0	0.0	0.0	0.0	0.0	0.0	0.0	0.0	0.0
154.03803701734515	0.0	0.0	0.0	0.0	0.0	0.0	0.0	0.0	0.0	0.0	0.0	0.0	0.0
167.0821448976857	0.0	0.0	0.0	0.0	0.0	0.0	0.0	0.0	0.0	0.0	0.0	0.0	0.0
180.74461423903773	0.0	0.0	0.0	0.0	0.0	0.0	0.0	0.0	0.0	0.0	0.0	0.0	0.0
195.03473423817192	0.0	0.0	0.0	0.0	0.0	0.0	0.0	0.0	0.0	0.0	0.0	0.0	0.0
209.9625540387106	0.0	0.0	0.0	0.0	0.0	0.0	0.0	0.0	0.0	0.0	0.0	0.0	0.0
225.53883585526432	0.0	0.0	0.0	0.0	0.0	0.0	0.0	0.0	0.0	0.0	0.0	0.0	0.0
241.7750134784896	0.0	0.0	0.0	0.0	0.0	0.0	0.0	0.0	0.0	0.0	0.0	0.0	0.0
258.68315629902656	0.0	0.0	0.0	0.0	0.0	0.0	0.0	0.0	0.0	0.0	0.0	0.0	0.0
276.27593912730464	0.0	0.0	0.0	0.0	0.0	0.0	0.0	0.0	0.0	0.0	0.0	0.0	0.0
294.5666170340681	0.0	0.0	0.0	0.0	0.0	0.0	0.0	0.0	0.0	0.0	0.0	0.0	0.0
313.56900497756436	0.0	0.0	0.0	0.0	0.0	0.0	0.0	0.0	0.0	0.0	0.0	0.0	0.0
333.2974614086239	0.0	0.0	0.0	0.0	0.0	0.0	0.0	0.0	0.0	0.0	0.0	0.0	0.0
353.76687621803524	0.0	0.0	0.0	0.0	0.0	0.0	0.0	0.0	0.0	0.0	0.0	0.0	0.0
374.99266189533427	0.0	0.0	0.0	0.0	0.0	0.0	0.0	0.0	0.0	0.0	0.0	0.0	0.0
396.9907475881244	0.0	0.0	0.0	0.0	0.0	0.0	0.0	0.0	0.0	0.0	0.0	0.0	0.0
419.77757586599483	0.0	0.0	0.0	0.0	0.0	0.0	0.0	0.0	0.0	0.0	0.0	0.0	0.0
443.3701019191384	0.0	0.0	0.0	0.0	0.0	0.0	0.0	0.0	0.0	0.0	0.0	0.0	0.0
467.7857947714285	0.0	0.0	0.0	0.0	0.0	0.0	0.0	0.0	0.0	0.0	0.0	0.0	0.0
493.04264039318707	0.0	0.0	0.0	0.0	0.0	0.0	0.0	0.0	0.0	0.0	0.0	0.0	0.0
519.1591464925675	0.0	0.0	0.0	0.0	0.0	0.0	0.0	0.0	0.0	0.0	0.0	0.0	0.0
546.154348606146	0.0	0.0	0.0	0.0	0.0	0.0	0.0	0.0	0.0	0.0	0.0	0.0	0.0
574.0478181554483	0.0	0.0	0.0	0.0	0.0	0.0	0.0	0.0	0.0	0.0	0.0	0.0	0.0
602.8596716905204	0.0	0.0	0.0	0.0	0.0	0.0	0.0	0.0	0.0	0.0	0.0	0.0	0.0
632.6105812825626	0.0	0.0	0.0	0.0	0.0	0.0	0.0	0.0	0.0	0.0	0.0	0.0	0.0
663.3217857780218	0.0	0.0	0.0	0.0	0.0	0.0	0.0	0.0	0.0	0.0	0.0	0.0	0.0
695.0151037057454	0.0	0.0	0.0	0.0	0.0	0.0	0.0	0.0	0.0	0.0	0.0	0.0	0.0
727.7129468304772	0.0	0.0	0.0	0.0	0.0	0.0	0.0	0.0	0.0	0.0	0.0	0.0	0.0
761.4383350207875	0.0	0.0	0.0	0.0	0.0	0.0	0.0	0.0	0.0	0.0	0.0	0.0	0.0
796.2149120510741	0.0	0.0	0.0	0.0	0.0	0.0	0.0	0.0	0.0	0.0	0.0	0.0	0.0
832.0669625236523	0.0	0.0	0.0	0.0	0.0	0.0	0.0	0.0	0.0	0.0	0.0	0.0	0.0
869.0194297066008	0.0	0.0	0.0	0.0	0.0	0.0	0.0	0.0	0.0	0.0	0.0	0.0	0.0
907.0979343627631	1.5523483710673578e+30	8.051137095869447e+26	4.473903333612058e+26	2.3205118221541688e+26	1.4834980124615462e+26	7.95421356210573e+25	1.986817721622252e+25	9.74926951332259e+24	3.667787836330554e+24	2.7375704711692458e+26	1.2955808241667575e+26	7.95421356210573e+25	5.228829805495089e+25
946.3287945418261	1.6370206964685255e+31	9.331495119279914e+27	5.187905124354082e+27	2.6920172693650684e+27	1.7214184013823288e+27	9.232480896960393e+26	2.3071270374526917e+26	1.1322800138669632e+26	4.2604592323642516e+25	3.175528196009255e+27	1.5034629933851877e+27	9.232480896960393e+26	6.070072186540942e+26
986.7390469985609	2.277077547573218e+32	1.432062975758865e+29	7.96582618246084e+28	4.1354229485624374e+28	2.6451001514184534e+28	1.4190745356012448e+28	3.547851517163887e+27	1.7414912589401323e+27	6.553898653274833e+26	4.877657548503303e+28	2.310358671971196e+28	1.4190745356012448e+28	9.331556430245405e+27
1028.3564689731775	2.4141303185973876e+33	1.676445437000672e+30	9.330319114203381e+29	4.846164521377805e+29	3.100552390710001e+29	1.6639458411364483e+29	4.162131964338738e+28	2.043377101879887e+28	7.691413711760999e+27	5.7153212093049066e+29	2.7083746901464416e+29	1.6639458411364483e+29	1.0943715902367328e+29
1071.2096016058822	2.0458035275701055e+34	1.5694468886789671e+31	8.739814564324889e+30	4.541772847656438e+30	2.9066320297954617e+30	1.560389172419931e+30	3.9051257024026215e+29	1.9175543609151824e+29	7.219179307712412e+28	5.355708793958484e+30	2.5391798972720886e+30	1.560389172419931e+30	1.026451645640526e+30
1115.3277738314628	1.4172278363582874e+35	1.2011359113461848e+32	6.692767707504956e+31	3.47983667611427e+31	2.2276752636552503e+31	1.1963075805477646e+31	2.995564967933726e+30	1.4712089230005303e+30	5.539875709857287e+29	4.102962437232107e+31	1.9462127201838204e+31	1.1963075805477646e+31	7.87102590483126e+30
1160.7411278048407	8.191850306723767e+35	7.668307326590893e+32	4.275434369290494e+32	2.224187155414865e+32	1.4242859549244939e+32	7.651408436096671e+31	1.9169866659994918e+31	9.416737515958759e+30	3.5466192315648917e+30	2.6221365050848675e+32	1.2444339129401914e+32	7.651408436096671e+31	5.035187483761936e+31
1207.4806455534904	4.0237597364588606e+36	4.1580037127493467e+33	2.3197510951233229e+33	1.2074747806767606e+33	7.734655830200766e+32	4.156647958447098e+32	1.0420062632846538e+32	5.119648306851016e+31	1.92861432284843e+31	1.4233299256707002e+33	6.758541857413795e+32	4.156647958447098e+32	2.7359362263226683e+32
1255.5781767568703	1.7063775133205238e+37	1.9455612554582035e+34	1.0861409516071268e+34	5.656872327107684e+33	3.624772396399552e+33	1.948704844708766e+33	4.887990664184665e+32	2.402101472576571e+32	9.05087565454778e+31	6.667232816425051e+33	3.1676071403707394e+33	1.948704844708766e+33	1.2829213935156785e+33
1305.0664683247423	6.339360709132795e+37	7.968562633408563e+34	4.451581689809074e+34	2.3198791026255686e+34	1.487014477368961e+34	7.997388861656809e+33	2.0072290977505123e+33	9.866239211042694e+32	3.718326108795071e+32	2.7338498381435255e+34	1.2995871885791935e+34	7.997388861656809e+33	5.266183910189234e+33
1355.9791947161298	2.088852502928385e+38	2.8929596975742786e+35	1.6172566593814619e+35	8.433324251502556e+34	5.407525285293048e+34	2.909406109513401e+34	7.306769834506996e+33	3.5923332797074873e+33	1.3541659732894703e+33	9.936794892905322e+34	4.726390937763039e+34	2.909406109513401e+34	1.9162351559766695e+34
1408.350988790041	6.176667445275968e+38	9.416379790445042e+35	5.267821560243767e+35	2.748698133797569e+35	1.7631154424101685e+35	9.489949636482703e+34	2.384868851801972e+34	1.172775015027162e+34	4.421931327641762e+33	3.238255633148175e+35	1.5411814759198586e+35	9.489949636482703e+34	6.251835870812654e+34
1462.2174751373034	1.6549179614506854e+39	2.775405156921623e+36	1.553794146442353e+36	8.112859125938595e+35	5.205784319734947e+35	2.8031862253652012e+35	7.049206589362073e+34	3.4673072004984472e+34	1.3076591739316993e+34	9.556363696511515e+35	4.550953488388419e+35	2.8031862253652012e+35	1.847131143415428e+35
1517.6153053154176	4.0555081738063213e+39	7.475028213864682e+36	4.1880187121711995e+36	2.1881703925358e+36	1.4046111144351805e+36	7.56674828858292e+35	1.9041129730613525e+35	9.368051732822328e+34	3.533939800150632e+34	2.5771089966047664e+36	1.228051720090781e+36	7.56674828858292e+35	4.987235118481201e+35
1574.5821938057204	9.157256952769963e+39	1.8540577834975976e+37	1.0395802963174856e+37	5.435402079169917e+36	3.490393201754134e+36	1.8811379549864944e+36	4.737051197619425e+35	2.3311608559178107e+35	8.796155892113934e+34	6.400504004392541e+36	3.0519723506560376e+36	1.8811379549864944e+36	1.2401640602982824e+36
1633.156956337282	1.9188796228839097e+40	4.264855244273755e+37	2.3932502647357183e+37	1.2521941368967486e+37	8.044274977832942e+36	4.337423615864965e+36	1.0930295034032482e+36	5.38030202820846e+35	2.0306787535732807e+35	1.474290274979223e+37	7.034611959022626e+36	4.337423615864965e+36	2.8602325523976866e+36
1693.3795505525259	3.750546141308025e+40	9.150466600096491e+37	5.139122882123935e+37	2.6908766055161615e+37	1.7293696513682284e+37	9.329074092764038e+36	2.352677051170358e+36	1.1583814480585577e+36	4.373247440175217e+35	3.1676075388541465e+37	1.5124804259817812e+37	9.329074092764038e+36	6.153511570380103e+36
1755.2911162745665	6.869383278491689e+40	1.840216335168257e+38	1.0344062345089897e+38	5.420382146177904e+37	3.4850563969294372e+37	1.880937431101696e+37	4.7471657591374886e+36	2.3379896246867366e+36	8.829120281875385e+35	6.379561414472313e+37	3.0483325402895257e+37	1.880937431101696e+37	1.2410185555361654e+37
1818.9340190350524	1.1816828939981782e+41	3.481049076318803e+38	1.9585265896880314e+38	1.0271180393687418e+38	6.606875566971845e+37	3.5676804974380044e+37	9.011563747860654e+36	4.439494588379382e+36	1.677016075506937e+36	1.2086497336577865e+38	5.779655845272086e+37	3.5676804974380044e+37	2.3545921888223803e+37
1884.3518949981415	2.036234114443835e+41	6.323734157508167e+38	3.55975564284306e+38	1.867723227167807e+38	1.2017117810129189e+38	6.491110086603576e+37	1.6403466604324444e+37	8.082404047005873e+36	3.053640281916998e+36	2.1975886086183507e+38	1.0513242043474217e+38	6.491110086603576e+37	4.284702315104222e+37
1951.5896975328237	3.505841235671062e+41	1.10425899490416e+39	6.216973062444273e+38	3.2623142037103326e+38	2.0991519328570907e+38	1.1339590062676423e+38	2.8659508665131815e+37	1.4121895551677743e+37	5.33568532884455e+36	3.83837289399012e+38	1.8364895476535353e+38	1.1339590062676423e+38	7.485459729770193e+37
2020.6937472852262	5.068627411022252e+41	1.7646994882178783e+39	9.945481794885613e+38	5.223585518823303e+38	3.3628460572287377e+38	1.817664023942181e+38	4.598145029037161e+37	2.2664565833978174e+37	8.566218625135696e+36	6.144679115994246e+38	2.9424663088644025e+38	1.817664023942181e+38	1.2002619840686821e+38
2091.711784162395	7.276810330462147e+41	2.71048955487411e+39	1.5286722563852723e+39	8.034025723626469e+38	5.17398129162741e+38	2.7977425087798465e+38	7.0819619160084335e+37	3.4915324072606056e+37	1.319952735992537e+37	9.44931685925397e+38	4.527631738825791e+38	2.7977425087798465e+38	1.847857839163263e+38
2164.693021586133	9.408222367355644e+41	3.8916345001079606e+39	2.197351646347567e+39	1.1560105551637288e+39	7.44903077256125e+38	4.0305628793937316e+38	1.0213059137422248e+38	5.037037599125518e+37	1.9049291045178405e+37	1.3593374819055435e+39	6.51948105337982e+38	4.0305628793937316e+38	2.6630814633114386e+38
2239.688202752549	1.1635443200953086e+42	5.319176662181978e+39	3.0068388169328386e+39	1.5834822165758903e+39	1.0209299547336318e+39	5.527682028410547e+38	1.4020850192823027e+38	6.917503284814119e+37	2.6170563478055496e+37	1.8615623963342978e+39	8.936671403760187e+38	5.527682028410547e+38	3.6535802428993074e+38
2316.7496600810955	1.3245592800017302e+42	6.852116163492524e+39	3.879138230274559e+39	2.0455422243223014e+39	1.319798615212931e+39	7.151845777878186e+38	1.8164323625939432e+38	8.965927811445766e+37	3.3936382127648244e+37	2.404042492309381e+39	1.1555096383000921e+39	7.151845777878186e+38	4.729294583684278e+38
2395.931377049115	1.4412334963251005e+42	8.429176898062463e+39	4.779352520753067e+39	2.523697129261415e+39	1.6295455914352272e+39	8.838036735363262e+38	2.2477631032540476e+38	1.1100328386372286e+38	4.203598255634665e+37	2.965067286880255e+39	1.4269940286253763e+39	8.838036735363262e+38	5.847162885926291e+38
2477.289052854436	1.4707244153674168e+42	9.877016253121983e+39	5.610619680601982e+39	2.9674701230745794e+39	1.9178198359866878e+39	1.0412307143735573e+39	2.652444023297363e+38	1.3106288927516003e+38	4.966153282285652e+37	3.4851509478222805e+39	1.6798481974054905e+39	1.0412307143735573e+39	6.892662812685769e+38
2560.880169692067	1.457232525590306e+42	1.118635355067255e+40	6.36639949973958e+39	3.37281899041966e+39	2.181802377712883e+39	1.185807669437559e+39	3.025748581151108e+38	1.4959587583665455e+38	5.671789505382597e+37	3.959702118111466e+39	1.9115540384451796e+39	1.185807669437559e+39	7.854351565616426e+38
2646.764065192196	1.3890215540189341e+42	1.2274074842224765e+40	7.000190805739418e+39	3.715490562861962e+39	2.4059435270860352e+39	1.3091709852090228e+39	3.3466914089442693e+38	1.655709670130583e+38	6.28165225220788e+37	4.3601438618672536e+39	2.1085212686001424e+39	1.3091709852090228e+39	8.677158501201298e+38
2735.0020075451694	1.3143174075094819e+42	1.3247758587438491e+40	7.571323542174345e+39	4.0260383373736544e+39	2.609694641717214e+39	1.4216982724299267e+39	3.640981757965679e+38	1.8024590464896222e+38	6.842909286823e+37	4.722581674203337e+39	2.2877175884810676e+39	1.4216982724299267e+39	9.429107388809698e+38
2825.657274366093	1.2253694507650342e+42	1.4111338105928258e+40	8.08300030311377e+39	4.3066191670698085e+39	2.7946183388108095e+39	1.5243442846764274e+39	3.91148318463899e+38	1.9376979325935528e+38	7.361508640447e+37	5.0494230348600026e+39	2.4505521759386478e+39	1.5243442846764274e+39	1.0116914769322034e+39
2918.795234610386	1.1515568130790609e+42	1.5012298894616098e+40	8.618140686484945e+39	4.6006902808195255e+39	2.988657749419609e+39	1.63219157176489e+39	4.1962658015503256e+38	2.080176625476064e+38	7.908260936940332e+37	5.391813575148773e+39	2.621467000545948e+39	1.63219157176489e+39	1.0840097586392328e+39
3014.4834355174876	1.154771199839781e+42	1.6232067941129166e+40	9.333806962186029e+39	4.9900036026017767e+39	3.244172487100088e+39	1.7733703137960923e+39	4.56579702540999e+38	2.2645061942501256e+38	8.613499316896455e+37	5.846122853849174e+39	2.846211274322655e+39	1.7733703137960923e+39	1.1783770364265324e+39
3112.791693224204	1.2774644678371416e+42	1.8299154400628248e+40	1.0524129879848433e+40	5.627152664132263e+39	3.6586821381779225e+39	2.000126178131796e+39	5.150290446027733e+38	2.5545149640812555e+38	9.717056961220975e+37	6.592377217767605e+39	3.209938759218509e+39	2.000126178131796e+39	1.3291155054030943e+39
3213.792187757416	1.4078177718434698e+42	2.0619586030073113e+40	1.1863217468603563e+40	6.345292186888588e+39	4.126372460110158e+39	2.2562822037565576e+39	5.8118084856899415e+38	2.88295798583135e+38	1.096771393530655e+38	7.43312565813427e+39	3.6204487070631464e+39	2.2562822037565576e+39	1.4995120512535566e+39
3317.559562777099	1.3877786853542752e+42	2.2468789554330963e+40	1.2952939483336575e+40	6.940287814435838e+39	4.5176608459923025e+39	2.4729640015525926e+39	6.380898712644012e+38	3.1671634787226957e+38	1.205636305074089e+38	8.126875181002007e+39	3.9648002694130925e+39	2.4729640015525926e+39	1.6445248392606834e+39
3424.1718206987734	1.3762322790446845e+42	2.456138789230871e+40	1.4188415265752287e+40	7.615977139464036e+39	4.962418478911307e+39	2.7195094177671902e+39	7.029459035898462e+38	3.491237594317388e+38	1.3298438074460574e+38	8.914415536651445e+39	4.356303151605353e+39	2.7195094177671902e+39	1.8096179687691776e+39
3533.7132710228075	1.3425528805589297e+42	2.671765613541519e+40	1.547105154691205e+40	8.321913876775676e+39	5.428669032122857e+39	2.97895575834036e+39	7.715909745590907e+38	3.83492505197169e+38	1.461833082807154e+38	9.736036145128912e+39	4.7670996896104426e+39	2.97895575834036e+39	1.98371185974874e+39
3646.27190789193	1.3023358369105847e+42	2.894430908561656e+40	1.6804618411862488e+40	9.060122358332992e+39	5.917744988462574e+39	3.25204786739537e+39	8.442268073934217e+38	4.199248361065875e+38	1.6020025935669657e+38	1.0594101358890239e+40	5.198364222785374e+39	3.25204786739537e+39	2.1673094106889457e+39
3761.936865860451	1.2650390712093983e+42	3.1324159103382042e+40	1.8235189453013596e+40	9.854513978633334e+39	6.4449348644365e+39	3.546982975688067e+39	9.229001058921127e+38	4.5942481616071124e+38	1.754128560488637e+38	1.1516817416766041e+40	5.663448804159627e+39	3.546982975688067e+39	2.3657987169878165e+39
3881.1442314121705	1.216775789354843e+42	3.360134345105261e+40	1.9619188731100049e+40	1.0630107380102867e+40	6.962156660282367e+39	3.8379073814453354e+39	1.0011339499191938e+39	4.9881231586320864e+38	1.906242447656827e+38	1.2415852158187835e+40	6.120331131688803e+39	3.8379073814453354e+39	2.5621629788586165e+39
4004.0637040107213	1.1788735597404201e+42	3.6065214571005736e+40	2.1119140760064907e+40	1.147193628203902e+40	7.524017363073042e+39	4.154243399674789e+39	1.086329321134249e+39	5.417273315542372e+38	2.0720693586443147e+38	1.3391329106312207e+40	6.616757488987058e+39	4.154243399674789e+39	2.77579350748291e+39
4130.801954844935	1.1337202385285923e+42	3.845085834756001e+40	2.2589146900487194e+40	1.2305218631173792e+40	8.08310471581924e+39	4.470851877191531e+39	1.1723389664826924e+39	5.851794232606664e+38	2.2404660397090668e+38	1.4354755025480795e+40	7.111424170646262e+39	4.470851877191531e+39	2.99028025320197e+39
4261.4565831049495	1.3802783837838286e+42	4.447667744335381e+40	2.609538647002159e+40	1.4199285646010903e+40	9.321581403201313e+39	5.152292087192351e+39	1.3495836441336917e+39	6.734024976020839e+38	2.5772707305159767e+38	1.656851738065884e+40	8.199667701686019e+39	5.152292087192351e+39	3.4447364037207613e+39
4396.171763205816	1.4259597512397336e+42	4.918198074681363e+40	2.8891044461948473e+40	1.5736764170050927e+40	1.0336696072738973e+40	5.716976599099687e+39	1.498937036955048e+39	7.481733652603623e+38	2.864400236469815e+38	1.8358231019686862e+40	9.093975403889408e+39	5.716976599099687e+39	3.823596756802875e+39
4535.083029958255	1.3935778832105074e+42	5.254637944854377e+40	3.0959537914934755e+40	1.690741772481969e+40	1.112153922713853e+40	6.161082349991454e+39	1.6194576316615958e+39	8.090411781109438e+38	3.100220024394695e+38	1.9712182322199672e+40	9.788250350263895e+39	6.161082349991454e+39	4.1243383266699054e+39
4678.313802328073	1.3486605939031839e+42	5.607134535741575e+40	3.314015857837084e+40	1.8147762600549304e+40	1.1955306515613452e+40	6.634246418524212e+39	1.7484183782952846e+39	8.742660973647481e+38	3.3532882059096115e+38	2.1145127064052864e+40	1.0526320874131697e+40	6.634246418524212e+39	4.445260060800708e+39
4826.020291068854	1.312964580780179e+42	5.965498561233096e+40	3.537582040660392e+40	1.9428406900296316e+40	1.2819404476951254e+40	7.126679780469714e+39	1.8834780795497604e+39	9.427222039548727e+38	3.619467804451678e+38	2.2622287716129963e+40	1.1292008907128015e+40	7.126679780469714e+39	4.780011786152847e+39
4978.272897034842	1.26247671395181e+42	6.326974396797215e+40	3.7656277661793935e+40	2.0746478800144645e+40	1.3712895239261613e+40	7.638447574395703e+39	2.0248837666071733e+39	1.0145718618167811e+39	3.8995312841168176e+38	2.413960392349152e+40	1.2084712107411221e+40	7.638447574395703e+39	5.128849214427536e+39
5135.490916097897	1.2240980454247055e+42	6.700718881181897e+40	4.0028349927031015e+40	2.212453872129956e+40	1.464963251085528e+40	8.176649822137235e+39	2.1742934445359906e+39	1.090610647768078e+39	4.196406291183814e+38	2.572414165646582e+40	1.2916399139035594e+40	8.176649822137235e+39	5.496326646336246e+39
5297.206398621683	1.1948911180893352e+42	7.13090082666088e+40	4.275452984294962e+40	2.370680708856102e+40	1.5724745140575677e+40	8.79412670748309e+39	2.3456406647683838e+39	1.1778053539617186e+39	4.5368090097845905e+38	2.754383403048061e+40	1.387085138548842e+40	8.79412670748309e+39	5.917861176270598e+39
5463.378378172288	1.3804417355821766e+42	8.182961918756963e+40	4.900441876920689e+40	2.714370196983231e+40	1.7993898751125197e+40	1.0056394938129849e+40	2.6795036590109103e+39	1.3449495439053969e+39	5.178674445400502e+38	3.1544625793882893e+40	1.5869951031133135e+40	1.0056394938129849e+40	6.764749208108464e+39
5634.611773251676	1.407207198753975e+42	8.834724753221864e+40	5.304171269697178e+40	2.944480856117949e+40	1.9542916102176235e+40	1.0937091726711118e+40	2.9203290044005084e+39	1.4669057857880596e+39	5.6524885748435704e+38	3.420163897661126e+40	1.724175131458673e+40	1.0937091726711118e+40	7.362748250087648e+39
5810.825251347611	1.353431115205497e+42	9.338853287717246e+40	5.6298263541472955e+40	3.136366477741465e+40	2.0856858725286402e+40	1.169808085293167e+40	3.1340754770699963e+39	1.5761130826629177e+39	6.080527541388484e+38	3.6401099088243457e+40	1.8410600541736283e+40	1.169808085293167e+40	7.884569147037937e+39
5992.186544154535	1.3139594124654992e+42	9.837629598780842e+40	5.956113709915608e+40	3.330622651456741e+40	2.2194286241978444e+40	1.2477328370982723e+40	3.354904394478883e+39	1.6892769843766355e+39	6.52540689922531e+38	3.8622599899383393e+40	1.9602059710493247e+40	1.2477328370982723e+40	8.4206392208623e+39
6178.990147288018	1.2613885788641156e+42	1.035113955569885e+41	6.295287969367649e+40	3.53405087222686e+40	2.3600096114192717e+40	1.3299694527914899e+40	3.589285139184735e+39	1.8096096592725747e+39	6.999341375644408e+38	4.0945236181622573e+40	2.0855656306359507e+40	1.3299694527914899e+40	8.987562223285615e+39
6371.5030557933005	1.2223493571630962e+42	1.0852752078082836e+41	6.631549325436536e+40	3.738165626158743e+40	2.501950655259276e+40	1.4135733579978652e+40	3.829982001558984e+39	1.933603503792741e+39	7.489348340862465e+38	4.3269506499005107e+40	2.212347842805433e+40	1.4135733579978652e+40	9.566037152329772e+39
6569.46106578942	1.2688473047003418e+42	1.186954775329824e+41	7.266557926890603e+40	4.102693185010411e+40	2.7483021118578017e+40	1.5542633744373773e+40	4.21735191484822e+39	2.1302397512979172e+39	8.255159331487512e+38	4.747172785073221e+40	2.4307469234211733e+40	1.5542633744373773e+40	1.0523688485350927e+40
6773.4020511619565	1.3349055938035174e+42	1.2931751744178808e+41	7.932041048933059e+40	4.485873788115108e+40	3.007711921617971e+40	1.702714274764239e+40	4.6274267011050314e+39	2.3386430176425662e+39	9.067766902452522e+38	5.188584814606007e+40	2.6608333154781843e+40	1.702714274764239e+40	1.1535334315569518e+40
6983.838652767861	1.330649332926169e+42	1.371039812647511e+41	8.442531419115672e+40	4.790805909984736e+40	3.2181296126707023e+40	1.8256683085781163e+40	4.977610312201671e+39	2.5184297393749645e+39	9.775943112082273e+38	5.537005257740319e+40	2.848409350187088e+40	1.8256683085781163e+40	1.238263378118657e+40
7200.850211100568	1.2960898343208147e+42	1.4444993674352817e+41	8.935755075075018e+40	5.090816961602145e+40	3.4270362525989636e+40	1.9489200646138027e+40	5.333448335522934e+39	2.7019257666568157e+39	1.0501866980118894e+39	5.878453697393316e+40	3.0350769335761676e+40	1.9489200646138027e+40	1.3236271861051977e+40
7424.937817679024	1.2427425892904652e+42	1.4965852460714814e+41	9.311654065401658e+40	5.331821917628037e+40	3.599219942706336e+40	2.0532728868132326e+40	5.646189349041279e+39	2.865137249131104e+39	1.1155137448254555e+39	6.149665406179739e+40	3.1899502164939925e+40	2.0532728868132326e+40	1.3969138346151554e+40
7657.0054901059275	1.1973543981025027e+42	1.559710222906404e+41	9.756641787612068e+40	5.612711363968922e+40	3.7984805114395287e+40	2.17318752471641e+40	6.002298705144519e+39	3.0504692874072646e+39	1.1895005479646408e+39	6.466782438173101e+40	3.3688616240430494e+40	2.17318752471641e+40	1.4808357807815394e+40
7897.938705665332	1.3367765591707184e+42	1.7334720941094302e+41	1.0840606701407648e+41	6.234968637656688e+40	4.21916298636635e+40	2.413607535271865e+40	6.665358727137771e+39	3.3872944519986016e+39	1.3207851550579872e+39	7.184055081695984e+40	3.7418638732291237e+40	2.413607535271865e+40	1.6445700663300213e+40
8147.186369362424	1.301887597079233e+42	1.835341905659358e+41	1.1531185190395857e+41	6.658253629354323e+40	4.515075166539086e+40	2.5889414198549423e+40	7.174724631145161e+39	3.650502371045754e+39	1.425125518878726e+39	7.664989427798049e+40	4.0065496712588727e+40	2.5889414198549423e+40	1.7662832535946153e+40
8405.214079515003	1.2691948595221067e+42	1.8965560020587717e+41	1.1987593765419878e+41	6.958732067427488e+40	4.732748488635246e+40	2.7228895082592835e+40	7.585275068387605e+39	3.866370668376714e+39	1.5121776402227642e+39	8.001139888189724e+40	4.203060292550519e+40	2.7228895082592835e+40	1.8611276970600494e+40
8672.79002644736	1.2143529223004864e+42	1.9682202780088905e+41	1.251830858487799e+41	7.305943692809875e+40	4.983399141797325e+40	2.87652016021133e+40	8.053320145858848e+39	4.111964402301802e+39	1.6110125177457922e+39	8.390133774733014e+40	4.429128355048375e+40	2.87652016021133e+40	1.969672269691228e+40
8950.114427644106	1.227653843402246e+42	2.090885778000591e+41	1.3354442787341146e+41	7.822222335050974e+40	5.346063433647715e+40	3.0927019725945117e+40	8.687767925166505e+39	4.4410291967974867e+39	1.741965411557808e+39	8.975643433013941e+40	4.753970811874778e+40	3.0927019725945117e+40	2.120271866370794e+40
9236.583343816286	1.2796622925324024e+42	2.266049132328091e+41	1.451194898149197e+41	8.519614804538727e+40	5.829845961810901e+40	3.37720861317208e+40	9.506673723784212e+39	4.863072462568989e+39	1.9088672811804232e+39	9.77083545448112e+40	5.185878743623528e+40	3.37720861317208e+40	2.317057000016321e+40
9531.355446343696	1.2846036342801428e+42	2.389882000485089e+41	1.5383298490725574e+41	9.071849761845584e+40	6.223115776657322e+40	3.615188231228469e+40	1.0220736726186609e+40	5.236178109521268e+39	2.0584441797439335e+39	1.0393490972522864e+41	5.539415439262304e+40	3.615188231228469e+40	2.48418657378807e+40
9836.160082820532	1.221580389763216e+42	2.4537690821628463e+41	1.5915232509858288e+41	9.447896594860193e+40	6.504540043332792e+40	3.7941308323356092e+40	1.0793618220830445e+40	5.541496889683644e+39	2.1831818228462284e+39	1.0808027074019393e+41	5.795561482190172e+40	3.7941308323356092e+40	2.6129945989033656e+40
10151.752828552837	1.1913731845619706e+42	2.5294591906866315e+41	1.6518201676460003e+41	9.865393573018868e+40	6.814802049345874e+40	3.9903703645888334e+40	1.1419330983416405e+40	5.874791894456866e+39	2.3193224326680858e+39	1.1269969101741461e+41	6.077534868348615e+40	3.9903703645888334e+40	2.753979117767003e+40
10478.511989700308	1.2808267410589223e+42	2.7755219231219634e+41	1.8149661990513236e+41	1.0851968058320645e+41	7.500762425724525e+40	4.394913421356054e+40	1.2589257297841094e+40	6.478787357758989e+39	2.5586105849218282e+39	1.2393886728159828e+41	6.690340342500463e+40	4.394913421356054e+40	3.0342501617031305e+40
10816.743137127498	1.248817976908485e+42	2.882144989679447e+41	1.8979675920168584e+41	1.1417088035662786e+41	7.917243221502733e+40	4.656007280692819e+40	1.341129184206915e+40	6.914851932928183e+39	2.73600549088782e+39	1.302144239342398e+41	7.06802893017641e+40	4.656007280692819e+40	3.220954630027322e+40
11165.658840700897	1.2150610224942307e+42	2.963064452527657e+41	1.965798085105912e+41	1.190406293560057e+41	8.285593769740741e+40	4.893369318096054e+40	1.4188199436409081e+40	7.33219158488586e+39	2.907892412253321e+39	1.3556094184633307e+41	7.40432597144551e+40	4.893369318096054e+40	3.393146465736904e+40
11526.10323991162	1.194147383140168e+42	3.0750951498988935e+41	2.0546018877783475e+41	1.2519081448896327e+41	8.743252015018697e+40	5.183492379620479e+40	1.5117538952044128e+40	7.82812193330185e+39	3.110857566681334e+39	1.4236360763622883e+41	7.820453504934669e+40	5.183492379620479e+40	3.601897012349244e+40
11899.922156482999	1.2532385936593226e+42	3.317546458485925e+41	2.223544138979824e+41	1.3584387582256538e+41	9.500664498013476e+40	5.641359411730874e+40	1.6491234627506179e+40	8.546116363974908e+39	3.3988351476882694e+39	1.5438599153470064e+41	8.5011256822315935e+40	5.641359411730874e+40	3.923377973239458e+40
12288.180964133537	1.2320497761524929e+42	3.4406600295648314e+41	2.322099261502186e+41	1.4272565397413886e+41	1.0015038172860298e+41	5.969068595331848e+40	1.7548975009622836e+40	9.112031431210816e+39	3.6310469710580584e+39	1.619837654954323e+41	8.969379828122178e+40	5.969068595331848e+40	4.159818985935592e+40
12691.761677065915	1.1856206909751785e+42	3.484808731062224e+41	2.373048856284625e+41	1.470320063905217e+41	1.036335669797513e+41	6.208271075107988e+40	1.8396698062447333e+40	9.578265338676921e+39	3.8273873258744994e+39	1.665638501697849e+41	9.292583245326384e+40	6.208271075107988e+40	4.3387588532476923e+40
13111.829449371025	1.248648072043955e+42	3.768813114189734e+41	2.5734189978748404e+41	1.5981041364345527e+41	1.1277733362000281e+41	6.76518742267701e+40	2.0087636851653238e+40	1.046581897760959e+40	4.1849181802817526e+39	1.809470080366658e+41	1.0115768215951287e+41	6.76518742267701e+40	4.731442437219231e+40
13547.901604662367	1.2125086023051661e+42	3.863391459821471e+41	2.661450310037743e+41	1.6655774994995506e+41	1.1803472362942525e+41	7.114225009735625e+40	2.127630839538624e+40	1.1112246947249499e+40	4.4543258146042204e+39	1.8825583392314825e+41	1.0599340546210297e+41	7.114225009735625e+40	4.988475405361803e+40
14000.635292192683	1.1864646853195802e+42	3.930407365984013e+41	2.730083778334054e+41	1.7215822996292037e+41	1.2253238175810311e+41	7.422522317050794e+40	2.237498426599707e+40	1.171861426033897e+40	4.710728436644831e+39	1.9424232508863895e+41	1.1016276753606427e+41	7.422522317050794e+40	5.219344014909073e+40
14471.398219353412	1.2350348189464554e+42	4.213223555775542e+41	2.9390990919126512e+41	1.8600973895746627e+41	1.326456080420776e+41	8.052191148312457e+40	2.4348933313727607e+40	1.276566057297467e+40	5.1369044286078446e+39	2.0970033296443066e+41	1.1931597463033427e+41	8.052191148312457e+40	5.6685657523753275e+40
14961.489259177162	1.2037398177450839e+42	4.279640665840685e+41	3.0138855416511978e+41	1.9236989607699613e+41	1.378293474502594e+41	8.4119564209202e+40	2.5647531867392744e+40	1.3484605659220722e+40	5.4417138513825305e+39	2.16447992366732e+41	1.2413733528308085e+41	8.4119564209202e+40	5.939416796624064e+40
15470.755846374062	1.2025788962322077e+42	4.418696562810113e+41	3.135386949939927e+41	2.014990360511661e+41	1.4492615263549325e+41	8.884338718355641e+40	2.7275317862853873e+40	1.437483784741951e+40	5.815075320106699e+39	2.263619007193823e+41	1.3066604110627173e+41	8.884338718355641e+40	6.288433686794616e+40
16001.332516027282	1.2495264141799867e+42	4.686606675876719e+41	3.3424554763327034e+41	2.157697166862885e+41	1.5557143353014136e+41	9.563415853052807e+40	2.9484132260255775e+40	1.5561255523667338e+40	6.304093344789373e+39	2.421460925864522e+41	1.4035672778752796e+41	9.563415853052807e+40	6.779394204056026e+40
16554.027724579413	1.2849660960907207e+42	4.8684038592096675e+41	3.4928421133728944e+41	2.2676591683652285e+41	1.6404345057163142e+41	1.0123885589677495e+41	3.140988205630295e+40	1.6614899943864657e+40	6.746441071455522e+39	2.541457476763729e+41	1.4813639158173704e+41	1.0123885589677495e+41	7.192731438960422e+40
17129.07053877069	1.427116482811859e+42	5.317262136275132e+41	3.81801075285611e+41	2.481344685095954e+41	1.7962527929992086e+41	1.109523030006529e+41	3.4475794854370643e+40	1.8246967127992828e+40	7.41350128716497e+39	2.780214461844429e+41	1.62239687196943e+41	1.109523030006529e+41	7.88696275148132e+40
17727.784494935924	1.6447792869888012e+42	5.826299668125091e+41	4.178559610946423e+41	2.7150257325852864e+41	1.9657683872368604e+41	1.2147849559986042e+41	3.7791044907122473e+40	2.001212344163082e+40	8.135417173615392e+39	3.0420080826034493e+41	1.7756560339987365e+41	1.2147849559986042e+41	8.638316878129495e+40
18351.042023113	2.080254865082902e+42	6.724292204136482e+41	4.777856490802981e+41	3.082579779692417e+41	2.2243565162693725e+41	1.3699448681686738e+41	4.2438658752910683e+40	2.2446695734846716e+40	9.115447560312122e+39	3.4590527624229604e+41	2.007529228204159e+41	1.3699448681686738e+41	9.725598575070791e+40
19001.273445230072	2.825061970992288e+42	8.151712009404532e+41	5.722639345713807e+41	3.654515481721299e+41	2.6226359321956667e+41	1.6054243277351439e+41	4.9285342975520835e+40	2.598933324099307e+40	1.0522395461124831e+40	4.1103183682313794e+41	2.363522200923968e+41	1.6054243277351439e+41	1.1359845920853326e+41
19679.809351535303	3.950500287801176e+42	1.0080176269043044e+42	6.981823914085412e+41	4.407344543374391e+41	3.1431188429702183e+41	1.910506082102769e+41	5.8027480073792655e+40	3.0488084508544963e+40	1.2298750141446007e+40	4.9700636718349935e+41	2.8278103946294384e+41	1.910506082102769e+41	1.3466518858016142e+41
20387.006790469455	5.704390936186266e+42	1.2700858563683711e+42	8.663148068506377e+41	5.395966338814919e+41	3.820180921275907e+41	2.3030809624301792e+41	6.909283980791548e+40	3.6150984956421185e+40	1.452255158195373e+40	6.103476590180361e+41	3.4302160236175556e+41	2.3030809624301792e+41	1.6161220112644301e+41
21124.498750188766	8.030790521123897e+42	1.584873668250309e+42	1.0671003176158704e+42	6.5710128039830884e+41	4.622863179230024e+41	2.7671133249919624e+41	8.210749317598234e+40	4.279882597652264e+40	1.712778762547287e+40	7.452050678737459e+41	4.1438931586423565e+41	2.7671133249919624e+41	1.9340979252101367e+41
21895.105620665858	1.1293736941703392e+43	1.9672266084239823e+42	1.3086835089584057e+42	7.973297856864046e+41	5.576517208477064e+41	3.3156627523172076e+41	9.737588066178028e+40	5.057764041703854e+40	2.0168281558236334e+40	9.06441566408833e+41	4.99078599532261e+41	3.3156627523172076e+41	2.308957528667718e+41
22700.27353144037	1.527314755713677e+43	2.4163603478621472e+42	1.5917274252161028e+42	9.611466974119741e+41	6.688538773687794e+41	3.953851553504533e+41	1.150716885614432e+41	5.958066837968807e+40	2.3682237770579747e+40	1.0949352909300061e+42	5.977798780199055e+41	3.953851553504533e+41	2.7444942087787996e+41
23541.957093822784	2.0142078672301372e+43	2.891247313580285e+42	1.8894120660015485e+42	1.1329517386668595e+42	7.853951921622496e+41	4.622658192167423e+41	1.3364687582742694e+41	6.904105722557404e+40	2.7379602688339066e+40	1.2927147189542904e+42	7.012113348585158e+41	4.622658192167423e+41	3.201085136242144e+41
24421.48149962189	2.597171099749636e+43	3.476029837515077e+42	2.255899252806613e+42	1.3441277113565442e+42	9.28420029306236e+41	5.4414487830690406e+41	1.5626807685493707e+41	8.053590243176773e+40	3.1860629051970786e+40	1.53593851194221e+42	8.280819656467117e+41	5.4414487830690406e+41	3.759135579912639e+41
25341.90738892688	3.1876482821079097e+43	3.980117692826762e+42	2.573029428130342e+42	1.5281114393548733e+42	1.0536890889518224e+42	6.163955563447099e+41	1.7652315128468082e+41	9.089000537997973e+40	3.592342790454214e+40	1.7474487374730878e+42	9.393837113838461e+41	6.163955563447099e+41	4.2539305824698304e+41
26305.25153454374	3.9045181569323627e+43	4.643815889401499e+42	2.9887949157019756e+42	1.7678507905293917e+42	1.2162076934104176e+42	7.095802707078039e+41	2.023619730163798e+41	1.0404145006886593e+41	4.105987431015236e+40	2.023497971438899e+42	1.0835924118470465e+42	7.095802707078039e+41	4.8897518340151196e+41
27315.0470269303	4.576110857468477e+43	5.318859925830504e+42	3.415295653783378e+42	2.0155404113859638e+42	1.3847490633850673e+42	8.066184933361781e+41	2.294320602425312e+41	1.1784699090061018e+41	4.646238797891415e+40	2.3082465136720685e+42	1.2332946228102412e+42	8.066184933361781e+41	5.553331192352391e+41
28375.06754974018	5.196512023216538e+43	5.846908377457426e+42	3.754818997844992e+42	2.216551968582215e+42	1.5231884605535834e+42	8.875236625799163e+41	2.525801339125956e+41	1.2976342867677627e+41	5.117159311640426e+40	2.5382477984939076e+42	1.3566828187789507e+42	8.875236625799163e+41	6.111455152472306e+41
29487.590732775563	5.877855361005817e+43	6.54710896819771e+42	4.197578621154324e+42	2.4745037223457924e+42	1.699237437555366e+42	9.89354024925143e+41	2.8127069458104553e+41	1.4445808177611449e+41	5.694962939248031e+40	2.8345072346697116e+42	1.513206218936183e+42	9.89354024925143e+41	6.810005773918643e+41
30655.64208411083	6.430498492977363e+43	7.221432227554824e+42	4.633614503136091e+42	2.7333109678048307e+42	1.877564936944632e+42	1.0935459885719402e+42	3.1102637910037996e+41	1.5976027995344641e+41	6.298936403671106e+40	3.13052542628012e+42	1.6721485999990202e+42	1.0935459885719402e+42	7.52844181183911e+41
31883.643193457137	6.839291329465956e+43	7.795983086622086e+42	5.014600184356959e+42	2.9645600047776887e+42	2.0388879529193016e+42	1.1891407651407686e+42	3.3892538694557525e+41	1.7421538630640492e+41	6.873813049725156e+40	3.393670586995437e+42	1.816417747571076e+42	1.1891407651407686e+42	8.192747245706718e+41
33175.53737450023	7.113386786811387e+43	8.222646186466407e+42	5.304424311738266e+42	3.145285918269644e+42	2.1671440729645258e+42	1.2667813359239252e+42	3.6242291383678555e+41	1.8655415243916707e+41	7.371415973166123e+40	3.597962809395931e+42	1.9316794522648032e+42	1.2667813359239252e+42	8.739114528983673e+41
34535.59083638914	7.344943644462969e+43	8.763882900976664e+42	5.670399535659247e+42	3.3716177663423e+42	2.3268059737782367e+42	1.3626804919502595e+42	3.910541834574701e+41	2.0151363032198006e+41	7.971592245665562e+40	3.854372700632615e+42	2.0749110891278794e+42	1.3626804919502595e+42	9.410809121018174e+41
35969.890424336576	7.410280869827859e+43	9.242521092662432e+42	6.004603114687214e+42	3.5838342892404425e+42	2.4785869044908598e+42	1.455219176935902e+42	4.192801033297897e+41	2.163638417728511e+41	8.571434095357054e+40	4.0933814748036366e+42	2.2115675314070944e+42	1.455219176935902e+42	1.006411217717794e+42
37482.820880040155	7.29886803950549e+43	9.606312568583577e+42	6.275657829964963e+42	3.764777620372062e+42	2.6112937525629567e+42	1.538320223111595e+42	4.4559915396600694e+41	2.3037907988701516e+41	9.144263270643872e+40	4.294957903835169e+42	2.3318333910053176e+42	1.538320223111595e+42	1.0659037139180148e+42
39079.96803986783	7.017903274877159e+43	9.838736810101492e+42	6.470958714014835e+42	3.9062615980487096e+42	2.7191316372764406e+42	1.6085655184658305e+42	4.690696866367239e+41	2.4308898449593748e+41	9.672238302439192e+40	4.449887469975423e+42	2.4305210402631773e+42	1.6085655184658305e+42	1.1172140428280508e+42
40766.631763261816	6.57590430276059e+43	9.922639294992389e+42	6.580930413924913e+42	4.0035728481503975e+42	2.7992582728382945e+42	1.6645771223484904e+42	4.894272882700512e+41	2.543808834415905e+41	1.0151847927713617e+41	4.552511461932736e+42	2.5051980629764833e+42	1.6645771223484904e+42	1.1595026722345288e+42
42550.821597210794	6.00577338882631e+43	9.815827135061312e+42	6.574733500286401e+42	4.0371449446986754e+42	2.8379325686761304e+42	1.698285925636804e+42	5.0443714498582505e+41	2.631312793349575e+41	1.0540061188493912e+41	4.5807101694518804e+42	2.5435821176704613e+42	1.698285925636804e+42	1.1872354284809269e+42
44440.68392920701	5.374594254108569e+43	9.55851696637109e+42	6.473758710607236e+42	4.017003779170103e+42	2.84105303218e+42	1.712514802731031e+42	5.1469114996013124e+41	2.6961912529551388e+41	1.0847188604089746e+41	4.546657506868882e+42	2.5506948197048213e+42	1.712514802731031e+42	1.2021482182259091e+42
46445.1241617449	4.650409854131334e+43	9.130159749655779e+42	6.27102672522243e+42	3.9418633272921096e+42	2.8086164790876095e+42	1.707729826660961e+42	5.204601919820052e+41	2.7399999526983395e+41	1.1079892976559344e+41	4.448198425456535e+42	2.526720911545644e+42	1.707729826660961e+42	1.2047031725672864e+42
48574.059798461654	3.9366721585060946e+43	8.420422716193656e+42	5.88591847558474e+42	3.762014660063908e+42	2.7065247263220714e+42	1.664515615321368e+42	5.166259127691706e+41	2.7374077590285024e+41	1.1142528807853538e+41	4.228666388078653e+42	2.4413955838031694e+42	1.664515615321368e+42	1.1818204484275063e+42
50838.17384555474	3.3228067823091764e+43	7.587900531598082e+42	5.395802430518083e+42	3.5087815635124885e+42	2.5508560714998312e+42	1.5888641354207088e+42	5.037120327706771e+41	2.689633457171757e+41	1.1035580644385657e+41	3.9277454221359734e+42	2.3077646474781568e+42	1.5888641354207088e+42	1.1364761930877032e+42
53250.57002669998	2.786821990336142e+43	6.668599179197833e+42	4.833138017437499e+42	3.203477809205845e+42	2.3561053015767223e+42	1.4886401308696938e+42	4.8350530253429195e+41	2.6049666861377455e+41	1.0788412588537988e+41	3.569599907728645e+42	2.1385942773856407e+42	1.4886401308696938e+42	1.0737407073475058e+42
55825.27137161599	2.3626557357795554e+43	5.749431077883998e+42	4.2455540689555243e+42	2.8713248646710744e+42	2.1387410343118027e+42	1.3728733876614006e+42	4.582829682322846e+41	2.494527760039851e+41	1.0442579911170126e+41	3.183765546127127e+42	1.9483516072279626e+42	1.3728733876614006e+42	9.995963548726032e+41
58578.83509042479	2.0057276676654058e+43	4.8846720060798123e+42	3.6619388150491965e+42	2.5240298661818847e+42	1.904384769341945e+42	1.243120144632601e+42	4.2774053145541016e+41	2.3556147516121063e+41	9.983790557194022e+40	2.7852076581397362e+42	1.7414309131214842e+42	1.243120144632601e+42	9.1444843808356e+41
61529.696369800964	1.755000493024117e+43	4.2938910299095794e+42	3.228159818799798e+42	2.245993486888715e+42	1.7094094702370092e+42	1.1308289221983078e+42	4.001027213680651e+41	2.22905460538582e+41	9.567021956702214e+40	2.4713964968835986e+42	1.567572929744686e+42	1.1308289221983078e+42	8.393548209233896e+41
64701.49284886481	1.5549345698360677e+43	3.9650813077992314e+42	2.9662457565138225e+42	2.064302294654678e+42	1.5767504867584887e+42	1.0516670316643498e+42	3.806019246116407e+41	2.1427647708492136e+41	9.305094699065533e+40	2.2699667327311307e+42	1.4481209545176634e+42	1.0516670316643498e+42	7.858401292482764e+41
68118.59545612731	1.40921310437267e+43	3.8644023318072224e+42	2.892879002640187e+42	2.0114372233534726e+42	1.5357903031732957e+42	1.0252606783098795e+42	3.740759228161782e+41	2.118105234282226e+41	9.267488294776762e+40	2.2123961521817765e+42	1.4105475823305318e+42	1.0252606783098795e+42	7.674093558458507e+41
71808.91903812402	1.2827826786119667e+43	3.802495505437027e+42	2.865155735682852e+42	2.0057626682978272e+42	1.5378795052997332e+42	1.0319246424249932e+42	3.801111745477611e+41	2.1616532932079007e+41	9.508279484311978e+40	2.2025162138527128e+42	1.4141340362908622e+42	1.0319246424249932e+42	7.747764004462707e+41
75804.79674096337	1.1660731381308781e+43	3.771772069728958e+42	2.8653288657096635e+42	2.0209731301009813e+42	1.5568283759675845e+42	1.0509108667030874e+42	3.912442949158562e+41	2.2344036573340772e+41	9.87529109172539e+40	2.2152123094909968e+42	1.4335063598380092e+42	1.0509108667030874e+42	7.918791425864958e+41
80143.89625452884	1.0552745159082409e+43	3.667620669687749e+42	2.798551180930672e+42	1.9845229489525282e+42	1.536423745914637e+42	1.0459634607966856e+42	3.968787264353315e+41	2.284046951926677e+41	1.017511063741462e+41	2.171882006753262e+42	1.4171608849306e+42	1.0459634607966856e+42	7.929511430182827e+41
84870.2777715306	9.478635424525292e+42	3.64916628489558e+42	2.8198193987030153e+42	2.0127750361787393e+42	1.562102681101697e+42	1.0668869082135157e+42	4.089855969690403e+41	2.3669660686275025e+41	1.0612768131504894e+41	2.200214902944495e+42	1.4417987638790848e+42	1.0668869082135157e+42	8.109938567720631e+41
90035.80453754448	8.475356575905416e+42	3.5315977395096345e+42	2.76883613480211e+42	1.9953697059542404e+42	1.5545403788668765e+42	1.065696319355706e+42	4.120036603420866e+41	2.396515193890666e+41	1.0816764010642417e+41	2.1771004234785888e+42	1.4361239371247893e+42	1.065696319355706e+42	8.119702670577412e+41
95701.93675544162	7.489856055822311e+42	3.4349316159216276e+42	2.752825785105002e+42	2.014109281930319e+42	1.5783572568100457e+42	1.0865975462706921e+42	4.217639530010633e+41	2.459153125245314e+41	1.1143212278588486e+41	2.190967599865215e+42	1.4599247484604358e+42	1.0865975462706921e+42	8.290998784894207e+41
101942.17150852327	6.561920591391149e+42	3.2258655349997385e+42	2.654530652200489e+42	1.9904233278077436e+42	1.581362398064358e+42	1.1049267945344637e+42	4.3684565292277585e+41	2.5599987073801595e+41	1.1658034683426815e+41	2.1528895771901632e+42	1.468049846399088e+42	1.1049267945344637e+42	8.492990285027716e+41
108844.91811611583	5.673729434921933e+42	2.9900377003938506e+42	2.5357018547659518e+42	1.9502863602766986e+42	1.5712821856842976e+42	1.1152524984569096e+42	4.505662305406826e+41	2.657097710881038e+41	1.2173289129125991e+41	2.097292283842873e+42	1.4642067411070332e+42	1.1152524984569096e+42	8.64359284975926e+41
116517.69057551959	4.838528420531835e+42	2.6902838209840998e+42	2.363127068402926e+42	1.8708613189011836e+42	1.5320878472055874e+42	1.1092774569683643e+42	4.6300980953317595e+41	2.759413427982778e+41	1.2762996859493163e+41	1.9986560031372346e+42	1.4342404748469854e+42	1.1092774569683643e+42	8.697873919662158e+41
125092.48714387149	4.062299304743549e+42	2.3487373998586698e+42	2.1608012710783766e+42	1.771186921159588e+42	1.4760931582410846e+42	1.0905627294951297e+42	4.71680390370957e+41	2.8484803470921497e+41	1.3343280688497711e+41	1.878016852857158e+42	1.388346017304741e+42	1.0905627294951297e+42	8.654439339056349e+41
134733.2136077605	3.3509044277441345e+42	1.960373222471581e+42	1.910603874503718e+42	1.6337587984860318e+42	1.3879909410943674e+42	1.0454103693940434e+42	4.6636448168060455e+41	2.8531036807073808e+41	1.3556892583276757e+41	1.7170798718532365e+42	1.3117171126249209e+42	1.0454103693940434e+42	8.382593350011539e+41
145645.99476901	2.711867459002456e+42	1.5373013592862656e+42	1.6197776849825842e+42	1.471492232799992e+42	1.285724975883575e+42	9.942704389778446e+41	4.580298244523613e+41	2.833198190293095e+41	1.3629273529511931e+41	1.526758963740278e+42	1.2233806197500688e+42	9.942704389778446e+41	8.070834643939432e+41
158093.82343044574	2.1484771424643122e+42	1.1047976560967503e+42	1.2876967457341015e+42	1.2706648983480643e+42	1.1561304889569709e+42	9.298768945256626e+41	4.479343084070365e+41	2.8062543333243367e+41	1.3679355731355415e+41	1.2948005092850327e+42	1.1112037075655142e+42	9.298768945256626e+41	7.685682687598062e+41
172417.7847643361	1.6619978899244592e+42	7.121263599310888e+41	9.379792576677766e+41	1.027458518880581e+42	9.864517693423724e+41	8.381220588676533e+41	4.308537494911918e+41	2.7463958612892847e+41	1.3611365398170367e+41	1.0228672892308477e+42	9.6125748322674e+41	8.381220588676533e+41	7.111571732190433e+41
189068.7074367581	1.252990243348736e+42	3.9693828167718995e+41	6.086764800476234e+41	7.625392571318553e+41	7.86642895221586e+41	7.216316271248668e+41	4.086116375282936e+41	2.6709375671530704e+41	1.3530200160806323e+41	7.363659077767447e+41	7.81152254855236e+41	7.216316271248668e+41	6.362809809053848e+41
208655.80526610697	9.175883698507847e+41	1.833961923341167e+41	3.3841549093421367e+41	5.021167902534844e+41	5.6870925174510725e+41	5.785814819693935e+41	3.7693774252984634e+41	2.5599940019217003e+41	1.3389898546920251e+41	4.663859480122991e+41	5.790468223235081e+41	5.785814819693935e+41	5.384976419309468e+41
232024.12459802156	6.503247035077485e+41	6.726053188721423e+40	1.536303392313786e+41	2.8087610280818413e+41	3.583639157583603e+41	4.176577234706212e+41	3.312889947461443e+41	2.384332669169947e+41	1.3101991978484319e+41	2.48465045995285e+41	3.768981808280274e+41	4.176577234706212e+41	4.183938371356648e+41
260383.33049904954	4.4381611351295294e+41	2.0357815817914306e+40	5.582072072319144e+40	1.2872698208249821e+41	1.891977080715724e+41	2.604915932449581e+41	2.6665853305621714e+41	2.0818564637641254e+41	1.2310679693244374e+41	1.0761987381633982e+41	2.0694833994172952e+41	2.604915932449581e+41	2.863313002393253e+41
295533.35766466137	2.896681922768725e+41	7.097032805781405e+39	1.9286866109328894e+40	5.248408671423265e+40	8.749248594248641e+40	1.4106417527757876e+41	1.8626818959833565e+41	1.5850578521589458e+41	1.0185018407033731e+41	4.1875418582388624e+40	9.925605415088322e+40	1.4106417527757876e+41	1.6979540091398517e+41
340286.5636700213	1.7928641275555884e+41	3.114392872270725e+39	6.223697123825355e+39	1.73598523105105e+40	3.26141424687592e+40	6.316327270137776e+40	1.15321663265005e+41	1.0994402043361195e+41	7.892536281510519e+40	1.3421634782756507e+40	3.8515477218499e+40	6.316327270137776e+40	8.512276621964957e+40
391819.6871730811	1.0851882676915375e+41	1.7828691895489896e+39	2.4507368949998406e+39	4.8227999521223433e+39	9.109614213045397e+39	2.1170179259533674e+40	6.114354601482623e+40	6.943167456915973e+40	5.933072661407813e+40	3.912266757821102e+39	1.1077474838213316e+40	2.1170179259533674e+40	3.313860889851324e+40
451160.09211336507	6.552621685739878e+40	1.1634522144405465e+39	1.4575303579452248e+39	1.9917594501862934e+39	2.878419190167757e+39	6.166908716188437e+39	2.6999255525658883e+40	3.7878145523248223e+40	4.034472328801298e+40	1.809851581733989e+39	3.332159711741529e+39	6.166908716188437e+39	1.060935764948144e+40
519490.97852567653	3.9582488989140785e+40	7.629949111266612e+38	9.567159850087934e+38	1.2033101000324636e+39	1.4269633417823057e+39	2.11557329520509e+39	9.834696470514757e+39	1.7352108440204503e+40	2.4154930812976316e+40	1.136917600258778e+39	1.5213208767748236e+39	2.11557329520509e+39	3.246748960377617e+39
598174.874292018	2.3976161113111466e+40	4.957073655014508e+38	6.2754169545053755e+38	7.941767685388293e+38	9.143514806763141e+38	1.112736236592637e+39	3.194202983925917e+39	6.623152180820795e+39	1.2384368789515943e+40	7.509278666113257e+38	9.522486391765356e+38	1.112736236592637e+39	1.3478237008104044e+39
688780.8131557946	1.4593258269125194e+40	3.189095380777543e+38	4.07057343362271e+38	5.225599734464001e+38	6.073358944042359e+38	7.256217454945888e+38	1.2125565167525828e+39	2.2698346649292825e+39	5.345372459205651e+39	4.921446698648984e+38	6.332392426784864e+38	7.256217454945888e+38	8.074695765554446e+38
793115.6317769086	8.941782371857083e+39	2.032894057141287e+38	2.611664124342372e+38	3.394515999636536e+38	3.992334617313059e+38	4.8536256368569096e+38	6.671557746388079e+38	8.964886209751223e+38	2.0033396255718573e+39	3.1850667168690602e+38	4.179165950714567e+38	4.8536256368569096e+38	5.408407819484641e+38
913260.0101076508	5.524356995084053e+39	1.2842897035461037e+38	1.6594097712219746e+38	2.1777708430882414e+38	2.587738293067095e+38	3.2062215958194797e+38	4.451789959427945e+38	5.0031631268292285e+38	7.669870879768608e+38	2.0372716314728334e+38	2.7188911126344718e+38	3.2062215958194797e+38	3.6243031468780734e+38
1051609.9739793087	3.4456976519524564e+39	8.033631076718816e+37	1.0452326652780346e+38	1.3819856430376008e+38	1.6555466672932659e+38	2.0855811614963246e+38	3.04311152341996e+38	3.3766781950250498e+38	3.8658036286381906e+38	1.2899091848952228e+38	1.7448400742822436e+38	2.0855811614963246e+38	2.3913054020901764e+38
1210924.6877403557	2.1717470048992155e+39	4.9627906249165005e+37	6.527743576788715e+37	8.689022794954927e+37	1.0472423845559747e+38	1.337199599766963e+38	2.050727576972729e+38	2.339762126191474e+38	2.532643954520733e+38	8.096137363706951e+37	1.106371902895226e+38	1.337199599766963e+38	1.5526382061795932e+38
1394381.490250854	1.383918658126355e+39	3.0137467669440423e+37	4.036707208997389e+37	5.419101681396879e+37	6.56219622160896e+37	8.465735128861601e+37	1.3574376901451559e+38	1.5978193222542795e+38	1.7883158944534662e+38	5.040998881923862e+37	6.944927278342212e+37	8.465735128861601e+37	9.93296022387522e+37
1605639.2720168314	8.917533088811531e+38	1.787271700069793e+37	2.4637228470481988e+37	3.352857041257592e+37	4.0793067342289477e+37	5.303082654673986e+37	8.830859897435258e+37	1.0707048230780789e+38	1.2552892530978064e+38	3.1117531026311416e+37	4.323166003702016e+37	5.303082654673986e+37	6.272905436183891e+37
1848911.457624723	5.80919588726841e+38	1.026479313429989e+37	1.4761390219529942e+37	2.0547508117051787e+37	2.5169402200005253e+37	3.29336652908046e+37	5.653832704572043e+37	7.04310066735607e+37	8.641643224621318e+37	1.8996349090609478e+37	2.671270638384553e+37	3.29336652908046e+37	3.9189830237814177e+37
2129050.049228105	3.823767806936683e+38	5.653896399851598e+36	8.618541459588955e+36	1.242772273053329e+37	1.5397298673794916e+37	2.030449785495002e+37	3.568948663586427e+37	4.552902817189265e+37	5.830509040020289e+37	1.1415910720188782e+37	1.6377191385095412e+37	2.030449785495002e+37	2.427151484814574e+37
2451642.4074684842	2.541160920058794e+38	2.9544824155789847e+36	4.85936262753283e+36	7.375557170421246e+36	9.310188189620663e+36	1.2429809187285114e+37	2.226104722832943e+37	2.896826166177079e+37	3.85826805850253e+37	6.708131648996085e+36	9.939663472147995e+36	1.2429809187285114e+37	1.492490442172291e+37
2823122.7002795874	1.7034454876284557e+38	1.4477232056377085e+36	2.6185925616521287e+36	4.2616124872089775e+36	5.534840651719741e+36	7.543543508416891e+36	1.3751800831271989e+37	1.8177067004859252e+37	2.506831553240451e+37	3.821302650754154e+36	5.945184096430197e+36	7.543543508416891e+36	9.116104613794401e+36
3250900.242598217	1.1506256667352085e+38	6.570155306412875e+35	1.333468986734584e+36	2.3747320389185742e+36	3.211102489486811e+36	4.521743482936623e+36	8.430959886449448e+36	1.1274092018179478e+37	1.6015021685246173e+37	2.089175386204211e+36	3.4810744937790915e+36	4.521743482936623e+36	5.523913276001056e+36
3743507.2869201032	7.82345018941739e+37	2.725473392715139e+35	6.339774798923197e+35	1.2625896242339923e+36	1.8013735337151093e+36	2.6610215432294375e+36	5.1365079122684395e+36	6.928222857379748e+36	1.0078315124001365e+37	1.0840737461725142e+36	1.978197951721055e+36	2.6610215432294375e+36	3.3094133924879436e+36
4310769.2126165535	5.349186713295611e+37	1.0190806269717355e+35	2.7783315461785875e+35	6.330901333142782e+35	9.668694265893656e+35	1.52507746578693e+36	3.1096884738880366e+36	4.2271781768233865e+36	6.261081069966663e+36	5.2756629267370026e+35	1.0800230608045508e+36	1.52507746578693e+36	1.9491545828161948e+36
