#t	Le	U	B	V	R	I	J	H	K	g	r	i	z
#----------------------------------------------- 
2.7422558144713896	0.0	0.0	0.0	0.0	0.0	0.0	0.0	0.0	0.0	0.0	0.0	0.0	0.0
2.7740644446958203	0.0	0.0	0.0	0.0	0.0	0.0	0.0	0.0	0.0	0.0	0.0	0.0	0.0
2.8026969918606177	0.0	0.0	0.0	0.0	0.0	0.0	0.0	0.0	0.0	0.0	0.0	0.0	0.0
2.8299966967204506	0.0	0.0	0.0	0.0	0.0	0.0	0.0	0.0	0.0	0.0	0.0	0.0	0.0
2.856676520079993	0.0	0.0	0.0	0.0	0.0	0.0	0.0	0.0	0.0	0.0	0.0	0.0	0.0
2.8809449889373084	0.0	0.0	0.0	0.0	0.0	0.0	0.0	0.0	0.0	0.0	0.0	0.0	0.0
2.9040373670832604	0.0	0.0	0.0	0.0	0.0	0.0	0.0	0.0	0.0	0.0	0.0	0.0	0.0
2.9264952933371657	0.0	0.0	0.0	0.0	0.0	0.0	0.0	0.0	0.0	0.0	0.0	0.0	0.0
2.9486103872938405	0.0	0.0	0.0	0.0	0.0	0.0	0.0	0.0	0.0	0.0	0.0	0.0	0.0
2.970559459746306	0.0	0.0	0.0	0.0	0.0	0.0	0.0	0.0	0.0	0.0	0.0	0.0	0.0
2.992458672561977	0.0	0.0	0.0	0.0	0.0	0.0	0.0	0.0	0.0	0.0	0.0	0.0	0.0
3.0143890319005524	0.0	0.0	0.0	0.0	0.0	0.0	0.0	0.0	0.0	0.0	0.0	0.0	0.0
3.0364097661759373	0.0	0.0	0.0	0.0	0.0	0.0	0.0	0.0	0.0	0.0	0.0	0.0	0.0
3.0585659234489886	0.0	0.0	0.0	0.0	0.0	0.0	0.0	0.0	0.0	0.0	0.0	0.0	0.0
3.0808929544296753	0.0	0.0	0.0	0.0	0.0	0.0	0.0	0.0	0.0	0.0	0.0	0.0	0.0
3.1034196125129525	0.0	0.0	0.0	0.0	0.0	0.0	0.0	0.0	0.0	0.0	0.0	0.0	0.0
3.1261698618025777	0.0	0.0	0.0	0.0	0.0	0.0	0.0	0.0	0.0	0.0	0.0	0.0	0.0
3.149164173939965	0.0	0.0	0.0	0.0	0.0	0.0	0.0	0.0	0.0	0.0	0.0	0.0	0.0
3.1724204342351623	0.0	0.0	0.0	0.0	0.0	0.0	0.0	0.0	0.0	0.0	0.0	0.0	0.0
3.1959545901437503	0.0	0.0	0.0	0.0	0.0	0.0	0.0	0.0	0.0	0.0	0.0	0.0	0.0
3.2197811252272035	0.0	0.0	0.0	0.0	0.0	0.0	0.0	0.0	0.0	0.0	0.0	0.0	0.0
3.243913412139127	0.0	0.0	0.0	0.0	0.0	0.0	0.0	0.0	0.0	0.0	0.0	0.0	0.0
3.2683639800375297	0.0	0.0	0.0	0.0	0.0	0.0	0.0	0.0	0.0	0.0	0.0	0.0	0.0
3.293144720375561	0.0	0.0	0.0	0.0	0.0	0.0	0.0	0.0	0.0	0.0	0.0	0.0	0.0
3.318267047613081	0.0	0.0	0.0	0.0	0.0	0.0	0.0	0.0	0.0	0.0	0.0	0.0	0.0
3.3437420264854256	0.0	0.0	0.0	0.0	0.0	0.0	0.0	0.0	0.0	0.0	0.0	0.0	0.0
3.3695804741511397	0.0	0.0	0.0	0.0	0.0	0.0	0.0	0.0	0.0	0.0	0.0	0.0	0.0
3.3957930432599235	0.0	0.0	0.0	0.0	0.0	0.0	0.0	0.0	0.0	0.0	0.0	0.0	0.0
3.422390290387106	0.0	0.0	0.0	0.0	0.0	0.0	0.0	0.0	0.0	0.0	0.0	0.0	0.0
3.4493827331485503	0.0	0.0	0.0	0.0	0.0	0.0	0.0	0.0	0.0	0.0	0.0	0.0	0.0
3.4767808984949062	0.0	0.0	0.0	0.0	0.0	0.0	0.0	0.0	0.0	0.0	0.0	0.0	0.0
3.5045953640902754	0.0	0.0	0.0	0.0	0.0	0.0	0.0	0.0	0.0	0.0	0.0	0.0	0.0
3.5328367942424994	0.0	0.0	0.0	0.0	0.0	0.0	0.0	0.0	0.0	0.0	0.0	0.0	0.0
3.5615159715261813	0.0	0.0	0.0	0.0	0.0	0.0	0.0	0.0	0.0	0.0	0.0	0.0	0.0
3.590643824994232	0.0	0.0	0.0	0.0	0.0	0.0	0.0	0.0	0.0	0.0	0.0	0.0	0.0
3.6202314556874935	0.0	0.0	0.0	0.0	0.0	0.0	0.0	0.0	0.0	0.0	0.0	0.0	0.0
3.650290160009568	0.0	0.0	0.0	0.0	0.0	0.0	0.0	0.0	0.0	0.0	0.0	0.0	0.0
3.680831451424064	0.0	0.0	0.0	0.0	0.0	0.0	0.0	0.0	0.0	0.0	0.0	0.0	0.0
3.7118670808462215	0.0	0.0	0.0	0.0	0.0	0.0	0.0	0.0	0.0	0.0	0.0	0.0	0.0
3.7434090560342805	0.0	0.0	0.0	0.0	0.0	0.0	0.0	0.0	0.0	0.0	0.0	0.0	0.0
3.775469660233613	0.0	0.0	0.0	0.0	0.0	0.0	0.0	0.0	0.0	0.0	0.0	0.0	0.0
3.8080614702853386	0.0	0.0	0.0	0.0	0.0	0.0	0.0	0.0	0.0	0.0	0.0	0.0	0.0
3.8411973743785506	0.0	0.0	0.0	0.0	0.0	0.0	0.0	0.0	0.0	0.0	0.0	0.0	0.0
3.8748905895991497	0.0	0.0	0.0	0.0	0.0	0.0	0.0	0.0	0.0	0.0	0.0	0.0	0.0
3.9091546794077416	0.0	0.0	0.0	0.0	0.0	0.0	0.0	0.0	0.0	0.0	0.0	0.0	0.0
3.944003571162528	0.0	0.0	0.0	0.0	0.0	0.0	0.0	0.0	0.0	0.0	0.0	0.0	0.0
3.9794515737900698	0.0	0.0	0.0	0.0	0.0	0.0	0.0	0.0	0.0	0.0	0.0	0.0	0.0
4.015513395696405	0.0	0.0	0.0	0.0	0.0	0.0	0.0	0.0	0.0	0.0	0.0	0.0	0.0
4.052204163002885	0.0	0.0	0.0	0.0	0.0	0.0	0.0	0.0	0.0	0.0	0.0	0.0	0.0
4.08953943818474	0.0	0.0	0.0	0.0	0.0	0.0	0.0	0.0	0.0	0.0	0.0	0.0	0.0
4.127535239185524	0.0	0.0	0.0	0.0	0.0	0.0	0.0	0.0	0.0	0.0	0.0	0.0	0.0
4.1662080590770225	0.0	0.0	0.0	0.0	0.0	0.0	0.0	0.0	0.0	0.0	0.0	0.0	0.0
4.20557488633161	0.0	0.0	0.0	0.0	0.0	0.0	0.0	0.0	0.0	0.0	0.0	0.0	0.0
4.245653225772457	0.0	0.0	0.0	0.0	0.0	0.0	0.0	0.0	0.0	0.0	0.0	0.0	0.0
4.28646112026607	0.0	0.0	0.0	0.0	0.0	0.0	0.0	0.0	0.0	0.0	0.0	0.0	0.0
4.328017173221488	0.0	0.0	0.0	0.0	0.0	0.0	0.0	0.0	0.0	0.0	0.0	0.0	0.0
4.370340571960805	0.0	0.0	0.0	0.0	0.0	0.0	0.0	0.0	0.0	0.0	0.0	0.0	0.0
4.413451112026742	0.0	0.0	0.0	0.0	0.0	0.0	0.0	0.0	0.0	0.0	0.0	0.0	0.0
4.457369222494357	0.0	0.0	0.0	0.0	0.0	0.0	0.0	0.0	0.0	0.0	0.0	0.0	0.0
4.502115992355952	0.0	0.0	0.0	0.0	0.0	0.0	0.0	0.0	0.0	0.0	0.0	0.0	0.0
4.547713198050556	0.0	0.0	0.0	0.0	0.0	0.0	0.0	0.0	0.0	0.0	0.0	0.0	0.0
4.594183332212231	0.0	0.0	0.0	0.0	0.0	0.0	0.0	0.0	0.0	0.0	0.0	0.0	0.0
4.641549633714581	0.0	0.0	0.0	0.0	0.0	0.0	0.0	0.0	0.0	0.0	0.0	0.0	0.0
4.689836119092549	0.0	0.0	0.0	0.0	0.0	0.0	0.0	0.0	0.0	0.0	0.0	0.0	0.0
4.739067615426584	0.0	0.0	0.0	0.0	0.0	0.0	0.0	0.0	0.0	0.0	0.0	0.0	0.0
4.789269794778783	0.0	0.0	0.0	0.0	0.0	0.0	0.0	0.0	0.0	0.0	0.0	0.0	0.0
4.8404692102755424	0.0	0.0	0.0	0.0	0.0	0.0	0.0	0.0	0.0	0.0	0.0	0.0	0.0
4.892693333936607	0.0	0.0	0.0	0.0	0.0	0.0	0.0	0.0	0.0	0.0	0.0	0.0	0.0
4.94597059635633	0.0	0.0	0.0	0.0	0.0	0.0	0.0	0.0	0.0	0.0	0.0	0.0	0.0
5.000330428349374	0.0	0.0	0.0	0.0	0.0	0.0	0.0	0.0	0.0	0.0	0.0	0.0	0.0
5.055803304679882	0.0	0.0	0.0	0.0	0.0	0.0	0.0	0.0	0.0	0.0	0.0	0.0	0.0
5.112420790000755	0.0	0.0	0.0	0.0	0.0	0.0	0.0	0.0	0.0	0.0	0.0	0.0	0.0
5.170215587137771	0.0	0.0	0.0	0.0	0.0	0.0	0.0	0.0	0.0	0.0	0.0	0.0	0.0
5.229221587862062	0.0	0.0	0.0	0.0	0.0	0.0	0.0	0.0	0.0	0.0	0.0	0.0	0.0
5.289473926303888	0.0	0.0	0.0	0.0	0.0	0.0	0.0	0.0	0.0	0.0	0.0	0.0	0.0
5.351009035170971	0.0	0.0	0.0	0.0	0.0	0.0	0.0	0.0	0.0	0.0	0.0	0.0	0.0
5.4138647049457145	0.0	0.0	0.0	0.0	0.0	0.0	0.0	0.0	0.0	0.0	0.0	0.0	0.0
5.478080146247424	0.0	0.0	0.0	0.0	0.0	0.0	0.0	0.0	0.0	0.0	0.0	0.0	0.0
5.543696055558901	0.0	0.0	0.0	0.0	0.0	0.0	0.0	0.0	0.0	0.0	0.0	0.0	0.0
5.610754684530281	0.0	0.0	0.0	0.0	0.0	0.0	0.0	0.0	0.0	0.0	0.0	0.0	0.0
5.679299913088647	0.0	0.0	0.0	0.0	0.0	0.0	0.0	0.0	0.0	0.0	0.0	0.0	0.0
5.7493773265976404	0.0	0.0	0.0	0.0	0.0	0.0	0.0	0.0	0.0	0.0	0.0	0.0	0.0
5.821034297329494	0.0	0.0	0.0	0.0	0.0	0.0	0.0	0.0	0.0	0.0	0.0	0.0	0.0
5.894320070530656	0.0	0.0	0.0	0.0	0.0	0.0	0.0	0.0	0.0	0.0	0.0	0.0	0.0
5.969285855383182	0.0	0.0	0.0	0.0	0.0	0.0	0.0	0.0	0.0	0.0	0.0	0.0	0.0
6.045984921186057	0.0	0.0	0.0	0.0	0.0	0.0	0.0	0.0	0.0	0.0	0.0	0.0	0.0
6.124472699105578	0.0	0.0	0.0	0.0	0.0	0.0	0.0	0.0	0.0	0.0	0.0	0.0	0.0
6.204806889869555	0.0	0.0	0.0	0.0	0.0	0.0	0.0	0.0	0.0	0.0	0.0	0.0	0.0
6.28704757780939	0.0	0.0	0.0	0.0	0.0	0.0	0.0	0.0	0.0	0.0	0.0	0.0	0.0
6.371257351684673	0.0	0.0	0.0	0.0	0.0	0.0	0.0	0.0	0.0	0.0	0.0	0.0	0.0
6.457501432759042	0.0	0.0	0.0	0.0	0.0	0.0	0.0	0.0	0.0	0.0	0.0	0.0	0.0
6.545847810632841	0.0	0.0	0.0	0.0	0.0	0.0	0.0	0.0	0.0	0.0	0.0	0.0	0.0
6.636367387377758	0.0	0.0	0.0	0.0	0.0	0.0	0.0	0.0	0.0	0.0	0.0	0.0	0.0
6.729134130562546	0.0	0.0	0.0	0.0	0.0	0.0	0.0	0.0	0.0	0.0	0.0	0.0	0.0
6.824225235806355	0.0	0.0	0.0	0.0	0.0	0.0	0.0	0.0	0.0	0.0	0.0	0.0	0.0
6.92172129954777	0.0	0.0	0.0	0.0	0.0	0.0	0.0	0.0	0.0	0.0	0.0	0.0	0.0
7.021706502774343	0.0	0.0	0.0	0.0	0.0	0.0	0.0	0.0	0.0	0.0	0.0	0.0	0.0
7.124268806519264	0.0	0.0	0.0	0.0	0.0	0.0	0.0	0.0	0.0	0.0	0.0	0.0	0.0
7.229500159998678	0.0	0.0	0.0	0.0	0.0	0.0	0.0	0.0	0.0	0.0	0.0	0.0	0.0
7.337496722338302	0.0	0.0	0.0	0.0	0.0	0.0	0.0	0.0	0.0	0.0	0.0	0.0	0.0
7.448359098916773	0.0	0.0	0.0	0.0	0.0	0.0	0.0	0.0	0.0	0.0	0.0	0.0	0.0
7.562223097073157	0.0	0.0	0.0	0.0	0.0	0.0	0.0	0.0	0.0	0.0	0.0	0.0	0.0
7.679200172741743	0.0	0.0	0.0	0.0	0.0	0.0	0.0	0.0	0.0	0.0	0.0	0.0	0.0
7.799407133600833	0.0	0.0	0.0	0.0	0.0	0.0	0.0	0.0	0.0	0.0	0.0	0.0	0.0
7.922966452492281	0.0	0.0	0.0	0.0	0.0	0.0	0.0	0.0	0.0	0.0	0.0	0.0	0.0
8.050006602571722	0.0	0.0	0.0	0.0	0.0	0.0	0.0	0.0	0.0	0.0	0.0	0.0	0.0
8.180662416071229	0.0	0.0	0.0	0.0	0.0	0.0	0.0	0.0	0.0	0.0	0.0	0.0	0.0
8.31507546859695	0.0	0.0	0.0	0.0	0.0	0.0	0.0	0.0	0.0	0.0	0.0	0.0	0.0
8.453394491062044	0.0	0.0	0.0	0.0	0.0	0.0	0.0	0.0	0.0	0.0	0.0	0.0	0.0
8.595775811552489	0.0	0.0	0.0	0.0	0.0	0.0	0.0	0.0	0.0	0.0	0.0	0.0	0.0
8.742383829640541	0.0	0.0	0.0	0.0	0.0	0.0	0.0	0.0	0.0	0.0	0.0	0.0	0.0
8.893391525901958	0.0	0.0	0.0	0.0	0.0	0.0	0.0	0.0	0.0	0.0	0.0	0.0	0.0
9.048981009659055	0.0	0.0	0.0	0.0	0.0	0.0	0.0	0.0	0.0	0.0	0.0	0.0	0.0
9.209344108267757	0.0	0.0	0.0	0.0	0.0	0.0	0.0	0.0	0.0	0.0	0.0	0.0	0.0
9.374683001593393	0.0	0.0	0.0	0.0	0.0	0.0	0.0	0.0	0.0	0.0	0.0	0.0	0.0
9.545210905686115	0.0	0.0	0.0	0.0	0.0	0.0	0.0	0.0	0.0	0.0	0.0	0.0	0.0
9.721152810069828	0.0	0.0	0.0	0.0	0.0	0.0	0.0	0.0	0.0	0.0	0.0	0.0	0.0
9.90274627351052	0.0	0.0	0.0	0.0	0.0	0.0	0.0	0.0	0.0	0.0	0.0	0.0	0.0
10.09024228363127	0.0	0.0	0.0	0.0	0.0	0.0	0.0	0.0	0.0	0.0	0.0	0.0	0.0
10.283906186303273	0.0	0.0	0.0	0.0	0.0	0.0	0.0	0.0	0.0	0.0	0.0	0.0	0.0
10.484018691366252	0.0	0.0	0.0	0.0	0.0	0.0	0.0	0.0	0.0	0.0	0.0	0.0	0.0
10.690876961934	0.0	0.0	0.0	0.0	0.0	0.0	0.0	0.0	0.0	0.0	0.0	0.0	0.0
10.904795795323464	0.0	0.0	0.0	0.0	0.0	0.0	0.0	0.0	0.0	0.0	0.0	0.0	0.0
11.126108904525799	0.0	0.0	0.0	0.0	0.0	0.0	0.0	0.0	0.0	0.0	0.0	0.0	0.0
11.35517031012462	0.0	0.0	0.0	0.0	0.0	0.0	0.0	0.0	0.0	0.0	0.0	0.0	0.0
11.592355853676084	0.0	0.0	0.0	0.0	0.0	0.0	0.0	0.0	0.0	0.0	0.0	0.0	0.0
11.838064844813477	0.0	0.0	0.0	0.0	0.0	0.0	0.0	0.0	0.0	0.0	0.0	0.0	0.0
12.092721855747651	0.0	0.0	0.0	0.0	0.0	0.0	0.0	0.0	0.0	0.0	0.0	0.0	0.0
12.356778678421993	0.0	0.0	0.0	0.0	0.0	0.0	0.0	0.0	0.0	0.0	0.0	0.0	0.0
12.630716461375954	0.0	0.0	0.0	0.0	0.0	0.0	0.0	0.0	0.0	0.0	0.0	0.0	0.0
12.91504804540261	0.0	0.0	0.0	0.0	0.0	0.0	0.0	0.0	0.0	0.0	0.0	0.0	0.0
13.21032051938957	0.0	0.0	0.0	0.0	0.0	0.0	0.0	0.0	0.0	0.0	0.0	0.0	0.0
13.517118020345448	0.0	0.0	0.0	0.0	0.0	0.0	0.0	0.0	0.0	0.0	0.0	0.0	0.0
13.836064804587197	0.0	0.0	0.0	0.0	0.0	0.0	0.0	0.0	0.0	0.0	0.0	0.0	0.0
14.167828620447557	0.0	0.0	0.0	0.0	0.0	0.0	0.0	0.0	0.0	0.0	0.0	0.0	0.0
14.513124416720864	0.0	0.0	0.0	0.0	0.0	0.0	0.0	0.0	0.0	0.0	0.0	0.0	0.0
14.872718425475378	0.0	0.0	0.0	0.0	0.0	0.0	0.0	0.0	0.0	0.0	0.0	0.0	0.0
15.247432662905451	0.0	0.0	0.0	0.0	0.0	0.0	0.0	0.0	0.0	0.0	0.0	0.0	0.0
15.638149897677202	0.0	0.0	0.0	0.0	0.0	0.0	0.0	0.0	0.0	0.0	0.0	0.0	0.0
16.045819142864588	0.0	0.0	0.0	0.0	0.0	0.0	0.0	0.0	0.0	0.0	0.0	0.0	0.0
16.471461735204603	0.0	0.0	0.0	0.0	0.0	0.0	0.0	0.0	0.0	0.0	0.0	0.0	0.0
16.916178074204407	0.0	0.0	0.0	0.0	0.0	0.0	0.0	0.0	0.0	0.0	0.0	0.0	0.0
17.381155103788622	0.0	0.0	0.0	0.0	0.0	0.0	0.0	0.0	0.0	0.0	0.0	0.0	0.0
17.867674630925904	0.0	0.0	0.0	0.0	0.0	0.0	0.0	0.0	0.0	0.0	0.0	0.0	0.0
18.37712258928873	0.0	0.0	0.0	0.0	0.0	0.0	0.0	0.0	0.0	0.0	0.0	0.0	0.0
18.910999371811123	0.0	0.0	0.0	0.0	0.0	0.0	0.0	0.0	0.0	0.0	0.0	0.0	0.0
19.470931374403165	0.0	0.0	0.0	0.0	0.0	0.0	0.0	0.0	0.0	0.0	0.0	0.0	0.0
20.05868391452576	0.0	0.0	0.0	0.0	0.0	0.0	0.0	0.0	0.0	0.0	0.0	0.0	0.0
20.676175713387455	0.0	0.0	0.0	0.0	0.0	0.0	0.0	0.0	0.0	0.0	0.0	0.0	0.0
21.3254951598578	0.0	0.0	0.0	0.0	0.0	0.0	0.0	0.0	0.0	0.0	0.0	0.0	0.0
22.00891860862131	0.0	0.0	0.0	0.0	0.0	0.0	0.0	0.0	0.0	0.0	0.0	0.0	0.0
22.72893100557795	0.0	0.0	0.0	0.0	0.0	0.0	0.0	0.0	0.0	0.0	0.0	0.0	0.0
23.48824918122126	0.0	0.0	0.0	0.0	0.0	0.0	0.0	0.0	0.0	0.0	0.0	0.0	0.0
24.28984820911058	0.0	0.0	0.0	0.0	0.0	0.0	0.0	0.0	0.0	0.0	0.0	0.0	0.0
25.136991293336624	0.0	0.0	0.0	0.0	0.0	0.0	0.0	0.0	0.0	0.0	0.0	0.0	0.0
26.033263728163114	0.0	0.0	0.0	0.0	0.0	0.0	0.0	0.0	0.0	0.0	0.0	0.0	0.0
26.982611567392656	0.0	0.0	0.0	0.0	0.0	0.0	0.0	0.0	0.0	0.0	0.0	0.0	0.0
27.98938575360851	0.0	0.0	0.0	0.0	0.0	0.0	0.0	0.0	0.0	0.0	0.0	0.0	0.0
29.05839259213612	0.0	0.0	0.0	0.0	0.0	0.0	0.0	0.0	0.0	0.0	0.0	0.0	0.0
30.194951616136937	0.0	0.0	0.0	0.0	0.0	0.0	0.0	0.0	0.0	0.0	0.0	0.0	0.0
31.404962083564442	0.0	0.0	0.0	0.0	0.0	0.0	0.0	0.0	0.0	0.0	0.0	0.0	0.0
32.69497958101999	0.0	0.0	0.0	0.0	0.0	0.0	0.0	0.0	0.0	0.0	0.0	0.0	0.0
34.07230449291878	0.0	0.0	0.0	0.0	0.0	0.0	0.0	0.0	0.0	0.0	0.0	0.0	0.0
35.5450844379783	0.0	0.0	0.0	0.0	0.0	0.0	0.0	0.0	0.0	0.0	0.0	0.0	0.0
37.12243319292361	0.0	0.0	0.0	0.0	0.0	0.0	0.0	0.0	0.0	0.0	0.0	0.0	0.0
38.81456913293395	0.0	0.0	0.0	0.0	0.0	0.0	0.0	0.0	0.0	0.0	0.0	0.0	0.0
40.632976841707865	0.0	0.0	0.0	0.0	0.0	0.0	0.0	0.0	0.0	0.0	0.0	0.0	0.0
42.59059630872878	0.0	0.0	0.0	0.0	0.0	0.0	0.0	0.0	0.0	0.0	0.0	0.0	0.0
44.702045072090016	0.0	0.0	0.0	0.0	0.0	0.0	0.0	0.0	0.0	0.0	0.0	0.0	0.0
46.983879826240866	0.0	0.0	0.0	0.0	0.0	0.0	0.0	0.0	0.0	0.0	0.0	0.0	0.0
49.45490545078573	0.0	0.0	0.0	0.0	0.0	0.0	0.0	0.0	0.0	0.0	0.0	0.0	0.0
52.136541199939025	0.0	0.0	0.0	0.0	0.0	0.0	0.0	0.0	0.0	0.0	0.0	0.0	0.0
55.053256012508506	0.0	0.0	0.0	0.0	0.0	0.0	0.0	0.0	0.0	0.0	0.0	0.0	0.0
58.233087674225246	0.0	0.0	0.0	0.0	0.0	0.0	0.0	0.0	0.0	0.0	0.0	0.0	0.0
61.708264034862225	0.0	0.0	0.0	0.0	0.0	0.0	0.0	0.0	0.0	0.0	0.0	0.0	0.0
65.51594884010917	0.0	0.0	0.0	0.0	0.0	0.0	0.0	0.0	0.0	0.0	0.0	0.0	0.0
69.69914022375255	0.0	0.0	0.0	0.0	0.0	0.0	0.0	0.0	0.0	0.0	0.0	0.0	0.0
74.30775682932637	0.0	0.0	0.0	0.0	0.0	0.0	0.0	0.0	0.0	0.0	0.0	0.0	0.0
79.39995529060505	0.0	0.0	0.0	0.0	0.0	0.0	0.0	0.0	0.0	0.0	0.0	0.0	0.0
85.04373390924864	0.0	0.0	0.0	0.0	0.0	0.0	0.0	0.0	0.0	0.0	0.0	0.0	0.0
91.3188914857871	0.0	0.0	0.0	0.0	0.0	0.0	0.0	0.0	0.0	0.0	0.0	0.0	0.0
98.31942823557428	0.0	0.0	0.0	0.0	0.0	0.0	0.0	0.0	0.0	0.0	0.0	0.0	0.0
106.15649864744577	0.0	0.0	0.0	0.0	0.0	0.0	0.0	0.0	0.0	0.0	0.0	0.0	0.0
114.96205542423937	0.0	0.0	0.0	0.0	0.0	0.0	0.0	0.0	0.0	0.0	0.0	0.0	0.0
124.89336108783976	0.0	0.0	0.0	0.0	0.0	0.0	0.0	0.0	0.0	0.0	0.0	0.0	0.0
136.13859175379173	0.0	0.0	0.0	0.0	0.0	0.0	0.0	0.0	0.0	0.0	0.0	0.0	0.0
148.92381895621517	0.0	0.0	0.0	0.0	0.0	0.0	0.0	0.0	0.0	0.0	0.0	0.0	0.0
163.5217340416689	0.0	0.0	0.0	0.0	0.0	0.0	0.0	0.0	0.0	0.0	0.0	0.0	0.0
180.26258043373508	0.0	0.0	0.0	0.0	0.0	0.0	0.0	0.0	0.0	0.0	0.0	0.0	0.0
199.5478882621004	0.0	0.0	0.0	0.0	0.0	0.0	0.0	0.0	0.0	0.0	0.0	0.0	0.0
221.86777149819721	0.0	0.0	0.0	0.0	0.0	0.0	0.0	0.0	0.0	0.0	0.0	0.0	0.0
247.82276025968602	0.0	0.0	0.0	0.0	0.0	0.0	0.0	0.0	0.0	0.0	0.0	0.0	0.0
278.15141378879355	0.0	0.0	0.0	0.0	0.0	0.0	0.0	0.0	0.0	0.0	0.0	0.0	0.0
313.76531058704103	0.0	0.0	0.0	0.0	0.0	0.0	0.0	0.0	0.0	0.0	0.0	0.0	0.0
355.79346456131043	0.0	0.0	0.0	0.0	0.0	0.0	0.0	0.0	0.0	0.0	0.0	0.0	0.0
405.6388011777207	0.0	0.0	0.0	0.0	0.0	0.0	0.0	0.0	0.0	0.0	0.0	0.0	0.0
465.0500874920566	0.0	0.0	0.0	0.0	0.0	0.0	0.0	0.0	0.0	0.0	0.0	0.0	0.0
536.213701427287	0.0	0.0	0.0	0.0	0.0	0.0	0.0	0.0	0.0	0.0	0.0	0.0	0.0
621.8709257130367	0.0	0.0	0.0	0.0	0.0	0.0	0.0	0.0	0.0	0.0	0.0	0.0	0.0
725.468164483877	0.0	0.0	0.0	0.0	0.0	0.0	0.0	0.0	0.0	0.0	0.0	0.0	0.0
851.3497454818879	0.0	0.0	0.0	0.0	0.0	0.0	0.0	0.0	0.0	0.0	0.0	0.0	0.0
1005.0059742015	0.0	0.0	0.0	0.0	0.0	0.0	0.0	0.0	0.0	0.0	0.0	0.0	0.0
1193.393101286819	0.0	0.0	0.0	0.0	0.0	0.0	0.0	0.0	0.0	0.0	0.0	0.0	0.0
1425.3471656162128	0.0	0.0	0.0	0.0	0.0	0.0	0.0	0.0	0.0	0.0	0.0	0.0	0.0
1702.3885946674336	0.0	0.0	0.0	0.0	0.0	0.0	0.0	0.0	0.0	0.0	0.0	0.0	0.0
2033.281265854063	0.0	0.0	0.0	0.0	0.0	0.0	0.0	0.0	0.0	0.0	0.0	0.0	0.0
2428.493051428085	0.0	0.0	0.0	0.0	0.0	0.0	0.0	0.0	0.0	0.0	0.0	0.0	0.0
2900.526634971742	3.8320397417985385e+29	4.5655005202272275e+27	2.61643174423246e+27	1.3946451449947867e+27	9.05221761938772e+26	4.938964925372878e+26	1.2678916965821821e+26	6.281924580384631e+25	2.3869377838007902e+25	1.6350289309633322e+27	7.938254022351241e+26	4.938964925372878e+26	3.2784449515680965e+26
3464.315054129328	1.1734413421252125e+34	1.93829912354844e+32	1.1176960672129194e+32	5.9900834169203405e+31	3.899636136893445e+31	2.134966661073386e+31	5.510015488216045e+30	2.7351152849696715e+30	1.0412534904626633e+30	7.013844601184974e+31	3.4225255453834195e+31	2.134966661073386e+31	1.4198700434413574e+31
4137.694134830994	1.2466458764238482e+37	3.040887698590958e+35	1.768803166822729e+35	9.552008461734837e+34	6.244630766218098e+34	3.435194989262474e+34	8.931851067152278e+33	4.445227982486031e+33	1.6968019995943205e+33	1.1165106140514566e+35	5.486845512368207e+34	3.435194989262474e+34	2.290662868484232e+34
4941.966761567151	1.4851772357877827e+39	5.044024405885329e+37	2.959847097822819e+37	1.6106905307916693e+37	1.0574315210389556e+37	5.844917335416028e+36	1.5310621780679508e+36	7.639600893568796e+35	2.923867984716244e+35	1.8794083590485377e+37	9.301712860391373e+36	5.844917335416028e+36	3.9078732019638476e+36
5902.57685482903	2.6286163045983685e+40	1.3094750718419276e+39	7.778306977906817e+38	4.277928459617765e+38	2.8248582198329936e+38	1.5717690321508226e+38	4.159365979445759e+37	2.0827831584128743e+37	8.0002069464578e+36	4.9795873509677e+38	2.4887951801129436e+38	1.5717690321508226e+38	1.054712494743464e+38
7049.91437554336	5.2657054980207045e+40	3.7263107169806466e+39	2.2438272433358544e+39	1.2487307523455415e+39	8.299153046763829e+38	4.65157430902464e+38	1.244853078630841e+38	6.2578685471087135e+37	2.413267680814282e+37	1.4496445854497807e+39	7.324572300345295e+38	4.65157430902464e+38	3.133968490322559e+38
8420.276894364639	5.300444955671603e+40	5.3045876107277116e+39	3.2475892035801104e+39	1.833384990273534e+39	1.2280056289424634e+39	6.943633382947059e+38	1.8834427359590434e+38	9.512168678366587e+37	3.6856073861531504e+37	2.121462296208501e+39	1.086075023773139e+39	6.943633382947059e+38	4.700904631520581e+38
10057.01826530657	6.878299730578115e+40	9.651733457703392e+39	6.02936792234909e+39	3.4633150388242876e+39	2.3416466069615896e+39	1.338151987723351e+39	3.688706266377253e+38	1.873302204767312e+38	7.299200760288255e+37	3.9917826140137013e+39	2.07624519065139e+39	1.338151987723351e+39	9.112136047850124e+38
12011.919473484772	7.378811448794553e+40	1.4577154757718204e+40	9.347791632218395e+39	5.491182740151718e+39	3.758001880531014e+39	2.1769418296839378e+39	6.125790635183883e+38	3.1329578869385988e+38	1.2294500808638214e+38	6.29704553354828e+39	3.3429236541287826e+39	2.1769418296839378e+39	1.493442427002333e+39
14346.82719551946	8.182939951851777e+40	2.179502669853826e+40	1.4400509179686545e+40	8.677927991893801e+39	6.021079742010256e+39	3.541920312028463e+39	1.020015465349227e+39	5.2579460959210475e+38	2.079750538517093e+38	9.894245279445641e+39	5.3757895833938436e+39	3.541920312028463e+39	2.4502774789176245e+39
17135.610220476185	8.845616306199252e+40	3.098486968254687e+40	2.1234960530053237e+40	1.320111683945955e+40	9.31382202575639e+39	5.581944295978886e+39	1.652995550690281e+39	8.60152192690189e+38	3.434593637995265e+38	1.494602331346545e+40	8.352889706669633e+39	5.581944295978886e+39	3.900810234828711e+39
20466.49636527753	9.245606835870638e+40	4.133609515397549e+40	2.9654517174527146e+40	1.9167198141798356e+40	1.3808266617947117e+40	8.469881052496924e+39	2.5964449020979848e+39	1.366864989618212e+39	5.521560327843713e+38	2.1510941454847097e+40	1.2452837277082887e+40	8.469881052496924e+39	5.993808127910767e+39
24444.863817201884	9.529424260523145e+40	5.203383923529715e+40	3.9456970075810384e+40	2.6736467842071764e+40	1.9754466836587963e+40	1.2461984080655703e+40	3.9823036557924974e+39	2.1256903346145055e+39	8.706015697363182e+38	2.968788545869171e+40	1.793590307790388e+40	1.2461984080655703e+40	8.953387826312845e+39
29196.57496311133	1.086732039537283e+41	6.624197687015532e+40	5.29766950099666e+40	3.759568428724265e+40	2.8481783201391777e+40	1.8476754144398043e+40	6.155158970711268e+39	3.331471548418657e+39	1.383385216550637e+39	4.131037354728864e+40	2.603370070037699e+40	1.8476754144398043e+40	1.3477217293883858e+40
34871.95828142017	1.9348808546632764e+41	1.1634644371566631e+41	9.337164049658859e+40	6.654168747061073e+40	5.054868970965677e+40	3.290448525266206e+40	1.1025089009531261e+40	5.979878468894358e+39	2.488511171232988e+39	7.303967545234251e+40	4.62402166878106e+40	3.290448525266206e+40	2.4049383754193636e+40
41650.56425891806	3.1808546164388565e+41	1.9362163116163902e+41	1.5725851736724857e+41	1.132632427070733e+41	8.654166418720622e+40	5.670345774989469e+40	1.9186812517007197e+40	1.044106030663754e+40	4.3592772695478016e+39	1.240236579842615e+41	7.928916222565968e+40	5.670345774989469e+40	4.159164383185757e+40
49746.845794954264	3.897977871422977e+41	2.5008143932063254e+41	2.125080207932972e+41	1.5925881198356499e+41	1.2436045585665634e+41	8.350376819577296e+40	2.9317149051188624e+40	1.6153026876688588e+40	6.827909334368901e+39	1.7281622498440981e+41	1.1460757457550954e+41	8.350376819577296e+40	6.207383839775711e+40
59416.94280865478	3.676078427794624e+41	2.443226758239844e+41	2.2649896949143046e+41	1.8328631137546462e+41	1.4926355837001182e+41	1.0507024299220094e+41	3.9580582670269567e+40	2.2323874799397623e+40	9.656334471186457e+39	1.9543630862960504e+41	1.3912067268534953e+41	1.0507024299220094e+41	8.013450879484318e+40
70966.78568609094	2.8697043156381875e+41	1.751494177556228e+41	1.8460688628851917e+41	1.6771287781601801e+41	1.45684466521298e+41	1.103899977546977e+41	4.652680956000462e+40	2.7254368313146653e+40	1.223972944377642e+40	1.7412991790956836e+41	1.3818392605973439e+41	1.103899977546977e+41	8.767667435456804e+40
84761.77391058457	1.852557726544843e+41	7.909384046689762e+40	9.89011830444687e+40	1.0642067750749708e+41	1.0217668397934129e+41	8.719856534986287e+40	4.440741449481366e+40	2.7767476898435536e+40	1.330651323168996e+40	1.0614326660585372e+41	9.965246065735265e+40	8.719856534986287e+40	7.408360298117994e+40
101238.33601768753	1.0213250014702197e+41	1.8821273475510967e+40	2.9824022125843373e+40	4.1464075427633155e+40	4.639118923759053e+40	4.747433409574529e+40	3.237867899663498e+40	2.2450093527233606e+40	1.1946407158895422e+40	3.889672819766872e+40	4.721041943515708e+40	4.747433409574529e+40	4.471874208387111e+40
120917.73690331561	5.701122390154167e+40	3.745985271984755e+39	4.7762877933649576e+39	7.599895779858768e+39	1.0262595515667713e+40	1.39256097406877e+40	1.587623616569127e+40	1.3232640467005068e+40	8.452571633665451e+39	6.736478358807359e+39	1.1106296459049181e+40	1.39256097406877e+40	1.5658297807340528e+40
144422.5688832253	2.6645682177828235e+40	2.2199196126565936e+39	1.55314347595825e+39	1.1698447797374273e+39	1.2335136504376871e+39	1.8887824636561365e+39	4.5782437697831444e+39	5.1883292685302026e+39	4.5078516336362624e+39	1.2204296345045942e+39	1.3182451420970348e+39	1.8887824636561365e+39	2.6600852053021677e+39
172496.44843788524	1.8294507442584233e+40	1.9796098747585246e+39	1.3940464668744557e+39	9.273787491090794e+38	7.513922443897326e+38	7.816733512466134e+38	2.125953187022624e+39	2.895030368720988e+39	3.096393474567346e+39	1.0241466473039233e+39	7.274210566358793e+38	7.816733512466134e+38	1.0258831869423191e+39
206027.5415446035	1.301133636405336e+40	1.7352118436007822e+39	1.2523522216174712e+39	8.341208919806157e+38	6.2877754816638226e+38	4.7946611048766794e+38	1.0217690863009961e+39	1.6495401178792415e+39	2.1872500878155246e+39	9.268721032385412e+38	5.811809121578089e+38	4.7946611048766794e+38	5.020803605064252e+38
246076.6624874683	9.242372863721968e+39	1.4914222722942755e+39	1.1062353597249318e+39	7.554242895211452e+38	5.684995408747149e+38	3.836474306169033e+38	4.552581309894425e+38	8.281875515347918e+38	1.3929970771583895e+39	8.352809380312158e+38	5.20495164482187e+38	3.836474306169033e+38	3.2012995967404383e+38
293910.8345007022	6.53943552653376e+39	1.255036353545305e+39	9.578644757896721e+38	6.738757816462209e+38	5.1553489341596234e+38	3.4437574086906526e+38	2.171409238293082e+38	3.686798776539089e+38	7.786901850445074e+38	7.39782741253282e+38	4.734351239170662e+38	3.4437574086906526e+38	2.6295524278233148e+38
351043.374172998	4.6011108942782557e+39	1.0317799570576648e+39	8.113163396174976e+38	5.8902336436216676e+38	4.597626669569618e+38	3.137129168073438e+38	1.3726969351244083e+38	1.6041589615975348e+38	3.75890391855205e+38	6.4164387788926236e+38	4.246163671154198e+38	3.137129168073438e+38	2.378052596399987e+38
419281.76774807135	3.2146687980408796e+39	8.263541885008898e+38	6.706749700250159e+38	5.032147559636477e+38	4.0126946190739335e+38	2.8148101209253102e+38	1.1347634609461409e+38	8.609467018214697e+37	1.5884459545248877e+38	5.437404377395454e+38	3.7292769499090995e+38	2.8148101209253102e+38	2.1645831060619285e+38
500784.853965745	2.2281952345772713e+39	6.425173336185696e+38	5.397461102727955e+38	4.1928552884934306e+38	3.419211837416662e+38	2.4709422071877423e+38	1.029424080927115e+38	6.454319370901896e+37	6.588651775406747e+37	4.492163557346917e+38	3.198821661794537e+38	2.4709422071877423e+38	1.9358768110347915e+38
598131.1225154585	1.5316936310917803e+39	4.829586059839756e+38	4.217214781165588e+38	3.4005781402449168e+38	2.8392300233822185e+38	2.117065426536195e+38	9.361654686291141e+37	5.737806270867717e+37	3.502887628569438e+37	3.610638694254984e+38	2.6747257172292238e+38	2.117065426536195e+38	1.6922828559517615e+38
714400.2888346636	1.0444168042385784e+39	3.4911659980609756e+38	3.1883493178400997e+38	2.6792768065398366e+38	2.2938749778403503e+38	1.767585623326457e+38	8.353010315332715e+37	5.238189129229201e+37	2.6736586260192645e+37	2.8171005500200686e+38	2.176826065836858e+38	1.767585623326457e+38	1.443147292792035e+38
853270.7260033116	7.067617279946838e+38	2.411118029862368e+38	2.3221649112781854e+38	2.0456001022171042e+38	1.8001036093862372e+38	1.4362937987842866e+38	7.282153026758282e+37	4.712623884126421e+37	2.396831265001951e+37	2.127401515344591e+38	1.721686915994435e+38	1.4362937987842866e+38	1.1989653814624699e+38
1019135.8361504185	4.7493760188195686e+38	1.578038050174826e+38	1.6197581660628844e+38	1.5080650570415868e+38	1.3689139064239745e+38	1.1343216599640303e+38	6.192852419955576e+37	4.1474781321826917e+37	2.188421852178202e+37	1.5486254178150422e+38	1.3206499934316266e+38	1.1343216599640303e+38	9.69298462753086e+37
1217243.0429704993	3.171340054033327e+38	9.690994001976639e+37	1.0738352230965321e+38	1.0681220680521966e+38	1.0052978159318463e+38	8.690495787221801e+37	5.131000866346952e+37	3.5633680189367674e+37	1.9659781660685736e+37	1.0805007521598126e+38	9.794789667202456e+37	8.690495787221801e+37	7.615469946358556e+37
1453859.8026026266	2.105545582375316e+38	5.518745924395516e+37	6.702961177550566e+37	7.218804961150509e+37	7.093464317349535e+37	6.440257426175453e+37	4.137365642909749e+37	2.9846725375257342e+37	1.7278343827553803e+37	7.172030370190104e+37	6.992019640691094e+37	6.440257426175453e+37	5.803666602633496e+37
1736471.8848939347	1.3907896467935445e+38	2.8739691426506665e+37	3.895098080766062e+37	4.615193815185636e+37	4.776244030857406e+37	4.596185424704111e+37	3.242921953516567e+37	2.4344417933524683e+37	1.482765556795055e+37	4.48690157117465e+37	4.773833548614808e+37	4.596185424704111e+37	4.277373176139984e+37
2074020.1979945146	9.144793337612578e+37	1.3464949351571214e+37	2.0790927217835807e+37	2.7618741744992775e+37	3.042127038952752e+37	3.1392949800285606e+37	2.4665380662871695e+37	1.9315380298675494e+37	1.240714882220446e+37	2.616077334309925e+37	3.0919064408086898e+37	3.1392949800285606e+37	3.0349311224795968e+37
2477183.6486104243	5.988542754395562e+37	5.568533958290176e+36	1.0034842631076334e+37	1.5277186367588894e+37	1.8133935877183013e+37	2.035535646216427e+37	1.815372528801881e+37	1.4887577059323018e+37	1.0111015941534555e+37	1.402712708296575e+37	1.8805415927339575e+37	2.035535646216427e+37	2.059895708813135e+37
2958716.9866529116	3.90751624848044e+37	1.988253446700098e+36	4.3000224534615196e+36	7.696399723431614e+36	9.988811973511735e+36	1.2404122966100077e+37	1.2873129255353982e+37	1.1123572829697872e+37	8.016504660549429e+36	6.809568724802802e+36	1.061150808666615e+37	1.2404122966100077e+37	1.326321068003218e+37
3533854.3225408397	2.541503078856231e+37	5.9732601255554435e+35	1.6014030025586132e+36	3.4708963226576137e+36	5.009171277378869e+36	7.018732493535861e+36	8.740623590104588e+36	8.029278574760334e+36	6.175859225378111e+36	2.938989889072599e+36	5.476675506520643e+36	7.018732493535861e+36	8.018466382491173e+36
4220791.083072065	1.6483585942306708e+37	1.4653420334582705e+35	5.0565106356860374e+35	1.373382625333412e+36	2.247479361730407e+36	3.635755242326142e+36	5.63607313244944e+36	5.570209525474841e+36	4.6140489721221225e+36	1.1041269160619398e+36	2.5425688955379402e+36	3.635755242326142e+36	4.4960937767081796e+36
