#t	Le	U	B	V	R	I	J	H	K	g	r	i	z
#----------------------------------------------- 
35.01488599903051	0.0	0.0	0.0	0.0	0.0	0.0	0.0	0.0	0.0	0.0	0.0	0.0	0.0
35.439236197241215	0.0	0.0	0.0	0.0	0.0	0.0	0.0	0.0	0.0	0.0	0.0	0.0	0.0
122.08567494194594	0.0	0.0	0.0	0.0	0.0	0.0	0.0	0.0	0.0	0.0	0.0	0.0	0.0
123.27912838511227	0.0	0.0	0.0	0.0	0.0	0.0	0.0	0.0	0.0	0.0	0.0	0.0	0.0
125.10627090243919	0.0	0.0	0.0	0.0	0.0	0.0	0.0	0.0	0.0	0.0	0.0	0.0	0.0
127.60042462265741	0.0	0.0	0.0	0.0	0.0	0.0	0.0	0.0	0.0	0.0	0.0	0.0	0.0
130.806042483437	0.0	0.0	0.0	0.0	0.0	0.0	0.0	0.0	0.0	0.0	0.0	0.0	0.0
134.77720334022115	0.0	0.0	0.0	0.0	0.0	0.0	0.0	0.0	0.0	0.0	0.0	0.0	0.0
139.57682294015183	0.0	0.0	0.0	0.0	0.0	0.0	0.0	0.0	0.0	0.0	0.0	0.0	0.0
145.27570672052394	0.0	0.0	0.0	0.0	0.0	0.0	0.0	0.0	0.0	0.0	0.0	0.0	0.0
151.9511969199168	0.0	0.0	0.0	0.0	0.0	0.0	0.0	0.0	0.0	0.0	0.0	0.0	0.0
159.6853322201955	0.0	0.0	0.0	0.0	0.0	0.0	0.0	0.0	0.0	0.0	0.0	0.0	0.0
168.56255043999803	0.0	0.0	0.0	0.0	0.0	0.0	0.0	0.0	0.0	0.0	0.0	0.0	0.0
178.66707667480836	0.0	0.0	0.0	0.0	0.0	0.0	0.0	0.0	0.0	0.0	0.0	0.0	0.0
190.08023984055063	0.0	0.0	0.0	0.0	0.0	0.0	0.0	0.0	0.0	0.0	0.0	0.0	0.0
202.87802022476677	0.0	0.0	0.0	0.0	0.0	0.0	0.0	0.0	0.0	0.0	0.0	0.0	0.0
217.12912261749133	0.0	0.0	0.0	0.0	0.0	0.0	0.0	0.0	0.0	0.0	0.0	0.0	0.0
232.89378792545418	0.0	0.0	0.0	0.0	0.0	0.0	0.0	0.0	0.0	0.0	0.0	0.0	0.0
250.22342340238237	0.0	0.0	0.0	0.0	0.0	0.0	0.0	0.0	0.0	0.0	0.0	0.0	0.0
269.160990054393	0.0	0.0	0.0	0.0	0.0	0.0	0.0	0.0	0.0	0.0	0.0	0.0	0.0
289.7419776650495	0.0	0.0	0.0	0.0	0.0	0.0	0.0	0.0	0.0	0.0	0.0	0.0	0.0
311.9957468250748	0.0	0.0	0.0	0.0	0.0	0.0	0.0	0.0	0.0	0.0	0.0	0.0	0.0
335.94702240320254	0.0	0.0	0.0	0.0	0.0	0.0	0.0	0.0	0.0	0.0	0.0	0.0	0.0
361.6173661070641	0.0	0.0	0.0	0.0	0.0	0.0	0.0	0.0	0.0	0.0	0.0	0.0	0.0
389.0265141340942	0.0	0.0	0.0	0.0	0.0	0.0	0.0	0.0	0.0	0.0	0.0	0.0	0.0
418.19352112969847	0.0	0.0	0.0	0.0	0.0	0.0	0.0	0.0	0.0	0.0	0.0	0.0	0.0
449.1376944305945	0.0	0.0	0.0	0.0	0.0	0.0	0.0	0.0	0.0	0.0	0.0	0.0	0.0
481.87933014247403	0.0	0.0	0.0	0.0	0.0	0.0	0.0	0.0	0.0	0.0	0.0	0.0	0.0
516.4402771782662	0.0	0.0	0.0	0.0	0.0	0.0	0.0	0.0	0.0	0.0	0.0	0.0	0.0
552.8443607321309	0.0	0.0	0.0	0.0	0.0	0.0	0.0	0.0	0.0	0.0	0.0	0.0	0.0
591.1176960944919	0.0	0.0	0.0	0.0	0.0	0.0	0.0	0.0	0.0	0.0	0.0	0.0	0.0
631.2889203638488	0.0	0.0	0.0	0.0	0.0	0.0	0.0	0.0	0.0	0.0	0.0	0.0	0.0
673.3893656475727	0.0	0.0	0.0	0.0	0.0	0.0	0.0	0.0	0.0	0.0	0.0	0.0	0.0
717.4531939192331	0.0	0.0	0.0	0.0	0.0	0.0	0.0	0.0	0.0	0.0	0.0	0.0	0.0
763.5174946950264	0.0	0.0	0.0	0.0	0.0	0.0	0.0	0.0	0.0	0.0	0.0	0.0	0.0
811.6223741273058	0.0	0.0	0.0	0.0	0.0	0.0	0.0	0.0	0.0	0.0	0.0	0.0	0.0
861.8110380075456	0.0	0.0	0.0	0.0	0.0	0.0	0.0	0.0	0.0	0.0	0.0	0.0	0.0
914.1298746694241	0.0	0.0	0.0	0.0	0.0	0.0	0.0	0.0	0.0	0.0	0.0	0.0	0.0
968.6285424363085	0.0	0.0	0.0	0.0	0.0	0.0	0.0	0.0	0.0	0.0	0.0	0.0	0.0
1025.3600642819508	0.0	0.0	0.0	0.0	0.0	0.0	0.0	0.0	0.0	0.0	0.0	0.0	0.0
1084.380932787441	0.0	0.0	0.0	0.0	0.0	0.0	0.0	0.0	0.0	0.0	0.0	0.0	0.0
1145.751227382943	0.0	0.0	0.0	0.0	0.0	0.0	0.0	0.0	0.0	0.0	0.0	0.0	0.0
1209.5347402467944	0.0	0.0	0.0	0.0	0.0	0.0	0.0	0.0	0.0	0.0	0.0	0.0	0.0
1275.799118611434	0.0	0.0	0.0	0.0	0.0	0.0	0.0	0.0	0.0	0.0	0.0	0.0	0.0
1344.6160210421647	0.0	0.0	0.0	0.0	0.0	0.0	0.0	0.0	0.0	0.0	0.0	0.0	0.0
1416.061293825742	0.0	0.0	0.0	0.0	0.0	0.0	0.0	0.0	0.0	0.0	0.0	0.0	0.0
1490.215156210098	0.0	0.0	0.0	0.0	0.0	0.0	0.0	0.0	0.0	0.0	0.0	0.0	0.0
1567.1624098344907	0.0	0.0	0.0	0.0	0.0	0.0	0.0	0.0	0.0	0.0	0.0	0.0	0.0
1646.9926666336282	0.0	0.0	0.0	0.0	0.0	0.0	0.0	0.0	0.0	0.0	0.0	0.0	0.0
1729.800594480568	0.0	0.0	0.0	0.0	0.0	0.0	0.0	0.0	0.0	0.0	0.0	0.0	0.0
1815.6861897192978	0.0	0.0	0.0	0.0	0.0	0.0	0.0	0.0	0.0	0.0	0.0	0.0	0.0
1904.755070190528	0.0	0.0	0.0	0.0	0.0	0.0	0.0	0.0	0.0	0.0	0.0	0.0	0.0
1997.1187961295182	0.0	0.0	0.0	0.0	0.0	0.0	0.0	0.0	0.0	0.0	0.0	0.0	0.0
2092.8952184329382	0.0	0.0	0.0	0.0	0.0	0.0	0.0	0.0	0.0	0.0	0.0	0.0	0.0
2192.208857598224	0.0	0.0	0.0	0.0	0.0	0.0	0.0	0.0	0.0	0.0	0.0	0.0	0.0
2295.19131137524	0.0	0.0	0.0	0.0	0.0	0.0	0.0	0.0	0.0	0.0	0.0	0.0	0.0
2401.9816987357376	0.0	0.0	0.0	0.0	0.0	0.0	0.0	0.0	0.0	0.0	0.0	0.0	0.0
2512.727142517216	0.0	0.0	0.0	0.0	0.0	0.0	0.0	0.0	0.0	0.0	0.0	0.0	0.0
2627.5832934869145	0.0	0.0	0.0	0.0	0.0	0.0	0.0	0.0	0.0	0.0	0.0	0.0	0.0
2746.7149003641143	0.0	0.0	0.0	0.0	0.0	0.0	0.0	0.0	0.0	0.0	0.0	0.0	0.0
2870.2964271004294	0.0	0.0	0.0	0.0	0.0	0.0	0.0	0.0	0.0	0.0	0.0	0.0	0.0
2998.512725011075	0.0	0.0	0.0	0.0	0.0	0.0	0.0	0.0	0.0	0.0	0.0	0.0	0.0
3131.5597642699645	0.0	0.0	0.0	0.0	0.0	0.0	0.0	0.0	0.0	0.0	0.0	0.0	0.0
3269.645430434122	0.0	0.0	0.0	0.0	0.0	0.0	0.0	0.0	0.0	0.0	0.0	0.0	0.0
3412.9903937455642	0.0	0.0	0.0	0.0	0.0	0.0	0.0	0.0	0.0	0.0	0.0	0.0	0.0
3561.8290551222626	0.0	0.0	0.0	0.0	0.0	0.0	0.0	0.0	0.0	0.0	0.0	0.0	0.0
3716.410580652005	0.0	0.0	0.0	0.0	0.0	0.0	0.0	0.0	0.0	0.0	0.0	0.0	0.0
3877.000033961409	0.0	0.0	0.0	0.0	0.0	0.0	0.0	0.0	0.0	0.0	0.0	0.0	0.0
4043.8796139914416	0.0	0.0	0.0	0.0	0.0	0.0	0.0	0.0	0.0	0.0	0.0	0.0	0.0
4217.350012766498	0.0	0.0	0.0	0.0	0.0	0.0	0.0	0.0	0.0	0.0	0.0	0.0	0.0
4397.731904964591	0.0	0.0	0.0	0.0	0.0	0.0	0.0	0.0	0.0	0.0	0.0	0.0	0.0
4585.367586919368	0.0	0.0	0.0	0.0	0.0	0.0	0.0	0.0	0.0	0.0	0.0	0.0	0.0
4780.622779506823	0.0	0.0	0.0	0.0	0.0	0.0	0.0	0.0	0.0	0.0	0.0	0.0	0.0
4983.888612205286	0.0	0.0	0.0	0.0	0.0	0.0	0.0	0.0	0.0	0.0	0.0	0.0	0.0
5195.583817621006	0.0	0.0	0.0	0.0	0.0	0.0	0.0	0.0	0.0	0.0	0.0	0.0	0.0
5416.157153236674	3.3976169451459225e+30	3.8693174097787828e+28	2.215977034184997e+28	1.180495872190692e+28	7.659752992708587e+27	4.177672769784148e+27	1.0718375667466145e+27	5.30946979675242e+26	2.0170139467228877e+26	1.384154456450238e+28	6.716554022805398e+27	4.177672769784148e+27	2.772532821689305e+27
5646.09008491133	5.388831837893793e+31	6.540511318573815e+29	3.749959692335826e+29	1.9996378490097e+29	1.2981856072772697e+29	7.08476555691024e+28	1.8194484447343065e+28	9.015904905132142e+27	3.4262433864742393e+27	2.3440889146581617e+29	1.1384982087249216e+29	7.08476555691024e+28	4.7034586193714384e+28
5885.899764928946	6.377481104255444e+32	8.350334214908001e+30	4.794169085066782e+30	2.559532146988709e+30	1.6627794313758956e+30	9.081413232144693e+29	2.334976088083023e+29	1.1575311420733473e+29	4.400751125776257e+28	2.9996032302776427e+30	1.458506987053789e+30	9.081413232144693e+29	6.031547367909948e+29
6136.142357648193	6.36789433396256e+33	8.754066822831148e+31	5.0305108635858755e+31	2.6878454499414816e+31	1.7469031477715383e+31	9.545648013249649e+30	2.4562574077750995e+30	1.2179886345916792e+30	4.631902955710587e+29	3.149405846879669e+31	1.532478431067205e+31	9.545648013249649e+30	6.341642184491767e+30
6397.416724500585	5.134783970435944e+34	7.550318611470397e+32	4.344346361397794e+32	2.323836656794177e+32	1.5112629170417683e+32	8.26390135782656e+31	2.1287969569209895e+31	1.056020118315995e+31	4.0175490156457805e+30	2.7221881301997292e+32	1.3259854959665345e+32	8.26390135782656e+31	5.492281866975938e+31
6670.3685360709305	3.418448959431828e+35	5.451232099997121e+33	3.141578997706021e+33	1.6828221070768123e+33	1.0952384416406026e+33	5.994290103788699e+32	1.5462680633233648e+32	7.6741866902355215e+31	2.9210306866038675e+31	1.970659153497901e+33	9.611663385496862e+32	5.994290103788699e+32	3.985829152850608e+32
6955.694862772117	1.939681908310546e+36	3.3597249854880706e+34	1.9395087436009365e+34	1.0404619393920441e+34	6.777225378094124e+33	3.7126736583249183e+33	9.591030207623197e+32	4.7624902114562795e+32	1.8136959429302213e+32	1.2180139746417108e+34	5.948919837173293e+33	3.7126736583249183e+33	2.469977202874044e+33
7254.149327746587	9.427810000151997e+36	1.7857768525144886e+35	1.0328619026895365e+35	5.550107848667832e+34	3.6184832679143667e+34	1.9843460588479092e+34	5.134581356010501e+33	2.5510690768635446e+33	9.720909114783826e+32	6.494742167611639e+34	3.1770277893691753e+34	1.9843460588479092e+34	1.3209202820841495e+34
7566.547891482449	4.009105568425087e+37	8.306634321603709e+35	4.8139903328184374e+35	2.591324568063334e+35	1.691080046754104e+35	9.283913476312911e+34	2.4063486637923223e+34	1.1962850164065137e+34	4.561255038640024e+33	3.0311630391695033e+35	1.4851545714166412e+35	9.283913476312911e+34	6.1837843663633975e+34
7893.77535795307	1.4989432644915793e+38	3.4108979367874164e+36	1.9810375687770082e+36	1.0684030198656842e+36	6.979624148562136e+35	3.836342811710034e+35	9.962078783900813e+34	4.95573028117253e+34	1.8907994202744892e+34	1.2492058947229958e+36	6.131442544722331e+35	3.836342811710034e+35	2.556984493546293e+35
8236.792703179766	5.004515624399472e+38	1.250679609887455e+37	7.280431198546141e+36	3.934253720489537e+36	2.5729655172332653e+36	1.4159907526544877e+36	3.684109621549246e+35	1.833933840533848e+35	7.001991463565283e+34	4.5979507347828243e+36	2.260961309209671e+36	1.4159907526544877e+36	9.444325335195463e+35
8596.645366855584	1.4948483906961282e+39	4.120789911826291e+37	2.404771388581908e+37	1.3023399824141545e+37	8.527380550460144e+36	4.6993103835885976e+36	1.2252483146223178e+36	6.103736684838901e+35	2.3321765473495465e+35	1.5212850798567585e+37	7.495756771827298e+36	4.6993103835885976e+36	3.13669694661811e+36
8974.472650222684	4.4205011160444583e+39	1.2688458277745455e+38	7.412479356518706e+37	4.0180631193138635e+37	2.6322629993277154e+37	1.4514421239988635e+37	3.7877393441744865e+36	1.8875046224305307e+36	7.214278826859053e+35	4.692573884117874e+37	2.314136646364761e+37	1.4514421239988635e+37	9.691202169715881e+36
9371.518393961225	1.10726478996082e+40	3.4764818023481045e+38	2.0358788132045084e+38	1.1059297587962305e+38	7.253483285443427e+37	4.0049183432829173e+37	1.0472897959445008e+37	5.222594339594504e+36	1.997604214695327e+36	1.2909562677273304e+38	6.378864739463727e+37	4.0049183432829173e+37	2.6760284587584476e+37
9789.14315901099	2.578376222944117e+40	8.7657052296844e+38	5.1449047647347115e+38	2.8003086005661032e+38	1.8386246405810336e+38	1.0164188171975904e+38	2.66299222047279e+37	1.328851889570836e+37	5.0861962726679215e+36	3.26734804475337e+38	1.6173964054122441e+38	1.0164188171975904e+38	6.79617224168174e+37
10228.838130186632	5.354524115694977e+40	2.004555224172505e+39	1.1799079424217326e+39	6.438078758859239e+38	4.232876255160752e+38	2.3436267192935518e+38	6.154976486100655e+37	3.073941700464401e+37	1.1775579363381857e+37	7.507575452307149e+38	3.724938217001726e+38	2.3436267192935518e+38	1.568383889991307e+38
10692.24105695637	1.0141847330906342e+41	4.1751957226821284e+39	2.4648516828641114e+39	1.3483915531113493e+39	8.877843591550296e+38	4.923296372736995e+38	1.2961887420320638e+38	6.479050817592434e+37	2.484160095803288e+37	1.5714657297632484e+39	7.815494474726248e+38	4.923296372736995e+38	3.2976481464445597e+38
11181.15456801584	1.683798078653895e+41	7.753773358798086e+39	4.594368553277027e+39	2.521393827373238e+39	1.6630030242945715e+39	9.24071350452109e+38	2.4403416643348303e+38	1.2211168643809382e+38	4.687033628341637e+37	2.936385535810838e+39	1.464696313496127e+39	9.24071350452109e+38	6.196279079453034e+38
11697.567359815133	2.6476749697259157e+41	1.3069521983455713e+40	7.762698593707975e+39	4.269046972477684e+39	2.8188861567674345e+39	1.5683783967031242e+39	4.150117190205121e+38	2.078103846441005e+38	7.982045187382213e+37	4.9693278760076574e+39	2.4835080584633484e+39	1.5683783967031242e+39	1.0524121759964655e+39
12243.68093505661	3.3707631606575136e+41	1.8717241605336525e+40	1.1164767768588506e+40	6.162784432973823e+39	4.077586877683301e+39	2.2739138849686557e+39	6.038363008135872e+38	3.027325429569846e+38	1.1642575438639405e+38	7.167661607905092e+39	3.5944193033891855e+39	2.2739138849686557e+39	1.5277743684641254e+39
12821.967752982233	3.7247344356103724e+41	2.3325370840189587e+40	1.3978499266928603e+40	7.747142314490712e+39	5.1371880068094577e+39	2.871978783673396e+39	7.655869702650263e+38	3.843374112881965e+38	1.4801007893195995e+38	9.002085585234824e+39	4.5311598599198825e+39	2.871978783673396e+39	1.932254834265623e+39
13435.183016668016	3.5871702488755214e+41	2.574179502450328e+40	1.551450547098694e+40	8.640788832188447e+39	5.745152193066278e+39	3.2216245662681707e+39	8.628014444588579e+38	4.3383953638457526e+38	1.6734778223692892e+38	1.002927976916858e+40	5.0710677926865846e+39	3.2216245662681707e+39	2.1711189859446523e+39
14086.390026613833	3.136680676169465e+41	2.6376544114219927e+40	1.6012316345173767e+40	8.973862553570422e+39	5.986921172087072e+39	3.3701201913115624e+39	9.078994988760935e+38	4.5744560466330974e+38	1.7681864766082034e+38	1.0401120520496611e+40	5.2893117997493106e+39	3.3701201913115624e+39	2.275997551996928e+39
14779.02532623099	3.3084647506049603e+41	2.8997727828945737e+40	1.7638709669445209e+40	9.902380175725394e+39	6.612572371530007e+39	3.7262467285996355e+39	1.005464549373819e+39	5.0688679802234746e+38	1.9604053434364862e+38	1.1472830288308236e+40	5.843534465321897e+39	3.7262467285996355e+39	2.517969319837027e+39
15516.965887098113	3.089947360825548e+41	3.0873159796337045e+40	1.8905376487007828e+40	1.0674774861871232e+40	7.150707375931026e+39	4.043750485027692e+39	1.0970443572538049e+39	5.540854371676284e+38	2.1469997127931604e+38	1.23515681310252e+40	6.324412261262152e+39	4.043750485027692e+39	2.7378254110117063e+39
16304.59330564515	3.050759845740925e+41	3.436696699601923e+40	2.1186131724098174e+40	1.2031707420493512e+40	8.084934449315365e+39	4.5882182092566053e+39	1.2514746566887044e+39	6.3325630076086385e+38	2.45839097552412e+38	1.3903461365864556e+40	7.156708722573214e+39	4.5882182092566053e+39	3.1124775487585343e+39
17146.907371252448	3.3846406399005927e+41	4.095051759101906e+40	2.535002582078782e+40	1.4448004368261337e+40	9.727463288630349e+39	5.532427809073169e+39	1.5140434733598964e+39	7.66994421569713e+38	2.9810309036517883e+38	1.6682121521344776e+40	8.615152259439519e+39	5.532427809073169e+39	3.757489723039356e+39
18049.615479050444	3.3821785832542283e+41	4.681404557826654e+40	2.9227585075306176e+40	1.6780206688268926e+40	1.134251090634406e+40	6.479787253855094e+39	1.7853651108220887e+39	9.065488107256562e+38	3.5317349365487656e+38	1.934288341553744e+40	1.0056222340096526e+40	6.479787253855094e+39	4.411667167556247e+39
19019.21124360139	3.4736550656892317e+41	5.339500579389059e+40	3.358082911641531e+40	1.9400777551671275e+40	1.315846814583321e+40	7.545955474166756e+39	2.0912100541285553e+39	1.0639578183570408e+39	4.153303557639093e+38	2.233192154978055e+40	1.1676885862568045e+40	7.545955474166756e+39	5.148291794007173e+39
20063.17829581538	3.4314512473532846e+41	5.899282285147223e+40	3.7411932880382953e+40	2.1768942649651682e+40	1.4821712575417e+40	8.536644088920258e+39	2.3813259573379415e+39	1.2142819367372145e+39	4.75086303133652e+38	2.5017433044385633e+40	1.3166477391825235e+40	8.536644088920258e+39	5.83798973784444e+39
21190.211396839695	3.4777151608251235e+41	6.565679547266231e+40	4.195794158672745e+40	2.4574571319243597e+40	1.6791259359163076e+40	9.709463983215247e+39	2.7247993442584424e+39	1.3922771249693032e+39	5.4585504312747056e+38	2.8199905419885204e+40	1.493023510240518e+40	9.709463983215247e+39	6.654453127929685e+39
22410.46947619185	3.457904411779907e+41	7.280958422628585e+40	4.697670732341552e+40	2.774007148970029e+40	1.9037968956105932e+40	1.1063134801231925e+40	3.1279273225341936e+39	1.6023284111787512e+39	6.2981880204904515e+38	3.1773558208415445e+40	1.6947963400813093e+40	1.1063134801231925e+40	7.602655799942346e+39
23735.891659012315	3.529675105755122e+41	8.173412825445906e+40	5.322709583225068e+40	3.1681579070580743e+40	2.1836316020588018e+40	1.2750257390911888e+40	3.631095996657339e+39	1.864667689591423e+39	7.347540545280197e+38	3.6223064067433485e+40	1.9461426066504553e+40	1.2750257390911888e+40	8.784981982029871e+39
25180.58778080996	3.630807276261835e+41	9.193672348651868e+40	6.042568255601413e+40	3.6249706123370267e+40	2.509050947608877e+40	1.471959249954247e+40	4.2217329295507954e+39	2.1731923651994493e+39	8.583966427867923e+38	4.1372630173908204e+40	2.2386964272565176e+40	1.471959249954247e+40	1.0167891975479844e+40
26761.587873738288	3.714912528523211e+41	1.0284979729112456e+41	6.828857873398135e+40	4.1322764941516124e+40	2.873520851411068e+40	1.6945560024487027e+40	4.8982057874412114e+39	2.5280862018049564e+39	1.0012311248209795e+39	4.707056223582011e+40	2.567087075020719e+40	1.6945560024487027e+40	1.1738619775390952e+40
28499.61001975438	3.693479503492644e+41	1.1330939804333656e+41	7.619910570618864e+40	4.661231115902719e+40	3.2602600774107084e+40	1.9351297784270058e+40	5.648177553132301e+39	2.9247485434886996e+39	1.1621457224129674e+39	5.296611944020344e+40	2.917117674683165e+40	1.9351297784270058e+40	1.345239989779279e+40
30419.952512587723	3.647043186903342e+41	1.2394385072773154e+41	8.455960207819835e+40	5.236388610314597e+40	3.686680619741887e+40	2.2042967941268233e+40	6.504553220200594e+39	3.380646826865019e+39	1.3482696773767682e+39	5.933756240326443e+40	3.3044515199240657e+40	2.2042967941268233e+40	1.5384466268007232e+40
32554.074160610842	3.67109821501184e+41	1.3656842207770981e+41	9.453101857175351e+40	5.926418592947506e+40	4.200144225703144e+40	2.529832394651929e+40	7.547544735065062e+39	3.9372510893436126e+39	1.5760715590577277e+39	6.697048767214124e+40	3.771328525540642e+40	2.529832394651929e+40	1.7726962633124652e+40
34941.48573191973	3.6442803057783765e+41	1.4898976906278766e+41	1.048855804233454e+41	6.6705952974643175e+40	4.763997152280735e+40	2.8940437928857265e+40	8.744493229741335e+39	4.5811410255515173e+39	1.841643135575998e+39	7.51365528138041e+40	4.2863908603814825e+40	2.8940437928857265e+40	2.037287940705389e+40
37632.7550890517	3.628094003217342e+41	1.6214277930689104e+41	1.1627398407691051e+41	7.512003419810874e+40	5.410228861903724e+40	3.3174668166894287e+40	1.0164010762461995e+40	5.349632047359348e+39	2.1605769479728324e+39	8.431482826857743e+40	4.878773692326661e+40	3.3174668166894287e+40	2.3471829246707727e+40
40694.290804036085	3.6748369430074774e+41	1.7770106252160774e+41	1.298778894888458e+41	8.527858256416263e+40	6.195322951259875e+40	3.835602692379472e+40	1.1920417694983778e+40	6.304093558407078e+39	2.558183919886137e+39	9.536801107624284e+40	5.599679753359497e+40	3.835602692379472e+40	2.7279146598538217e+40
44213.98357248793	3.682088447553139e+41	1.925817669348489e+41	1.43916739723228e+41	9.630314854541448e+40	7.067528857569644e+40	4.425097621509857e+40	1.3983517106252e+40	7.436367374555329e+39	3.0343704892251466e+39	1.072379553098878e+41	6.405326253908815e+40	4.425097621509857e+40	3.166331485792145e+40
48313.01735287613	3.7416657777281216e+41	2.098818744031036e+41	1.6058481484972972e+41	1.0963553362261486e+41	8.132821528421626e+40	5.153039961737241e+40	1.657250734244535e+40	8.864811825802302e+39	3.6382569699572567e+39	1.2153297085737253e+41	7.391928197858927e+40	5.153039961737241e+40	3.710915322269699e+40
53162.29966583446	3.763932461713035e+41	2.257446845790248e+41	1.7760120273079652e+41	1.2416861678213648e+41	9.32870847832718e+40	5.994550133532269e+40	1.9682970588520775e+40	1.060128474106301e+40	4.380647595130964e+39	1.3690772079853195e+41	8.507635500296885e+40	5.994550133532269e+40	4.349750736808931e+40
59015.21347014192	3.767611306624608e+41	2.3969332071608806e+41	1.948043052782314e+41	1.400399053839406e+41	1.0679246368210672e+41	6.976800707316857e+40	2.3472968724223656e+40	1.2744879321270873e+40	5.308520546238526e+39	1.534402318794887e+41	9.778122012406553e+40	6.976800707316857e+40	5.107743425920271e+40
66266.1267935639	3.774068185206365e+41	2.519714315065918e+41	2.1265735019905145e+41	1.5790064817971249e+41	1.2251923070151653e+41	8.159439139601743e+40	2.8237433255868253e+40	1.5475048421268072e+40	6.505033107860261e+39	1.7175089392206669e+41	1.1270067324642428e+41	8.159439139601743e+40	6.035543213031666e+40
75574.47798888313	3.829911003346569e+41	2.6393731533902023e+41	2.324277097037395e+41	1.7901685938615968e+41	1.4166515648212867e+41	9.642698059289333e+40	3.445802003303515e+40	1.9084437580684933e+40	8.105926467071304e+39	1.9311359174458097e+41	1.3099839119720854e+41	9.642698059289333e+40	7.216926205941278e+40
88164.00068376987	3.900225668401585e+41	2.717834028374049e+41	2.516588232304584e+41	2.024590917250964e+41	1.6403017006370565e+41	1.1460891797216926e+41	4.2561985002437606e+40	2.387280305057692e+40	1.026638276411783e+40	2.1625559486040894e+41	1.5263605266382684e+41	1.1460891797216926e+41	8.6993869476209385e+40
102850.8368039914	4.072331892795027e+41	2.7655942019121295e+41	2.771733823324579e+41	2.390026821445606e+41	2.0107979017632766e+41	1.4653678794638733e+41	5.790579916530084e+40	3.314821969748143e+40	1.4542739295262069e+40	2.5129248809470266e+41	1.890124615698699e+41	1.4653678794638733e+41	1.1378491179871115e+41
119984.39233135011	4.1459852615716086e+41	2.5865152320142945e+41	2.841866529176631e+41	2.659419581207704e+41	2.3404734491347452e+41	1.7943051698250356e+41	7.646063153542372e+40	4.487163038669118e+40	2.0170588263744345e+40	2.744304676733089e+41	2.2268562063156544e+41	1.7943051698250356e+41	1.4321539305005717e+41
139972.28760349058	4.136505892429048e+41	2.2153289672455586e+41	2.701909852367549e+41	2.7779365887317466e+41	2.5763029902783165e+41	2.0963954805438645e+41	9.772780403251124e+40	5.908656756059593e+40	2.734611322199035e+40	2.8051938118351897e+41	2.486292020694078e+41	2.0963954805438645e+41	1.7287724767986053e+41
163290.05188423462	4.071940138235283e+41	1.742134721238974e+41	2.383336352575738e+41	2.720496408889706e+41	2.6761989592162672e+41	2.330578467291586e+41	1.2057167807010867e+41	7.549635027876182e+40	3.61642458593697e+40	2.6815324653071337e+41	2.6245653502637958e+41	2.330578467291586e+41	1.9954765597343955e+41
190492.43698778935	3.9596051020611095e+41	1.2596688155777403e+41	1.9489056804568366e+41	2.4906223437321686e+41	2.612986998064762e+41	2.453018883921821e+41	1.4282214158232048e+41	9.3136753344802e+40	4.645002958436114e+40	2.391346307972935e+41	2.608312073040069e+41	2.453018883921821e+41	2.190787553392837e+41
222226.61578183304	3.807274317144865e+41	8.374889420580108e+40	1.4781989888641514e+41	2.1325211311212024e+41	2.3979079079192805e+41	2.4420695758828352e+41	1.620242799539833e+41	1.1063872424880838e+41	5.7799289645022165e+40	1.99057904977669e+41	2.4398056990237197e+41	2.4420695758828352e+41	2.284055864241128e+41
259247.57949452417	3.7343826996092075e+41	5.683339790831459e+40	1.1175052559513671e+41	1.7914818591862073e+41	2.1449436358466815e+41	2.3571016321343392e+41	1.7781781575605266e+41	1.2736370631938414e+41	6.993114210463075e+40	1.6309016856604994e+41	2.221220289292233e+41	2.3571016321343392e+41	2.3046197269406544e+41
302436.10016541765	4.136028706783646e+41	5.191013680954094e+40	1.0585559981562639e+41	1.7725104608034816e+41	2.185892666942792e+41	2.499148170798196e+41	2.0380746046685905e+41	1.5094905266717858e+41	8.611008906191815e+40	1.5959355302369567e+41	2.283621529847102e+41	2.499148170798196e+41	2.505848096920294e+41
352819.6856021586	4.6692942281686604e+41	4.667102015244009e+40	1.006345494708461e+41	1.7798518190249698e+41	2.268726846128506e+41	2.702028349283893e+41	2.3696003774354655e+41	1.8075716578140927e+41	1.0663686123291745e+41	1.5817528769802822e+41	2.392485684183387e+41	2.702028349283893e+41	2.7762246736742603e+41
411597.0254002897	4.528451610525186e+41	2.8405476745851405e+40	6.968777691240587e+40	1.3864769349944267e+41	1.889573973558829e+41	2.4337903189199684e+41	2.4243597689223985e+41	1.9393067142073446e+41	1.2047097543837166e+41	1.1989782906526876e+41	2.0296461281702997e+41	2.4337903189199684e+41	2.6144008621875366e+41
480166.5096325805	3.5869072762063624e+41	9.913159248605728e+39	3.0107049240874766e+40	7.286545424601068e+40	1.1108109828237025e+41	1.6324732739669642e+41	2.0153173744577502e+41	1.743684039813085e+41	1.1772583746568704e+41	6.020446492422765e+40	1.2306209576479838e+41	1.6324732739669642e+41	1.8905070127026736e+41
560159.4987185299	2.4181865396206826e+41	2.2512487155797888e+39	7.680778205758428e+39	2.3776281809164906e+40	4.2515742572823873e+40	7.59295076104629e+40	1.2962198531413916e+41	1.2627917391536676e+41	9.659803475156036e+40	1.8460378576412864e+40	4.927760161975751e+40	7.59295076104629e+40	9.845075933112284e+40
653479.1360254162	1.3371920238818636e+41	2.3361062296053012e+39	2.931144102101759e+39	5.816521384874424e+39	1.0697266464757447e+40	2.2946729426688627e+40	6.005735905671933e+40	6.928919550699306e+40	6.35341761038466e+40	4.7104177971992157e+39	1.280718186515441e+40	2.2946729426688627e+40	3.4217249383349655e+40
762345.6270370744	6.220871637635528e+40	1.6120826657832642e+39	1.6840240908040638e+39	1.8250500277539893e+39	2.285987753508472e+39	4.2894347480659676e+39	1.7512497570737234e+40	2.577968588632973e+40	3.1054150408221734e+40	1.758309856365325e+39	2.5528911171785396e+39	4.2894347480659676e+39	7.030314488318908e+39
889349.061039054	3.0339967952338397e+40	1.0806732278362078e+39	1.1606742168985418e+39	1.1600656395350538e+39	1.1320475155308116e+39	1.2263644438240569e+39	4.260849936182841e+39	7.918451565196398e+39	1.276868530561236e+40	1.1681508044147103e+39	1.1300968952266228e+39	1.2263644438240569e+39	1.5804480528747717e+39
1037511.032877933	1.797041355267382e+40	7.064809886297838e+38	7.916135899686191e+38	8.268578596214662e+38	8.097148756362819e+38	7.5645659408145e+38	1.3594081565049542e+39	2.791149151487856e+39	5.726055027196306e+39	8.248456375638181e+38	7.991415752030835e+38	7.5645659408145e+38	7.561065264068097e+38
1210356.531708604	1.1849957108292833e+40	4.482225980335075e+38	5.2360178922653605e+38	5.747937709479785e+38	5.818370392220512e+38	5.5234094024216426e+38	5.6831457105388415e+38	1.0578548226115236e+39	2.6775822494572545e+39	5.6612082067455695e+38	5.79095358614203e+38	5.5234094024216426e+38	5.173061129245217e+38
1411997.8059384727	8.09424739027148e+39	2.7568156703706516e+38	3.3564920538500233e+38	3.866710484769402e+38	4.053691471910856e+38	4.034525693490782e+38	3.2649799463019655e+38	4.116916502653302e+38	1.115141534400066e+39	3.760998783428343e+38	4.0783201485664995e+38	4.034525693490782e+38	3.840507549625468e+38
1647232.199930056	5.551073074681858e+39	1.6411898198309337e+38	2.085869251673735e+38	2.5181908094594565e+38	2.730738344087419e+38	2.857039175255741e+38	2.3694881835064172e+38	2.1278127235476938e+38	4.0030125814057154e+38	2.4200935207761197e+38	2.7766713438472845e+38	2.857039175255741e+38	2.811158697120881e+38
1921656.2901827563	3.7830905756583844e+39	9.426426980685118e+37	1.2559274640365366e+38	1.5891921182539046e+38	1.780219793155503e+38	1.954785682167909e+38	1.7971405013137532e+38	1.500059040023756e+38	1.5609346213469687e+38	1.5094777546311394e+38	1.8286693284573067e+38	1.954785682167909e+38	1.990603290876355e+38
2241799.0364678027	2.5592448205020593e+39	5.196378316671536e+37	7.311121783998456e+37	9.722466677483145e+37	1.124428143876952e+38	1.2931719679257626e+38	1.3313833657983072e+38	1.1532301182866003e+38	8.915718862413163e+37	9.125245651246919e+37	1.1663823026656598e+38	1.2931719679257626e+38	1.3614263473894562e+38
2615277.1157846083	1.7216466026434186e+39	2.7298766300051597e+37	4.0976509292510493e+37	5.761102373525169e+37	6.885239054317789e+37	8.282333950268263e+37	9.52971185367905e+37	8.745248785858967e+37	6.631526112031412e+37	5.338049381022672e+37	7.211603021687098e+37	8.282333950268263e+37	9.001137142553516e+37
3050976.134769793	1.1542520600605846e+39	1.3554052033510319e+37	2.1974014689106794e+37	3.2974683562183763e+37	4.084796185348816e+37	5.141290583254965e+37	6.584326256529327e+37	6.417423503919496e+37	5.192496061412632e+37	3.010723219298557e+37	4.321798733687805e+37	5.141290583254965e+37	5.760824406850206e+37
3559262.0318778297	7.727444889983634e+38	6.306668866814889e+36	1.1186251494406706e+37	1.8142083513348212e+37	2.3422596101572235e+37	3.094048706906781e+37	4.394658655670645e+37	4.545030035107931e+37	3.987807547099834e+37	1.6278295284438812e+37	2.506031628968635e+37	3.094048706906781e+37	3.5733711525969014e+37
4152227.698912754	5.173576076693463e+38	2.729712416742609e+36	5.359296837105951e+36	9.528538843257364e+36	1.2921831016164111e+37	1.8028929351260082e+37	2.8373629522050155e+37	3.1069625908735335e+37	2.9627882052122697e+37	8.373364646023442e+36	1.4006798530951435e+37	1.8028929351260082e+37	2.1490246609922373e+37
