#t	Le	U	B	V	R	I	J	H	K	g	r	i	z
#----------------------------------------------- 
3.7652155130543496	0.0	0.0	0.0	0.0	0.0	0.0	0.0	0.0	0.0	0.0	0.0	0.0	0.0
3.8994213077231055	0.0	0.0	0.0	0.0	0.0	0.0	0.0	0.0	0.0	0.0	0.0	0.0	0.0
4.291578065427517	0.0	0.0	0.0	0.0	0.0	0.0	0.0	0.0	0.0	0.0	0.0	0.0	0.0
4.737286364438291	0.0	0.0	0.0	0.0	0.0	0.0	0.0	0.0	0.0	0.0	0.0	0.0	0.0
5.2360364771218455	0.0	0.0	0.0	0.0	0.0	0.0	0.0	0.0	0.0	0.0	0.0	0.0	0.0
5.792715105096504	0.0	0.0	0.0	0.0	0.0	0.0	0.0	0.0	0.0	0.0	0.0	0.0	0.0
6.412740445625339	0.0	0.0	0.0	0.0	0.0	0.0	0.0	0.0	0.0	0.0	0.0	0.0	0.0
7.101823005844163	0.0	0.0	0.0	0.0	0.0	0.0	0.0	0.0	0.0	0.0	0.0	0.0	0.0
7.865898683563244	0.0	0.0	0.0	0.0	0.0	0.0	0.0	0.0	0.0	0.0	0.0	0.0	0.0
8.711081745866224	0.0	0.0	0.0	0.0	0.0	0.0	0.0	0.0	0.0	0.0	0.0	0.0	0.0
9.643617622153467	0.0	0.0	0.0	0.0	0.0	0.0	0.0	0.0	0.0	0.0	0.0	0.0	0.0
10.669832005982592	0.0	0.0	0.0	0.0	0.0	0.0	0.0	0.0	0.0	0.0	0.0	0.0	0.0
11.796076698047	0.0	0.0	0.0	0.0	0.0	0.0	0.0	0.0	0.0	0.0	0.0	0.0	0.0
13.028674156119656	0.0	0.0	0.0	0.0	0.0	0.0	0.0	0.0	0.0	0.0	0.0	0.0	0.0
14.37386342985522	0.0	0.0	0.0	0.0	0.0	0.0	0.0	0.0	0.0	0.0	0.0	0.0	0.0
15.837750349080194	0.0	0.0	0.0	0.0	0.0	0.0	0.0	0.0	0.0	0.0	0.0	0.0	0.0
17.426264596074542	0.0	0.0	0.0	0.0	0.0	0.0	0.0	0.0	0.0	0.0	0.0	0.0	0.0
19.14512571947726	0.0	0.0	0.0	0.0	0.0	0.0	0.0	0.0	0.0	0.0	0.0	0.0	0.0
20.999819361860332	0.0	0.0	0.0	0.0	0.0	0.0	0.0	0.0	0.0	0.0	0.0	0.0	0.0
22.995584110852235	0.0	0.0	0.0	0.0	0.0	0.0	0.0	0.0	0.0	0.0	0.0	0.0	0.0
25.137408572142512	0.0	0.0	0.0	0.0	0.0	0.0	0.0	0.0	0.0	0.0	0.0	0.0	0.0
27.43003760065876	0.0	0.0	0.0	0.0	0.0	0.0	0.0	0.0	0.0	0.0	0.0	0.0	0.0
29.877986167607723	0.0	0.0	0.0	0.0	0.0	0.0	0.0	0.0	0.0	0.0	0.0	0.0	0.0
32.48555910364437	0.0	0.0	0.0	0.0	0.0	0.0	0.0	0.0	0.0	0.0	0.0	0.0	0.0
35.256874920313194	0.0	0.0	0.0	0.0	0.0	0.0	0.0	0.0	0.0	0.0	0.0	0.0	0.0
38.19589203001442	0.0	0.0	0.0	0.0	0.0	0.0	0.0	0.0	0.0	0.0	0.0	0.0	0.0
41.30643590976103	0.0	0.0	0.0	0.0	0.0	0.0	0.0	0.0	0.0	0.0	0.0	0.0	0.0
44.59222603245904	0.0	0.0	0.0	0.0	0.0	0.0	0.0	0.0	0.0	0.0	0.0	0.0	0.0
48.0569016822278	0.0	0.0	0.0	0.0	0.0	0.0	0.0	0.0	0.0	0.0	0.0	0.0	0.0
51.70404604407264	0.0	0.0	0.0	0.0	0.0	0.0	0.0	0.0	0.0	0.0	0.0	0.0	0.0
55.537208197789504	0.0	0.0	0.0	0.0	0.0	0.0	0.0	0.0	0.0	0.0	0.0	0.0	0.0
59.55992283910397	0.0	0.0	0.0	0.0	0.0	0.0	0.0	0.0	0.0	0.0	0.0	0.0	0.0
63.775727699331725	0.0	0.0	0.0	0.0	0.0	0.0	0.0	0.0	0.0	0.0	0.0	0.0	0.0
68.18817874062903	0.0	0.0	0.0	0.0	0.0	0.0	0.0	0.0	0.0	0.0	0.0	0.0	0.0
72.80086327413477	0.0	0.0	0.0	0.0	0.0	0.0	0.0	0.0	0.0	0.0	0.0	0.0	0.0
77.6174111885003	0.0	0.0	0.0	0.0	0.0	0.0	0.0	0.0	0.0	0.0	0.0	0.0	0.0
82.64150449579762	0.0	0.0	0.0	0.0	0.0	0.0	0.0	0.0	0.0	0.0	0.0	0.0	0.0
87.87688540559229	0.0	0.0	0.0	0.0	0.0	0.0	0.0	0.0	0.0	0.0	0.0	0.0	0.0
93.32736312948019	0.0	0.0	0.0	0.0	0.0	0.0	0.0	0.0	0.0	0.0	0.0	0.0	0.0
98.99681960560284	0.0	0.0	0.0	0.0	0.0	0.0	0.0	0.0	0.0	0.0	0.0	0.0	0.0
104.88921431441939	0.0	0.0	0.0	0.0	0.0	0.0	0.0	0.0	0.0	0.0	0.0	0.0	0.0
111.00858833807996	0.0	0.0	0.0	0.0	0.0	0.0	0.0	0.0	0.0	0.0	0.0	0.0	0.0
117.35906779688115	0.0	0.0	0.0	0.0	0.0	0.0	0.0	0.0	0.0	0.0	0.0	0.0	0.0
123.94486677771384	0.0	0.0	0.0	0.0	0.0	0.0	0.0	0.0	0.0	0.0	0.0	0.0	0.0
130.77028985273094	0.0	0.0	0.0	0.0	0.0	0.0	0.0	0.0	0.0	0.0	0.0	0.0	0.0
137.83973427173476	0.0	0.0	0.0	0.0	0.0	0.0	0.0	0.0	0.0	0.0	0.0	0.0	0.0
145.15769189790967	0.0	0.0	0.0	0.0	0.0	0.0	0.0	0.0	0.0	0.0	0.0	0.0	0.0
152.72875094542323	0.0	0.0	0.0	0.0	0.0	0.0	0.0	0.0	0.0	0.0	0.0	0.0	0.0
160.5575975674037	0.0	0.0	0.0	0.0	0.0	0.0	0.0	0.0	0.0	0.0	0.0	0.0	0.0
168.64901733422982	0.0	0.0	0.0	0.0	0.0	0.0	0.0	0.0	0.0	0.0	0.0	0.0	0.0
177.00789663495942	0.0	0.0	0.0	0.0	0.0	0.0	0.0	0.0	0.0	0.0	0.0	0.0	0.0
185.63922402904868	0.0	0.0	0.0	0.0	0.0	0.0	0.0	0.0	0.0	0.0	0.0	0.0	0.0
194.54809157028308	0.0	0.0	0.0	0.0	0.0	0.0	0.0	0.0	0.0	0.0	0.0	0.0	0.0
203.73969612158547	0.0	0.0	0.0	0.0	0.0	0.0	0.0	0.0	0.0	0.0	0.0	0.0	0.0
213.21934067247864	0.0	0.0	0.0	0.0	0.0	0.0	0.0	0.0	0.0	0.0	0.0	0.0	0.0
222.99243567451668	0.0	0.0	0.0	0.0	0.0	0.0	0.0	0.0	0.0	0.0	0.0	0.0	0.0
233.0645004019712	0.0	0.0	0.0	0.0	0.0	0.0	0.0	0.0	0.0	0.0	0.0	0.0	0.0
243.4411643455809	0.0	0.0	0.0	0.0	0.0	0.0	0.0	0.0	0.0	0.0	0.0	0.0	0.0
254.12816864530578	0.0	0.0	0.0	0.0	0.0	0.0	0.0	0.0	0.0	0.0	0.0	0.0	0.0
265.13136756714295	0.0	0.0	0.0	0.0	0.0	0.0	0.0	0.0	0.0	0.0	0.0	0.0	0.0
276.4567300277007	0.0	0.0	0.0	0.0	0.0	0.0	0.0	0.0	0.0	0.0	0.0	0.0	0.0
288.1103411698116	0.0	0.0	0.0	0.0	0.0	0.0	0.0	0.0	0.0	0.0	0.0	0.0	0.0
300.098403991404	0.0	0.0	0.0	0.0	0.0	0.0	0.0	0.0	0.0	0.0	0.0	0.0	0.0
312.4272410297325	0.0	0.0	0.0	0.0	0.0	0.0	0.0	0.0	0.0	0.0	0.0	0.0	0.0
325.10329610098535	0.0	0.0	0.0	0.0	0.0	0.0	0.0	0.0	0.0	0.0	0.0	0.0	0.0
338.13313609955355	0.0	0.0	0.0	0.0	0.0	0.0	0.0	0.0	0.0	0.0	0.0	0.0	0.0
351.5234528572337	0.0	0.0	0.0	0.0	0.0	0.0	0.0	0.0	0.0	0.0	0.0	0.0	0.0
365.28106506255324	0.0	0.0	0.0	0.0	0.0	0.0	0.0	0.0	0.0	0.0	0.0	0.0	0.0
379.41292024134253	0.0	0.0	0.0	0.0	0.0	0.0	0.0	0.0	0.0	0.0	0.0	0.0	0.0
393.9260967994745	0.0	0.0	0.0	0.0	0.0	0.0	0.0	0.0	0.0	0.0	0.0	0.0	0.0
408.82780612801747	0.0	0.0	0.0	0.0	0.0	0.0	0.0	0.0	0.0	0.0	0.0	0.0	0.0
424.1253947705012	0.0	0.0	0.0	0.0	0.0	0.0	0.0	0.0	0.0	0.0	0.0	0.0	0.0
439.8263466566163	0.0	0.0	0.0	0.0	0.0	0.0	0.0	0.0	0.0	0.0	0.0	0.0	0.0
455.9382854005688	0.0	0.0	0.0	0.0	0.0	0.0	0.0	0.0	0.0	0.0	0.0	0.0	0.0
472.4689766644589	0.0	0.0	0.0	0.0	0.0	0.0	0.0	0.0	0.0	0.0	0.0	0.0	0.0
489.4263305879295	0.0	0.0	0.0	0.0	0.0	0.0	0.0	0.0	0.0	0.0	0.0	0.0	0.0
506.81840428546747	0.0	0.0	0.0	0.0	0.0	0.0	0.0	0.0	0.0	0.0	0.0	0.0	0.0
524.6534044111463	0.0	0.0	0.0	0.0	0.0	0.0	0.0	0.0	0.0	0.0	0.0	0.0	0.0
542.9396897925453	0.0	0.0	0.0	0.0	0.0	0.0	0.0	0.0	0.0	0.0	0.0	0.0	0.0
561.6857741351486	0.0	0.0	0.0	0.0	0.0	0.0	0.0	0.0	0.0	0.0	0.0	0.0	0.0
580.9003287980761	0.0	0.0	0.0	0.0	0.0	0.0	0.0	0.0	0.0	0.0	0.0	0.0	0.0
600.5921856412256	0.0	0.0	0.0	0.0	0.0	0.0	0.0	0.0	0.0	0.0	0.0	0.0	0.0
620.7703399469242	0.0	0.0	0.0	0.0	0.0	0.0	0.0	0.0	0.0	0.0	0.0	0.0	0.0
641.4439534160641	0.0	0.0	0.0	0.0	0.0	0.0	0.0	0.0	0.0	0.0	0.0	0.0	0.0
662.622357240299	0.0	0.0	0.0	0.0	0.0	0.0	0.0	0.0	0.0	0.0	0.0	0.0	0.0
684.3150552516558	0.0	0.0	0.0	0.0	0.0	0.0	0.0	0.0	0.0	0.0	0.0	0.0	0.0
706.5317271529032	0.0	0.0	0.0	0.0	0.0	0.0	0.0	0.0	0.0	0.0	0.0	0.0	0.0
729.2822318285137	0.0	0.0	0.0	0.0	0.0	0.0	0.0	0.0	0.0	0.0	0.0	0.0	0.0
752.5766107376378	0.0	0.0	0.0	0.0	0.0	0.0	0.0	0.0	0.0	0.0	0.0	0.0	0.0
776.4250913902342	0.0	0.0	0.0	0.0	0.0	0.0	0.0	0.0	0.0	0.0	0.0	0.0	0.0
800.8380909129647	0.0	0.0	0.0	0.0	0.0	0.0	0.0	0.0	0.0	0.0	0.0	0.0	0.0
825.8262197017912	0.0	0.0	0.0	0.0	0.0	0.0	0.0	0.0	0.0	0.0	0.0	0.0	0.0
851.4002851626876	0.0	0.0	0.0	0.0	0.0	0.0	0.0	0.0	0.0	0.0	0.0	0.0	0.0
877.571295545795	0.0	0.0	0.0	0.0	0.0	0.0	0.0	0.0	0.0	0.0	0.0	0.0	0.0
904.3504638763168	0.0	0.0	0.0	0.0	0.0	0.0	0.0	0.0	0.0	0.0	0.0	0.0	0.0
931.7492119801933	0.0	0.0	0.0	0.0	0.0	0.0	0.0	0.0	0.0	0.0	0.0	0.0	0.0
959.7791746129112	0.0	0.0	0.0	0.0	0.0	0.0	0.0	0.0	0.0	0.0	0.0	0.0	0.0
988.4522036887163	0.0	0.0	0.0	0.0	0.0	0.0	0.0	0.0	0.0	0.0	0.0	0.0	0.0
1017.7803726147422	0.0	0.0	0.0	0.0	0.0	0.0	0.0	0.0	0.0	0.0	0.0	0.0	0.0
1047.77598072944	0.0	0.0	0.0	0.0	0.0	0.0	0.0	0.0	0.0	0.0	0.0	0.0	0.0
1078.4515578552034	0.0	0.0	0.0	0.0	0.0	0.0	0.0	0.0	0.0	0.0	0.0	0.0	0.0
1109.8302115729039	0.0	0.0	0.0	0.0	0.0	0.0	0.0	0.0	0.0	0.0	0.0	0.0	0.0
1141.9242695475825	0.0	0.0	0.0	0.0	0.0	0.0	0.0	0.0	0.0	0.0	0.0	0.0	0.0
1174.746348727576	0.0	0.0	0.0	0.0	0.0	0.0	0.0	0.0	0.0	0.0	0.0	0.0	0.0
1208.309357426927	0.0	0.0	0.0	0.0	0.0	0.0	0.0	0.0	0.0	0.0	0.0	0.0	0.0
1242.6264977077885	0.0	0.0	0.0	0.0	0.0	0.0	0.0	0.0	0.0	0.0	0.0	0.0	0.0
1277.7112680761988	0.0	0.0	0.0	0.0	0.0	0.0	0.0	0.0	0.0	0.0	0.0	0.0	0.0
1313.5774664733751	0.0	0.0	0.0	0.0	0.0	0.0	0.0	0.0	0.0	0.0	0.0	0.0	0.0
1350.2391935673356	0.0	0.0	0.0	0.0	0.0	0.0	0.0	0.0	0.0	0.0	0.0	0.0	0.0
1387.7108563360143	0.0	0.0	0.0	0.0	0.0	0.0	0.0	0.0	0.0	0.0	0.0	0.0	0.0
1426.0071719330824	0.0	0.0	0.0	0.0	0.0	0.0	0.0	0.0	0.0	0.0	0.0	0.0	0.0
1465.1431718459326	0.0	0.0	0.0	0.0	0.0	0.0	0.0	0.0	0.0	0.0	0.0	0.0	0.0
1505.1342063316288	0.0	0.0	0.0	0.0	0.0	0.0	0.0	0.0	0.0	0.0	0.0	0.0	0.0
1545.9959491104914	0.0	0.0	0.0	0.0	0.0	0.0	0.0	0.0	0.0	0.0	0.0	0.0	0.0
1587.7444022839147	0.0	0.0	0.0	0.0	0.0	0.0	0.0	0.0	0.0	0.0	0.0	0.0	0.0
1630.395901585835	1.3464922624327222e+30	1.7878253251005586e+27	9.991330675824907e+26	5.2085897074075375e+26	3.3392682306664914e+26	1.7962965535762373e+26	4.509978854667447e+25	2.217080956169813e+25	8.356633081180305e+24	6.13756275726762e+26	2.9185268405499344e+26	1.7962965535762373e+26	1.1829823673402579e+26
1673.967121909515	1.249399255574623e+31	1.751117202304767e+28	9.790030352586739e+27	5.105432998196431e+27	3.273771308967866e+27	1.7614590836825783e+27	4.424077165718022e+26	2.1751248015449002e+26	8.199550804600972e+25	6.015524712918071e+27	2.861434307119876e+27	1.7614590836825783e+27	1.1601852172728248e+27
1718.4750831019921	6.494099011327649e+31	9.60503487802672e+28	5.372061216476781e+28	2.802486374024051e+28	1.7974016186887769e+28	9.673158001959898e+27	2.4303807965668846e+27	1.1950636590167765e+27	4.505612370468619e+26	3.3017870359161998e+28	1.5711005029590778e+28	9.673158001959898e+27	6.372038384462091e+27
1763.9371560350007	3.1764454152020655e+32	4.9563867470857056e+29	2.7732118092184697e+29	1.4472446345740034e+29	9.283905630776872e+28	4.997516936517794e+28	1.2560835253392468e+28	6.177194356093849e+27	2.3292268043228534e+27	1.7049497221851862e+29	8.115463027693621e+28	4.997516936517794e+28	3.2924601515268322e+28
1810.3710689337495	1.4251575737765738e+33	2.345373129133466e+30	1.312829619003693e+30	6.853714496304087e+29	4.397473629420917e+29	2.367711085316688e+29	5.9532413786959724e+28	2.928081016176311e+28	1.1042366798337275e+28	8.073450231069447e+29	3.8442350461901405e+29	2.367711085316688e+29	1.5600982343638448e+29
1857.794913975973	5.85957827432118e+33	1.0167767756753657e+31	5.693815386476407e+30	2.9735975649779516e+30	1.9083113510279958e+30	1.0277278725818571e+30	2.5850315099691894e+29	1.2716076264432585e+29	4.796137507872912e+28	3.5025015391562394e+30	1.668323973644705e+30	1.0277278725818571e+30	6.772658973155137e+29
1906.227154153865	2.221242951681286e+34	4.063062444698268e+31	2.276226278738919e+31	1.18920818825645e+31	7.633366329973923e+30	4.1119706321097046e+30	1.0346728638773636e+30	5.0903644495056776e+29	1.9202053331288804e+29	1.4006074944782061e+31	6.673783279009172e+30	4.1119706321097046e+30	2.7101278426388393e+30
1955.6866304071152	8.184251040655827e+34	1.5242799321786566e+32	8.540639300662316e+31	4.462615221871756e+31	2.8647002691119946e+31	1.5432965972456526e+31	3.88382477077477e+30	1.910845981965365e+30	7.20850695961875e+29	5.255753607790775e+31	2.5046311238999584e+31	1.5432965972456526e+31	1.0172073060066582e+31
2006.192569030541	2.9248415158224664e+35	5.3832101987036995e+32	3.0159542912058218e+32	1.575746307589163e+32	1.0114749790079783e+32	5.4488052588095865e+31	1.371114170903932e+31	6.745688173687699e+30	2.54467360213973e+30	1.8558397381155976e+32	8.843293413653399e+31	5.4488052588095865e+31	3.5912687332157105e+31
2057.764589348164	8.839372589745883e+35	1.7272425998518877e+33	9.681684899775233e+32	5.060608651047266e+32	3.249208509705798e+32	1.7508371706848496e+32	4.407681703269406e+31	2.168856766116946e+31	8.182890375017527e+30	5.959546709829173e+32	2.8409614590399696e+32	1.7508371706848496e+32	1.154145578439551e+32
2110.4227116667334	2.577034996438509e+36	5.240051096956063e+33	2.9381790306052957e+33	1.536239612727962e+33	9.865192712252977e+32	5.316874347118433e+32	1.3389086947900881e+32	6.5889718062371e+31	2.486227833511297e+31	1.809005277434511e+33	8.626068174583106e+32	5.316874347118433e+32	3.5052373024601734e+32
2164.187365514823	6.871447645377048e+36	1.4846340630262716e+34	8.328905488455214e+33	4.3568149933440275e+33	2.798513251172852e+33	1.5087132355649567e+33	3.8010494487539904e+32	1.870862074437736e+32	7.060553335699809e+31	5.129841627977578e+33	2.4471753242617264e+33	1.5087132355649567e+33	9.948086388551333e+32
2219.0793981696766	1.756407098619784e+37	3.990826697453639e+34	2.239869752923024e+34	1.1721247742904858e+34	7.530549741325117e+33	4.060830687487332e+33	1.0234885953930445e+33	5.03827493008819e+32	1.9016965918819723e+32	1.3799700959894945e+34	6.585521284547857e+33	4.060830687487332e+33	2.677987622425773e+33
2275.120083451647	4.185775138586613e+37	1.0121893000381553e+35	5.684125951359095e+34	2.975977181608353e+34	1.9125024944282828e+34	1.0316391660693515e+34	2.6014317291987157e+33	1.2808192903973935e+33	4.8353293272001376e+32	3.5032901396876727e+34	1.67262293783734e+34	1.0316391660693515e+34	6.804534043734683e+33
2332.331130805656	9.594936092919963e+37	2.4491466786386726e+35	1.3760421978742033e+35	7.207562623168738e+34	4.633050172823047e+34	2.4998558786745636e+34	6.306548108842384e+33	3.1055253892139546e+33	1.1725820073411472e+33	8.483814056682682e+34	4.0522100404169136e+34	2.4998558786745636e+34	1.6491257908120702e+34
2390.734694675353	2.0722632511635963e+38	5.631924677583732e+35	3.16613175269326e+35	1.6592507216459947e+35	1.0668823760185183e+35	5.758500422540238e+34	1.4534964753319312e+34	7.158761764995451e+33	2.703516148977971e+33	1.9528225162486046e+35	9.33202246737348e+34	5.758500422540238e+34	3.799523619616395e+34
2450.353384216448	4.3203314699760096e+38	1.241738342750173e+36	6.984499193746084e+35	3.662055769407422e+35	2.355290258209669e+35	1.2716556492442215e+35	3.2113081023738806e+34	1.581901298254399e+34	5.975112217696343e+33	4.309513875843634e+35	2.060321358867756e+35	1.2716556492442215e+35	8.391954450183879e+34
2511.210273406995	8.553890871442921e+38	2.6174881675997116e+36	1.4731841893799233e+36	7.728292669761751e+35	4.972041643991655e+35	2.6854144682132662e+35	6.785187437273698e+34	3.343054036792354e+34	1.2629805604963138e+34	9.093530759072407e+35	4.3497183770965075e+35	2.6854144682132662e+35	1.77251330418293e+35
2573.3289113647675	1.640352850209864e+39	5.313825127417189e+36	2.992460347934735e+36	1.570635613083857e+36	1.0107628184836923e+36	5.460932616978643e+35	1.3805078558546567e+35	6.802972393485804e+34	2.5705882805538666e+34	1.847880223757997e+36	8.843191168227211e+35	5.460932616978643e+35	3.605153130861242e+35
2636.7333329618104	3.0065479650415933e+39	1.0366200723213696e+37	5.841435993119393e+36	3.067705970151667e+36	1.9748080976254795e+36	1.0673340424479565e+36	2.699730855889279e+35	1.330662509718691e+35	5.029118701396956e+34	3.608738561817563e+36	1.7279136448349048e+36	1.0673340424479565e+36	7.047667498812528e+35
2701.448069813332	5.353676244081678e+39	1.9552766977206192e+37	1.1024831199034403e+37	5.792948135545483e+36	3.7302731033072746e+36	2.0168114980159708e+36	5.104106851938912e+35	2.516227898534996e+35	9.511720459488963e+34	6.81377427493216e+36	3.2641724096956194e+36	2.0168114980159708e+36	1.331967532665418e+36
2767.498161647355	9.159804806855893e+39	3.559384620990423e+37	2.008304806766624e+37	1.0558809980823022e+37	6.801412712419715e+36	3.678648856079329e+36	9.315391123683931e+35	4.593275763765949e+35	1.7367025423594573e+35	1.241778035216364e+37	5.952104434431348e+36	3.678648856079329e+36	2.430012340582022e+36
2834.9091680714855	1.5266278971518057e+40	6.28639329992661e+37	3.5492366126324594e+37	1.8670974952235662e+37	1.2030625136449508e+37	6.509308581841923e+36	1.6492814298396175e+36	8.133986404508809e+35	3.076069128043084e+35	2.1955301910232074e+37	1.052923677040474e+37	6.509308581841923e+36	4.300736767866128e+36
2903.707180642977	2.455253570856453e+40	1.075475765050766e+38	6.076288412083063e+37	3.1984512734328894e+37	2.0616289761390531e+37	1.115909554157439e+37	2.829166574373642e+36	1.3956044536207558e+36	5.2790143615209425e+35	3.7605415659971293e+37	1.8045124940399062e+37	1.115909554157439e+37	7.374504600719762e+36
2973.918835297636	3.8549104496243887e+40	1.7902291879068308e+38	1.012142011551194e+38	5.330940430083629e+37	3.4373165398464497e+37	1.8612489502597022e+37	4.721664246930478e+36	2.3296520564301558e+36	8.814065743482376e+35	6.266926938613203e+37	3.008903990457941e+37	1.8612489502597022e+37	1.230272065103466e+37
3045.5713147889264	5.859892421468026e+40	2.8952770442337244e+38	1.6381114338463448e+38	8.633546617233428e+37	5.568808211594037e+37	3.0166703292706754e+37	7.657760761242606e+36	3.7791810006809363e+36	1.4301633805591177e+36	1.0147873845327404e+38	4.875215851632486e+37	3.0166703292706754e+37	1.9944598317328766e+37
3118.6924066092165	8.709068998042895e+40	4.5663750094610536e+38	2.585472606439028e+38	1.3635285800750728e+38	8.798159397185798e+37	4.76798471446214e+37	1.2111194475689977e+37	5.978345087730736e+36	2.2629230151875177e+36	1.6024563926857375e+38	7.703098325101652e+37	4.76798471446214e+37	3.153052711993398e+37
3193.310465951208	1.2559922962746593e+41	7.013219516357909e+38	3.97400214323887e+38	2.0972726310796097e+38	1.3537868450151286e+38	7.339828956878449e+37	1.8656920172992774e+37	9.211712869709093e+36	3.487695643986238e+36	2.4643791705764615e+38	1.1854125840018851e+38	7.339828956878449e+37	4.855005167342422e+37
3269.4544390974747	1.7720958570062982e+41	1.0521245376961412e+39	5.9665087055680825e+38	3.1510086532445502e+38	2.0347581142217595e+38	1.1036744429345814e+38	2.8073507473383004e+37	1.3864475582015757e+37	5.2506237191527003e+36	3.7019700608266e+38	1.7818766936412073e+38	1.1036744429345814e+38	7.302172044734701e+37
3347.1538837565804	2.4287017256008057e+41	1.5393655324808124e+39	8.737143494104334e+38	4.617740838888459e+38	2.9831572983740334e+38	1.6188803957650037e+38	4.1209752975782594e+37	2.035742798673973e+37	7.711691767306779e+36	5.4242171258886804e+38	2.612707935495469e+38	1.6188803957650037e+38	1.071378905148837e+38
3426.438986057708	3.2552736904541397e+41	2.202011940094747e+39	1.2509232280258856e+39	6.616511295083495e+38	4.276250987544928e+38	2.3217576799888135e+38	5.914784220968284e+37	2.9226743693148674e+37	1.1074625415462635e+37	7.770680539744861e+38	3.7456644074550094e+38	2.3217576799888135e+38	1.5369688039128928e+38
3507.3405761541853	4.237380818725772e+41	3.074350509853896e+39	1.7481909166396018e+39	9.254688324153757e+38	5.98416374056389e+38	3.250836704066201e+38	8.288761332554193e+37	4.09696564092008e+37	1.5529077062781829e+37	1.0866908124808136e+39	5.242344305150857e+38	3.250836704066201e+38	2.1526621451476966e+38
3589.8901437197487	5.387130473052704e+41	4.1976672178342266e+39	2.3894012783539476e+39	1.2660621354997787e+39	8.190574847963656e+38	4.4520047785079645e+38	1.1361626718833572e+38	5.617597751874401e+37	2.129977843890117e+37	1.4863093412220487e+39	7.176217624026693e+38	4.4520047785079645e+38	2.9490036419089994e+38
3674.1198539621237	6.643140472112901e+41	5.594672808589101e+39	3.188281955372548e+39	1.6910802938063765e+39	1.0946319162794182e+39	5.95373583695244e+38	1.520941999231583e+38	7.522755919578183e+37	2.853380719033792e+37	1.9848024816695103e+39	9.592145197623738e+38	5.95373583695244e+38	3.945165726993255e+38
3760.0625643244052	7.98611381278377e+41	7.291149214386713e+39	4.1602208984582544e+39	2.2090127727479326e+39	1.4307529407140363e+39	7.787299504913301e+38	1.9914990061069955e+38	9.853936885535773e+37	3.739058475522243e+37	2.5920459326682724e+39	1.2539597250316805e+39	7.787299504913301e+38	5.1621422788284015e+38
3847.751841822165	9.297437700460143e+41	9.273745983089716e+39	5.298925783223331e+39	2.817142163858767e+39	1.825885077837943e+39	9.945743113510916e+38	2.5466194811081656e+38	1.2606117381190046e+38	4.785489197679627e+37	3.3046831775346703e+39	1.6005651835695448e+39	9.945743113510916e+38	6.595843997140305e+38
3937.221981024746	1.0537714595183113e+42	1.1532440128676526e+40	6.599658992997904e+39	3.5134189102744874e+39	2.2788697032161995e+39	1.2423821658268624e+39	3.1853906963994595e+38	1.5775533440751625e+38	5.991538872930773e+37	4.1201834061951927e+39	1.9980558180904306e+39	1.2423821658268624e+39	8.243188020101812e+38
4028.508022650138	1.1558732222491944e+42	1.3998142620279632e+40	8.024753325815952e+39	4.2786751890935044e+39	2.777593771006417e+39	1.5157502510930517e+39	3.892203034789052e+38	1.928629275939936e+38	7.32893601612804e+37	5.015830242768373e+39	2.4358875082047738e+39	1.5157502510930517e+39	1.0062431664396523e+39
4121.6457727239485	1.2351432670784459e+42	1.6622513279134683e+40	9.547465995328821e+39	5.0991196645678685e+39	3.313275391335908e+39	1.8099945916528057e+39	4.6554712210095825e+38	2.3081770562344878e+38	8.776469691290124e+37	5.975329671292714e+39	2.90639979656617e+39	1.8099945916528057e+39	1.2022884583300327e+39
4216.67182235007	1.5056472394114777e+42	2.0309118541938683e+40	1.1665447523011839e+40	6.23053157570874e+39	4.0485230037851247e+39	2.2117032381242123e+39	5.6889170167721124e+38	2.8205955809172073e+38	1.0725003756505182e+38	7.30109447452715e+39	3.5513781769103826e+39	2.2117032381242123e+39	1.4691430704391506e+39
4313.623568113254	1.983349238695376e+42	2.511816011840516e+40	1.4410994664166168e+40	7.689085036239068e+39	4.9934592145576985e+39	2.7261637778024154e+39	7.005166370152726e+38	3.471974871204296e+38	1.3197031460766821e+38	9.012366585574571e+39	4.379609981341948e+39	2.7261637778024154e+39	1.8102297015832455e+39
4412.539233128391	1.9824293275622202e+42	2.8139887233016414e+40	1.6178809656386882e+40	8.648358867249716e+39	5.622194399418787e+39	3.073020700677495e+39	7.910896119706304e+38	3.923397442095292e+38	1.4922701813803026e+38	1.0132426518876854e+40	4.9324261871050464e+39	3.073020700677495e+39	2.0418797389909877e+39
4513.457888692579	2.2020588919138655e+42	3.224144332919618e+40	1.8547890038811504e+40	9.919875376157187e+39	6.450632723266142e+39	3.526984965942493e+39	9.084154075188218e+38	4.506076022760625e+38	1.7142059058909557e+38	1.1620762689580764e+40	5.659664249042556e+39	3.526984965942493e+39	2.343942593121179e+39
4616.419476641	2.1813858713573617e+42	3.5259733242820202e+40	2.0323850269345578e+40	1.0888318857721713e+40	7.087073713779491e+39	3.879151670395203e+39	1.0007997871653794e+39	4.967261319373524e+38	1.8907910627207305e+38	1.2750269525308057e+40	6.21965780025155e+39	3.879151670395203e+39	2.579528312206955e+39
4721.464832573926	2.2434220244065154e+42	3.8679147091172143e+40	2.2324191372293344e+40	1.1973800996861214e+40	7.798564684079811e+39	4.271695866370252e+39	1.1033219620614177e+39	5.478280769862243e+38	2.086158073367704e+38	1.4017674417391263e+40	6.845248001794467e+39	4.271695866370252e+39	2.8417062679206126e+39
4828.63570979404	2.168713387055332e+42	4.1265653588157276e+40	2.3866983468563247e+40	1.282481852902162e+40	8.361291615681772e+39	4.585226484113955e+39	1.1864327109256745e+39	5.894655611343627e+38	2.2461626709530736e+38	1.500765952573564e+40	7.341199090311257e+39	4.585226484113955e+39	3.052235872186991e+39
4937.974803975136	2.149832534929258e+42	4.409938577630455e+40	2.55483379862904e+40	1.374826712889217e+40	8.97052834172714e+39	4.923823439532191e+39	1.2758564921965392e+39	6.3421004298166525e+38	2.417892223483014e+38	1.6082939544122182e+40	7.877817736154096e+39	4.923823439532191e+39	3.279291265130765e+39
5049.525778655245	2.0497939824277122e+42	4.628582774814521e+40	2.687445300037909e+40	1.4489929700149227e+40	9.464540264904883e+39	5.2013046271526165e+39	1.3503059150934057e+39	6.716615193435871e+38	2.5624061713101068e+38	1.6943051105338392e+40	8.314055183404692e+39	5.2013046271526165e+39	3.466432413378012e+39
5163.33329156347	1.996682642032699e+42	4.873301676070805e+40	2.8348267385646268e+40	1.5309564410465028e+40	1.0008904403100252e+40	5.506104606640404e+39	1.431710437936618e+39	7.12549412868392e+38	2.7199411833994444e+38	1.7894771847852981e+40	8.79438884448126e+39	5.506104606640404e+39	3.6716528424552646e+39
5279.443021771943	1.8972632088161826e+42	5.074443404991705e+40	2.9586106906354856e+40	1.601011817805993e+40	1.0478445488789437e+40	5.771652237694824e+39	1.5036843558441435e+39	7.48879507451497e+38	2.860609610854484e+38	1.8705064974691962e+40	9.209701627081374e+39	5.771652237694824e+39	3.85140716665717e+39
5397.901697763198	1.835752336439702e+42	5.306756688743714e+40	3.1003631816635143e+40	1.6807035293299268e+40	1.1010767670489995e+40	6.071611884312309e+39	1.5845619078188835e+39	7.896340299975731e+38	3.0181420155462472e+38	1.9628164707216017e+40	9.680128154855556e+39	6.071611884312309e+39	4.0540658191414796e+39
5518.757126502164	1.7499572117286857e+42	5.516872272755198e+40	3.230753838526684e+40	1.7550071338375444e+40	1.1510593971539907e+40	6.355425407781027e+39	1.6619493072103506e+39	8.287761138049729e+38	3.1700085734743435e+38	2.0486274469224906e+40	1.012265572395585e+40	6.355425407781027e+39	4.246602790745905e+39
5642.058223412139	1.6911516887979406e+42	5.760140948356819e+40	3.380687994873659e+40	1.840000971915559e+40	1.2080832965197783e+40	6.67831908603263e+39	1.7496463322329875e+39	8.730761673859803e+38	3.3416718446686638e+38	2.1468963123270105e+40	1.0627180120746156e+40	6.67831908603263e+39	4.465332039349962e+39
5767.855043397781	1.622065607265775e+42	5.999820880320225e+40	3.530025018809823e+40	1.9253991175428205e+40	1.2656388102149937e+40	7.005841025334819e+39	1.8392490095635627e+39	9.184488557895124e+38	3.517918629091083e+38	2.2454416421035495e+40	1.1137017807235473e+40	7.005841025334819e+39	4.68778545209001e+39
5896.198787758024	1.568720334982387e+42	6.268445479062305e+40	3.6970249980327465e+40	2.0207488548698556e+40	1.3298546239228075e+40	7.370997482440014e+39	1.9390536406712733e+39	9.68973411540821e+38	3.714125880883223e+38	2.355506732335976e+40	1.1705749917121612e+40	7.370997482440014e+39	4.935710705970048e+39
6027.141897226502	1.514312193889908e+42	6.54794939326709e+40	3.871855745927449e+40	2.121068676556966e+40	1.3975944063632601e+40	7.757300856122261e+39	2.0450879914306974e+39	1.0227284859940075e+39	3.9231781324582006e+38	2.4711804073622916e+40	1.2306107849874926e+40	7.757300856122261e+39	5.198399664576012e+39
6160.740412545418	1.4656682906977895e+42	6.845651109775685e+40	4.0587176841969637e+40	2.228607293251267e+40	1.4703230403974007e+40	8.172785606552019e+39	2.1594362220456967e+39	1.0807511526223161e+39	4.149034690607431e+38	2.595095684972241e+40	1.2950952376267998e+40	8.172785606552019e+39	5.481203713487379e+39
6297.454486910084	1.4194383669248842e+42	7.1499866607812625e+40	4.25076599156969e+40	2.3396142557969985e+40	1.5455697211018154e+40	8.60374336192894e+39	2.2784884157923788e+39	1.1412370793712399e+39	4.384778362916841e+38	2.7228830020770065e+40	1.361852923018615e+40	8.60374336192894e+39	5.774939558801671e+39
6437.141522275081	1.3727437222087311e+42	7.465190495038686e+40	4.451282681667688e+40	2.4562723401106396e+40	1.6249152082940824e+40	9.059863375543433e+39	2.4051804858113425e+39	1.2057221072223398e+39	4.6365677059816416e+38	2.856981963308821e+40	1.432310022113049e+40	9.059863375543433e+39	6.086444157731256e+39
6579.86214367188	1.3432481749528855e+42	7.824796118476629e+40	4.678791637875244e+40	2.5881030809792106e+40	1.7144062209548701e+40	9.573270830429226e+39	2.547394407964342e+39	1.2780454127934213e+39	4.9187279159211496e+38	3.008652370698846e+40	1.511736638964413e+40	9.573270830429226e+39	6.436712150665715e+39
6725.675058212244	1.8227000486770916e+42	9.309749864848944e+40	5.5373125367687425e+40	3.0489449266644333e+40	2.0146011358330563e+40	1.121750026072978e+40	2.97182034425509e+39	1.4887087703246106e+39	5.720590216819722e+38	3.548091035887687e+40	1.7752372711799682e+40	1.121750026072978e+40	7.530362258994788e+39
6874.7149192899615	1.9281384364355683e+42	1.0053193189856567e+41	5.984433204840196e+40	3.297497867398835e+40	2.179687143383467e+40	1.21421120387479e+40	3.218979217394259e+39	1.6129045993450677e+39	6.199334329096505e+38	3.8367093147721987e+40	1.920911901096841e+40	1.21421120387479e+40	8.153058519272363e+39
7026.999287218659	1.9871516720340422e+42	1.0778581416998775e+41	6.424496984725167e+40	3.543916459324324e+40	2.343993647248687e+40	1.3066357889826057e+40	3.4676579058432074e+39	1.7381422831973756e+39	6.683178963977839e+38	4.1223806873441074e+40	2.066049514147884e+40	1.3066357889826057e+40	8.776978357891275e+39
7182.615990424521	1.9333145732715007e+42	1.1240291750176477e+41	6.719753415978197e+40	3.716444976225022e+40	2.4616130168352387e+40	1.3744248953263486e+40	3.656681959690186e+39	1.8344807657456086e+39	7.059844501217505e+38	4.320508438303751e+40	2.1705578876532438e+40	1.3744248953263486e+40	9.240591396878552e+39
7341.626622445014	1.911574536136069e+42	1.1835178866792785e+41	7.092551426010365e+40	3.9308604896240114e+40	2.60661448247943e+40	1.4572731876081854e+40	3.8848307676041554e+39	1.95028349689332e+39	7.510774209124342e+38	4.56759577265275e+40	2.299124532547379e+40	1.4572731876081854e+40	9.80459972477899e+39
7504.133240496051	1.8555403710136688e+42	1.2301183646398433e+41	7.395644329540758e+40	4.11036626292171e+40	2.7298413476592275e+40	1.5288308995687943e+40	4.0865644706807015e+39	2.0534750505073987e+39	7.915701999269046e+38	4.773124833581813e+40	2.4088151369123223e+40	1.5288308995687943e+40	1.0295954724660566e+40
7670.185675430573	1.8186978390673595e+42	1.2872255927146002e+41	7.760986290502791e+40	4.324034811017769e+40	2.8756017540852505e+40	1.6129110311759318e+40	4.321376714770307e+39	2.1732206525580366e+39	8.384178061644347e+38	5.018438956904744e+40	2.5383526626479576e+40	1.6129110311759318e+40	1.0871284393650606e+40
7839.866238223752	1.765656653973081e+42	1.3352276267284138e+41	8.077919676595527e+40	4.51398957532062e+40	3.00680566455644e+40	1.6896119469719714e+40	4.539727813922881e+39	2.2852748130537872e+39	8.825304995547876e+38	5.235359772222946e+40	2.655333171890958e+40	1.6896119469719714e+40	1.1399836281704916e+40
8013.249756418915	1.723192722771282e+42	1.3908884571212934e+41	8.441493746716742e+40	4.730183507095237e+40	3.15555890624516e+40	1.7762230312620996e+40	4.7849252034900643e+39	2.410883974302067e+39	9.3189437496576e+38	5.482663912634673e+40	2.787829350074995e+40	1.7762230312620996e+40	1.1995443318881591e+40
8190.423811540314	1.6738846416054625e+42	1.440434241730291e+41	8.77365053386911e+40	4.931679977692799e+40	3.295601406202943e+40	1.858644530200768e+40	5.021874324297253e+39	2.532878743683299e+39	9.800763073010332e+38	5.712153118201445e+40	2.912894279871209e+40	1.858644530200768e+40	1.256545894573472e+40
8371.46718249308	1.6297348185965478e+42	1.494932774805816e+41	9.13760759981267e+40	5.151903006818841e+40	3.4484828500155876e+40	1.9485209920567944e+40	5.2798896238440885e+39	2.665664690297945e+39	1.032500075418357e+39	5.963102957033094e+40	3.0493861572428657e+40	1.9485209920567944e+40	1.3186691074113107e+40
8556.466277116639	1.582982970074488e+42	1.545624258876465e+41	9.483455235121134e+40	5.3645965221917325e+40	3.5973435513408526e+40	2.036795760705429e+40	5.536448497723326e+39	2.798231962712212e+39	1.0850450978040086e+39	6.2046174455617e+40	3.182569802519582e+40	2.036795760705429e+40	1.3799634842066347e+40
8745.459995239238	1.5393201681934433e+42	1.5992758844843465e+41	9.850293640399059e+40	5.59064621364374e+40	3.755727088998953e+40	2.1308365556172248e+40	5.810300956067577e+39	2.939830973511564e+39	1.1412086024147007e+39	6.461180852073912e+40	3.324315986124041e+40	2.1308365556172248e+40	1.4453073407213425e+40
8938.660169765713	1.4940977476393972e+42	1.6500921168340898e+41	1.0204455924347073e+41	5.81203856594771e+40	3.9119576515070945e+40	2.2243033270673606e+40	6.085407283616502e+39	3.0825723692230134e+39	1.1980188063008124e+39	6.711678248815823e+40	3.4643941156778977e+40	2.2243033270673606e+40	1.5105097676845113e+40
9135.842969594007	1.8863519819552035e+42	1.917704041364172e+41	1.1794753240843041e+41	6.686232778513106e+40	4.488858673555359e+40	2.544973836937585e+40	6.932173132638698e+39	3.506197417750027e+39	1.3605713596293256e+39	7.729446141108458e+40	3.9725568001860186e+40	2.544973836937585e+40	1.7255434826988033e+40
9337.00038101803	1.87580276750443e+42	2.0508235693115168e+41	1.2635910180299421e+41	7.173119985825607e+40	4.819172647602123e+40	2.734338306854136e+40	7.456099356856353e+39	3.772527965411226e+39	1.464430559733224e+39	8.289745618454498e+40	4.265673607273e+40	2.734338306854136e+40	1.854682938568468e+40
9542.410972469143	1.929221173467165e+42	2.1549141107605812e+41	1.3309166183607298e+41	7.571372463233972e+40	5.092709472248331e+40	2.8934158561550867e+40	7.906290763586558e+39	4.003206024576158e+39	1.5551233954414988e+39	8.74574009838519e+40	4.509229011344081e+40	2.8934158561550867e+40	1.9640426134317368e+40
9752.10408623288	1.869887203471205e+42	2.2292944933931443e+41	1.3822897025027913e+41	7.890335265042471e+40	5.317029609881916e+40	3.027133888595293e+40	8.297857179838564e+39	4.2060348868031155e+39	1.635715249866613e+39	9.107168601865511e+40	4.71017966584659e+40	3.027133888595293e+40	2.0571477094704258e+40
9966.15056097201	1.872240530503596e+42	2.32521249807345e+41	1.4463212293350052e+41	8.278578729952127e+40	5.587060132335972e+40	3.1863030883317263e+40	8.757079944888953e+39	4.442828702337884e+39	1.7293939789864765e+39	9.549300326228623e+40	4.951402950093254e+40	3.1863030883317263e+40	2.1673508558249334e+40
10184.678344717067	1.7915943899931832e+42	2.3802553769531418e+41	1.4877162751333065e+41	8.551146378230375e+40	5.78415075896309e+40	3.307186852465949e+40	9.125044440906531e+39	4.6357705377978813e+39	1.8069703105677735e+39	9.854351587265352e+40	5.129211155013899e+40	3.307186852465949e+40	2.2527523521072914e+40
10407.749136385204	1.7723727918409233e+42	2.469158065373614e+41	1.5490188591676836e+41	8.93225058006153e+40	6.052579527085606e+40	3.4675607576930173e+40	9.596727860211207e+39	4.8805195792719983e+39	1.904397092576392e+39	1.0285989677137195e+41	5.369793106954561e+40	3.4675607576930173e+40	2.3645803379081115e+40
10635.460727897993	1.702576847109615e+42	2.525237606771524e+41	1.592131523018978e+41	9.220738652188933e+40	6.2628531337106205e+40	3.5976280174964997e+40	9.997441535233773e+39	5.091459221867683e+39	1.9895387287866124e+39	1.0607737093311904e+41	5.559887597134021e+40	3.5976280174964997e+40	2.4568791309028e+40
10867.940298902033	1.670549525615856e+42	2.6056533891265414e+41	1.6498271240054472e+41	9.590223319688893e+40	6.526952576707622e+40	3.757887721577239e+40	1.0479208692792618e+40	5.343210775954625e+39	2.090449572806551e+39	1.1023536486545728e+41	5.797491826217557e+40	3.757887721577239e+40	2.569537184484612e+40
11105.346175396604	1.6108238089281628e+42	2.662545163902859e+41	1.694514150915745e+41	9.894057298302852e+40	6.750186174885222e+40	3.897154796928436e+40	1.0913532893101772e+40	5.57275819488848e+39	2.183468285759213e+39	1.1361226867621094e+41	5.999722524094397e+40	3.897154796928436e+40	2.6688096284040787e+40
11347.720248277845	1.573708009863407e+42	2.7365808945045637e+41	1.7498116383228605e+41	1.0258699377740892e+41	7.014577993489745e+40	4.060016951548942e+40	1.1413473679733162e+40	5.835765605535671e+39	2.2895856391199686e+39	1.1769006705523941e+41	6.238467369124198e+40	4.060016951548942e+40	2.784191338755146e+40
11595.063392997456	1.5238353466097406e+42	2.795824478526952e+41	1.7970956871488463e+41	1.0584386774318213e+41	7.25550112965421e+40	4.2114487161669823e+40	1.1890973064206755e+40	6.089062808425922e+39	2.392605721885657e+39	1.2129941195556848e+41	6.457117301009074e+40	4.2114487161669823e+40	2.8925699791173224e+40
11847.658771671193	1.8392159006911243e+42	3.219050608854235e+41	2.057042762010368e+41	1.2053628901998505e+41	8.239613226070204e+40	4.76760930900073e+40	1.3396644186775365e+40	6.848750444205866e+39	2.6866190475409496e+39	1.382980967152611e+41	7.327422818595429e+40	4.76760930900073e+40	3.2688936809236986e+40
12105.631923480158	1.8090377300966532e+42	3.3762519432908916e+41	2.1652935437456838e+41	1.2724867859375332e+41	8.711509254384023e+40	5.04884708259926e+40	1.422014644274399e+40	7.275333792456253e+39	2.8561265661823206e+39	1.4590577831935171e+41	7.750128161745659e+40	5.04884708259926e+40	3.4647035672937294e+40
12369.191662525289	1.8357142073313575e+42	3.509500159786236e+41	2.258232677338603e+41	1.3310400841502457e+41	9.127357214504501e+40	5.299804999593194e+40	1.4970474964261328e+40	7.666963981425894e+39	3.0129677152891314e+39	1.5251593720975876e+41	8.123707154091695e+40	5.299804999593194e+40	3.640708698127306e+40
12638.623213151055	1.8009556309501157e+42	3.61053618447009e+41	2.3341006599761067e+41	1.3813074833155485e+41	9.492781770023848e+40	5.525561479781904e+40	1.566654268102103e+40	8.033695368877826e+39	3.161156396086267e+39	1.5813124947416504e+41	8.453915124069646e+40	5.525561479781904e+40	3.8009038986091233e+40
12914.378368207195	1.759212430061989e+42	3.695473854945651e+41	2.4009039108788304e+41	1.427016664429449e+41	9.830206957506973e+40	5.737351494028131e+40	1.6333894254956012e+40	8.387725555512489e+39	3.305173831927601e+39	1.6320267997699182e+41	8.760017757978464e+40	5.737351494028131e+40	3.9524156310743395e+40
13196.710043637831	1.7107102164847657e+42	3.759801416344469e+41	2.456245789200227e+41	1.4670140413437191e+41	1.0132686937993567e+41	5.93177158289813e+40	1.6965609290788707e+40	8.725981042932383e+39	3.443998705371543e+39	1.6759130724517729e+41	9.036063686949487e+40	5.93177158289813e+40	4.0931422638280128e+40
13485.468075296583	1.6637971855569907e+42	3.8378757344871065e+41	2.520900312383478e+41	1.5127904999053173e+41	1.0476032242361325e+41	6.150809593087247e+40	1.7671160731104328e+40	9.102873153388143e+39	3.598347127174487e+39	1.7263405039337366e+41	9.348794836321378e+40	6.150809593087247e+40	4.251140471689092e+40
13780.754035616588	1.6202500793346735e+42	3.90154136621888e+41	2.5775262626360615e+41	1.5546607158707026e+41	1.079619410423701e+41	6.359000518683915e+40	1.835876198397966e+40	9.473001008685384e+39	3.7510415365611443e+39	1.7720588629425184e+41	9.641810762317922e+40	6.359000518683915e+40	4.402750088716796e+40
14082.752515608747	1.5742538274157475e+42	3.970793401188058e+41	2.638499778478339e+41	1.5995540715279627e+41	1.1139038154130721e+41	6.581762630097209e+40	1.9094285051304474e+40	9.868965622995902e+39	3.914424941731204e+39	1.8211134845965457e+41	9.955508746365639e+40	6.581762630097209e+40	4.56493628022621e+40
14391.493609717487	1.585413060632831e+42	4.10218639888568e+41	2.7365508172482768e+41	1.6649456576686117e+41	1.1617781197862303e+41	6.880593028296299e+40	2.0033743497965438e+40	1.036763969817258e+40	4.1175203440150206e+39	1.8939954269859814e+41	1.0389090513575579e+41	6.880593028296299e+40	4.778375894356952e+40
14707.347882312475	1.7699880801876473e+42	4.577296287522393e+41	3.04615559947413e+41	1.8487891707589047e+41	1.288170604947455e+41	7.615693589628545e+40	2.210993773167696e+40	1.143012355781028e+40	4.534577608550026e+39	2.1043595386495527e+41	1.1514611387384184e+41	7.615693589628545e+40	5.283515570902058e+40
15030.679758836168	1.810041361515084e+42	4.815291146214545e+41	3.213123101151599e+41	1.9545415493243956e+41	1.3635042052407555e+41	8.071934118910046e+40	2.3481760509988434e+40	1.2147574131621907e+40	4.822494339090377e+39	2.2235975795556768e+41	1.2191938577446498e+41	8.071934118910046e+40	5.604132802382865e+40
15361.668575685064	1.7432128120967968e+42	4.840534420092842e+41	3.2526697761560563e+41	1.9909047777834408e+41	1.3936259257308884e+41	8.282333796406869e+40	2.423745137775842e+40	1.2564135063211691e+40	4.998166893365818e+39	2.2617561398723913e+41	1.2472795089452135e+41	8.282333796406869e+40	5.76250684249567e+40
15700.056635172912	1.7281560238203044e+42	4.9850646425329414e+41	3.3661053108200667e+41	2.069078288956111e+41	1.4517005743094367e+41	8.650038464476125e+40	2.541438273807185e+40	1.3192169201010844e+40	5.2552139769602684e+39	2.3483002471621955e+41	1.300065642089523e+41	8.650038464476125e+40	6.026969653616228e+40
16045.697969326022	1.6853418780215014e+42	5.044451969759727e+41	3.4281960179635786e+41	2.119410127904099e+41	1.4917746864954417e+41	8.921313297632462e+40	2.635918700341253e+40	1.3709161735039687e+40	5.471891293085683e+39	2.4022470998515823e+41	1.3371125838758105e+41	8.921313297632462e+40	6.228530803960702e+40
16399.18112275484	1.6470096039557674e+42	5.126870393877448e+41	3.505849521609282e+41	2.1792861834483475e+41	1.5385361768238729e+41	9.232398332610998e+40	2.7421061248069115e+40	1.4286993210151206e+40	5.71284431768702e+39	2.4670326999803322e+41	1.380146603574152e+41	9.232398332610998e+40	6.457828371342273e+40
16760.807767822946	1.621476774166658e+42	5.202127120035244e+41	3.578440429297256e+41	2.2364000156425225e+41	1.5836268186165133e+41	9.53600009075034e+40	2.847596160680491e+40	1.4864418401080758e+40	5.955033704138222e+39	2.5285482745600034e+41	1.4217632275106148e+41	9.53600009075034e+40	6.683066042307225e+40
17130.6274845474	1.6034006408679438e+42	5.2930512788481885e+41	3.662251492512389e+41	2.3008380755788295e+41	1.6340497609362573e+41	9.872852508997208e+40	2.963633286979609e+40	1.54981506105142e+40	6.220316692150878e+39	2.5982566794813524e+41	1.4682055168523295e+41	9.872852508997208e+40	6.93209591195212e+40
17508.890715194895	1.846663271442446e+42	5.9827264360891644e+41	4.11912047275097e+41	2.5762435227539034e+41	1.8250140816972308e+41	1.0994573411028454e+41	3.2854636561937504e+40	1.7154280130468184e+40	6.874117502416316e+39	2.912292721315815e+41	1.6386568050901628e+41	1.0994573411028454e+41	7.70721550836002e+40
17895.856251640456	1.9451772750853303e+42	6.3273889590440115e+41	4.367448960250536e+41	2.737317365662213e+41	1.941245784168796e+41	1.1708636255422362e+41	3.504710899948595e+40	1.8308854090754703e+40	7.340616158634334e+39	3.0929259925375767e+41	1.7435213753360493e+41	1.1708636255422362e+41	8.212877821093752e+40
18291.63609246032	2.216615407622482e+42	6.899733679492066e+41	4.746695376310345e+41	2.967892301513644e+41	2.1024399840417513e+41	1.2667261013653622e+41	3.786762574576085e+40	1.977539125025037e+40	7.926155826411269e+39	3.355143193174825e+41	1.8877817423552572e+41	1.2667261013653622e+41	8.88074363148945e+40
18696.677247184594	2.627594664542936e+42	7.652694558645392e+41	5.239363865359339e+41	3.2635151352176405e+41	2.3074242445101583e+41	1.3873963416118716e+41	4.1356640590530496e+40	2.1577757215269213e+40	8.640889336672773e+39	3.6924101451074534e+41	2.07080378375906e+41	1.3873963416118716e+41	9.71640280206444e+40
19111.18019107229	3.323565490883057e+42	8.798131111651673e+41	5.972124634842325e+41	3.693389257888508e+41	2.6014925090013013e+41	1.557706838882307e+41	4.614994955121326e+40	2.4029735446696586e+40	9.603374303779966e+39	4.185489065471449e+41	2.3323713249439745e+41	1.557706838882307e+41	1.0884772179757324e+41
19535.203069586834	4.484746613927036e+42	1.0348952519264403e+42	6.943168587701001e+41	4.252542808367761e+41	2.9801507049061473e+41	1.7745335370938404e+41	5.214891925755776e+40	2.7080689565147464e+40	1.0794008453283207e+40	4.8295730274715576e+41	2.6682667909176605e+41	1.7745335370938404e+41	1.236307882878668e+41
19969.220702424856	6.234307157776536e+42	1.2490711317037497e+42	8.271195879362236e+41	5.009308584863095e+41	3.489249023077788e+41	2.0636224256154472e+41	6.002965865470799e+40	3.1065910499323574e+40	1.2339786548986635e+40	5.7035187245136034e+41	3.1190107735579546e+41	2.0636224256154472e+41	1.4324172691475559e+41
20413.948182139935	9.230834852643977e+42	1.549780980181917e+42	1.0096558371135729e+42	6.0296069860630174e+41	4.168319471053943e+41	2.444579476118364e+41	7.022695844695444e+40	3.619116247971449e+40	1.4315719275853766e+40	6.887042809857189e+41	3.718505842129336e+41	2.444579476118364e+41	1.6891412150488491e+41
20869.52807513673	1.4104042300261713e+43	1.9952029138096498e+42	1.2802807231323457e+42	7.541638676069094e+41	5.173450246554513e+41	3.006965062102161e+41	8.516500966988434e+40	4.366952615244069e+40	1.7185031751256559e+40	8.641432416845421e+41	4.605415455038962e+41	3.006965062102161e+41	2.067298227485216e+41
21336.403181608057	2.0694606087571501e+43	2.4777637915804318e+42	1.5701061935522612e+42	9.146112224920826e+41	6.235266164707675e+41	3.598456617569054e+41	1.007990244795943e+41	5.148793888040246e+40	2.018269398146295e+40	1.0506800516974007e+42	5.541294118394747e+41	3.598456617569054e+41	2.4642115760755148e+41
21814.82148588165	2.9116063337832256e+43	2.988793752117378e+42	1.8751826215256582e+42	1.0827852541657794e+42	7.346171616183315e+41	4.21630250957161e+41	1.1710774276349537e+41	5.964280061194308e+40	2.330958344125853e+40	1.2463705654527084e+42	6.520018934723892e+41	4.21630250957161e+41	2.8785423860807465e+41
22305.116516568218	3.9980264221074017e+43	3.5230613041568375e+42	2.1928361790971353e+42	1.2574500817986614e+42	8.498861559505045e+41	4.85695650935894e+41	1.3401591826968778e+41	6.809915846841572e+40	2.655321818325523e+40	1.449713001717852e+42	7.535353892913376e+41	4.85695650935894e+41	3.3080908776251263e+41
22807.23989684908	5.355947445941761e+43	4.1444628141926327e+42	2.5606124766274487e+42	1.4588758393585946e+42	9.825304890102881e+41	5.5924046465534906e+41	1.5335528012341684e+41	7.775942720831054e+40	3.025400252811692e+40	1.6844210822619e+42	8.703063739790903e+41	5.5924046465534906e+41	3.8005485899308335e+41
23321.268304437206	7.024622466531879e+43	4.8258752346448995e+42	2.963546716980617e+42	1.6793920635739757e+42	1.1276871367262642e+42	6.3968505146009e+41	1.7449327925331662e+41	8.831532033255033e+40	3.429677210337862e+40	1.941417592158155e+42	9.980781824762976e+41	6.3968505146009e+41	4.339065853133415e+41
23848.105480714825	9.769437663844803e+43	5.819657184615326e+42	3.544468674039658e+42	1.9938870126192428e+42	1.3334071434197176e+42	7.528451127658433e+41	2.038664765493796e+41	1.0291843531378658e+41	3.986355362232214e+40	2.3088730030598967e+42	1.1788441150178765e+42	7.528451127658433e+41	5.0933571124953845e+41
24388.11750824332	1.2708407729003416e+44	6.759900188167891e+42	4.094543702675681e+42	2.2921520019603977e+42	1.528754277770935e+42	8.604904479954173e+41	2.319074774123864e+41	1.1687981697363799e+41	4.51944266151598e+40	2.6572133617754124e+42	1.3505618842966441e+42	8.604904479954173e+41	5.8117172655932405e+41
24941.70202680646	1.586574165465678e+44	7.618108701241224e+42	4.598670617841672e+42	2.5667110560947858e+42	1.709074760860969e+42	9.602002463580425e+41	2.580380195178954e+41	1.2991975474848985e+41	5.018559559293575e+40	2.977522255230981e+42	1.5091965057561288e+42	9.602002463580425e+41	6.4784919184752946e+41
25509.206757489337	1.9511223971754733e+44	8.564854212511511e+42	5.153080284676476e+42	2.867914745857887e+42	1.906652191015839e+42	1.0693131324598823e+42	2.865841191983483e+41	1.4415782874655103e+41	5.56327530030174e+40	3.329103923815238e+42	1.682957939575105e+42	1.0693131324598823e+42	7.207673803165825e+41
26090.6806877618	2.334844551574216e+44	9.528465397682187e+42	5.718529280666871e+42	3.175737515356871e+42	2.1088145901198485e+42	1.1811203266183219e+42	3.159060696039644e+41	1.5879597463712632e+41	6.123823994999489e+40	3.6882392783904314e+42	1.8608116288173296e+42	1.1811203266183219e+42	7.955490465068707e+41
26686.94605276275	2.801875900344805e+44	1.0776865664361965e+43	6.448848900258976e+42	3.5717214673311065e+42	2.368156164592731e+42	1.324024653338992e+42	3.5312897068707496e+41	1.773282943813812e+41	6.831414309166722e+40	4.150708501320913e+42	2.0887813467178397e+42	1.324024653338992e+42	8.90912521880041e+41
27298.186327238043	3.437938601730418e+44	1.210314966557228e+43	7.219783975963071e+42	3.9879301993978354e+42	2.6402493122708997e+42	1.4737214733760644e+42	3.920698849909488e+41	1.9671333584059787e+41	7.571589115811635e+40	4.6372219133634147e+42	2.3278595339644687e+42	1.4737214733760644e+42	9.907462391950836e+41
27925.230705840237	4.028864447546441e+44	1.338392731221566e+43	7.970692501670115e+42	4.396143566253768e+42	2.9080609896987594e+42	1.6216197699656615e+42	4.307464455612768e+41	2.1599898920975204e+41	8.309159839442206e+40	5.1136616698936293e+42	2.5633927819572274e+42	1.6216197699656615e+42	1.0895746872494255e+42
28568.451852521568	4.5970963596595824e+44	1.4604653129763187e+43	8.688224219415899e+42	4.787384979374849e+42	3.165245203206777e+42	1.7640099474496223e+42	4.681524923260954e+41	2.346841098293606e+41	9.025123280568812e+40	5.5699501045452894e+42	2.789709525490602e+42	1.7640099474496223e+42	1.1848691235799231e+42
29228.178506594333	5.150759892532198e+44	1.5760980478634885e+43	9.37159045135819e+42	5.161929284754774e+42	3.412197409790597e+42	1.9012259870799438e+42	5.0441082554797815e+41	2.5283443605730884e+41	9.722135277951813e+40	6.006234402564718e+42	3.007204392590573e+42	1.9012259870799438e+42	1.2768892251663652e+42
29905.201864528728	5.7388718751552155e+44	1.7143396488187352e+43	1.0184684178124493e+43	5.605528583502752e+42	3.7038924148690614e+42	2.0627832698952677e+42	5.468775888756556e+41	2.7405209837853746e+41	1.0535322685832132e+41	6.523517988214046e+42	3.263912401502598e+42	2.0627832698952677e+42	1.3850340535724668e+42
30599.99422534263	6.6403042643489174e+44	1.90063424569519e+43	1.1271535747983599e+43	6.193807594321529e+42	4.0889169139327084e+42	2.2748361472345355e+42	6.021002496552079e+41	3.015485489419423e+41	1.1585368020161807e+41	7.210800146846486e+42	3.602312685817897e+42	2.2748361472345355e+42	1.526520035465167e+42
31313.04788668982	7.358462688358313e+44	2.0514673037020573e+43	1.2160063027627233e+43	6.679391866704921e+42	4.408565102283513e+42	2.4521144974599864e+42	6.488081222522902e+41	3.249057159461882e+41	1.2481388665910037e+41	7.776804946461342e+42	3.8837081049037206e+42	2.4521144974599864e+42	1.645283327955187e+42
32044.967909992123	7.885781222858828e+44	2.187026245956974e+43	1.296769586462344e+43	7.125102874666951e+42	4.7035330244018216e+42	2.6166937100141955e+42	6.925725678492922e+41	3.468609823531355e+41	1.332636922500077e+41	8.29517994745038e+42	4.14374996251866e+42	2.6166937100141955e+42	1.755905292150067e+42
32796.026855760865	8.36744584828099e+44	2.310606303629171e+43	1.371039702375823e+43	7.538357795513776e+42	4.978320031952184e+42	2.7708698406187365e+42	7.33940518518277e+41	3.6768099642082156e+41	1.4130335356181627e+41	8.774885467752377e+42	4.386317459211485e+42	2.7708698406187365e+42	1.859863190022269e+42
33567.11431116696	8.99771262391435e+44	2.491097898714061e+43	1.4780694091104364e+43	8.126056397133772e+42	5.366031155649847e+42	2.986350657485416e+42	7.908556482484314e+41	3.9616110513903576e+41	1.5223485834075692e+41	9.459236373806038e+42	4.727814090511603e+42	2.986350657485416e+42	2.0043637117408173e+42
34358.984724150345	9.693058549920392e+44	2.658883653324712e+43	1.577735168330671e+43	8.674994758059951e+42	5.729004751040908e+42	3.1887179549498323e+42	8.446258703774365e+41	4.2313142808251596e+41	1.6261357756074047e+41	1.0097925083653594e+43	5.047744619222629e+42	3.1887179549498323e+42	2.1403389158941544e+42
35172.166336472794	1.0097809037158197e+45	2.8251558222875967e+43	1.6774969108996977e+43	9.228659692676335e+42	6.096474514473563e+42	3.3943886511667696e+42	8.995614540981885e+41	4.507309985613892e+41	1.732509065310695e+41	1.0741055100455764e+43	5.3719486448453596e+42	3.3943886511667696e+42	2.2788077394630026e+42
36007.10838500199	1.0351483309996082e+45	2.943812779826348e+43	1.7504551275827106e+43	9.642904592235137e+42	6.375018274012822e+42	3.5526824513246995e+42	9.428841250826943e+41	4.726857653845884e+41	1.817885955520086e+41	1.1219688373005455e+43	5.618579544060882e+42	3.5526824513246995e+42	2.3863007393256493e+42
36864.74764712577	1.0476765130854277e+45	3.0506902964919623e+43	1.8174335193249774e+43	1.002908061187325e+43	6.636753767612799e+42	3.702705764298591e+42	9.84454140695596e+41	4.938379385011008e+41	1.9004721077133003e+41	1.166437669448329e+43	5.850810814026191e+42	3.702705764298591e+42	2.4886417730836377e+42
37745.979376790405	1.0864234822668122e+45	3.2675403836830163e+43	1.9468451002242347e+43	1.074396383817451e+43	7.110038657775266e+42	3.9668683740514104e+42	1.0547293416570618e+42	5.290978341371039e+41	2.036195554734432e+41	1.249565095320121e+43	6.268092920999416e+42	3.9668683740514104e+42	2.666227225693022e+42
38651.55255138174	1.073028686088248e+45	3.3941064350177294e+43	2.026669930362128e+43	1.1205712686010614e+43	7.423278752895744e+42	4.1464650548252614e+42	1.104439960833825e+42	5.543719434947287e+41	2.134773148179259e+41	1.3027065161655807e+43	6.546061760646429e+42	4.1464650548252614e+42	2.788720597998936e+42
39581.72833940121	1.0433146427320003e+45	3.4637685557177053e+43	2.0742477256650465e+43	1.1498760187650747e+43	7.628598866916469e+42	4.2683929882596775e+42	1.1399671558020109e+42	5.7274724496231876e+41	2.2076819941157997e+41	1.3359689333406098e+43	6.729817458872791e+42	4.2683929882596775e+42	2.873455603730014e+42
40537.77965447983	9.994903791219015e+44	3.5238266175410664e+43	2.1164166909536178e+43	1.1764204954728639e+43	7.816675146650431e+42	4.381452063783565e+42	1.1735033314731912e+42	5.901961487199779e+41	2.2773265710028467e+41	1.365954046978779e+43	6.898638002432223e+42	4.381452063783565e+42	2.952541071734171e+42
41520.56813821932	9.626263458853538e+44	3.64674145236306e+43	2.1953534302485352e+43	1.2227534580542702e+43	8.133454348189702e+42	4.5647059634573795e+42	1.224957058954533e+42	6.164937448067106e+41	2.3804629317480975e+41	1.4191031713497498e+43	7.180341841254914e+42	4.5647059634573795e+42	3.078157644813738e+42
42530.85042269565	8.934234923733134e+44	3.7033399192118263e+43	2.238032156336396e+43	1.2507498550341062e+43	8.335163526085504e+42	4.6877891754026105e+42	1.2620587393195049e+42	6.358726840648272e+41	2.4580542111290465e+41	1.4504740979328053e+43	7.362111630825258e+42	4.6877891754026105e+42	3.164830666416991e+42
43569.41434910594	8.204004400737308e+44	3.699381954130164e+43	2.2455245008226337e+43	1.259965437442567e+43	8.415505257956724e+42	4.745328497829401e+42	1.2828194184885154e+42	6.4727389218590106e+41	2.5058704904349258e+41	1.4598119102175732e+43	7.437651281722946e+42	4.745328497829401e+42	3.208360927481053e+42
44637.552382881375	7.450922865771819e+44	3.683049140621679e+43	2.2468889148575393e+43	1.266397843850499e+43	8.479593057837781e+42	4.7951654700891493e+42	1.3020885514678807e+42	6.580232308474145e+41	2.5515546521282285e+41	1.4657543052706675e+43	7.499376248207556e+42	4.7951654700891493e+42	3.2472193101872566e+42
45736.29989079234	6.744510845005444e+44	3.688785947521376e+43	2.2602064670514896e+43	1.2788683165381893e+43	8.581736205027423e+42	4.865139333951126e+42	1.3263661502407335e+42	6.7124604248550266e+41	2.6066598320943213e+41	1.4788638727912306e+43	7.594218393540083e+42	4.865139333951126e+42	3.299255123306328e+42
46866.63727322712	6.002649585879284e+44	3.62432464891059e+43	2.2350220332202367e+43	1.2719403117252994e+43	8.562755441051302e+42	4.8722947272798594e+42	1.3359022183036911e+42	6.774037190317409e+41	2.6358205342120837e+41	1.468900427217539e+43	7.584049969538047e+42	4.8722947272798594e+42	3.310856362023751e+42
48029.85850934702	5.3774846934567095e+44	3.5623767347450257e+43	2.2094306217897015e+43	1.2639930149025783e+43	8.534645817658251e+42	4.873176316021844e+42	1.3435293436720118e+42	6.8260481886375885e+41	2.6614054207009355e+41	1.4579461657583506e+43	7.565334582623196e+42	4.873176316021844e+42	3.3179267430090215e+42
49227.20184734675	4.838466760025163e+44	3.5039097611288806e+43	2.1857014786477722e+43	1.2568685048808154e+43	8.511066340978413e+42	4.8760060056515164e+42	1.351512921374059e+42	6.879799937394784e+41	2.687713096659949e+41	1.4480110368121262e+43	7.550389555672082e+42	4.8760060056515164e+42	3.3261188888211e+42
50459.977883145155	4.3736347255444396e+44	3.450122909013818e+43	2.166570379235146e+43	1.2534089975972585e+43	8.516317218849536e+42	4.897896865176722e+42	1.3656802924768992e+42	6.966122319056965e+41	2.727036233377054e+41	1.4420187687957367e+43	7.561978676771896e+42	4.897896865176722e+42	3.348197634235554e+42
51729.528030793874	4.004533452313782e+44	3.363648381083015e+43	2.1266134233174906e+43	1.2378786809405138e+43	8.440036639187923e+42	4.8736170476379386e+42	1.3676053908694853e+42	6.99170389807296e+41	2.7434011480195552e+41	1.422128017956727e+43	7.501370284551596e+42	4.8736170476379386e+42	3.339143988704148e+42
53037.36191084063	3.688089454604794e+44	3.2654091285400874e+43	2.080727924116134e+43	1.2197534212028137e+43	8.349276804350387e+42	4.8430022440130076e+42	1.368538058017316e+42	7.01342954162353e+41	2.758698124960265e+41	1.3990291459170476e+43	7.428651012717065e+42	4.8430022440130076e+42	3.3264735261435235e+42
54385.02708959505	3.44523422280694e+44	3.1490647279515685e+43	2.019392442941143e+43	1.1908417818856998e+43	8.179069698344823e+42	4.7632082913304386e+42	1.3547982272117043e+42	6.959859152389659e+41	2.7446978620437858e+41	1.363982762051488e+43	7.284013296638316e+42	4.7632082913304386e+42	3.2791092731980136e+42
55774.14129599651	3.225618282256182e+44	3.0518481455270965e+43	1.9701807092939991e+43	1.1692528443336334e+43	8.06058242593615e+42	4.7147732601652954e+42	1.3505115838510241e+42	6.955384262758221e+41	2.7500958427099555e+41	1.3372514233678893e+43	7.185851967187844e+42	4.7147732601652954e+42	3.253839593576384e+42
57206.443770243495	3.0335040054875617e+44	2.9890228394456605e+43	1.9438827334500915e+43	1.1618483829620264e+43	8.042512193184352e+42	4.7268196206252614e+42	1.3640415611348497e+42	7.042578004068096e+41	2.791376767418953e+41	1.326572280496891e+43	7.177859497336935e+42	4.7268196206252614e+42	3.270885277221873e+42
58683.748145598234	2.8439276457393917e+44	2.823544690135305e+43	1.8459006166010252e+43	1.1100037072706612e+43	7.71420025518267e+42	4.556914239406838e+42	1.32683833367914e+42	6.87386321755802e+41	2.734347323646812e+41	1.2654585468907164e+43	6.892784646633414e+42	4.556914239406838e+42	3.1629556227033593e+42
60207.969817689904	2.6784901787972144e+44	2.7554717921931984e+43	1.810912920912971e+43	1.0948632251594823e+43	7.6340510543526e+42	4.527664845541166e+42	1.3271305542993002e+42	6.8920465951784276e+41	2.74846504966817e+41	1.2465763730216006e+43	6.827501487474289e+42	4.527664845541166e+42	3.1499640924248e+42
61781.12392528194	2.5237171093802164e+44	2.687962914635239e+43	1.775389875761402e+43	1.0788938467322943e+43	7.546304684087419e+42	4.492863768325567e+42	1.3255152810257351e+42	6.900201317775415e+41	2.758626322484114e+41	1.2268801974129362e+43	6.755016188273887e+42	4.492863768325567e+42	3.132796021775738e+42
63405.35269160154	2.3753134633585675e+44	2.635132990946302e+43	1.745377936065002e+43	1.0636564235721186e+43	7.45300722837711e+42	4.447618946486889e+42	1.3180563813802268e+42	6.8744844359888536e+41	2.754340824690323e+41	1.2087230349760317e+43	6.67497124029188e+42	4.447618946486889e+42	3.105765067455515e+42
65082.92048478168	2.236211243866616e+44	2.5765825411563707e+43	1.7123602754159034e+43	1.0472621075518468e+43	7.354631033168154e+42	4.4014532771374246e+42	1.3111840616977058e+42	6.852988251049127e+41	2.7520872840529558e+41	1.189058422591667e+43	6.59113188423521e+42	4.4014532771374246e+42	3.078875311413531e+42
66816.21403495397	2.107544815072551e+44	2.555290365009279e+43	1.712013131647558e+43	1.055236135795468e+43	7.443575092035836e+42	4.477170705251554e+42	1.3434286156781798e+42	7.036788683683154e+41	2.8313590820327897e+41	1.1959344277899706e+43	6.678881411701354e+42	4.477170705251554e+42	3.1403307808804495e+42
68607.75840384938	1.9898453921880837e+44	2.463086436487791e+43	1.656202462349204e+43	1.0257009819103665e+43	7.258752335173748e+42	4.3844045357141263e+42	1.3254223766816355e+42	6.962010309381285e+41	2.809558132754031e+41	1.1610469924401819e+43	6.519249074683877e+42	4.3844045357141263e+42	3.0830912457239875e+42
70460.22657772225	1.8805053370247357e+44	2.430674275732437e+43	1.6375393708933668e+43	1.016684815218676e+43	7.207298028592966e+42	4.3631449657928146e+42	1.3245386619059293e+42	6.969234994505788e+41	2.817801752448451e+41	1.1501033870615806e+43	6.476313490715897e+42	4.3631449657928146e+42	3.0724181831000994e+42
72376.44811942958	1.7810218703765778e+44	2.380702552243684e+43	1.606293872969105e+43	9.997237927418589e+42	7.099547484114573e+42	4.307984305148816e+42	1.3135585414852331e+42	6.924095388304351e+41	2.8053629053245876e+41	1.130185791665815e+43	6.382835709875271e+42	4.307984305148816e+42	3.037985122703389e+42
74359.43183215692	1.6898687477036812e+44	2.374474510378386e+43	1.6042082475612527e+43	1.0007246742615888e+43	7.119021835809977e+42	4.329947256807448e+42	1.3258032839430308e+42	6.999488768539012e+41	2.8404389487819405e+41	1.1306110786322553e+43	6.403702599135872e+42	4.329947256807448e+42	3.057864572406854e+42
76412.36841642066	1.6057653993453791e+44	2.38111165944017e+43	1.6083169346995383e+43	1.0042626037899314e+43	7.152510787123266e+42	4.358643330179691e+42	1.3399360936010598e+42	7.085157024280485e+41	2.879797387407226e+41	1.1342172273017852e+43	6.436390615136957e+42	4.358643330179691e+42	3.082159912647747e+42
78538.64831149385	1.5275199712443257e+44	2.4081422925110857e+43	1.6263487626330889e+43	1.0159132265801139e+43	7.239329963073654e+42	4.415633624108496e+42	1.3602841922580882e+42	7.199069079539015e+41	2.9288900482926238e+41	1.1472054279169565e+43	6.515745011046266e+42	4.415633624108496e+42	3.124518919404582e+42
80741.8778079927	1.4541679764780758e+44	2.4512191683231464e+43	1.6553139319237175e+43	1.0340521664626553e+43	7.370071600931624e+42	4.4974307826081836e+42	1.3871919938099414e+42	7.34559769962305e+41	2.990359363642342e+41	1.1676427502648043e+43	6.633981963394893e+42	4.4974307826081836e+42	3.1835718559283954e+42
83025.89617015621	1.38500232572989e+44	2.509230500044926e+43	1.6953961798995427e+43	1.0593410675080464e+43	7.551397685974169e+42	4.60917063090938e+42	1.4224637412135923e+42	7.534197093781381e+41	3.0679168845414565e+41	1.1961382381258003e+43	6.797522282453982e+42	4.60917063090938e+42	3.263240223671148e+42
85394.79445680296	1.3194899007313302e+44	2.5847098914793023e+43	1.7496729949807673e+43	1.0945421507603428e+43	7.80634230901427e+42	4.7670747391931e+42	1.4718154886720682e+42	7.795571060763254e+41	3.1739780641629884e+41	1.2355897078660312e+43	7.027893541138586e+42	4.7670747391931e+42	3.3757333805446015e+42
87852.93616412465	1.2571831080218681e+44	2.6615490185291183e+43	1.8033800393260457e+43	1.1280922559646846e+43	8.04352993900415e+42	4.9098790892455907e+42	1.5148024191254116e+42	8.021286456547891e+41	3.26510788625152e+41	1.2735470802139126e+43	7.240778088752014e+42	4.9098790892455907e+42	3.475962840790222e+42
90404.97999296049	1.1977144249299894e+44	2.7504870364863944e+43	1.8663518279543363e+43	1.16743902926057e+43	8.320406238020454e+42	5.075041207644043e+42	1.5634873812341856e+42	8.274752095519882e+41	3.3665263118969496e+41	1.3181039340401417e+43	7.48882895628594e+42	5.075041207644043e+42	3.5911075547281546e+42
93055.9048800364	1.1407625144576918e+44	2.85070846853053e+43	1.939054687927604e+43	1.2134684992985572e+43	8.645408756339094e+42	5.268909052453193e+42	1.6201253566446484e+42	8.567952152548508e+41	3.483016174756413e+41	1.3701107621110953e+43	7.780108341569926e+42	5.268909052453193e+42	3.72600481164955e+42
95811.03759272651	1.0872000473518978e+44	2.901324694336131e+43	1.979459590619394e+43	1.2405967597441383e+43	8.842288160593775e+42	5.38989349984019e+42	1.657172885791634e+42	8.763117488011053e+41	3.562010484809355e+41	1.40039142536243e+43	7.957823831131384e+42	5.38989349984019e+42	3.81158417711547e+42
98676.08328222949	1.032973828287391e+44	3.009526062435068e+43	2.062028171140183e+43	1.2944059355549341e+43	9.22597259743384e+42	5.620042308294244e+42	1.7241359711873567e+42	9.107980482954845e+41	3.6980372806506015e+41	1.4608627724412851e+43	8.30234299652252e+42	5.620042308294244e+42	3.9717833919447855e+42
101657.15896548315	9.817405806119935e+43	3.1319505288480934e+43	2.159261210174173e+43	1.3595674518123912e+43	9.696287176260914e+42	5.905051388697123e+42	1.807528845940551e+42	9.536746128505855e+41	3.866498760475399e+41	1.5336707144944632e+43	8.72583852246483e+42	5.905051388697123e+42	4.170886373739098e+42
104760.83092267677	9.320047443515082e+43	3.2611948369843585e+43	2.266187990629952e+43	1.4330843239658297e+43	1.0232572437071205e+43	6.232948728007408e+42	1.9040522740392763e+42	1.0032788897059854e+42	4.060998332170213e+41	1.6153942270174354e+43	9.209916044783028e+42	6.232948728007408e+42	4.4007138777412466e+42
107994.15606288327	8.833376603834445e+43	3.225872955060663e+43	2.25390120834551e+43	1.4310263543217899e+43	1.0236965895905073e+43	6.247142021906738e+42	1.9128615414803553e+42	1.0086222967210138e+42	4.08531959144519e+41	1.6117127317378286e+43	9.218154739572154e+42	6.247142021906738e+42	4.414719039475696e+42
111364.72784210356	8.350379123482231e+43	3.197028678604357e+43	2.2465533843037383e+43	1.4321318625165492e+43	1.0263325879191394e+43	6.273816527014563e+42	1.924763599378663e+42	1.0154251346161545e+42	4.114782693577664e+41	1.611610504139921e+43	9.245916809930473e+42	6.273816527014563e+42	4.4370320087907846e+42
114880.72731226594	7.877016296825055e+43	3.1619791345796868e+43	2.236348277456515e+43	1.4322551536146906e+43	1.028550476416891e+43	6.299467623379677e+42	1.9366670275982018e+42	1.0222152527959139e+42	4.143983500204484e+41	1.6101972110807677e+43	9.270523839702563e+42	6.299467623379677e+42	4.459027337252422e+42
118550.98012507048	7.413562904109428e+43	3.120025054411296e+43	2.222846054242372e+43	1.4312289415673784e+43	1.0302937992966259e+43	6.324226566585501e+42	1.9487951579331607e+42	1.0291280239835637e+42	4.1734943138629835e+41	1.6072484489717331e+43	9.291633208580141e+42	6.324226566585501e+42	4.4809732144093073e+42
122385.02021311344	6.959897418025274e+43	3.0702571005391394e+43	2.2053683237403083e+43	1.4286923485229124e+43	1.0313583290588676e+43	6.347312573106521e+42	1.9611200763004666e+42	1.0361744350426328e+42	4.2034177190852875e+41	1.6023306892509687e+43	9.307559948390201e+42	6.347312573106521e+42	4.5025073105972806e+42
126393.16107108297	6.516194701515185e+43	3.011857950554729e+43	2.183236389157996e+43	1.4242557517805918e+43	1.0315146873139201e+43	6.367809938496867e+42	1.9736085400895412e+42	1.0433702515535512e+42	4.233900463462744e+41	1.594983656864052e+43	9.316391636315357e+42	6.367809938496867e+42	4.5231952444122705e+42
130586.57571701819	6.079090573119619e+43	2.8857908012961907e+43	2.109124884981e+43	1.385920208680104e+43	1.007644321667865e+43	6.246329208314212e+42	1.946537483902124e+42	1.030611255565393e+42	4.18752590805086e+41	1.5495058271932526e+43	9.110065375081504e+42	6.246329208314212e+42	4.446293907009786e+42
134919.17995013265	5.657760535190459e+43	2.7478167270011413e+43	2.0166050901927713e+43	1.3292585453074815e+43	9.680188606073372e+42	6.012318834122645e+42	1.880540230175943e+42	9.972929057241375e+41	4.059858447135639e+41	1.4851426090455757e+43	8.755709804704297e+42	6.012318834122645e+42	4.284799118151597e+42
139395.48076030964	5.274449792175659e+43	2.6298978928998136e+43	1.9438330358502416e+43	1.2889464617715247e+43	9.416177291925161e+42	5.868574278841708e+42	1.844944547416292e+42	9.800917337777331e+41	3.996706253093587e+41	1.438183131004225e+43	8.524011328497073e+42	5.868574278841708e+42	4.1901149519777567e+42
144020.252637872	4.90377137019942e+43	2.511338688864679e+43	1.8705160385044272e+43	1.248352705012463e+43	9.150714911335568e+42	5.724467535066972e+42	1.8095441006564987e+42	9.63056105252786e+41	3.934496801355126e+41	1.3908792445956092e+43	8.291172951225259e+42	5.724467535066972e+42	4.095412214983227e+42
148798.42935749755	4.546952074359069e+43	2.392365013529565e+43	1.7967219233935242e+43	1.2074812217148935e+43	8.883721776198643e+42	5.579902105739574e+42	1.774301516191055e+42	9.461664409834402e+41	3.873153816909408e+41	1.3432440721264729e+43	8.057102291135455e+42	5.579902105739574e+42	4.0006121566754096e+42
153735.10930786977	4.2050634213039e+43	2.2732557854259283e+43	1.7225535831308865e+43	1.1663553317624466e+43	8.615242886258448e+42	5.434848566787196e+42	1.7391972619620895e+42	9.294123701057194e+41	3.812638125571692e+41	1.2953134169426621e+43	7.821815888283055e+42	5.434848566787196e+42	3.905680580303156e+42
158835.5609991932	3.878966798183622e+43	2.1543126139937833e+43	1.6481274579682006e+43	1.1250039189931873e+43	8.345348763495507e+42	5.289283922952731e+42	1.7042110629602652e+42	9.127828858723311e+41	3.752907316197847e+41	1.2471302422013453e+43	7.58534984146886e+42	5.289283922952731e+42	3.810584985320114e+42
164105.22875441378	3.569305100855587e+43	2.0358554458626553e+43	1.5735719610600919e+43	1.0834609403298075e+43	8.074132729567846e+42	5.143189851767818e+42	1.669321180824124e+42	8.962659558055722e+41	3.693914188392279e+41	1.1987440236492466e+43	7.347757405133235e+42	5.143189851767818e+42	3.7152931638770106e+42
169549.73859024505	3.276504685559817e+43	1.9182189909964536e+43	1.4990264547625416e+43	1.0417653282249189e+43	7.801711289678613e+42	4.9965530287674797e+42	1.634504350930617e+42	8.798484737618149e+41	3.635606551816642e+41	1.1502105294266138e+43	7.109109456951599e+42	4.9965530287674797e+42	3.619773308725635e+42
175174.9042943044	3.000784377857864e+43	1.8017492863291177e+43	1.4246403271907738e+43	9.999609771571101e+42	7.528225277828679e+42	4.8493660109764497e+42	1.599735868836141e+42	8.635162809381923e+41	3.577927269510746e+41	1.1015916864190953e+43	6.869495691643847e+42	4.8493660109764497e+42	3.523994520983636e+42
180986.73370487356	2.742169942720276e+43	1.6868003227330728e+43	1.3505721260306127e+43	9.580967844958858e+42	7.253841539408932e+42	4.7016285587526433e+42	1.564989804221216e+42	8.472542454318235e+41	3.520814506221237e+41	1.0529555009884584e+43	6.629026340889684e+42	4.7016285587526433e+42	3.427927646855511e+42
186991.4352000146	2.50051247738527e+43	1.5737306559372803e+43	1.276988704992947e+43	9.162267187253663e+42	6.978754944991296e+42	4.553349279284169e+42	1.530239321505444e+42	8.310463907790153e+41	3.4642021465536636e+41	1.0043760043093903e+43	6.387834233004679e+42	4.553349279284169e+42	3.3315463730211916e+42
193195.4244029977	2.2755093145095554e+43	1.462899921849323e+43	1.2040643355069346e+43	8.744098896785882e+42	6.70319054475057e+42	4.404547477230198e+42	1.4954570854280454e+42	8.14876063579614e+41	3.4080203465920086e+41	9.559331935732222e+42	6.146077018527677e+42	4.404547477230198e+42	3.234828509010985e+42
199605.3311112299	2.0667262003017911e+43	1.3546651858214198e+43	1.1319797353098316e+43	8.327105973302634e+42	6.42740569520584e+42	4.2552551071135786e+42	1.4606157304502678e+42	7.987261306768628e+41	3.3521961840514666e+41	9.077129415349428e+42	5.903939407829854e+42	4.2552551071135786e+42	3.1377573881093566e+42
206228.00645611325	1.8736197153602639e+43	1.249377072865938e+43	1.0609209667075805e+43	7.911983372724445e+42	6.151692012756759e+42	4.105518735064527e+42	1.4256883743119964e+42	7.82579197154829e+41	3.2966543750635227e+41	8.598068478760375e+42	5.661635288676542e+42	4.105518735064527e+42	3.0403233245842944e+42
213070.53030151225	1.6955591155565073e+43	1.1473756506010727e+43	9.910781610008456e+42	7.499477422000468e+42	5.876377028505763e+42	3.9554014322010074e+42	1.3906491581843873e+42	7.664178374921579e+41	3.2413180298065988e+41	8.12312006771422e+42	5.419409611990324e+42	3.9554014322010074e+42	2.942525073239211e+42
220140.21888876558	1.531846971493259e+43	1.0489860668392243e+43	9.226440320675954e+42	7.090384396065178e+42	5.601825433575155e+42	3.8049845359201424e+42	1.3554737982165856e+42	7.502248333815436e+41	3.1861094236728154e+41	7.653306660688682e+42	5.1775399500147413e+42	3.8049845359201424e+42	2.844371246040322e+42
227444.6327364449	1.3817381683229695e+43	9.545139772333351e+42	8.558121515085482e+42	6.685548067556188e+42	5.328439813558308e+42	3.654369227311814e+42	1.3201401356813693e+42	7.339834128962661e+41	3.1309507651620794e+41	7.189697550303704e+42	4.936337642010805e+42	3.654369227311814e+42	2.7458816489998836e+42
234991.58480333906	1.2444569877829695e+43	8.642408332849893e+42	7.907749701071958e+42	6.285856053149581e+42	5.056660776847389e+42	3.5036778824607595e+42	1.2846286753579083e+42	7.176774868555938e+41	3.07576494622534e+41	6.733402601413523e+42	4.6961484497105795e+42	3.5036778824607595e+42	2.6470885102213114e+42
242789.14892342585	1.119212127477218e+43	7.784191344364446e+42	7.277215847879451e+42	5.892234798379519e+42	4.786966384237326e+42	3.3530551611505884e+42	1.2489231037984018e+42	7.012918791925007e+41	3.020476264522898e+41	6.285564320113475e+42	4.457352647485493e+42	3.3530551611505884e+42	2.548037575750841e+42
250845.66852188922	1.005209620266079e+43	6.972677785388346e+42	6.668352668079876e+42	5.505643071853625e+42	4.519870791362112e+42	3.2026688003345176e+42	1.2130107810957037e+42	6.8481254906490335e+41	2.965011110822603e+41	5.84734811449305e+42	4.2203644747838734e+42	3.2026688003345176e+42	2.4487890545605677e+42
259169.76562154343	9.016636988986755e+42	6.209676697201024e+42	6.082907842453618e+42	5.127063876945772e+42	4.25592202023588e+42	3.0527100805370686e+42	1.1768832011609918e+42	6.682268031114087e+41	2.9092986175326207e+41	5.419930689374887e+42	3.98563087999455e+42	3.0527100805370686e+42	2.3494183964054336e+42
267770.35014934064	8.078057117712507e+42	5.4965776035304287e+42	5.5225156974873944e+42	4.757494738473877e+42	3.99569878584983e+42	2.903393933544217e+42	1.1405364167846412e+42	6.515234968682718e+41	2.853271267047905e+41	5.0044865928139917e+42	3.753629489585676e+42	2.903393933544217e+42	2.2500168877821807e+42
276656.629552963	7.228912366640407e+42	4.83431711935837e+42	4.988668015981481e+42	4.3979363794020805e+42	3.7398063169985314e+42	2.7549586586137068e+42	1.1039714264440442e+42	6.3469322471309825e+41	2.7968654603246648e+41	4.6021730158979295e+42	3.5248657430987094e+42	2.7549586586137068e+42	2.150692050990075e+42
285838.11873783777	6.462055648614996e+42	4.223353573665553e+42	4.4826848196526e+42	4.049379870355547e+42	3.4888711304006463e+42	2.6076652142722875e+42	1.0671945203832465e+42	6.177284980089303e+41	2.7400220477427095e+41	4.214113040535352e+42	3.29986914643939e+42	2.6076652142722875e+42	2.0515678307489417e+42
295324.650335259	5.770677404381445e+42	3.6636513275047666e+42	4.005686094856088e+42	3.7127924082455527e+42	3.243534742093368e+42	2.4617960530908896e+42	1.0302175836084442e+42	6.006239112290573e+41	2.682686825229365e+41	3.8413776262826455e+42	3.079188611713863e+42	2.4617960530908896e+42	1.9527845515365e+42
305126.3853126605	5.148333420992512e+42	3.154676203664015e+42	3.558565530738164e+42	3.389101958776793e+42	3.004446331069409e+42	2.317653468902791e+42	9.930583533505618e+41	5.833762958615342e+41	2.624810999209374e+41	3.4849667247167984e+42	2.8633868728669726e+42	2.317653468902791e+42	1.8544986276133327e+42
315253.8239374532	4.588961902566048e+42	2.6954030603348922e+42	3.141967392875981e+42	3.0791810780329506e+42	2.7722544067580288e+42	2.175557430200028e+42	9.557406282815901e+41	5.659848618397038e+41	2.5663516242500994e+41	3.1457900037610176e+42	2.6530339925359965e+42	2.175557430200028e+42	1.7568820069536674e+42
325717.8171062252	4.0868915202782344e+42	2.2843360504977964e+42	2.756267654615279e+42	2.7838303066347088e+42	2.5475975731285766e+42	2.0358428800079028e+42	9.182944262985171e+41	5.484513260964115e+41	2.507272017163246e+41	2.824647748893841e+42	2.4487000062034578e+42	2.0358428800079028e+42	1.6601213301289196e+42
336529.5780514953	3.636842034443466e+42	1.919541534406462e+42	2.401560445510553e+42	2.5037616021758703e+42	2.3310945270342045e+42	1.8988564917415037e+42	8.80756087073236e+41	5.30780027620951e+41	2.447542150877145e+41	2.5222125777340657e+42	2.2509467845273985e+42	1.8988564917415037e+42	1.564416785943895e+42
347700.6944386241	3.2339189289391134e+42	1.5986929878578286e+42	2.0776507473767127e+42	2.2395823376201773e+42	2.1233334759941795e+42	1.7649528828976588e+42	8.4316831496738e+41	5.129780281826327e+41	2.387139030880028e+41	2.2390126535201715e+42	2.0603192332919556e+42	1.7649528828976588e+42	1.469980647815318e+42
359243.1408659039	2.873603335772878e+42	1.3191266130612996e+42	1.7840540711038424e+42	1.9917804387447933e+42	1.924861208190749e+42	1.6344903034174962e+42	8.055801571971809e+41	4.950551975924035e+41	2.3260470561291222e+41	1.9754171040042958e+42	1.8773359907784407e+42	1.6344903034174962e+42	1.3770354783316725e+42
371169.2917812887	2.5517383662330766e+42	1.0779057596685879e+42	1.5200035871011223e+42	1.7607112583835207e+42	1.736172093655287e+42	1.5078258337527773e+42	7.68046911581027e+41	4.770242821326168e+41	2.2642583655367573e+41	1.7316243407627754e+42	1.702479823833131e+42	1.5078258337527773e+42	1.2858119948333392e+42
383491.93482967507	2.264512806830898e+42	8.718917463861107e+41	1.2844648662551207e+42	1.5465867819422234e+42	1.5576973359063072e+42	1.3853101476516227e+42	7.306299574704261e+41	4.5890095439167455e+41	2.20177316968278e+41	1.5076539230229782e+42	1.5361879628965857e+42	1.3853101476516227e+42	1.1965465954806017e+42
396224.28464510833	2.008442993877017e+42	6.978182873053904e+41	1.0761580361468187e+42	1.349467726634429e+42	1.3897948274118785e+42	1.2672819180552437e+42	6.933965033445974e+41	4.407038425902299e+41	2.138600066869351e+41	1.3033425207465363e+42	1.3788426530773351e+42	1.2672819180552437e+42	1.1094785547835712e+42
409379.9971027733	1.7803535430219053e+42	5.523665031251603e+41	8.935867838956937e+41	1.1692590279764953e+42	1.2327399823883676e+42	1.1540619674977123e+42	6.564192440498881e+41	4.224545370188812e+41	2.0747563407943668e+41	1.1183443982122853e+42	1.2307622261486316e+42	1.1540619674977123e+42	1.0248469076633836e+42
422973.1840461219	1.5773574911341547e+42	4.3223746633038094e+41	7.35073273680451e+41	1.0057091060030627e+42	1.0867179278993449e+42	1.0459472893979187e+42	6.197759210594411e+41	4.041775710717708e+41	2.010268236594363e+41	9.521366705686667e+41	1.0921930185390209e+42	1.0459472893979187e+42	9.428870542291718e+41
437018.4285050062	1.3968362987660765e+42	3.342193947234315e+41	5.987977152970392e+41	8.584131669400025e+41	9.518174215017635e+41	9.43205089232635e+41	5.8354877938761185e+41	3.859003739691101e+41	1.9451712104115546e+41	8.040293829447755e+41	9.63302465861488e+41	9.43205089232635e+41	8.638271309779258e+41
451530.8004212133	1.2364200692212457e+42	2.5524696432999613e+41	4.828410514680674e+41	7.268206324074935e+41	8.280268319038934e+41	8.460670158360492e+41	5.478239159651017e+41	3.676531921519961e+41	1.8795101471270627e+41	6.7318023907787556e+41	8.44173695851257e+41	8.460670158360492e+41	7.878842096347014e+41
466525.87289834965	1.0939682579885806e+42	1.9245073074379933e+41	3.852290463335698e+41	6.102466016220867e+41	7.152324636324353e+41	7.547237687508557e+41	5.12690515492682e+41	3.4946897600204806e+41	1.8133395393336964e+41	5.5861357360284676e+41	7.348019134545239e+41	7.547237687508557e+41	7.152603998201784e+41
482019.73899358406	9.67551079358899e+41	1.4319528815513258e+41	3.0397597760783104e+41	5.078870568112497e+41	6.1321943107984135e+41	6.6932027840895316e+41	4.78239972157544e+41	3.3138322859041552e+41	1.7467236203942266e+41	4.592429386829952e+41	6.3509282621751116e+41	6.6932027840895316e+41	6.4613894744794126e+41
498029.029069348	8.554317583347344e+41	1.0510550136138658e+41	2.3712616706692596e+41	4.18837327394871e+41	5.216751901304828e+41	5.899516574943409e+41	4.4456489811825585e+41	3.134338130434145e+41	1.6797364431104915e+41	3.7389647482559146e+41	5.448632919111092e+41	5.899516574943409e+41	5.8068043418739115e+41
514570.92872369394	7.560497289128671e+41	7.60808607980049e+40	1.827917314691506e+41	3.42113151398449e+41	4.401957232985926e+41	5.1666011449937164e+41	4.117580231850132e+41	2.956607153183248e+41	1.6124618950030237e+41	3.013440768467707e+41	4.638442875269474e+41	5.1666011449937164e+41	5.1901919497776626e+41
531663.1973186366	6.6800484107602006e+41	5.429867443048867e+40	1.391851875293024e+41	2.7667352594802925e+41	3.682942515462717e+41	4.494330020336035e+41	3.799109942734467e+41	2.7810575956003473e+41	1.5449936406806228e+41	2.4032526204522936e+41	3.916862014992137e+41	4.494330020336035e+41	4.612600785138575e+41
549324.1871264469	5.9004260638821104e+41	3.8207371579687356e+40	1.0464588036279324e+41	2.2144443501425718e+41	3.0541221963559902e+41	3.882021416314961e+41	3.49113087574517e+41	2.6081227357694703e+41	1.4774349802703859e+41	1.8957660891175163e+41	3.2796634363239715e+41	3.882021416314961e+41	4.074756780729891e+41
567572.8631145383	5.2104048889983484e+41	2.6511614320545143e+40	7.765959906559357e+40	1.75342494196469e+41	2.509321831463926e+41	3.3284452603948545e+41	3.1944985198759787e+41	2.438247030487414e+41	1.4098986133791927e+41	1.4785766870324007e+41	2.7219845864191415e+41	3.3284452603948545e+41	3.577041578435144e+41
586428.823390268	4.5999522765195796e+41	1.8151167271717682e+40	5.687116057605138e+40	1.3729756201198158e+41	2.0419212000036753e+41	2.8318444734792022e+41	2.9100170754772637e+41	2.2718817401728002e+41	1.342506296811738e+41	1.139743550967564e+41	2.2384392365930242e+41	2.8318444734792022e+41	3.1194778956127257e+41
605912.3203276934	4.06011162271458e+41	1.227556227596243e+40	4.1090151079365024e+40	1.0627343808455597e+41	1.6450060854636467e+41	2.389970389967313e+41	2.638425279846717e+41	2.1094800453956436e+41	1.2753883834799494e+41	8.679898397139782e+40	1.8232421775646937e+41	2.389970389967313e+41	2.701722968496259e+41
626044.2823990545	3.5828952368889115e+41	8.216522244511882e+39	2.9290380333481333e+40	8.128589634593091e+40	1.3115226564400304e+41	2.000131552266584e+41	2.3803824229152113e+41	1.9514916839079565e+41	1.2086832311210419e+41	6.528635306426598e+40	1.4703418047488563e+41	2.000131552266584e+41	2.32307080619434e+41
646846.3367345163	3.161186429320133e+41	5.459903634687253e+39	2.0603899984625683e+40	6.141747410335216e+40	1.0344282449671277e+41	1.6592544444084812e+41	2.1364549431262653e+41	1.7983571539187345e+41	1.1425364681601302e+41	4.848550016912813e+40	1.1735553056800846e+41	1.6592544444084812e+41	1.9824636636179052e+41
668340.8324344882	2.7886502709671284e+41	3.6186169746562105e+39	1.4310645092667737e+40	4.582864431537758e+40	8.0683258647180165e+40	1.3639541102394578e+41	1.9071040339218333e+41	1.6505015545944974e+41	1.0771001059465606e+41	3.554704062946428e+40	9.267010357708696e+40	1.3639541102394578e+41	1.6785127729811259e+41
690550.8646596493	2.4596524798267233e+41	2.4076296791186402e+39	9.824868001296638e+39	3.3765219499729536e+40	6.221242190641075e+40	1.110612056359093e+41	1.6926747101164419e+41	1.5083281575875614e+41	1.0125314871211328e+41	2.5726236774585804e+40	7.2372287005438e+40	1.110612056359093e+41	1.4095279555110956e+41
713500.2995246473	2.1691858837107866e+41	1.621786316809691e+39	6.67954730450253e+39	2.456205478801538e+40	4.7407771320311495e+40	8.95458433692025e+40	1.4933867894515347e+41	1.372211831170192e+41	9.489920631227758e+40	1.838217531265108e+40	5.5880185833202e+40	8.95458433692025e+40	1.1735553105630712e+41
737213.7998223049	1.912803900734501e+41	1.1168335209514735e+39	4.509881427259953e+39	1.7643316152396089e+40	3.56938624219327e+40	7.146552445886358e+40	1.3093282207681127e+41	1.242492461149392e+41	8.866459955992935e+40	1.2973606282918774e+40	4.264513353853831e+40	7.146552445886358e+40	9.684217595951017e+40
761716.8516060603	1.6865604981748197e+41	7.937373882203052e+38	3.0368346066548534e+39	1.2519744306365748e+40	2.6548444680422543e+40	5.643772806169989e+40	1.1404511492618519e+41	1.1194685392256938e+41	8.256585821022042e+40	9.052119225654075e+39	3.2159269962697977e+40	5.643772806169989e+40	7.917848585279309e+40
787035.7916592979	1.4869561014938358e+41	5.861468140694641e+38	2.0515142870298846e+39	8.783463287856789e+39	1.9506127339500024e+40	4.408876506985409e+40	9.865710343509471e+40	1.0033911074355388e+41	7.661945106744652e+40	6.253392827431923e+39	2.3961027014639193e+40	4.408876506985409e+40	6.411859944821243e+40
813197.8358811764	1.3108889491688723e+41	4.5069347952917994e+38	1.4009474548868776e+39	6.100950444094904e+39	1.4159721416736088e+40	3.406051159857547e+40	8.4736903779330325e+40	8.944582619271969e+40	7.084159542522884e+40	4.287255618131965e+39	1.7638487754830683e+40	3.406051159857547e+40	5.141048918505092e+40
840231.1086195529	1.1556114200103102e+41	3.597253677680246e+38	9.756115856959034e+38	4.2048008100259454e+39	1.0159481807862922e+40	2.6016097839845896e+40	7.223977805946493e+40	7.928104283938183e+40	6.524805242889515e+40	2.927244091986074e+39	1.2830703514697912e+40	2.6016097839845896e+40	4.080132850349147e+40
868164.6729826184	1.0186908785296857e+41	2.960361149974007e+38	6.988822367748185e+38	2.8848879077335956e+39	7.210565395036588e+39	1.9644392450773828e+40	6.110904217267391e+40	6.985266148732206e+40	5.985391087773174e+40	2.0002518849192437e+39	9.227157652645134e+39	1.9644392450773828e+40	3.20425671155351e+40
897028.5621619194	8.979746251882306e+40	2.4916401263460407e+38	5.183979047563799e+38	1.9794542392736857e+39	5.0690826101941024e+39	1.4663196925277886e+40	5.127728668268349e+40	6.116218392470229e+40	5.467336314219901e+40	1.3767440326923495e+39	6.565647259448037e+39	1.4663196925277886e+40	2.489452540623161e+40
926853.8118005244	7.915585563856135e+40	2.1287679988830592e+38	3.9922049091900956e+38	1.3665684661978397e+39	3.537147559082154e+39	1.0821139411319352e+40	4.2667875535002636e+40	5.320458977799892e+40	4.971947744151754e+40	9.618776570014875e+38	4.628909150160392e+39	1.0821139411319352e+40	1.913034939484475e+40
957672.493441227	6.977591794675156e+40	1.8351798026692387e+38	3.18588995757493e+38	9.562759075534743e+38	2.4573282581933687e+39	7.898329273070999e+39	3.519667366746897e+40	4.5968360814923085e+40	4.5003971893933295e+40	6.877392795403504e+38	3.240343389659836e+39	7.898329273070999e+39	1.4539208575581534e+40
989517.749090834	6.150886475882935e+40	1.5895535105894865e+38	2.6202137024186668e+38	6.836557027382216e+38	1.7068667222264374e+39	5.705895119887207e+39	2.877394162799187e+40	3.943566060741409e+40	4.0536996256513816e+40	5.067898848276642e+38	2.2591859362048677e+39	5.705895119887207e+39	1.0928665023421603e+40
1022423.8269377952	5.422325136589957e+40	1.3793468867120698e+38	2.2050886333882926e+38	5.028927969780732e+38	1.1919859087402577e+39	4.0845772616149667e+39	2.3306326333156204e+40	3.358267180086823e+40	3.632692811963744e+40	3.86510433686631e+38	1.5754563000287564e+39	4.0845772616149667e+39	8.126191439552237e+39
1056426.1182616705	4.780299251234501e+40	1.196957381230139e+38	1.8856027177946286e+38	3.823830382569109e+38	8.425338269588444e+38	2.90257684510734e+39	1.8698871434807124e+40	2.838008630126398e+40	3.238019063114713e+40	3.0516664819373812e+38	1.1049610723087387e+39	2.90257684510734e+39	5.9798631305833e+39
1091561.1955742175	4.214560082262406e+40	1.0375161454772972e+38	1.6288193303744741e+38	3.0082005156377187e+38	6.071427555152582e+38	2.0528779382117465e+39	1.4856969937174638e+40	2.379373669382231e+40	2.8701099056573383e+40	2.485636192407505e+38	7.8457682026512e+38	2.0528779382117465e+39	4.358291400953818e+39
1127866.8520332053	3.7160621137151073e+40	8.976613333391566e+37	1.4151535424631092e+38	2.4416460828411365e+38	4.490105199048281e+38	1.4502559636725157e+39	1.1688185375961798e+40	1.978535006045815e+40	2.5291743204660046e+40	2.076359316741231e+38	5.6797280636497234e+38	1.4502559636725157e+39	3.1499000335456963e+39
1165382.1421714358	3.276824021442999e+40	7.748760999630968e+37	1.2329203792533955e+38	2.0337003393959696e+38	3.423472222772176e+38	1.0281686916962563e+39	9.103876401283221e+39	1.6313399126825137e+40	2.215191232168635e+40	1.7671363799092045e+38	4.218718568294264e+38	1.0281686916962563e+39	2.2616707182586072e+39
1204147.4239848703	2.8898052873495856e+40	6.67139820560596e+37	1.0749999975188952e+38	1.7272766256332704e+38	2.694785473150742e+38	7.356975283738327e+38	7.020571730429995e+39	1.3334020130603685e+40	1.9279067902902412e+40	1.5231332600542302e+38	3.2289147842737044e+38	7.356975283738327e+38	1.617496017904031e+39
1244204.4024252195	2.548796783980438e+40	5.727468014837812e+37	9.368635222766964e+37	1.4870052443358046e+38	2.1855811682029894e+38	5.346714688856028e+38	5.361057969241187e+39	1.0801963234589573e+40	1.6668368614585235e+40	1.3232166965477811e+38	2.549609328544603e+38	5.346714688856028e+38	1.1562803420032543e+39
1285596.1743438737	2.248323802478513e+40	4.902114645661039e+37	8.154409049318735e+37	1.2912674169534554e+38	1.818163842310983e+38	3.970676449659036e+38	4.0551598498441286e+39	8.67153934151931e+39	1.4312749616612493e+40	1.1546141943709898e+38	2.072751652563165e+38	3.970676449659036e+38	8.299211595572381e+38
1328367.2749356104	1.983560157936498e+40	4.1821692704268144e+37	7.084905490950977e+37	1.1269245171315398e+38	1.5426114649196956e+38	3.02744881163907e+38	3.040210078879874e+39	6.897527507364593e+39	1.2203056470209938e+40	1.0095318090609814e+38	1.7272374110089298e+38	3.02744881163907e+38	6.012865613661168e+38
1372563.7257321344	1.7502521554883616e+40	3.555850227387322e+37	6.142569944215535e+37	9.85940202928936e+37	1.3274260633150181e+38	2.3753307294074672e+38	2.2612227008421025e+39	5.4360096817634227e+39	1.0328231503712037e+40	8.830796206449375e+37	1.467212400725557e+38	2.3753307294074672e+38	4.4228365820968986e+38
1418233.084197175	1.5446513086340586e+40	3.012569009854558e+37	5.312879596068279e+37	8.632833925130012e+37	1.1530126296787728e+38	1.9167358559666072e+38	1.670798312033089e+39	4.2451039307850316e+39	8.67554795324038e+39	7.720386516905133e+37	1.263629570986114e+38	1.9167358559666072e+38	3.320877952921021e+38
1465424.494976585	1.363454838605651e+40	2.5427908623266087e+37	4.583366582158014e+37	7.556666072082084e+37	1.007270331202256e+38	1.5858544358815642e+38	1.2288009029398955e+39	3.2855736546467863e+39	7.23088492513739e+39	6.741496168502668e+37	1.098339813618227e+38	1.5858544358815642e+38	2.5557786950361153e+38
1514188.7428586837	1.203753080841655e+40	2.1379257011596763e+37	3.9430841159697945e+37	6.608093883275206e+37	8.827035023072541e+37	1.3391884399064137e+38	9.018536336259048e+38	2.5212977425332768e+39	5.979034046218264e+39	5.877135557628642e+37	9.600823739390418e+37	1.3391884399064137e+38	2.0200015593986366e+38
1564578.3075019117	1.0629830056228465e+40	1.7902373738671226e+37	3.382297558639049e+37	5.770197769304987e+37	7.745864915100474e+37	1.1485088648813737e+38	6.627043409605015e+38	1.9195946659899217e+39	4.9040268603195766e+39	5.113721560406303e+37	8.418472792781402e+37	1.1485088648813737e+38	1.6386364055944407e+38
1616647.419988781	9.388871668650763e+39	1.4927657844444076e+37	2.8922899692325834e+37	5.029617338939314e+37	6.798332267671668e+37	9.957723673122302e+37	4.895112955565101e+38	1.451401736809609e+39	3.989470980362262e+39	4.439881660438974e+37	7.391931924342106e+37	9.957723673122302e+37	1.3605491232733953e+38
1670452.1212670694	8.29477456385743e+39	1.2392585011829236e+37	2.465227016427137e+37	4.375274957943381e+37	5.963211468194554e+37	8.69561940942343e+37	3.65095936212332e+38	1.0913181948889571e+39	3.2188824399119456e+39	3.84579786740322e+37	6.492067416413747e+37	8.69561940942343e+37	1.1515036625777205e+38
1726050.322541238	7.330031093704153e+39	1.0241097231040653e+37	2.0940544923205324e+37	3.7976727444900258e+37	5.224976973069388e+37	7.62669272704838e+37	2.7620293271554344e+38	8.17527142607566e+38	2.576001935147572e+39	3.3228343684372845e+37	5.698772406933344e+37	7.62669272704838e+37	9.889764950433133e+37
1783501.8676791594	6.479224767846153e+39	8.423053122220924e+36	1.7724157362955485e+37	3.28849508916227e+37	4.5715647226369625e+37	6.705016017281555e+37	2.127998378212666e+38	6.116161552151688e+38	2.0450836838147914e+39	2.863312613396559e+37	4.997309826671259e+37	6.705016017281555e+37	8.583628100276414e+37
1842868.5977014059	5.728781193733182e+39	6.893725970398937e+36	1.4945820595146487e+37	2.840370577259976e+37	3.993116734364102e+37	5.900627560963792e+37	1.6743965746473579e+38	4.58319315986467e+38	1.6111472185183715e+39	2.4603628161374763e+37	4.376220153425874e+37	5.900627560963792e+37	7.5028267211225235e+37
1904214.4174226	5.066748499664777e+39	5.613344090879267e+36	1.255393123575425e+37	2.4467179976335187e+37	3.4812787275954564e+37	5.193201911901745e+37	1.3470091809816172e+38	3.4520461597871866e+38	1.2601847825826691e+39	2.1078172615822576e+37	3.8261422035958414e+37	5.193201911901745e+37	6.587245896574798e+37
1967605.364316647	4.4826036896163635e+39	4.546664579940576e+36	1.0502046455088933e+37	2.1016370192356574e+37	3.0287991935306806e+37	4.568223228846575e+37	1.1071176760843724e+38	2.623299390457136e+38	9.793194914010764e+38	1.8001272633051871e+37	3.3391487360298226e+37	4.568223228846575e+37	5.798034551825361e+37
2033109.679680057	3.9670820199038845e+39	3.66257780777243e+36	8.748423737847518e+36	1.7998249263126806e+37	2.629290717393341e+37	4.0147276805889575e+37	9.275803968028029e+37	2.0188881716341355e+38	7.569123513675423e+38	1.5322956529180895e+37	2.908365734882696e+37	4.0147276805889575e+37	5.109535803806822e+37
2100797.8821700574	3.512026559709766e+39	2.9337365986228075e+36	7.255607877766119e+36	1.5365089671389133e+37	2.2770769904272493e+37	3.523994866372532e+37	7.897011031650372e+37	1.5786383903182245e+38	5.826188769875705e+38	1.299819537960747e+37	2.527743767056235e+37	3.523994866372532e+37	4.504189335068337e+37
2170742.843796734	3.110255709918132e+39	2.3362096805688363e+36	5.990061240986447e+36	1.307390074578963e+37	1.9670870620820147e+37	3.0887968067384424e+37	6.808005437600176e+37	1.2570177326049596e+38	4.473987166761361e+38	1.098641410424711e+37	2.191911746986325e+37	3.0887968067384424e+37	3.969396772486216e+37
2243019.8684511078	2.755446468293245e+39	1.8491558503233048e+36	4.921827393408855e+36	1.1085946099145353e+37	1.6947759159662472e+37	2.7029637862611753e+37	5.923873855595824e+37	1.0202024142621423e+38	3.434836981110025e+38	9.25106467467388e+36	1.896075103964984e+37	2.7029637862611753e+37	3.495638147833537e+37
2317706.7730537625	2.4420316115140205e+39	1.4545180074593318e+36	4.0242236608258357e+36	9.366325597686619e+36	1.4560613166401728e+37	2.361126656552892e+37	5.188199142617631e+37	8.435179523775343e+37	2.6431133324957265e+38	7.759251271935601e+36	1.6359394321128794e+37	2.361126656552892e+37	3.07536042104958e+37
2394883.9714114857	2.1651091683345024e+39	1.1367363908255924e+36	3.2735586878588164e+36	7.883610542140673e+36	1.2472716733031441e+37	2.05855612064229e+37	4.5635449992453e+37	7.092767224286419e+37	2.0443175813649354e+38	6.481399129118006e+36	1.4076499071748305e+37	2.05855612064229e+37	2.7023276774753447e+37
2474634.5608722838	1.9203627042083522e+39	8.824800778195519e+35	2.648870819945696e+36	6.609521871067244e+36	1.0651018230441445e+37	1.7910552128141198e+37	4.0248788051117076e+37	6.050057556390028e+37	1.5939637667461219e+38	5.390958937955171e+36	1.2077411710404136e+37	1.7910552128141198e+37	2.371239353079822e+37
2557044.411872164	1.703991128250863e+39	6.803965096525446e+35	2.1316846820249137e+36	5.518644290386134e+36	9.065749561519802e+36	1.554881736106507e+37	3.5551492036645143e+37	5.220366693298e+37	1.25636209791074e+38	4.464141118176172e+36	1.0330948404457674e+37	1.554881736106507e+37	2.077500540971507e+37
2642202.260470179	1.512646930785881e+39	5.208790559897362e+35	1.7057844262601035e+36	4.5881717865544365e+36	7.690096847898348e+36	1.3466887550950386e+37	3.1423909214066755e+37	4.544157318751194e+37	1.0033719445387924e+38	3.679676279250718e+36	8.809031347819246e+36	1.3466887550950386e+37	1.8170777069549158e+37
2730199.803971465	1.3433817933971624e+39	3.958521257328685e+35	1.3570012045991168e+36	3.7976779660573294e+36	6.499911313362244e+36	1.1634763487415615e+37	2.777875216392977e+37	3.9808485005727987e+37	8.131851380961021e+37	3.0185964695208307e+36	7.486371976778073e+36	1.1634763487415615e+37	1.586401824031967e+37
2821131.799741317	1.1935987361608032e+39	2.9857392353985393e+35	1.0730143756138728e+36	3.1289087141372075e+36	5.473455750064424e+36	1.0025514740859012e+37	2.4549540131677333e+37	3.502831210199701e+37	6.691871934142291e+37	2.4640352505955875e+36	6.340195153938646e+36	1.0025514740859012e+37	1.3822988933190649e+37
2915096.1673167916	1.0610100145727711e+39	2.2345651432006225e+35	8.431653698517057e+35	2.5655934603614232e+36	4.591180521010049e+36	8.614938629431373e+36	2.1683495103119723e+37	3.0912134913094767e+37	5.589296267074407e+37	2.0010436158382788e+36	5.349997213334273e+36	8.614938629431373e+36	1.2019368062701951e+37
3012194.0939258924	9.436000303265894e+38	1.6590274705102614e+35	6.582832643069637e+35	2.093271413887544e+36	3.8355230722791456e+36	7.381264495884375e+36	1.9137209876391754e+37	2.732874283285725e+37	4.732327721832989e+37	1.616418896411678e+36	4.497330919517499e+36	7.381264495884375e+36	1.0427823623741514e+37
3112530.1435280386	8.395927434921286e+38	1.2215983586867372e+35	5.1052246240006975e+35	1.6991325248063226e+36	3.190730276115532e+36	6.304899698150772e+36	1.6874006787866914e+37	2.4184758964036075e+37	4.0542670385783038e+37	1.2985465993423994e+36	3.7656164904389663e+36	6.304899698150772e+36	9.025658803660653e+36
3216212.369493345	7.474229704824048e+38	8.918876064493837e+34	3.9321147934128234e+35	1.3718696175927766e+36	2.642697652572829e+36	5.36820642051972e+36	1.4862292957038296e+37	2.1411539702104676e+37	3.5072757504032747e+37	1.037252420339518e+36	3.139971927043613e+36	5.36820642051972e+36	7.792509761819938e+36
3323352.431042139	6.657111359610097e+38	6.454887826750655e+34	3.0071299081492763e+35	1.1015411359093824e+36	2.1788241424785393e+36	4.5553063994308666e+36	1.3074501337875415e+37	1.8956722525287703e+37	3.057396852808096e+37	8.236641440764013e+35	2.6070610899623545e+36	4.5553063994308666e+36	6.710086318232187e+36
3434065.7135702097	5.932410584255958e+38	4.629687210547213e+34	2.282949134787729e+35	8.794432434572247e+35	1.7878799775292974e+36	3.8519090963125384e+36	1.1486373040491887e+37	1.6778862617047967e+37	2.680687680515731e+37	6.5008256747404674e+35	2.1549566933424873e+36	3.8519090963125384e+36	5.761947301418459e+36
3548471.4529894562	5.2894040986879825e+38	3.2899087728108233e+34	1.720123550860568e+35	6.979904783330143e+35	1.4598858820032434e+36	3.245160064685538e+36	1.007644182801838e+37	1.4844064368283773e+37	2.360296486085633e+37	5.098609398980097e+35	1.773016151382927e+36	3.245160064685538e+36	4.933305085439033e+36
3666692.8642179593	4.718635200056726e+38	2.3156209580835315e+34	1.2860018711098847e+35	5.5060421306163575e+35	1.1860018818027167e+36	2.723506271037367e+36	8.825641568037431e+36	1.3123866485968226e+37	2.0843094586288535e+37	3.972924463459866e+35	1.451768236175224e+36	2.723506271037367e+36	4.2108544045963855e+36
3788857.273957934	4.2117624529149234e+38	1.613919337933486e+34	9.537599577272929e+34	4.3160851227962055e+35	9.584245688363676e+35	2.2765760693395657e+36	7.716993117444698e+36	1.1593898336442936e+37	1.8442047948527182e+37	3.075055068331136e+35	1.1828091452550697e+36	2.2765760693395657e+36	3.5826220587266164e+36
3915096.257904688	3.7614265871171126e+38	1.113533570641905e+34	7.015308637417474e+34	3.361330882835027e+35	7.702918898399967e+35	1.8950718805351202e+36	6.735346204969444e+36	1.023300362833786e+37	1.6337691591292689e+37	2.363667198186996e+35	9.587068231859442e+35	1.8950718805351202e+36	3.0378347410070167e+36
4045545.782534447	3.361133369296399e+38	7.603355359012068e+33	5.116311776746482e+34	2.6002306332543234e+35	6.155945758026315e+35	1.5706736220259788e+36	5.867161377450413e+36	9.022644780188711e+36	1.4483549712273462e+37	1.803912546045959e+35	7.729124233099459e+35	1.5706736220259788e+36	2.5668022477712373e+36
