#t	Le	U	B	V	R	I	J	H	K	g	r	i	z
#----------------------------------------------- 
4.340657301708096	0.0	0.0	0.0	0.0	0.0	0.0	0.0	0.0	0.0	0.0	0.0	0.0	0.0
4.424367475542588	0.0	0.0	0.0	0.0	0.0	0.0	0.0	0.0	0.0	0.0	0.0	0.0	0.0
4.90952152395556	0.0	0.0	0.0	0.0	0.0	0.0	0.0	0.0	0.0	0.0	0.0	0.0	0.0
5.602974401925698	0.0	0.0	0.0	0.0	0.0	0.0	0.0	0.0	0.0	0.0	0.0	0.0	0.0
6.4392087898585855	0.0	0.0	0.0	0.0	0.0	0.0	0.0	0.0	0.0	0.0	0.0	0.0	0.0
7.431042784798449	0.0	0.0	0.0	0.0	0.0	0.0	0.0	0.0	0.0	0.0	0.0	0.0	0.0
8.603070905595303	0.0	0.0	0.0	0.0	0.0	0.0	0.0	0.0	0.0	0.0	0.0	0.0	0.0
9.985091292850024	0.0	0.0	0.0	0.0	0.0	0.0	0.0	0.0	0.0	0.0	0.0	0.0	0.0
11.61098127186777	0.0	0.0	0.0	0.0	0.0	0.0	0.0	0.0	0.0	0.0	0.0	0.0	0.0
13.518039187388935	0.0	0.0	0.0	0.0	0.0	0.0	0.0	0.0	0.0	0.0	0.0	0.0	0.0
15.746076352354423	0.0	0.0	0.0	0.0	0.0	0.0	0.0	0.0	0.0	0.0	0.0	0.0	0.0
18.336102874137193	0.0	0.0	0.0	0.0	0.0	0.0	0.0	0.0	0.0	0.0	0.0	0.0	0.0
21.328647184479447	0.0	0.0	0.0	0.0	0.0	0.0	0.0	0.0	0.0	0.0	0.0	0.0	0.0
24.7618962045549	0.0	0.0	0.0	0.0	0.0	0.0	0.0	0.0	0.0	0.0	0.0	0.0	0.0
28.669949208817705	0.0	0.0	0.0	0.0	0.0	0.0	0.0	0.0	0.0	0.0	0.0	0.0	0.0
33.081501647253305	0.0	0.0	0.0	0.0	0.0	0.0	0.0	0.0	0.0	0.0	0.0	0.0	0.0
38.01919080664304	0.0	0.0	0.0	0.0	0.0	0.0	0.0	0.0	0.0	0.0	0.0	0.0	0.0
43.49966928969624	0.0	0.0	0.0	0.0	0.0	0.0	0.0	0.0	0.0	0.0	0.0	0.0	0.0
49.53429496712124	0.0	0.0	0.0	0.0	0.0	0.0	0.0	0.0	0.0	0.0	0.0	0.0	0.0
56.1302091575014	0.0	0.0	0.0	0.0	0.0	0.0	0.0	0.0	0.0	0.0	0.0	0.0	0.0
63.291549831720296	0.0	0.0	0.0	0.0	0.0	0.0	0.0	0.0	0.0	0.0	0.0	0.0	0.0
71.02059649307859	0.0	0.0	0.0	0.0	0.0	0.0	0.0	0.0	0.0	0.0	0.0	0.0	0.0
79.31872596896406	0.0	0.0	0.0	0.0	0.0	0.0	0.0	0.0	0.0	0.0	0.0	0.0	0.0
88.1871358991619	0.0	0.0	0.0	0.0	0.0	0.0	0.0	0.0	0.0	0.0	0.0	0.0	0.0
97.62734612707399	0.0	0.0	0.0	0.0	0.0	0.0	0.0	0.0	0.0	0.0	0.0	0.0	0.0
107.64151542410997	0.0	0.0	0.0	0.0	0.0	0.0	0.0	0.0	0.0	0.0	0.0	0.0	0.0
118.23261872154787	0.0	0.0	0.0	0.0	0.0	0.0	0.0	0.0	0.0	0.0	0.0	0.0	0.0
129.40452664725353	0.0	0.0	0.0	0.0	0.0	0.0	0.0	0.0	0.0	0.0	0.0	0.0	0.0
141.16202116384554	0.0	0.0	0.0	0.0	0.0	0.0	0.0	0.0	0.0	0.0	0.0	0.0	0.0
153.51077237641374	0.0	0.0	0.0	0.0	0.0	0.0	0.0	0.0	0.0	0.0	0.0	0.0	0.0
166.45729396699736	0.0	0.0	0.0	0.0	0.0	0.0	0.0	0.0	0.0	0.0	0.0	0.0	0.0
180.0088887800989	0.0	0.0	0.0	0.0	0.0	0.0	0.0	0.0	0.0	0.0	0.0	0.0	0.0
194.17359179682006	0.0	0.0	0.0	0.0	0.0	0.0	0.0	0.0	0.0	0.0	0.0	0.0	0.0
208.96011479573022	0.0	0.0	0.0	0.0	0.0	0.0	0.0	0.0	0.0	0.0	0.0	0.0	0.0
224.3777949633595	0.0	0.0	0.0	0.0	0.0	0.0	0.0	0.0	0.0	0.0	0.0	0.0	0.0
240.43654866346267	0.0	0.0	0.0	0.0	0.0	0.0	0.0	0.0	0.0	0.0	0.0	0.0	0.0
257.14683060234944	0.0	0.0	0.0	0.0	0.0	0.0	0.0	0.0	0.0	0.0	0.0	0.0	0.0
274.51959832040285	0.0	0.0	0.0	0.0	0.0	0.0	0.0	0.0	0.0	0.0	0.0	0.0	0.0
292.56628165284735	0.0	0.0	0.0	0.0	0.0	0.0	0.0	0.0	0.0	0.0	0.0	0.0	0.0
311.29875671267877	0.0	0.0	0.0	0.0	0.0	0.0	0.0	0.0	0.0	0.0	0.0	0.0	0.0
330.7293238758324	0.0	0.0	0.0	0.0	0.0	0.0	0.0	0.0	0.0	0.0	0.0	0.0	0.0
350.87068933792267	0.0	0.0	0.0	0.0	0.0	0.0	0.0	0.0	0.0	0.0	0.0	0.0	0.0
371.7359498260905	0.0	0.0	0.0	0.0	0.0	0.0	0.0	0.0	0.0	0.0	0.0	0.0	0.0
393.3385800160848	0.0	0.0	0.0	0.0	0.0	0.0	0.0	0.0	0.0	0.0	0.0	0.0	0.0
415.69242230156226	0.0	0.0	0.0	0.0	0.0	0.0	0.0	0.0	0.0	0.0	0.0	0.0	0.0
438.8116785983499	0.0	0.0	0.0	0.0	0.0	0.0	0.0	0.0	0.0	0.0	0.0	0.0	0.0
462.7109039202696	0.0	0.0	0.0	0.0	0.0	0.0	0.0	0.0	0.0	0.0	0.0	0.0	0.0
487.4050014894923	0.0	0.0	0.0	0.0	0.0	0.0	0.0	0.0	0.0	0.0	0.0	0.0	0.0
512.9092191782698	0.0	0.0	0.0	0.0	0.0	0.0	0.0	0.0	0.0	0.0	0.0	0.0	0.0
539.2391470954607	0.0	0.0	0.0	0.0	0.0	0.0	0.0	0.0	0.0	0.0	0.0	0.0	0.0
566.4107162172481	0.0	0.0	0.0	0.0	0.0	0.0	0.0	0.0	0.0	0.0	0.0	0.0	0.0
594.4401979099637	0.0	0.0	0.0	0.0	0.0	0.0	0.0	0.0	0.0	0.0	0.0	0.0	0.0
623.3442042185997	0.0	0.0	0.0	0.0	0.0	0.0	0.0	0.0	0.0	0.0	0.0	0.0	0.0
653.1396888659111	0.0	0.0	0.0	0.0	0.0	0.0	0.0	0.0	0.0	0.0	0.0	0.0	0.0
683.8439488553303	0.0	0.0	0.0	0.0	0.0	0.0	0.0	0.0	0.0	0.0	0.0	0.0	0.0
715.4746266549181	0.0	0.0	0.0	0.0	0.0	0.0	0.0	0.0	0.0	0.0	0.0	0.0	0.0
748.049712884246	0.0	0.0	0.0	0.0	0.0	0.0	0.0	0.0	0.0	0.0	0.0	0.0	0.0
781.5875494517926	0.0	0.0	0.0	0.0	0.0	0.0	0.0	0.0	0.0	0.0	0.0	0.0	0.0
816.1068331552892	0.0	0.0	0.0	0.0	0.0	0.0	0.0	0.0	0.0	0.0	0.0	0.0	0.0
851.6266195628051	0.0	0.0	0.0	0.0	0.0	0.0	0.0	0.0	0.0	0.0	0.0	0.0	0.0
888.166327297807	0.0	0.0	0.0	0.0	0.0	0.0	0.0	0.0	0.0	0.0	0.0	0.0	0.0
925.7457426002918	0.0	0.0	0.0	0.0	0.0	0.0	0.0	0.0	0.0	0.0	0.0	0.0	0.0
964.3850242799246	0.0	0.0	0.0	0.0	0.0	0.0	0.0	0.0	0.0	0.0	0.0	0.0	0.0
1004.104708864656	0.0	0.0	0.0	0.0	0.0	0.0	0.0	0.0	0.0	0.0	0.0	0.0	0.0
1044.9257159388405	0.0	0.0	0.0	0.0	0.0	0.0	0.0	0.0	0.0	0.0	0.0	0.0	0.0
1086.8693539216606	0.0	0.0	0.0	0.0	0.0	0.0	0.0	0.0	0.0	0.0	0.0	0.0	0.0
1129.9573260775649	0.0	0.0	0.0	0.0	0.0	0.0	0.0	0.0	0.0	0.0	0.0	0.0	0.0
1174.2117367507906	0.0	0.0	0.0	0.0	0.0	0.0	0.0	0.0	0.0	0.0	0.0	0.0	0.0
1219.6550978344694	0.0	0.0	0.0	0.0	0.0	0.0	0.0	0.0	0.0	0.0	0.0	0.0	0.0
1266.3103354628067	0.0	0.0	0.0	0.0	0.0	0.0	0.0	0.0	0.0	0.0	0.0	0.0	0.0
1314.2007969434696	0.0	0.0	0.0	0.0	0.0	0.0	0.0	0.0	0.0	0.0	0.0	0.0	0.0
1363.3502578366497	0.0	0.0	0.0	0.0	0.0	0.0	0.0	0.0	0.0	0.0	0.0	0.0	0.0
1413.7829293254142	0.0	0.0	0.0	0.0	0.0	0.0	0.0	0.0	0.0	0.0	0.0	0.0	0.0
1465.5234655586016	0.0	0.0	0.0	0.0	0.0	0.0	0.0	0.0	0.0	0.0	0.0	0.0	0.0
1518.596971340914	0.0	0.0	0.0	0.0	0.0	0.0	0.0	0.0	0.0	0.0	0.0	0.0	0.0
1573.0290103080254	0.0	0.0	0.0	0.0	0.0	0.0	0.0	0.0	0.0	0.0	0.0	0.0	0.0
1628.8456131569196	5.077432737872784e+28	6.821801922500421e+26	3.918367418595249e+26	2.092787156382788e+26	1.3598608284068175e+26	7.42886190211136e+25	1.9108263987231857e+25	9.473950594943105e+24	3.602353857388628e+24	2.4523858306868995e+26	1.1928729785094845e+26	7.42886190211136e+25	4.934670645649972e+25
1686.0732860748785	6.769458609683675e+29	9.406147247954564e+27	5.406182585507933e+27	2.889018126189097e+27	1.877811464844614e+27	1.0261978186333225e+27	2.640984155917393e+26	1.309659492103921e+26	4.9807922880154525e+25	3.38500411352101e+27	1.6473565858296934e+27	1.0261978186333225e+27	6.817906219905026e+26
1744.7390195765577	6.376701721261492e+30	8.912334685386357e+28	5.122925537732333e+28	2.737911560035486e+28	1.7796894215338143e+28	9.726345878865348e+27	2.503372857272427e+27	1.241459521624234e+27	4.721580343573915e+26	3.2078849801634632e+28	1.5612991049396494e+28	9.726345878865348e+27	6.462258197146227e+27
1804.8702971487305	4.579452661386291e+31	6.920620721481978e+29	3.9840434382798296e+29	2.1320538408712552e+29	1.3868805869928396e+29	7.585877887300694e+28	1.9549897061596134e+28	9.699489544114124e+27	3.6906763489322793e+27	2.4972762941349514e+29	1.2169330674873892e+29	7.585877887300694e+28	5.042444405323812e+28
1866.49510449428	2.9093500368390555e+32	4.657923404723916e+30	2.6845301429071547e+30	1.438064478751657e+30	9.359653653161399e+29	5.122728813132329e+29	1.3215021256704384e+29	6.558767935951152e+28	2.496508306593661e+28	1.6840195464676213e+30	8.213960711674918e+29	5.122728813132329e+29	3.406349711036674e+29
1929.6419388798186	1.557523445113382e+33	2.6957172275079284e+31	1.5561180526198623e+31	8.347561666242913e+30	5.437206093068236e+30	2.978514462608272e+30	7.694159615280851e+29	3.8205340279072804e+29	1.4549509669972278e+29	9.772139910828918e+30	4.772647823001484e+30	2.978514462608272e+30	1.9815261825863712e+30
1994.3398186872303	7.438649991087524e+33	1.3768939878356492e+32	7.959496410678697e+31	4.275070560164336e+31	2.7864895571628046e+31	1.5276418458512575e+31	3.9510466448473306e+30	1.9627290763070754e+30	7.477809560017496e+29	5.00322237534429e+31	2.446367952535028e+31	1.5276418458512575e+31	1.0167412371925725e+31
2060.618293028675	3.1042759428768205e+34	6.2091370795737385e+32	3.595446421154418e+32	1.9339958895415578e+32	1.2616097708980876e+32	6.923006598704974e+31	1.7931465917404782e+31	8.912195062027378e+30	3.397227582190745e+30	2.262636129655238e+32	1.1078620911472527e+32	6.923006598704974e+31	4.610081727205101e+31
2128.5074518290485	1.1728732147601869e+35	2.5170256972861896e+33	1.4598274876792863e+33	7.863397440913248e+32	5.133498043853617e+32	2.8194459333545842e+32	7.312673603291103e+31	3.6362353224555013e+31	1.3867675780808674e+31	9.19667854706629e+32	4.508836212237045e+32	2.8194459333545842e+32	1.8784028784938906e+32
2198.0379360678053	3.968825875152799e+35	9.193232238944928e+33	5.3414612627908e+33	2.8817033726384435e+33	1.8828988101223808e+33	1.0351527757451009e+33	2.68893290909633e+32	1.3377890378635985e+32	5.104774420833e+31	3.3691060284556536e+33	1.6541675010461875e+33	1.0351527757451009e+33	6.900271562306078e+32
2269.24094853592	1.2326204859666481e+36	3.066151594789326e+34	1.7845868816128565e+34	9.642384499358716e+33	6.305562989691042e+33	3.46987355156559e+33	9.026697661246195e+32	4.4932454555044326e+32	1.7154486977124106e+32	1.1269372899026612e+34	5.54082355726439e+33	3.46987355156559e+33	2.3142157983058713e+33
2342.148264493388	3.492757384066039e+36	9.364860888173499e+34	5.460913694609558e+34	2.955482013589455e+34	1.9344679764774067e+34	1.0656142326058247e+34	2.776585111242959e+33	1.3828824079758626e+33	5.282643563123089e+32	3.4528695206908745e+34	1.7002727994025145e+34	1.0656142326058247e+34	7.111132237176628e+33
2416.7922427819103	9.193843257564523e+36	2.6467928414895918e+35	1.5462861057706703e+35	8.38216933677931e+34	5.491313918880541e+34	3.027994254188268e+34	7.902205409930153e+33	3.937864401843265e+33	1.5051169959030038e+33	9.789212507141203e+34	4.827674407131104e+34	3.027994254188268e+34	2.021797193556198e+34
2493.205836978179	2.2404568436813864e+37	6.942001742611165e+35	4.063664949564238e+35	2.2066710730958925e+35	1.4470084653225048e+35	7.98768087990506e+34	2.088060701135732e+34	1.041141963504185e+34	3.98179942296971e+33	2.5760669432475725e+35	1.272461621291146e+35	7.98768087990506e+34	5.336590295518555e+34
2571.422607010137	5.124752720098821e+37	1.7037742435099757e+36	9.993156620104793e+35	5.435881306825686e+35	3.567909081093026e+35	1.971652251322679e+35	5.1626807246291595e+34	2.5756925962327027e+34	9.856455936124136e+33	6.343355339278005e+35	3.138328501962499e+35	1.971652251322679e+35	1.3180497321034315e+35
2651.4767311901974	1.098027273453615e+38	3.923087401211166e+36	2.3058308361318538e+36	1.2565694467012386e+36	8.25590494518025e+35	4.56746517471399e+35	1.1980754302213334e+35	5.980935756879182e+34	2.2901699706026952e+34	1.4657336813913307e+36	7.263848480346324e+35	4.56746517471399e+35	3.0552723842568817e+35
2733.403018061262	2.2276595598507808e+38	8.532072396044735e+36	5.0253183650159807e+36	2.7435605111249316e+36	1.8043755428030596e+36	9.993809865935359e+35	2.6260486490170475e+35	1.3117569453739205e+35	5.0260069123626155e+34	3.19891449721816e+36	1.5879850716682572e+36	9.993809865935359e+35	6.689268566472263e+35
2817.2369188131242	4.273313233888128e+38	1.7564935812753797e+37	1.0368452757892838e+37	5.671509788714431e+36	3.7339454262521744e+36	2.0705763768321883e+36	5.450854833922971e+35	2.7245464885701865e+35	1.0445966051549184e+35	6.609929133530866e+36	3.287085052405145e+36	2.0705763768321883e+36	1.3868377890973215e+36
2903.0145399672547	7.817088724536608e+38	3.441502018650645e+37	2.0360180463080109e+37	1.1158514511242508e+37	7.35420475783966e+36	4.08301979061669e+36	1.0768645918168808e+36	5.3860591060579816e+35	2.066386303451591e+35	1.2999096144040725e+37	6.475942804933501e+36	4.08301979061669e+36	2.736556891547338e+36
2990.7726562505427	1.3618227495133917e+39	6.428094094252606e+37	3.8118238858902624e+37	2.09334664721789e+37	1.381192152818334e+37	7.678012896011132e+36	2.0289668449287428e+36	1.0154982587469782e+36	3.898697700264511e+35	2.4375117604877487e+37	1.2166118163014677e+37	7.678012896011132e+36	5.149616834784362e+36
3080.54872426939	2.2740051381957964e+39	1.1493666418683997e+38	6.831959655036409e+37	3.7596994151211995e+37	2.4834654698683893e+37	1.382328053510996e+37	3.660137632296385e+36	1.8331601847039245e+36	7.042799070184895e+35	4.375764256374029e+37	2.188209677741533e+37	1.382328053510996e+37	9.277805764397841e+36
3172.380896729111	3.6334656305315035e+39	1.9692307898625155e+38	1.173494245134218e+38	6.472037639383643e+37	4.280225149324974e+37	2.3856676210627135e+37	6.330020466903623e+36	3.172660309994509e+36	1.2198034283214583e+36	7.528788680884902e+37	3.772575726431519e+37	2.3856676210627135e+37	1.6023954823115043e+37
3266.308035667804	5.58022881747405e+39	3.2424508488510392e+38	1.937296371750141e+38	1.0708852161497072e+38	7.091002423084296e+37	3.9578742813194675e+37	1.052439632382793e+37	5.278878771441203e+36	2.0311406031140664e+36	1.2450949786544972e+38	6.252079507442481e+37	3.9578742813194675e+37	2.6604717892256594e+37
3362.3697265245623	8.216680244335507e+39	5.1314442975382616e+38	3.0746014970408977e+38	1.7037197206909502e+38	1.1296475358432013e+38	6.314724826892372e+37	1.6830603165943726e+37	8.448784464940231e+36	3.2534854372346045e+36	1.979775987690603e+38	9.963601093392943e+37	6.314724826892372e+37	4.248280678285577e+37
3460.606292809683	1.162979916537969e+40	7.819068908520557e+38	4.6990715055881876e+38	2.6106779109327192e+38	1.733467531544011e+38	9.705689128570708e+37	2.593256159305312e+37	1.3029022000102737e+37	5.0216310441546526e+36	3.0318926700147868e+38	1.5295217681442535e+38	9.705689128570708e+37	6.535371026932371e+37
3561.0817262058404	1.5769239276320705e+40	1.1463879127645854e+39	6.912516007785315e+38	3.851493789649978e+38	2.5613807956427624e+38	1.4366700224347444e+38	3.8491149936160775e+37	1.9356963335373402e+37	7.467704285776647e+36	4.469976036667352e+38	2.260987299060518e+38	1.4366700224347444e+38	9.683357881240613e+37
3663.8363680879575	2.0506352894751161e+40	1.6184734798253146e+39	9.79504243281559e+38	5.474928836100324e+38	3.647327647995436e+38	2.0497796369275522e+38	5.508243243790625e+37	2.7729340757373353e+37	1.0708950653167684e+37	6.3495232471902e+38	3.2210780874322463e+38	2.0497796369275522e+38	1.3830678236647028e+38
3768.911442954144	2.793277019530952e+40	2.2784077955666745e+39	1.3810002038039295e+39	7.729245738591162e+38	5.1528137984076016e+38	2.898199956417532e+38	7.797809841920435e+37	3.927218305816012e+37	1.517334619620983e+37	8.96127900660361e+38	4.551501904825077e+38	2.898199956417532e+38	1.956401282448851e+38
3876.3490665968684	3.9372339423553214e+40	3.1859469975711147e+39	1.9303565877532752e+39	1.0800402098198288e+39	7.198972098424584e+38	4.048252888122654e+38	1.088877615138743e+38	5.483345137040537e+37	2.1183381222886914e+37	1.2522897757312415e+39	6.358579214793353e+38	4.048252888122654e+38	2.732433018881449e+38
3986.192256255681	4.569930959231091e+40	4.0473719475578785e+39	2.4629046871867716e+39	1.3831470695099133e+39	9.238036452017308e+38	5.206809410603041e+38	1.4054187529987586e+38	7.08594662550684e+37	2.7408257051944383e+37	1.6023808372954232e+39	8.16406607699302e+38	5.206809410603041e+38	3.518847233118307e+38
4098.484941959109	5.503689007203412e+40	5.117287513065484e+39	3.1215294515628333e+39	1.7566942805736853e+39	1.1746305401124548e+39	6.6290412531533045e+38	1.792821664675878e+38	9.045304346913006e+37	3.501104974662225e+37	2.034170894168777e+39	1.0383914192395932e+39	6.6290412531533045e+38	4.483174830592693e+38
4213.271978933743	6.012741339089859e+40	6.108392071506402e+39	3.74333988798093e+39	2.11502312571629e+39	1.417290311135443e+39	8.018020463161046e+38	2.176562157426128e+38	1.0995489378105833e+38	4.2614956622854e+37	2.44688978606632e+39	1.2536354615022032e+39	8.018020463161046e+38	5.4297958828317995e+38
4330.59916078147	6.527649791808042e+40	7.147069865993136e+39	4.397898011692328e+39	2.4936591564124326e+39	1.6742289509359895e+39	9.492124811663997e+38	2.5852463162101445e+38	1.3074925287535992e+38	5.07326320624838e+37	2.8826234483985215e+39	1.4816707496735475e+39	9.492124811663997e+38	6.4356981119911265e+38
4450.513233715399	6.658799759715917e+40	8.020470773099194e+39	4.962766737504245e+39	2.827386888085785e+39	1.9032053525335505e+39	1.0821783172557334e+39	2.9604948708124562e+38	1.4995609280851166e+38	5.827517646757757e+37	3.264876821146635e+39	1.685483211880916e+39	1.0821783172557334e+39	7.34893442741484e+38
4573.061911081395	6.747672211394512e+40	8.847935195848192e+39	5.50354084461564e+39	3.149622738810717e+39	2.1252912209879266e+39	1.2117806494468692e+39	3.3289243847559183e+38	1.6885997739435798e+38	6.571688670949903e+37	3.6332643759082427e+39	1.8833976322549594e+39	1.2117806494468692e+39	8.241433503908035e+38
4698.293887820615	6.560783374819497e+40	9.471848058755592e+39	5.929037289816731e+39	3.411608227248747e+39	2.3088518757002156e+39	1.3208014259919867e+39	3.646693751330562e+38	1.8529778154649572e+38	7.223993473031349e+37	3.930640036198641e+39	2.0476829998741214e+39	1.3208014259919867e+39	8.999165032694532e+38
4826.258856243511	6.382731482240336e+40	1.003958551041827e+40	6.322366574645704e+39	3.656748966497634e+39	2.4816690490415932e+39	1.4241200818353733e+39	3.950697098290496e+38	2.0107210767722677e+38	7.851882343372335e+37	4.208156957112305e+39	2.2026013665963918e+39	1.4241200818353733e+39	9.719764644559265e+38
4957.007522077	6.059987791876377e+40	1.0442735917720052e+40	6.62146301071079e+39	3.8522721854155636e+39	2.6226611408957994e+39	1.5103925040113103e+39	4.21266934839142e+38	2.1480068952653878e+38	8.403608342129817e+37	4.427281624702663e+39	2.329719532207281e+39	1.5103925040113103e+39	1.032863877462641e+39
5090.591621412961	5.795406524537221e+40	1.083405757194707e+40	6.914667853639244e+39	4.0454202528464366e+39	2.7624867390228355e+39	1.5963137654287454e+39	4.475175288715477e+38	2.2858499270765414e+38	8.958681892590855e+37	4.643380076671817e+39	2.4559154446035563e+39	1.5963137654287454e+39	1.0936396831962408e+39
5227.063938691837	5.476726438316957e+40	1.1133329631401282e+40	7.15704368334272e+39	4.21307371688523e+39	2.886537465426822e+39	1.6742113492060133e+39	4.719993974598171e+38	2.415520407043144e+38	9.485179372263135e+37	4.829088472201527e+39	2.5684841954388915e+39	1.6742113492060133e+39	1.1493365328333274e+39
5366.478325133584	5.227710136371231e+40	1.146602011206215e+40	7.422695544369022e+39	4.3956479865981415e+39	3.0213417071560666e+39	1.7587282618001005e+39	4.985303681299742e+38	2.556023737558477e+38	1.0055638022566693e+38	5.0315546954187914e+39	2.690756467196715e+39	1.7587282618001005e+39	1.2097317261058495e+39
5508.8897180614385	4.969100854372148e+40	1.1767754522106686e+40	7.675935056949539e+39	4.575076755183585e+39	3.155629521388236e+39	1.8440579365832536e+39	5.2578995427800255e+38	2.701162073392363e+38	1.0647952075815491e+38	5.229300939557053e+39	2.8129706415200026e+39	1.8440579365832536e+39	1.27111554120007e+39
5654.3541608970745	4.764907105234691e+40	1.2118408656784689e+40	7.964793992244098e+39	4.778027468661024e+39	3.307095423252038e+39	1.9400975903228542e+39	5.564177650189773e+38	2.864188325453141e+38	1.1313164838556384e+38	5.453304353756832e+39	2.950735980606069e+39	1.9400975903228542e+39	1.3401481583206975e+39
5802.928823717849	4.568128096371739e+40	1.2470304817797425e+40	8.26263174970174e+39	4.990988946645044e+39	3.467326579775021e+39	2.0425367974952765e+39	5.894524565635902e+38	3.0406415304056305e+38	1.203560697021848e+38	5.687500759107237e+39	3.096772514291453e+39	2.0425367974952765e+39	1.4140898600937254e+39
5954.672025292062	4.402158546407272e+40	1.2853883654141578e+40	8.58804171306049e+39	5.2245350197123885e+39	3.6434645422584364e+39	2.1554681788604173e+39	6.2603683034044285e+38	3.2363651954985106e+38	1.2838233482353268e+38	5.944094487407501e+39	3.257414120295334e+39	2.1554681788604173e+39	1.4957370994778094e+39
6109.643149944829	5.10673130721692e+40	1.4411070631970416e+40	9.614498581186964e+39	5.843062981549367e+39	4.072926077823852e+39	2.408448100965841e+39	6.991232748950142e+38	3.613625393074028e+38	1.4332729045427188e+38	6.649214099645738e+39	3.6409544823913504e+39	2.408448100965841e+39	1.6709222446060773e+39
6267.902924335276	6.242341169461844e+40	1.7130240624229434e+40	1.1357722361122656e+40	6.864452086937122e+39	4.770318152845903e+39	2.811072463109305e+39	8.116649377099225e+38	4.187647230926344e+38	1.6578690654033287e+38	7.821407392309968e+39	4.260864051732046e+39	2.811072463109305e+39	1.946528452684114e+39
6429.5150500757945	5.953494828792389e+40	1.75955916820489e+40	1.1773243199011696e+40	7.171132532744871e+39	5.004302722579197e+39	2.962735509954367e+39	8.614579687839403e+38	4.455075529909969e+38	1.767936659623379e+38	8.15650973226389e+39	4.474858090918787e+39	2.962735509954367e+39	2.0567500861677066e+39
6595.171734490217	6.134383655090469e+40	1.8765393931930965e+40	1.2615096492486967e+40	7.714839237111387e+39	5.3953807302894584e+39	3.2019977174149116e+39	9.344118819684746e+38	4.83830314269208e+38	1.922385511692743e+38	8.766962362834323e+39	4.827355631958657e+39	3.2019977174149116e+39	2.225770469416482e+39
6764.621614571069	5.910200637153245e+40	1.9303208904903558e+40	1.3094808644463872e+40	8.070233367724022e+39	5.66734156428996e+39	3.3789529844016424e+39	9.928818887369731e+38	5.153051180742576e+38	2.0522306721121463e+38	9.154871733541768e+39	5.0762996187533513e+39	3.3789529844016424e+39	2.3546625684104017e+39
6937.934013774711	5.867669968716474e+40	2.0094650817708455e+40	1.373492355283817e+40	8.519680826193602e+39	6.003881106447948e+39	3.59359520074615e+39	1.0621567184466791e+39	5.5235241997395706e+38	2.2041510475992995e+38	9.650587167132046e+39	5.382770463279304e+39	3.59359520074615e+39	2.509556992943453e+39
7115.173546481161	5.657963970443904e+40	2.0565168051274363e+40	1.4192977684943155e+40	8.876648606724715e+39	6.283179506974054e+39	3.779357446096738e+39	1.1253251432233474e+39	5.866571829306963e+38	2.346870569955265e+38	1.0036251910492029e+40	5.639842419352693e+39	3.779357446096738e+39	2.6463492738248284e+39
7296.5172666191875	5.547732109461241e+40	2.1144731245860693e+40	1.4722630327322655e+40	9.278253379252342e+39	6.594492506425933e+39	3.984884449993469e+39	1.194731767086555e+39	6.242930978692402e+38	2.5032649691040686e+38	1.0472259549510733e+40	5.925800649703521e+39	3.984884449993469e+39	2.797241937648721e+39
7481.977048778681	5.359781843769922e+40	2.152972433451671e+40	1.514390810165462e+40	9.627246467044571e+39	6.874693753615698e+39	4.1759826846653213e+39	1.2618498569596834e+39	6.6110230522859756e+38	2.6578451199330976e+38	1.0844787661771664e+40	6.185341460453666e+39	4.1759826846653213e+39	2.9397122665314595e+39
7671.647531009806	5.23492878864791e+40	2.1975553828555027e+40	1.5607659801103092e+40	1.0005273546990851e+40	7.17699339365174e+39	4.381712916423661e+39	1.3340957123335017e+39	7.007441159226008e+38	2.824441391040855e+38	1.1249307242440416e+40	6.465154268237951e+39	4.381712916423661e+39	3.093029626874259e+39
7865.617854109216	5.065277893056602e+40	2.226047000148604e+40	1.5980086648405596e+40	1.0338972546302299e+40	7.453414523120237e+39	4.5758846109585106e+39	1.4048718807811564e+39	7.399922703990193e+38	2.991005270006361e+38	1.160023012145364e+40	6.723126590114485e+39	4.5758846109585106e+39	3.239875042904088e+39
8063.986884565633	4.935708088025702e+40	2.2580910687112144e+40	1.6379501458055705e+40	1.0693487782143916e+40	7.746829227745748e+39	4.7821867416175373e+39	1.480344621611016e+39	7.81912409885582e+38	3.1692183153950613e+38	1.1973430458977834e+40	6.996978674728524e+39	4.7821867416175373e+39	3.396063003426287e+39
8266.822351316767	4.779097147351516e+40	2.275240225477142e+40	1.6691416597134703e+40	1.1004731573188312e+40	8.014940538554216e+39	4.9773470844305407e+39	1.5546214032608662e+39	8.236251881830559e+38	3.3483539232234698e+38	1.2294461821168892e+40	7.249504227689636e+39	4.9773470844305407e+39	3.546158994844359e+39
8474.207569840484	5.942574050495409e+40	2.721440789169337e+40	1.9743584452959861e+40	1.289410983369003e+40	9.343551818024542e+39	5.769999667488186e+39	1.7873749125075627e+39	9.443423720735423e+38	3.828686431403118e+38	1.4436095369078725e+40	8.439838951353536e+39	5.769999667488186e+39	4.098515488649968e+39
8686.23597401503	5.735936316116586e+40	2.7679557022775387e+40	2.0311912524515326e+40	1.3391413089297765e+40	9.752157555050561e+39	6.055022911310837e+39	1.8904500685775633e+39	1.0013769479649672e+39	4.070249202319802e+38	1.4961246662964604e+40	8.82047069023303e+39	6.055022911310837e+39	4.3133905152111214e+39
8903.017708731799	5.95541880892898e+40	2.947756975717642e+40	2.17412095085621e+40	1.439226257168504e+40	1.0502970022993359e+40	6.535893707781119e+39	2.047133617720013e+39	1.0854969916252534e+39	4.416647986771505e+38	1.6064960296593166e+40	9.504759122663549e+39	6.535893707781119e+39	4.661467481469964e+39
9124.558337458691	5.927301036626629e+40	3.011011314778568e+40	2.241048783707132e+40	1.4954788944846294e+40	1.0961550224657978e+40	6.855142355471756e+39	2.1632432802911483e+39	1.1499681954919141e+39	4.69081244332616e+38	1.6662335320300597e+40	9.93150352300779e+39	6.855142355471756e+39	4.902406815619164e+39
9351.187081229953	5.796155411304952e+40	3.0463543401499823e+40	2.292376723626158e+40	1.5442300990628165e+40	1.1376495802914915e+40	7.154957799463946e+39	2.2768856488949263e+39	1.2137773576544576e+39	4.964909890794159e+38	1.716884634968349e+40	1.0321451504657361e+40	7.154957799463946e+39	5.132476064377397e+39
9582.457465171861	5.657067759226241e+40	3.0626260931730994e+40	2.331087458861137e+40	1.5861854744707323e+40	1.175007484688847e+40	7.43582586864424e+39	2.3884192569134902e+39	1.2772378903007912e+39	5.2408815780745475e+38	1.7594892888693212e+40	1.0676183569598414e+40	7.43582586864424e+39	5.3519951134769423e+39
9818.300815547576	5.506816183537004e+40	3.0712648862621915e+40	2.3664273633060875e+40	1.6274892596312436e+40	1.2126004667000091e+40	7.723571752561487e+39	2.504941541597259e+39	1.3438912341501685e+39	5.532151081876892e+38	1.8009394315033337e+40	1.1034863519742812e+40	7.723571752561487e+39	5.578668035294658e+39
10059.148739878092	5.349638747567073e+40	3.0668579624386886e+40	2.3922601347309377e+40	1.6632257362347694e+40	1.2466258269179878e+40	7.9937098576205e+39	2.6188298736052972e+39	1.409765325122172e+39	5.822962573153721e+38	1.8359261746484302e+40	1.136269581057318e+40	7.9937098576205e+39	5.794932974340963e+39
10305.003549613244	5.189875227254754e+40	3.048692782418037e+40	2.409273743718454e+40	1.6944845305331837e+40	1.2781082137848509e+40	8.254103324113542e+39	2.7331815928582644e+39	1.4766079384232116e+39	6.120841962931129e+38	1.8655118568096058e+40	1.166948640861879e+40	8.254103324113542e+39	6.00694085217716e+39
10555.915980639069	5.032156294681755e+40	3.028535397802456e+40	2.4246273492654994e+40	1.7250993094703967e+40	1.309505469871317e+40	8.517886376926966e+39	2.851282427157846e+39	1.546045846749851e+39	6.432011103233242e+38	1.8942017281775555e+40	1.197669144101738e+40	8.517886376926966e+39	6.22330908965059e+39
10812.047109862315	4.878373192652661e+40	2.9928901060205267e+40	2.428677788566515e+40	1.749103626719138e+40	1.3366896241223091e+40	8.761244059163519e+39	2.9667276756068673e+39	1.614895186586986e+39	6.744424701371463e+38	1.9152101173495974e+40	1.22475659777399e+40	8.761244059163519e+39	6.427869392871387e+39
11073.423480038	5.499073519774321e+40	3.4101121021815507e+40	2.7571343477016437e+40	1.977453009200766e+40	1.5073507342823813e+40	9.849675411012145e+39	3.3190733525924264e+39	1.8036344535604223e+39	7.519852558544691e+38	2.1674280647936336e+40	1.3801405125664134e+40	9.849675411012145e+39	7.213895677680477e+39
11340.152004576888	5.721532923653797e+40	3.5667897665236227e+40	2.900458216709302e+40	2.0912269930280005e+40	1.598761797477033e+40	1.0481859777816541e+40	3.5499234461281475e+39	1.932345729316653e+39	8.070024977311653e+38	2.2893528832977605e+40	1.4650003409721715e+40	1.0481859777816541e+40	7.690919606349785e+39
11612.368851216295	5.738033170344937e+40	3.6487604939905444e+40	2.999551042112162e+40	2.182271602271535e+40	1.676248412435935e+40	1.1046249184530875e+40	3.768538126493337e+39	2.0561920252075225e+39	8.607022586894187e+38	2.384222929071517e+40	1.5379119364325988e+40	1.1046249184530875e+40	8.126982811400531e+39
11890.274815180339	5.740838795250181e+40	3.6905806401725822e+40	3.0653090372706135e+40	2.250839322808479e+40	1.7377903308036945e+40	1.1518361606663573e+40	3.964098677984896e+39	2.169250390727914e+39	9.106776667794452e+38	2.4539206159573933e+40	1.5965813811680996e+40	1.1518361606663573e+40	8.501215136945615e+39
12173.664489775789	5.505356051819636e+40	3.593378189044304e+40	3.0308475386640854e+40	2.2566283428513188e+40	1.7557466444727727e+40	1.1739823478688065e+40	4.094371921727972e+39	2.25059954107727e+39	9.490487486285985e+38	2.452395633907365e+40	1.6164501475329605e+40	1.1739823478688065e+40	8.706421972365911e+39
12462.908073566194	5.436592809721915e+40	3.5876026437330314e+40	3.0634273695505483e+40	2.306114681362337e+40	1.8051779134301253e+40	1.2153487449414357e+40	4.282642977763654e+39	2.3622422965845495e+39	9.995459693082073e+38	2.49986462722271e+40	1.6646858524432919e+40	1.2153487449414357e+40	9.047040911449083e+39
12758.191588118621	5.23984900520935e+40	3.492112176523263e+40	3.026189532759138e+40	2.3090932775015117e+40	1.8213318298857042e+40	1.2370018617801846e+40	4.417931276443049e+39	2.4480264914622625e+39	1.0405771311997779e+39	2.495271927999435e+40	1.6830727236744758e+40	1.2370018617801846e+40	9.252900489288293e+39
13059.271305294422	5.116981272113782e+40	3.4379386372844295e+40	3.021669511674836e+40	2.335261877232184e+40	1.8550985037638834e+40	1.2701488491956503e+40	4.592131813074224e+39	2.555032438373375e+39	1.0904975561500776e+39	2.5161514142664884e+40	1.7175763183806225e+40	1.2701488491956503e+40	9.543000054304975e+39
13366.834862995885	4.961313860133874e+40	3.35169574792125e+40	2.9872413619858233e+40	2.338734600952684e+40	1.8716358154272175e+40	1.2925197766220763e+40	4.735992469159149e+39	2.6472244171346226e+39	1.1350629470901125e+39	2.5123089423986224e+40	1.7364035619980377e+40	1.2925197766220763e+40	9.757738709347609e+39
13681.856483075853	4.817716219763563e+40	3.2668924146090437e+40	2.954574778773853e+40	2.3443203802649803e+40	1.890289152006948e+40	1.3167378164341005e+40	4.889147519660217e+39	2.7451463560320833e+39	1.1823256044571292e+39	2.5105262781940366e+40	1.757310764255471e+40	1.3167378164341005e+40	9.988194234015507e+39
14004.569496242228	5.604351056541514e+40	3.8226322165437424e+40	3.427276484155112e+40	2.6950415136840677e+40	2.1614567498858883e+40	1.4961256551733496e+40	5.500584202981809e+39	3.078089280449765e+39	1.3213056525468975e+39	2.8923243871511976e+40	2.0064132570707297e+40	1.4961256551733496e+40	1.1308752298494913e+40
14335.056854195245	5.493207360457976e+40	3.7852229541081794e+40	3.4593731126254378e+40	2.7626999021193496e+40	2.2330681041892756e+40	1.5583196154815673e+40	5.791545544011489e+39	3.251403261270133e+39	1.3999155160167535e+39	2.95487978518619e+40	2.0770571471870217e+40	1.5583196154815673e+40	1.1827545241270246e+40
14673.080174232091	5.514852614007336e+40	3.777489481184215e+40	3.476936745580671e+40	2.7990388816586185e+40	2.274080079457128e+40	1.5971724975589476e+40	6.000974315889052e+39	3.3823181602273935e+39	1.4621869956518515e+39	2.9878274766895034e+40	2.1183242870163067e+40	1.5971724975589476e+40	1.2168441165114336e+40
15018.797116419884	5.345956094210015e+40	3.664293952601657e+40	3.4310625687032344e+40	2.804293373324164e+40	2.2973691989848796e+40	1.628696092338504e+40	6.205508448704894e+39	3.513845254191467e+39	1.5259882826898668e+39	2.983091163465559e+40	2.1448129214718054e+40	1.628696092338504e+40	1.247189134175661e+40
15372.083622038383	5.254994381897984e+40	3.5854028366630646e+40	3.3998469743762555e+40	2.8127523190521706e+40	2.320734969708673e+40	1.659139283711375e+40	6.406511745918956e+39	3.6445475559924987e+39	1.590152213748385e+39	2.9835306829354107e+40	2.1708994889703224e+40	1.659139283711375e+40	1.2765511532703236e+40
15733.2869661424	5.085847879622039e+40	3.454192603306022e+40	3.328008588547503e+40	2.7938506454268076e+40	2.324392438350984e+40	1.6779149517803867e+40	6.578037926367505e+39	3.761746433099414e+39	1.6499052732841005e+39	2.9534378865938675e+40	2.179289661053727e+40	1.6779149517803867e+40	1.2980128944791275e+40
16103.071594373494	4.969690349560493e+40	3.350302508924665e+40	3.2745422770626823e+40	2.7863197299651676e+40	2.3362452719916957e+40	1.7019349748140082e+40	6.769042499756515e+39	3.890329476351309e+39	1.7148549044055318e+39	2.9361884175874535e+40	2.1951101120761304e+40	1.7019349748140082e+40	1.3233741004015755e+40
16481.656451318195	4.8291366603483905e+40	3.22913108257054e+40	3.203684727878726e+40	2.7640062506281262e+40	2.336095234213252e+40	1.7179357713211218e+40	6.93699825213856e+39	4.0082058888615056e+39	1.7763869811477352e+39	2.9032800923558167e+40	2.1998189901791625e+40	1.7179357713211218e+40	1.3429897709933807e+40
16868.230050312573	5.43515235635582e+40	3.6614822452347955e+40	3.629521523780188e+40	3.122940992280023e+40	2.633274416468881e+40	1.9298733625342713e+40	7.741215818910175e+39	4.461314837612088e+39	1.9718373563471712e+39	3.282900560659162e+40	2.477823998627085e+40	1.9298733625342713e+40	1.5053448239619364e+40
17262.25738317515	5.361888500246234e+40	3.5721000952607837e+40	3.609987216923814e+40	3.159214363994499e+40	2.6881888071112634e+40	1.989789065396366e+40	8.093949367677065e+39	4.6849376553246455e+39	2.0792227542223007e+39	3.308309100944974e+40	2.5355980026291246e+40	1.989789065396366e+40	1.5602140928451087e+40
17664.656152085085	5.351654159219149e+40	3.530705155319201e+40	3.5972077774867467e+40	3.1755649675604876e+40	2.7172267028742545e+40	2.0256241029112331e+40	8.343008101882206e+39	4.8515872295526705e+39	2.1635676584555347e+39	3.318309862574257e+40	2.5671326514830086e+40	2.0256241029112331e+40	1.5951073801689204e+40
18076.036366647386	5.232720475911861e+40	3.405577763925403e+40	3.5291391106466253e+40	3.163588643741533e+40	2.7303243239096454e+40	2.0555701472851448e+40	8.596088506485604e+39	5.024670347180814e+39	2.2522910658296104e+39	3.2941335106005417e+40	2.5855474775786557e+40	2.0555701472851448e+40	1.6275653278673146e+40
18496.129311595963	5.111188239115499e+40	3.2714578774333623e+40	3.440530242413568e+40	3.1287235490268625e+40	2.7231912190206275e+40	2.0710080568176468e+40	8.803070723763683e+39	5.175277249529531e+39	2.3332694405876107e+39	3.2467871370103975e+40	2.584881688660837e+40	2.0710080568176468e+40	1.6492672128922463e+40
18925.090300994278	5.009717131327802e+40	3.1555559991688275e+40	3.369546803684861e+40	3.107251662354262e+40	2.7262347117040165e+40	2.09301018044265e+40	9.033901522368157e+39	5.340036938783151e+39	2.4209489759295086e+39	3.21404526364381e+40	2.593502477502614e+40	2.09301018044265e+40	1.6757973435238597e+40
19363.417587597985	4.89173349427039e+40	3.0218744677936835e+40	3.27387340835504e+40	3.0622631932974083e+40	2.7096143322429456e+40	2.1015805466654052e+40	9.224339021408036e+39	5.485435829370415e+39	2.502097531229852e+39	3.1568255851595217e+40	2.5838127822228203e+40	2.1015805466654052e+40	1.6925851018419813e+40
19810.929697431904	4.975194495839001e+40	3.022584622569371e+40	3.322138286366876e+40	3.148670313664025e+40	2.806359773651653e+40	2.19409161306672e+40	9.738073652845415e+39	5.810337728026087e+39	2.6584615156243622e+39	3.2360789500916866e+40	2.6812529007194813e+40	2.19409161306672e+40	1.774523495421548e+40
20268.17326043613	5.260784760833063e+40	3.1827091561135523e+40	3.5252492411864354e+40	3.358542233886169e+40	3.0000671770235164e+40	2.350344145407554e+40	1.0456847309890156e+40	6.243597090882448e+39	2.8586124057913645e+39	3.4481540407260863e+40	2.8678436389227366e+40	2.350344145407554e+40	1.9027049592944975e+40
20735.318532301826	5.270603538640722e+40	3.138188245019337e+40	3.5141470346888327e+40	3.3831779592722995e+40	3.040857185264119e+40	2.400227994185173e+40	1.0813451623406513e+40	6.486059803779573e+39	2.983574188550261e+39	3.4648634577777316e+40	2.911892352591736e+40	2.400227994185173e+40	1.9515766143777864e+40
21212.06534959107	5.147916052648188e+40	2.9819555303812015e+40	3.3962194682545594e+40	3.324965373689197e+40	3.018342178167532e+40	2.4106468564325983e+40	1.1064391168749486e+40	6.679052860410455e+39	3.0918377001292744e+39	3.391711037250835e+40	2.8983135830807775e+40	2.4106468564325983e+40	1.9731142773688363e+40
21699.15725277577	5.092640095171172e+40	2.891240347447955e+40	3.3340838273112443e+40	3.3026805149091936e+40	3.0189483959325976e+40	2.431555311816669e+40	1.1323322482264455e+40	6.872809577468941e+39	3.1997941436283347e+39	3.3596708733397676e+40	2.90454494960853e+40	2.431555311816669e+40	2.0001445146977112e+40
22197.655207329564	4.982923989149972e+40	2.7549109294362393e+40	3.222124596157241e+40	3.2378625692132726e+40	2.9855210503797314e+40	2.430214728265456e+40	1.1518965584623254e+40	7.036554164177286e+39	3.2976116160316654e+39	3.282430978145792e+40	2.879428575232432e+40	2.430214728265456e+40	2.0113912630619887e+40
22707.6106043756	4.904176511856479e+40	2.6456989663357488e+40	3.1324357436158592e+40	3.1873131195638416e+40	2.9615265549275314e+40	2.4336626488340106e+40	1.1725786588628186e+40	7.207058875343062e+39	3.399251400642305e+39	3.221471498021355e+40	2.8625186336474554e+40	2.4336626488340106e+40	2.0255954465196368e+40
23229.47663806779	5.10945531301436e+40	2.7122106576809323e+40	3.242245899110286e+40	3.3295392676071095e+40	3.109820669646034e+40	2.5703928269813713e+40	1.2482803225250103e+40	7.689385614289696e+39	3.633659984678199e+39	3.3580085725054735e+40	3.010070284391124e+40	2.5703928269813713e+40	2.1458978644689132e+40
23763.47903106505	5.285954677767989e+40	2.7794133981786293e+40	3.3343753919532497e+40	3.4363931018595793e+40	3.2171679578400842e+40	2.6678344228704724e+40	1.3045792515075172e+40	8.060166159561624e+39	3.821370892579586e+39	3.462741292916812e+40	3.1161865751473616e+40	2.6678344228704724e+40	2.232117405807801e+40
24310.202338271924	5.475126062891911e+40	2.837652839018967e+40	3.4124335031165714e+40	3.534578275889476e+40	3.321830770353755e+40	2.768813166240608e+40	1.3661786740949066e+40	8.468267804045245e+39	4.028130978513806e+39	3.5567639005389724e+40	3.221281824569557e+40	2.768813166240608e+40	2.323817330451822e+40
24869.046127293062	5.752469543926663e+40	2.9627139501334516e+40	3.540247710473735e+40	3.660576768179185e+40	3.4420079400118023e+40	2.874319096054213e+40	1.426315797361425e+40	8.865751419110842e+39	4.2308532023939556e+39	3.6838926732004147e+40	3.338881030266195e+40	2.874319096054213e+40	2.416302701526428e+40
25439.505415875217	6.301850957396322e+40	3.284586884885496e+40	3.841987848724644e+40	3.914934036713788e+40	3.6590581974786676e+40	3.04100755079874e+40	1.5055585862329624e+40	9.365268394294017e+39	4.476044861480256e+39	3.951502997698749e+40	3.544645598094759e+40	3.04100755079874e+40	2.5524148090869804e+40
26022.170352036068	7.268050903464567e+40	3.853525634698666e+40	4.380321982186069e+40	4.371305146365448e+40	4.04616031656824e+40	3.331194808664206e+40	1.6315649705927617e+40	1.0123699845981275e+40	4.829672758921068e+39	4.431606880582352e+40	3.9102484357644915e+40	3.331194808664206e+40	2.7836552002078183e+40
26618.185819055903	8.974745279291908e+40	4.879955537633684e+40	5.349231588468117e+40	5.184005612964252e+40	4.72858768571352e+40	3.8344711937801677e+40	1.8405023772175998e+40	1.1349080413801082e+40	5.3817273025198297e+39	5.289354844172216e+40	4.552620752944256e+40	3.8344711937801677e+40	3.1797663863670944e+40
27227.78749731834	1.2176541402498134e+41	6.863356324639171e+40	7.218396222713546e+40	6.729038604687952e+40	6.002002787661928e+40	4.741428868578927e+40	2.1856134458862917e+40	1.3297027775801195e+40	6.223902824782774e+39	6.928444233029565e+40	5.743121721144587e+40	4.741428868578927e+40	3.8748869230433606e+40
27850.27345516639	1.6646762501075452e+41	9.534108409491224e+40	9.607252584187193e+40	8.621503693715943e+40	7.530722096590081e+40	5.810364229451494e+40	2.585364709714695e+40	1.5545386680659248e+40	7.192803853165475e+39	8.954605020847176e+40	7.165379662858529e+40	5.810364229451494e+40	4.687843342838511e+40
28486.99159246	2.2975771927256008e+41	1.322069999975676e+41	1.275366067765107e+41	1.100361227260837e+41	9.406366843420864e+40	7.084969113732129e+40	3.04331746789992e+40	1.8090562494672528e+40	8.277990979783395e+39	1.1532099281267072e+41	8.898433869262885e+40	7.084969113732129e+40	5.642694668184091e+40
29137.99423565751	3.1833193622500396e+41	1.814248934244664e+41	1.6924625891513418e+41	1.4149552178011422e+41	1.1875847411770497e+41	8.752277607408887e+40	3.6303316792096115e+40	2.1319504356351645e+40	9.638349578636699e+39	1.4939158912008358e+41	1.1177485230761698e+41	8.752277607408887e+40	6.884700348180852e+40
29802.79099013677	4.352687300955535e+41	2.4323890744411203e+41	2.196978883974093e+41	1.7826556598034616e+41	1.4712744015435658e+41	1.0636876255111936e+41	4.284261775646749e+40	2.490844759171222e+40	1.1148163101137212e+40	1.8952024705187237e+41	1.378450801151932e+41	1.0636876255111936e+41	8.279115573890758e+40
30482.598492396974	5.9569714180022065e+41	3.2450557931663813e+41	2.862510337500187e+41	2.2723740983290203e+41	1.8515953016487003e+41	1.3179555645198267e+41	5.166713867993167e+40	2.972851707159758e+40	1.3159258138238068e+40	2.4282678812820653e+41	1.728554206589441e+41	1.3179555645198267e+41	1.0164095641782758e+41
31177.374742966967	8.349459497462879e+41	4.4471731649771255e+41	3.814307614380088e+41	2.9426571516656602e+41	2.3565853494195946e+41	1.6426806408874666e+41	6.225423046905824e+40	3.540015102928895e+40	1.5486079573745872e+40	3.1661877665600528e+41	2.189304628777168e+41	1.6426806408874666e+41	1.2517463914735181e+41
31887.76135429929	1.1264447371836996e+42	5.769767419591841e+41	4.833222865809056e+41	3.649352403366085e+41	2.8873203489591003e+41	1.984461073481601e+41	7.351630620623258e+40	4.146049803023342e+40	1.7982202432331214e+40	3.9461354103984855e+41	2.6734776534686966e+41	1.984461073481601e+41	1.5001698641822541e+41
32614.59516194255	1.4743845796446003e+42	7.224015181784519e+41	5.932748527204332e+41	4.398805849982057e+41	3.4443239303340224e+41	2.3386828872343395e+41	8.497703266458559e+40	4.759895777532444e+40	2.0502810631609071e+40	4.776698026157871e+41	3.1801249136506416e+41	2.3386828872343395e+41	1.755850362355634e+41
33357.87459350779	1.887906532814147e+42	8.858029112579056e+41	7.140936163461328e+41	5.2053749527848484e+41	4.037340543884286e+41	2.711820896074833e+41	9.69220074275367e+40	5.398638820298356e+40	2.3124383434849592e+40	5.674769793411178e+41	3.718062449609778e+41	2.711820896074833e+41	2.023910339589275e+41
34118.07278660405	2.365594078817913e+42	1.0628131902409478e+42	8.451468988469141e+41	6.083016977361836e+41	4.6836081805667445e+41	3.11879645719255e+41	1.0992963184734153e+41	6.093340769891733e+40	2.597152527941683e+40	6.6512475547866326e+41	4.304484408793697e+41	3.11879645719255e+41	2.3162321597461426e+41
34895.00962728186	3.0412929319129413e+42	1.3284099373198507e+42	1.0418744331889649e+42	7.394117221859564e+41	5.6440723704560845e+41	3.71842996933971e+41	1.2869366231650943e+41	7.085229194240547e+40	2.998680757352439e+40	8.112317944814078e+41	5.174470784172103e+41	3.71842996933971e+41	2.744222501094042e+41
35689.59687774739	3.779457572740139e+42	1.5790810176230535e+42	1.2241734337748618e+42	8.597308557986218e+41	6.523521107510184e+41	4.267747386243368e+41	1.460117436527554e+41	8.004832080664511e+40	3.373039961633924e+40	9.455293906174193e+41	5.970925667720008e+41	4.267747386243368e+41	3.136973343619289e+41
36502.21064846038	4.589837407503855e+42	1.833490405492636e+42	1.4056670454498144e+42	9.776457965916747e+41	7.378918817290212e+41	4.7983981872286854e+41	1.6266548713457575e+41	8.889910185788755e+40	3.7342270612111845e+40	1.0775942191797404e+42	6.74418632863344e+41	4.7983981872286854e+41	3.515377562189735e+41
37333.180162552555	5.4689963128504465e+42	2.103448466729715e+42	1.5974426245552856e+42	1.1014666110022688e+42	8.273458046057951e+41	5.350717127144853e+41	1.7990623043176304e+41	9.805488998900146e+40	4.1078731584063284e+40	1.2164961353070298e+42	7.551904508976327e+41	5.350717127144853e+41	3.908315413828662e+41
38182.821935493805	6.38861437547291e+42	2.368068781791719e+42	1.7857956425238947e+42	1.2238291747135295e+42	9.162108723928898e+41	5.903452974998266e+41	1.973865089124461e+41	1.0738013366656168e+41	4.4901116563371e+40	1.3535160119602992e+42	8.355612969373236e+41	5.903452974998266e+41	4.3033389175352744e+41
39051.28945051141	7.593006203067561e+42	2.7589819293989397e+42	2.06647797328918e+42	1.406242800490653e+42	1.0481784228519058e+42	6.717074981901649e+41	2.2249139550276597e+41	1.2061375833709134e+41	5.025027900064436e+40	1.557918024337221e+42	9.547190355815067e+41	6.717074981901649e+41	4.8806438216796585e+41
39939.35911444581	8.850468094514302e+42	3.109612842996527e+42	2.3154343138291786e+42	1.5674950490385315e+42	1.1649758154289231e+42	7.440257518492356e+41	2.4510171363577273e+41	1.3260999638388982e+41	5.513623247920627e+40	1.738637915782365e+42	1.0602558866437509e+42	7.440257518492356e+41	5.39572154285905e+41
40847.85575560436	1.0117069041170559e+43	3.4483287103719325e+42	2.552323861395426e+42	1.719039308681756e+42	1.2741757899504378e+42	8.114173570209778e+41	2.6622766217696114e+41	1.4385870830688055e+41	5.974117550385432e+40	1.9089171702749285e+42	1.158822220220674e+42	8.114173570209778e+41	5.875583707363895e+41
41776.63297120599	1.1364258669513036e+43	3.7738984765850607e+42	2.783575881522276e+42	1.8691464072589057e+42	1.3831716774606365e+42	8.792260465428952e+41	2.877188065041994e+41	1.553425922872454e+41	6.445927492152736e+40	2.0770270915312618e+42	1.2573996691581062e+42	8.792260465428952e+41	6.36040137630096e+41
42725.4107439746	1.2578890959713102e+43	4.078700079875157e+42	2.999236584114327e+42	2.0092291586630267e+42	1.4851809337562713e+42	9.430641528646571e+41	3.0825595926351814e+41	1.6639038768318593e+41	6.903212628037283e+40	2.2338128775199163e+42	1.349763428646124e+42	9.430641528646571e+41	6.818911030038907e+41
43695.79681117435	1.4214827187439282e+43	4.5523927498472376e+42	3.329942607138693e+42	2.219157361671401e+42	1.635389338152603e+42	1.0348154783705044e+42	3.3647274824481946e+41	1.8131038723012043e+41	7.509778390519973e+40	2.4702462230542395e+42	1.4850416338016428e+42	1.0348154783705044e+42	7.467974027587422e+41
44688.30738710776	1.571909640599411e+43	4.9654028568785164e+42	3.633096361038783e+42	2.4217190729428662e+42	1.784609077181951e+42	1.1288969580427297e+42	3.665802002797306e+41	1.9738349982392555e+41	8.16777039942594e+40	2.6956491710358963e+42	1.620475966080567e+42	1.1288969580427297e+42	8.144207420657406e+41
45703.74828518003	1.7057867925974349e+43	5.2864398503840156e+42	3.8617533169878444e+42	2.571927658148806e+42	1.8948912557994485e+42	1.1986490991596598e+42	3.894207869170218e+41	2.0974546112346716e+41	8.6825192479694195e+40	2.8632630465778557e+42	1.7205720426870007e+42	1.1986490991596598e+42	8.648339694602806e+41
46741.60289426938	1.8306528639529968e+43	5.597716417581501e+42	4.083054823732114e+42	2.7167706505777e+42	2.0010574222893766e+42	1.2657767125625907e+42	4.115286403322056e+41	2.217631253330218e+41	9.185834015678973e+40	3.025028493232308e+42	1.8169060965310914e+42	1.2657767125625907e+42	9.13399477711678e+41
47803.07065510343	1.9423153363382327e+43	5.870412295931623e+42	4.2807002431249805e+42	2.849109870552747e+42	2.0994561946124408e+42	1.3290663022622553e+42	4.329270541426311e+41	2.334956324078502e+41	9.681303102419752e+40	3.17200144434078e+42	1.906551179404025e+42	1.3290663022622553e+42	9.596273318978825e+41
48889.02023761626	2.1133759192141225e+43	6.36631503768381e+42	4.6283726828241616e+42	3.071436666795455e+42	2.2595613931452865e+42	1.427870732997743e+42	4.6404540281257335e+41	2.50129011603676e+41	1.0365927117885867e+41	3.4218729658007675e+42	2.0510490943017037e+42	1.427870732997743e+42	1.0300362271488108e+42
49999.76051493957	2.2403022692807666e+43	6.781149483578676e+42	4.9422299066210715e+42	3.2873603324505156e+42	2.421342797241223e+42	1.5319270041572296e+42	4.984288420328903e+41	2.686963271656439e+41	1.1135061925924718e+41	3.660502310619285e+42	2.1985736275393984e+42	1.5319270041572296e+42	1.1056792270154699e+42
51135.03529753236	2.3319846913379755e+43	7.068961030980234e+42	5.159337600777393e+42	3.436828420590012e+42	2.5338595737965115e+42	1.6051571297158614e+42	5.235473933905384e+41	2.8252535273508576e+41	1.1721282552838752e+41	3.825550107559194e+42	2.301390135695456e+42	1.6051571297158614e+42	1.1594701343324151e+42
52296.35797301508	2.399475060639564e+43	7.270224568993784e+42	5.315670420568047e+42	3.5492364197388915e+42	2.6210277117739767e+42	1.6640316774485974e+42	5.449861164620101e+41	2.94571764028984e+41	1.2242328926871516e+41	3.9482876873300175e+42	2.3817280042265875e+42	1.6640316774485974e+42	1.203648350325778e+42
53484.18441175695	2.4965974519842e+43	7.551759010404468e+42	5.517980530464943e+42	3.6847509396681446e+42	2.7223459603476524e+42	1.7300179841955493e+42	5.6807648045013616e+41	3.074382936982476e+41	1.2795727660974695e+41	4.098629866803132e+42	2.4742477859245774e+42	1.7300179841955493e+42	1.2523371384604977e+42
54699.12848864682	2.5684861350727216e+43	7.971236544777613e+42	5.829485791054352e+42	3.8928525454927336e+42	2.875677025060184e+42	1.8271917086550032e+42	6.001195678590234e+41	3.2487923446946793e+41	1.3527890807956693e+41	4.330272293706936e+42	2.6134946610909336e+42	1.8271917086550032e+42	1.3226679124689586e+42
55940.73365408081	2.5827612392839136e+43	8.15175741710865e+42	6.004985448343153e+42	4.037782589737214e+42	2.99415917952736e+42	1.9104902164851677e+42	6.3112184895562134e+41	3.422501478727417e+41	1.4273524574118441e+41	4.484337083756513e+42	2.7239503602658865e+42	1.9104902164851677e+42	1.386006009554187e+42
57210.49408981047	2.562910300906571e+43	8.182451783302429e+42	6.048266638790796e+42	4.0832050471573376e+42	3.03612976834804e+42	1.9443634197614036e+42	6.46734087248341e+41	3.516678887652283e+41	1.4708842961656396e+41	4.530177391358428e+42	2.7643834702419194e+42	1.9443634197614036e+42	1.413808966216631e+42
58509.083870718314	2.5381107385997563e+43	8.195878202334198e+42	6.07616716852028e+42	4.116224178784203e+42	3.06801385426139e+42	1.971243832301266e+42	6.599710535720549e+41	3.598479383856366e+41	1.5096574234854455e+41	4.5627950894805284e+42	2.7954317236692895e+42	1.971243832301266e+42	1.4363930330032075e+42
59837.0249679236	2.5073062387183794e+43	8.34179668759142e+42	6.199752068955512e+42	4.208935485617813e+42	3.1412672717615886e+42	2.0219910948052492e+42	6.796867676714812e+41	3.712934510945446e+41	1.5611027090644953e+41	4.6632077172161904e+42	2.8633085274170283e+42	2.0219910948052492e+42	1.4751901760160442e+42
61194.41711756659	2.4356567931186003e+43	8.377842852663866e+42	6.278374212125192e+42	4.291668847460721e+42	3.214485576765651e+42	2.0772650797899542e+42	7.024893408089243e+41	3.8458762235657554e+41	1.6207333007995438e+41	4.7476203289018936e+42	2.932818692071e+42	2.0772650797899542e+42	1.5187650979210614e+42
62582.51074910513	2.330038302043344e+43	8.181545590970036e+42	6.184490745663045e+42	4.266971548388109e+42	3.214618959241899e+42	2.0922113090150944e+42	7.158058361988833e+41	3.934599533279003e+41	1.6647829637300356e+41	4.7095945548989566e+42	2.937784762621013e+42	2.0922113090150944e+42	1.535993836117903e+42
64001.999449344774	2.21564707800781e+43	7.90170883176136e+42	6.011610462595283e+42	4.1750620342857783e+42	3.1587667775282815e+42	2.0675031434012486e+42	7.151487821913812e+41	3.948735714633406e+41	1.67899911284477e+41	4.600730465893993e+42	2.890368081219619e+42	2.0675031434012486e+42	1.5233052841600346e+42
65453.63577870454	2.1087301993923803e+43	7.713619481467222e+42	5.903025877625077e+42	4.1249172294324296e+42	3.1331277041163124e+42	2.0611722794505552e+42	7.197540070865264e+41	3.989546069821834e+41	1.7035896647368064e+41	4.5386255757885024e+42	2.870193168266261e+42	2.0611722794505552e+42	1.5234181326794226e+42
66937.8700383161	1.9908349488813446e+43	7.450453352674358e+42	5.758243807643753e+42	4.057982806574026e+42	3.096529220696169e+42	2.048094624571455e+42	7.219842780512578e+41	4.017518722479067e+41	1.7230763563612382e+41	4.456429611394617e+42	2.840235769818292e+42	2.048094624571455e+42	1.5185412108688252e+42
68455.92548348458	1.8703282855339492e+43	7.107545759816094e+42	5.5438623166149994e+42	3.9463050543921497e+42	3.03057964890812e+42	2.020504762286137e+42	7.220035693871225e+41	4.037955289769208e+41	1.741042918801927e+41	4.323102067265423e+42	2.7848314045885177e+42	2.020504762286137e+42	1.5051379090997214e+42
70008.68761848802	1.7540690029693189e+43	6.724263194394786e+42	5.277021597543639e+42	3.784010368843822e+42	2.92068221318984e+42	1.9606008584778814e+42	7.100264740071759e+41	3.99323333126502e+41	1.7325210733389921e+41	4.137562510976023e+42	2.687914194774099e+42	1.9606008584778814e+42	1.466889268184211e+42
71597.24859788365	1.6530444059240792e+43	6.421361971771049e+42	5.0680095002656094e+42	3.657549563456515e+42	2.835816215034851e+42	1.9157092619309176e+42	7.028142280405771e+41	3.974471230751474e+41	1.7349348916342979e+41	3.9927396450707633e+42	2.6134065096700345e+42	1.9157092619309176e+42	1.439274164291343e+42
73222.7599678876	1.5633657807840948e+43	6.20869821775604e+42	4.928186195746787e+42	3.5758826743937766e+42	2.7819302454652293e+42	1.8879761233253154e+42	6.994331079364707e+41	3.972969344790047e+41	1.743273245031599e+41	3.898530328449102e+42	2.5663337216851695e+42	1.8879761233253154e+42	1.4227660267895673e+42
74886.15764349875	1.4811557480253767e+43	5.958093555962318e+42	4.7660774406226234e+42	3.486061314920627e+42	2.7253531147407013e+42	1.8609015935589364e+42	6.971975838236864e+41	3.978847942336286e+41	1.7550869400962947e+41	3.7932920014974584e+42	2.5176448421361206e+42	1.8609015935589364e+42	1.4075769039670973e+42
76588.66990476896	1.405755650450345e+43	5.702428805145411e+42	4.583886709294806e+42	3.3724343745497356e+42	2.647311762921581e+42	1.817958491132571e+42	6.894495500201714e+41	3.956409667295992e+41	1.756288323530033e+41	3.664171559894594e+42	2.4485896502885237e+42	1.817958491132571e+42	1.3803293692898999e+42
78331.38927941023	1.3404210729328176e+43	5.4951611960279435e+42	4.426383078712972e+42	3.2661085066162077e+42	2.5697898519381755e+42	1.770920355116958e+42	6.772438827976608e+41	3.9030206265530175e+41	1.7420190233500857e+41	3.545823486244216e+42	2.3786434648377243e+42	1.770920355116958e+42	1.347948627945672e+42
80115.48514270903	1.2828786931817002e+43	5.345387383415872e+42	4.329356292948051e+42	3.2128103371708644e+42	2.5368700223459168e+42	1.7560793974155364e+42	6.7719173995860944e+41	3.917091971680828e+41	1.756104885712651e+41	3.4831259784831473e+42	2.35056884492207e+42	1.7560793974155364e+42	1.340300015305679e+42
81942.14584640776	1.2316021701081896e+43	5.1750815115918243e+42	4.2006387972903295e+42	3.128192628377779e+42	2.4769897804911422e+42	1.7217577163121342e+42	6.699720444809605e+41	3.891684705423933e+41	1.7537283337079617e+41	3.388122304941506e+42	2.297123881516783e+42	1.7217577163121342e+42	1.3178004334576267e+42
83812.69544404306	1.1814843101834995e+43	5.062373878836799e+42	4.11751636991779e+42	3.074919143767381e+42	2.4408807398965252e+42	1.7035553021225378e+42	6.690522333916959e+41	3.902271133255319e+41	1.7668097250896313e+41	3.327756298938769e+42	2.26553011185559e+42	1.7035553021225378e+42	1.3076395194768119e+42
85728.48533735094	1.139889834476109e+43	4.980875461196674e+42	4.0554206782990584e+42	3.029388237423474e+42	2.4049467791047458e+42	1.6792585640901757e+42	6.6191552629977264e+41	3.8720059536e+41	1.760675538481079e+41	3.2783854826016596e+42	2.2322976906850064e+42	1.6792585640901757e+42	1.2899055374845444e+42
87690.8934805033	1.1026247205727745e+43	4.910571548214487e+42	4.0025426798926286e+42	2.991569569697915e+42	2.3764486470957893e+42	1.662099335829863e+42	6.5922356968999104e+41	3.870232151345551e+41	1.7680255091687187e+41	3.2369587291915486e+42	2.206461569589749e+42	1.662099335829863e+42	1.2787652317523788e+42
89701.35853979347	1.0681692691031839e+43	4.870985303179948e+42	3.994112716108004e+42	3.0006967900832895e+42	2.389737861199964e+42	1.675365217890591e+42	6.666105659759931e+41	3.920337166847574e+41	1.795703333259911e+41	3.243145200389464e+42	2.2201707126182164e+42	1.675365217890591e+42	1.2903857635994334e+42
91761.34590104668	1.0326922940007778e+43	4.832797074179663e+42	3.976841688606057e+42	2.9957982219847223e+42	2.3894243654863024e+42	1.678251323488027e+42	6.70232092996815e+41	3.9492965875402104e+41	1.813989617560118e+41	3.2358784871625205e+42	2.2208173904115052e+42	1.678251323488027e+42	1.294091520086494e+42
93872.4584885646	1.005818299136035e+43	4.8122420293745326e+42	3.973039043044903e+42	2.999367883372049e+42	2.3948564622062833e+42	1.6844473227583805e+42	6.750168008603695e+41	3.984626687136488e+41	1.8344554215070076e+41	3.238269983618854e+42	2.2265500857166054e+42	1.6844473227583805e+42	1.3001611438429338e+42
96036.3334118145	9.794713464746189e+42	4.806704358174423e+42	3.9794806152596355e+42	3.0069594768954465e+42	2.401274867766914e+42	1.689131026226873e+42	6.775066806489426e+41	4.004255723030652e+41	1.848037877052192e+41	3.2460903595609667e+42	2.2325681455127932e+42	1.689131026226873e+42	1.3039340561399357e+42
98254.66835423298	9.545095612317257e+42	4.8015712033026064e+42	4.003451124550043e+42	3.039028314771818e+42	2.4307395301791294e+42	1.7114085553424562e+42	6.867776412573122e+41	4.061199219044341e+41	1.87664486444383e+41	3.277845563490608e+42	2.2606376908427303e+42	1.7114085553424562e+42	1.3213800977008427e+42
100529.21320271173	9.304733653855724e+42	4.7836228858115295e+42	4.004661747406968e+42	3.047745518397982e+42	2.4412664697436926e+42	1.7225720376561793e+42	6.9506801393070565e+41	4.1210904604106964e+41	1.9101094290703782e+41	3.285410045200009e+42	2.271452673225535e+42	1.7225720376561793e+42	1.3321511457430596e+42
102861.83587048497	9.035050770801196e+42	4.780978315776607e+42	4.0465425005128293e+42	3.1063118571165824e+42	2.4992122292792785e+42	1.7718577028988534e+42	7.198945715192187e+41	4.279317589269113e+41	1.989377694419568e+41	3.3421827901381096e+42	2.328063393257366e+42	1.7718577028988534e+42	1.3736833207452834e+42
105254.45695526317	8.841491867452574e+42	4.785332615667075e+42	4.085585625184294e+42	3.1547164718075064e+42	2.544875643498172e+42	1.8093716030184812e+42	7.388174440769576e+41	4.4006413406181926e+41	2.050097956687291e+41	3.39019291118745e+42	2.372206622697285e+42	1.8093716030184812e+42	1.405089717782356e+42
107709.08208711246	8.629947664928575e+42	4.770285240031865e+42	4.1026184626482605e+42	3.182914525911461e+42	2.5728664731677726e+42	1.8328459945460522e+42	7.502661975941723e+41	4.473382907759099e+41	2.087411862860945e+41	3.4172297475609666e+42	2.399489035869488e+42	1.8328459945460522e+42	1.424655346645747e+42
110227.80198927577	8.418036156769197e+42	4.7502604885627296e+42	4.1330670487221715e+42	3.2321991772100484e+42	2.6207620293631885e+42	1.8710332676258316e+42	7.667521235709463e+41	4.572875697387399e+41	2.1353766888941133e+41	3.4646789261103295e+42	2.4457381457635507e+42	1.8710332676258316e+42	1.455258137633512e+42
112812.79749908404	8.173161386916854e+42	4.726545722104424e+42	4.176364812710249e+42	3.3029419588624086e+42	2.691288898207665e+42	1.929204558879155e+42	7.918320747858552e+41	4.716882060869903e+41	2.198509650140167e+41	3.5322753789614654e+42	2.5143945335005995e+42	1.929204558879155e+42	1.5025084240466832e+42
115466.33356656179	7.992314599213968e+42	4.7061671969797557e+42	4.202993365065682e+42	3.3462104035504694e+42	2.7333320357949158e+42	1.963287651178458e+42	8.079604577305277e+41	4.818812536362384e+41	2.2497742926050857e+41	3.573991553605839e+42	2.5550643333960926e+42	1.963287651178458e+42	1.530447395250494e+42
118190.79581316818	7.787188373969814e+42	4.6464654070069977e+42	4.212617481241493e+42	3.393491814727564e+42	2.7871331085550762e+42	2.01175662817768e+42	8.311722280146034e+41	4.959461796578321e+41	2.316387416437076e+41	3.6154112086469505e+42	2.6087654593807297e+42	2.01175662817768e+42	1.5712802919831014e+42
120988.66519810384	7.577803204876395e+42	4.585151270294452e+42	4.209733953929045e+42	3.4194988986071476e+42	2.8180182787843107e+42	2.0403269829505352e+42	8.468143667466512e+41	5.060825682076124e+41	2.3664207548513223e+41	3.637116845728156e+42	2.639760116850078e+42	2.0403269829505352e+42	1.5960923691434497e+42
123862.53348614972	7.345029841110018e+42	4.483558195530078e+42	4.222620360780393e+42	3.502287465729847e+42	2.9161841749920165e+42	2.1328621687191313e+42	8.946375927301386e+41	5.355642161450654e+41	2.5046879157536732e+41	3.7081851418421383e+42	2.7387862630760598e+42	2.1328621687191313e+42	1.676175226859591e+42
126815.10884072892	7.15667045825794e+42	4.3723314165726686e+42	4.195735208245403e+42	3.5365185557007526e+42	2.9704991470565196e+42	2.194011508368556e+42	9.341128713923411e+41	5.6186445260312205e+41	2.637546790431992e+41	3.730776980682093e+42	2.796343952849537e+42	2.194011508368556e+42	1.7335400317057297e+42
129849.21861499944	6.947062382222213e+42	4.2389826452643973e+42	4.150986069705016e+42	3.5579066741191445e+42	3.014101462996657e+42	2.246008340086019e+42	9.677691490814076e+41	5.8460196838957136e+41	2.7572261056075976e+41	3.7394464453799755e+42	2.843631372542248e+42	2.246008340086019e+42	1.7825305656478853e+42
132967.83105519175	6.7343536911736e+42	4.069657127949463e+42	4.0303925161612363e+42	3.492999985209071e+42	2.9785107450188955e+42	2.2367961727383578e+42	9.763034492183551e+41	5.92881838240516e+41	2.814326907604011e+41	3.661615139990527e+42	2.815164550404534e+42	2.2367961727383578e+42	1.7831111724906475e+42
136174.0472381593	6.533002035913252e+42	3.938213312958062e+42	3.953509117753228e+42	3.463433448077247e+42	2.9688356230837534e+42	2.2411081051087306e+42	9.841879643967909e+41	5.988793014879372e+41	2.8506169233303015e+41	3.622158344533496e+42	2.8097136120363384e+42	2.2411081051087306e+42	1.7908976074223108e+42
139471.114819593	6.314283526270621e+42	3.790550384515912e+42	3.858860021291186e+42	3.418244362697768e+42	2.9461321825479e+42	2.2361696971894957e+42	9.885115924418691e+41	6.027451254923406e+41	2.8764424225967127e+41	3.5662818760098717e+42	2.792074255471797e+42	2.2361696971894957e+42	1.7916317523809883e+42
142862.43584609602	6.093770764815658e+42	3.634261351788636e+42	3.75478082143518e+42	3.3660583069597374e+42	2.918755920459892e+42	2.2293220333635462e+42	9.93105614094895e+41	6.067889747477748e+41	2.9020338384174344e+41	3.50260904321576e+42	2.77044040488407e+42	2.2293220333635462e+42	1.7916665222751395e+42
146351.57607408866	5.872692047592584e+42	3.467928518861639e+42	3.640085619410716e+42	3.3073033597752493e+42	2.888459109214334e+42	2.2234322016068745e+42	9.998073836072828e+41	6.1193416029997614e+41	2.929466745647529e+41	3.4310738552106735e+42	2.7469033232993604e+42	2.2234322016068745e+42	1.7939367185389068e+42
149942.27467197995	5.650997451928269e+42	3.298811636478516e+42	3.520653310899261e+42	3.241773719263622e+42	2.850512752151456e+42	2.2104550011013654e+42	1.0050922779235452e+42	6.175341761630257e+41	2.968267638743231e+41	3.35324940292312e+42	2.7156442199873806e+42	2.2104550011013654e+42	1.790608983511023e+42
153638.4519847053	5.429402413586637e+42	3.126727001128964e+42	3.394759202884273e+42	3.1692428061630594e+42	2.806014297246067e+42	2.1917990589004868e+42	1.0072056621160635e+42	6.210937268298782e+41	2.9965265184337018e+41	3.2683610026356825e+42	2.6780074491111798e+42	2.1917990589004868e+42	1.7822983498287775e+42
157444.2291697906	5.2082214817433303e+42	2.948486757788179e+42	3.260863874278813e+42	3.091244625785754e+42	2.7586281386953153e+42	2.1728236968549252e+42	1.0095910101609641e+42	6.244958348584622e+41	3.0212349329743976e+41	3.177100193004577e+42	2.6381843425824206e+42	2.1728236968549252e+42	1.774401054890936e+42
161363.93201470698	4.9879853592697496e+42	2.7694895577749114e+42	3.122730735773536e+42	3.0077151890042576e+42	2.7059055153782084e+42	2.1494309533839747e+42	1.0097663448512256e+42	6.264902767137767e+41	3.0390191463344425e+41	3.080419593778287e+42	2.5931836790685775e+42	2.1494309533839747e+42	1.7628141260397206e+42
165402.10665322957	4.769108355122445e+42	2.5879503207584012e+42	2.978102995110863e+42	2.9172963355555237e+42	2.6476433657795688e+42	2.1230191452193082e+42	1.0099643393534503e+42	6.2854203912514914e+41	3.054687601237108e+41	2.976615127854004e+42	2.5431752995507225e+42	2.1230191452193082e+42	1.7496588398374108e+42
169563.53362151058	4.5520273021749796e+42	2.4045237008411927e+42	2.8259981203223826e+42	2.817048079228377e+42	2.5802597081528122e+42	2.0905625965977488e+42	1.011268237806492e+42	6.328190915267003e+41	3.0887600785740526e+41	2.863166448296516e+42	2.4845533546702824e+42	2.0905625965977488e+42	1.733052514608289e+42
173853.24293074803	4.337387907231618e+42	2.223115140764303e+42	2.6728880384311817e+42	2.7149349951586357e+42	2.5107213095693195e+42	2.0551263281249422e+42	1.0088391169652259e+42	6.342181055969053e+41	3.107329203591217e+41	2.747948117304917e+42	2.4236370080052443e+42	2.0551263281249422e+42	1.7128793247023844e+42
178276.53033203486	4.1256586214655124e+42	2.041639628763618e+42	2.5148459036752483e+42	2.605962782948128e+42	2.4345678451259582e+42	2.0144889750566563e+42	1.0059712984219426e+42	6.368774287738278e+41	3.1449063397538536e+41	2.626044742062316e+42	2.3563297428186287e+42	2.0144889750566563e+42	1.688867955800196e+42
182838.97355195557	3.917238061257641e+42	1.865459201446547e+42	2.3563105273330615e+42	2.4930869517014304e+42	2.35366892972097e+42	1.9687136204264183e+42	9.990624310909424e+41	6.369401828816491e+41	3.172350994945475e+41	2.5007934476063012e+42	2.284142390130241e+42	1.9687136204264183e+42	1.659725893302434e+42
187546.4551989877	3.7127390016938453e+42	1.693196184478496e+42	2.1964222793526072e+42	2.3764570355100785e+42	2.269431248960824e+42	1.92113086507718e+42	9.913668880719116e+41	6.358544035442453e+41	3.187661401311519e+41	2.3719965265153997e+42	2.2089196253296415e+42	1.92113086507718e+42	1.629558194421583e+42
192405.17934989437	3.512548586043438e+42	1.5264621752893397e+42	2.0366505570205133e+42	2.256671474194358e+42	2.1815608277106634e+42	1.870278504369533e+42	9.816367384437005e+41	6.334037864396703e+41	3.1968242134711023e+41	2.2405336272303808e+42	2.1300851117109773e+42	1.870278504369533e+42	1.5964999340533556e+42
197421.69504781475	3.316283017060516e+42	1.330821081238567e+42	1.8552280432590173e+42	2.134931980606886e+42	2.1053212262019077e+42	1.843025769883898e+42	9.929653143994996e+41	6.4525943420157266e+41	3.2769694194606427e+41	2.1017057613790118e+42	2.0663049140054192e+42	1.843025769883898e+42	1.589605376551655e+42
202602.90779893717	3.1270408527550836e+42	1.1783556093291018e+42	1.6956441408135908e+42	2.0050650178310707e+42	2.0055106480895303e+42	1.782108952143322e+42	9.807045889980784e+41	6.4274040998818236e+41	3.299924093427795e+41	1.9618723185844868e+42	1.9756138081147537e+42	1.782108952143322e+42	1.548877245144471e+42
207956.1809506006	2.94218101236759e+42	1.0061943587651235e+42	1.5188687461133864e+42	1.8725312647230685e+42	1.9149370984813646e+42	1.7419471814823635e+42	9.856951139206376e+41	6.501050569828889e+41	3.3548773515521244e+41	1.8149983817727967e+42	1.8973556169551038e+42	1.7419471814823635e+42	1.5314345844107117e+42
213489.22289795824	2.763327525546966e+42	8.755382791769262e+41	1.3688590610829458e+42	1.740198588506846e+42	1.8089621867140976e+42	1.6743800788385336e+42	9.682867351877044e+41	6.425615579394061e+41	3.338079961448584e+41	1.6750537520067017e+42	1.800051514636671e+42	1.6743800788385336e+42	1.484789200552775e+42
219210.1950616802	2.5908115201273612e+42	7.291656127481504e+41	1.2012057217085175e+42	1.5990815337491685e+42	1.7041927345434805e+42	1.6205244371086525e+42	9.69553985454355e+41	6.48534667388919e+41	3.3884583859849834e+41	1.5231657420287602e+42	1.7070162743424083e+42	1.6205244371086525e+42	1.4567759793680233e+42
225127.73653830943	2.423891571977862e+42	6.205461708826029e+41	1.0634996961737872e+42	1.4659959408459784e+42	1.5921386505815953e+42	1.5453455405630548e+42	9.493693390125931e+41	6.3944700516603065e+41	3.36187898323561e+41	1.3853575454046972e+42	1.6027796284513695e+42	1.5453455405630548e+42	1.4037852544353255e+42
231251.00768011145	2.2643653302528086e+42	5.025224543702273e+41	9.120418404936325e+41	1.3228554823103943e+42	1.4772512264091472e+42	1.4785672765064258e+42	9.459726084609222e+41	6.43535947043793e+41	3.407327961538288e+41	1.2356336404713694e+42	1.498231669819508e+42	1.4785672765064258e+42	1.3647072865446861e+42
237589.72322852092	2.110298095726345e+42	4.172699092462086e+41	7.914896218865666e+41	1.1938960749342771e+42	1.3622007364366287e+42	1.3962362164827984e+42	9.223079760747002e+41	6.327506646726468e+41	3.3739897934082945e+41	1.1052242708902024e+42	1.3895163215118819e+42	1.3962362164827984e+42	1.3048154787249282e+42
244154.20200561726	1.964171665784747e+42	3.2752287099627358e+41	6.615810202080188e+41	1.0555262165808531e+42	1.2421958152569657e+42	1.3181263850104872e+42	9.133651911121518e+41	6.345201986839261e+41	3.414498239490702e+41	9.646432801440858e+41	1.2777058315457769e+42	1.3181263850104872e+42	1.2546552144280549e+42
250955.40732102763	1.823495861978628e+42	2.6454987989848314e+41	5.613539258067599e+41	9.358444357669509e+41	1.128422460044913e+42	1.2304978755663053e+42	8.858113467034339e+41	6.218703044130734e+41	3.375135097884488e+41	8.466902832300966e+41	1.168301350993127e+42	1.2304978755663053e+42	1.1883899804474562e+42
258005.00530409988	1.6909106995538356e+42	2.0053985683227557e+41	4.559701664425096e+41	8.086434104789748e+41	1.009092432933366e+42	1.1439165567111338e+42	8.705322039742534e+41	6.2074332120191914e+41	3.409452391018046e+41	7.212875182040036e+41	1.0544949103161602e+42	1.1439165567111338e+42	1.1281164765301301e+42
265315.41452559957	1.563789012497283e+42	1.570331385807162e+41	3.7721734831257785e+41	7.026987082717163e+41	9.011801435520234e+41	1.0537293974231887e+42	8.386823227679925e+41	6.05877863571632e+41	3.3638579452706004e+41	6.197438602589996e+41	9.487199886474941e+41	1.0537293974231887e+42	1.0567426873910556e+42
272899.874773265	1.4446116046905807e+42	1.1449062013479813e+41	2.9674577463404487e+41	5.918064653504031e+41	7.883678349388757e+41	9.625934608716634e+41	8.165325909706244e+41	6.011656682801006e+41	3.3894036023015436e+41	5.138166978150294e+41	8.385585829949175e+41	9.625934608716634e+41	9.883904872951378e+41
280772.5082597511	1.330871716950672e+42	8.657560886734133e+40	2.3858627661348595e+41	5.027319308415054e+41	6.905827522653933e+41	8.732523534241002e+41	7.802818976857895e+41	5.836759417880307e+41	3.335862343976508e+41	4.309883300543104e+41	7.406958405277367e+41	8.732523534241002e+41	9.139958668969056e+41
288948.4012247318	1.224731183825694e+42	6.042592855652142e+40	1.8107124473938888e+41	4.113819977692626e+41	5.893970411919821e+41	7.820922673535657e+41	7.512464936407702e+41	5.7476938857237775e+41	3.348932044480201e+41	3.466098013281784e+41	6.394465674662185e+41	7.820922673535657e+41	8.405458507131964e+41
297443.6796899505	1.1239345504169694e+42	4.39284788800447e+40	1.4096386458385735e+41	3.4060120462749836e+41	5.050922594505209e+41	6.972256440367048e+41	7.109231573497583e+41	5.5433824730127475e+41	3.2849050677348854e+41	2.829307984725088e+41	5.531449730082765e+41	6.972256440367048e+41	7.65821624156758e+41
306275.6070184618	1.030262491629624e+42	2.919477509807671e+40	1.0275181216174702e+41	2.6983103274634852e+41	4.19261152172651e+41	6.106261343731559e+41	6.755878297692704e+41	5.4083663654199e+41	3.2813296978671814e+41	2.1988087934205105e+41	4.6502380877451924e+41	6.106261343731559e+41	6.908788100379796e+41
315462.6779747027	9.417641983142352e+41	2.0300992345097708e+40	7.712372247535522e+40	2.1698707079988214e+41	3.5044592992688865e+41	5.336236611234418e+41	6.3200237482367074e+41	5.173438482620435e+41	3.2039707673666672e+41	1.7402970258940118e+41	3.928170834257193e+41	5.336236611234418e+41	6.1882157218960816e+41
325024.7363508878	8.5983633233419e+41	1.2770253641475347e+40	5.371778075778549e+40	1.6573359778759072e+41	2.8189914779273468e+41	4.556562349028036e+41	5.9157886282475e+41	4.99164192547571e+41	3.17962093413776e+41	1.301239191726132e+41	3.204807337893963e+41	4.556562349028036e+41	5.462164673273813e+41
334983.0921702983	7.825515988236617e+41	9.189458333687739e+39	4.114416776548384e+40	1.343284992946924e+41	2.358609540192444e+41	3.954783511093054e+41	5.433553134815495e+41	4.672290580206397e+41	3.030715526940802e+41	1.0409833807262019e+41	2.7047829425320908e+41	3.954783511093054e+41	4.8384197345925884e+41
345360.6710789	7.113332783594047e+41	6.545119791749899e+39	3.1234310903072334e+40	1.0806480553005987e+41	1.9603944846344327e+41	3.4132854641145826e+41	4.971232308337872e+41	4.359193342435423e+41	2.8813844439573093e+41	8.263068411480061e+40	2.268245954028187e+41	3.4132854641145826e+41	4.2644471451603586e+41
356182.16718867363	6.452592494210336e+41	4.602759104097036e+39	2.3451409759338196e+40	8.61395282772116e+40	1.6161974428121632e+41	2.9257387082898783e+41	4.526603953523404e+41	4.050845854212741e+41	2.7305974474800423e+41	6.496131190265567e+40	1.887293728655914e+41	2.9257387082898783e+41	3.735532006105253e+41
367474.21360366256	5.840879692485703e+41	3.1958351959570115e+39	1.7412173060883833e+40	6.802178424152741e+40	1.3213952438592547e+41	2.4902010755376898e+41	4.101409527666684e+41	3.748649819681206e+41	2.578963226856695e+41	5.057201424546642e+40	1.5577726376979439e+41	2.4902010755376898e+41	3.2515872211350616e+41
379265.573707343	5.275808950871992e+41	2.1911982736954882e+39	1.2783676662271892e+40	5.320741722422418e+40	1.0712798425168812e+41	2.1042951522005435e+41	3.697213120742189e+41	3.453990030513015e+41	2.4271252667190482e+41	3.8981842088072648e+40	1.2753419375908225e+41	2.1042951522005435e+41	2.8120644595778323e+41
391587.35540696967	4.754981487718662e+41	1.4840938545872924e+39	9.280867116562093e+39	4.1224179216996425e+40	8.611313452329601e+40	1.7652372663000737e+41	3.315339659688339e+41	3.1681889972993846e+41	2.2757417558200003e+41	2.975048507319234e+40	1.035543514153765e+41	1.7652372663000737e+41	2.4159364817752373e+41
404473.25159609213	4.276002434290689e+41	9.935518333041806e+38	6.663686742696851e+39	3.16372519905225e+40	6.8631448906385e+40	1.469917094556501e+41	2.9568557287241567e+41	2.892489155844213e+41	2.1254801944552663e+41	2.2481526406409382e+40	8.339019796294221e+40	1.469917094556501e+41	2.0617366083334064e+41
417959.8106433859	3.8364966853504e+41	6.581002805983809e+38	4.7333180596555775e+39	2.4052972841638165e+40	5.42363811949097e+40	1.2149816275404553e+41	2.6225550431900814e+41	2.6280353543835137e+41	1.977011280672932e+41	1.6823933962886653e+40	6.660169222929756e+40	1.2149816275404553e+41	1.7476077584570734e+41
432086.74136196065	3.434122849131327e+41	4.319124842364528e+38	3.327849821344889e+39	1.812082107667504e+40	4.250552249791876e+40	9.969204029695345e+40	2.3129489331463385e+41	2.37585779462167e+41	1.8310018822102077e+41	1.247195032295069e+40	5.276444563151435e+40	9.969204029695345e+40	1.4713592837538406e+41
446897.25768608786	3.0665853363906822e+41	2.8144925809548886e+38	2.3176510080970725e+39	1.3533809342451076e+40	3.3046264418967017e+40	8.121492296188163e+40	2.0282624202385427e+41	2.136855866297204e+41	1.6881070339930699e+41	9.163611347065923e+39	4.147660611189459e+40	8.121492296188163e+40	1.2305298744532526e+41
462438.4692106151	2.7314053536276324e+41	1.8199726615961228e+38	1.5961550520227747e+39	1.0005362709911057e+40	2.545262600408936e+40	6.56129280312665e+40	1.7668897983633838e+41	1.9105524264097994e+41	1.5486803703911909e+41	6.662447160640127e+39	3.230737449166685e+40	6.56129280312665e+40	1.0211771018318496e+41
478520.4752429867	2.4291775262951547e+41	1.1174912745359837e+38	1.0469448171365676e+39	7.127393247528611e+39	1.9026802035722327e+40	5.188953811196221e+40	1.5275403730514584e+41	1.7033727004928036e+41	1.4227994623576291e+41	4.6540636375261084e+39	2.4473380891578434e+40	5.188953811196221e+40	8.335924817392623e+40
495161.7050470542	2.1596813412715672e+41	6.802958887875489e+37	6.739452467648481e+38	4.9960893738329125e+39	1.402826878051517e+40	4.0589241867335563e+40	1.3123849932548416e+41	1.5118671078976685e+41	1.3039856837175862e+41	3.1963826899849206e+39	1.829693585121194e+40	4.0589241867335563e+40	6.741538207957347e+40
512381.6435292654	1.9185029883365303e+41	4.1365250033414663e+37	4.2582119211213795e+38	3.443968094274363e+39	1.0194937678753085e+40	3.1387774035324044e+40	1.1201307773858826e+41	1.3354810963992075e+41	1.1915992292708029e+41	2.1570288048253392e+39	1.3492737475487877e+40	3.1387774035324044e+40	5.399097346485194e+40
530200.457155487	1.7029170447978046e+41	2.5386748834621892e+37	2.6422824073907154e+38	2.3330320014199474e+39	7.298049375754253e+39	2.398111889160462e+40	9.493848171953569e+40	1.1736633186985094e+41	1.0854664387999018e+41	1.4294141111176478e+39	9.807676042091176e+39	2.398111889160462e+40	4.2796707391215195e+40
548639.0178505639	1.5104194924194925e+41	1.5935532951911424e+37	1.6124733970673986e+38	1.552116174959813e+39	5.1422534319955405e+39	1.8090917402072794e+40	7.98726764524188e+40	1.0258511977465478e+41	9.854326378217292e+40	9.296771627634925e+38	7.02207204246146e+39	1.8090917402072794e+40	3.355682637697459e+40
567718.9277332599	1.3387174294728945e+41	1.0374727972629956e+37	9.70486908852237e+37	1.0134874511936574e+39	3.563730773394638e+39	1.3466241073427986e+40	6.667209970576522e+40	8.91468171739975e+40	8.913553937728869e+40	5.932395066131469e+38	4.9485753425496515e+39	1.3466241073427986e+40	2.601217084835331e+40
587462.5447153251	1.185716822951984e+41	7.080569162139457e+36	5.789322923182944e+37	6.4926805579400406e+38	2.4274211751669406e+39	9.883925583247571e+39	5.519232556542799e+40	7.699201826296588e+40	8.031020825671151e+40	3.714069522019772e+38	3.4299764888420065e+39	9.883925583247571e+39	1.9921914557195603e+40
607893.0089947665	1.0495100662289545e+41	5.082604611159388e+36	3.4505869639965924e+37	4.080263620699159e+38	1.623949056379084e+39	7.148318263429262e+39	4.528890956394971e+40	6.605929220859414e+40	7.2054714122256e+40	2.282639264863084e+38	2.3365898432542335e+39	7.148318263429262e+39	1.5064955156704544e+40
629034.2704744551	9.28363435498265e+40	3.817931232499802e+36	2.0792705764714432e+37	2.5163573494211814e+38	1.0663886482369283e+39	5.090459013934978e+39	3.681839337871493e+40	5.628500078507652e+40	6.43569006374245e+40	1.3792581043222831e+38	1.5633374472633277e+39	5.090459013934978e+39	1.1240894280101766e+40
650911.1171383112	8.20704658959932e+40	2.9693000313645244e+36	1.2861588287574943e+37	1.5247374762155188e+38	6.87006797482609e+38	3.56674645298139e+39	2.963944521940582e+40	4.760323446104984e+40	5.720468343225017e+40	8.218407972504849e+37	1.0266704604447601e+39	3.56674645298139e+39	8.270565875376634e+39
673549.2044184367	7.251107659927143e+40	2.3623920784031862e+36	8.298606248175986e+36	9.100355595913594e+37	4.3410797197052485e+38	2.4571651893923324e+39	2.361409802472551e+40	3.994588671256201e+40	5.05857116416218e+40	4.855086459456626e+37	6.614610628334066e+38	2.4571651893923324e+39	5.996092247264342e+39
696975.0855877525	6.40296343322436e+40	1.9031173535254906e+36	5.651401601878927e+36	5.37505317168054e+37	2.6908535966671252e+38	1.6631696864948485e+39	1.8609035714714658e+40	3.324287885150228e+40	4.448703194013637e+40	2.868591903936567e+37	4.179854062610056e+38	1.6631696864948485e+39	4.280471413610565e+39
721216.243213909	5.651022910900602e+40	1.540846610567963e+36	4.072824542636796e+36	3.1662583186862102e+37	1.6375637037922022e+38	1.1053331568058126e+39	1.449686923380628e+40	2.7422538689044116e+40	3.889476922709858e+40	1.7171254097300898e+37	2.5909879439945118e+38	1.1053331568058126e+39	3.006724669910153e+39
746301.1217115053	4.984851436590374e+40	1.2477241335907804e+36	3.0838476006923394e+36	1.8823480481825336e+37	9.803294487677851e+37	7.208749225822015e+38	1.1157339982610163e+40	2.241212645197198e+40	3.3793838770722697e+40	1.058735777140977e+37	1.576798299463931e+38	7.208749225822015e+38	2.0766571243402386e+39
772259.1610309604	4.395069967299424e+40	1.007511992641318e+36	2.4215743861038354e+36	1.1475697573546371e+37	5.794955089083903e+37	4.611762832851921e+38	8.478389066627685e+39	1.813849118437473e+40	2.9167704550827524e+40	6.839729572428329e+36	9.439335612053486e+37	4.611762832851921e+38	1.4093039553961504e+39
799120.8315237259	3.8732606331287983e+40	8.098272505226965e+35	1.945469299225112e+36	7.302718142166914e+36	3.404704630100758e+37	2.8938375517736955e+38	6.357036751294646e+39	1.4528831206525883e+40	2.4998197618830226e+40	4.684504888797413e+36	5.579533601704542e+37	2.8938375517736955e+38	9.391492532406426e+38
826917.6700249343	3.4118786629382032e+40	6.472881278538126e+35	1.5817572836387982e+36	4.9196716954978964e+36	2.0090578970268585e+37	1.7818110323604e+38	4.70002724971831e+39	1.1511523942093187e+40	2.126540647705014e+40	3.4059336317974606e+36	3.277879223973613e+37	1.7818110323604e+38	6.142112399672078e+38
855682.3171960238	3.0041706310683265e+40	5.141534973699728e+35	1.2917802130639422e+36	3.5243373480541505e+36	1.2085438901579717e+37	1.0779002864777656e+38	3.424208547148757e+39	9.016984305835747e+39	1.7947648687844308e+40	2.6049559047385123e+36	1.9340413776021114e+37	1.0779002864777656e+38	3.940869825996511e+38
885448.5561713753	2.6440988903650045e+40	4.0569112395089705e+35	1.0547327854604854e+36	2.6665409865598997e+36	7.546525068115186e+36	6.423620242246249e+37	2.4566340919591366e+39	6.978507592459208e+39	1.5021529292618407e+40	2.0657247484070782e+36	1.1633504473529989e+37	6.423620242246249e+37	2.4804191941090878e+38
916251.352554555	2.3262719873065536e+40	3.178835080615307e+35	8.586426806530447e+35	2.1013732440486215e+36	4.974326153717331e+36	3.7894972885932357e+37	1.7343911927858083e+39	5.333052809622407e+39	1.2462087262079894e+40	1.674550322694464e+36	7.264837738457306e+36	3.7894972885932357e+37	1.5321590039452379e+38
948126.89581135	2.0458808037492974e+40	2.472821503861207e+35	6.958597183816428e+35	1.69929566573554e+36	3.491994805920178e+36	2.231157041904851e+37	1.2041781272210822e+39	4.021925793832598e+39	1.0243026367050467e+40	1.3726133679386853e+36	4.7902100595616176e+36	2.231157041904851e+37	9.299988613933275e+37
981112.6421084562	1.7986401369032098e+40	1.909240268729032e+35	5.608945359034351e+35	1.393235859406429e+36	2.6028868670712026e+36	1.3275406994353304e+37	8.216666682790857e+38	2.991328038535996e+39	8.337021900457688e+39	1.1294977941999855e+36	3.3650358722152366e+36	1.3275406994353304e+37	5.561813244153827e+37
1015247.3586483856	1.5807354045303562e+40	1.4627319504121225e+35	4.494217913201756e+35	1.148704188910895e+36	2.034472523109778e+36	8.117795114651332e+36	5.506976398903372e+38	2.1927463700970216e+39	6.71608993274075e+39	9.289937980110305e+35	2.5108998805010584e+36	8.117795114651332e+36	3.2931742844667163e+37
1050571.1695529423	1.3887741539205148e+40	1.1117280476987872e+35	3.578320368851598e+35	9.476133193541056e+35	1.641614399820151e+36	5.19705721565704e+36	3.6236340176887694e+38	1.5831696337814847e+39	5.3520017102089736e+39	7.618076221924168e+35	1.9652585208540216e+36	5.19705721565704e+36	1.9462717136101418e+37
1087125.6033494556	1.2197420454643653e+40	8.380195977181173e+34	2.830287846275477e+35	7.79888469507531e+35	1.3489442948864804e+36	3.5339343606869536e+36	2.3403253490013402e+38	1.125130316470502e+39	4.2167227138749574e+39	6.219786105073895e+35	1.5882958376393446e+36	3.5339343606869536e+36	1.162432710496095e+37
1124953.6421158595	1.0709629874194447e+40	6.263571773839185e+34	2.2232980019341937e+35	6.393042145615835e+35	1.117897429045206e+36	2.5624423546670742e+36	1.4836877395528273e+38	7.865804780718796e+38	3.282854189081652e+39	5.0519212692687366e+35	1.3074241002942243e+36	2.5624423546670742e+36	7.134464066373766e+36
1164099.772342678	9.400631037752158e+39	4.640777481598264e+34	1.734105905724838e+35	5.215061484256956e+35	9.286237168140277e+35	1.9657119478857754e+36	9.238918606668777e+37	5.4062139519834995e+38	2.52405477272755e+39	4.080147085782189e+35	1.0855266804709601e+36	1.9657119478857754e+36	4.583543488945553e+36
1204610.0375720123	8.249382286719898e+39	3.4075846121415933e+34	1.3426447425068112e+35	4.23107586121179e+35	7.7047818412109e+35	1.5717970569160036e+36	5.659689211700395e+37	3.651140988884587e+38	1.915421301202818e+39	3.275556341679611e+35	9.035278159649722e+35	1.5717970569160036e+36	3.127147888600931e+36
1246532.092875739	7.237246341453319e+39	2.4789850208938295e+34	1.0316930316393093e+35	3.412892110132186e+35	6.372347617872011e+35	1.2900400068318904e+36	3.421258533122861e+37	2.422029206277489e+38	1.4338108693687533e+39	2.6131580281852398e+35	7.512259337065698e+35	1.2900400068318904e+36	2.2750291766825427e+36
1289915.261237299	6.347727133386802e+39	1.7862993163931978e+34	7.86572795740789e+34	2.736223540631491e+35	5.2478006310323e+35	1.0737148022947801e+36	2.051802653167933e+37	1.577860167475414e+38	1.0580904884694888e+39	2.0711489403488873e+35	6.22677959778666e+35	1.0737148022947801e+36	1.751428444557848e+36
1334810.5919037263	5.566233571138991e+39	1.2745790731259843e+34	5.948671591005328e+34	2.1798681527429314e+35	4.3004743651498014e+35	8.989714348162178e+35	1.2314694901427027e+37	1.0096574096929404e+38	7.693058729984186e+38	1.6304979597401926e+35	5.139739831533534e+35	8.989714348162178e+35	1.4059871720373405e+36
1381270.9207768957	4.8798677944416776e+39	9.003014994139156e+33	4.461547855280578e+34	1.725268980526576e+35	3.505413772228602e+35	7.534537554957598e+35	7.492645192189307e+36	6.350811986276047e+37	5.50766503891044e+38	1.2746522681911346e+35	4.222081176726096e+35	7.534537554957598e+35	1.159056750112736e+36
1429350.9329153856	4.277235633759468e+39	6.293486264089551e+33	3.3176114588294036e+34	1.3562236830123638e+35	2.841291818607778e+35	6.304036723484177e+35	4.698791250276296e+36	3.933522574168556e+37	3.88049643253571e+38	9.892920750980039e+34	3.4501908524522626e+35	6.304036723484177e+35	9.694174867312178e+35
1479107.2272208557	3.7482771676346483e+39	4.352583673777564e+33	2.445275357601144e+34	1.0586530037053435e+35	2.2894780502189334e+35	5.25736179317397e+35	3.090368238439807e+36	2.4067737900152073e+37	2.689309283979581e+38	7.62107807919967e+34	2.8038903597188064e+35	5.25736179317397e+35	8.159782071899342e+35
1530598.3833854275	3.2841154255794716e+39	2.977299758568753e+33	1.785985730352272e+34	8.203944326200969e+34	1.833580842702184e+35	4.366485675166062e+35	2.1579872976139615e+36	1.4628239282128103e+37	1.8325312713776995e+38	5.825908781312088e+34	2.265537563996319e+35	4.366485675166062e+35	6.878218972208982e+35
1583885.0311792344	2.876921450252375e+39	2.0136364883716003e+33	1.2922885419346604e+34	6.310099298902494e+34	1.4591779999439291e+35	3.6098469454452575e+35	1.6030554451331982e+36	8.909523803648974e+36	1.2274731244141749e+38	4.418359324669431e+34	1.819588538835056e+35	3.6098469454452575e+35	5.790149890284149e+35
1639029.9221600827	2.5197940815046807e+39	1.3461156516861736e+33	9.260899972182285e+33	4.816042378227858e+34	1.153621463651041e+35	2.9695317257188594e+35	1.2558636337295631e+36	5.506919225433429e+36	8.082197188785382e+37	3.3235441291351016e+34	1.452342667506209e+35	2.9695317257188594e+35	4.8601363677069895e+35
1696098.0038900313	2.2066529588782164e+39	8.89164327261218e+32	6.571088227678163e+33	3.6465278789960495e+34	9.05872063587703e+34	2.4300349535501754e+35	1.022828398731428e+36	3.509677583411882e+36	5.2335437911472155e+37	2.4789969948983076e+34	1.1517594313433071e+35	2.4300349535501754e+35	4.064208275427486e+35
1755156.496746671	1.9321433899526706e+39	5.80137920010411e+32	4.615165286615377e+33	2.73839871302287e+34	7.063493593044917e+34	1.9776965830060373e+35	8.537674472690885e+35	2.343946779150729e+36	3.336568898599146e+37	1.8330477775691204e+34	9.07305574828996e+34	1.9776965830060373e+35	3.3841371931571375e+35
1816274.9734199566	1.691551838112311e+39	3.7374596074660994e+32	3.2075654336290897e+33	2.0390721491528237e+34	5.467902964703274e+34	1.6004136143074357e+35	7.223698359395955e+35	1.6586148013148557e+36	2.0989307186936619e+37	1.3433270545859638e+34	7.098161706881404e+34	1.6004136143074357e+35	2.804876699900082e+35
1879525.4411886276	1.4807309143076658e+39	2.3766167231408313e+32	2.2053185385182372e+33	1.505137196717779e+34	4.201153658036647e+34	1.2874634214652922e+35	6.1499250372096736e+35	1.2451891364754984e+36	1.3078548972063386e+37	9.754041643051915e+33	5.513645999671064e+34	1.2874634214652922e+35	2.3134314894858978e+35
1944982.4270735478	1.2960328590674256e+39	1.4911286816928745e+32	1.4994795099528565e+33	1.1010673157003016e+34	3.203017469890873e+34	1.0293724240108461e+35	5.2448778939132505e+35	9.835348025674264e+35	8.122450382228081e+36	7.015596859044888e+33	4.251394335706257e+34	1.0293724240108461e+35	1.8983427629705765e+35
2012723.0659687	1.1342505960168818e+39	9.227295822097398e+31	1.0079646279539821e+33	7.980503672636447e+33	2.42263366891829e+34	8.178044093503993e+34	4.469393873706229e+35	8.06436192993442e+35	5.074981020776517e+36	4.996909888305115e+33	3.253274551717566e+34	8.178044093503993e+34	1.549429280445066e+35
2082827.1918540979	9.92565540283728e+38	5.629384203407089e+31	6.696438158896009e+32	5.729376308209393e+33	1.8173846280132376e+34	6.454596877309357e+34	3.800060708454149e+35	6.772955700028663e+35	3.2307431500019844e+36	3.523483960532367e+33	2.4700318874460773e+34	6.454596877309357e+34	1.2576337039944185e+35
2155377.4321985478	8.685014148197932e+38	3.384476435685026e+31	4.3953177183755814e+32	4.07309343285423e+33	1.3518472964991377e+34	5.059806715108806e+34	3.221141755961548e+35	5.7662046523946116e+35	2.126745132827904e+36	2.458957738054034e+33	1.860248063804786e+34	5.059806715108806e+34	1.014912026166984e+35
2230459.305663944	7.598834149114276e+38	2.004362030198323e+31	2.8492729799934655e+32	2.866540097643531e+33	9.968254541403626e+33	3.938628445940056e+34	2.7207811070628576e+35	4.9414765927581934e+35	1.467435202182352e+36	1.697887267768553e+33	1.3893693789937863e+34	3.938628445940056e+34	8.141429749352697e+34
2308161.323226722	6.6480212165017426e+38	1.1687379018552054e+31	1.8235590425095358e+32	1.9965581580521676e+33	7.284640126287199e+33	3.043702023363749e+34	2.289268352966469e+35	4.244302573242851e+35	1.0694382094994553e+36	1.1596137191897676e+33	1.0288053815624049e+34	3.043702023363749e+34	6.490475413004122e+34
2388575.092836139	5.815816351843698e+38	6.706695155429918e+30	1.1518263169582457e+32	1.375836365225139e+33	5.274473532315917e+33	2.334552101373879e+34	1.918252332480354e+35	3.644622600882446e+35	8.222125117896047e+35	7.83120740197791e+32	7.551015774567929e+33	2.334552101373879e+34	5.1411525290348e+34
2471795.4277332337	5.087514476401931e+38	3.785612169876745e+30	7.177436187559259e+31	9.377340894880638e+32	3.78280754945021e+33	1.776830473378152e+34	1.6003737358156009e+35	3.1244993105998605e+35	6.610097166448047e+35	5.2277567576261766e+32	5.491865994516068e+33	1.776830473378152e+34	4.045350320401946e+34
2557920.4585586926	4.450216329476568e+38	2.1007601895677444e+30	4.410569074652775e+31	6.319524399578765e+32	2.686538054257518e+33	1.3416040582893594e+34	1.3290779726778568e+35	2.672005198415401e+35	5.489425580062793e+35	3.4484950756168115e+32	3.9569475453017234e+33	1.3416040582893594e+34	3.161300448899699e+34
2647051.7493823017	3.89260972802487e+38	1.1455048196438742e+30	2.6716782618736453e+31	4.2095985221832124e+32	1.8888266548260533e+33	1.004689340979049e+34	1.098504689375102e+35	2.2782856662110142e+35	4.655175359706311e+35	2.2471050723357756e+32	2.8236270767156224e+33	1.004689340979049e+34	2.4529594898597674e+34
2739294.417791372	3.4047768227093875e+38	6.134158029317086e+29	1.59460218279766e+31	2.770794297909851e+32	1.3142724044236445e+33	7.460354643052952e+33	9.03411414285359e+34	1.9361846087605674e+35	3.9956849122371775e+35	1.4459189450397075e+32	1.9949834144173745e+33	7.460354643052952e+33	1.8894242819134847e+34
2834757.259180309	2.978024332350608e+38	3.2240213872954556e+29	9.373596928641213e+30	1.8014678053580127e+32	9.0478112230845e+32	5.491569706875906e+33	7.391136560127441e+34	1.639605799237128e+35	3.4506335199757395e+35	9.18403452382314e+31	1.3951840770163073e+33	5.491569706875906e+33	1.4443787688636501e+34
2933552.8753885096	2.604734099228872e+38	1.6621210533276464e+29	5.424318918756523e+30	1.1565220407629688e+32	6.160754337752645e+32	4.006174093358781e+33	6.014344886260561e+34	1.3832082258061415e+35	2.98709411418033e+35	5.756107100106606e+31	9.655090941130787e+32	4.006174093358781e+33	1.0955734960568675e+34
3035797.8078389503	2.278231577294045e+38	8.399920291285814e+28	3.088589304159864e+30	7.3287167263089995e+31	4.1478230064320206e+32	2.8956363033427203e+33	4.866600914962933e+34	1.162248468122916e+35	2.586374183293706e+35	3.5584507468414574e+31	6.60971839168963e+32	2.8956363033427203e+33	8.243379230178788e+33
3141612.67533516	1.9926701694550108e+38	4.158632452852528e+28	1.729551621479693e+30	4.582311555442095e+31	2.760339531882648e+32	2.0731049594276248e+33	3.914998567750225e+34	9.724882386155454e+34	2.237056151469052e+35	2.1689752338749646e+31	4.47483473760556e+32	2.0731049594276248e+33	6.151274224134816e+33
3251122.3166798605	1.742929519100681e+38	2.0155447116574294e+28	9.520033721261173e+29	2.8258820023595055e+31	1.8151669147838254e+32	1.469742276227361e+33	3.1304963226351203e+34	8.101311840333945e+34	1.9314469601299097e+35	1.3029501852186594e+31	2.995025005216538e+32	1.469742276227361e+33	4.551049860523784e+33
3364455.9382842635	1.5245261359497706e+38	9.556374113176032e+27	5.1480024184754206e+29	1.7181457312914763e+31	1.1790543996583539e+32	1.0315267896667566e+33	2.4875784399148263e+34	6.717751238043841e+34	1.6638241619187632e+35	7.710660970576515e+30	1.981122572107107e+32	1.0315267896667566e+33	3.33759296211864e+33
3481747.26694301	1.3335348680637588e+38	4.4292822646241566e+27	2.733305044543952e+29	1.0294841347403648e+31	7.56242440997162e+31	7.164949722744208e+32	1.9639369640501985e+34	5.543728051778682e+34	1.4295874273069045e+35	4.4931346463432203e+30	1.2946830884110283e+32	7.164949722744208e+32	2.425586544379673e+33
3603134.7079558847	1.1665199359914751e+38	2.0053123179362842e+27	1.4240658601748214e+29	6.076352099686464e+30	4.7878415905614e+31	4.92390679167393e+32	1.5401727208399602e+34	4.551985375120439e+34	1.2248488555551905e+35	2.5768948897786824e+30	8.356146441648321e+31	4.92390679167393e+32	1.7464082795591773e+33
3728761.508783832	1.020474387379685e+38	8.861279314645323e+26	7.276083785410428e+28	3.53128036881406e+30	2.990929694892998e+31	3.3468631994521355e+32	1.1995133275487226e+34	3.718191550698583e+34	1.0462286470270026e+35	1.453852902911457e+30	5.324555948217331e+31	3.3468631994521355e+32	1.2453800315098902e+33
3858775.928433455	8.927669564504578e+37	3.818754968800905e+26	3.6434514321142055e+28	2.019675973422248e+30	1.8428526293512481e+31	2.2493724976053915e+32	9.275465655831189e+33	3.020682042244871e+34	8.907446266256841e+34	8.064896387064526e+29	3.3483786488757643e+31	2.2493724976053915e+32	8.793544535587099e+32
3993331.4127710117	7.810954384243549e+37	1.6035831760884398e+26	1.7868451675154735e+28	1.1362585553864704e+30	1.1194816148000908e+31	1.4943077937804292e+32	7.119689483786221e+33	2.4402271002181943e+34	7.557449469512371e+34	4.3964330085542806e+29	2.077269885209394e+31	1.4943077937804292e+32	6.146218699373552e+32
