#t	Le	U	B	V	R	I	J	H	K	g	r	i	z
#----------------------------------------------- 
3.7652155130543496	0.0	0.0	0.0	0.0	0.0	0.0	0.0	0.0	0.0	0.0	0.0	0.0	0.0
3.899421307733404	0.0	0.0	0.0	0.0	0.0	0.0	0.0	0.0	0.0	0.0	0.0	0.0	0.0
4.291582735665003	0.0	0.0	0.0	0.0	0.0	0.0	0.0	0.0	0.0	0.0	0.0	0.0	0.0
4.737296338645735	0.0	0.0	0.0	0.0	0.0	0.0	0.0	0.0	0.0	0.0	0.0	0.0	0.0
5.236039461702834	0.0	0.0	0.0	0.0	0.0	0.0	0.0	0.0	0.0	0.0	0.0	0.0	0.0
5.792688242624084	0.0	0.0	0.0	0.0	0.0	0.0	0.0	0.0	0.0	0.0	0.0	0.0	0.0
6.412646613341833	0.0	0.0	0.0	0.0	0.0	0.0	0.0	0.0	0.0	0.0	0.0	0.0	0.0
7.101606142188556	0.0	0.0	0.0	0.0	0.0	0.0	0.0	0.0	0.0	0.0	0.0	0.0	0.0
7.865478507478729	0.0	0.0	0.0	0.0	0.0	0.0	0.0	0.0	0.0	0.0	0.0	0.0	0.0
8.710348145035292	0.0	0.0	0.0	0.0	0.0	0.0	0.0	0.0	0.0	0.0	0.0	0.0	0.0
9.642425040872217	0.0	0.0	0.0	0.0	0.0	0.0	0.0	0.0	0.0	0.0	0.0	0.0	0.0
10.667994210052905	0.0	0.0	0.0	0.0	0.0	0.0	0.0	0.0	0.0	0.0	0.0	0.0	0.0
11.793362307985081	0.0	0.0	0.0	0.0	0.0	0.0	0.0	0.0	0.0	0.0	0.0	0.0	0.0
13.024803313730867	0.0	0.0	0.0	0.0	0.0	0.0	0.0	0.0	0.0	0.0	0.0	0.0	0.0
14.368505899335698	0.0	0.0	0.0	0.0	0.0	0.0	0.0	0.0	0.0	0.0	0.0	0.0	0.0
15.83052525866879	0.0	0.0	0.0	0.0	0.0	0.0	0.0	0.0	0.0	0.0	0.0	0.0	0.0
17.41674191311795	0.0	0.0	0.0	0.0	0.0	0.0	0.0	0.0	0.0	0.0	0.0	0.0	0.0
19.132829434727206	0.0	0.0	0.0	0.0	0.0	0.0	0.0	0.0	0.0	0.0	0.0	0.0	0.0
20.98423225206873	0.0	0.0	0.0	0.0	0.0	0.0	0.0	0.0	0.0	0.0	0.0	0.0	0.0
22.97615386434817	0.0	0.0	0.0	0.0	0.0	0.0	0.0	0.0	0.0	0.0	0.0	0.0	0.0
25.113555007231508	0.0	0.0	0.0	0.0	0.0	0.0	0.0	0.0	0.0	0.0	0.0	0.0	0.0
27.401160682516387	0.0	0.0	0.0	0.0	0.0	0.0	0.0	0.0	0.0	0.0	0.0	0.0	0.0
29.843474535847328	0.0	0.0	0.0	0.0	0.0	0.0	0.0	0.0	0.0	0.0	0.0	0.0	0.0
32.44479885120644	0.0	0.0	0.0	0.0	0.0	0.0	0.0	0.0	0.0	0.0	0.0	0.0	0.0
35.209258408262	0.0	0.0	0.0	0.0	0.0	0.0	0.0	0.0	0.0	0.0	0.0	0.0	0.0
38.14082657464009	0.0	0.0	0.0	0.0	0.0	0.0	0.0	0.0	0.0	0.0	0.0	0.0	0.0
41.2433522311944	0.0	0.0	0.0	0.0	0.0	0.0	0.0	0.0	0.0	0.0	0.0	0.0	0.0
44.52058640213201	0.0	0.0	0.0	0.0	0.0	0.0	0.0	0.0	0.0	0.0	0.0	0.0	0.0
47.97620774734061	0.0	0.0	0.0	0.0	0.0	0.0	0.0	0.0	0.0	0.0	0.0	0.0	0.0
51.61384634075398	0.0	0.0	0.0	0.0	0.0	0.0	0.0	0.0	0.0	0.0	0.0	0.0	0.0
55.437105387349035	0.0	0.0	0.0	0.0	0.0	0.0	0.0	0.0	0.0	0.0	0.0	0.0	0.0
59.44958071840139	0.0	0.0	0.0	0.0	0.0	0.0	0.0	0.0	0.0	0.0	0.0	0.0	0.0
63.65487804591367	0.0	0.0	0.0	0.0	0.0	0.0	0.0	0.0	0.0	0.0	0.0	0.0	0.0
68.05662805741386	0.0	0.0	0.0	0.0	0.0	0.0	0.0	0.0	0.0	0.0	0.0	0.0	0.0
72.65849949878958	0.0	0.0	0.0	0.0	0.0	0.0	0.0	0.0	0.0	0.0	0.0	0.0	0.0
77.46421043115478	0.0	0.0	0.0	0.0	0.0	0.0	0.0	0.0	0.0	0.0	0.0	0.0	0.0
82.47753786530566	0.0	0.0	0.0	0.0	0.0	0.0	0.0	0.0	0.0	0.0	0.0	0.0	0.0
87.70232597944727	0.0	0.0	0.0	0.0	0.0	0.0	0.0	0.0	0.0	0.0	0.0	0.0	0.0
93.1424931187797	0.0	0.0	0.0	0.0	0.0	0.0	0.0	0.0	0.0	0.0	0.0	0.0	0.0
98.80203776145548	0.0	0.0	0.0	0.0	0.0	0.0	0.0	0.0	0.0	0.0	0.0	0.0	0.0
104.68504361810056	0.0	0.0	0.0	0.0	0.0	0.0	0.0	0.0	0.0	0.0	0.0	0.0	0.0
110.79568401368014	0.0	0.0	0.0	0.0	0.0	0.0	0.0	0.0	0.0	0.0	0.0	0.0	0.0
117.13822568165034	0.0	0.0	0.0	0.0	0.0	0.0	0.0	0.0	0.0	0.0	0.0	0.0	0.0
123.71703208304895	0.0	0.0	0.0	0.0	0.0	0.0	0.0	0.0	0.0	0.0	0.0	0.0	0.0
130.5365663465588	0.0	0.0	0.0	0.0	0.0	0.0	0.0	0.0	0.0	0.0	0.0	0.0	0.0
137.6013939108848	0.0	0.0	0.0	0.0	0.0	0.0	0.0	0.0	0.0	0.0	0.0	0.0	0.0
144.91618493870243	0.0	0.0	0.0	0.0	0.0	0.0	0.0	0.0	0.0	0.0	0.0	0.0	0.0
152.48571655909555	0.0	0.0	0.0	0.0	0.0	0.0	0.0	0.0	0.0	0.0	0.0	0.0	0.0
160.31487498700682	0.0	0.0	0.0	0.0	0.0	0.0	0.0	0.0	0.0	0.0	0.0	0.0	0.0
168.40865755893313	0.0	0.0	0.0	0.0	0.0	0.0	0.0	0.0	0.0	0.0	0.0	0.0	0.0
176.77217471845933	0.0	0.0	0.0	0.0	0.0	0.0	0.0	0.0	0.0	0.0	0.0	0.0	0.0
185.41065197813006	0.0	0.0	0.0	0.0	0.0	0.0	0.0	0.0	0.0	0.0	0.0	0.0	0.0
194.3294318807705	0.0	0.0	0.0	0.0	0.0	0.0	0.0	0.0	0.0	0.0	0.0	0.0	0.0
203.53397597827703	0.0	0.0	0.0	0.0	0.0	0.0	0.0	0.0	0.0	0.0	0.0	0.0	0.0
213.02986684310915	0.0	0.0	0.0	0.0	0.0	0.0	0.0	0.0	0.0	0.0	0.0	0.0	0.0
222.82281012534492	0.0	0.0	0.0	0.0	0.0	0.0	0.0	0.0	0.0	0.0	0.0	0.0	0.0
232.91863666560778	0.0	0.0	0.0	0.0	0.0	0.0	0.0	0.0	0.0	0.0	0.0	0.0	0.0
243.32330467229832	0.0	0.0	0.0	0.0	0.0	0.0	0.0	0.0	0.0	0.0	0.0	0.0	0.0
254.04290197057736	0.0	0.0	0.0	0.0	0.0	0.0	0.0	0.0	0.0	0.0	0.0	0.0	0.0
265.08364832907927	0.0	0.0	0.0	0.0	0.0	0.0	0.0	0.0	0.0	0.0	0.0	0.0	0.0
276.451897869871	0.0	0.0	0.0	0.0	0.0	0.0	0.0	0.0	0.0	0.0	0.0	0.0	0.0
288.1541415658528	0.0	0.0	0.0	0.0	0.0	0.0	0.0	0.0	0.0	0.0	0.0	0.0	0.0
300.19700982975735	0.0	0.0	0.0	0.0	0.0	0.0	0.0	0.0	0.0	0.0	0.0	0.0	0.0
312.58727519790364	0.0	0.0	0.0	0.0	0.0	0.0	0.0	0.0	0.0	0.0	0.0	0.0	0.0
325.33185511278265	0.0	0.0	0.0	0.0	0.0	0.0	0.0	0.0	0.0	0.0	0.0	0.0	0.0
338.43781480704087	0.0	0.0	0.0	0.0	0.0	0.0	0.0	0.0	0.0	0.0	0.0	0.0	0.0
351.91237029200704	0.0	0.0	0.0	0.0	0.0	0.0	0.0	0.0	0.0	0.0	0.0	0.0	0.0
365.76289145363745	0.0	0.0	0.0	0.0	0.0	0.0	0.0	0.0	0.0	0.0	0.0	0.0	0.0
379.99690525810837	0.0	0.0	0.0	0.0	0.0	0.0	0.0	0.0	0.0	0.0	0.0	0.0	0.0
394.6220990707577	0.0	0.0	0.0	0.0	0.0	0.0	0.0	0.0	0.0	0.0	0.0	0.0	0.0
409.64632409152705	0.0	0.0	0.0	0.0	0.0	0.0	0.0	0.0	0.0	0.0	0.0	0.0	0.0
425.0775989091684	0.0	0.0	0.0	0.0	0.0	0.0	0.0	0.0	0.0	0.0	0.0	0.0	0.0
440.92411317710764	0.0	0.0	0.0	0.0	0.0	0.0	0.0	0.0	0.0	0.0	0.0	0.0	0.0
457.19423141512243	0.0	0.0	0.0	0.0	0.0	0.0	0.0	0.0	0.0	0.0	0.0	0.0	0.0
473.89649693956665	0.0	0.0	0.0	0.0	0.0	0.0	0.0	0.0	0.0	0.0	0.0	0.0	0.0
491.039635925518	0.0	0.0	0.0	0.0	0.0	0.0	0.0	0.0	0.0	0.0	0.0	0.0	0.0
508.632561605069	0.0	0.0	0.0	0.0	0.0	0.0	0.0	0.0	0.0	0.0	0.0	0.0	0.0
526.6843786050106	0.0	0.0	0.0	0.0	0.0	0.0	0.0	0.0	0.0	0.0	0.0	0.0	0.0
545.2043874288221	0.0	0.0	0.0	0.0	0.0	0.0	0.0	0.0	0.0	0.0	0.0	0.0	0.0
564.2020890861356	0.0	0.0	0.0	0.0	0.0	0.0	0.0	0.0	0.0	0.0	0.0	0.0	0.0
583.6871898753923	0.0	0.0	0.0	0.0	0.0	0.0	0.0	0.0	0.0	0.0	0.0	0.0	0.0
603.669606323048	0.0	0.0	0.0	0.0	0.0	0.0	0.0	0.0	0.0	0.0	0.0	0.0	0.0
624.1594702848845	0.0	0.0	0.0	0.0	0.0	0.0	0.0	0.0	0.0	0.0	0.0	0.0	0.0
645.1671342141966	0.0	0.0	0.0	0.0	0.0	0.0	0.0	0.0	0.0	0.0	0.0	0.0	0.0
666.7031766043018	0.0	0.0	0.0	0.0	0.0	0.0	0.0	0.0	0.0	0.0	0.0	0.0	0.0
688.7784076088902	0.0	0.0	0.0	0.0	0.0	0.0	0.0	0.0	0.0	0.0	0.0	0.0	0.0
711.4038748467226	0.0	0.0	0.0	0.0	0.0	0.0	0.0	0.0	0.0	0.0	0.0	0.0	0.0
734.5908693972476	0.0	0.0	0.0	0.0	0.0	0.0	0.0	0.0	0.0	0.0	0.0	0.0	0.0
758.3509319916311	0.0	0.0	0.0	0.0	0.0	0.0	0.0	0.0	0.0	0.0	0.0	0.0	0.0
782.6958594103722	0.0	0.0	0.0	0.0	0.0	0.0	0.0	0.0	0.0	0.0	0.0	0.0	0.0
807.6377110912438	0.0	0.0	0.0	0.0	0.0	0.0	0.0	0.0	0.0	0.0	0.0	0.0	0.0
833.1888159543199	0.0	0.0	0.0	0.0	0.0	0.0	0.0	0.0	0.0	0.0	0.0	0.0	0.0
859.3617794565349	0.0	0.0	0.0	0.0	0.0	0.0	0.0	0.0	0.0	0.0	0.0	0.0	0.0
886.1694908798124	0.0	0.0	0.0	0.0	0.0	0.0	0.0	0.0	0.0	0.0	0.0	0.0	0.0
913.6251308609664	0.0	0.0	0.0	0.0	0.0	0.0	0.0	0.0	0.0	0.0	0.0	0.0	0.0
941.7421791755102	0.0	0.0	0.0	0.0	0.0	0.0	0.0	0.0	0.0	0.0	0.0	0.0	0.0
970.5344227817104	0.0	0.0	0.0	0.0	0.0	0.0	0.0	0.0	0.0	0.0	0.0	0.0	0.0
1000.0159641394117	0.0	0.0	0.0	0.0	0.0	0.0	0.0	0.0	0.0	0.0	0.0	0.0	0.0
1030.2012298084699	0.0	0.0	0.0	0.0	0.0	0.0	0.0	0.0	0.0	0.0	0.0	0.0	0.0
1061.1049793407194	0.0	0.0	0.0	0.0	0.0	0.0	0.0	0.0	0.0	0.0	0.0	0.0	0.0
1092.7423144736097	0.0	0.0	0.0	0.0	0.0	0.0	0.0	0.0	0.0	0.0	0.0	0.0	0.0
1125.13973357322	0.0	0.0	0.0	0.0	0.0	0.0	0.0	0.0	0.0	0.0	0.0	0.0	0.0
1158.3123736110524	0.0	0.0	0.0	0.0	0.0	0.0	0.0	0.0	0.0	0.0	0.0	0.0	0.0
1192.2757886662848	0.0	0.0	0.0	0.0	0.0	0.0	0.0	0.0	0.0	0.0	0.0	0.0	0.0
1227.045957516032	0.0	0.0	0.0	0.0	0.0	0.0	0.0	0.0	0.0	0.0	0.0	0.0	0.0
1262.6392917689113	0.0	0.0	0.0	0.0	0.0	0.0	0.0	0.0	0.0	0.0	0.0	0.0	0.0
1299.072644558483	0.0	0.0	0.0	0.0	0.0	0.0	0.0	0.0	0.0	0.0	0.0	0.0	0.0
1336.3633198084087	0.0	0.0	0.0	0.0	0.0	0.0	0.0	0.0	0.0	0.0	0.0	0.0	0.0
1374.5290820617497	0.0	0.0	0.0	0.0	0.0	0.0	0.0	0.0	0.0	0.0	0.0	0.0	0.0
1413.588166898631	0.0	0.0	0.0	0.0	0.0	0.0	0.0	0.0	0.0	0.0	0.0	0.0	0.0
1453.5592919496492	0.0	0.0	0.0	0.0	0.0	0.0	0.0	0.0	0.0	0.0	0.0	0.0	0.0
1494.4616685186606	0.0	0.0	0.0	0.0	0.0	0.0	0.0	0.0	0.0	0.0	0.0	0.0	0.0
1536.3150138018586	0.0	0.0	0.0	0.0	0.0	0.0	0.0	0.0	0.0	0.0	0.0	0.0	0.0
1579.1395636795587	0.0	0.0	0.0	0.0	0.0	0.0	0.0	0.0	0.0	0.0	0.0	0.0	0.0
1622.9560862178707	4.387511030649142e+29	1.3036965879695003e+27	7.335447334103879e+26	3.847199853835883e+26	2.4747747646201203e+26	1.336419922444025e+26	3.375860943455574e+25	1.663135391810315e+25	6.282626857666281e+24	4.527084445518056e+26	2.1649389644126017e+26	1.336419922444025e+26	8.82028101202318e+25
1667.785895835251	2.844730932907094e+30	8.929752761429046e+27	5.027203046588507e+27	2.6378771963265234e+27	1.6973143664846034e+27	9.168617224696889e+26	2.3171624803850616e+26	1.1417581504230098e+26	4.3138448491459574e+25	3.103703534496944e+27	1.484923402553474e+27	9.168617224696889e+26	6.052270173314391e+26
1713.6508681460273	1.6561728413169645e+31	5.490659605107141e+28	3.092804304126459e+28	1.6236562513586678e+28	1.0450101430418139e+28	5.646749724407346e+27	1.427794182960303e+27	7.036537368096869e+26	2.6590551551459526e+26	1.9101644475685386e+28	9.143123303513405e+27	5.646749724407346e+27	3.728114120984358e+27
1760.5734555006366	8.718044320135495e+31	3.0517142551267725e+29	1.7199539884241623e+29	9.033905914432985e+28	5.815976611140123e+28	3.1436877545038985e+28	7.952878772107505e+27	3.9200780961448185e+27	1.481638479260157e+27	1.0626798006530396e+29	5.088966135948949e+28	3.1436877545038985e+28	2.0759050981254053e+28
1808.5767032317729	4.15591267676227e+32	1.5356297484249334e+30	8.659817397011032e+29	4.550804999280655e+29	2.9306098222909998e+29	1.584585814737706e+29	4.010718305509693e+28	1.977291595385432e+28	7.474784819392747e+27	5.3525957584611494e+29	2.5644739634639064e+29	1.584585814737706e+29	1.0465562062221535e+29
1857.6842666388789	1.8051625237664668e+33	7.039222811524314e+30	3.9719200484771935e+30	2.0883558575878422e+30	1.3452376898328523e+30	7.276124890213956e+29	1.8426022842544684e+29	9.085725944844705e+28	3.4353369746181128e+28	2.4560048724673595e+30	1.17726236593124e+30	7.276124890213956e+29	4.806477757641849e+29
1907.9204287290884	7.567000431825308e+33	3.004367342607451e+31	1.6955659838155215e+31	8.916506388089285e+30	5.744225511120003e+30	3.107285287288136e+30	7.870254305590627e+29	3.881000392114227e+29	1.4675099561088742e+29	1.0485810556941043e+31	5.0270963171792846e+30	3.107285287288136e+30	2.0527449827279317e+30
1959.3101187355023	3.0462512208250294e+34	1.1964498070056299e+32	6.751559415887573e+31	3.5500792218436674e+31	2.286910677162029e+31	1.2369992484118678e+31	3.1327872487200205e+30	1.5447902644441157e+30	5.841039321892874e+29	4.174994385283688e+31	2.001372658900179e+31	1.2369992484118678e+31	8.171596130124304e+30
2011.8789314478706	1.0260437739911809e+35	4.2854891531868466e+32	2.4199547957566157e+32	1.2732224863286963e+32	8.204679169823831e+31	4.4396603621300195e+31	1.1250575795825462e+31	5.548893619030099e+30	2.0985662056126088e+30	1.4971379159572315e+32	7.180920556087322e+31	4.4396603621300195e+31	2.933464859886976e+31
2065.6531473793943	3.308955384319598e+35	1.4405676826193597e+33	8.138513839413277e+32	4.283740805786573e+32	2.7610929567152687e+32	1.4944612716495596e+32	3.7887058570712066e+31	1.8689018587668315e+31	7.06917184308062e+30	5.036619915814826e+32	2.4167231121089308e+32	1.4944612716495596e+32	9.875980790425571e+31
2120.6597538042784	9.612766026667854e+35	4.477690160143057e+33	2.5316677645404124e+33	1.3334804425283086e+33	8.598290181154071e+32	4.655949185074588e+32	1.1811809332020414e+32	5.827987125564588e+31	2.2050080352404246e+31	1.5675933989847112e+33	7.526681727065895e+32	4.655949185074588e+32	3.07759291192132e+32
2176.926466692026	2.692901569454502e+36	1.3166210152063151e+34	7.448412077738686e+33	3.9252283592290726e+33	2.531705679976399e+33	1.3713566180297544e+33	3.4808059861290444e+32	1.717750202129172e+32	6.500276391250908e+31	4.6138233868713534e+33	2.216348638924387e+33	1.3713566180297544e+33	9.066340224202729e+32
2234.481753591518	6.920676944163187e+36	3.618472048305119e+34	2.0487227080865844e+34	1.080434111838759e+34	6.971412229218696e+33	3.7779650285450325e+33	9.596234953141199e+32	4.736871858700477e+32	1.7929868611687e+32	1.2697621308946117e+34	6.103697357124319e+33	3.7779650285450325e+33	2.4983371372977694e+33
2293.3548574693295	1.7148475787150694e+37	9.455606639957225e+34	5.357173229505799e+34	2.8268684972439304e+34	1.824607497079842e+34	9.891653480179532e+33	2.5140051491465748e+33	1.2412138067267557e+33	4.69920322120681e+32	3.3217831837710717e+34	1.5976443969893477e+34	9.891653480179532e+33	6.542631588400156e+33
2353.5758215410638	3.954919127668043e+37	2.330325192179116e+35	1.3213923324218492e+35	6.977946659833041e+34	4.505803890328728e+34	2.4438761593746833e+34	6.215864471172831e+33	3.069704386029234e+33	1.1624972324534736e+33	8.198202064460135e+34	3.9457730364333777e+34	2.4438761593746833e+34	1.6168822961340733e+34
2415.175515168623	8.806499765652695e+37	5.487472600400082e+35	3.113913909001186e+35	1.6454479900971197e+35	1.062881878123472e+35	5.767281158775525e+34	1.4678246359774297e+34	7.2505025177328e+33	2.7464083492436804e+33	1.932905314701049e+35	9.308662331932166e+34	5.767281158775525e+34	3.816543392317341e+34
2478.185660901523	1.8450045716663904e+38	1.2276680193199886e+36	6.972673571584512e+35	3.687364023544384e+35	2.3828946911426048e+35	1.2936196597667509e+35	3.2949384181273784e+34	1.628021684238518e+34	6.168497307926852e+33	4.3307661495688996e+35	2.08717189166121e+35	1.2936196597667509e+35	8.562997766514645e+34
2542.6388627210154	3.740521767950741e+38	2.636424411931966e+36	1.498577846490075e+36	7.930506988806484e+35	5.1269466128693635e+35	2.784545800259581e+35	7.09738612164737e+34	3.507665395255218e+34	1.3293737247358703e+34	9.312789935702971e+35	4.491155477974164e+35	2.784545800259581e+35	1.8436630491424555e+35
2608.5686354064615	7.195207533496034e+38	5.41205393844253e+36	3.079120640408404e+36	1.630803825840224e+36	1.0547641027173114e+36	5.731593323077721e+35	1.4620783705202689e+35	7.227931581118887e+34	2.7401223244241416e+34	1.9146951329731477e+36	9.240762954205567e+35	5.731593323077721e+35	3.796011859510109e+35
2676.009435138326	1.3427814909138854e+39	1.070905075933578e+37	6.097978217133025e+36	3.232119425456064e+36	2.0913265890069834e+36	1.1369704255438296e+36	2.902476279905284e+35	1.4352454452397256e+35	5.442510388642927e+34	3.7941153600806607e+36	1.832413475159027e+36	1.1369704255438296e+36	7.532112138894333e+35
2744.9966913857643	2.3936007946343183e+39	2.0360582698185034e+37	1.1604959928056762e+37	6.156219329150075e+36	3.985224584060849e+36	2.167774847440248e+36	5.538595760408445e+35	2.7395923301230455e+35	1.0391810748131777e+35	7.225247695372544e+36	3.492286785153414e+36	2.167774847440248e+36	1.4365213415103673e+36
2815.5668401327607	4.14975274969396e+39	3.7452037702395883e+37	2.136602279662709e+37	1.1343366183790837e+37	7.346376652906752e+36	3.9981135355214735e+36	1.0223164778590932e+36	5.0581638659917355e+35	1.9192106486410584e+35	1.3310702351879653e+37	6.4384685370707e+36	3.9981135355214735e+36	2.650182537871871e+36
2887.757358579734	6.908593518596103e+39	6.647794390339058e+37	3.7963365551810885e+37	2.0172953563970913e+37	1.307117402425988e+37	7.117729491731398e+36	1.8216059556919977e+36	9.015639696548744e+35	3.421877046869149e+35	2.3666826560154697e+37	1.1457294032969606e+37	7.117729491731398e+36	4.719526663676814e+36
2961.60678782519	1.1209620982015124e+40	1.1452040888681666e+38	6.546229018785186e+37	3.481502685302593e+37	2.2569239372180703e+37	1.2296418231251527e+37	3.1496212879622783e+36	1.559298869135233e+36	5.920106092952111e+35	4.0836866895244455e+37	1.9785182692621752e+37	1.2296418231251527e+37	8.155793573226251e+36
3037.1548205929503	1.753642936551936e+40	1.910318476329377e+38	1.0931454303910631e+38	5.819177960182331e+37	3.7743095608010853e+37	2.0575839786003815e+37	5.2752205096095414e+36	2.612482400935033e+36	9.921992364294368e+35	6.824234082093904e+37	3.3091916903045098e+37	2.0575839786003815e+37	1.3651766657651076e+37
3114.4422932492416	2.6775648804957785e+40	3.1002327474922976e+38	1.7759043701586976e+38	9.462410543871233e+37	6.140418165994581e+37	3.3494236934518053e+37	8.595013006341036e+36	4.257919839596993e+36	1.617650607734099e+36	1.1094376022040207e+38	5.384459861063094e+37	3.3494236934518053e+37	2.2230106657205645e+37
3193.511232782498	3.9521620330772857e+40	4.884360844179586e+38	2.801116311440169e+38	1.4940022798170172e+38	9.700394371069895e+37	5.2946634112005e+37	1.3600241814345486e+37	6.73983401881928e+36	2.5614856557451116e+36	1.751266247032757e+38	8.507446956000802e+37	5.2946634112005e+37	3.5153105902406067e+37
3274.4049026193966	5.695806833383443e+40	7.498887758413617e+38	4.305438740589223e+38	2.2986581167872237e+38	1.4933231910500674e+38	8.156028728301742e+37	2.0970912238350922e+37	1.039611153297804e+37	3.952469250579353e+36	2.69386223645426e+38	1.3098728405234336e+38	8.156028728301742e+37	5.41698290958172e+37
3357.16784892947	7.943842500689893e+40	1.1193996387539618e+39	6.435108181689277e+38	3.439505247284299e+38	2.2358474699608694e+38	1.2220025680401263e+38	3.145473671155875e+37	1.5599347988268313e+37	5.933008446563967e+36	4.0298277947521325e+38	1.961507021074811e+38	1.2220025680401263e+38	8.119332018254287e+37
3441.845948243505	1.0808288538010496e+41	1.6295355770475176e+39	9.379909672688953e+38	5.019193811578136e+38	3.2647765457070533e+38	1.7856477014992063e+38	4.601467011619305e+37	2.282902482520529e+37	8.686218656586236e+36	5.879105601571415e+38	2.8646744857422766e+38	1.7856477014992063e+38	1.1869091172064423e+38
3528.486456786897	1.4222201582614311e+41	2.3076495585729223e+39	1.3302635875427722e+39	7.127354960417255e+38	4.639319366247484e+38	2.5394908392483806e+38	6.552276489889766e+37	3.252178129877031e+37	1.2379795242489541e+37	8.3460067685705e+38	4.071544336346307e+38	2.5394908392483806e+38	1.6887397164095e+38
3617.138061866771	1.8218402238617165e+41	3.1864258758129655e+39	1.8396741091016505e+39	9.870027464726768e+38	6.42936086637308e+38	3.522327449599025e+38	9.100187334897166e+37	4.518912437293755e+37	1.720994265108925e+37	1.1554059671130749e+39	5.643654494193565e+38	3.522327449599025e+38	2.3434242684117705e+38
3707.8509355491556	2.2525197289199464e+41	4.278778746722151e+39	2.4746891944906337e+39	1.3297419138700207e+39	8.669332027326365e+38	4.754103609727555e+38	1.2301103876604006e+38	6.111629242925341e+37	2.3288273833487533e+37	1.556075620365173e+39	7.61163965573385e+38	4.754103609727555e+38	3.164634003108234e+38
3800.6767906601503	2.7038766347774058e+41	5.598468442508474e+39	3.2441389928439055e+39	1.74611312951769e+39	1.1394379593401125e+39	6.255041140252351e+38	1.6211194921186964e+38	8.05890857726735e+37	3.072632826348267e+37	2.0425365462283006e+39	1.000671797271888e+39	6.255041140252351e+38	4.1661817460913995e+38
3895.668939294125	3.125564568481644e+41	7.118838362850253e+39	4.134252705785451e+39	2.2295019318827642e+39	1.456422630121389e+39	8.004846244847224e+38	2.078523008929718e+38	1.0339553547532108e+38	3.944832799086897e+37	2.6068375971485423e+39	1.2794206101427222e+39	8.004846244847224e+38	5.335224633685557e+38
3992.882353971676	3.501907414276023e+41	8.816311396139474e+39	5.13250589837147e+39	2.773717752124328e+39	1.814049040605408e+39	9.983728267526531e+38	2.5977161159429538e+38	1.2931597507439762e+38	4.9374154847045155e+37	3.241588828059721e+39	1.594087999810169e+39	9.983728267526531e+38	6.659058780765769e+38
4092.3737316551833	4.3456455918009225e+41	1.1124223213087976e+40	6.4787740399665e+39	3.5025428572002856e+39	2.2911683519517047e+39	1.2612454993840155e+39	3.282856928260807e+38	1.6344289099446966e+38	6.241203298852129e+37	4.093012772162169e+39	2.013463531426239e+39	1.2612454993840155e+39	8.413457713348202e+38
4194.2015607552075	5.751946388089367e+41	1.4131917691138037e+40	8.222049266027844e+39	4.441018117050904e+39	2.903638988846137e+39	1.5975040545120436e+39	4.154482603803201e+38	2.067755476209158e+38	7.893446130247066e+37	5.190757975810296e+39	2.551359087305136e+39	1.5975040545120436e+39	1.0653248862191396e+39
4298.426191306565	6.192396898100042e+41	1.6513670177238897e+40	9.62750456086506e+39	5.209484957030231e+39	3.409439361753332e+39	1.8778899328335115e+39	4.8921705826923926e+38	2.4363971740164128e+38	9.306486680382309e+37	6.086467873896264e+39	2.996593557532928e+39	1.8778899328335115e+39	1.253084806871895e+39
4405.109908553611	6.757340268547628e+41	1.9119848862787735e+40	1.1164014173216196e+40	6.048988356391905e+39	3.96178041121208e+39	2.1839436500857306e+39	5.696876355323091e+38	2.838442924943581e+38	1.0847235773142317e+38	7.065138178178779e+39	3.4827455021613144e+39	2.1839436500857306e+39	1.4579856446780263e+39
4514.317010005644	6.8175532964592175e+41	2.128116112058125e+40	1.2458923394252454e+40	6.766212126935948e+39	4.437148914564719e+39	2.4495257586371013e+39	6.40395625054634e+38	3.1932322971235937e+38	1.2212809956872038e+38	7.898685101958413e+39	3.9019739796211416e+39	2.4495257586371013e+39	1.636593680960199e+39
4626.11388633761	6.98055621833935e+41	2.3531554722209005e+40	1.3806226909246152e+40	7.51205644198914e+39	4.9313590426632406e+39	2.725561173468268e+39	7.138606752050937e+38	3.561815842308507e+38	1.3631331872390964e+38	8.765593769921268e+39	4.33779024383984e+39	2.725561173468268e+39	1.82220681104495e+39
4740.56910615412	6.760244787973714e+41	2.5263784887344593e+40	1.486764463826205e+40	8.111014818301133e+39	5.3322843107705004e+39	2.95202043351995e+39	7.751486745655515e+38	3.871052516973131e+38	1.482825441864313e+38	9.458793344196772e+39	4.692298864841624e+39	2.95202043351995e+39	1.975410790112499e+39
4857.753504852758	6.66979201724542e+41	2.706684763995103e+40	1.5969337661954962e+40	8.731360297765921e+39	5.747080168956851e+39	3.186049211523637e+39	8.383851696228372e+38	4.189959120876319e+38	1.6061995004823968e+38	1.017708141963215e+40	5.058970450613623e+39	3.186049211523637e+39	2.133642565200873e+39
4977.740277810594	6.319674836590125e+41	2.8389621383312265e+40	1.6805099654790343e+40	9.214702867513993e+39	6.074753538188696e+39	3.3737151338057216e+39	8.90214593885015e+38	4.453245044231741e+38	1.7087962497725065e+38	1.0733442387018905e+40	5.349680301604229e+39	3.3737151338057216e+39	2.2615458404708733e+39
5100.6050780925825	6.124135610982889e+41	2.9863233247071194e+40	1.7726872327666695e+40	9.743761974141878e+39	6.432072905298951e+39	3.577548526120727e+39	9.461964842387634e+38	4.7371158337750185e+38	1.819220381238402e+38	1.134342738054726e+40	5.666383556342912e+39	3.577548526120727e+39	2.4001810130624024e+39
5226.426119003568	5.763911115147123e+41	3.097234543012062e+40	1.8449297533962256e+40	1.0171504134551295e+40	6.725526075756913e+39	3.747777826596444e+39	9.940809714792026e+38	4.9818329051984044e+38	1.9151528001916504e+38	1.1833261135810443e+40	5.92754432789272e+39	3.747777826596444e+39	2.516986201831251e+39
5355.284281797014	5.5569943608683e+41	3.2339982404872965e+40	1.932190640232275e+40	1.0680370847614261e+40	7.072051659401505e+39	3.9472398291549254e+39	1.049588975309019e+39	5.264541205446223e+38	2.02560878163029e+38	1.241790277988256e+40	6.235349198022896e+39	3.9472398291549254e+39	2.6533024797702286e+39
5487.2632288408395	5.245325687113341e+41	3.347128263488158e+40	2.0070939010213457e+40	1.1129540653876653e+40	7.382205314655147e+39	4.1284169419070223e+39	1.1010697668066676e+39	5.528515953440704e+38	2.1294339851920476e+38	1.2930842527323177e+40	6.511840809309386e+39	4.1284169419070223e+39	2.7780806171255855e+39
5622.449522521165	5.064648819757213e+41	3.4936024853588284e+40	2.1017473180623247e+40	1.1687240688170069e+40	7.764037074325068e+39	4.3495049506613314e+39	1.1631352735519404e+39	5.8455491395124715e+38	2.2536645794901594e+38	1.357012118746375e+40	6.851490866459544e+39	4.3495049506613314e+39	2.9296573852286e+39
5760.932713859621	4.8136775138008885e+41	3.62574301171612e+40	2.18970698683236e+40	1.2217215313613944e+40	8.13094528365845e+39	4.564473362470844e+39	1.2244973665763175e+39	6.16068848647685e+38	2.377812257105732e+38	1.4174681099267355e+40	7.178808714446351e+39	4.564473362470844e+39	3.077950689233863e+39
5902.807183938328	4.662782727375971e+41	3.792693238825985e+40	2.2987385046612495e+40	1.2865242278072268e+40	8.576659084411726e+39	4.823860871660191e+39	1.2978650728935083e+39	6.53640711944525e+38	2.5254148994425515e+38	1.4916057323229923e+40	7.575767124249006e+39	4.823860871660191e+39	3.256272395268517e+39
6048.507470753081	4.4547712331407354e+41	3.942820026491768e+40	2.399712568462686e+40	1.3478804973477195e+40	9.003329698790945e+39	5.075071371545493e+39	1.3700949800389864e+39	6.908268229714222e+38	2.672267148894623e+38	1.561464867900419e+40	7.95684826860976e+39	5.075071371545493e+39	3.430024967515953e+39
6198.102711253565	4.327686556617444e+41	4.1277620695753166e+40	2.5221578253324575e+40	1.4214674245196491e+40	9.512402594821959e+39	5.373220441720737e+39	1.4552201301932473e+39	7.345567355306702e+38	2.84460205545076e+38	1.6454446915660247e+40	8.41093088168625e+39	5.373220441720737e+39	3.635694955862746e+39
6351.631965082426	5.6933448809443885e+41	4.895900118412014e+40	2.9755655393653756e+40	1.6692904158954137e+40	1.114283808303688e+40	6.276392444006487e+39	1.692475885604548e+39	8.530411703347585e+38	3.298428826563327e+38	1.9343405798606335e+40	9.845919132940632e+39	6.276392444006487e+39	4.240205611803718e+39
6509.210889357893	6.0120167198799425e+41	5.314999453443754e+40	3.23472811496926e+40	1.8168346849739243e+40	1.213555251448541e+40	6.840536760624601e+39	1.8466575380691672e+39	9.311094833407135e+38	3.6016980652551905e+38	2.104744971309974e+40	1.0724954461611062e+40	6.840536760624601e+39	4.6231800943671066e+39
6671.01604108196	6.1947893894042624e+41	5.72043185738215e+40	3.4886129960384464e+40	1.9628889604942944e+40	1.3123675808480424e+40	7.405507562885371e+39	2.002473339693412e+39	1.0102473805159084e+39	3.9100696337267266e+38	2.2730353069546864e+40	1.160120878967178e+40	7.405507562885371e+39	5.007981773040908e+39
6837.15931725344	6.023934929105028e+41	5.983778409687212e+40	3.664519156597957e+40	2.069344421488554e+40	1.386276753844381e+40	7.840048276856638e+39	2.127236694538498e+39	1.0744587242571248e+39	4.1635856229737656e+38	2.394339448139692e+40	1.2261081823397592e+40	7.840048276856638e+39	5.308353961214172e+39
7007.768835186378	5.920907775436854e+41	6.305896617523487e+40	3.876166500778893e+40	2.195872519251414e+40	1.4735957222329548e+40	8.350205640899993e+39	2.2724329787413086e+39	1.1489771153864026e+39	4.4569908900295564e+38	2.538896531627181e+40	1.3039474269422144e+40	8.350205640899993e+39	5.659846648195066e+39
7182.987641617952	5.7514464275960535e+41	6.570156268660599e+40	4.057009026073173e+40	2.307384953337132e+40	1.5517542812987374e+40	8.814441273769686e+39	2.4076889044181132e+39	1.2189241628543818e+39	4.734470573625134e+38	2.6654430109105645e+40	1.3739019832228778e+40	8.814441273769686e+39	5.982478973920343e+39
7362.965313026213	5.58135088454617e+41	6.862365143248658e+40	4.2563667208038733e+40	2.4300658273240577e+40	1.6376627034859388e+40	9.324255923127357e+39	2.5560587770881648e+39	1.2956280243594619e+39	5.0386621192681766e+38	2.8047216862117736e+40	1.450775689933913e+40	9.324255923127357e+39	6.336634577981162e+39
7547.84484394189	5.431659829698471e+41	7.131328760528383e+40	4.444483258648624e+40	2.548040821446918e+40	1.7210639942236852e+40	9.824233210006693e+39	2.7036801587499968e+39	1.3723047532546837e+39	5.34416090357772e+38	2.9381069688833417e+40	1.5255905907612344e+40	9.824233210006693e+39	6.68581068024677e+39
7737.774185563355	5.2465783339497165e+41	7.403857664536061e+40	4.637517943585943e+40	2.6702080591624314e+40	1.8078109838271631e+40	1.0346665305348784e+40	2.85891624658908e+39	1.4531005181497922e+39	5.666709743292069e+38	3.075963344890801e+40	1.6034948921497006e+40	1.0346665305348784e+40	7.051535884229203e+39
7932.912547937584	5.1102621542972695e+41	7.675149951677059e+40	4.832005320385618e+40	2.7945012502145564e+40	1.896517856145658e+40	1.0883886797048076e+40	3.019858257288792e+39	1.5370947876519742e+39	6.002940203537839e+38	3.2159149187396917e+40	1.683266576854774e+40	1.0883886797048076e+40	7.428739181820666e+39
8133.433909134122	4.92703244990868e+41	7.929615384206427e+40	5.019919140732795e+40	2.9170722123430194e+40	1.984841652374477e+40	1.1424080966059837e+40	3.183859211476551e+39	1.6230431563133155e+39	6.34838480096689e+38	3.3533346249341506e+40	1.7628878642333834e+40	1.1424080966059837e+40	7.809933226937624e+39
8339.442129314886	4.867158618930735e+41	8.260016811870287e+40	5.254243165076053e+40	3.065974729094455e+40	2.0908960353831221e+40	1.2065351413817468e+40	3.375741024758041e+39	1.7231707138320526e+39	6.7491891621068064e+38	3.521172417979948e+40	1.8582177184090337e+40	1.2065351413817468e+40	8.259930217259294e+39
8551.280932737842	5.947348859666763e+41	9.627050783983702e+40	6.091632211586615e+40	3.538273757080005e+40	2.4069076754755957e+40	1.3849221556646385e+40	3.857906807637076e+39	1.9663227363896304e+39	7.689760389661568e+38	4.067861521060115e+40	2.137606649268497e+40	1.3849221556646385e+40	9.466259353249811e+39
8768.750188468144	6.2277986724686596e+41	1.0403689503586222e+41	6.594101408561305e+40	3.835487417182866e+40	2.6110232505877924e+40	1.5036040300682023e+40	4.1936395735619396e+39	2.1383231025212226e+39	8.3658686203468e+38	4.40817795235893e+40	2.319342442660648e+40	1.5036040300682023e+40	1.0282042485308505e+40
8991.916980269061	6.0884726746622885e+41	1.0781713838189791e+41	6.870094206603467e+40	4.014436550443389e+40	2.739691673403241e+40	1.5821599730908093e+40	4.4317606030272784e+39	2.263080390402184e+39	8.867205360892595e+38	4.609029236795008e+40	2.435277264744493e+40	1.5821599730908093e+40	1.0835992573410262e+40
9221.207790963083	5.919991458365222e+41	1.1168534164087427e+41	7.155861856270178e+40	4.201221854964006e+40	2.8745010954778806e+40	1.6647808931132077e+40	4.683492431571503e+39	2.395179518909208e+39	9.398863816587789e+38	4.818321800648829e+40	2.5568609534975604e+40	1.6647808931132077e+40	1.1419736994877681e+40
9456.754906884644	5.763744457611754e+41	1.152525218788434e+41	7.427420884820418e+40	4.382646200548136e+40	3.0068538433392056e+40	1.7468174062021556e+40	4.937428502182748e+39	2.5291154897728516e+39	9.940612225701504e+38	5.020653202022872e+40	2.6765599072798233e+40	1.7468174062021556e+40	1.2002766236212287e+40
9698.663740530892	5.572554781098332e+41	1.1851338412791107e+41	7.686322363377592e+40	4.560370924521632e+40	3.1381133965773004e+40	1.829182880014195e+40	5.196537124710965e+39	2.6664587759155098e+39	1.0498787832473293e+39	5.217752029741643e+40	2.7956358254790875e+40	1.829182880014195e+40	1.2591738804108781e+40
9947.243579609247	5.399155537404638e+41	1.217779108499625e+41	7.948855225708545e+40	4.742411783659333e+40	3.2732601469254743e+40	1.9144676554220932e+40	5.467042379212332e+39	2.8102329565010784e+39	1.108467559690415e+39	5.419189363260034e+40	2.9184057795509734e+40	1.9144676554220932e+40	1.3203424275515153e+40
10202.679010444745	5.210676336483568e+41	1.245783853820337e+41	8.188689114940083e+40	4.9151763846703615e+40	3.403693232322872e+40	1.9981490558119702e+40	5.738196132621234e+39	2.9552893892365567e+39	1.1679455905463573e+39	5.608888513223427e+40	3.037387143001699e+40	1.9981490558119702e+40	1.3808529357608794e+40
10465.232690905581	5.03146172146289e+41	1.2744151836879645e+41	8.436031685797179e+40	5.0946900230093355e+40	3.5397712544959626e+40	2.0858476216083478e+40	6.02429371461526e+39	3.108688295039061e+39	1.2309871278234561e+39	5.805664007377777e+40	3.161652429116389e+40	2.0858476216083478e+40	1.444424051347771e+40
10735.182530336186	5.98209021007875e+41	1.4625735551189259e+41	9.633538581574232e+40	5.793109578841073e+40	4.0157716048555944e+40	2.3602473352928256e+40	6.790451492002062e+39	3.499446195961036e+39	1.383893742694683e+39	6.607928645634228e+40	3.584593825743842e+40	2.3602473352928256e+40	1.6321525602950305e+40
11012.589868177778	5.964415057818854e+41	1.552730561375661e+41	1.0271629291127086e+41	6.198078427088882e+40	4.3040406211258013e+40	2.5344475699778016e+40	7.311236214545134e+39	3.771119309300775e+39	1.4926092485007906e+39	7.064513600888613e+40	3.8436740709203623e+40	2.5344475699778016e+40	1.7543545594498656e+40
11297.882277250537	5.8811022451658795e+41	1.5876452066890985e+41	1.0573115561901496e+41	6.4180176635268e+40	4.471417667314161e+40	2.642855669642549e+40	7.667813155607007e+39	3.962864365355293e+39	1.5716429073286684e+39	7.305253683660976e+40	3.996696236904138e+40	2.642855669642549e+40	1.8331655131653365e+40
11591.467231633093	5.68437018607555e+41	1.6303447392691895e+41	1.0935566602193758e+41	6.678646487936199e+40	4.668258085623298e+40	2.769289813496683e+40	8.078672486564179e+39	4.1829198521427803e+39	1.6619889982170195e+39	7.591454077870036e+40	4.176293177967e+40	2.769289813496683e+40	1.9246735318032675e+40
11893.629980626505	5.591446677063053e+41	1.6697740325497545e+41	1.1276988058203312e+41	6.928864533675772e+40	4.859252172042338e+40	2.893451371936045e+40	8.489519878543573e+39	4.404315542251143e+39	1.7534403356004492e+39	7.865017793139533e+40	4.351056408349044e+40	2.893451371936045e+40	2.0151282887542991e+40
12204.832798088997	5.325419267338835e+41	1.6882351750841099e+41	1.150224095654186e+41	7.121110980945865e+40	5.0146685719680295e+40	2.9998159410640364e+40	8.863130772432048e+39	4.609032025472265e+39	1.8393070980357157e+39	8.069332915127405e+40	4.495182122863858e+40	2.9998159410640364e+40	2.0944742827114465e+40
12525.77248163006	5.205993931580805e+41	1.7201322116887835e+41	1.1807307846431165e+41	7.358382130954373e+40	5.200622917765247e+40	3.1239121824622753e+40	9.28815160593681e+39	4.840501251802583e+39	1.9358942198466992e+39	8.325623858524745e+40	4.666454581207406e+40	3.1239121824622753e+40	2.186071566151882e+40
12856.863661392992	5.234187149296166e+41	1.802252092200964e+41	1.2438277619537021e+41	7.786718827008766e+40	5.516505047433041e+40	3.322371100184482e+40	9.91643395829799e+39	5.174569976701736e+39	2.072144337314711e+39	8.801354917004732e+40	4.953027257111916e+40	3.322371100184482e+40	2.328230578576458e+40
13198.358120116029	5.796373131841529e+41	2.002022494807468e+41	1.37974612922916e+41	8.625816355904222e+40	6.106137461517276e+40	3.6740860069312316e+40	1.0950205295928558e+40	5.711084813032688e+39	2.2857977740362392e+39	9.75291622357293e+40	5.4812393535442155e+40	3.6740860069312316e+40	2.5733660399446163e+40
13550.388021663266	5.810755706013901e+41	2.0633464224486515e+41	1.4309641166592973e+41	8.996454030796956e+40	6.388405983883883e+40	3.8576226780417255e+40	1.1560211130696762e+40	6.040572119758656e+39	2.4222633594420457e+39	1.0158863432709743e+41	5.739471746628953e+40	3.8576226780417255e+40	2.7072250890456456e+40
13913.556098865394	5.609432900560521e+41	2.099737928104794e+41	1.4690431074168793e+41	9.305406981071155e+40	6.634490638086025e+40	4.0242609414587787e+40	1.2140745912323196e+40	6.358250125159091e+39	2.5554073939491285e+39	1.0489943968714839e+41	5.966987927014246e+40	4.0242609414587787e+40	2.8310559883709785e+40
14288.447083620726	5.431956509052777e+41	2.1108307845093127e+41	1.4902827146951042e+41	9.517253252763455e+40	6.816353461264351e+40	4.156004801435602e+40	1.2638196913394783e+40	6.636856344831486e+39	2.6747341638542533e+39	1.0708671484888894e+41	6.138092701555834e+40	4.156004801435602e+40	2.932093140152121e+40
14675.449170644415	5.225709666111701e+41	2.1292942361795167e+41	1.5178533164754841e+41	9.774960597842672e+40	7.03299814220838e+40	4.310210735076515e+40	1.3209389973028533e+40	6.955121387226608e+39	2.810416051971808e+39	1.097767660033565e+41	6.3409708615728e+40	4.310210735076515e+40	3.0494424732742927e+40
15074.666415367654	5.292548773028453e+41	2.214654388554175e+41	1.5885039441241034e+41	1.028535008369166e+41	7.422005477792741e+40	4.563658977463695e+40	1.4055783209746264e+40	7.41320076713961e+39	3.0005483868043e+39	1.1536686865415907e+41	6.696988392898812e+40	4.563658977463695e+40	3.2345698193970346e+40
15486.225430535109	5.6499051951016786e+41	2.414338877782283e+41	1.734610752622709e+41	1.1243361067090072e+41	8.116914771087216e+40	4.992901735388827e+40	1.538389662892626e+40	8.114354667685218e+39	3.284551402168058e+39	1.2608563319364253e+41	7.324774999254037e+40	4.992901735388827e+40	3.5394003842739646e+40
15910.932173643898	5.728800556421671e+41	2.495514064790212e+41	1.803656125692097e+41	1.1755391537618303e+41	8.513042098819628e+40	5.255457091246817e+40	1.6284073453369633e+40	8.605914016053818e+39	3.490408725508005e+39	1.3165954044803815e+41	7.688788236776738e+40	5.255457091246817e+40	3.7330068157453375e+40
16349.507182206236	5.445546822800001e+41	2.48762302673161e+41	1.81910918731766e+41	1.1977235653475156e+41	8.721723638955026e+40	5.4177410897825715e+40	1.6943859520310322e+40	8.982745610305072e+39	3.6546853189327754e+39	1.3383480655042249e+41	7.888951404275181e+40	5.4177410897825715e+40	3.861279204780185e+40
16802.54984779376	5.3404824976792816e+41	2.5041451277839053e+41	1.84748985306665e+41	1.2264197272647503e+41	8.972367257267639e+40	5.603601745151555e+40	1.7673865287321175e+40	9.397325722146184e+39	3.8347585526697577e+39	1.3678067629528666e+41	8.126017627832603e+40	5.603601745151555e+40	4.00580736424413e+40
17270.576514162174	5.229071397381556e+41	2.5264193138454057e+41	1.88178464084977e+41	1.2599421726000073e+41	9.261730248708159e+40	5.815956886106131e+40	1.8497992364692835e+40	9.863796693987839e+39	4.0367514278533305e+39	1.4024255821860952e+41	8.398963705499839e+40	5.815956886106131e+40	4.1701539988819455e+40
17754.26559660132	5.699206564683575e+41	2.7739268859954553e+41	2.0679179617923743e+41	1.3851143143928835e+41	1.0182496879910152e+41	6.393745776277132e+40	2.0328178852328002e+40	1.0837582050641902e+40	4.4342440920861795e+39	1.5416626496866278e+41	9.233935980476995e+40	6.393745776277132e+40	4.583999676141241e+40
18254.09201569427	5.792691327716599e+41	2.8790881533021907e+41	2.160660725317247e+41	1.4557247206328515e+41	1.0735967158267845e+41	6.765778790866979e+40	2.1629829083124714e+40	1.1553134199821742e+40	4.735889187149151e+39	1.618092426614548e+41	9.74427613998761e+40	6.765778790866979e+40	4.86038347346297e+40
18771.110554838713	5.850288396464213e+41	2.9335047482741565e+41	2.217858214628527e+41	1.504884040303235e+41	1.1144069853225138e+41	7.056707818196614e+40	2.2731166464655978e+40	1.2173441029189265e+40	5.003511314797244e+39	1.6699576665580327e+41	1.0126102691020934e+41	7.056707818196614e+40	5.083051250174116e+40
19306.214462746724	6.3084370877653886e+41	3.1255295330883195e+41	2.365087828484808e+41	1.6071318118665895e+41	1.1914316845845907e+41	7.555776769746857e+40	2.4406946540336837e+40	1.3085097870141196e+40	5.384425923011117e+39	1.7827182874338192e+41	1.0829595588592581e+41	7.555776769746857e+40	5.44764891176446e+40
19860.419504937487	7.881963264237103e+41	3.718001017983378e+41	2.7808881622587926e+41	1.8709389060187425e+41	1.379580030063403e+41	8.696806336086411e+40	2.7843926656250374e+40	1.4883445209957507e+40	6.106383633736078e+39	2.0800296837167474e+41	1.2521799981271674e+41	8.696806336086411e+40	6.250056108966825e+40
20434.913395142677	9.8847607174176e+41	4.342530567431507e+41	3.2138006539371432e+41	2.1438876351926793e+41	1.5739418767674185e+41	9.875265061156511e+40	3.140336723440792e+40	1.6749091041155492e+40	6.856948850019175e+39	2.3879648670896172e+41	1.426953760163108e+41	9.875265061156511e+40	7.07925781930197e+40
21030.10531902084	1.3648073488034454e+42	5.418515340445232e+41	3.934431840866881e+41	2.5827057009115607e+41	1.8799911327046304e+41	1.1685436101482174e+41	3.6656091185960828e+40	1.9463370655854472e+40	7.933145974130185e+39	2.887156861933339e+41	1.700568427147999e+41	1.1685436101482174e+41	8.335061658542078e+40
21646.750304899644	1.9026442711363854e+42	6.785761832863715e+41	4.838279341376376e+41	3.1268633367912177e+41	2.257128168222447e+41	1.3900001323368798e+41	4.3009577730146617e+40	2.273326168955826e+40	9.224281001626708e+39	3.507793943478433e+41	2.037160782339989e+41	1.3900001323368798e+41	9.865220911939406e+40
22286.17859368791	2.881288825710684e+42	8.989013428439325e+41	6.272955620971913e+41	3.9775600826815685e+41	2.841059314675727e+41	1.7286433545964523e+41	5.250324444791638e+40	2.75740956978575e+40	1.1116343110628892e+40	4.4816554020272975e+41	2.5568551240049974e+41	1.7286433545964523e+41	1.218717425093351e+41
22949.11365900222	4.143301293325142e+42	1.146701450849191e+42	7.86700925603515e+41	4.9136883338437014e+41	3.4806688665617744e+41	2.0979280306783073e+41	6.280683352033398e+40	3.28229183311578e+40	1.316670929350937e+40	5.555547423906859e+41	3.1254521785335062e+41	2.0979280306783073e+41	1.4714104672396938e+41
23637.328312793146	5.857649343942443e+42	1.4287163689958927e+42	9.651081672393085e+41	5.948147542834562e+41	4.1832417401809674e+41	2.501235648778519e+41	7.398851165648766e+40	3.851099812573118e+40	1.5386430554147256e+40	6.745466191091283e+41	3.749100296450162e+41	2.501235648778519e+41	1.7466552893121305e+41
24352.01668708834	8.085009507465402e+42	1.766186059120657e+42	1.1790306257174353e+42	7.189998713035574e+41	5.026760212364442e+41	2.985179276814316e+41	8.736928259447596e+40	4.530711959874644e+40	1.803340118623432e+40	8.173691858968273e+41	4.497814928400081e+41	2.985179276814316e+41	2.0767028664674926e+41
25094.649361548934	1.1236220455479812e+43	2.1953006315599983e+42	1.4466752878499176e+42	8.721915929199089e+41	6.059509503689662e+41	3.572863848881961e+41	1.0343221863650458e+41	5.34359653984404e+40	2.118845127305217e+40	9.941141743737269e+41	5.412674139685686e+41	3.572863848881961e+41	2.4757828878095353e+41
25866.140626234705	1.4810896405792685e+43	2.6176757903800837e+42	1.7085917615827397e+42	1.0217367907462995e+42	7.067551771719499e+41	4.147083864611638e+41	1.1919394778863787e+41	6.143042256185379e+40	2.429979631040559e+40	1.1667067923259834e+42	6.3057625326991314e+41	4.147083864611638e+41	2.8661649871987426e+41
26668.472817807095	1.8550906536106447e+43	3.071965743325248e+42	1.9946232369015962e+42	1.1869320181108904e+42	8.186921215729264e+41	4.787797984281209e+41	1.368641723161539e+41	7.040013679516937e+40	2.7791986435596247e+40	1.3569021087143912e+42	7.298733086078701e+41	4.787797984281209e+41	3.302663389174534e+41
27503.330415142667	2.3927784453071735e+43	3.644044013834396e+42	2.347170125326426e+42	1.3870346874558826e+42	9.531045735811969e+41	5.550235623268371e+41	1.5764434563633256e+41	8.091222186327183e+40	3.187180257586526e+40	1.5881673735565838e+42	8.488411474147129e+41	5.550235623268371e+41	3.819733036806416e+41
28372.10746352819	2.8884097578097385e+43	4.1566376759999224e+42	2.6667527039151575e+42	1.5705473628611793e+42	1.0772269634855894e+42	6.2601348945325785e+41	1.772547261632933e+41	9.088082081561454e+40	3.5760192776926855e+40	1.7996738847954966e+42	9.589129396847901e+41	6.2601348945325785e+41	4.303451487027453e+41
29277.083331737336	3.442785447400126e+43	4.756447265648371e+42	3.041899316162678e+42	1.7861711593699082e+42	1.2230298210614142e+42	7.093194561488126e+41	2.001974412075449e+41	1.0252617127700032e+41	4.0294830050322775e+40	2.048175691016356e+42	1.088188933723919e+42	7.093194561488126e+41	4.870590266192709e+41
30219.944186949982	4.008644750760453e+43	5.31040057905672e+42	3.3886107813440917e+42	1.9862039464238964e+42	1.3587518960353235e+42	7.872589088904548e+41	2.218838389381082e+41	1.1358072841129122e+41	4.461959284500166e+40	2.2784481447117405e+42	1.2086578664985223e+42	7.872589088904548e+41	5.402967749994043e+41
31203.129152616017	4.521344556635382e+43	5.865201755049509e+42	3.739248666098933e+42	2.1901593995415986e+42	1.497735224570448e+42	8.674530858810437e+41	2.443556605261308e+41	1.2506274702127442e+41	4.912219557041783e+40	2.512807011204139e+42	1.332163417390358e+42	8.674530858810437e+41	5.9521564173535974e+41
32229.08954683976	5.188309942573454e+43	6.62349440935762e+42	4.213421783455105e+42	2.4628665965443936e+42	1.6822698425223496e+42	9.730143366838013e+41	2.7350536116835067e+41	1.3987604232710997e+41	5.489806589888613e+40	2.8270288898669596e+42	1.4958211283953528e+42	9.730143366838013e+41	6.671409142942286e+41
33300.01285592093	5.584354725849902e+43	7.154859196738381e+42	4.557077368327956e+42	2.6668373100769677e+42	1.822805620065581e+42	1.0551199393332749e+42	2.969517600791899e+41	1.519335536923678e+41	5.965717477074585e+40	3.060329847037645e+42	1.6210778961425804e+42	1.0551199393332749e+42	7.23753345975039e+41
34418.9131632989	6.092018704654198e+43	7.859688013526489e+42	5.007456414023498e+42	2.9309220012761656e+42	2.0034421023077052e+42	1.159736564400062e+42	3.264019510476931e+41	1.6700041464217632e+41	6.557229926188825e+40	3.363266080183083e+42	1.7817486583134602e+42	1.159736564400062e+42	7.955264101115172e+41
35588.43914801258	6.318645867131476e+43	8.346672705661814e+42	5.331319992986473e+42	3.12789795063276e+42	2.1409957482217156e+42	1.2413397082546446e+42	3.502613183344093e+41	1.7937083027816745e+41	7.049548005141551e+40	3.587313051830131e+42	1.9047945892327932e+42	1.2413397082546446e+42	8.522703654353637e+41
36812.14077101091	6.641743520768048e+43	8.955732786948605e+42	5.733519249766721e+42	3.370677525300992e+42	2.309727831933137e+42	1.3408417647835202e+42	3.790539217148762e+41	1.9424096771183813e+41	7.63892749368066e+40	3.863969833810144e+42	2.055523914078902e+42	1.3408417647835202e+42	9.212147068064823e+41
38093.02402425744	6.639023642419774e+43	9.307985645122477e+42	5.986866916360775e+42	3.5346108306695666e+42	2.4278798651339366e+42	1.4133513840424638e+42	4.013022419693025e+41	2.0595784089871982e+41	8.112444880210956e+40	4.0479108377980444e+42	2.1620904211286087e+42	1.4133513840424638e+42	9.725423986043012e+41
39435.19887523486	6.738612772002827e+43	9.828199432934896e+42	6.342185571659667e+42	3.7556629479417675e+42	2.584134700534691e+42	1.5073164981277582e+42	4.29342040967508e+41	2.205963306991734e+41	8.699070561757303e+40	4.2980621974159374e+42	2.302320744926696e+42	1.5073164981277582e+42	1.0383667754902639e+42
40842.30050604305	6.454415532944744e+43	1.0048266503843763e+43	6.528190914179786e+42	3.8891284021871254e+42	2.684915050717212e+42	1.572094340202538e+42	4.504532592448631e+41	2.3192008281213483e+41	9.16477177670438e+40	4.444666047802724e+42	2.3942796173484838e+42	1.572094340202538e+42	1.0852875964651045e+42
42318.63305723953	6.18571507165335e+43	1.0311335579430581e+43	6.745833187440389e+42	4.043558148497579e+42	2.800982314964222e+42	1.6463543300075163e+42	4.745016088229636e+41	2.4479242391679202e+41	9.693059882524317e+40	4.614668907371508e+42	2.500065359227853e+42	1.6463543300075163e+42	1.1389503764052219e+42
43869.202857184006	5.747744890902193e+43	1.0421549623117858e+43	6.877398378955731e+42	4.153954668182047e+42	2.889513177378648e+42	1.7064591766703648e+42	4.954015426002775e+41	2.5621107952767352e+41	1.017072719580953e+41	4.7324212532443365e+42	2.5819991254601797e+42	1.7064591766703648e+42	1.1836118174764542e+42
45498.845588319906	5.081037270087422e+43	1.0052745556727935e+43	6.71332853536418e+42	4.099561505264004e+42	2.869508679264522e+42	1.706969866353614e+42	5.012494905634976e+41	2.602791736704039e+41	1.0374686683463248e+41	4.6585732687690356e+42	2.5685099093252548e+42	1.706969866353614e+42	1.1887887556796357e+42
47213.50493831254	4.420950392776913e+43	9.774166788483806e+42	6.611600432837528e+42	4.083569138702969e+42	2.876357891705218e+42	1.723392498251349e+42	5.117334973171387e+41	2.667490473933579e+41	1.0674207012729113e+41	4.628335046310078e+42	2.5790402518189928e+42	1.723392498251349e+42	1.2050162660303129e+42
49019.04594045609	3.7097845477917337e+43	9.196161176725905e+42	6.331297207401419e+42	3.9717194648298863e+42	2.8215596327069814e+42	1.7069729808327175e+42	5.1436885422829145e+41	2.6947232622311016e+41	1.0837781667820689e+41	4.485610305435818e+42	2.5357415686740902e+42	1.7069729808327175e+42	1.1998804310951093e+42
50922.32105541709	2.9861134942443564e+43	8.212401839731532e+42	5.78166256116271e+42	3.701642208183168e+42	2.659993891623503e+42	1.6305542533733343e+42	5.014577551368426e+41	2.6456168247215127e+41	1.0716096138370345e+41	4.160936323245919e+42	2.3980141097981838e+42	1.6305542533733343e+42	1.1545651590912302e+42
52930.85312624212	2.350060772892414e+43	7.104550861005104e+42	5.129235244944095e+42	3.362323944779588e+42	2.448975133941912e+42	1.524933628912791e+42	4.806488700159357e+41	2.557578081816965e+41	1.0449381035438673e+41	3.758784028271043e+42	2.2159657702572302e+42	1.524933628912791e+42	1.0892936745914497e+42
55053.00977486463	1.8364970613184895e+43	6.010069404175312e+42	4.457341169340576e+42	2.9972706379308003e+42	2.2155486753307656e+42	1.403778389280805e+42	4.549265080071177e+41	2.444534751916559e+41	1.0087665443686213e+41	3.3307294613471124e+42	2.0129454007248974e+42	1.403778389280805e+42	1.01266605249654e+42
57297.83847566169	1.4499975350982152e+43	4.976554844388048e+42	3.7962966256141274e+42	2.6240017357152544e+42	1.9714056898637904e+42	1.2735328480822765e+42	4.2589325666411115e+41	2.3142580727557132e+41	9.659768463782016e+40	2.8969917060896585e+42	1.7992531193009828e+42	1.2735328480822765e+42	9.289382998263635e+41
59675.5174827193	1.1663017869625043e+43	4.077258591926936e+42	3.200739415961457e+42	2.277181524826844e+42	1.7406523990001715e+42	1.148047772108091e+42	3.971809674592454e+41	2.1846040807353697e+41	9.23259688087832e+40	2.4968299194382426e+42	1.5963476183947376e+42	1.148047772108091e+42	8.474494662714864e+41
62197.348492988436	9.59473336119764e+42	3.34522033419281e+42	2.689126800773651e+42	1.964120466317339e+42	1.526235820744615e+42	1.027236870402459e+42	3.6776414959780686e+41	2.0485128833069957e+41	8.772175702121931e+40	2.1397839504416395e+42	1.4062628450932328e+42	1.027236870402459e+42	7.673227722841116e+41
64875.91217009174	8.024555402844194e+42	2.7849117436695453e+42	2.2868516615948155e+42	1.7170116970805936e+42	1.3589941801198477e+42	9.360396926233446e+41	3.4812422707042253e+41	1.965032981220087e+41	8.5267552648797155e+40	1.857518388335688e+42	1.2588328999704335e+42	9.360396926233446e+41	7.086653262849566e+41
67725.25813924646	6.81814479263254e+42	2.3608226040323217e+42	1.952946802623556e+42	1.4914171799759806e+42	1.197561277601387e+42	8.420759494070232e+41	3.2551238218016464e+41	1.8639479990787527e+41	8.206758774037958e+40	1.605579900194449e+42	1.1143235835925761e+42	8.420759494070232e+41	6.4593366870176715e+41
70761.11515105986	5.810593576542814e+42	2.080747585075712e+42	1.7234150106552695e+42	1.3221567774350909e+42	1.0678688917069168e+42	7.591614315850126e+41	3.016778765707294e+41	1.749139894371408e+41	7.80858504229683e+40	1.421086485372777e+42	9.957857193043107e+41	7.591614315850126e+41	5.872255104169486e+41
74001.14070438819	4.98261844313816e+42	1.8485858789945762e+42	1.5431641577232446e+42	1.191303675765481e+42	9.665026718589554e+41	6.923862564244984e+41	2.810393875294818e+41	1.6470115133998303e+41	7.445975965346477e+40	1.278488323505104e+42	9.026266556874215e+41	6.923862564244984e+41	5.388279374710652e+41
77465.22100219812	4.299985812819701e+42	1.6619200589576976e+42	1.4042131201433672e+42	1.0962017942904321e+42	8.954692761122348e+41	6.475493093280578e+41	2.683854268323984e+41	1.588185261939437e+41	7.260495370298278e+40	1.173321753305599e+42	8.37993954966936e+41	6.475493093280578e+41	5.071624109523987e+41
81175.82359693994	3.6940524853848436e+42	1.4852543970305272e+42	1.2771543685323128e+42	1.0139766562574684e+42	8.364119808333242e+41	6.119382164688303e+41	2.5901770546648796e+41	1.5464437371244645e+41	7.141543321493789e+40	1.081032875106386e+42	7.84845752795096e+41	6.119382164688303e+41	4.826085179126913e+41
85158.43128723149	3.1624106347554085e+42	1.3205386215598741e+42	1.1520616194490138e+42	9.278939819487025e+41	7.720338046448045e+41	5.7086566502153435e+41	2.4651850086507232e+41	1.4851580929444927e+41	6.932921654030002e+40	9.858747392838638e+41	7.262020432402792e+41	5.7086566502153435e+41	4.531307941295262e+41
89442.04425743507	2.699016112495221e+42	1.1683755226995028e+42	1.0341978668850769e+42	8.46081382304588e+41	7.113604500033306e+41	5.3337413670275125e+41	2.364298432012665e+41	1.4394956561678165e+41	6.798333465900471e+40	8.954433928183983e+41	6.71211816328847e+41	5.3337413670275125e+41	4.270650575774472e+41
94059.7987825113	2.2952200742265346e+42	1.025882373372231e+42	9.226884137832247e+41	7.681635479903674e+41	6.5359064603139225e+41	4.980022462310322e+41	2.2737950681653423e+41	1.4000516606841384e+41	6.691206505556331e+40	8.094056900341095e+41	6.1891022617342945e+41	4.980022462310322e+41	4.027588427202685e+41
99049.72146015991	1.9442077475536017e+42	9.016144440399654e+41	8.215288863260352e+41	6.923066692397201e+41	5.940259630820324e+41	4.5841419419766386e+41	2.153915404298877e+41	1.3428153825269108e+41	6.506086236128722e+40	7.272856081598956e+41	5.640090867607409e+41	4.5841419419766386e+41	3.74075755452794e+41
104455.64131098276	1.634454597343835e+42	7.776224433473678e+41	7.302369862069502e+41	6.328552547861158e+41	5.519024126719677e+41	4.345591874589067e+41	2.116537487919269e+41	1.3368835961255927e+41	6.559838362486346e+40	6.605101736800521e+41	5.2642223120537424e+41	4.345591874589067e+41	3.5896850408593115e+41
110328.31987392752	1.3785144935110094e+42	6.71560674188074e+41	6.4710632630180806e+41	5.729172477841794e+41	5.055855977941833e+41	4.043806021832482e+41	2.0418896406412407e+41	1.3111692911027319e+41	6.54683158236665e+40	5.950907509883814e+41	4.83892551626337e+41	4.043806021832482e+41	3.3768348545005537e+41
116726.87374407533	1.1546895280275214e+42	5.66928115022226e+41	5.685416219448364e+41	5.2023948384251995e+41	4.6619659437284234e+41	3.78461790865489e+41	1.9585324172819056e+41	1.2723937017919976e+41	6.441873426917628e+40	5.365760301875254e+41	4.4786579530218e+41	3.78461790865489e+41	3.1853998497767875e+41
123720.46657633204	9.646121459593118e+41	4.6602613034479635e+41	4.90333425991439e+41	4.6846239353604405e+41	4.2877456452300855e+41	3.5490342270477886e+41	1.877202896207272e+41	1.2299824787507015e+41	6.296661726518391e+40	4.78581338370698e+41	4.140287967081489e+41	3.5490342270477886e+41	3.0124175348680276e+41
131390.52661350407	8.015955673897003e+41	3.653962226186659e+41	4.0757793176575435e+41	4.129976161407197e+41	3.903842313405639e+41	3.33798183570375e+41	1.8285292997920556e+41	1.2091077664232991e+41	6.251317459175511e+40	4.1618068921217454e+41	3.800889253958154e+41	3.33798183570375e+41	2.8753541552028937e+41
139833.53426111178	6.626821118592117e+41	2.7821644182387453e+41	3.2861583449175687e+41	3.531021126870271e+41	3.4517238017189234e+41	3.059565149194154e+41	1.7499624652301504e+41	1.170888528181172e+41	6.128948869800696e+40	3.509172236584266e+41	3.3907678570515556e+41	3.059565149194154e+41	2.6820177879959243e+41
149164.58811380385	5.4401826307450786e+41	1.996579484083379e+41	2.5138502437768305e+41	2.9012331039831978e+41	2.964020236869434e+41	2.763614249287365e+41	1.6873317872699675e+41	1.1475381166439192e+41	6.091880681647618e+40	2.8332245709385337e+41	2.947318550180575e+41	2.763614249287365e+41	2.4866283554853003e+41
159522.02195187696	4.431672492506342e+41	1.3614417050920519e+41	1.828464743539985e+41	2.2758776816755236e+41	2.4424867125117334e+41	2.417179843806591e+41	1.6060180765729878e+41	1.1171971256362308e+41	6.043153564858162e+40	2.1807773313934528e+41	2.4629355414686276e+41	2.417179843806591e+41	2.2467750346441138e+41
171073.43688114206	3.5783446001229724e+41	8.687182151907632e+40	1.242417059787586e+41	1.677053957783386e+41	1.906143254131622e+41	2.031333046946574e+41	1.5146827073250449e+41	1.089129553175149e+41	6.050883799634779e+40	1.5733093410434533e+41	1.954902495968556e+41	2.031333046946574e+41	1.9704958765113406e+41
184023.68540540634	2.8589484849638356e+41	5.263933063441259e+40	7.961034941242156e+40	1.1603206096635451e+41	1.3988615851020556e+41	1.6166299005862346e+41	1.384784199761166e+41	1.0404524827967458e+41	6.000233565142927e+40	1.0661520039187705e+41	1.4607685170102143e+41	1.6166299005862346e+41	1.6475090160459287e+41
198625.56852287793	2.2576008794623933e+41	3.054173903206947e+40	4.824412097794108e+40	7.51382696321616e+40	9.590954718850441e+40	1.2074926205851683e+41	1.2162748979848087e+41	9.668925144598954e+40	5.867430571180815e+40	6.774789656701375e+40	1.0201614471311711e+41	1.2074926205851683e+41	1.3006139658138326e+41
215194.37325607284	1.7580201469931502e+41	1.7801119938555397e+40	2.913703919068044e+40	4.802806896441629e+40	6.422661578723354e+40	8.671290266445472e+40	1.0025861169835553e+41	8.392165980338825e+40	5.357441623166169e+40	4.262963694259965e+40	6.934500155356754e+40	8.671290266445472e+40	9.780031306699479e+40
234127.9327299631	1.351321007621895e+41	1.0517275889004575e+40	1.7209135505535173e+40	2.9516286069136694e+40	4.114655306805766e+40	5.944356944550206e+40	7.925358860415101e+40	7.012173553853294e+40	4.733760826621481e+40	2.586556748884127e+40	4.505578549635598e+40	5.944356944550206e+40	7.023901719711455e+40
255934.78204094846	1.0234046561232566e+41	6.584700521239449e+39	1.0171162163572579e+40	1.7407044594072926e+40	2.495582042202336e+40	3.8398889140898863e+40	5.986765873961134e+40	5.650612965178749e+40	4.075975106772305e+40	1.517944285847442e+40	2.765403036035175e+40	3.8398889140898863e+40	4.764730634810516e+40
281274.4213738573	7.625883899524907e+40	4.509234366862668e+39	6.326211242343884e+39	1.0158043140310195e+40	1.4527059050990523e+40	2.3334221680385417e+40	4.281357930173094e+40	4.3547898249226996e+40	3.3986694577240306e+40	8.943167960233173e+39	1.618557558593912e+40	2.3334221680385417e+40	3.0327760380840446e+40
311016.1189044643	5.585333823182703e+40	3.3154057967626366e+39	4.2794912475672845e+39	6.167303119775722e+39	8.413407202419648e+39	1.3484673544075032e+40	2.870995659603849e+40	3.178553246564877e+40	2.7231883948279337e+40	5.56722494257254e+39	9.310174169497764e+39	1.3484673544075032e+40	1.8107998310680548e+40
346326.83880225173	4.0170210965374645e+40	2.5028445777874336e+39	3.0994224985847125e+39	4.05499757177458e+39	5.1146721407346746e+39	7.663930701197174e+39	1.7913435724847529e+40	2.1730234180689135e+40	2.076069827803281e+40	3.766253605658416e+39	5.544144326810612e+39	7.663930701197174e+39	1.0293554518032872e+40
388806.2725248709	2.834167022566356e+40	1.8757332559596245e+39	2.299825287767615e+39	2.864028797264301e+39	3.3776861608083055e+39	4.532195468551366e+39	1.0403947548451467e+40	1.376844931686103e+40	1.4875134883195073e+40	2.7078615617032204e+39	3.5730625665074746e+39	4.532195468551366e+39	5.8062257407076e+39
440700.60870840086	1.9594193276567513e+40	1.3730454590985075e+39	1.6885062566801757e+39	2.0785363795400404e+39	2.3757040215592483e+39	2.9101167228481963e+39	5.747353226920085e+39	8.051467547782795e+39	9.87686780190158e+39	1.9764403858904856e+39	2.475329057500828e+39	2.9101167228481963e+39	3.454707166433185e+39
505253.007762325	1.2900202977272667e+40	9.734141707597963e+38	1.2050966746434252e+39	1.4896649982377927e+39	1.6922586117526584e+39	1.983087757815324e+39	3.052886234671116e+39	4.1837099961815583e+39	5.733433671023455e+39	1.416143440220877e+39	1.754296973920296e+39	1.983087757815324e+39	2.2034063975988596e+39
579267.4939389941	8.70284180920736e+39	6.436267865339986e+38	8.055527805413726e+38	1.008338408622947e+39	1.1551928937143081e+39	1.3613275873202456e+39	1.8467774600494782e+39	2.2895729689462158e+39	3.213696367548425e+39	9.554903646440759e+38	1.2002018678873481e+39	1.3613275873202456e+39	1.4966597202928872e+39
664131.4271339712	5.919093199682992e+39	4.212048785878126e+38	5.332780373260748e+38	6.75969323575313e+38	7.816443313524381e+38	9.334938625961365e+38	1.2391014959928146e+39	1.4017815393106557e+39	1.793545939816144e+39	6.3845481636988754e+38	8.144777134648416e+38	9.334938625961365e+38	1.0332072814943066e+39
761435.897502646	4.0576534796421314e+39	2.7201943806602807e+38	3.489306218593036e+38	4.479593067298411e+38	5.2277044058873835e+38	6.3332075896985924e+38	8.627285304585424e+38	9.483381417891479e+38	1.0790844659748392e+39	4.21736711581732e+38	5.463409570007115e+38	6.3332075896985924e+38	7.08275921166328e+38
873005.3456962786	2.8023617177448647e+39	1.7305847709829116e+38	2.2554829155278015e+38	2.934685847450881e+38	3.4555553633262575e+38	4.24472527555977e+38	6.001429464584364e+38	6.667736952047506e+38	7.19984952651786e+38	2.753967144093622e+38	3.621635616386524e+38	4.24472527555977e+38	4.797511254922421e+38
1000931.784662405	1.9483750974352e+39	1.081650649281933e+38	1.4388252475565268e+38	1.9006991553269722e+38	2.258139336030081e+38	2.810659010108873e+38	4.126061572261133e+38	4.686549795702836e+38	5.101933693290589e+38	1.7775413032173783e+38	2.3731508024124324e+38	2.810659010108873e+38	3.2088061753521504e+38
1147614.0403485643	1.362439658395901e+39	6.615701159134104e+37	9.041027273795474e+37	1.2166151547225217e+38	1.4592049194744746e+38	1.839512984004986e+38	2.7983383182922146e+38	3.2536834533866048e+38	3.6564076450220415e+38	1.1333068497128056e+38	1.5377128393781929e+38	1.839512984004986e+38	2.119938239457874e+38
1315802.7473677893	9.572669657617938e+38	3.9389791932856867e+37	5.578898990224564e+37	7.688545213475709e+37	9.323343645602727e+37	1.1905888366157343e+38	1.8723506112808187e+38	2.2264176260678772e+38	2.5939966616169465e+38	7.127118668128845e+37	9.853623762273148e+37	1.1905888366157343e+38	1.3842843651242934e+38
1508651.943629975	6.7516258716010376e+38	2.268105141456778e+37	3.365990145771747e+37	4.787698159978634e+37	5.885681516476192e+37	7.622943888822934e+37	1.236724218396287e+38	1.5016809183485466e+38	1.8123408000551034e+38	4.409817890313585e+37	6.241596744460654e+37	7.622943888822934e+37	8.939822140451107e+37
1729778.2317208974	4.776038266504939e+38	1.2532175776485834e+37	1.9743698757560009e+37	2.9282988736770493e+37	3.6649608970366656e+37	4.827482734126594e+37	8.070949112625673e+37	9.990157955898584e+37	1.246357249531878e+38	2.674303634469472e+37	3.903231974648439e+37	4.827482734126594e+37	5.712455810973955e+37
1983328.6167415096	3.3859752147556354e+38	6.585527708379569e+36	1.1179771571242914e+37	1.7511859998755564e+37	2.2446863561161603e+37	3.021130562475285e+37	5.208587812270502e+37	6.561170594866752e+37	8.440960387898497e+37	1.5813357556827231e+37	2.404123311080968e+37	3.021130562475285e+37	3.611634417240786e+37
2274058.2930664467	2.4042528152620533e+38	3.258511413034266e+36	6.060746123086248e+36	1.0178589839581913e+37	1.3465824369065666e+37	1.8648397137756534e+37	3.3264106330290222e+37	4.258273556318851e+37	5.6344087392467485e+37	9.057292750724255e+36	1.453117400846991e+37	1.8648397137756534e+37	2.257678907418731e+37
2607419.8390949876	1.708955227334606e+38	1.5015766956497615e+36	3.1161784945558903e+36	5.708245283471675e+36	7.867877630421534e+36	1.1317864565434843e+37	2.1031467953314372e+37	2.7336390782041273e+37	3.710640075901144e+37	4.985470369554558e+36	8.575255830819692e+36	1.1317864565434843e+37	1.393038176506967e+37
2989665.493050534	1.2154998310275614e+38	6.367692436049948e+35	1.503808508822472e+36	3.0623842231377065e+36	4.4461033992795913e+36	6.722854750615444e+36	1.3162641875565076e+37	1.7371656362481369e+37	2.4135958598748223e+37	2.6134198979006388e+36	4.908711527326848e+36	6.722854750615444e+36	8.459357143997427e+36
3427964.428249553	8.647933754510149e+37	2.452882284100467e+35	6.734184890113409e+35	1.556535289672667e+36	2.4098498157314837e+36	3.88501450203116e+36	8.146845960605221e+36	1.0932597632617118e+37	1.5522556726487364e+37	1.2915482532833545e+36	2.7042835553352274e+36	3.88501450203116e+36	5.0339214262876366e+36
3930537.2276103804	6.153140463452375e+37	8.46225397894907e+34	2.763885062194709e+35	7.415886600969884e+35	1.2410274274548991e+36	2.168000023502974e+36	4.9766220049900365e+36	6.812970502652175e+36	9.880227385118713e+36	5.9509743810490425e+35	1.4209179388425496e+36	2.168000023502974e+36	2.9184580168654716e+36
4506810.079783551	4.377546902221164e+37	2.574557159512943e+34	1.025790467376919e+35	3.273541002934031e+35	6.0089689014866904e+35	1.1581980032980976e+36	2.990432787886537e+36	4.2002589011749483e+36	6.228699473446237e+36	2.5258113475965003e+35	7.048901346864801e+35	1.1581980032980976e+36	1.636605791314143e+36
