#t	Le	U	B	V	R	I	J	H	K	g	r	i	z
#----------------------------------------------- 
2.8381822932011733	0.0	0.0	0.0	0.0	0.0	0.0	0.0	0.0	0.0	0.0	0.0	0.0	0.0
2.899754688525108	0.0	0.0	0.0	0.0	0.0	0.0	0.0	0.0	0.0	0.0	0.0	0.0	0.0
2.9582528576819147	0.0	0.0	0.0	0.0	0.0	0.0	0.0	0.0	0.0	0.0	0.0	0.0	0.0
3.017967471234151	0.0	0.0	0.0	0.0	0.0	0.0	0.0	0.0	0.0	0.0	0.0	0.0	0.0
3.0796538938908715	0.0	0.0	0.0	0.0	0.0	0.0	0.0	0.0	0.0	0.0	0.0	0.0	0.0
3.1436356152376077	0.0	0.0	0.0	0.0	0.0	0.0	0.0	0.0	0.0	0.0	0.0	0.0	0.0
3.2101263858828495	0.0	0.0	0.0	0.0	0.0	0.0	0.0	0.0	0.0	0.0	0.0	0.0	0.0
3.2793057672414707	0.0	0.0	0.0	0.0	0.0	0.0	0.0	0.0	0.0	0.0	0.0	0.0	0.0
3.3513438685296135	0.0	0.0	0.0	0.0	0.0	0.0	0.0	0.0	0.0	0.0	0.0	0.0	0.0
3.4264114118865416	0.0	0.0	0.0	0.0	0.0	0.0	0.0	0.0	0.0	0.0	0.0	0.0	0.0
3.5046846241866487	0.0	0.0	0.0	0.0	0.0	0.0	0.0	0.0	0.0	0.0	0.0	0.0	0.0
3.5863480490718724	0.0	0.0	0.0	0.0	0.0	0.0	0.0	0.0	0.0	0.0	0.0	0.0	0.0
3.67159644972732	0.0	0.0	0.0	0.0	0.0	0.0	0.0	0.0	0.0	0.0	0.0	0.0	0.0
3.760636298826274	0.0	0.0	0.0	0.0	0.0	0.0	0.0	0.0	0.0	0.0	0.0	0.0	0.0
3.8536870867482063	0.0	0.0	0.0	0.0	0.0	0.0	0.0	0.0	0.0	0.0	0.0	0.0	0.0
3.9509825648752526	0.0	0.0	0.0	0.0	0.0	0.0	0.0	0.0	0.0	0.0	0.0	0.0	0.0
4.052771987855003	0.0	0.0	0.0	0.0	0.0	0.0	0.0	0.0	0.0	0.0	0.0	0.0	0.0
4.159321392758903	0.0	0.0	0.0	0.0	0.0	0.0	0.0	0.0	0.0	0.0	0.0	0.0	0.0
4.270914939734792	0.0	0.0	0.0	0.0	0.0	0.0	0.0	0.0	0.0	0.0	0.0	0.0	0.0
4.387856331668265	0.0	0.0	0.0	0.0	0.0	0.0	0.0	0.0	0.0	0.0	0.0	0.0	0.0
4.510470326520013	0.0	0.0	0.0	0.0	0.0	0.0	0.0	0.0	0.0	0.0	0.0	0.0	0.0
4.639104353902204	0.0	0.0	0.0	0.0	0.0	0.0	0.0	0.0	0.0	0.0	0.0	0.0	0.0
4.774130246322922	0.0	0.0	0.0	0.0	0.0	0.0	0.0	0.0	0.0	0.0	0.0	0.0	0.0
4.915946094945965	0.0	0.0	0.0	0.0	0.0	0.0	0.0	0.0	0.0	0.0	0.0	0.0	0.0
5.064978239449169	0.0	0.0	0.0	0.0	0.0	0.0	0.0	0.0	0.0	0.0	0.0	0.0	0.0
5.221683401482804	0.0	0.0	0.0	0.0	0.0	0.0	0.0	0.0	0.0	0.0	0.0	0.0	0.0
5.3865509712490445	0.0	0.0	0.0	0.0	0.0	0.0	0.0	0.0	0.0	0.0	0.0	0.0	0.0
5.5601054567910735	0.0	0.0	0.0	0.0	0.0	0.0	0.0	0.0	0.0	0.0	0.0	0.0	0.0
5.742909105669733	0.0	0.0	0.0	0.0	0.0	0.0	0.0	0.0	0.0	0.0	0.0	0.0	0.0
5.935564708790732	0.0	0.0	0.0	0.0	0.0	0.0	0.0	0.0	0.0	0.0	0.0	0.0	0.0
6.1387185962222794	0.0	0.0	0.0	0.0	0.0	0.0	0.0	0.0	0.0	0.0	0.0	0.0	0.0
6.353063834905356	0.0	0.0	0.0	0.0	0.0	0.0	0.0	0.0	0.0	0.0	0.0	0.0	0.0
6.57934363820858	0.0	0.0	0.0	0.0	0.0	0.0	0.0	0.0	0.0	0.0	0.0	0.0	0.0
6.818354997333945	0.0	0.0	0.0	0.0	0.0	0.0	0.0	0.0	0.0	0.0	0.0	0.0	0.0
7.070952544648925	0.0	0.0	0.0	0.0	0.0	0.0	0.0	0.0	0.0	0.0	0.0	0.0	0.0
7.338052659137284	0.0	0.0	0.0	0.0	0.0	0.0	0.0	0.0	0.0	0.0	0.0	0.0	0.0
7.6206378243612605	0.0	0.0	0.0	0.0	0.0	0.0	0.0	0.0	0.0	0.0	0.0	0.0	0.0
7.919761249655582	0.0	0.0	0.0	0.0	0.0	0.0	0.0	0.0	0.0	0.0	0.0	0.0	0.0
8.236551765795038	0.0	0.0	0.0	0.0	0.0	0.0	0.0	0.0	0.0	0.0	0.0	0.0	0.0
8.572219007155041	0.0	0.0	0.0	0.0	0.0	0.0	0.0	0.0	0.0	0.0	0.0	0.0	0.0
8.928058893514725	0.0	0.0	0.0	0.0	0.0	0.0	0.0	0.0	0.0	0.0	0.0	0.0	0.0
9.305459426220306	0.0	0.0	0.0	0.0	0.0	0.0	0.0	0.0	0.0	0.0	0.0	0.0	0.0
9.70590681555294	0.0	0.0	0.0	0.0	0.0	0.0	0.0	0.0	0.0	0.0	0.0	0.0	0.0
10.13099195894267	0.0	0.0	0.0	0.0	0.0	0.0	0.0	0.0	0.0	0.0	0.0	0.0	0.0
10.582417293271611	0.0	0.0	0.0	0.0	0.0	0.0	0.0	0.0	0.0	0.0	0.0	0.0	0.0
11.062004049044996	0.0	0.0	0.0	0.0	0.0	0.0	0.0	0.0	0.0	0.0	0.0	0.0	0.0
11.57169993981757	0.0	0.0	0.0	0.0	0.0	0.0	0.0	0.0	0.0	0.0	0.0	0.0	0.0
12.113587327074274	0.0	0.0	0.0	0.0	0.0	0.0	0.0	0.0	0.0	0.0	0.0	0.0	0.0
12.68989190891119	0.0	0.0	0.0	0.0	0.0	0.0	0.0	0.0	0.0	0.0	0.0	0.0	0.0
13.30299199045575	0.0	0.0	0.0	0.0	0.0	0.0	0.0	0.0	0.0	0.0	0.0	0.0	0.0
13.955428405122083	0.0	0.0	0.0	0.0	0.0	0.0	0.0	0.0	0.0	0.0	0.0	0.0	0.0
14.649915168606213	0.0	0.0	0.0	0.0	0.0	0.0	0.0	0.0	0.0	0.0	0.0	0.0	0.0
15.389350962079648	0.0	0.0	0.0	0.0	0.0	0.0	0.0	0.0	0.0	0.0	0.0	0.0	0.0
16.17683155742114	0.0	0.0	0.0	0.0	0.0	0.0	0.0	0.0	0.0	0.0	0.0	0.0	0.0
17.01566331562718	0.0	0.0	0.0	0.0	0.0	0.0	0.0	0.0	0.0	0.0	0.0	0.0	0.0
17.909377909870713	0.0	0.0	0.0	0.0	0.0	0.0	0.0	0.0	0.0	0.0	0.0	0.0	0.0
18.86174844717813	0.0	0.0	0.0	0.0	0.0	0.0	0.0	0.0	0.0	0.0	0.0	0.0	0.0
19.876807187563053	0.0	0.0	0.0	0.0	0.0	0.0	0.0	0.0	0.0	0.0	0.0	0.0	0.0
20.95886508697489	0.0	0.0	0.0	0.0	0.0	0.0	0.0	0.0	0.0	0.0	0.0	0.0	0.0
22.112533420958293	0.0	0.0	0.0	0.0	0.0	0.0	0.0	0.0	0.0	0.0	0.0	0.0	0.0
23.342747779990308	0.0	0.0	0.0	0.0	0.0	0.0	0.0	0.0	0.0	0.0	0.0	0.0	0.0
24.65479476573766	0.0	0.0	0.0	0.0	0.0	0.0	0.0	0.0	0.0	0.0	0.0	0.0	0.0
26.054341760794294	0.0	0.0	0.0	0.0	0.0	0.0	0.0	0.0	0.0	0.0	0.0	0.0	0.0
27.54747019392049	0.0	0.0	0.0	0.0	0.0	0.0	0.0	0.0	0.0	0.0	0.0	0.0	0.0
29.140712779720214	0.0	0.0	0.0	0.0	0.0	0.0	0.0	0.0	0.0	0.0	0.0	0.0	0.0
30.841095277714768	0.0	0.0	0.0	0.0	0.0	0.0	0.0	0.0	0.0	0.0	0.0	0.0	0.0
32.65618339287328	0.0	0.0	0.0	0.0	0.0	0.0	0.0	0.0	0.0	0.0	0.0	0.0	0.0
34.594135530242696	0.0	0.0	0.0	0.0	0.0	0.0	0.0	0.0	0.0	0.0	0.0	0.0	0.0
36.66376222327554	0.0	0.0	0.0	0.0	0.0	0.0	0.0	0.0	0.0	0.0	0.0	0.0	0.0
38.87459318226188	0.0	0.0	0.0	0.0	0.0	0.0	0.0	0.0	0.0	0.0	0.0	0.0	0.0
41.23695306015637	0.0	0.0	0.0	0.0	0.0	0.0	0.0	0.0	0.0	0.0	0.0	0.0	0.0
43.76204721317668	0.0	0.0	0.0	0.0	0.0	0.0	0.0	0.0	0.0	0.0	0.0	0.0	0.0
46.46205894908302	0.0	0.0	0.0	0.0	0.0	0.0	0.0	0.0	0.0	0.0	0.0	0.0	0.0
49.35026001472542	0.0	0.0	0.0	0.0	0.0	0.0	0.0	0.0	0.0	0.0	0.0	0.0	0.0
52.441136385739746	0.0	0.0	0.0	0.0	0.0	0.0	0.0	0.0	0.0	0.0	0.0	0.0	0.0
55.75053179699194	0.0	0.0	0.0	0.0	0.0	0.0	0.0	0.0	0.0	0.0	0.0	0.0	0.0
59.29581190721382	0.0	0.0	0.0	0.0	0.0	0.0	0.0	0.0	0.0	0.0	0.0	0.0	0.0
63.09605254377879	0.0	0.0	0.0	0.0	0.0	0.0	0.0	0.0	0.0	0.0	0.0	0.0	0.0
67.1722561471988	0.0	0.0	0.0	0.0	0.0	0.0	0.0	0.0	0.0	0.0	0.0	0.0	0.0
71.54760135945686	0.0	0.0	0.0	0.0	0.0	0.0	0.0	0.0	0.0	0.0	0.0	0.0	0.0
76.2477317122182	0.0	0.0	0.0	0.0	0.0	0.0	0.0	0.0	0.0	0.0	0.0	0.0	0.0
81.30109061991138	0.0	0.0	0.0	0.0	0.0	0.0	0.0	0.0	0.0	0.0	0.0	0.0	0.0
86.73931143354477	0.0	0.0	0.0	0.0	0.0	0.0	0.0	0.0	0.0	0.0	0.0	0.0	0.0
92.59767324110678	0.0	0.0	0.0	0.0	0.0	0.0	0.0	0.0	0.0	0.0	0.0	0.0	0.0
98.91563551541361	0.0	0.0	0.0	0.0	0.0	0.0	0.0	0.0	0.0	0.0	0.0	0.0	0.0
105.73746775777647	0.0	0.0	0.0	0.0	0.0	0.0	0.0	0.0	0.0	0.0	0.0	0.0	0.0
113.11299414704447	0.0	0.0	0.0	0.0	0.0	0.0	0.0	0.0	0.0	0.0	0.0	0.0	0.0
121.09847810137613	0.0	0.0	0.0	0.0	0.0	0.0	0.0	0.0	0.0	0.0	0.0	0.0	0.0
129.75767795990592	0.0	0.0	0.0	0.0	0.0	0.0	0.0	0.0	0.0	0.0	0.0	0.0	0.0
139.16311312232625	0.0	0.0	0.0	0.0	0.0	0.0	0.0	0.0	0.0	0.0	0.0	0.0	0.0
149.39759054710711	0.0	0.0	0.0	0.0	0.0	0.0	0.0	0.0	0.0	0.0	0.0	0.0	0.0
160.55605532908464	0.0	0.0	0.0	0.0	0.0	0.0	0.0	0.0	0.0	0.0	0.0	0.0	0.0
172.7478473330437	0.0	0.0	0.0	0.0	0.0	0.0	0.0	0.0	0.0	0.0	0.0	0.0	0.0
186.0994701409189	0.0	0.0	0.0	0.0	0.0	0.0	0.0	0.0	0.0	0.0	0.0	0.0	0.0
200.75801116902844	0.0	0.0	0.0	0.0	0.0	0.0	0.0	0.0	0.0	0.0	0.0	0.0	0.0
216.89539598212644	0.0	0.0	0.0	0.0	0.0	0.0	0.0	0.0	0.0	0.0	0.0	0.0	0.0
234.71372028313704	0.0	0.0	0.0	0.0	0.0	0.0	0.0	0.0	0.0	0.0	0.0	0.0	0.0
254.4519866927514	0.0	0.0	0.0	0.0	0.0	0.0	0.0	0.0	0.0	0.0	0.0	0.0	0.0
276.3946904355236	0.0	0.0	0.0	0.0	0.0	0.0	0.0	0.0	0.0	0.0	0.0	0.0	0.0
300.88286379814474	0.0	0.0	0.0	0.0	0.0	0.0	0.0	0.0	0.0	0.0	0.0	0.0	0.0
327.5404626394059	0.0	0.0	0.0	0.0	0.0	0.0	0.0	0.0	0.0	0.0	0.0	0.0	0.0
356.55740264697766	0.0	0.0	0.0	0.0	0.0	0.0	0.0	0.0	0.0	0.0	0.0	0.0	0.0
388.1427655270791	0.0	0.0	0.0	0.0	0.0	0.0	0.0	0.0	0.0	0.0	0.0	0.0	0.0
422.5242472564945	0.0	0.0	0.0	0.0	0.0	0.0	0.0	0.0	0.0	0.0	0.0	0.0	0.0
459.94982442970013	0.0	0.0	0.0	0.0	0.0	0.0	0.0	0.0	0.0	0.0	0.0	0.0	0.0
500.68956874906576	1.2621973642582025e+34	2.416588743114443e+28	1.326402431812029e+28	6.804175311270259e+27	4.323051521002377e+27	2.301391271814193e+27	5.683571113507436e+26	2.777668742029725e+26	1.0406378544406591e+26	8.047518594149937e+27	3.76906493197034e+27	2.301391271814193e+27	1.5067877236276534e+27
545.0376234670567	3.9488488351593895e+36	8.530209460540993e+30	4.682419031653338e+30	2.4021749439583627e+30	1.5262959476841592e+30	8.125705247499486e+29	2.006907219137832e+29	9.80842055909673e+28	3.6747797378861076e+28	2.8410785747496216e+30	1.3307216142911214e+30	8.125705247499486e+29	5.320288632890313e+29
593.3143558966876	4.807401255591133e+38	1.110515556213574e+33	6.096168490172059e+32	3.1275974605047445e+32	1.9872657446931018e+32	1.0580129556459709e+32	2.6132288676195832e+31	1.2771927662020312e+31	4.785156567422353e+30	3.699005343510851e+32	1.732636297477123e+32	1.0580129556459709e+32	6.927431982041705e+31
645.8687014198213	2.2263782478204047e+40	5.981506736180138e+34	3.283930204673439e+34	1.684975721617809e+34	1.0706918556209082e+34	5.700715925494906e+33	1.4081967302553546e+33	6.882706868478292e+32	2.578793090083153e+32	1.9927700240485186e+34	9.335186642170071e+33	5.700715925494906e+33	3.732737707875982e+33
703.0807164352958	5.411652267616489e+41	1.6162365360285696e+36	8.874124539074533e+35	4.553640565520481e+35	2.8936661276530007e+35	1.5407605211030689e+35	3.8063065233301136e+34	1.8604246181140233e+34	6.970791683150868e+33	5.385357705758202e+35	2.522969930046565e+35	1.5407605211030689e+35	1.0088938714975053e+35
765.3643584415108	7.00331458716905e+42	2.4060584766022695e+37	1.3212295136008638e+37	6.780438188627519e+36	4.308969590731217e+36	2.294511747981699e+36	5.669004515886332e+35	2.770972477590375e+35	1.03829297937308e+35	8.018680293480387e+36	3.7570259273089817e+36	2.294511747981699e+36	1.5025106869003503e+36
833.1705136247143	5.961605128583583e+43	2.212014289028491e+38	1.2147566716419738e+38	6.234406179227237e+37	3.9621009869499024e+37	2.109888620089769e+37	5.2131866946229417e+36	2.5482287025534918e+36	9.54852210993031e+35	7.372829043821628e+37	3.454620497154422e+37	2.109888620089769e+37	1.3816449230903013e+37
906.9902952940059	3.2331727347540312e+44	1.2324463141472854e+39	6.768301835111559e+38	3.473720020936666e+38	2.207651311632663e+38	1.1756296232284056e+38	2.904851185278231e+37	1.419915321752953e+37	5.320638470888742e+36	4.108012332506102e+38	1.9248935274693117e+38	1.1756296232284056e+38	7.69858375601297e+37
987.3586430890883	8.478708576217208e+44	3.3839297463380056e+39	1.8584505286047168e+39	9.538547229509284e+38	6.06215403736263e+38	3.228326989500647e+38	7.97714683883797e+37	3.8993489547648907e+37	1.4611660416650451e+37	1.1280164680755154e+39	5.285738566483689e+38	3.228326989500647e+38	2.1140913180268017e+38
1074.8582540793143	1.0450956146226818e+45	4.462345444122258e+39	2.450867579391075e+39	1.2579846110304698e+39	7.995280149203308e+38	4.257944813522375e+38	1.0521924915510384e+38	5.143380680553867e+37	1.92737135481361e+37	1.4876574480510712e+39	6.971337735304176e+38	4.257944813522375e+38	2.7884003751454747e+38
1170.1238470773678	1.0404341623056182e+45	4.983504301230938e+39	2.7374054407807415e+39	1.4051975953077054e+39	8.931405206791533e+38	4.756790225523907e+38	1.1755834198902428e+38	5.746755515801219e+37	2.1535541308044926e+37	1.661709650729218e+39	7.78769266787323e+38	4.756790225523907e+38	3.1151916299162958e+38
1273.8467899270547	1.1648655098571837e+45	6.462629569940873e+39	3.55040299917198e+39	1.8227768601437958e+39	1.1586392806549912e+39	6.1713467182101105e+38	1.5253832775783903e+38	7.457092067547864e+37	2.7946315643630252e+37	2.1554500915578824e+39	1.0102901166417968e+39	6.1713467182101105e+38	4.0417718062518305e+38
1386.7801583219393	1.3196866210169566e+45	8.836667698211204e+39	4.855607702286999e+39	2.4933158943487886e+39	1.5850237684460338e+39	8.443415558684797e+38	2.087361848701546e+38	1.020509368539233e+38	3.824738656762388e+37	2.948246663397966e+39	1.38211949902549e+39	8.443415558684797e+38	5.5301702187161035e+38
1509.7442559132378	1.2340423583716913e+45	1.0485561110963784e+40	5.763214540234169e+39	2.96008727908128e+39	1.882012619223802e+39	1.002706707876856e+39	2.4794944109583036e+38	1.2123317885118829e+38	4.544087694316592e+37	3.4999882008908136e+39	1.641151321247776e+39	1.002706707876856e+39	6.567998418361397e+38
1643.6325997103643	1.1792703143749291e+45	1.2816257791002653e+40	7.046396616861128e+39	3.620145343605351e+39	2.3020298703033942e+39	1.2267043525280437e+39	3.0342568186556073e+38	1.483729184307704e+38	5.561927111789485e+37	4.2801657522582364e+39	2.0074990615497244e+39	1.2267043525280437e+39	8.036049750303465e+38
1789.4184402986682	1.0555000859258039e+45	1.5199278321851115e+40	8.35978159651138e+39	4.296382952726192e+39	2.7325723104492624e+39	1.456456880662892e+39	3.603828851925791e+38	1.7624686814757665e+38	6.6076781543884635e+37	5.07929201551207e+39	2.3830818098715052e+39	1.456456880662892e+39	9.542339443494077e+38
1948.1618663522702	8.91726591226473e+44	1.7676621386154103e+40	9.727039188987969e+39	5.0012285115987386e+39	3.181638986259547e+39	1.6962861465030884e+39	4.199134358698908e+38	2.0539328092017748e+38	7.70167637458181e+37	5.911988207407217e+39	2.7748980733326364e+39	1.6962861465030884e+39	1.111539841470673e+39
2121.017533024483	7.088002755183447e+44	2.008055413107447e+40	1.1056567493749066e+40	5.687907503106094e+39	3.6195890789313726e+39	1.930460879006604e+39	4.7815135019238e+38	2.339261221028272e+38	8.773392649521298e+37	6.722873605032054e+39	3.1571239639497934e+39	1.930460879006604e+39	1.2652407490040166e+39
2309.2430782823844	5.517054226632149e+44	2.2541503423647996e+40	1.2420393392937869e+40	6.393573401928862e+39	4.070102118605676e+39	2.171632959246723e+39	5.382394178932933e+38	2.633845429733239e+38	9.88061540371289e+37	7.55583458920346e+39	3.5504222655943207e+39	2.171632959246723e+39	1.4236372631257422e+39
2514.208295580429	4.281338943675459e+44	2.5110897961451604e+40	1.3847136151012585e+40	7.133091115588912e+39	4.5426890721351744e+39	2.424907055996973e+39	6.014548141809638e+38	2.9439563678410535e+38	1.1046951942071574e+38	8.428401892312351e+39	3.9631010975982364e+39	2.424907055996973e+39	1.5900869569438454e+39
2737.4051313226814	2.9978752021007087e+44	2.7038883994157635e+40	1.4926493168283444e+40	7.696581516265407e+39	4.9042189999670884e+39	2.619545388457189e+39	6.503817060485566e+38	3.1845743930358805e+38	1.1954250802591632e+38	9.092180494705261e+39	4.2791417734157606e+39	2.619545388457189e+39	1.7183258541840095e+39
2980.4585648721313	2.035952036969652e+44	2.862353680348864e+40	1.5822099792069187e+40	8.16800835537765e+39	5.2080486458906534e+39	2.783959935387044e+39	6.920402486376602e+38	3.3900152239024216e+38	1.2731102351957454e+38	9.646470163232391e+39	4.5450661871479836e+39	2.783959935387044e+39	1.826959133650284e+39
3245.138462610131	1.4301497309912877e+44	3.0277946637907695e+40	1.6760487796450962e+40	8.663490076116393e+39	5.52792435109835e+39	2.957392121171565e+39	7.361150448064392e+38	3.607598488385701e+38	1.3554745994237647e+38	1.0228631319142039e+40	4.82516334951472e+39	2.957392121171565e+39	1.9416730049530647e+39
3533.3725007440044	1.0620183393820785e+44	3.2169038133868485e+40	1.7833152431986913e+40	9.229908664615911e+39	5.893614919508113e+39	3.1556790659348634e+39	7.86513499067676e+38	3.856414298640459e+38	1.449667901433983e+38	1.0894126871468139e+40	5.145383166588588e+39	3.1556790659348634e+39	2.0728328393889883e+39
3847.2602427632337	8.322057649481398e+43	3.430025454496049e+40	1.904174231933285e+40	9.86800196357008e+39	6.305551527267587e+39	3.3790275225707753e+39	8.432779615926126e+38	4.1366547805951316e+38	1.5557564370658656e+38	1.1643858579759962e+40	5.506092689384677e+39	3.3790275225707753e+39	2.2205657494820994e+39
4189.088469993875	6.759741647114527e+43	3.6514375227363293e+40	2.029949985415851e+40	1.0533055873982801e+40	6.735251422274094e+39	3.612229779522619e+39	9.026354088960065e+38	4.429850746186174e+38	1.6668094085981487e+38	1.2424998264561788e+40	5.882441743368591e+39	3.612229779522619e+39	2.3748984782061595e+39
4561.347876323706	5.59405095570333e+43	3.8611261199473365e+40	2.1495757107099997e+40	1.1167928257406866e+40	7.146277768922169e+39	3.835808072362517e+39	9.597443062854442e+38	4.7122866816883186e+38	1.7739211018293424e+38	1.3170062990162442e+40	6.24263157274284e+39	3.835808072362517e+39	2.523048930006067e+39
4966.751249266572	4.672987404574519e+43	4.044655996476473e+40	2.2550187737383683e+40	1.1730911966314836e+40	7.511953755966601e+39	4.035451461828087e+39	1.0110276695397798e+39	4.966407049978666e+38	1.870485777561418e+38	1.382986078340989e+40	6.563361566729154e+39	4.035451461828087e+39	2.6556071676603582e+39
5408.253270828543	3.931145709726071e+43	4.1962813900600057e+40	2.3430264402719603e+40	1.2204867527537343e+40	7.821228640306411e+39	4.20517799293955e+39	1.0549695123144033e+39	5.184735826958832e+38	1.953676644062375e+38	1.4384243674095247e+40	6.834958771084588e+39	4.20517799293955e+39	2.7686202916123956e+39
5889.0720833637415	3.3775309081703146e+43	4.3176165558322377e+40	2.414448822853587e+40	1.2593998910859852e+40	8.076719721234823e+39	4.346348976604216e+39	1.0918940802961492e+39	5.368837739618277e+38	2.02407238616981e+38	1.4838225775387178e+40	7.059692536428882e+39	4.346348976604216e+39	2.862968156885291e+39
6412.712778906642	3.4051210975741586e+43	4.411721798299025e+40	2.4709956679640004e+40	1.290724212803971e+40	8.284170790005473e+39	4.4620665539301696e+39	1.12258685706486e+39	5.52258820493763e+38	2.0831396836531933e+38	1.5202328177439234e+40	7.24258720441087e+39	4.4620665539301696e+39	2.9406992667928125e+39
6982.992991616249	4.45395764484839e+43	4.469210057359317e+40	2.507463527035119e+40	1.3117752666353335e+40	8.426494672197592e+39	4.543226039567717e+39	1.1448022511788946e+39	5.6350267472676986e+38	2.126779631979496e+38	1.5444833927071926e+40	7.368740303422938e+39	4.543226039567717e+39	2.9958529518770085e+39
7604.0707920906125	2.5361396262209193e+43	4.473910791979874e+40	2.514498028484069e+40	1.317577125605713e+40	8.471568673531485e+39	4.5724767918058134e+39	1.154193429791494e+39	5.6848560450208444e+38	2.147004067722445e+38	1.550732886862742e+40	7.410038744514815e+39	4.5724767918058134e+39	3.016997491393204e+39
8280.474984461707	1.7036979600515093e+43	4.507189007926622e+40	2.5346788836468474e+40	1.3287342646857484e+40	8.545175018423866e+39	4.613339853751543e+39	1.1650616587026042e+39	5.739797611650642e+38	2.1684761871023763e+38	1.5637161840107083e+40	7.474854713673855e+39	4.613339853751543e+39	3.0444065996881107e+39
9017.138141980493	1.4510000558651604e+43	4.587677761710516e+40	2.584567328496392e+40	1.3570292586957242e+40	8.734719348854863e+39	4.720254524831749e+39	1.1936942324153933e+39	5.883123518075608e+38	2.223301965190008e+38	1.596438351882244e+40	7.642441308069541e+39	4.720254524831749e+39	3.1165749855556114e+39
9819.432628463204	1.2341404468688423e+43	4.663458260071865e+40	2.6323323343403795e+40	1.3844713411777565e+40	8.919818339570716e+39	4.825544635368202e+39	1.2224134625656105e+39	6.0283127705873555e+38	2.2795890955696827e+38	1.628083663140807e+40	7.806409928240312e+39	4.825544635368202e+39	3.1880341908740535e+39
10693.209815027758	1.0470560029246123e+43	4.732340309039163e+40	2.676793028038373e+40	1.4104570396711395e+40	9.096559802687867e+39	4.9269593785891703e+39	1.2504123884861064e+39	6.170411396519352e+38	2.3348883181691563e+38	1.6579397174013828e+40	7.963310362064587e+39	4.9269593785891703e+39	3.257173802736872e+39
11644.842786088013	8.84728636315083e+42	4.791331231306386e+40	2.7163313274965594e+40	1.4341708435552383e+40	9.259822884783026e+39	5.021814176447367e+39	1.2770466178245429e+39	6.306305909371195e+38	2.3880477458034844e+38	1.6850376955661866e+40	8.108693358489906e+39	5.021814176447367e+39	3.3222527320960937e+39
12681.272852858474	7.432519652075194e+42	4.836905703606429e+40	2.74903303521308e+40	1.45464441576723e+40	9.403514626225275e+39	5.1069073197968885e+39	1.3015447805308615e+39	6.432264400136092e+38	2.4376848122148697e+38	1.7082281964651095e+40	8.237262107608688e+39	5.1069073197968885e+39	3.381191777906453e+39
13810.06021380841	6.19819118595787e+42	4.865499676200671e+40	2.7729571397427564e+40	1.47089404212181e+40	9.521441133807484e+39	5.178982620954338e+39	1.3231224524975552e+39	6.5444928773908304e+38	2.4823945694325925e+38	1.7263439789445128e+40	8.343631312732648e+39	5.178982620954338e+39	3.431876186230696e+39
15039.439131793937	5.1251415809416716e+42	4.874026314737097e+40	2.7864173447752294e+40	1.4820643995787133e+40	9.608219028760067e+39	5.235213570985399e+39	1.3411014085507873e+39	6.639717677120831e+38	2.520967759925924e+38	1.7383701664457104e+40	8.423121403600159e+39	5.235213570985399e+39	3.472472308698857e+39
16378.378030591872	4.199840425477224e+42	4.860252220930532e+40	2.788187061882385e+40	1.4875331280125915e+40	9.65993809089033e+39	5.273555193344753e+39	1.3549962641760788e+39	6.715608613610082e+38	2.5525492713960027e+38	1.743568075013101e+40	8.472335885407788e+39	5.273555193344753e+39	3.5016576947195015e+39
17836.644949488586	3.411133539318044e+42	4.822966301843811e+40	2.7775906455995454e+40	1.4869570770315912e+40	9.67445347916988e+39	5.2928988157269533e+39	1.364552506866501e+39	6.7709646964926405e+38	2.5767076964328604e+38	1.7415300490068973e+40	8.489415773008963e+39	5.2928988157269533e+39	3.5187221995195763e+39
19424.87883369527	2.7479292846847672e+42	4.761961771492587e+40	2.754491988471655e+40	1.4802658765023866e+40	9.651343240203734e+39	5.2930486726888077e+39	1.36974055640825e+39	6.80568504448028e+38	2.593424461569024e+38	1.7321719996751705e+40	8.474002205448741e+39	5.2930486726888077e+39	3.5235524582797366e+39
21154.667180952318	2.198116087012393e+42	4.677895629489552e+40	2.7192157051867174e+40	1.4676208554417654e+40	9.591645449886298e+39	5.274581104001551e+39	1.3707208209245787e+39	6.82059807716773e+38	2.6030298816932165e+38	1.715684978160877e+40	8.427006891413217e+39	5.274581104001551e+39	3.516539472492268e+39
23038.630611063923	1.7485035706453224e+42	4.572093399176942e+40	2.6724380823066793e+40	1.4493583523695808e+40	9.497495854785177e+39	5.2386506087668146e+39	1.367795584295058e+39	6.817226317678902e+38	2.6061150898069144e+38	1.692468314495004e+40	8.350295731962015e+39	5.2386506087668146e+39	3.4984513495155954e+39
25090.5149756141	1.3853638570800103e+42	4.446349697232766e+40	2.615075585317707e+40	1.425931667292672e+40	9.371756488955648e+39	5.1867908689514517e+39	1.3613595835787058e+39	6.797544718949703e+38	2.6034415225607053e+38	1.663061180178559e+40	8.246364483826468e+39	5.1867908689514517e+39	3.470302675350463e+39
27325.291680129707	1.0951688358489203e+42	4.302753897673832e+40	2.5481870755281325e+40	1.3978599540222282e+40	9.217687983506066e+39	5.120738784021556e+39	1.3518561878641655e+39	6.7637662647530236e+38	2.5958605962660876e+38	1.6280823883109506e+40	8.118052418589144e+39	5.120738784021556e+39	3.433238868546097e+39
29759.266950880203	8.652511713130476e+41	4.143552959249996e+40	2.472896505889978e+40	1.365687555106246e+40	9.038687856774677e+39	5.0422933812173226e+39	1.3397421018513621e+39	6.718169117420579e+38	2.584248914899126e+38	1.5881825683484123e+40	7.968313412329693e+39	5.0422933812173226e+39	3.388443278477992e+39
32410.20084377579	6.842609732837013e+41	3.9710524317504653e+40	2.3903368521183037e+40	1.3299542136713907e+40	8.838097619031737e+39	4.9532111262976316e+39	1.3254609682224933e+39	6.66296713184851e+38	2.5694596889225417e+38	1.5440092203001687e+40	7.800046946768357e+39	4.9532111262976316e+39	3.3370680260998526e+39
35297.43686392146	5.42396399959213e+41	3.7875508267579105e+40	2.301612892099931e+40	1.2911750012193406e+40	8.619071427959636e+39	4.855133798169946e+39	1.3094249211704454e+39	6.600219098201656e+38	2.552288625466303e+38	1.496183262645432e+40	7.615982706021711e+39	4.855133798169946e+39	3.2801860780674056e+39
38442.043141822964	4.314450174908982e+41	3.5953002381386365e+40	2.207779241997037e+40	1.2498282017240854e+40	8.384495269572117e+39	4.749543103009943e+39	1.2920026540589473e+39	6.53176968359415e+38	2.533451653966734e+38	1.4452849758967392e+40	7.41860918086688e+39	4.749543103009943e+39	3.218760746268411e+39
41866.96619658545	3.446935992642022e+41	3.3964857946778793e+40	2.1098299456662162e+40	1.206349356648506e+40	8.136945463118517e+39	4.6377361277786804e+39	1.2735125471199592e+39	6.4592149580904e+38	2.5135718187207247e+38	1.391847196483931e+40	7.210136547863474e+39	4.6377361277786804e+39	3.15362875836492e+39
45597.19840831115	2.767622680865965e+41	3.193217164043648e+40	2.0086963043338107e+40	1.1611298990786552e+40	7.878676771228272e+39	4.5208165461680796e+39	1.2542196044850399e+39	6.3838863829012515e+38	2.493173040651012e+38	1.3363538742695252e+40	6.992485394912516e+39	4.5208165461680796e+39	3.085493581849275e+39
49659.96042195941	2.234069709596989e+41	2.9875262539564475e+40	1.9052501516821822e+40	1.1145190935895155e+40	7.611632301804041e+39	4.3996975350053786e+39	1.2343352120487135e+39	6.306848419423329e+38	2.4726789294803417e+38	1.2792424418192838e+40	6.767294540286249e+39	4.3996975350053786e+39	3.014926374802966e+39
54084.899813909375	1.813201829417381e+41	2.781366191326359e+40	1.8003102454243775e+40	1.0668282543097015e+40	7.337469091668154e+39	4.2751133031916965e+39	1.2140189667312709e+39	6.2289060866828e+38	2.4524152646824842e+38	1.2209087401548574e+40	6.53594269403268e+39	4.2751133031916965e+39	2.942372563316811e+39
58904.30747115896	1.4794743247859156e+41	2.576607540748103e+40	1.6946497932264964e+40	1.0183363944284399e+40	7.05759448052151e+39	4.147636824165302e+39	1.1933820052125665e+39	6.150619663635743e+38	2.4326150884025714e+38	1.1617134553759552e+40	6.299579790164847e+39	4.147636824165302e+39	2.8681625069327885e+39
64153.35326236841	1.2132808622672523e+41	2.3750286571994724e+40	1.5890033846843366e+40	9.692965684272712e+39	6.773209110959246e+39	4.017701786473599e+39	1.1724913725813737e+39	6.072324283126282e+38	2.413425558718178e+38	1.101989148340061e+40	6.059164466143571e+39	4.017701786473599e+39	2.792525001510489e+39
69870.34272075683	9.996278657373255e+40	2.1782982277815254e+40	1.4840718387434308e+40	9.19942230878316e+39	6.48535277140134e+39	3.885627002952041e+39	1.1513750336629834e+39	5.9941524680778365e+38	2.3949158235431595e+38	1.0420470405883201e+40	5.815504504745811e+39	3.885627002952041e+39	2.7156025258746924e+39
76096.99661221352	8.270638695894566e+40	1.9879495934704665e+40	1.3805237963718078e+40	8.704929945515205e+39	6.194949571661435e+39	3.7516416636499863e+39	1.1300271692142406e+39	5.9160578488375675e+38	2.3770852427297686e+38	9.821828059541135e+39	5.569297284802784e+39	3.7516416636499863e+39	2.6374672386402008e+39
82878.75542901074	6.868344886172642e+40	1.8053483400972123e+40	1.2789933562512827e+40	8.211592586311072e+39	5.902849294485076e+39	3.615909973851869e+39	1.1084134378200224e+39	5.837838480946164e+38	2.359871348446064e+38	9.226807489748542e+39	5.3211675723769685e+39	3.615909973851869e+39	2.5581368342353514e+39
90265.11103142124	5.722271954188174e+40	1.631656704400137e+40	1.1800736942987825e+40	7.721453235632275e+39	5.609862383502156e+39	3.4785539832659356e+39	1.0864759474445243e+39	5.7591584805196824e+38	2.343157039200163e+38	8.638159608894207e+39	5.071700481563887e+39	3.4785539832659356e+39	2.477589536728066e+39
98309.96785767953	4.780702251945497e+40	1.4678000814727688e+40	1.084307350271592e+40	7.236508038494798e+39	5.316786878432228e+39	3.339673775889384e+39	1.0641377690034921e+39	5.679567118901522e+38	2.3267766556335938e+38	8.058543174259484e+39	4.8214681206412393e+39	3.339673775889384e+39	2.3957777429210235e+39
107072.03633852531	4.0035342654601256e+40	1.3144417987752613e+40	9.921745870082985e+39	6.758703768444209e+39	5.024426631450011e+39	3.1993646320240595e+39	1.0413069380205747e+39	5.598515077467183e+38	2.3105207918211284e+38	7.490504924800917e+39	4.571049267752742e+39	3.1993646320240595e+39	2.3126401133139784e+39
116615.26138760961	3.359436987118333e+40	1.171971843065491e+40	9.040817482392008e+39	6.289921178828083e+39	4.7336010938169766e+39	3.057731173379047e+39	1.0178800027634247e+39	5.515368135168047e+38	2.294139910920306e+38	6.936444449098933e+39	4.3210421858443946e+39	3.057731173379047e+39	2.228112173529696e+39
127009.28909503808	2.823726697623624e+40	1.0405132932555127e+40	8.203517404678375e+39	5.831948491057694e+39	4.445147779638534e+39	2.9148988237830625e+39	9.937452798228099e+38	5.429419111095724e+38	2.2773470480087006e+38	6.398570584031361e+39	4.0720713328509166e+39	2.9148988237830625e+39	2.142135704890835e+39
138329.9750301472	2.3767885948677377e+40	9.199471262277183e+39	7.412185481185726e+39	5.3864503948540284e+39	4.1599190510078295e+39	2.771023076698882e+39	9.687860434952968e+38	5.3398992778429996e+38	2.2598200462530377e+38	5.878857316126278e+39	3.824789127900361e+39	2.771023076698882e+39	2.054667306902395e+39
150659.93786328714	2.0029051062263982e+40	8.099526124273377e+39	6.668270916464699e+39	4.954938405562456e+39	3.8787752268469615e+39	2.6262971110968916e+39	9.428839074450091e+38	5.245990713030313e+38	2.2412038903382627e+38	5.37900726108892e+39	3.5798741942315755e+39	2.6262971110968916e+39	1.9656865319491307e+39
164089.1623471375	1.6893850162693406e+40	7.100576292251996e+39	5.972388392352801e+39	4.538748129216296e+39	3.6025761866839635e+39	2.4809582530347752e+39	9.159226478690104e+38	5.146841115932414e+38	2.2211137530317878e+38	4.9004296727674346e+39	3.338027622432721e+39	2.4809582530347752e+39	1.8752039234089457e+39
178715.65605832712	1.4259133482019108e+40	6.196917179847251e+39	5.3244256615942834e+39	4.1390279020016816e+39	3.332173651428569e+39	2.335293709337155e+39	8.877926774417364e+38	5.041582525292831e+38	2.199139371323885e+38	4.4442376395914464e+39	3.0999688360124704e+39	2.335293709337155e+39	1.783269177597511e+39
194646.1646924876	1.2040621266199427e+40	5.382349469699092e+39	4.7236873051128557e+39	3.756741255012058e+39	3.068406024871881e+39	2.1896458826232278e+39	8.58396303955716e+38	4.929355098666732e+38	2.1748513037299293e+38	4.0112657144527845e+39	2.866432483132355e+39	2.1896458826232278e+39	1.689979495514919e+39
211996.95113321493	1.016917732066282e+40	4.650573966871971e+39	4.1690531190243676e+39	3.392682747840284e+39	2.8120968792574953e+39	2.0444173439930032e+39	8.276537846484197e+38	4.8093365792021225e+38	2.1478094605306186e+38	3.6021050585723003e+39	2.6381672505232446e+39	2.0444173439930032e+39	1.595487964220195e+39
230894.6439808569	8.587925940465914e+39	3.9954672186188765e+39	3.659128324564571e+39	3.0475036160831997e+39	2.5640569990639185e+39	1.9000752521165167e+39	7.955100469035856e+38	4.6807774233873574e+38	2.1175740969601394e+38	3.2171493686004525e+39	2.4159366811303816e+39	1.9000752521165167e+39	1.500011575033243e+39
251477.16173398544	7.249980337530535e+39	3.4112383897734015e+39	3.1923662251455225e+39	2.7217408473593552e+39	2.3250882905009615e+39	1.7571545109895823e+39	7.61941752344745e+38	4.5430405907626824e+38	2.0837191333069788e+38	2.856642087459459e+39	2.2005208400162132e+39	1.7571545109895823e+39	1.4038381506358888e+39
273894.7193685537	6.116619945203156e+39	2.892487333755227e+39	2.767151475814481e+39	2.4158420249175618e+39	2.0959865212689184e+39	1.6162585043730447e+39	7.269642093724557e+38	4.395644065883062e+38	2.0458473495273833e+38	2.5207150178600923e+39	1.9927165617486397e+39	1.6162585043730447e+39	1.3073311849806535e+39
298310.92466110416	5.1558048501928467e+39	2.4341931786421562e+39	2.3818411407308368e+39	2.1301788655455764e+39	1.8775390858224252e+39	1.478055853394318e+39	6.906374871186927e+38	4.238303264465336e+38	2.0036066748691492e+38	2.2094104537796192e+39	1.7933332526770403e+39	1.478055853394318e+39	1.2109313866417933e+39
324903.97225737816	4.3409524503586137e+39	2.031663299534921e+39	2.0347690571581097e+39	1.865044999043543e+39	1.6705143296078887e+39	1.3432715693389541e+39	6.530710135024878e+38	4.0709698766911036e+38	1.956706564887632e+38	1.9226830376557237e+39	1.6031813052382013e+39	1.3432715693389541e+39	1.1151536993396705e+39
353867.94420106075	3.6499266895640465e+39	1.6804674116836382e+39	1.72422485324174e+39	1.6206375021077013e+39	1.475640487268413e+39	1.2126713422264206e+39	6.144259785902359e+38	3.8938635698532495e+38	1.9049333795243598e+38	1.6603825853988847e+39	1.4230512568138245e+39	1.2126713422264206e+39	1.0205788109314084e+39
385414.2264143752	3.064206006918124e+39	1.3763741259980466e+39	1.4484213891898135e+39	1.3970258387584993e+39	1.293574629490547e+39	1.0870385008909483e+39	5.7491500183936745e+38	3.70749328221339e+38	1.8481637288247892e+38	1.422223646763565e+39	1.2536836792940941e+39	1.0870385008909483e+39	9.278386322549714e+38
419773.05146850634	2.5682052932819645e+39	1.1153004514229365e+39	1.2054638278011485e+39	1.1941152391109488e+39	1.1248647312482744e+39	9.671444210704992e+38	5.347987871761473e+38	3.512665803765428e+38	1.7863750268031724e+38	1.2077506510661762e+39	1.0957321343105136e+39	9.671444210704992e+38	8.37595978147406e+38
457195.178903539	2.148730822825367e+39	8.932789889151592e+38	9.933303065077542e+38	1.0116129373288722e+39	9.699100158309565e+38	8.537143858550212e+38	4.9437976170344426e+38	3.310480360977185e+38	1.7196527524754678e+38	1.0163080772793261e+39	9.497234636784421e+38	8.537143858550212e+38	7.505194375323534e+38
497953.7253614907	1.794548661953535e+39	7.06443671355425e+38	8.098699134702548e+38	8.490052285256524e+38	8.289258483511792e+38	7.47392077481208e+38	4.53993020865815e+38	3.1023093388350735e+38	1.6481943174445337e+38	8.470236681265262e+38	8.16020971544995e+38	7.47392077481208e+38	6.672552354725857e+38
542346.1578894083	1.4960469497074617e+39	5.510319812655118e+38	6.528188829414561e+38	7.055507714855628e+38	7.019189340909415e+38	6.487064054289765e+38	4.139951153284096e+38	2.8897661828860875e+38	1.5723096239362609e+38	6.98809340597272e+38	6.947959432235441e+38	6.487064054289765e+38	5.8839837675921915e+38
590696.4649603887	1.2449730914596129e+39	4.2339999038441426e+38	5.198321137695552e+38	5.802921514718503e+38	5.886769143607319e+38	5.580443510758006e+38	3.747513852297903e+38	2.674662341288412e+38	1.4924185576570368e+38	5.703805606656478e+38	5.860117761348157e+38	5.580443510758006e+38	5.14465614285384e+38
643357.5210574392	1.034228276519781e+39	3.200458742663822e+38	4.085246313716584e+38	4.7208412264262356e+38	4.887739029787474e+38	4.756327657004908e+38	3.3662260378257313e+38	2.458955407936355e+38	1.4090456288680887e+38	4.602913070225833e+38	4.89422889360771e+38	4.756327657004908e+38	4.458726313816924e+38
700713.662077809	8.577041623642803e+38	2.3763777127922277e+38	3.1651685202449223e+38	3.796341660947473e+38	4.015908357759904e+38	4.015308304024517e+38	2.9995167593875486e+38	2.244690608530307e+38	1.3228118330211918e+38	3.669792886581776e+38	4.045881681370052e+38	4.015308304024517e+38	3.829173495021201e+38
763183.4903540949	7.101497421155197e+38	1.730426930680234e+38	2.41478302146567e+38	3.0154960185847463e+38	3.2634738205862257e+38	3.3563348166320907e+38	2.6505109973242152e+38	2.0339377257500663e+38	1.2344236739496274e+38	2.888152246482574e+38	3.3089660141068656e+38	3.3563348166320907e+38	3.257705966302743e+38
831222.9297642917	5.870596845476064e+38	1.233541607432643e+38	1.81166182870304e+38	2.3638551925997944e+38	2.6214095400252285e+38	2.776847838867408e+38	2.321918553508362e+38	1.828725637629673e+38	1.1446592447289721e+38	2.2415059104150497e+38	2.676013703027002e+38	2.776847838867408e+38	2.744745966669996e+38
905328.5532282613	4.845782145535662e+38	8.591690909611933e+37	1.3345709590426078e+38	1.8268887043973316e+38	2.0798808266227117e+38	2.2729915304372808e+38	2.015943077760425e+38	1.6309766980435804e+38	1.054351217322495e+38	1.7135976201350695e+38	2.138580549421334e+38	2.2729915304372808e+38	2.289489232705928e+38
986041.2068761548	3.9941491872615995e+38	5.834731610692561e+37	9.637189758500242e+37	1.39035839528852e+38	1.628640978671387e+38	1.839877664875576e+38	1.7342166179488284e+38	1.4424437576735343e+38	9.643668399484579e+37	1.2887445891334293e+38	1.6876293488753602e+38	1.839877664875576e+38	1.8900291876958627e+38
1073949.9573396654	3.2877026295087015e+38	3.854811156468021e+37	6.809449479870387e+37	1.0406131884908839e+38	1.257381433877325e+38	1.4718728093556718e+38	1.4777636617686278e+38	1.2646529092666396e+38	8.755852340387529e+37	9.521012036032014e+37	1.3138814709627315e+38	1.4718728093556718e+38	1.5435302019497354e+38
1169696.3909754404	2.70269511115188e+38	2.471580714027916e+37	4.698556107356823e+37	7.648074938654285e+37	9.560188720672378e+37	1.1628820847098782e+38	1.2469968418986478e+38	1.0988553270458666e+38	7.888726107752819e+37	6.898502418831405e+37	1.0081160026554321e+38	1.1628820847098782e+38	1.2464312519556398e+38
1273979.296398756	2.2190417776300495e+38	1.5339418996067553e+37	3.1591784091663724e+37	5.510544510899224e+37	7.149149926400006e+37	9.066081678583247e+37	1.0417440087938973e+38	9.459914532450006e+37	7.050563376662792e+37	4.893354529301738e+37	7.614069745317834e+37	9.066081678583247e+37	9.946604779838278e+37
1387559.7645034592	1.8198035134265e+38	9.189618384148573e+36	2.0650704411159693e+37	3.8852822551194456e+37	5.25033976199888e+37	6.967712419451492e+37	8.613036455643541e+37	8.06670233522295e+37	6.248990792812321e+37	3.3914923025477364e+37	5.652990914505088e+37	6.967712419451492e+37	7.838427592229017e+37
1511266.7431916501	1.4907329378217498e+38	5.298417416142032e+36	1.3090769426715706e+37	2.675280221815223e+37	3.780480774686378e+37	5.272830956758414e+37	7.045229803006814e+37	6.811650476353096e+37	5.490744401053895e+37	2.2918524321665343e+37	4.1192928562252533e+37	5.272830956758414e+37	6.094860231867359e+37
1646003.0873559327	1.219877586522723e+38	2.9306762290087266e+36	8.02611420396723e+36	1.7951233352749358e+37	2.6640350679041336e+37	3.9237540333690406e+37	5.698912389912716e+37	5.6942661292519945e+37	4.781456669912887e+37	1.5066070250967011e+37	2.9410493408973124e+37	3.9237540333690406e+37	4.671369946365744e+37
1792752.148272598	9.972348237163367e+37	1.5497980340390013e+36	4.745837881621003e+36	1.1710708977628627e+37	1.83357333619107e+37	2.866872565835404e+37	4.556395254131057e+37	4.711115600415263e+37	4.1254893410514836e+37	9.6108455328266e+36	2.053498341387877e+37	2.866872565835404e+37	3.52502389314688e+37
1952584.950502346	8.144531890707192e+37	7.806781333751979e+35	2.6980943846864415e+36	7.408763029394528e+36	1.2299287650486782e+37	2.0531981531158714e+37	3.598390221709614e+37	3.856238786552703e+37	3.5258252190946753e+37	5.93368416507301e+36	1.3992691538366431e+37	2.0531981531158714e+37	2.615363072058789e+37
2126668.008684995	6.645751270823524e+37	3.731168917601816e+35	1.4699833488797443e+36	4.533283091909021e+36	8.021731263428296e+36	1.4386649754371359e+37	2.804905011688812e+37	3.1216526747307286e+37	2.9840280973737654e+37	3.5355723083892636e+36	9.284336637167807e+36	1.4386649754371359e+37	1.9049806362275202e+37
2316271.841287609	5.418163806525529e+37	1.6848163601103915e+35	7.648047737446714e+35	2.675055395523527e+36	5.074225458427018e+36	9.842590039865599e+36	2.156002231977316e+37	2.4978981011674447e+37	2.5002746449718643e+37	2.0269917286072207e+36	5.984058129904319e+36	9.842590039865599e+36	1.3598654903983485e+37
2522780.243456069	4.41377505724861e+37	7.155096775844103e+34	3.78557995540866e+35	1.5176285657394532e+36	3.1046536458623906e+36	6.560232897552806e+36	1.6323964665508951e+37	1.974583170856437e+37	2.0734548913924232e+37	1.1145321433679074e+36	3.736900486268158e+36	6.560232897552806e+36	9.495736390737126e+36
2747700.386665874	3.5928358529899265e+37	2.8438372711714683e+34	1.7754085586107788e+35	8.250424761547917e+35	1.8320778833678854e+36	4.2496479690031e+36	1.2158881211414718e+37	1.5408840504011026e+37	1.7013323108936335e+37	5.856965653903394e+35	2.2547245351611432e+36	4.2496479690031e+36	6.472806017797863e+36
2992673.818910079	2.9224828048304195e+37	1.0522758051442332e+34	7.855215487976224e+34	4.2828051051293735e+35	1.0394889604222405e+36	2.6686853121642143e+36	8.896494590580403e+36	1.1859730199748042e+37	1.3807476102330405e+37	2.9307220997815232e+35	1.3105471088673807e+36	2.6686853121642143e+36	4.297499605189119e+36
3259488.445745706	2.3755902775840574e+37	3.604333179048261e+33	3.263475920693068e+34	2.114822621125708e+35	5.6520328750451795e+35	1.6201680232517673e+36	6.383908639513474e+36	8.993582856205679e+36	1.107847899249844e+37	1.3907952822769155e+35	7.314925871168926e+35	1.6201680232517673e+36	2.772366317035479e+36
3550091.579694099	1.9298030718266861e+37	1.1358930583918971e+33	1.2667211545189477e+34	9.893402334582362e+34	2.9346775693078617e+35	9.481244979849582e+35	4.4843766464059904e+36	6.711318748834958e+36	8.783207833119226e+36	6.232689313818672e+34	3.907414833765682e+35	9.481244979849582e+35	1.7332931891067464e+36
3866604.153309631	1.5667244288553992e+37	3.2719831813388636e+32	4.5688904785602543e+33	4.365620510095451e+34	1.4495698776835007e+35	5.3314980748612236e+35	3.0774573222557434e+36	4.921336333562358e+36	6.876154379560839e+36	2.6254901714402015e+34	1.990265511370823e+35	5.3314980748612236e+35	1.0473111077830758e+36
4211336.199754564	1.2712358605880917e+37	8.55404164322147e+31	1.5224477898347754e+33	1.8085756643074941e+34	6.783814297177787e+34	2.871130078881308e+35	2.0587634173079527e+36	3.5404563637245964e+36	5.3113604370930724e+36	1.0344690241629977e+34	9.628990894984632e+34	2.871130078881308e+35	6.097809660271389e+35
